et:1.6931471805599454
teal:1.6931471805599454
csn:1.6931471805599454
org:1.6931471805599454
eric:1.0
h:1.0
taylor:1.0
subject:1.0
electron:2.09861228866811
tesla:3.6390573296152584
coil:3.0794415416798357
summari:1.0
real:2.09861228866811
world:2.386294361119891
applic:2.09861228866811
keyword:1.0
osc:2.386294361119891
flyback:2.386294361119891
transform:2.791759469228055
wireless:1.6931471805599454
emi:2.09861228866811
ac:1.6931471805599454
ignit:1.0
nntp:1.0
post:1.0
host:1.0
organ:1.0
4:1.0
l:1.0
laboratori:1.0
distribut:1.0
expir:1.0
fri:1.0
30:1.0
apr:1.0
1993:1.0
06:1.0
00:1.6931471805599454
gmt:1.0
line:1.0
48:1.0
articl:1.6931471805599454
1993mar25:1.0
161909:1.0
8110:1.0
wuecl:1.0
wustl:1.6931471805599454
edu:2.09861228866811
dp:1.0
cec1:1.0
david:1.6931471805599454
prutchi:1.6931471805599454
write:1.6931471805599454
c4cntg:1.0
jv4:1.0
spk:1.6931471805599454
hp:1.6931471805599454
com:1.6931471805599454
long:1.6931471805599454
jerri:1.0
fred:1.0
w:1.0
culpepp:1.0
fculpepp:1.0
norfolk:1.0
vak12:1.0
wrote:1.0
coupl:1.0
year:2.09861228866811
ago:1.6931471805599454
put:1.6931471805599454
togeth:1.0
circuit:2.6094379124341005
publish:1.0
magazin:1.0
could:2.09861228866811
refer:1.6931471805599454
one:1.0
use:2.791759469228055
tv:1.6931471805599454
onto:1.0
wound:1.0
primari:1.0
wind:1.0
also:1.0
2:1.0
power:2.09861228866811
transistor:1.6931471805599454
3:1.0
10:1.0
built:1.0
1:2.09861228866811
000:1.6931471805599454
volt:1.0
thing:1.0
spectacular:1.0
besid:1.0
scare:1.0
amaz:1.0
friend:1.0
depend:1.0
knowledg:1.0
scienc:1.0
gener:2.386294361119891
strong:1.6931471805599454
never:1.0
found:1.0
anyth:1.0
done:1.0
today:1.6931471805599454
first:1.0
realiz:1.0
invent:1.0
motor:1.0
conductor:1.0
etc:1.0
technic:1.0
though:1.0
someon:1.0
mean:1.0
air:2.09861228866811
core:2.09861228866811
reson:1.6931471805599454
version:1.6931471805599454
see:1.0
encyclopedia:1.0
v3:1.0
106:1.0
diagram:1.0
class:1.0
call:1.0
oscil:1.0
shuttl:1.0
highli:1.0
effici:1.6931471805599454
resistor:1.6931471805599454
lossi:1.0
devic:1.0
typic:1.0
activ:1.0
reactanc:1.0
instead:1.0
passiv:1.0
achiev:1.0
99:1.0
5:1.0
better:1.0
usual:1.0
produc:1.0
broadcast:1.0
well:1.0
think:1.0
comput:1.0
screen:1.0
would:2.9459101490553135
work:1.0
remov:1.6931471805599454
hf:1.0
hv:1.0
home:1.0
industri:1.6931471805599454
light:1.0
go:2.09861228866811
dark:1.0
car:1.0
sputter:1.0
die:1.0
radio:1.0
silent:1.0
grind:1.0
halt:1.0
back:1.0
coal:1.0
heat:1.0
ga:1.0
lamp:1.0
hors:1.0
transport:1.0
steam:1.0
telegraph:1.0
commun:1.0
enough:1.0
get:1.0
messag:1.0
100:1.6931471805599454
convieni:1.0
give:1.0
credit:1.6931471805599454
due:1.0
edison:1.6931471805599454
still:1.0
19th:1.0
centuri:1.0
flame:1.0
peril:1.0
good:1.0
ahead:1.0
time:1.6931471805599454
perhap:1.0
come:1.0
