vanderbi:1.6931471805599454
mprgate:1.6931471805599454
mpr:2.09861228866811
ca:1.6931471805599454
david:2.09861228866811
vanderbyl:2.09861228866811
subject:1.0
hv:1.0
diod:1.0
nntp:1.0
post:1.6931471805599454
host:1.0
chip:1.0
repli:1.0
organ:1.0
teltech:1.0
ltd:1.0
line:1.0
15:1.0
articl:1.0
1pohuq:1.0
4sq:1.0
grouper:1.6931471805599454
mkt:1.6931471805599454
csd:1.6931471805599454
harri:1.6931471805599454
com:1.6931471805599454
wdh:1.0
w:1.0
higgin:1.6931471805599454
write:1.0
believ:1.0
thing:1.0
need:1.0
correct:1.6931471805599454
mr:2.09861228866811
attitud:1.0
nope:1.0
myer:1.0
found:1.0
bad:1.0
mistak:1.0
thank:1.0
god:1.0
act:1.6931471805599454
child:1.0
gain:1.0
favor:1.0
make:1.6931471805599454
posit:1.6931471805599454
impress:2.09861228866811
anybodi:1.0
ghod:1.0
know:1.0
one:1.0
oh:1.0
