subject:1.6931471805599454
access:2.386294361119891
bu:3.0794415416798357
i2c:1.6931471805599454
srgxnb:1.6931471805599454
grace:2.6094379124341005
cri:2.6094379124341005
nz:2.6094379124341005
organ:1.0
industri:1.6931471805599454
research:1.0
ltd:1.0
new:1.0
zealand:1.0
nntp:1.0
post:1.6931471805599454
host:2.09861228866811
grv:1.6931471805599454
line:1.0
37:1.0
tmx:1.0
andi:2.386294361119891
macra:2.791759469228055
corp:3.302585092994046
sun:3.5649493574615367
com:3.4849066497880004
6:1.0
apr:2.791759469228055
1993:1.6931471805599454
06:2.09861228866811
48:2.386294361119891
34:1.0
96:1.0
tsrgxnb:1.0
cc:1.6931471805599454
subj:1.0
tre:1.0
2c:1.6931471805599454
long:1.6931471805599454
haul:1.6931471805599454
serial:1.6931471805599454
also:2.09861228866811
axlo:1.6931471805599454
return:1.0
path:1.0
receiv:2.386294361119891
mx:1.0
v3:1.0
1c:1.0
smtp:1.0
tue:1.0
29:1.0
1300:1.0
lemay:1.0
4:2.6094379124341005
1:2.6094379124341005
smi:1.6931471805599454
id:2.386294361119891
aa24280:1.0
mon:2.386294361119891
5:2.386294361119891
93:2.386294361119891
11:2.386294361119891
08:1.0
pdt:2.386294361119891
grendal:2.09861228866811
elliemay:1.0
corpmail1:1.0
inbound:1.0
aa25933:1.0
07:1.0
aa05710:1.6931471805599454
47:1.6931471805599454
28:1.6931471805599454
date:1.0
andrew:1.0
messag:1.0
9304051847:1.0
content:1.0
length:1.0
693:1.0
articl:1.0
1pii04innk6t:1.0
zephyr:1.0
write:1.0
what:1.0
requir:2.09861228866811
get:1.0
onto:1.0
nice:1.0
thing:1.0
one:1.0
8:1.0
16:1.0
pin:1.0
dil:1.0
chip:1.6931471805599454
ie:1.0
cheap:1.0
easi:1.0
anyon:1.0
design:1.0
troubl:1.0
buse:1.0
interfac:1.0
often:1.0
board:1.0
intellig:1.0
bruce:1.0
tfor:1.0
latest:1.0
inform:1.6931471805599454
call:1.0
group:1.6931471805599454
408:1.0
991:1.0
3517:1.0
next:1.0
meet:1.0
april:1.0
19th:1.0
mountain:1.0
view:1.0
reason:1.0
abl:1.0
newsgroup:1.0
today:1.0
plea:1.0
feel:1.0
free:1.0
pas:1.0
see:1.0
fit:1.0
tandrew:1.0
