blakey:2.386294361119891
ug:2.09861228866811
c:2.386294361119891
dal:2.09861228866811
ca:2.09861228866811
jason:1.6931471805599454
subject:1.0
site:1.6931471805599454
project:1.6931471805599454
nntp:1.0
post:1.0
host:1.0
organ:1.0
math:1.0
stat:1.0
dalhousi:1.0
univers:1.0
halifax:1.0
n:1.0
canada:1.0
line:1.0
6:1.0
tdoe:1.0
anyon:1.0
know:1.0
ftp:1.0
deal:1.0
electron:1.0
plan:1.0
etc:1.0
respons:1.0
appreci:1.0
jb:1.0
