subject:1.0
principl:1.0
breathalyz:1.0
srgxnb:1.0
grace:1.6931471805599454
cri:1.6931471805599454
nz:2.09861228866811
organ:1.0
industri:1.0
research:1.0
ltd:1.0
new:1.0
zealand:1.0
nntp:1.0
post:1.0
host:1.0
grv:1.0
line:1.0
3:1.0
appar:1.0
thing:1.0
like:1.0
aftershav:1.0
also:1.0
give:1.0
posit:1.0
read:1.0
