robert:2.386294361119891
desonia:2.386294361119891
hal9k:2.09861228866811
ann:2.6094379124341005
arbor:2.6094379124341005
mi:2.09861228866811
u:2.09861228866811
subject:1.0
pc:1.6931471805599454
parallel:2.386294361119891
distribut:1.0
world:1.0
organ:1.0
hal:1.6931471805599454
9000:1.6931471805599454
bb:1.6931471805599454
w:2.09861228866811
net:1.6931471805599454
hq:1.6931471805599454
michigan:1.0
usa:1.0
repli:1.0
line:1.6931471805599454
24:1.0
r:2.09861228866811
jd:1.6931471805599454
port:2.09861228866811
compat:1.0
ibm:1.6931471805599454
standard:1.6931471805599454
includ:1.0
origin:1.6931471805599454
adaptor:1.0
bi:2.09861228866811
direct:2.09861228866811
without:1.0
modif:1.0
experi:1.0
old:1.0
zenith:2.09861228866811
286:1.0
prove:1.0
input:1.0
disactivi:1.0
tie:1.0
select:1.0
circuit:1.0
vcc:1.0
make:1.0
modifi:1.0
scrape:1.0
trace:1.0
solder:1.0
jump:1.0
proper:1.0
locat:1.0
thought:1.0
lazi:1.0
part:1.0
bull:1.0
group:1.0
time:1.0
rdd:1.0
winqwk:1.0
2:1.6931471805599454
0b:1.0
0:1.0
unregist:1.0
evalu:1.0
copi:1.0
kmail:1.6931471805599454
95d:1.0
1:1.6931471805599454
313:1.6931471805599454
663:2.09861228866811
4173:1.6931471805599454
3959:1.6931471805599454
qwk:1.0
usenet:1.6931471805599454
gateway:1.0
four:1.0
14400:1.0
v:1.0
32bi:1.0
dial:1.0
in:1.0
free:1.0
mail:1.0
200:1.0
newsgroup:1.0
pcboard:1.0
14:1.0
5am:1.0
uupcb:1.0
call:1.0
member:1.0
eff:1.0
asp:1.0
asad:1.0
1500mb:1.0
disk:1.0
serv:1.0
sinc:1.0
1988:1.0
