laird:1.6931471805599454
pastur:1.0
ecn:1.0
purdu:1.6931471805599454
edu:1.0
kyler:1.6931471805599454
subject:1.0
telephon:1.0
hook:1.0
hok:1.0
ok:1.0
circuit:1.6931471805599454
organ:1.0
univers:1.0
engin:1.0
comput:1.0
network:1.0
line:1.6931471805599454
6:1.0
abound:1.0
electron:1.0
project:1.0
book:1.0
inclin:1.0
buy:1.0
someth:1.0
tri:1.0
radio:1.0
shack:1.0
think:1.0
still:1.0
devic:1.0
design:1.0
disconnect:1.0
answer:1.0
machin:1.0
extens:1.0
lift:1.0
led:1.0
indic:1.0
also:1.0
