johnh:2.09861228866811
macadam:1.6931471805599454
mpce:2.386294361119891
mq:2.09861228866811
edu:2.6094379124341005
au:2.09861228866811
john:1.0
haddi:1.0
subject:1.0
help:1.0
ultra:1.6931471805599454
long:1.6931471805599454
time:2.791759469228055
organ:1.0
macquari:1.6931471805599454
univers:1.6931471805599454
line:1.0
60:1.0
distribut:1.0
world:1.0
nntp:1.0
post:1.0
host:1.0
articl:1.0
1993apr5:1.0
083324:1.0
48826:1.0
kuhub:1.6931471805599454
cc:1.6931471805599454
ukan:1.6931471805599454
wellison:1.0
write:1.0
project:1.0
droop:1.0
lap:1.0
somewhat:1.0
pain:1.6931471805599454
design:2.09861228866811
look:2.09861228866811
stabl:1.0
solid:1.0
state:1.0
timer:2.9459101490553135
want:1.6931471805599454
place:1.0
thing:1.0
antart:1.0
ice:1.0
shelf:1.0
measur:1.6931471805599454
amount:1.6931471805599454
snow:2.386294361119891
fall:1.6931471805599454
period:2.09861228866811
six:2.386294361119891
week:2.6094379124341005
everi:1.6931471805599454
two:1.6931471805599454
trip:1.0
selonoid:1.0
discharg:1.6931471805599454
differ:1.6931471805599454
color:1.6931471805599454
pellet:1.6931471805599454
ga:1.0
pressur:1.0
across:1.0
dig:1.0
come:1.0
problem:1.0
tri:1.6931471805599454
build:1.0
would:2.9459101490553135
stand:1.0
cold:2.09861228866811
40:2.09861228866811
degre:1.6931471805599454
power:1.0
sourc:1.0
drain:2.386294361119891
xr:1.0
2204:1.0
standard:1.0
ne556:1.0
dual:1.0
thier:1.0
temp:1.0
spec:1.0
go:1.0
low:2.09861228866811
also:1.0
equat:1.0
1:1.6931471805599454
209:1.6931471805599454
600:1.6931471805599454
second:1.6931471805599454
per:1.0
fire:2.386294361119891
mean:1.0
one:2.386294361119891
big:1.6931471805599454
cap:2.6094379124341005
found:1.0
2:2.6094379124341005
farad:1.6931471805599454
ye:1.0
work:1.0
voltag:1.0
5:1.6931471805599454
volt:1.0
small:1.0
size:1.0
lower:1.0
linear:1.0
think:1.0
use:2.386294361119891
sever:1.0
chain:2.09861228866811
togeth:1.0
selonid:1.0
end:1.0
blast:1.0
batteri:2.09861228866811
possibl:1.0
solar:1.0
panel:1.0
month:1.0
twilight:1.0
anyon:1.0
good:1.0
idea:1.0
thank:1.0
advanc:1.0
we:1.0
firstli:1.0
never:1.0
consid:1.6931471805599454
make:1.0
shot:1.0
2f2:1.0
ram:1.0
substitut:1.0
rather:1.0
applic:1.0
wish:1.0
constant:1.6931471805599454
current:1.0
perform:1.0
respect:1.0
akin:1.0
normal:1.0
point:1.0
electro:1.0
usual:1.0
rate:1.0
20:1.0
toler:1.0
calcul:1.0
exactli:1.6931471805599454
capacit:1.0
particularli:1.0
micropow:1.0
oscil:2.09861228866811
divid:1.6931471805599454
roll:1.0
zero:1.0
maximum:1.0
count:1.0
vice:1.0
versa:1.0
someth:1.0
like:1.0
110hz:1.6931471805599454
clock:1.0
need:1.0
27:1.0
give:1.6931471805599454
error:1.0
le:1.0
percent:1.0
cours:1.0
could:1.0
trim:1.0
exact:1.0
likelyhood:1.0
remain:1.0
anyway:1.0
suspect:1.0
far:1.0
battrey:1.0
solenoid:1.0
circuit:1.0
caveat:1.0
experienc:1.0
temperatur:1.0
electron:1.6931471805599454
guarante:1.0
approach:1.0
best:1.0
inhospit:1.0
condit:1.0
depart:1.0
school:1.0
sydney:1.0
australia:1.0
2109:1.0
email:1.0
ph:1.0
61:1.6931471805599454
805:1.6931471805599454
8959:1.0
fax:1.0
8983:1.0
