dtmedin:2.386294361119891
catbyt:2.386294361119891
b30:2.386294361119891
ingr:2.386294361119891
com:2.09861228866811
dave:1.6931471805599454
medin:1.6931471805599454
subject:1.0
zero:1.6931471805599454
db:3.4849066497880004
repli:1.0
organ:1.0
intergraph:1.6931471805599454
corpor:1.0
huntsvil:1.6931471805599454
al:1.6931471805599454
line:2.09861228866811
81:1.0
articl:1.6931471805599454
sehari:2.386294361119891
733764410:1.0
vincent1:1.0
iastat:1.6931471805599454
edu:2.386294361119891
babak:1.6931471805599454
write:1.6931471805599454
c4true:1.0
6aa:1.0
m:1.0
uki:1.6931471805599454
msunde01:1.0
mik:1.0
mark:1.0
underwood:1.0
somewhat:1.0
familiar:1.0
measur:2.386294361119891
appli:1.0
electr:1.0
circuit:2.6094379124341005
e:2.09861228866811
gain:1.0
exampl:1.0
amplifi:1.0
logarithm:1.0
scale:1.0
howev:1.6931471805599454
requir:1.0
refer:3.4849066497880004
valu:1.0
ouput:1.0
20db:1.0
g:1.0
respect:1.0
input:1.0
signal:1.0
stuff:1.0
delet:1.0
actual:1.0
talk:1.0
dbm:2.9459101490553135
term:1.6931471805599454
use:2.6094379124341005
loo:1.0
peopl:1.6931471805599454
power:3.0794415416798357
respact:1.0
1mw:1.0
wherea:1.0
ratio:2.386294361119891
like:1.6931471805599454
two:1.6931471805599454
english:1.0
statement:1.0
1:2.791759469228055
well:1.0
2:1.0
good:1.6931471805599454
similarli:1.0
usual:1.0
anoth:1.0
common:2.09861228866811
mistak:1.0
spell:1.0
instead:1.0
see:1.0
b:2.09861228866811
bell:2.09861228866811
compani:1.6931471805599454
mother:1.0
capit:1.0
highest:1.0
regard:1.0
gravi:1.0
decibel:1.6931471805599454
question:1.0
remain:1.0
unit:1.0
sometim:1.0
milliwatt:1.6931471805599454
given:1.6931471805599454
certain:1.0
imped:2.386294361119891
also:1.6931471805599454
includ:1.6931471805599454
fine:1.0
print:1.0
known:1.0
50:1.0
ohm:2.09861228866811
rf:1.0
lead:1.6931471805599454
accept:1.0
notat:2.386294361119891
mayb:1.6931471805599454
might:1.6931471805599454
dbv:1.6931471805599454
disregard:1.0
develop:1.0
volt:1.6931471805599454
amplitud:2.09861228866811
rather:1.0
arbitrari:1.0
omit:1.0
plain:1.0
look:1.6931471805599454
way:1.0
impli:1.0
explicit:1.0
10:2.09861228866811
log:2.09861228866811
p:1.6931471805599454
20:1.0
bel:2.09861228866811
standard:1.0
base:1.0
name:1.6931471805599454
alexand:1.0
graham:1.0
deci:1.0
noth:1.0
telephon:1.0
except:1.0
founder:1.0
small:1.0
larg:1.0
per:1.0
si:1.0
convent:1.0
know:1.0
anyon:1.0
crucifi:1.0
mess:1.0
audio:1.0
t0:2.386294361119891
across:1.0
600:1.0
vu:2.386294361119891
meter:1.6931471805599454
4:1.0
pro:1.0
gear:1.6931471805599454
level:1.6931471805599454
10dbv:1.0
consum:1.0
often:1.0
time:1.0
amp:1.6931471805599454
align:1.0
rate:1.0
0:1.0
point:1.0
done:1.6931471805599454
whatev:1.0
reason:1.0
applic:1.0
moment:1.0
note:1.0
unknown:1.0
linear:1.0
goe:1.0
mani:1.0
increas:1.0
amount:1.0
proof:1.0
ident:1.0
law:1.0
tphone:1.0
205:1.6931471805599454
730:1.0
3169:1.0
w:1.0
ssd:1.0
network:1.0
837:1.0
1174:1.0
h:1.0
corp:1.0
gd3004:1.0
tinternet:1.0
35894:1.0
tuucp:1.0
uunet:1.0
everywher:1.0
least:1.0
around:1.0
offic:1.0
opinion:1.0
express:1.0
mine:1.0
machin:1.0
