hanavin:1.6931471805599454
huey:1.6931471805599454
udel:1.6931471805599454
edu:1.6931471805599454
chuck:1.0
subject:1.0
heathkit:1.6931471805599454
zenith:1.6931471805599454
nntp:1.0
post:1.6931471805599454
host:1.0
organ:1.0
univers:1.0
delawar:1.0
newark:1.0
line:1.6931471805599454
7:1.0
articl:1.0
c52egz:1.0
27t3:1.0
austin:1.6931471805599454
ibm:1.6931471805599454
com:1.6931471805599454
login:1.0
write:1.0
anyon:1.0
toll:1.0
free:1.0
catalog:1.0
request:1.0
order:1.0
plea:1.0
number:1.0
got:1.0
thank:1.0
1:1.0
800:1.0
253:1.0
0570:1.0
