dtmedin:2.386294361119891
catbyt:2.386294361119891
b30:2.386294361119891
ingr:2.386294361119891
com:2.6094379124341005
dave:1.6931471805599454
medin:1.6931471805599454
subject:1.0
polic:1.0
radar:2.6094379124341005
work:1.0
repli:1.0
organ:1.0
intergraph:1.6931471805599454
corpor:1.0
huntsvil:1.6931471805599454
al:1.6931471805599454
line:1.0
35:1.0
articl:1.6931471805599454
1993apr2:1.0
182216:1.0
28603:1.0
walter:1.0
bellcor:1.6931471805599454
deaddio:1.6931471805599454
ski:1.0
michael:1.0
write:1.0
question:1.0
2:1.0
tif:1.0
right:1.6931471805599454
doppler:1.6931471805599454
spell:1.0
differ:1.6931471805599454
everi:1.0
time:1.0
mayb:1.0
one:1.6931471805599454
effect:1.0
get:1.0
accur:1.0
read:1.0
car:2.6094379124341005
contain:1.6931471805599454
move:2.09861228866811
would:1.6931471805599454
seem:1.0
that:1.0
worth:1.0
need:1.0
calibr:1.0
speedomet:2.09861228866811
fairli:1.0
sure:1.0
case:1.0
what:1.0
deal:1.0
essenti:1.0
actual:1.6931471805599454
done:1.0
gun:2.09861228866811
tie:1.0
independ:1.0
process:1.0
two:1.6931471805599454
return:1.0
speed:1.6931471805599454
rel:1.0
pavement:1.6931471805599454
target:1.0
take:1.0
mode:1.6931471805599454
split:1.0
beam:1.6931471805599454
aim:1.0
preferenti:1.0
driver:1.0
good:1.0
traffic:1.0
back:1.0
1985:1.0
use:1.0
content:1.0
refer:1.0
defend:1.6931471805599454
bogu:1.0
measur:1.0
ticket:1.0
detail:1.0
easier:1.0
increas:1.0
amount:1.0
variabl:1.0
tphone:1.0
205:1.6931471805599454
730:1.0
3169:1.0
w:1.0
ssd:1.0
network:1.0
837:1.0
1174:1.0
h:1.0
corp:1.0
gd3004:1.0
tinternet:1.0
35894:1.0
tuucp:1.0
uunet:1.0
everywher:1.0
look:1.0
least:1.0
around:1.0
offic:1.0
opinion:1.0
express:1.0
mine:1.0
machin:1.0
