caryd:2.09861228866811
c:2.09861228866811
okstat:2.09861228866811
edu:2.09861228866811
cari:2.09861228866811
david:2.09861228866811
allen:1.0
subject:1.0
self:2.791759469228055
modifi:3.0794415416798357
hardwar:2.6094379124341005
organ:1.0
oklahoma:1.0
state:1.0
univers:2.386294361119891
comput:2.6094379124341005
scienc:1.0
stillwat:1.0
line:1.0
70:1.0
permit:1.0
quot:1.0
fragment:1.0
praetzel:2.09861228866811
sune:1.6931471805599454
uwaterloo:1.6931471805599454
ca:1.6931471805599454
articl:1.0
context:1.0
newsgroup:1.0
sci:1.0
electron:1.0
comp:2.09861228866811
lsi:1.0
cad:1.0
eric:1.6931471805599454
date:1.0
10:1.0
feb:1.0
93:1.0
15:1.0
46:1.0
41:1.0
gmt:1.0
current:1.0
xnf:1.0
format:2.09861228866811
propierti:1.0
know:1.6931471805599454
least:1.0
person:1.0
abl:1.0
get:1.0
sign:1.6931471805599454
non:1.6931471805599454
disclosur:1.0
agreement:1.0
xilinx:1.6931471805599454
bit:1.6931471805599454
map:1.6931471805599454
pretti:1.0
well:1.0
top:1.0
secret:1.0
would:1.0
love:1.0
could:2.9459101490553135
make:2.6094379124341005
revers:1.6931471805599454
eng:1.0
tool:1.0
dump:1.0
fpga:1.6931471805599454
run:1.0
key:1.0
interest:1.0
write:1.0
thier:1.0
program:1.6931471805599454
assembl:1.0
compil:1.0
immens:1.0
breakthrough:1.0
calcul:1.6931471805599454
eagerli:1.0
await:1.0
programm:1.0
gate:1.0
array:1.0
use:2.791759469228055
pd:1.0
cost:1.0
first:1.6931471805599454
born:1.0
till:1.0
keep:1.0
engin:2.09861228866811
whatev:1.0
one:2.09861228866811
compani:1.0
work:1.6931471805599454
gone:1.0
need:1.0
product:1.0
competit:1.0
afford:1.6931471805599454
end:1.0
say:2.09861228866811
manag:1.0
discov:1.0
late:1.0
condol:1.0
even:2.09861228866811
imagin:1.6931471805599454
modif:1.6931471805599454
softwar:1.0
though:1.0
teacher:1.0
bad:1.0
wors:1.0
goto:1.0
check:1.0
expert:1.0
code:2.09861228866811
order:2.9459101490553135
rather:1.6931471805599454
opcod:1.0
principl:1.0
larg:1.0
scale:1.0
machin:2.6094379124341005
goldstin:1.0
von:1.6931471805599454
neumann:1.6931471805599454
collect:1.6931471805599454
john:1.0
vol:1.0
v:2.09861228866811
reprint:1.0
absolut:1.6931471805599454
permiss:1.0
anyon:1.0
plan:1.0
full:1.6931471805599454
size:1.6931471805599454
40:1.0
binari:2.09861228866811
digit:2.386294361119891
word:1.0
hold:1.0
either:1.0
contain:1.0
1:2.09861228866811
number:1.0
equival:1.0
12:1.0
decim:1.0
denot:1.0
two:1.0
20:1.0
tit:1.0
ad:1.0
techniqu:1.0
automat:1.0
substitut:1.0
e:2.6094379124341005
abil:1.6931471805599454
control:1.6931471805599454
among:1.0
necessari:1.0
flexibl:1.0
thu:1.0
part:1.0
memori:1.6931471805599454
function:1.6931471805599454
tabl:1.0
look:1.6931471805599454
valu:2.09861228866811
variabl:1.6931471805599454
obtain:1.0
cours:1.0
requir:1.0
refer:1.0
alreadi:1.0
question:1.0
ton:1.0
hand:1.0
thing:1.0
trivial:1.0
oper:1.0
view:1.0
tenor:1.6931471805599454
finger:1.6931471805599454
227:1.6931471805599454
163:1.6931471805599454
ave:1.6931471805599454
tulsa:1.6931471805599454
ok:1.6931471805599454
74108:1.6931471805599454
3310:1.6931471805599454
usa:1.6931471805599454
sol:1.6931471805599454
3:1.6931471805599454
2:1.6931471805599454
