vanderbi:1.6931471805599454
mprgate:1.6931471805599454
mpr:2.09861228866811
ca:1.6931471805599454
david:1.6931471805599454
vanderbyl:1.6931471805599454
subject:1.0
polic:1.6931471805599454
radar:1.0
work:1.0
nntp:1.0
post:1.0
host:1.0
chip:1.0
repli:1.0
organ:1.0
teltech:1.0
ltd:1.0
line:1.6931471805599454
22:1.0
articl:1.6931471805599454
1993apr6:1.0
161107:1.0
2235:1.0
b30new:1.0
b30:1.6931471805599454
ingr:1.6931471805599454
com:2.386294361119891
dtmedin:1.0
catbyt:1.0
dave:1.6931471805599454
medin:1.6931471805599454
write:1.6931471805599454
1993apr2:1.0
182402:1.0
28700:1.0
walter:1.0
bellcor:1.6931471805599454
deaddio:1.6931471805599454
ski:1.0
michael:1.0
beam:2.6094379124341005
split:1.6931471805599454
two:1.0
one:2.09861228866811
aim:1.0
target:1.0
car:1.6931471805599454
sort:1.0
ground:1.0
speed:1.0
calul:1.0
final:1.0
number:1.0
actual:1.0
true:1.0
expens:1.0
cheaper:1.0
read:2.386294361119891
speedomet:2.09861228866811
never:1.0
seen:1.6931471805599454
model:1.0
sure:1.0
make:1.6931471805599454
consid:1.0
difficulti:1.0
speedo:1.0
variou:1.0
use:1.0
singl:1.0
move:1.6931471805599454
mode:1.6931471805599454
obvious:1.0
offic:1.0
believ:1.0
nit:1.0
pick:1.0
group:1.0
2:1.0
etc:1.0
10:1.0
sig:1.0
delet:1.0
