keith:2.09861228866811
radio:2.09861228866811
nl:1.6931471805599454
nuwc:1.6931471805599454
navi:1.6931471805599454
mil:1.6931471805599454
subject:1.0
tektronix:1.6931471805599454
453:1.6931471805599454
scope:1.6931471805599454
sale:1.6931471805599454
articl:1.0
623:1.0
line:1.0
19:1.0
x:2.09861228866811
receiv:1.6931471805599454
usenet:1.6931471805599454
pa:1.6931471805599454
dec:1.6931471805599454
com:1.6931471805599454
id:1.6931471805599454
aa26719:1.0
tue:1.6931471805599454
6:1.6931471805599454
apr:1.6931471805599454
93:1.6931471805599454
14:1.6931471805599454
52:1.0
02:1.0
0700:1.6931471805599454
inet:1.0
gw:1.0
1:1.0
aa16140:1.0
51:1.0
56:1.0
sci:1.0
electron:1.0
50mhz:1.0
bandwidth:1.0
portabl:1.0
one:1.0
5xx:1.0
seri:1.0
boatanchor:1.0
delay:1.0
sweep:1.0
work:1.0
fine:1.0
manual:1.0
avail:1.0
variou:1.0
place:1.0
probe:1.0
275:1.0
ship:1.0
email:1.0
info:1.0
regard:1.0
kanoun:1.0
wa2q:1.0
kdk:1.0
