paj:2.09861228866811
uk:2.09861228866811
co:2.09861228866811
gec:2.6094379124341005
mrc:2.09861228866811
paul:2.386294361119891
johnson:2.09861228866811
subject:1.0
peltier:2.09861228866811
effect:2.6094379124341005
heat:2.791759469228055
pump:2.6094379124341005
repli:1.0
organ:1.0
marconi:1.6931471805599454
research:1.6931471805599454
centr:1.0
great:1.0
baddow:1.0
essex:1.0
line:1.0
45:1.0
look:1.6931471805599454
coupl:1.6931471805599454
compon:1.6931471805599454
catalogu:1.6931471805599454
came:1.0
across:1.6931471805599454
rang:1.0
intend:1.0
cool:1.6931471805599454
heard:1.0
put:1.0
current:2.09861228866811
one:2.09861228866811
devic:2.386294361119891
side:1.6931471805599454
revers:1.6931471805599454
think:1.0
temperatur:2.09861228866811
differ:1.6931471805599454
give:1.0
emf:2.09861228866811
well:1.0
anyway:1.0
struck:1.0
could:1.6931471805599454
make:1.0
nice:1.0
hot:1.0
box:1.0
picnic:1.0
power:1.6931471805599454
regul:1.0
thermostat:1.0
sink:1.0
biggest:1.0
shift:1.0
60w:1.0
effici:1.0
80:1.0
90:1.0
bad:1.0
although:1.6931471805599454
would:2.386294361119891
flatten:1.0
car:1.0
batteri:1.0
half:1.0
hour:1.0
unfortun:1.0
list:1.0
anyth:1.0
basic:1.0
spec:1.0
imagin:1.0
get:1.6931471805599454
back:1.6931471805599454
gradient:1.0
increas:1.6931471805599454
presum:1.0
decreas:1.0
eventu:1.0
steadi:1.0
state:1.0
consum:1.0
assum:1.0
leakag:1.0
final:1.0
two:1.0
set:1.0
suppli:1.0
voltag:1.0
noth:1.0
lousi:1.0
way:1.0
control:1.0
like:2.09861228866811
know:1.0
1:1.0
guess:1.0
correct:1.0
2:1.0
open:1.0
circuit:1.0
thermal:1.0
resist:1.0
typic:1.0
want:1.0
sure:1.0
coolbox:1.0
go:1.0
warm:1.0
fast:1.0
unplug:1.0
3:1.0
actual:1.0
work:1.0
magic:1.0
4:1.0
use:1.0
thing:1.0
domest:1.0
fridg:1.0
freezer:1.0
thank:1.0
advanc:1.0
tel:1.0
44:1.0
245:1.0
73331:1.0
ext:1.0
3245:1.0
idea:1.0
other:1.0
0:1.0
02:1.0
reput:1.0
idealist:1.0
respons:1.0
opinion:1.0
