row0:1.0
ns1:1.0
cc:2.09861228866811
lehigh:1.6931471805599454
edu:1.6931471805599454
richard:1.0
white:1.0
subject:1.0
help:1.6931471805599454
ultra:1.6931471805599454
long:2.09861228866811
time:2.386294361119891
organ:1.0
univers:1.0
line:1.0
49:1.0
articl:1.0
1993apr5:1.0
083324:1.0
48826:1.0
kuhub:1.6931471805599454
ukan:1.6931471805599454
wellison:1.0
e:1.0
du:1.0
write:1.0
project:1.0
droop:1.0
lap:1.0
somewhat:1.0
pain:1.6931471805599454
design:1.0
look:1.6931471805599454
stabl:1.0
solid:1.0
state:1.6931471805599454
timer:2.791759469228055
want:1.6931471805599454
place:1.0
thing:1.0
antart:1.0
ice:1.0
shelf:1.0
measur:1.6931471805599454
amount:1.6931471805599454
snow:2.386294361119891
fall:1.6931471805599454
period:1.6931471805599454
six:2.386294361119891
week:2.6094379124341005
everi:1.6931471805599454
two:1.6931471805599454
trip:1.0
selonoid:1.0
discharg:1.6931471805599454
differ:1.6931471805599454
color:1.6931471805599454
pellet:2.386294361119891
ga:1.0
pressur:1.0
across:1.0
dig:1.0
come:1.0
problem:1.0
tri:1.0
build:2.09861228866811
would:2.09861228866811
stand:1.0
cold:1.6931471805599454
40:1.6931471805599454
degre:1.6931471805599454
power:1.0
sourc:1.0
drain:1.6931471805599454
xr:1.0
2204:1.0
standard:1.0
ne556:1.0
dual:1.0
thier:1.0
temp:1.0
spec:1.0
go:1.0
low:1.0
also:1.0
equat:1.0
1:1.6931471805599454
209:1.6931471805599454
600:1.6931471805599454
second:1.0
per:1.0
fire:2.09861228866811
mean:1.0
one:2.6094379124341005
big:1.0
cap:1.6931471805599454
found:1.0
2:2.09861228866811
farad:1.6931471805599454
ye:1.0
work:1.0
voltag:1.0
5:1.6931471805599454
volt:2.09861228866811
small:1.6931471805599454
size:1.0
lower:1.0
linear:1.0
think:1.0
use:2.09861228866811
sever:1.0
chain:1.0
togeth:1.0
selonid:1.0
end:1.0
blast:1.0
batteri:2.6094379124341005
possibl:1.0
solar:1.0
panel:1.0
month:1.0
twilight:1.0
anyon:1.0
good:1.6931471805599454
idea:1.0
thank:1.0
advanc:1.0
we:1.0
suggest:1.0
take:1.6931471805599454
motorola:1.0
mc14536b:1.0
set:1.0
give:1.0
pul:1.6931471805599454
sec:2.09861228866811
ten:1.0
either:1.0
rc:1.0
xtal:1.0
clock:1.6931471805599454
input:1.6931471805599454
feed:1.0
mc14521b:1.0
decod:2.09861228866811
output:2.09861228866811
might:1.0
add:1.0
gate:1.0
chip:1.6931471805599454
get:1.0
reset:1.0
back:1.0
521:1.0
restart:1.0
cycl:1.0
trigger:1.6931471805599454
oneshot:1.0
rise:1.0
edg:1.0
shot:1.0
goe:1.0
mosfet:1.0
drive:1.0
mechan:1.0
launcher:1.0
ckt:2.09861228866811
requir:1.0
uamp:1.0
current:1.0
15:1.0
12:1.0
gel:1.0
cell:1.0
amphour:1.0
last:1.0
board:1.0
wrap:1.0
3:1.0
4:1.0
foam:1.0
box:1.0
stuff:1.0
plywood:1.0
metal:1.0
exterior:1.0
heater:1.6931471805599454
10:1.0
50:1.0
watt:1.0
resistor:1.0
seri:1.0
keep:1.0
warm:1.0
2nd:1.0
thought:1.0
insol:1.6931471805599454
even:1.0
though:1.0
al:1.0
rate:1.0
devic:1.0
55:1.0
c:1.0
consider:1.0
reduct:1.0
capac:1.0
oh:1.0
make:1.0
sure:1.0
area:1.0
insid:1.0
minium:1.0
air:1.0
leakag:1.0
hope:1.0
rw:1.0
wind:1.0
net:1.0
gentl:1.0
