dpalmer:1.6931471805599454
mcnc:2.6094379124341005
org:1.6931471805599454
w:1.0
dev:1.6931471805599454
palmer:1.6931471805599454
subject:1.6931471805599454
want:2.09861228866811
hardwar:1.0
pc:2.6094379124341005
articl:2.386294361119891
1993apr6:1.6931471805599454
220327:1.0
4042:1.0
organ:1.0
center:1.0
microelectron:1.0
rtp:1.6931471805599454
nc:1.6931471805599454
line:1.0
34:1.0
053736:1.0
23113:1.0
doug:1.0
cae:1.6931471805599454
wisc:1.6931471805599454
edu:1.6931471805599454
kolstad:1.6931471805599454
joel:1.0
write:1.6931471805599454
3889:1.0
ncr:1.6931471805599454
mpd:1.0
ftcollinsco:1.0
com:1.0
brad:1.0
wright:1.0
tif:1.0
know:1.0
much:1.0
ibm:1.0
comp:1.0
might:1.0
tri:2.09861228866811
joystick:2.6094379124341005
port:2.6094379124341005
though:1.0
told:1.0
believ:1.0
convert:1.0
found:1.0
realli:1.0
timer:1.0
tick:1.0
long:1.0
take:1.6931471805599454
r:1.6931471805599454
c:1.0
circuit:1.6931471805599454
paddl:1.0
charg:1.0
someth:1.6931471805599454
like:1.0
1:1.0
2:1.0
vcc:1.0
game:1.0
work:1.0
pretti:1.0
well:1.0
certainli:1.0
lab:1.0
measur:1.6931471805599454
non:1.0
linear:1.0
best:1.0
info:1.0
seen:1.0
far:1.0
metric:1.0
physic:1.0
properti:1.0
michael:1.0
covington:1.0
may:1.0
1985:1.0
issu:1.0
tech:1.0
journal:1.0
talk:1.0
read:1.6931471805599454
kind:1.0
thing:1.0
voltag:1.0
current:1.0
resist:1.0
basic:1.6931471805599454
even:1.0
includ:1.0
code:1.0
simpl:1.0
oscilloscop:1.0
display:1.0
possibl:1.0
directli:1.0
use:1.0
detail:1.0
inform:1.0
technic:1.0
refer:1.0
option:1.0
adapt:1.0
provid:1.0
millisecond:1.0
resolut:1.0
time:1.6931471805599454
function:1.0
appear:1.0
mani:1.0
dr:1.0
dobb:1.0
cellar:1.0
ink:1.0
etc:1.0
look:1.0
public:1.0
domain:1.0
ztimer:1.0
packag:1.0
wuarchiv:1.0
good:1.0
luck:1.0
room:1.0
212:1.0
p:1.0
box:1.0
12889:1.0
27709:1.0
2889:1.0
919:1.6931471805599454
248:1.6931471805599454
1837:1.0
1455:1.0
fax:1.0
