bailey:2.6094379124341005
vader:1.6931471805599454
egr:1.6931471805599454
uri:2.09861228866811
edu:2.09861228866811
scott:2.09861228866811
subject:1.0
jacob:2.6094379124341005
ladder:2.6094379124341005
summari:1.0
project:2.9459101490553135
keyword:1.0
book:2.6094379124341005
organ:1.0
univers:1.6931471805599454
rhode:1.6931471805599454
island:1.6931471805599454
colleg:1.0
engin:1.6931471805599454
line:1.0
30:1.0
hi:1.0
follow:1.0
thread:1.0
week:1.0
happen:1.0
come:1.6931471805599454
across:1.0
one:1.0
best:1.0
seen:1.0
gadget:1.6931471805599454
goldmin:1.6931471805599454
gordon:1.6931471805599454
mccomb:1.6931471805599454
offer:1.0
55:1.6931471805599454
excel:1.0
low:1.0
cost:1.0
includ:1.6931471805599454
tesla:1.0
coil:1.0
plasma:1.0
sphere:1.0
van:1.0
de:1.0
graaff:1.0
gener:1.0
robot:1.0
ir:1.0
scope:1.0
sever:1.0
laser:1.0
instruct:1.0
complet:1.0
part:1.0
list:1.6931471805599454
warn:1.0
diagram:1.0
interest:1.0
build:1.0
serious:1.0
consid:1.0
get:1.0
paperback:2.09861228866811
version:1.0
19:1.6931471805599454
95:1.6931471805599454
want:1.0
inform:1.0
titl:1.0
space:1.0
age:1.0
auth:1.0
pub:1.0
tab:1.0
cw:1.0
1990:1.0
isbn:1.0
0:1.0
8306:1.6931471805599454
8360:1.0
7:1.0
t0:1.0
3360:1.0
x:1.0
price:1.0
std:1.0
disclaim:1.0
h:1.0
ecl:1.0
oper:1.0
comput:1.0
knight:1.0
chase:1.0
moon:1.0
caught:1.0
yet:1.0
let:1.0
keep:1.0
still:1.0
tri:1.0
day:1.0
night:1.0
ecl1:1.0
