fsset:1.6931471805599454
bach:2.09861228866811
lerc:2.09861228866811
nasa:2.6094379124341005
gov:2.09861228866811
scott:1.6931471805599454
townsend:1.6931471805599454
subject:1.0
electr:2.09861228866811
power:2.09861228866811
line:2.09861228866811
ball:1.6931471805599454
nntp:1.0
post:1.0
host:1.0
organ:1.0
lewi:1.6931471805599454
research:1.6931471805599454
center:1.6931471805599454
cleveland:1.0
ohio:1.0
distribut:1.6931471805599454
usa:1.0
18:1.6931471805599454
got:1.0
question:1.6931471805599454
dad:1.0
realli:1.6931471805599454
answer:1.0
appreci:1.6931471805599454
net:1.0
wisdom:1.0
24:1.0
diamet:1.0
attach:1.0
area:1.0
seen:1.0
half:1.0
dozen:1.0
two:1.6931471805599454
pole:1.6931471805599454
neither:1.0
u:1.0
experi:1.0
guess:1.0
may:1.0
capacit:1.0
devic:1.0
equal:1.0
induct:1.0
grid:1.0
mani:1.0
anyon:1.0
know:1.0
relat:1.0
faq:1.0
better:1.0
group:1.6931471805599454
submit:1.0
enlighten:1.0
sverdrup:1.0
technolog:1.0
inc:1.0
