dzenc:1.0
hal:2.09861228866811
gnu:1.0
ai:1.6931471805599454
mit:1.6931471805599454
edu:1.6931471805599454
dan:1.6931471805599454
zenchelski:1.0
subject:1.0
videotext:1.6931471805599454
teletext:1.6931471805599454
descrambl:1.6931471805599454
articl:1.6931471805599454
1psvcg:1.0
1auv:1.0
distribut:1.0
world:1.0
organ:1.0
di:1.0
line:1.0
9:1.0
nntp:1.0
post:1.0
host:1.0
hi:1.0
look:1.0
pc:1.0
card:2.09861228866811
european:1.6931471805599454
pal:1.0
anyon:1.0
u:1.0
sell:1.0
saw:1.0
functional:1.0
elektor:1.0
magazin:1.0
abl:1.0
track:1.0
thanx:1.0
advanc:1.0
