rky57514:1.6931471805599454
uxa:1.6931471805599454
cso:1.6931471805599454
uiuc:2.09861228866811
edu:2.09861228866811
tall:1.0
cool:1.0
one:1.0
subject:1.6931471805599454
use:1.6931471805599454
cd4052:1.0
analog:1.0
multiplex:1.0
digit:2.09861228866811
signal:2.09861228866811
organ:1.0
univers:1.6931471805599454
illinoi:1.6931471805599454
urbana:1.6931471805599454
line:1.0
14:1.0
say:1.0
4052:1.0
see:1.0
handl:1.0
could:1.0
wrong:1.0
anyon:1.0
advic:1.0
thank:1.0
raymond:1.0
yeung:1.0
internet:1.0
nimbu:1.0
ee:1.0
student:1.0
compuserv:1.0
70700:1.0
1011:1.0
champaign:1.0
