rich1:1.0
netcom:1.6931471805599454
com:1.0
richard:1.0
soennichsen:1.0
subject:1.0
electron:1.0
odomet:1.0
use:1.0
bmw:1.6931471805599454
question:1.0
organ:1.0
onlin:1.0
commun:1.0
servic:1.0
408:1.0
241:1.0
9760:1.0
login:1.0
guest:1.0
line:1.0
1:1.0
speedo:1.0
trigger:1.0
reed:1.0
switch:1.0
magnet:1.0
assembl:1.0
differenti:1.0
would:1.6931471805599454
think:1.0
signal:1.0
easi:1.0
reproduc:1.0
