obrien:2.09861228866811
hri:2.09861228866811
com:2.09861228866811
jim:1.6931471805599454
subject:1.0
ibm:2.09861228866811
pc:1.6931471805599454
xt:1.6931471805599454
switch:1.6931471805599454
set:1.0
organ:1.0
horizon:1.0
research:1.0
inc:1.0
line:1.0
7:1.0
distribut:1.0
world:1.0
repli:1.0
bigbird:1.0
nntp:1.0
post:1.0
host:1.0
sparc28:1.0
got:1.0
document:1.0
true:1.0
wonder:1.0
anyon:1.0
definit:1.0
2:1.0
8:1.0
posit:1.0
dip:1.0
thankx:1.0
