henri:2.6094379124341005
zoo:1.6931471805599454
toronto:2.386294361119891
edu:1.6931471805599454
spencer:1.6931471805599454
subject:1.0
need:1.0
tone:2.386294361119891
decod:2.09861228866811
circuit:1.6931471805599454
organ:1.0
u:1.6931471805599454
zoolog:1.6931471805599454
line:1.0
14:1.0
articl:1.0
5170286:1.0
hplsla:1.6931471805599454
hp:1.6931471805599454
com:1.6931471805599454
tomb:1.0
tom:1.0
bruhn:1.0
write:1.0
anybodi:1.0
1000hz:1.0
use:1.6931471805599454
ne567:2.09861228866811
pll:1.0
chip:1.6931471805599454
impress:1.0
area:1.0
play:1.0
much:1.6931471805599454
belov:1.0
basic:1.0
obsolet:1.0
want:1.0
detect:1.0
1khz:1.0
set:1.0
switch:1.0
capacitor:1.0
filter:1.6931471805599454
frequenc:1.0
feed:1.0
input:1.0
see:1.0
anyth:1.0
come:1.0
end:1.0
good:1.0
clean:1.0
bandpass:1.0
hard:1.0
nowaday:1.0
easi:1.0
result:1.0
better:1.0
work:1.6931471805599454
one:1.0
man:1.0
kipl:1.0
utzoo:1.0
