wex:2.09861228866811
c:2.09861228866811
ulowel:1.6931471805599454
edu:1.6931471805599454
paul:1.0
wexelblat:1.0
subject:1.0
old:1.6931471805599454
256k:1.6931471805599454
simm:1.6931471805599454
repli:1.0
organ:1.0
univ:1.0
lowel:1.0
dept:1.0
line:1.0
11:1.0
articl:1.0
1993apr15:1.0
100452:1.0
16793:1.0
csx:1.6931471805599454
cciw:1.6931471805599454
ca:1.6931471805599454
u009:1.0
g:1.0
stewart:1.0
beal:1.0
write:1.0
ti:1.0
wonder:1.0
peopl:1.6931471805599454
good:1.0
use:1.6931471805599454
bunch:1.0
appl:1.0
mac:1.0
know:1.0
lot:1.0
tri:1.0
sell:1.0
gotten:1.0
interest:1.0
christma:1.0
tree:1.0
decor:1.0
cat:1.0
eat:1.0
