whit:1.0
carson:1.6931471805599454
u:1.6931471805599454
washington:2.09861228866811
edu:2.386294361119891
john:1.0
whitmor:1.6931471805599454
subject:1.0
question:1.0
120vac:1.0
outlet:2.9459101490553135
wire:3.4849066497880004
keyword:1.0
articl:2.386294361119891
shelley:1.0
1qkm8iinn92t:1.0
distribut:1.0
world:1.0
organ:1.0
univers:1.0
seattl:1.0
line:1.0
34:1.0
nntp:1.0
post:1.0
host:1.0
1qids1innebl:1.0
chnew:1.0
intel:1.6931471805599454
com:1.6931471805599454
crichmon:1.0
sedona:1.0
chri:1.0
richmond:1.0
write:2.09861228866811
1993apr14:1.6931471805599454
193122:1.0
20818:1.0
mprgate:1.6931471805599454
mpr:1.6931471805599454
ca:1.6931471805599454
vanderbi:1.0
david:1.0
vanderbyl:1.0
172145:1.0
27458:1.0
ecsvax:1.6931471805599454
uncec:1.6931471805599454
crisp:1.6931471805599454
rus:1.0
consid:1.0
modern:1.0
old:1.6931471805599454
home:1.0
need:1.0
littl:1.0
advic:1.0
sever:1.0
two:1.0
prong:1.0
type:1.0
without:1.6931471805599454
ground:3.6390573296152584
natur:1.0
feed:1.0
12:1.6931471805599454
2:1.6931471805599454
notic:1.0
fusebox:1.0
circuit:1.6931471805599454
tie:1.0
bu:1.0
neutral:2.09861228866811
white:1.6931471805599454
contrari:1.0
electr:1.6931471805599454
code:1.0
fix:1.0
well:1.0
hous:1.0
built:1.0
last:1.0
year:1.0
breaker:2.386294361119891
box:2.791759469228055
way:1.0
tthere:1.0
connect:2.09861228866811
also:1.0
place:1.0
build:1.0
occur:1.6931471805599454
e:1.0
tthe:1.0
conductor:2.09861228866811
plug:1.0
safe:1.6931471805599454
touch:2.09861228866811
green:1.0
protect:1.6931471805599454
carri:1.0
current:1.6931471805599454
unless:1.0
kind:1.0
fault:1.0
end:1.6931471805599454
potenti:1.0
tjohn:1.0
