adler:1.6931471805599454
netcom:1.6931471805599454
com:2.09861228866811
bruce:1.0
subject:1.0
ibm:2.09861228866811
pc:1.6931471805599454
xt:1.6931471805599454
switch:1.6931471805599454
set:1.0
organ:1.0
onlin:1.0
commun:1.0
servic:1.0
408:1.0
241:1.0
9760:1.0
login:1.0
guest:1.0
line:1.0
26:1.0
articl:1.0
1qk158:1.0
kcp:1.0
bigbird:1.6931471805599454
hri:1.6931471805599454
obrien:1.0
write:1.0
got:1.0
document:1.0
true:1.0
wonder:1.0
anyon:1.0
definit:1.0
2:1.0
8:1.0
posit:1.0
dip:1.0
sw8:1.0
sw7:1.0
tnumber:1.0
5:1.0
25:1.0
drive:2.6094379124341005
0:3.4849066497880004
t1:1.0
1:3.4849066497880004
t2:1.0
t3:1.0
t4:1.0
sw6:1.0
sw5:1.0
ttype:1.0
display:1.0
treserv:1.0
t40x25:1.0
color:1.6931471805599454
mono:1.6931471805599454
mode:1.6931471805599454
t80x25:1.0
tmono:1.0
80x25:1.0
sw4:1.0
sw3:1.0
tamount:1.0
memori:1.0
system:1.0
board:1.0
t64k:1.6931471805599454
chip:1.6931471805599454
t256k:2.09861228866811
t128k:1.0
t512k:1.0
t192k:1.0
t576k:1.0
t640k:1.0
sw2:1.0
tco:1.0
processor:1.0
instal:1.0
sw1:1.0
tloop:1.0
post:1.0
