jeh:2.09861228866811
cmkrnl:2.09861228866811
com:1.6931471805599454
subject:1.0
question:2.09861228866811
120vac:1.0
outlet:3.302585092994046
wire:3.6390573296152584
organ:1.0
kernel:1.6931471805599454
mode:1.6931471805599454
system:1.6931471805599454
san:1.6931471805599454
diego:1.6931471805599454
ca:1.6931471805599454
line:1.0
43:1.0
articl:1.0
1993apr14:1.0
172145:1.0
27458:1.0
ecsvax:1.6931471805599454
uncec:1.6931471805599454
edu:1.6931471805599454
crisp:1.6931471805599454
rus:1.0
write:1.0
consid:1.0
modern:1.0
old:1.6931471805599454
home:1.0
need:1.0
littl:1.0
advic:1.0
sever:1.0
two:1.0
prong:2.09861228866811
type:1.0
without:2.09861228866811
ground:3.3978952727983707
natur:1.0
feed:1.0
12:1.6931471805599454
2:1.6931471805599454
notic:1.0
fusebox:1.0
circuit:2.09861228866811
tie:1.0
bu:1.0
neutral:2.386294361119891
white:1.6931471805599454
seem:1.0
electr:1.6931471805599454
hook:1.0
jumper:1.0
screw:1.0
new:1.6931471805599454
three:1.6931471805599454
wrong:1.0
reason:1.0
nooo:1.0
green:1.0
safeti:1.0
current:1.6931471805599454
suppos:2.09861228866811
flow:1.6931471805599454
normal:1.6931471805599454
condit:1.0
mean:1.0
voltag:1.6931471805599454
drop:1.6931471805599454
either:1.0
safe:1.0
touch:1.0
even:1.0
way:1.0
time:1.0
dave:1.0
vanderbyl:1.0
correctli:1.0
said:1.0
return:1.0
hot:1.0
sinc:1.0
plug:1.0
heavi:1.0
load:1.0
properli:1.0
commonli:1.0
measur:1.0
volt:1.0
differ:1.0
connect:1.0
togeth:1.0
breaker:1.6931471805599454
panel:1.6931471805599454
nowher:1.6931471805599454
repeat:1.0
el:1.0
well:1.0
almost:1.0
strang:1.0
except:1.0
thing:1.0
like:1.0
sub:1.0
want:1.0
addit:1.0
use:1.0
gfci:2.09861228866811
cheaper:1.0
fact:1.0
depend:1.0
put:1.0
may:1.0
requir:1.0
faq:1.0
post:1.6931471805599454
regularli:1.0
rec:1.0
woodwork:1.0
news:1.0
answer:1.0
goe:1.0
great:1.0
detail:1.0
issu:1.0
includ:1.0
probabl:1.0
read:1.0
ask:1.6931471805599454
mail:1.0
copi:1.6931471805599454
append:1.0
writer:1.0
cross:1.0
futur:1.0
jami:1.0
hanrahan:1.0
internet:1.0
uucp:1.0
uunet:1.0
ci:1.0
74140:1.0
2055:1.0
