mkilpela:1.6931471805599454
mtu:2.09861228866811
edu:2.6094379124341005
mark:1.6931471805599454
e:1.6931471805599454
kilpela:1.6931471805599454
subject:1.0
question:1.6931471805599454
120vac:1.0
outlet:2.6094379124341005
wire:3.1972245773362196
nntp:1.0
post:1.0
host:1.0
techmac10:1.0
tech:1.0
organ:1.0
michigan:1.6931471805599454
technolog:2.09861228866811
univers:1.6931471805599454
line:1.0
32:1.0
articl:1.0
1993apr14:1.0
172145:1.0
27458:1.0
ecsvax:1.6931471805599454
uncec:1.6931471805599454
crisp:1.6931471805599454
rus:1.0
wrote:1.0
hello:1.0
consid:1.0
modern:1.0
old:1.6931471805599454
home:1.0
need:1.0
littl:1.0
advic:1.0
sever:1.0
two:1.0
prong:1.6931471805599454
type:1.0
without:1.6931471805599454
ground:3.4849066497880004
natur:1.0
feed:1.0
12:1.6931471805599454
2:1.6931471805599454
notic:1.0
fusebox:1.0
circuit:2.09861228866811
tie:1.6931471805599454
bu:1.0
neutral:3.0794415416798357
white:1.0
seem:1.0
electr:1.6931471805599454
hook:1.0
da:1.0
jumper:1.0
screw:1.0
new:1.0
three:1.0
wrong:1.0
reason:1.6931471805599454
first:1.0
pas:1.0
nation:1.0
code:1.0
inspect:1.0
secondli:1.0
current:1.0
carri:1.0
fault:1.0
condit:1.0
togeth:1.0
panel:1.0
tranform:1.0
power:1.0
pole:1.0
center:1.6931471805599454
tap:1.6931471805599454
secondari:1.0
give:1.0
120v:1.0
side:1.0
transform:1.6931471805599454
240v:1.0
across:1.0
effect:1.0
potenti:1.0
email:1.0
school:1.0
