mkaschk:1.6931471805599454
oasi:1.6931471805599454
dt:1.6931471805599454
navi:1.6931471805599454
mil:1.6931471805599454
martin:2.09861228866811
kaschk:1.6931471805599454
subject:1.0
4:1.6931471805599454
band:1.6931471805599454
equal:2.386294361119891
repli:1.0
organ:1.0
carderock:1.0
divis:1.0
nswc:1.0
bethesda:1.0
md:1.0
line:2.09861228866811
15:1.0
wonder:1.0
anyon:1.6931471805599454
net:1.0
land:1.0
knew:1.0
simpl:1.0
way:1.0
make:1.0
singl:1.0
channel:1.0
need:1.6931471805599454
accept:1.0
input:1.6931471805599454
tape:1.0
deck:1.0
cd:1.0
player:1.0
etc:1.0
output:2.09861228866811
imped:1.6931471805599454
also:1.0
sinc:1.0
drive:1.0
would:1.0
1:1.6931471805599454
volt:1.0
p:1.6931471805599454
final:1.6931471805599454
requir:1.0
either:1.0
control:1.6931471805599454
digit:1.0
tor:1.0
2:1.0
easili:1.0
resistor:1.0
know:1.6931471805599454
filter:1.0
chip:1.0
might:1.0
use:1.0
plea:1.0
let:1.0
seen:1.0
coupl:1.0
nation:1.0
maxim:1.0
thank:1.0
advanc:1.0
