smckinti:2.09861228866811
sunicnc:1.0
franc:2.386294361119891
sun:2.386294361119891
com:2.09861228866811
steve:2.09861228866811
mckinti:1.6931471805599454
sunconnect:1.6931471805599454
icnc:1.6931471805599454
subject:1.0
nuclear:2.386294361119891
site:1.6931471805599454
cool:2.6094379124341005
tower:2.09861228866811
organ:1.0
line:1.0
26:1.0
distribut:1.0
world:1.0
nntp:1.0
post:1.6931471805599454
host:1.0
hardi:1.0
keyword:1.0
articl:1.0
1qlg9o:1.0
d7q:1.0
sequoia:1.0
ccsd:1.0
ut:1.6931471805599454
edu:1.6931471805599454
au:1.6931471805599454
swalker:1.0
s87271077:1.0
walker:1.0
man:1.0
50:1.0
write:1.0
realli:1.0
know:1.6931471805599454
question:1.0
figur:1.0
board:1.0
would:1.0
appropri:1.0
wonder:1.0
massiv:1.0
concret:1.0
cylind:1.6931471805599454
ever:1.0
present:1.0
poer:1.0
look:1.0
like:1.0
pinch:1.0
middl:1.0
anybodi:1.0
actual:1.0
purpos:1.0
thing:1.0
hear:1.0
call:1.0
heck:1.0
water:2.09861228866811
station:1.6931471805599454
gener:1.6931471805599454
electr:1.0
directli:1.0
reactor:1.6931471805599454
use:2.09861228866811
heat:2.09861228866811
convent:1.0
oil:1.0
coal:1.0
result:1.0
steam:1.6931471805599454
drive:1.0
turbin:1.0
recondens:1.0
continu:1.0
cycl:1.0
microsystem:1.0
38240:1.0
meylan:1.0
email:1.0
bix:1.0
