wtm:1.6931471805599454
uhura:1.6931471805599454
neoucom:2.09861228866811
edu:1.6931471805599454
bill:1.6931471805599454
mayhew:1.6931471805599454
subject:1.0
mysteri:1.0
tv:1.0
problem:1.6931471805599454
sourc:1.0
organ:1.0
northeastern:1.0
ohio:1.0
univers:1.0
colleg:1.0
medicin:1.0
line:1.6931471805599454
19:1.0
set:2.791759469228055
direct:1.0
power:1.0
tri:1.6931471805599454
check:1.0
like:1.0
hybrid:1.0
regul:2.386294361119891
modul:1.6931471805599454
stream:1.0
170:1.0
volt:2.09861228866811
suppli:1.6931471805599454
sever:1.6931471805599454
look:1.0
use:1.6931471805599454
135:1.0
tendenc:1.0
short:1.6931471805599454
make:1.0
safeti:1.0
circuit:1.0
shut:1.0
eht:1.0
section:1.0
put:1.0
variac:1.0
adjust:1.0
transform:1.0
lower:1.0
ac:1.0
input:1.0
voltag:1.0
90:1.0
oper:1.0
nromal:1.0
know:1.0
got:1.0
myriad:1.0
area:1.0
seen:1.0
one:1.6931471805599454
time:1.0
also:1.0
trippler:1.0
may:1.0
shot:1.0
fairli:1.0
common:1.0
comput:1.0
servic:1.0
depart:1.0
rootstown:1.0
oh:1.0
44272:1.0
9995:1.0
usa:1.0
phone:1.0
216:1.0
325:1.0
2511:1.0
140:1.0
220:1.0
1:1.6931471805599454
146:1.0
580:1.0
n8wed:1.0
