wtm:1.6931471805599454
uhura:1.6931471805599454
neoucom:2.09861228866811
edu:1.6931471805599454
bill:1.6931471805599454
mayhew:1.6931471805599454
subject:1.0
nuclear:2.09861228866811
site:1.0
cool:2.6094379124341005
tower:2.09861228866811
keyword:1.0
organ:1.0
northeastern:1.0
ohio:1.0
univers:1.0
colleg:1.0
medicin:1.0
line:1.0
25:1.0
complet:1.0
thought:1.0
water:1.0
circul:1.0
heat:1.6931471805599454
exchang:1.6931471805599454
recondens:1.0
turbin:2.386294361119891
exhaust:1.0
back:1.0
feedwat:2.386294361119891
transfer:1.0
energi:1.0
reactor:2.09861228866811
circuit:2.09861228866811
etc:1.6931471805599454
c:1.0
close:1.0
loop:1.0
prevent:1.0
radioact:1.0
contamin:1.6931471805599454
separ:1.0
avoid:1.0
atmospher:1.0
contamininat:1.0
purifi:1.0
boiler:1.0
import:1.0
busi:1.0
fossil:1.0
fire:1.0
gener:1.0
facil:1.0
comput:1.0
servic:1.0
depart:1.0
rootstown:1.0
oh:1.0
44272:1.0
9995:1.0
usa:1.0
phone:1.0
216:1.0
325:1.0
2511:1.0
140:1.0
220:1.0
1:1.6931471805599454
146:1.0
580:1.0
n8wed:1.0
