donrm:1.6931471805599454
sr:1.6931471805599454
hp:2.09861228866811
com:1.6931471805599454
montgomeri:1.6931471805599454
subject:1.0
radio:1.6931471805599454
shack:1.6931471805599454
batteri:1.6931471805599454
month:1.6931471805599454
club:1.6931471805599454
organ:1.0
sonoma:1.0
counti:1.0
srsd:1.0
mwtd:1.0
mid:1.0
x:1.0
newsread:1.0
tin:1.0
version:1.0
1:1.6931471805599454
pl9:1.0
2:1.0
line:1.0
10:1.0
cancel:1.0
anyon:1.0
know:1.0
say:1.0
honor:1.0
exist:1.0
card:1.6931471805599454
custom:1.0
hand:1.0
new:1.0
issu:1.0
