dtmedin:2.386294361119891
catbyt:2.386294361119891
b30:2.386294361119891
ingr:2.386294361119891
com:2.09861228866811
dave:1.6931471805599454
medin:1.6931471805599454
subject:1.0
emul:1.6931471805599454
pod:2.09861228866811
repli:1.0
organ:1.0
intergraph:1.6931471805599454
corpor:1.0
huntsvil:1.6931471805599454
al:1.6931471805599454
line:1.0
23:1.0
surplu:1.0
deal:1.0
buddi:1.0
mine:1.6931471805599454
came:1.0
two:1.0
thp64220c:1.0
hp:1.0
64100:1.6931471805599454
develop:1.0
station:1.0
8086:1.0
target:1.0
tprocessor:1.0
dip:1.0
head:1.6931471805599454
includ:1.0
board:1.0
plug:1.0
tthe:1.0
tappli:1.0
microsystem:1.0
80c186:1.0
188:1.0
lcc:1.0
interest:1.0
either:1.0
let:1.0
know:1.6931471805599454
look:1.6931471805599454
excel:1.0
condit:1.0
may:1.0
mean:1.0
cheap:1.0
tphone:1.0
205:1.6931471805599454
730:1.0
3169:1.0
w:1.0
ssd:1.0
network:1.0
837:1.0
1174:1.0
h:1.0
corp:1.0
gd3004:1.0
tinternet:1.0
35894:1.0
tuucp:1.0
uunet:1.0
everywher:1.0
least:1.0
around:1.0
offic:1.0
opinion:1.0
express:1.0
machin:1.0
