bill:2.6094379124341005
xpresso:2.386294361119891
uucp:2.6094379124341005
vanc:1.6931471805599454
subject:1.0
help:1.0
construct:1.6931471805599454
home:1.6931471805599454
built:1.6931471805599454
batteri:2.09861228866811
3rd:1.0
grade:1.6931471805599454
sci:1.0
report:1.6931471805599454
distribut:1.0
usa:1.0
organ:1.6931471805599454
n:1.0
import:1.0
right:1.0
line:1.0
32:1.0
x:1.0
newsread:1.0
tin:1.0
version:1.6931471805599454
1:1.6931471805599454
pl9:1.0
dean:2.09861228866811
anne:2.9459101490553135
pwa:2.09861228866811
b:2.09861228866811
wrote:1.0
9:1.0
yr:1.0
old:1.0
son:1.0
sign:1.0
scienc:1.0
wonder:1.0
anyon:1.0
could:1.0
provid:1.0
inform:1.0
school:1.0
day:1.0
rememb:1.6931471805599454
see:1.0
ice:1.0
cube:1.0
tray:1.0
use:1.0
good:1.0
electrolyt:1.0
easili:1.0
obtain:1.0
metal:2.09861228866811
thank:1.0
advanc:1.0
w:1.6931471805599454
pratt:1.6931471805599454
whitney:1.6931471805599454
aircraft:1.6931471805599454
comput:1.6931471805599454
system:1.6931471805599454
specialist:1.6931471805599454
161:1.6931471805599454
05:1.6931471805599454
203:1.6931471805599454
565:1.6931471805599454
9372:1.6931471805599454
desk:1.6931471805599454
5016:1.6931471805599454
fax:1.6931471805599454
400:1.6931471805599454
main:1.6931471805599454
st:1.6931471805599454
ooo:1.6931471805599454
v:1.6931471805599454
uunet:1.6931471805599454
east:1.6931471805599454
hartford:1.6931471805599454
ct:1.6931471805599454
06108:1.6931471805599454
live:1.6931471805599454
ride:1.6931471805599454
internet:1.0
pwfire:1.0
pweh:1.0
utc:1.0
com:1.0
one:2.09861228866811
test:1.0
result:1.0
worth:1.0
thousand:1.0
expert:1.0
opinion:1.0
wernher:1.0
von:1.0
braun:1.0
simplest:1.0
easi:1.0
take:1.0
lemon:1.0
citru:1.0
type:1.0
fruit:1.0
stick:1.0
pair:1.0
strip:1.6931471805599454
contact:1.6931471805599454
two:1.0
must:1.0
disimelar:1.0
like:1.0
copper:1.0
zinc:1.0
connect:1.0
voltmet:1.0
read:1.0
voltag:1.0
bothel:1.0
wa:1.0
rwing:1.0
listen:1.6931471805599454
uuxpresso:1.0
