mike:2.09861228866811
diack:1.0
staff:1.0
tc:1.0
umn:2.09861228866811
edu:2.09861228866811
subject:1.0
anyon:2.09861228866811
know:1.6931471805599454
data:1.6931471805599454
devic:1.6931471805599454
progger:1.0
x:2.09861228866811
xxmessag:1.0
id:1.0
a7f5dae6e6026550:1.0
dialup:1.6931471805599454
slip:1.6931471805599454
1:2.09861228866811
80:1.6931471805599454
gw:1.6931471805599454
xxdate:1.0
sat:1.0
17:1.0
apr:1.0
93:1.0
16:1.0
03:1.0
50:1.0
gmt:1.0
nntp:1.0
post:1.0
host:1.0
organ:1.0
persian:1.0
cat:1.0
carpet:1.0
co:1.0
userag:1.0
nuntiu:1.0
v1:1.0
1d7:1.0
line:1.0
9:1.0
keep:1.0
find:1.0
programm:1.6931471805599454
local:1.0
junk:1.6931471805599454
shop:1.0
may:1.6931471805599454
mean:1.0
inde:1.0
like:1.6931471805599454
hear:1.6931471805599454
el:1.0
met:1.0
basic:1.0
29a:1.0
univers:1.0
usual:1.0
pod:1.0
logicpak:1.0
303a:1.6931471805599454
vo4:1.0
001:1.0
program:1.0
tester:1.0
adapt:1.0
realli:1.0
whether:1.0
monster:1.0
worth:1.0
bother:1.0
want:1.0
blast:1.0
palce22v10:1.0
idea:1.0
folk:1.0
