martinkm:1.0
leland:1.0
stanford:1.6931471805599454
edu:1.0
kenneth:1.0
michael:1.0
martin:1.6931471805599454
subject:1.0
pad:1.0
model:1.6931471805599454
68hc11:1.6931471805599454
organ:1.0
dsg:1.0
univers:1.0
ca:1.0
94305:1.0
usa:1.0
line:1.0
5:1.0
anyon:1.0
done:1.6931471805599454
52:1.0
pin:1.0
version:1.0
seem:1.0
big:1.0
job:1.0
someon:1.0
el:1.0
alreadi:1.0
mani:1.0
thank:1.0
ken:1.0
