rsf:1.6931471805599454
cbnewsb:1.0
cb:1.0
att:1.6931471805599454
com:1.6931471805599454
roberto:1.0
freir:1.6931471805599454
subject:1.0
fluke:2.09861228866811
scopemet:2.09861228866811
organ:1.0
line:1.0
14:1.0
anybodi:1.0
use:1.0
test:1.0
new:1.0
compar:1.6931471805599454
low:1.0
end:1.0
tectronix:1.0
oscilloscop:1.0
big:1.0
drawback:1.0
handheld:1.0
scope:1.6931471805599454
benchtop:1.0
price:1.0
rang:1.0
1000:1.0
2000:1.0
info:1.0
would:1.0
greatli:1.0
appreci:1.0
thank:1.0
bob:1.0
houxa:1.0
