wb8foz:2.09861228866811
skybridg:2.386294361119891
scl:2.386294361119891
cwru:2.386294361119891
edu:2.386294361119891
david:1.6931471805599454
lesher:1.6931471805599454
subject:1.0
explod:2.09861228866811
tv:1.0
organ:1.0
nrk:1.0
clinic:1.0
habitu:1.0
netnew:1.0
abus:1.0
beltway:1.0
annex:1.0
line:1.0
11:1.0
distribut:1.0
usa:1.0
repli:1.0
nntp:1.0
post:1.0
host:2.6094379124341005
other:1.0
said:1.0
would:1.0
pictur:1.0
tube:1.0
even:1.0
smoke:1.0
naw:1.0
penguin:1.0
top:1.0
set:1.0
coast:1.6931471805599454
one:1.0
talk:1.0
close:1.6931471805599454
301:1.0
56:1.0
linux:1.0
unless:1.0
pob:1.0
1433:1.6931471805599454
busi:1.0
hung:1.0
dead:1.0
20915:1.0
