kolstad:2.09861228866811
cae:1.0
wisc:1.0
edu:1.0
joel:1.6931471805599454
subject:1.0
radio:1.6931471805599454
shack:1.6931471805599454
voic:1.6931471805599454
recognit:1.6931471805599454
chip:1.6931471805599454
organ:1.0
u:1.0
wisconsin:1.0
madison:1.0
colleg:1.0
engin:1.0
distribut:1.0
usa:1.0
line:1.0
10:1.0
hi:1.0
friend:1.0
like:1.0
get:1.0
hold:1.0
bunch:1.0
simpl:1.0
use:1.0
sell:1.0
longer:1.0
anybodi:1.0
know:1.0
sourc:1.0
plea:1.0
e:1.0
mail:1.0
forward:1.0
respons:1.0
thank:1.0
