myer:2.386294361119891
hpfcso:1.0
fc:1.6931471805599454
hp:1.6931471805599454
com:1.6931471805599454
bob:1.6931471805599454
subject:1.0
sublimin:1.6931471805599454
messag:1.6931471805599454
flash:1.6931471805599454
tv:2.791759469228055
organ:1.0
hewlett:1.6931471805599454
packard:1.6931471805599454
fort:1.6931471805599454
collin:1.6931471805599454
co:1.6931471805599454
usa:1.0
line:1.6931471805599454
18:1.0
hi:1.0
research:2.09861228866811
suggest:1.0
psycholog:1.0
paper:1.0
read:1.0
one:1.6931471805599454
hidden:1.0
screen:1.6931471805599454
1:2.386294361119891
200th:1.0
second:2.386294361119891
possibl:1.0
thought:1.0
maximum:1.0
rate:1.6931471805599454
even:2.09861228866811
capabl:1.0
display:2.09861228866811
imag:2.386294361119891
30th:1.0
60th:1.0
compos:1.0
odd:1.0
scan:1.0
correct:1.0
fastest:1.0
complet:1.0
could:1.0
present:1.0
would:1.0
field:1.0
60:1.0
approxim:1.0
cours:1.0
phrase:1.0
often:1.0
thrown:1.0
around:1.0
refer:1.0
crt:1.0
perhap:1.0
use:1.0
normal:1.0
might:1.0
vector:1.0
strokewrit:1.0
case:1.0
lower:1.0
limit:1.6931471805599454
time:1.0
anyon:1.0
guess:1.0
probabl:1.0
phosphor:1.0
persist:1.0
kc0ew:1.0
opinion:1.0
express:1.0
system:1.0
technolog:1.0
div:1.0
employ:1.0
colorado:1.0
sentient:1.0
life:1.0
form:1.0
planet:1.0
