mcovingt:1.6931471805599454
aisun3:1.6931471805599454
ai:2.386294361119891
uga:2.09861228866811
edu:2.09861228866811
michael:1.6931471805599454
covington:1.6931471805599454
subject:1.0
telephon:1.0
hook:2.791759469228055
hok:1.0
nntp:1.0
post:1.0
host:1.0
organ:1.0
program:1.6931471805599454
univers:1.6931471805599454
georgia:2.09861228866811
athen:1.6931471805599454
line:2.09861228866811
26:1.0
articl:1.0
734953838:1.0
aa00506:1.0
insan:1.6931471805599454
apana:1.6931471805599454
org:1.6931471805599454
au:1.6931471805599454
peter:1.6931471805599454
tryndoch:1.0
write:1.0
mc:2.09861228866811
aye:1.0
rub:1.0
draw:1.6931471805599454
enough:1.0
current:2.09861228866811
light:1.0
led:1.6931471805599454
th:1.0
equip:1.0
phone:2.386294361119891
compani:1.6931471805599454
think:1.0
gone:1.0
state:1.0
suppos:1.0
ok:1.0
let:1.6931471805599454
calcul:1.0
go:1.0
australian:1.0
standard:1.6931471805599454
presum:1.0
might:1.0
similar:1.0
countri:1.0
input:1.0
use:1.0
600ohm:1.0
loop:1.6931471805599454
48v:1.0
80ma:1.0
drain:1.0
20ma:1.0
actual:1.0
requir:1.0
indic:1.0
know:1.0
60:1.0
microamper:1.0
someth:1.0
like:1.0
10:1.0
defect:1.0
come:1.0
look:1.0
leaki:1.0
insul:1.0
associ:1.0
research:1.0
scientist:1.0
artifici:1.0
intellig:1.0
706:1.0
542:1.0
0358:1.0
30602:1.0
7415:1.0
u:1.0
amateur:1.0
radio:1.0
n4tmi:1.0
