ianmc:1.0
spartan:1.0
ac:1.0
brocku:1.0
ca:1.0
ian:1.6931471805599454
mcpherson:1.0
subject:1.0
chip:2.09861228866811
chipset:1.6931471805599454
code:2.6094379124341005
39:2.09861228866811
barcod:2.386294361119891
organ:1.0
brock:1.0
univers:1.0
st:1.0
catharin:1.0
ontario:1.0
x:1.0
newsread:1.0
tin:1.0
version:1.0
1:1.6931471805599454
pl9:1.0
line:1.0
26:1.0
llbgb:1.0
utxdp:1.0
dp:1.0
utexa:2.09861228866811
edu:2.09861228866811
wrote:1.0
distribut:1.0
usa:1.0
repli:1.6931471805599454
lihan:1.6931471805599454
ccwf:1.6931471805599454
cc:1.6931471805599454
net:1.0
bug:1.0
everyon:1.6931471805599454
thing:1.0
decod:1.6931471805599454
ask:1.0
coupl:1.6931471805599454
reason:2.09861228866811
mainli:1.0
want:1.0
compact:1.0
encod:1.0
scheme:1.0
write:1.0
inform:1.0
magstrip:1.0
card:1.0
appear:1.0
right:1.6931471805599454
way:1.0
someth:1.0
el:1.0
easi:1.0
someon:1.0
let:1.0
know:1.0
might:1.0
get:1.6931471805599454
chanc:1.0
quickli:1.0
earlier:1.0
post:1.0
within:1.0
day:1.0
think:1.0
thanx:1.0
bgb:1.0
hewlett:1.0
packard:1.0
seri:1.0
ic:1.0
hbcr:2.09861228866811
1800:1.6931471805599454
2000:1.6931471805599454
2010:1.6931471805599454
support:1.6931471805599454
3of9:1.6931471805599454
extend:1.0
interleav:1.0
2of5:1.0
upc:1.0
piec:1.0
add:1.0
codabar:1.0
128:1.0
hp:1.0
wand:1.6931471805599454
slot:1.0
reader:1.0
hed:1.0
3050:1.0
run:1.0
150:1.0
cdn:1.0
