mcole:1.0
spock:1.6931471805599454
cole:1.0
subject:1.0
8051:1.6931471805599454
microcontrol:1.0
organ:1.0
new:1.0
mexico:1.0
state:1.0
univers:1.0
line:1.0
3:1.0
nntp:1.0
post:1.0
host:1.0
nmsu:1.0
edu:1.0
would:1.0
like:1.0
experi:1.0
intel:1.0
famili:1.0
anyon:1.0
know:1.0
good:1.0
ftp:1.0
site:1.0
might:1.0
compili:1.0
assembl:1.0
etc:1.0
