nagl:2.09861228866811
netcom:1.6931471805599454
com:1.6931471805599454
john:1.0
subject:1.6931471805599454
nuclear:3.1972245773362196
site:2.386294361119891
cool:2.9459101490553135
tower:2.386294361119891
organ:1.0
line:1.6931471805599454
commun:1.0
servic:1.0
408:1.0
241:1.0
9760:1.0
guest:1.0
42:1.0
wayn:1.0
alan:1.0
martin:1.0
wm1h:1.0
andrew:1.0
cmu:1.0
edu:2.09861228866811
write:1.0
excerpt:1.0
netnew:1.0
sci:1.0
electron:1.0
16:1.6931471805599454
apr:1.6931471805599454
93:1.6931471805599454
r:1.6931471805599454
tim:1.6931471805599454
coslet:1.6931471805599454
cup:1.6931471805599454
portal:1.6931471805599454
date:1.0
fri:1.0
21:1.6931471805599454
27:1.0
pdt:1.0
articl:1.0
1qlg9o:1.0
d7q:1.0
sequoia:1.0
ccsd:1.0
ut:1.6931471805599454
au:1.6931471805599454
swalker:1.0
s87271077:1.0
walker:1.0
man:1.0
50:1.0
wrote:1.0
realli:1.0
know:1.6931471805599454
post:1.0
question:1.0
figur:1.0
board:1.0
would:1.0
appropri:1.0
wonder:1.0
massiv:1.0
concret:1.0
cylind:1.6931471805599454
ever:1.0
present:1.0
poer:1.0
look:1.0
like:1.0
pinch:1.0
middl:1.0
anybodi:1.0
actual:1.6931471805599454
purpos:1.0
thing:1.0
hear:1.0
call:1.0
heck:1.0
great:1.0
explain:1.0
howev:1.0
left:1.0
one:1.6931471805599454
detail:1.0
alway:1.6931471805599454
see:1.0
plant:3.302585092994046
fossil:2.386294361119891
fuel:2.386294361119891
prefer:1.0
run:2.09861228866811
water:3.302585092994046
close:1.6931471805599454
cycl:1.6931471805599454
wherea:1.0
case:1.0
get:2.09861228866811
away:1.0
dump:1.0
hot:2.09861228866811
recal:1.0
thermodynam:1.0
mani:1.0
cours:1.0
le:1.0
danger:1.0
radioact:1.0
contamin:1.0
hotter:1.0
usual:1.6931471805599454
boil:1.6931471805599454
reactor:1.0
gripe:1.0
industri:1.0
power:1.0
use:2.09861228866811
1900:1.0
vintag:1.0
steam:2.09861228866811
technolog:1.0
import:1.0
cold:1.6931471805599454
end:1.0
system:1.0
possibl:1.0
henc:1.0
big:1.0
oil:1.0
ga:1.0
fire:1.0
also:1.0
condens:1.6931471805599454
size:1.0
back:1.0
way:1.0
ambient:1.0
rather:1.0
air:1.0
canadian:1.0
offici:1.0
ask:1.0
thermal:1.0
pollut:1.0
de:1.0
ice:1.0
river:1.0
said:1.0
view:1.0
heat:1.0
resourc:1.0
everybodi:1.0
boiler:2.386294361119891
purifi:1.6931471805599454
solid:1.0
otherwis:1.0
crud:1.0
plumb:1.0
bigger:1.0
job:1.0
recycl:1.0
tjohn:1.0
