al:1.6931471805599454
qiclab:2.09861228866811
scn:2.09861228866811
rain:1.6931471805599454
com:1.6931471805599454
alan:1.6931471805599454
peterman:1.6931471805599454
subject:1.0
fluke:2.386294361119891
sale:1.0
dmm:1.0
advic:1.0
need:1.0
keyword:1.0
8062a:1.6931471805599454
115:1.6931471805599454
articl:1.0
1993apr17:1.0
202510:1.0
1992:1.0
organ:1.0
research:1.0
qic:1.0
laboratori:1.0
tigard:1.0
oregon:1.0
line:1.0
13:1.0
spare:1.0
true:1.0
rm:1.0
digit:1.6931471805599454
meter:1.6931471805599454
4:1.0
5:1.0
display:1.0
averag:1.0
condit:1.0
use:1.0
work:1.6931471805599454
fine:1.0
btw:1.0
accord:1.0
fellow:1.0
design:1.0
convert:1.0
8060a:1.0
function:1.0
clip:1.0
jumper:1.0
ad:1.0
2:1.0
extra:1.0
switch:1.0
like:1.0
said:1.0
seem:1.0
fair:1.0
sell:1.0
300:1.0
new:1.0
l:1.0
503:1.0
684:1.0
1984:1.0
hm:1.0
odd:1.0
get:1.0
older:1.0
day:1.0
longer:1.0
year:1.0
shorter:1.0
