dannyb:1.6931471805599454
panix:2.09861228866811
com:1.6931471805599454
daniel:1.0
burstein:1.0
subject:1.0
nuclear:2.791759469228055
site:1.0
cool:2.09861228866811
tower:2.09861228866811
organ:1.0
public:1.0
access:1.0
unix:1.0
nyc:1.6931471805599454
line:1.0
27:1.0
lot:1.0
pretti:1.0
good:1.0
stuff:1.0
huge:1.0
near:1.6931471805599454
power:2.386294361119891
plant:2.9459101490553135
use:2.09861228866811
steam:2.09861228866811
back:1.0
ambient:1.0
temperatur:1.0
water:2.791759469228055
delet:1.0
recal:1.0
hot:2.09861228866811
thermodynam:1.0
mani:1.0
fossil:2.09861228866811
fuel:2.09861228866811
cours:1.0
le:1.6931471805599454
danger:1.0
radioact:1.0
contamin:1.0
actual:1.6931471805599454
run:1.0
hotter:1.0
usual:1.6931471805599454
boil:1.0
reactor:1.0
gripe:1.0
industri:1.0
1900:1.0
vintag:1.0
technolog:1.0
import:1.0
get:2.09861228866811
cold:1.6931471805599454
end:1.0
system:1.0
possibl:1.0
henc:1.0
big:1.0
point:1.6931471805599454
info:1.0
earli:1.0
countri:1.0
fission:1.0
pile:1.0
first:1.0
stage:1.6931471805599454
second:1.0
step:1.0
rememb:1.0
see:1.0
con:1.0
edison:1.0
indian:1.0
1:1.0
30:1.0
mile:1.0
north:1.0
built:1.0
1958:1.0
disclaim:1.0
appli:1.0
whatev:1.0
may:1.0
