victor:2.6094379124341005
inqmind:2.09861228866811
bison:2.09861228866811
mb:2.09861228866811
ca:2.09861228866811
lake:1.6931471805599454
subject:1.0
make:1.6931471805599454
copi:2.09861228866811
video:2.386294361119891
tape:2.791759469228055
keyword:1.0
organ:1.0
inquir:1.6931471805599454
mind:2.09861228866811
bb:1.6931471805599454
1:1.0
204:1.6931471805599454
488:1.6931471805599454
1607:1.6931471805599454
line:1.0
35:1.0
hooperw:1.0
spot:1.0
colorado:1.0
edu:1.0
wayn:1.0
hooper:1.0
write:1.6931471805599454
experienc:1.0
call:1.0
macrovis:1.0
protect:2.791759469228055
use:2.09861228866811
two:1.6931471805599454
way:1.0
around:1.6931471805599454
know:1.6931471805599454
first:1.6931471805599454
tri:1.0
differ:1.0
vcr:3.0794415416798357
onto:1.0
input:1.0
react:2.6094379124341005
sometim:1.0
switch:1.0
take:1.0
care:1.0
model:1.0
also:1.6931471805599454
affect:1.0
view:1.6931471805599454
problem:2.386294361119891
coupl:1.0
rent:1.0
virtual:1.0
unview:1.0
fiddl:1.0
tune:1.0
track:1.0
vertic:1.0
hold:1.0
good:1.0
sound:1.0
like:1.0
tv:2.09861228866811
one:2.386294361119891
poor:1.0
macroscrubb:1.0
radio:1.0
electron:1.0
remov:1.0
souldn:1.0
howev:1.0
method:1.0
anoth:1.0
second:1.6931471805599454
end:1.0
duplic:1.0
includ:1.0
thought:1.0
come:1.0
play:1.0
feed:1.6931471805599454
signal:1.0
sourc:1.0
extra:1.0
devic:1.6931471805599454
go:1.0
convert:1.0
would:1.0
safe:1.0
might:1.0
want:1.0
sure:1.0
noth:1.0
winnipeg:1.0
manitoba:1.0
