henri:2.6094379124341005
zoo:1.6931471805599454
toronto:2.386294361119891
edu:2.386294361119891
spencer:1.6931471805599454
subject:1.0
74act:1.0
organ:1.0
u:1.6931471805599454
zoolog:1.6931471805599454
line:1.0
86:1.0
articl:1.0
1qhrq9innlri:1.0
crcnis1:1.0
unl:1.6931471805599454
mpaul:1.0
marxhausen:1.0
paul:1.0
write:1.0
ok:1.0
quick:1.0
rundown:1.0
7400:1.0
seri:1.6931471805599454
variat:1.6931471805599454
repair:1.0
someth:1.6931471805599454
74act00:1.0
question:1.0
aris:1.0
well:1.0
realli:1.0
need:1.0
act:1.6931471805599454
part:1.6931471805599454
flip:1.0
digi:1.0
key:1.0
see:1.0
al:1.0
c:1.0
hc:1.0
ac:1.0
acq:1.0
hct:1.0
acht:1.0
hctl:1.0
post:1.0
year:1.0
ago:1.0
fulli:1.0
date:1.0
new:1.6931471805599454
differ:1.0
manufactur:1.0
synonym:1.0
practic:1.0
term:1.0
ignor:1.0
technolog:1.0
detail:1.0
view:1.6931471805599454
famili:3.1972245773362196
nb:1.0
giant:1.0
corpor:1.0
influenc:1.0
thing:2.09861228866811
like:2.09861228866811
avail:2.6094379124341005
backward:1.0
compat:2.791759469228055
74:3.3978952727983707
tthe:2.09861228866811
origin:1.0
speed:3.302585092994046
good:2.09861228866811
power:2.791759469228055
consumpt:2.791759469228055
fair:1.0
effect:1.6931471805599454
tobsolet:1.0
use:3.302585092994046
74l:2.791759469228055
later:1.0
except:1.6931471805599454
oddbal:1.0
tfunction:1.0
7407:1.0
hard:1.6931471805599454
find:1.6931471805599454
newer:1.6931471805599454
74h:1.0
tmodif:1.6931471805599454
higher:2.09861228866811
cost:2.09861228866811
tpower:2.386294361119891
obsolet:2.386294361119891
74f:2.791759469228055
lower:2.386294361119891
tveri:1.6931471805599454
cmo:2.9459101490553135
tlater:1.0
modif:1.0
even:1.0
tcombin:1.0
compar:2.09861228866811
best:1.0
round:1.0
ttl:3.0794415416798357
widest:1.0
varieti:1.0
tdevic:1.0
tfast:1.0
blaze:1.0
bad:1.0
clear:1.0
choic:2.09861228866811
high:1.6931471805599454
tspeed:1.0
price:1.6931471805599454
gener:1.6931471805599454
74a:1.6931471805599454
tfail:1.0
competitor:1.0
although:1.0
tthat:1.0
thu:1.0
still:2.09861228866811
74al:1.0
tpossibl:1.0
replac:1.0
soup:1.0
fairli:1.0
tnew:1.0
possibl:1.6931471805599454
problem:1.0
74c:2.09861228866811
tfairli:1.0
old:2.09861228866811
devic:2.386294361119891
pinout:1.6931471805599454
compet:1.0
t4000:1.0
success:1.0
4000:2.6094379124341005
tcmo:1.6931471805599454
thrown:1.6931471805599454
major:1.6931471805599454
non:1.6931471805599454
ecl:2.09861228866811
logic:2.791759469228055
tfamili:1.0
viabl:1.0
wide:1.6931471805599454
rang:2.09861228866811
low:1.6931471805599454
suppli:1.6931471805599454
voltag:2.09861228866811
fast:2.09861228866811
forgiv:1.6931471805599454
easi:1.0
work:2.791759469228055
bewar:1.6931471805599454
static:1.0
electr:1.0
tbut:1.0
comment:1.6931471805599454
appli:1.0
mani:1.6931471805599454
modern:1.0
tthere:1.0
neat:1.0
exist:1.0
tclear:1.0
import:1.0
74hc:2.6094379124341005
ta:1.0
attempt:1.0
tconsumpt:1.6931471805599454
often:1.0
tgener:1.0
purpos:1.0
assum:1.0
afford:1.0
level:2.09861228866811
one:2.09861228866811
limit:1.6931471805599454
tsuppli:1.0
older:1.0
also:1.0
rise:1.0
faster:1.0
74hct:1.0
t74hc:1.0
much:1.6931471805599454
read:2.09861228866811
fine:1.0
print:1.0
tin:1.0
involv:1.0
compromis:1.0
10k:2.386294361119891
freak:1.6931471805599454
end:1.0
variou:1.0
sourc:1.0
tclaim:1.0
easier:1.0
super:1.0
tseriou:1.0
le:1.6931471805599454
though:1.0
follow:1.0
rule:1.0
hobbyist:1.0
tcan:1.0
expens:1.0
100k:1.6931471805599454
real:1.0
hot:1.0
harder:1.0
handl:1.0
tinconveni:1.0
packag:1.0
datasheet:1.0
howev:1.0
74x:1.0
drive:1.0
74i:1.0
output:1.0
vari:1.0
enorm:1.0
x:1.0
spec:1.0
arithmet:1.0
other:1.0
bit:1.6931471805599454
hassl:2.386294361119891
lot:1.0
depend:1.0
anyth:1.0
el:1.0
consider:1.0
sprinkl:1.0
interest:1.0
either:1.0
significantli:1.0
yet:1.0
man:1.0
kipl:1.0
utzoo:1.0
