chri:1.6931471805599454
alien:1.6931471805599454
saar:1.6931471805599454
de:1.6931471805599454
christian:2.09861228866811
reisel:2.09861228866811
distribut:1.0
world:1.0
organ:1.0
chao:1.0
live:1.0
subject:1.0
nuclear:2.6094379124341005
site:1.0
cool:3.5649493574615367
tower:3.1972245773362196
repli:1.0
x:1.0
softwar:1.0
herm:1.0
gu:1.0
1:2.791759469228055
10:1.0
rev:1.0
mar:1.0
3:1.0
1993:1.0
mime:1.0
version:1.0
0:2.791759469228055
content:1.6931471805599454
type:1.0
text:1.0
plain:1.0
charset:1.0
u:1.6931471805599454
ascii:1.0
transfer:1.0
encod:1.0
7bit:1.0
line:1.0
82:1.0
c5l5x0:1.0
kj7:1.0
vcd:1.6931471805599454
hp:1.6931471805599454
com:1.0
john:2.09861228866811
eaton:1.6931471805599454
write:1.0
fission:1.0
reaction:1.0
uranium:2.6094379124341005
fuel:1.0
get:3.0794415416798357
hot:2.09861228866811
enough:1.0
melt:1.6931471805599454
happen:1.0
liquid:1.0
pump:1.0
spray:1.0
air:1.6931471805599454
contact:1.0
outsid:1.0
condens:1.6931471805599454
mist:1.0
fall:1.0
back:1.0
floor:1.0
collect:1.0
clean:1.0
crew:1.0
use:2.09861228866811
shop:1.0
vac:1.0
reform:1.0
pellet:1.0
reactor:2.09861228866811
next:1.6931471805599454
day:1.6931471805599454
lot:1.6931471805599454
taller:1.0
realli:1.0
need:1.6931471805599454
power:1.6931471805599454
compani:1.6931471805599454
forc:1.0
make:1.0
tall:1.0
enviroment:1.0
law:2.09861228866811
requir:1.0
raw:1.0
emis:1.0
held:1.0
attack:1.6931471805599454
lawyer:1.0
argu:1.0
measur:1.0
edg:1.6931471805599454
properti:1.0
rather:1.0
elimin:1.0
save:1.0
thousand:1.0
dollar:1.0
concret:1.0
cost:1.0
new:1.6931471805599454
nuke:1.0
think:2.09861228866811
post:1.0
articl:1.0
15:1.0
late:1.0
april:1.0
1st:1.6931471805599454
like:1.0
powerpl:1.6931471805599454
fair:1.0
tell:1.0
stori:1.0
ok:1.6931471805599454
let:1.6931471805599454
tri:1.0
explain:1.0
even:2.09861228866811
modernst:1.6931471805599454
simpl:1.0
steam:3.302585092994046
engin:1.0
hightech:1.0
boiler:1.6931471805599454
rest:1.0
still:2.09861228866811
verri:2.386294361119891
convent:1.0
alreadi:1.0
visit:1.0
powerst:1.0
l:1.0
seen:1.0
look:1.0
good:1.0
book:1.0
thermophys:1.0
find:1.0
chapter:1.0
carnot:1.6931471805599454
process:1.0
describ:1.0
energi:2.6094379124341005
temperatur:2.386294361119891
differ:1.0
reason:1.0
gradient:1.0
mean:1.0
one:1.6931471805599454
side:2.09861228866811
till:1.0
water:1.6931471805599454
want:1.0
aprox:1.0
30:1.6931471805599454
better:1.0
brought:1.0
boil:1.0
cold:1.0
loo:1.0
much:1.0
least:1.6931471805599454
give:1.0
vapor:1.0
see:1.0
main:1.6931471805599454
core:1.6931471805599454
circul:1.6931471805599454
radioact:1.6931471805599454
divid:1.0
2:2.09861228866811
circuit:1.0
connect:1.0
heat:1.0
exchang:1.0
prevent:1.0
pollut:1.0
environ:1.0
2nd:1.0
hightemperatur:1.0
htr:1.0
run:1.0
800:1.0
deg:2.09861228866811
celsiu:2.09861228866811
far:1.0
away:1.0
point:1.6931471805599454
somewher:1.0
around:1.0
2000:1.0
problem:1.0
steel:1.0
metal:1.0
corrod:1.0
fast:1.0
bwr:1.0
1200:1.0
experiment:1.0
3rd:1.0
personali:1.0
wast:1.0
low:1.0
ever:1.0
possibl:1.0
dose:1.0
accumul:1.6931471805599454
year:2.09861228866811
today:1.0
mrem:2.386294361119891
5:1.6931471805599454
75:1.0
80:1.0
interest:1.0
glow:1.0
night:1.0
child:1.0
head:1.0
view:1.0
02:1.0
student:1.0
electron:1.0
scienc:1.0
goldammerweg:1.0
w:1.6931471805599454
6601:1.0
buebingen:1.0
germani:1.0
voic:1.0
49:1.6931471805599454
6805:1.6931471805599454
22179:1.6931471805599454
fax:1.0
email:1.0
pgp:1.0
pubkey:1.0
begin:1.0
777:1.0
pcr:1.0
pub:1.0
mf5l:1.0
p:1.0
q:1.6931471805599454
296es96pl:1.0
h:1.0
fe:1.0
ea:1.0
ox:1.0
p7r5:1.0
f0qy1q:1.0
sy:1.0
dz0l:1.0
6:1.0
mmo:1.0
k:1.0
vh:1.0
6mx:1.0
7g:1.0
mf:1.0
h5kl:1.0
89:1.0
5fi6:1.0
9m:1.0
04:1.0
end:1.0
