baden:2.6094379124341005
sys6626:1.6931471805599454
bison:2.09861228866811
mb:2.09861228866811
ca:2.09861228866811
de:1.6931471805599454
bari:1.6931471805599454
subject:1.0
board:2.09861228866811
quiri:1.0
organ:1.0
system:1.0
6626:1.0
bb:1.0
winnipeg:1.0
manitoba:1.0
canada:1.0
line:1.6931471805599454
21:1.0
got:2.09861228866811
use:1.6931471805599454
measur:1.0
voltag:2.6094379124341005
properli:1.0
ie:1.0
7v:2.09861228866811
power:1.0
suppli:1.0
reg:1.6931471805599454
5v:1.6931471805599454
problem:1.6931471805599454
input:2.09861228866811
wish:1.0
lower:2.09861228866811
via:1.0
resistor:1.6931471805599454
sensit:1.0
great:1.0
triger:1.0
hold:1.0
5:1.0
wire:1.0
one:1.0
hand:1.0
touch:1.0
probe:1.0
regist:1.0
full:1.0
1m:1.0
1v:1.0
feesabl:1.0
could:1.6931471805599454
el:1.0
btw:1.0
ground:1.0
correctli:1.0
inspir:1.0
come:1.0
inqmind:1.0
seek:1.0
unknown:1.0
