ale:1.0
ec:1.0
uma:1.0
edu:1.0
subject:1.0
need:1.0
find:1.6931471805599454
number:2.09861228866811
phone:1.6931471805599454
line:2.386294361119891
13:1.0
greet:1.0
situat:1.0
jack:1.0
mount:1.0
wall:1.0
know:1.0
want:1.0
call:1.0
oper:1.0
place:1.0
trace:1.0
question:1.0
certain:1.0
devic:1.0
use:1.0
thank:1.0
respons:1.0
al:1.0
