andrei:1.6931471805599454
labomath:1.0
univ:1.0
orlean:1.6931471805599454
fr:1.0
yakovlev:1.0
subject:1.0
refer:1.0
switch:1.0
capacitor:1.0
filter:1.0
ic:1.6931471805599454
want:1.0
organ:1.0
univers:1.0
franc:1.0
line:1.0
9:1.0
hi:1.0
would:1.0
like:1.0
know:1.0
popular:1.0
type:1.0
capabl:1.0
channel:1.0
et:1.0
c:1.0
price:1.0
great:1.0
thank:1.0
andrew:1.0
