jhwhit01:1.6931471805599454
ulkyvx:2.09861228866811
louisvil:2.386294361119891
edu:2.6094379124341005
subject:1.0
good:1.0
ic:1.6931471805599454
rs232:1.6931471805599454
ttl:1.6931471805599454
signal:1.0
line:2.09861228866811
18:1.0
nntp:1.0
post:1.0
host:1.0
organ:1.0
univers:1.0
articl:1.0
c5nz60:1.0
99z:1.0
scrap:1.6931471805599454
uucp:1.6931471805599454
frankh:1.0
frank:1.0
holden:1.0
ka3uww:1.0
write:1.6931471805599454
c57zsc:1.0
9fl:1.0
news:1.0
cso:1.6931471805599454
uiuc:1.6931471805599454
rky57514:1.0
uxa:1.0
tall:1.0
cool:1.0
one:1.0
look:1.6931471805599454
convert:1.0
voltag:1.6931471805599454
level:1.6931471805599454
someth:1.0
rel:1.0
inexpens:1.0
would:1.0
nice:1.0
anyon:1.0
suggest:1.0
thank:1.0
well:1.0
digi:1.6931471805599454
key:1.6931471805599454
sell:2.09861228866811
chip:1.6931471805599454
number:1.0
icl232:1.0
want:1.0
3:1.0
50:1.0
also:1.6931471805599454
quad:1.6931471805599454
receiv:1.0
part:2.09861228866811
ds1489an:1.0
68cent:1.0
ds1489n:1.0
48cent:1.6931471805599454
driver:1.0
ds1488:1.0
sold:1.0
guess:1.0
suppli:1.0
12v:1.0
pump:1.0
circuitri:1.0
might:1.0
worth:1.0
extra:1.0
cost:1.0
1488:1.0
1489:1.0
avail:1.0
friendli:1.0
neighborhood:1.0
r:1.0
mc1488:1.0
276:1.6931471805599454
2520:1.0
1:1.6931471805599454
29:1.6931471805599454
mc1489:1.0
2521:1.0
jeff:1.0
white:1.0
