mdgoodma:2.09861228866811
apgea:1.6931471805599454
armi:1.6931471805599454
mil:1.6931471805599454
malcolm:1.0
goodman:1.0
subject:1.0
sale:1.0
fiber:1.6931471805599454
optic:1.6931471805599454
modem:2.6094379124341005
rf:1.6931471805599454
etc:1.0
best:1.0
offer:2.386294361119891
distribut:1.0
na:1.0
organ:1.0
apg:1.0
edgewood:1.0
md:1.0
usa:1.0
line:1.0
26:1.0
plea:1.6931471805599454
take:1.6931471805599454
use:1.6931471805599454
advantag:1.0
realli:1.0
know:1.0
worth:1.0
qti:2.09861228866811
2:1.0
canoga:1.0
perkin:1.0
model:1.6931471805599454
2250:1.0
r:2.09861228866811
422:1.0
interfac:2.09861228866811
appear:1.6931471805599454
new:1.0
power:1.6931471805599454
tell:1.0
whether:1.0
work:1.6931471805599454
make:2.09861228866811
1:1.6931471805599454
isc:1.0
datacom:1.0
1056:1.0
tx1:1.0
rx5:1.0
sm:1.0
120:1.0
449:1.0
intern:1.0
fan:1.0
fine:1.0
otherwis:1.0
condit:1.0
unknown:1.0
phone:1.0
compani:1.0
408:1.0
747:1.0
0300:1.0
motorola:1.0
ud:1.0
212:1.0
232:1.0
check:1.0
thank:1.0
buy:1.0
stuff:1.0
goe:1.0
door:1.0
mack:1.0
cbda8:1.0
