babb:2.6094379124341005
scienc:1.6931471805599454
sdsu:2.791759469228055
edu:2.386294361119891
j:1.0
subject:1.0
nuclear:1.0
site:1.0
cool:1.0
tower:1.0
organ:1.0
larc:2.09861228866811
line:1.0
8:1.0
distribut:1.0
world:1.0
nntp:1.0
post:1.6931471805599454
host:1.0
realli:1.0
know:1.0
question:1.0
figur:1.0
board:1.0
would:1.0
appropri:1.0
tri:1.0
sci:1.0
energi:1.0
jeff:1.0
ucssun1:1.0
programm:1.0
