mjhill:2.09861228866811
eo:2.386294361119891
ncsu:2.09861228866811
edu:2.09861228866811
michael:1.6931471805599454
jame:1.6931471805599454
hill:1.6931471805599454
subject:1.0
new:2.386294361119891
applic:2.09861228866811
electron:2.09861228866811
origin:1.0
c00483:1.0
224wi:1.0
repli:1.0
organ:1.0
north:1.0
carolina:1.0
state:1.0
univers:1.0
project:1.0
line:1.0
8:1.0
ti:1.0
look:1.0
brief:1.0
inform:1.0
know:1.0
interest:1.0
stuff:1.0
would:1.0
intrest:1.0
hear:1.0
tthank:1.0
mjh:1.0
