harton:1.6931471805599454
owlnet:1.0
rice:1.6931471805599454
edu:1.0
traci:1.0
brian:1.0
subject:1.0
wireless:2.09861228866811
transmitt:1.6931471805599454
receiv:1.6931471805599454
r:1.0
organ:1.0
univers:1.0
line:1.0
12:1.0
anyon:1.0
know:1.0
frequenc:1.0
microphon:1.0
system:2.09861228866811
radio:1.0
shack:1.0
sell:1.0
oper:1.0
tri:1.0
everyth:1.0
short:1.0
open:1.0
one:1.6931471805599454
actual:1.0
own:1.0
make:1.0
difficult:1.0
look:1.0
help:1.0
would:1.0
greatli:1.0
appreci:1.0
design:1.0
pa:1.0
etc:1.0
tthank:1.0
ttraci:1.0
