jott:2.09861228866811
scarecrow:1.6931471805599454
cse:1.6931471805599454
nd:2.09861228866811
edu:2.09861228866811
john:2.09861228866811
ott:1.6931471805599454
subject:1.0
pinout:1.6931471805599454
need:1.0
til311:1.6931471805599454
repli:1.0
organ:1.0
univ:1.0
notr:1.0
dame:1.0
line:1.0
64:1.0
articl:1.0
segal:2.6094379124341005
734995860:1.0
corolla7:1.0
rtsg:1.6931471805599454
mot:1.6931471805599454
com:1.6931471805599454
gari:1.6931471805599454
write:1.0
recent:1.0
pick:1.0
display:2.791759469228055
chip:2.09861228866811
find:1.0
inform:1.6931471805599454
seem:1.0
longer:1.0
made:1.0
ti:1.0
old:1.0
enough:1.0
data:3.4849066497880004
book:1.0
appear:1.0
dot:1.0
matrix:1.0
led:2.791759469228055
capabl:1.0
show:1.0
one:1.0
hex:1.0
digit:1.0
14:2.09861228866811
pin:3.302585092994046
dip:1.0
packag:1.0
6:1.6931471805599454
9:1.6931471805599454
11:1.6931471805599454
present:1.0
part:1.0
power:1.0
requir:1.0
function:1.6931471805599454
plea:1.0
send:1.0
e:1.0
mail:1.0
thank:1.0
motorola:1.0
inc:1.0
oscar:1.0
cellular:1.0
infrastructur:1.0
divis:1.0
stand:1.0
gaze:1.0
wind:1.0
1:2.09861228866811
suppli:2.791759469228055
voltag:1.6931471805599454
2:2.09861228866811
latch:3.4849066497880004
input:3.772588722239781
b:1.6931471805599454
3:1.6931471805599454
4:2.09861228866811
left:1.0
decim:2.6094379124341005
point:2.6094379124341005
cathod:2.09861228866811
5:1.6931471805599454
strobe:1.6931471805599454
omit:2.09861228866811
7:1.6931471805599454
common:1.6931471805599454
gnd:1.0
8:2.09861228866811
blank:2.6094379124341005
10:1.6931471805599454
right:1.0
12:1.6931471805599454
13:1.6931471805599454
c:1.6931471805599454
logic:2.791759469228055
5v:1.0
low:2.09861228866811
follow:1.0
high:2.09861228866811
chang:1.0
restor:1.0
enabl:1.6931471805599454
previou:1.0
charact:1.6931471805599454
regardless:1.0
level:1.0
determin:1.0
may:1.6931471805599454
pul:1.0
intens:1.0
modul:1.0
enter:1.0
binari:1.0
weight:1.0
connect:2.6094379124341005
use:1.6931471805599454
extern:1.6931471805599454
resistor:1.0
current:2.09861228866811
limit:1.0
mechan:1.0
must:1.0
seri:1.0
permit:1.0
user:1.0
save:1.0
regul:1.0
vcc:2.386294361119891
separ:1.6931471805599454
ground:1.0
veg:1.0
termnal:1.0
except:1.0
dicken:1.0
helio:1.0
