babb:2.386294361119891
rapnet:1.6931471805599454
sander:2.386294361119891
lockhe:2.386294361119891
com:1.6931471805599454
scott:1.6931471805599454
subject:1.0
radar:2.09861228866811
detector:2.09861228866811
organ:1.0
x:1.6931471805599454
newsread:1.0
tin:1.0
version:1.0
1:1.6931471805599454
pl9:1.0
distribut:1.0
na:1.0
line:1.0
24:1.0
brian:1.0
day:1.0
bday:1.0
lambda:1.0
msfc:1.0
nasa:1.0
gov:1.0
wrote:1.0
decemb:1.0
29:1.0
1992:1.0
illeg:1.6931471805599454
oper:1.6931471805599454
state:1.6931471805599454
virginia:1.6931471805599454
one:2.09861228866811
got:1.6931471805599454
caught:1.0
fine:1.0
65:1.0
00:1.0
ask:1.0
know:1.0
feder:1.6931471805599454
commun:1.6931471805599454
act:1.6931471805599454
1934:2.09861228866811
made:1.0
legal:1.0
radio:1.0
receiv:2.09861228866811
kind:1.0
frequenc:1.0
includ:1.6931471805599454
k:1.0
ka:1.0
band:1.0
unit:1.0
electron:1.0
privaci:1.0
1989:1.0
restrict:1.6931471805599454
fca:1.6931471805599454
make:1.0
land:1.0
mobil:1.0
telephon:1.0
servic:1.0
believ:1.0
cellular:1.0
phone:1.6931471805599454
place:1.0
curious:1.0
cordless:1.0
enforc:1.0
law:1.6931471805599454
violat:1.0
lot:1.0
time:1.0
money:1.0
lawyer:1.0
argu:1.0
court:1.0
tri:1.0
overturn:1.0
hardli:1.0
wait:1.0
see:1.0
respons:1.0
somebodi:1.0
say:1.0
may:1.0
disagre:1.0
sole:1.0
opinion:1.0
l:1.0
inherit:1.0
earth:1.0
parent:1.0
borrow:1.0
child:1.0
