ptorr:1.0
hardi:1.6931471805599454
u:1.6931471805599454
washington:2.09861228866811
edu:1.6931471805599454
phil:1.0
torr:1.0
subject:1.0
circuit:1.0
cellar:1.0
ink:1.0
address:2.09861228866811
organ:1.0
univers:1.0
seattl:1.0
line:1.0
2:1.0
distribut:1.0
na:1.0
nntp:1.0
post:1.0
host:1.0
summari:1.0
phone:1.0
number:1.0
subscript:1.0
cci:1.0
still:1.0
publish:1.0
anyon:1.0
