love:1.6931471805599454
lanai:1.6931471805599454
c:1.6931471805599454
ucla:2.09861228866811
edu:1.6931471805599454
mike:1.6931471805599454
subject:1.0
spec:1.6931471805599454
eprom:1.6931471805599454
data:1.6931471805599454
format:1.6931471805599454
nntp:1.0
post:1.0
host:1.0
organ:1.0
comput:1.0
scienc:1.0
depart:1.0
line:1.0
10:1.0
need:1.0
variou:1.0
intel:1.6931471805599454
hex:1.6931471805599454
motorola:1.0
jedec:1.0
etc:1.0
anyon:1.0
provid:1.0
info:1.0
pointer:1.0
one:1.0
want:1.0
