nwz96h:2.09861228866811
cheltenham:1.0
ac:1.6931471805599454
uk:1.6931471805599454
subject:1.0
hatley:1.6931471805599454
pirbhai:1.6931471805599454
help:1.6931471805599454
line:1.0
12:1.0
hello:1.0
anyon:1.6931471805599454
use:1.0
requir:1.0
analsi:1.0
methodolog:1.6931471805599454
british:1.0
final:1.0
year:1.0
real:1.0
time:1.0
degre:1.0
student:1.0
project:1.0
cover:1.0
would:1.0
grate:1.0
could:1.0
give:1.0
view:1.0
method:1.0
plea:1.0
mail:1.0
feel:1.0
send:1.0
question:1.0
thank:1.0
advanc:1.0
david:1.0
phelp:1.0
chelt:1.0
