dp:1.6931471805599454
cec1:2.09861228866811
wustl:2.09861228866811
edu:2.791759469228055
david:2.09861228866811
prutchi:2.09861228866811
subject:1.0
cicuit:1.0
cellar:1.0
ink:1.0
extra:2.386294361119891
4:1.0
trade:2.09861228866811
nntp:1.0
post:1.0
host:1.0
organ:1.0
washington:1.6931471805599454
univers:1.6931471805599454
st:1.6931471805599454
loui:1.6931471805599454
mo:1.6931471805599454
line:1.0
32:1.6931471805599454
articl:1.6931471805599454
babb:2.6094379124341005
190493113153:1.0
larc:1.0
sdsu:2.09861228866811
scienc:1.6931471805599454
j:1.0
write:1.0
fellow:1.0
info:1.0
junki:1.0
cci:2.791759469228055
27:1.0
real:1.0
time:1.0
program:1.0
embed:1.0
sensor:1.0
storag:1.0
voic:1.0
control:1.0
telescop:1.0
among:1.0
label:1.6931471805599454
torn:1.0
cut:1.0
miss:1.0
page:1.0
would:1.6931471805599454
like:1.6931471805599454
26:1.6931471805599454
23:1.6931471805599454
19:1.0
condit:1.6931471805599454
ok:1.6931471805599454
mail:1.6931471805599454
mine:1.0
mutual:1.0
trust:1.0
kinda:1.0
thang:1.0
actual:1.0
throw:1.0
away:1.0
thanx:1.0
jeff:1.0
also:1.0
tri:1.0
complet:1.0
collect:1.0
16:1.0
commun:1.0
12:1.0
applic:1.0
art:1.0
mint:1.0
buy:1.0
follow:1.0
1:1.0
3:1.0
22:1.0
25:1.0
30:1.0
31:1.0
thank:1.0
hc1dt:1.0
mesun4:1.0
campu:1.0
box:1.0
1185:1.0
one:1.0
brook:1.0
drive:1.0
63130:1.0
4899:1.0
