aj008:2.6094379124341005
cleveland:2.9459101490553135
freenet:2.6094379124341005
edu:3.1972245773362196
aaron:1.6931471805599454
barn:1.6931471805599454
subject:1.6931471805599454
realist:2.09861228866811
pro:2.09861228866811
2024:2.09861228866811
scanner:2.386294361119891
sale:2.09861228866811
200:2.09861228866811
sell:2.09861228866811
150:2.09861228866811
organ:1.6931471805599454
case:1.6931471805599454
western:1.6931471805599454
reserv:1.6931471805599454
univers:1.6931471805599454
ohio:1.6931471805599454
usa:1.6931471805599454
line:1.6931471805599454
45:1.0
nntp:1.6931471805599454
post:1.6931471805599454
host:1.6931471805599454
slc10:1.6931471805599454
in:2.386294361119891
cwru:2.386294361119891
articl:1.0
10886:1.0
alt:1.6931471805599454
radio:1.6931471805599454
path:1.0
usenet:1.6931471805599454
newsgroup:1.0
obo:1.0
date:1.0
20:1.0
apr:1.0
1993:1.0
16:1.0
01:1.0
28:1.0
gmt:1.0
26:1.0
messag:1.0
id:1.0
1r16oo:1.0
3du:1.0
hello:1.0
small:1.0
desc:1.0
ription:1.0
60:1.0
program:1.0
chanel:1.0
fulli:1.0
detail:1.0
backlight:1.0
digit:1.0
display:1.0
headphon:1.0
jack:1.6931471805599454
antenna:1.6931471805599454
remov:1.0
telescop:1.0
auto:1.0
search:1.0
coverag:1.0
30:1.0
50mhz:1.0
118:1.0
174mhz:1.0
380:1.0
512mhz:1.0
origin:1.0
cost:1.0
thank:1.0
buchanan:1.6931471805599454
96:1.6931471805599454
fear:2.386294361119891
gover:1.6931471805599454
gun:1.6931471805599454
without:1.6931471805599454
2nd:1.6931471805599454
amend:1.6931471805599454
guarante:1.6931471805599454
ou:1.6931471805599454
r:1.6931471805599454
freedom:1.6931471805599454
