subject:1.0
68hc16:1.6931471805599454
public:1.6931471805599454
domain:1.6931471805599454
softwar:1.6931471805599454
murashiea:1.6931471805599454
mail:2.09861228866811
beckman:2.386294361119891
com:1.6931471805599454
ed:1.6931471805599454
murashi:2.09861228866811
organ:1.0
dsg:1.0
develop:1.0
eng:1.0
instrument:1.6931471805599454
inc:1.6931471805599454
nntp:1.0
post:1.0
host:1.0
134:1.0
217:1.0
245:1.0
87:1.0
line:1.0
11:1.0
anyon:1.0
know:1.0
ftp:1.0
site:1.0
might:1.0
find:1.0
motorola:1.0
microprocessor:1.0
look:1.0
basic:1.0
interpret:1.0
compili:1.0
c:1.0
compil:1.0
thank:1.0
advanc:1.0
ted:1.0
u:1.0
phone:1.0
714:1.6931471805599454
993:1.0
8895:1.0
diagnost:1.0
system:1.0
group:1.0
fax:1.0
961:1.0
3759:1.0
200:1.0
kraemer:1.0
blvd:1.0
w:1.0
361:1.0
internet:1.0
brea:1.0
ca:1.0
92621:1.0
