pierson:2.386294361119891
cimil:1.6931471805599454
enet:1.6931471805599454
dec:1.6931471805599454
com:2.09861228866811
dave:1.6931471805599454
subject:1.0
swr:1.6931471805599454
meter:1.6931471805599454
cb:2.386294361119891
radio:1.6931471805599454
organ:1.6931471805599454
digit:1.6931471805599454
equip:1.6931471805599454
corpor:1.6931471805599454
line:1.0
31:1.0
nntp:1.0
post:1.0
host:1.0
articl:1.0
734953838:1.0
aa00508:1.0
insan:1.6931471805599454
apana:1.6931471805599454
org:1.6931471805599454
au:1.6931471805599454
peter:1.6931471805599454
tryndoch:1.0
write:1.0
allth:1.0
devil:1.6931471805599454
reincarnateswr:1.0
td:3.0794415416798357
ssave:1.0
ole:1.0
cdac:1.6931471805599454
reincarn:1.0
wa:1.0
good:1.6931471805599454
choic:1.0
1:2.9459101490553135
4:2.386294361119891
8:1.6931471805599454
wave:2.9459101490553135
read:2.09861228866811
instal:1.0
instruct:1.0
antenna:2.386294361119891
suggest:1.0
use:1.6931471805599454
tune:1.0
channel:2.09861228866811
12:1.6931471805599454
32:1.6931471805599454
minimum:1.0
question:1.0
best:2.09861228866811
one:1.6931471805599454
let:1.0
probabl:1.0
explan:1.0
rest:1.0
make:1.0
sen:1.0
cancel:1.0
btw:1.0
beasti:1.0
tye:1.0
common:1.0
pattern:1.0
differ:1.0
sort:1.0
ta:1.0
cloverleaf:1.0
four:1.0
main:1.0
lobe:1.0
2:1.0
follow:1.0
etc:1.0
tuse:1.0
anyth:1.0
transmit:1.0
uncommon:1.0
tusual:1.0
rubber:1.0
duck:1.0
coil:1.0
fool:1.0
look:1.0
like:1.0
tquarter:1.0
ti:1.0
reccomend:1.0
arrl:1.0
handbook:1.0
basic:1.0
book:1.0
thank:1.0
fact:1.0
accur:1.0
manag:1.0
opinion:1.0
40:1.0
old:1.0
bolton:1.0
rd:1.0
nra:1.0
stow:1.0
mass:1.0
01775:1.0
usa:1.0
msd26:1.0
everyth:1.0
credit:1.0
written:1.0
noth:1.0
j:1.0
raffl:1.0
