dp:1.6931471805599454
cec1:2.09861228866811
wustl:2.09861228866811
edu:2.09861228866811
david:2.09861228866811
prutchi:2.09861228866811
subject:1.0
long:1.0
distanc:1.6931471805599454
ir:2.386294361119891
detect:2.09861228866811
nntp:1.0
post:1.0
host:1.0
organ:1.0
washington:1.6931471805599454
univers:1.6931471805599454
st:1.6931471805599454
loui:1.6931471805599454
mo:1.6931471805599454
line:1.6931471805599454
88:1.0
articl:1.0
1993apr20:1.0
183416:1.0
18744:1.0
dre:2.6094379124341005
dnd:2.386294361119891
ca:2.09861228866811
sburton:1.6931471805599454
stan:1.6931471805599454
burton:1.6931471805599454
write:1.0
would:2.09861228866811
like:1.6931471805599454
abl:1.0
angular:1.0
posit:2.791759469228055
low:1.0
accuraci:1.0
emit:1.6931471805599454
sourc:2.6094379124341005
100:1.0
meter:1.0
better:1.0
daylight:1.0
could:1.0
signatur:1.0
lean:1.0
toward:1.0
30:1.0
khz:1.0
squar:1.6931471805599454
wave:1.0
50:1.6931471805599454
duti:1.6931471805599454
cycl:2.09861228866811
consid:1.6931471805599454
use:2.791759469228055
quadrant:1.6931471805599454
detector:3.0794415416798357
centron:1.0
inc:1.0
give:1.0
inform:1.6931471805599454
pan:1.6931471805599454
tilt:1.6931471805599454
head:1.0
point:1.0
sensor:1.0
thu:1.0
determin:1.6931471805599454
angl:1.0
waze:1.6931471805599454
heck:1.0
led:2.6094379124341005
possibl:1.0
optek:1.0
op290:1.0
motorola:1.0
mled81:1.0
mean:1.0
least:1.0
1:2.6094379124341005
amp:1.0
current:2.09861228866811
pul:1.0
drop:1.0
10:1.0
need:1.6931471805599454
five:1.0
turn:1.0
get:1.0
requir:2.09861228866811
anyon:1.0
done:1.0
someth:1.0
crad:1.0
dtd:1.0
ms:1.0
agcg:1.0
403:1.0
544:1.0
4737:1.0
suffield:1.0
box:1.6931471805599454
4000:1.0
medicin:1.0
hat:1.0
ab:1.6931471805599454
canada:1.0
t1a:1.0
8k6:1.0
method:1.0
directli:1.0
almost:1.0
provid:1.6931471805599454
commonli:1.0
coordin:1.0
measur:2.09861228866811
human:1.0
bodi:1.0
landmark:1.0
eg:1.0
selspot:2.386294361119891
system:2.386294361119891
sweden:1.0
watsmart:1.0
later:1.6931471805599454
photoeffect:1.6931471805599454
lindholm:1.6931471805599454
oberg:1.6931471805599454
1974:1.6931471805599454
woltr:1.6931471805599454
marsolai:1.6931471805599454
1980:1.6931471805599454
spot:2.09861228866811
light:2.9459101490553135
project:1.6931471805599454
camera:1.0
len:1.0
surfac:1.0
escenc:1.0
larg:1.0
photodiod:1.0
four:1.6931471805599454
cathod:2.386294361119891
one:1.6931471805599454
side:1.0
crystal:1.6931471805599454
singl:1.0
anod:1.6931471805599454
back:1.0
produc:1.0
proport:1.0
face:1.0
let:1.0
tri:1.0
ascii:1.0
graphic:1.0
2:2.6094379124341005
two:2.09861228866811
linear:1.6931471805599454
xxxxx:3.302585092994046
divid:1.6931471805599454
output:1.0
gnd:1.0
dot:1.0
given:1.0
circuit:1.6931471805599454
regardless:1.0
level:1.0
illumina:1.0
tion:1.0
normal:1.0
rel:1.0
total:1.0
receiv:1.0
power:1.0
presenc:1.0
way:1.0
tune:1.0
sampl:1.6931471805599454
msec:1.0
background:1.0
signal:2.09861228866811
equal:1.0
time:1.0
separ:1.0
differ:1.6931471805599454
hamamatsu:1.0
photon:1.0
sell:1.6931471805599454
also:1.0
process:1.0
electron:1.6931471805599454
readi:1.0
made:1.0
other:1.0
cheap:1.0
l:1.0
e:2.09861228866811
k:1.0
optoelectron:1.0
instrument:1.0
remot:1.0
movement:1.0
monitor:1.0
biotelemetri:1.0
94:1.0
95:1.0
h:1.0
j:1.0
b:1.0
opto:1.0
gait:1.0
ment:1.0
three:1.0
dimension:1.0
space:1.0
preliminari:1.0
report:1.0
bull:1.0
pro:1.0
thetic:1.0
research:1.0
46:1.0
52:1.0
probabl:1.0
techniqu:1.0
much:1.0
accur:1.0
think:1.0
simplic:1.0
beat:1.0
scan:1.0
reach:1.0
zero:1.0
hc1dt:1.0
mesun4:1.0
campu:1.0
1185:1.0
brook:1.0
drive:1.0
63130:1.0
4899:1.0
