johnh:2.09861228866811
macadam:1.6931471805599454
mpce:2.386294361119891
mq:2.09861228866811
edu:2.791759469228055
au:2.791759469228055
john:1.0
haddi:1.0
subject:1.0
help:1.0
want:1.0
organ:1.0
macquari:1.6931471805599454
univers:1.6931471805599454
line:2.6094379124341005
54:1.0
distribut:1.0
world:1.0
nntp:1.0
post:1.0
host:1.0
articl:1.0
1993apr20:1.0
071549:1.0
24839:1.0
csc:1.0
canberra:2.09861228866811
u934132:1.6931471805599454
student:1.6931471805599454
ogawa:1.6931471805599454
taro:1.0
stephen:1.0
ise:1.0
write:1.0
could:1.0
someon:1.0
plea:2.09861228866811
tell:1.0
1:2.791759469228055
4:2.6094379124341005
decod:3.302585092994046
demultiplex:1.6931471805599454
know:1.0
link:1.6931471805599454
2:2.386294361119891
get:1.0
8:1.0
output:2.9459101490553135
circuit:1.6931471805599454
5:1.0
make:2.09861228866811
16:1.0
multiplex:1.0
sorri:1.0
seem:1.0
like:1.0
lame:1.0
question:1.0
newbi:1.0
electron:1.6931471805599454
mail:1.0
droolproof:1.0
possibl:1.0
thanx:1.0
ttaro:1.0
need:1.6931471805599454
although:1.0
mani:1.0
commerci:1.0
ssi:1.0
implement:1.0
allow:1.0
use:2.9459101490553135
one:2.386294361119891
strictli:1.0
take:1.0
two:2.6094379124341005
chang:1.0
state:1.6931471805599454
accord:1.0
input:3.1972245773362196
demux:2.386294361119891
hand:1.0
control:1.6931471805599454
determin:1.0
four:3.0794415416798357
reflect:1.6931471805599454
signal:1.0
three:1.0
requir:1.6931471805599454
equip:1.0
enabl:2.791759469228055
sinc:1.6931471805599454
data:1.6931471805599454
e:1.0
g:1.0
high:2.386294361119891
low:2.09861228866811
select:1.6931471805599454
eight:2.09861228866811
way:2.791759469228055
creat:1.6931471805599454
order:2.09861228866811
bit:2.6094379124341005
thu:1.0
achiev:1.0
aim:1.0
note:1.0
method:1.0
true:1.0
left:1.0
commit:1.0
intend:1.0
purpos:1.0
sixteen:1.0
obvious:1.0
plu:1.0
mechan:1.0
time:1.0
therefor:1.0
fifth:1.0
attach:1.0
provid:1.0
cours:1.0
must:1.0
connect:1.0
parallel:1.0
final:1.0
stage:1.0
give:1.0
credit:1.0
submit:1.0
homework:1.0
depart:1.0
school:1.0
sydney:1.0
australia:1.0
2109:1.0
email:1.0
ph:1.0
61:1.6931471805599454
805:1.6931471805599454
8959:1.0
fax:1.0
8983:1.0
