elliott:2.6094379124341005
optilink:2.6094379124341005
com:1.6931471805599454
paul:1.6931471805599454
subject:1.0
analog:2.791759469228055
switch:2.9459101490553135
balanc:1.6931471805599454
demodul:2.386294361119891
distribut:1.0
na:1.0
organ:1.0
dsc:1.6931471805599454
access:1.0
product:1.0
line:1.0
53:1.0
articl:1.0
msf:1.6931471805599454
734832494:1.0
skaro:1.6931471805599454
arizona:1.0
edu:1.0
michael:1.0
fulbright:1.0
write:1.0
tri:1.0
build:1.0
synchron:1.6931471805599454
hit:1.0
snag:1.0
applic:1.0
want:2.09861228866811
abl:1.0
chang:1.0
gain:2.791759469228055
op:1.6931471805599454
amp:2.6094379124341005
amplifi:1.6931471805599454
1:2.6094379124341005
control:1.6931471805599454
via:1.0
digit:1.0
input:2.791759469228055
obviou:1.0
way:1.0
come:1.0
use:1.6931471805599454
adjust:1.0
experi:1.0
4066:1.6931471805599454
unfortun:1.0
ac:1.0
signal:2.6094379124341005
goe:1.0
5v:2.386294361119891
posit:1.6931471805599454
carrier:2.386294361119891
vari:1.0
0v:1.6931471805599454
feed:1.6931471805599454
thru:1.6931471805599454
output:1.6931471805599454
low:1.0
pas:1.0
filter:1.0
believ:1.0
call:1.0
lock:1.0
detect:1.0
well:2.09861228866811
look:1.0
4053:1.0
tripl:1.0
2:1.0
transmiss:1.0
gate:1.0
multiplex:1.0
neg:1.0
power:1.0
suppli:2.09861228866811
run:1.0
singl:1.0
end:1.0
dual:1.0
logic:1.0
still:1.0
rang:1.0
ground:1.0
0:1.0
volt:1.0
vdd:1.0
neat:1.0
think:1.6931471805599454
design:1.0
switchabl:1.0
polar:1.0
opamp:1.6931471805599454
x:1.0
gnd:1.0
resistor:1.0
equal:1.0
valu:1.0
close:1.0
invert:1.6931471805599454
one:1.6931471805599454
open:1.0
non:1.0
clean:1.0
circuit:1.0
trim:1.0
offset:1.0
current:1.0
hurt:1.0
would:1.0
show:1.0
high:1.0
frequenc:1.0
slew:1.0
rate:1.0
might:1.0
caus:1.0
problem:1.0
especi:1.0
symmetr:1.0
usual:1.0
petaluma:1.0
ca:1.0
usa:1.0
uunet:1.0
pyramid:1.0
tekbspa:1.0
indecis:1.0
sure:1.0
