randyd:1.6931471805599454
csd4:1.6931471805599454
csd:1.6931471805599454
uwm:1.6931471805599454
edu:1.6931471805599454
randal:1.0
elton:1.0
ding:1.0
subject:1.0
adcom:2.09861228866811
gtp500ii:1.0
ir:2.6094379124341005
sensor:1.6931471805599454
repeat:2.9459101490553135
spec:1.0
organ:1.0
comput:1.0
servic:1.0
divis:1.0
univers:1.0
wisconsin:1.0
milwauke:1.0
line:1.0
48:1.0
nntp:1.0
post:1.0
host:1.0
129:1.0
89:1.0
7:1.0
4:2.09861228866811
articl:1.0
1r1996innijp:1.0
hp:2.09861228866811
col:2.09861228866811
com:1.6931471805599454
johnr:1.0
john:1.0
rasper:1.0
write:1.0
anyon:1.6931471805599454
know:1.6931471805599454
detail:1.0
interfac:1.0
5:2.9459101490553135
wire:1.6931471805599454
din:1.6931471805599454
remot:1.0
2:2.386294361119891
gtp:1.0
500ii:2.386294361119891
preamp:2.6094379124341005
part:1.0
number:1.0
xr:1.0
spm:1.0
ira:1.0
cursori:1.0
physic:1.0
examin:1.0
pre:1.0
amp:1.0
connector:2.791759469228055
indic:1.0
pin:3.70805020110221
may:1.0
provid:1.0
view:1.0
front:1.0
1:2.09861228866811
v:2.386294361119891
3:2.09861228866811
signal:2.9459101490553135
ground:2.09861228866811
demodul:1.0
pp:1.6931471805599454
polar:1.0
drive:2.386294361119891
led:1.6931471805599454
150ohm:1.0
resistor:1.6931471805599454
assum:1.0
mini:1.0
plug:1.0
directli:1.0
true:1.0
fill:1.0
thank:1.0
scoop:1.0
get:1.0
home:1.0
brew:1.0
receiv:2.09861228866811
work:1.0
would:2.09861228866811
will:1.0
share:1.0
rest:1.0
u:1.0
alway:1.6931471805599454
want:1.0
build:1.0
never:1.0
time:1.0
fool:1.0
around:1.0
design:1.0
hot:1.6931471805599454
6:1.6931471805599454
volt:1.6931471805599454
turn:1.0
infrar:1.6931471805599454
jack:1.6931471805599454
back:1.0
connect:1.0
anyth:1.0
insid:1.0
except:1.0
150:1.0
ohm:1.0
two:1.0
5k:1.0
sum:1.0
built:1.0
use:1.6931471805599454
chip:1.0
call:1.0
cx20106a:1.0
bjt:1.0
amplifi:1.0
imagin:1.0
logic:1.0
way:1.0
duplic:1.0
circuit:1.0
extern:1.0
need:1.0
info:1.0
let:1.0
randi:1.0
