pat:2.6094379124341005
fegmania:2.386294361119891
wustl:2.09861228866811
edu:2.09861228866811
niemey:1.0
subject:1.0
radar:2.09861228866811
detector:2.6094379124341005
organ:1.0
washington:1.0
univers:1.0
saint:1.0
loui:1.0
mo:1.0
usa:1.0
line:1.0
11:1.0
repli:1.0
nntp:1.0
post:1.0
host:1.0
origin:1.0
brand:1.0
quieter:1.0
other:1.0
ye:1.0
le:1.0
detect:1.0
bel:1.0
966:1.0
look:1.0
manual:1.0
yesterday:1.0
inde:1.0
claim:1.0
undetect:1.0
rdd:1.0
