mtearl:1.6931471805599454
gu:1.6931471805599454
uwa:2.09861228866811
edu:2.09861228866811
au:2.09861228866811
mark:2.09861228866811
tearl:1.6931471805599454
subject:1.0
need:1.0
find:1.0
number:1.6931471805599454
phone:1.0
line:1.6931471805599454
organ:1.0
univers:1.0
western:1.0
australia:1.6931471805599454
14:1.0
nntp:1.0
post:1.0
host:1.0
mackerel:1.0
well:1.0
dial:1.0
11544:1.6931471805599454
get:1.0
read:1.0
back:1.0
live:1.0
countri:1.0
includ:1.0
area:1.0
code:1.0
nearest:1.0
capit:1.0
citi:1.0
eg:1.0
wa:1.0
09:1.0
email:1.0
tartaru:1.0
