fishman:2.386294361119891
panix:2.09861228866811
com:1.6931471805599454
harvey:2.09861228866811
subject:1.0
electron:1.0
part:1.0
nyc:1.6931471805599454
organ:1.0
public:1.0
access:1.0
unix:1.0
line:1.0
11:1.0
also:1.0
coupl:1.0
three:1.0
place:1.0
west:1.0
45th:1.0
fifth:1.0
sixth:1.0
get:1.0
smart:1.0
except:1.0
ask:1.0
stupid:1.0
question:1.0
718:1.0
258:1.0
7276:1.0
