squish:2.09861228866811
endor:1.6931471805599454
uucp:1.0
shishin:1.6931471805599454
yamada:1.6931471805599454
subject:1.0
atari:2.6094379124341005
2600:3.4849066497880004
processor:1.6931471805599454
organ:1.0
aiken:1.0
comput:2.386294361119891
lab:1.0
harvard:1.6931471805599454
univers:1.0
line:1.6931471805599454
42:1.0
articl:1.0
93110:1.0
125951pca103:1.0
psuvm:1.6931471805599454
psu:1.6931471805599454
edu:2.09861228866811
pca103:1.0
write:1.0
anyon:2.09861228866811
know:1.0
use:2.791759469228055
look:1.6931471805599454
th:1.0
e:1.0
pin:1.0
out:1.0
schemat:1.0
idea:1.6931471805599454
could:2.386294361119891
find:1.0
relat:1.0
inform:1.0
impor:1.0
tant:1.0
also:1.6931471805599454
rom:2.09861228866811
chip:2.386294361119891
fo:1.0
rthe:1.0
game:2.386294361119891
still:1.0
avail:1.0
propreitari:1.0
plea:1.6931471805599454
email:1.6931471805599454
responc:1.0
import:1.0
thank:1.0
million:1.0
btw:1.0
work:2.09861228866811
realli:1.0
help:2.09861228866811
nfo:1.0
old:1.0
will:1.6931471805599454
thatnk:1.0
alot:1.0
peter:1.0
6502:1.6931471805599454
cpu:1.0
like:1.6931471805599454
entir:1.0
8:1.0
bit:1.0
400:1.0
800:1.6931471805599454
1200:1.0
1400:1.0
1440:1.0
130xe:1.6931471805599454
65xe:1.0
well:1.0
5200:1.0
machin:2.09861228866811
extra:1.0
asic:1.0
basic:1.0
modifi:1.6931471805599454
graphic:1.0
pia:1.0
joystick:1.0
later:1.0
model:1.0
might:1.6931471805599454
incorpor:1.0
mani:1.0
one:1.6931471805599454
ascus:1.0
weight:1.0
part:1.0
count:1.0
decreas:1.0
lot:1.6931471805599454
year:1.0
addit:1.0
think:1.6931471805599454
2k:1.0
4k:1.6931471805599454
8k:1.0
much:1.0
ram:2.386294361119891
would:1.6931471805599454
hazard:1.0
guess:1.0
2:1.0
come:1.0
hack:1.6931471805599454
occasion:1.0
fix:1.0
monitor:1.0
composit:1.6931471805599454
video:1.0
audio:1.0
hookup:1.0
tri:1.0
make:1.0
cartridg:2.386294361119891
le:1.0
system:1.0
store:1.0
load:1.6931471805599454
prior:1.0
time:1.0
way:1.0
backup:1.0
heard:1.0
setup:1.0
bought:1.0
cheapli:1.0
fsk:1.0
record:1.0
tape:1.0
special:1.0
cartidg:1.0
play:2.09861228866811
anyway:1.0
interest:1.6931471805599454
equip:1.0
got:1.0
two:1.0
around:1.0
v:1.0
lotsa:1.0
sell:1.0
reason:1.0
offer:1.0
ship:1.0
handl:1.0
anymor:1.0
sinc:1.6931471805599454
go:1.0
nintendo:1.0
hope:1.0
question:1.0
grab:1.0
must:1.0
fun:1.0
microcontrol:1.0
