mtearl:2.09861228866811
gu:1.6931471805599454
uwa:2.791759469228055
edu:2.6094379124341005
au:2.6094379124341005
mark:2.09861228866811
tearl:1.6931471805599454
subject:1.0
look:1.6931471805599454
electron:2.386294361119891
dept:1.0
info:1.6931471805599454
austrailia:2.09861228866811
organ:1.0
univers:2.791759469228055
western:2.386294361119891
australia:2.6094379124341005
line:1.0
37:1.0
nntp:1.0
post:1.0
host:1.0
mackerel:1.0
hjkim:1.0
hyowon:1.0
pusan:1.0
ac:1.0
kr:1.0
hojoong:1.0
kim:1.0
write:1.6931471805599454
hi:1.0
netter:1.0
list:1.0
depart:2.386294361119891
consid:1.0
spend:1.0
year:1.6931471805599454
research:1.0
commun:2.6094379124341005
area:2.09861228866811
interest:1.0
mobil:1.0
spread:1.0
spectrum:1.0
etc:1.0
inform:1.6931471805599454
austrailian:1.0
anybodi:1.0
recommend:1.0
good:1.6931471805599454
comment:1.0
welcom:1.0
suggest:1.0
perth:1.0
weather:1.0
great:2.09861228866811
peopl:1.6931471805599454
engin:1.6931471805599454
first:1.0
student:1.0
know:1.6931471805599454
much:1.0
project:1.0
reput:1.0
field:1.0
dsp:1.0
ever:1.0
heard:1.0
qpsx:1.0
ex:1.0
give:1.0
indic:1.0
like:1.0
email:1.6931471805599454
yianni:1.0
swane:1.0
ee:1.0
request:1.0
abl:1.0
tell:1.0
electr:1.0
stirl:1.0
highway:1.0
crawley:1.0
6009:1.0
tartaru:1.6931471805599454
