henri:2.6094379124341005
zoo:1.6931471805599454
toronto:2.386294361119891
edu:2.386294361119891
spencer:1.6931471805599454
subject:1.0
0:2.6094379124341005
022:1.6931471805599454
uf:1.0
differ:1.0
two:1.6931471805599454
047:1.6931471805599454
seri:1.6931471805599454
organ:1.0
u:2.09861228866811
zoolog:1.6931471805599454
line:1.0
13:1.0
articl:1.0
1993apr19:1.0
185326:1.0
9830:1.0
princeton:1.6931471805599454
mg:1.0
c:1.0
michael:1.0
golan:1.0
write:1.0
board:1.0
also:1.0
ident:1.0
room:1.0
three:1.0
cap:2.386294361119891
version:1.0
clearli:1.0
indic:1.0
place:1.0
make:1.0
sen:1.0
2:1.0
0235:1.0
essenti:1.0
standard:1.0
special:1.0
w:1.0
type:1.0
precis:1.0
may:1.0
safeti:1.0
issu:1.0
csa:1.0
paranoid:1.0
certain:1.0
area:1.0
ul:1.0
mean:1.0
short:1.6931471805599454
one:1.6931471805599454
work:1.6931471805599454
man:1.0
kipl:1.0
utzoo:1.0
