babb:2.6094379124341005
scienc:1.6931471805599454
sdsu:2.791759469228055
edu:2.791759469228055
j:1.0
subject:1.0
circuit:1.6931471805599454
cellar:1.6931471805599454
ink:1.0
address:1.6931471805599454
organ:1.0
larc:2.09861228866811
line:1.0
14:1.0
distribut:1.0
na:1.0
nntp:1.0
post:1.0
host:1.0
articl:1.0
1qvlmainnhuu:1.0
shelley:1.0
u:1.6931471805599454
washington:1.6931471805599454
ptorr:1.0
hardi:1.0
phil:1.0
torr:1.0
wrote:1.0
cci:1.0
still:1.0
publish:1.0
anyon:1.0
inc:1.0
4:1.0
park:1.0
st:1.0
suit:1.0
20:1.0
vernon:1.0
ct:1.0
06066:1.0
203:1.0
875:1.0
2751:1.0
jeff:1.0
ucssun1:1.0
programm:1.0
