dclaar:1.0
cup:1.6931471805599454
hp:1.6931471805599454
com:1.6931471805599454
doug:1.6931471805599454
claar:1.6931471805599454
subject:1.0
lo:1.0
angel:1.0
freeway:1.0
traffic:1.0
report:1.0
nntp:1.0
post:1.0
host:1.0
hprtnyc:1.0
organ:1.0
hewlett:1.0
packard:1.0
x:1.0
newsread:1.0
tin:1.0
version:1.0
1:1.6931471805599454
pl8:1.0
9:1.0
line:1.0
4:1.0
oop:1.0
knx:1.0
1070:1.0
knbr:1.0
frisco:1.0
680:1.0
san:1.0
fran:1.0
citi:1.0
jack:1.0
webb:1.0
told:1.0
