willisw:1.6931471805599454
eng:1.0
clemson:2.09861228866811
edu:1.0
bill:1.0
willi:1.6931471805599454
subject:1.0
answer:2.09861228866811
mani:2.09861228866811
electron:2.09861228866811
question:2.09861228866811
organ:1.0
engin:1.0
servic:1.0
univers:1.0
line:1.0
10:1.0
notic:1.0
lot:1.0
peopl:1.0
obvious:1.0
tune:1.0
rather:1.6931471805599454
simpl:1.0
requir:1.0
circuit:1.0
diagram:1.0
muck:1.0
network:1.0
write:1.0
send:1.0
self:1.0
address:1.0
stamp:1.0
envelop:1.0
w:1.0
l:1.0
p:1.0
e:1.0
114:1.0
fern:1.0
circl:1.0
sc:1.0
29631:1.0
