paj:2.09861228866811
uk:2.386294361119891
co:2.09861228866811
gec:2.6094379124341005
mrc:2.09861228866811
paul:2.386294361119891
johnson:2.09861228866811
subject:1.0
cad:2.09861228866811
program:2.386294361119891
electron:1.0
repli:1.0
organ:1.0
marconi:1.6931471805599454
research:1.6931471805599454
centr:1.0
great:1.0
baddow:1.0
line:1.0
30:1.0
articl:1.0
1993apr17:1.0
211126:1.0
23467:1.0
norfolk:1.6931471805599454
vak12:1.6931471805599454
edu:1.6931471805599454
fculpepp:1.0
fred:1.0
w:1.0
culpepp:1.0
write:1.0
make:1.6931471805599454
search:1.0
decent:1.0
job:1.0
schemat:1.0
draw:2.6094379124341005
need:2.09861228866811
m:1.0
do:1.0
window:2.09861228866811
possibl:1.0
want:1.6931471805599454
diagram:1.0
drag:1.0
element:1.6931471805599454
onto:1.0
screen:1.0
diver:1.0
vacuum:1.0
tube:1.0
ic:1.0
case:1.0
pin:1.6931471805599454
also:1.6931471805599454
provis:1.0
ad:1.0
legend:1.0
compon:1.6931471805599454
well:1.0
valu:1.0
word:1.0
produc:1.0
qualiti:1.0
printout:1.0
would:1.6931471805599454
either:1.0
24:1.0
dot:1.0
matrix:1.0
laser:1.0
printer:1.6931471805599454
suggest:1.0
micrografx:1.6931471805599454
home:1.0
box:1.0
quit:1.6931471805599454
impress:1.0
cost:1.0
ukl100:1.0
rather:1.0
nice:1.0
clip:1.6931471805599454
art:1.6931471805599454
librari:1.0
facil:1.0
expand:1.0
circuit:1.0
includ:1.0
could:1.0
add:1.0
easili:1.0
work:1.0
driver:1.0
cours:1.0
export:1.0
embed:1.0
postscript:1.0
pcx:1.0
file:1.0
note:1.0
connect:1.0
way:1.0
tel:1.0
44:1.0
245:1.0
73331:1.0
ext:1.0
3245:1.0
idea:1.0
other:1.0
like:1.0
0:1.0
02:1.0
reput:1.0
idealist:1.0
respons:1.0
opinion:1.0
