mycal:2.6094379124341005
netacsi:1.6931471805599454
com:1.6931471805599454
subject:1.0
need:1.0
find:1.0
number:2.386294361119891
phone:1.0
line:2.09861228866811
distribut:1.0
world:1.0
organ:1.0
acsi:1.0
inc:1.0
14:1.0
tri:1.0
comp:1.0
dcom:1.0
read:1.0
thread:1.0
back:1.0
800:1.0
could:1.6931471805599454
dial:1.0
work:1.6931471805599454
sale:1.0
sprint:1.0
think:1.0
tell:1.0
custom:1.0
use:1.0
ani:1.0
told:1.0
modern:1.0
switch:1.0
pgp:1.0
key:1.0
request:1.0
way:1.0
ski:1.0
mogul:1.0
turn:2.09861228866811
air:1.0
surviv:2.09861228866811
risk:1.0
rush:1.0
