paul:1.6931471805599454
trsvax:2.09861228866811
tandi:1.6931471805599454
com:1.6931471805599454
subject:1.0
need:1.0
sourc:1.0
old:1.0
radio:1.0
shack:1.0
ste:1.0
nf:1.6931471805599454
id:1.0
r:1.0
ac:1.0
ucalgari:1.0
ca:1.0
27323:1.0
288200083:1.0
000:1.0
125:1.0
apr:1.0
21:1.0
09:1.0
36:1.0
00:1.0
1993:1.0
line:1.0
5:1.0
made:1.0
rohm:1.0
baxxx:1.0
part:1.6931471805599454
call:1.0
714:1.0
855:1.0
2131:1.0
ask:1.0
get:1.0
sampl:1.0
like:1.0
2:1.0
