mcovingt:1.6931471805599454
aisun1:1.6931471805599454
ai:2.386294361119891
uga:2.09861228866811
edu:2.09861228866811
michael:1.6931471805599454
covington:1.6931471805599454
subject:1.0
radar:1.0
detector:1.6931471805599454
nntp:1.0
post:1.0
host:1.0
organ:1.0
program:1.6931471805599454
univers:1.6931471805599454
georgia:2.09861228866811
athen:1.6931471805599454
line:1.0
9:1.0
microwav:1.0
tower:1.0
next:1.0
florida:1.0
turnpik:1.0
could:1.0
watch:1.0
car:1.0
hit:1.0
break:1.0
came:1.0
sight:1.0
everi:1.0
morn:1.0
associ:1.0
research:1.0
scientist:1.0
artifici:1.0
intellig:1.0
phone:1.0
706:1.0
542:1.0
0358:1.0
30602:1.0
7415:1.0
u:1.0
amateur:1.0
radio:1.0
n4tmi:1.0
