markz:2.09861228866811
ssc:2.6094379124341005
com:2.09861228866811
mark:2.09861228866811
zenier:1.6931471805599454
subject:1.6931471805599454
mc:1.0
sbi:1.0
mixer:1.0
articl:1.0
1993apr21:1.0
183146:1.0
19241:1.0
organ:1.0
inc:1.0
seattl:1.0
wa:1.6931471805599454
line:1.0
17:1.0
x:1.0
newsread:1.0
tin:1.0
version:1.0
1:1.6931471805599454
pl6:1.0
j:1.0
muson:1.6931471805599454
acsu:1.0
buffalo:1.0
edu:1.0
wrote:1.0
hi:1.0
wonder:1.0
anyon:1.0
would:1.6931471805599454
abl:1.0
help:2.09861228866811
twwo:1.0
relat:1.0
current:1.0
learn:1.0
fm:1.6931471805599454
receiv:1.6931471805599454
reciev:1.0
circuit:2.09861228866811
p:1.0
realli:1.0
good:1.0
book:2.386294361119891
theori:2.09861228866811
along:1.0
detail:1.0
electr:1.0
diagram:1.0
lot:2.09861228866811
seen:1.0
one:1.0
without:1.0
pretti:1.0
seriou:1.0
still:1.0
seem:1.0
readabl:1.0
commun:1.0
princip:1.0
design:1.0
rohd:1.0
bucher:1.0
