brian:2.6094379124341005
vaughan:2.6094379124341005
um:2.09861228866811
cc:1.6931471805599454
umich:2.09861228866811
edu:2.09861228866811
subject:1.0
sale:1.6931471805599454
1988:1.6931471805599454
kawasaki:1.6931471805599454
ex:1.6931471805599454
500:1.6931471805599454
michigan:1.6931471805599454
articl:1.0
1:1.0
734105018:1.0
distribut:1.0
world:1.0
organ:1.0
univers:1.0
line:1.0
10:1.0
nntp:1.0
post:1.0
host:1.0
dss1:1.0
ui:1.0
itd:1.0
6682:1.0
mile:1.0
excel:1.0
condit:1.0
kept:1.0
garag:1.0
ask:1.0
2200:1.0
joy:1.0
march:1.0
music:1.0
rank:1.0
file:1.0
alreadi:1.0
earn:1.0
contempt:1.0
given:1.0
larg:1.0
brain:1.0
mistak:1.0
sinc:1.0
spinal:1.0
cord:1.0
would:1.0
fulli:1.0
suffic:1.0
albert:1.0
einstein:1.0
