mcguir:2.6094379124341005
c:2.386294361119891
utexa:2.09861228866811
edu:2.9459101490553135
tommi:1.6931471805599454
marcu:1.0
subject:1.0
counterst:2.09861228866811
faq:2.09861228866811
plea:1.6931471805599454
post:2.09861228866811
articl:2.386294361119891
earth:1.6931471805599454
ls1v14innjml:1.0
organ:1.0
dept:1.0
univers:1.0
texa:1.0
austin:1.6931471805599454
line:1.0
54:1.0
nntp:1.0
host:1.0
12739:1.0
news:1.0
duke:1.6931471805599454
infant:2.09861228866811
acpub:1.0
andrew:1.0
write:2.09861228866811
05apr93:1.0
02678944:1.0
0049:1.0
unbvm1:1.0
csd:1.0
unb:1.6931471805599454
ca:1.6931471805599454
c70a:1.0
c70a000:1.0
c4zkcl:1.0
fgc:1.0
ux1:1.6931471805599454
cso:1.6931471805599454
uiuc:1.6931471805599454
eric:1.0
93cbr900rr:1.0
would:1.6931471805599454
someon:1.0
aw:1.0
ummm:1.0
push:2.386294361119891
right:2.9459101490553135
handl:1.0
bike:2.6094379124341005
speed:1.0
turn:2.386294361119891
left:2.09861228866811
methink:1.6931471805599454
problem:1.0
realli:1.6931471805599454
someth:1.0
wrong:2.09861228866811
perhap:1.0
meant:1.0
pull:2.09861228866811
side:2.6094379124341005
handlebar:1.6931471805599454
send:1.6931471805599454
wonder:1.0
need:1.6931471805599454
sure:1.0
other:1.0
take:1.0
slack:1.0
andi:1.0
sometim:1.0
wish:1.0
peopl:1.0
put:1.0
littl:1.0
emphasi:1.0
oh:1.0
lord:1.0
came:1.0
obcounterst:1.6931471805599454
reason:1.0
discov:1.0
rather:1.6931471805599454
get:1.6931471805599454
mean:1.0
provid:1.0
feel:1.6931471805599454
greater:1.0
control:1.0
exampl:1.0
lean:2.09861228866811
hi:1.0
lonni:1.0
least:1.0
secur:1.0
le:1.0
counter:1.0
intuit:1.0
mayb:1.0
psycholog:1.0
help:1.0
v2:1.0
0:1.0
anyon:1.0
el:1.0
find:1.0
iron:1.0
weekend:1.0
night:1.0
msf:1.0
class:1.0
mention:1.0
first:1.0
day:1.0
ride:1.0
go:1.0
hit:1.0
head:1.0
door:1.0
frame:1.0
rest:1.0
even:1.0
tight:1.0
ibm:1.6931471805599454
com:1.0
append:1.0
appropri:1.0
disclaim:1.0
outgo:1.0
public:1.0
inform:1.0
identifi:1.0
person:1.0
independ:1.0
