max:2.6094379124341005
queernet:2.09861228866811
org:1.6931471805599454
j:1.6931471805599454
rochlin:1.6931471805599454
subject:1.0
speed:1.6931471805599454
ticket:2.386294361119891
chp:1.0
organ:1.0
line:1.0
10:1.0
interest:1.0
fight:1.0
first:1.0
50:1.6931471805599454
chanc:1.0
cop:1.0
show:1.6931471805599454
secondli:1.0
point:1.0
lie:1.0
purger:1.0
70:1.6931471805599454
beleiv:1.0
yo:1.0
charg:1.0
go:1.6931471805599454
15mph:1.0
post:1.0
sever:1.0
p:1.0
ossibl:1.0
right:1.0
uunet:1.0
sgi:1.0
unpc:1.0
protect:1.0
want:1.0
