car377:2.09861228866811
cbnewsj:2.09861228866811
cb:1.0
att:2.09861228866811
com:2.09861228866811
charl:1.0
roger:1.6931471805599454
subject:1.0
chain:2.6094379124341005
lube:1.0
rm:1.0
consensu:1.0
clean:1.0
summari:1.0
applic:1.0
detail:1.0
articl:2.09861228866811
1993apr5:1.0
223054:1.0
27874:1.0
organ:1.0
line:1.0
17:1.0
1993apr3:1.0
044405:1.0
16947:1.0
elektro:1.6931471805599454
cmhnet:1.6931471805599454
org:2.386294361119891
charli:1.6931471805599454
smith:1.0
write:1.6931471805599454
1993mar24:1.0
011823:1.0
7887:1.0
linu:1.0
mitr:1.6931471805599454
cookson:1.6931471805599454
mbunix:1.0
anyon:1.0
tri:1.0
spray:2.09861228866811
wax:1.6931471805599454
review:1.0
one:1.0
moto:1.0
rag:1.0
last:1.0
month:1.0
yeah:1.0
rear:1.0
drive:1.0
shaft:1.0
hous:1.0
seem:1.0
make:1.0
quieter:1.0
read:1.0
instruct:1.0
first:1.0
suppos:1.0
ear:1.0
distract:1.0
nois:1.0
bike:1.0
around:1.0
call:1.0
chuck:1.0
torrey:1.0
