subject:1.0
dod:1.0
paraphernalia:1.0
stafford:2.386294361119891
vax2:1.0
winona:2.386294361119891
msu:1.6931471805599454
edu:1.6931471805599454
john:1.6931471805599454
distribut:1.0
world:1.0
organ:1.0
state:1.6931471805599454
univers:1.6931471805599454
nntp:1.0
post:1.0
host:1.0
line:1.0
11:1.0
articl:1.0
1pppnrinnitg:1.0
cronkit:1.0
central:1.6931471805599454
sun:1.6931471805599454
com:1.6931471805599454
doc:1.0
webrid:1.0
steve:1.0
buni:1.0
wrote:1.0
decal:1.0
thicker:1.0
vinyl:1.0
geeki:1.0
temporari:1.0
tatoo:1.0
mean:1.0
rub:1.0
exempt:1.0
littl:1.0
razz:1.0
minnesota:1.0
standard:1.0
disclaim:1.0
appli:1.0
