ci513:1.0
cleveland:1.6931471805599454
freenet:1.0
edu:1.6931471805599454
tom:1.0
kelli:1.0
subject:1.0
mgnoc:1.0
address:1.6931471805599454
articl:1.0
usenet:1.0
1prsuk:1.0
hvl:1.0
organ:1.0
case:1.0
western:1.0
reserv:1.0
univers:1.0
ohio:1.0
usa:1.0
line:1.0
6:1.0
nntp:1.0
post:1.0
host:1.0
slc10:1.0
in:1.0
cwru:1.0
anyon:1.0
current:1.0
moto:1.0
guzzi:1.0
nation:1.0
owner:1.0
club:1.0
plea:1.0
e:1.0
mail:1.0
thank:1.0
advanc:1.0
k:1.0
