speedi:1.6931471805599454
engr:1.6931471805599454
latech:1.6931471805599454
edu:1.6931471805599454
mercer:1.0
subject:1.0
insect:1.0
impact:1.0
organ:1.0
louisiana:1.0
tech:1.0
univers:1.0
line:1.0
13:1.0
nntp:1.0
post:1.0
host:1.0
bhm116e:1.0
spc:1.0
articl:2.09861228866811
1993apr6:1.0
154544:1.0
28595:1.0
rd:2.386294361119891
hydro:2.386294361119891
ca:2.386294361119891
jlevin:1.6931471805599454
jodi:1.6931471805599454
levin:1.6931471805599454
write:2.09861228866811
1ppvd:1.0
92a:1.0
seven:1.0
east:1.6931471805599454
sun:1.6931471805599454
com:1.6931471805599454
egreen:1.0
7290:1.0
everi:1.0
bit:1.0
fast:1.0
dirtbik:2.09861228866811
right:1.0
terrain:1.0
eat:1.0
fli:1.0
thank:1.0
mention:1.0
talk:1.0
highway:1.0
speed:1.6931471805599454
go:1.0
70mph:1.0
feel:1.0
free:1.0
contribut:1.0
obvious:1.0
never:1.0
rode:1.0
good:1.0
250:1.0
open:1.0
class:1.0
bike:1.0
paid:1.0
opinion:1.0
dr:1.0
suzuki:1.0
gs850g:1.0
dod:1.0
8177:1.0
