plevin:1.0
orca:1.0
nosubdomain:1.0
nodomain:1.0
peter:1.6931471805599454
levin:1.6931471805599454
subject:1.0
bike:1.0
sale:1.6931471805599454
1986:1.6931471805599454
harley:1.6931471805599454
flhtc:1.6931471805599454
organ:1.0
uri:1.6931471805599454
depart:1.0
electr:1.0
engin:1.0
line:1.0
12:1.0
liberti:1.0
edit:1.0
good:1.0
condit:1.0
mani:1.0
extra:1.0
ask:1.0
7500:1.0
locat:1.0
rhode:1.0
island:1.0
tplevin:1.0
ele:1.0
edu:1.0
