bakali:2.09861228866811
apollo:2.09861228866811
hp:1.6931471805599454
com:2.09861228866811
steven:1.6931471805599454
subject:1.0
speed:1.6931471805599454
ticket:1.0
chp:1.6931471805599454
articl:1.6931471805599454
c52jgb:1.0
k99:1.0
organ:1.0
hewlett:1.0
packard:1.0
compani:1.0
chelmsford:1.0
line:1.0
18:1.0
nntp:1.0
post:1.0
host:1.0
fantail:1.0
ch:1.0
1pqarb:1.0
fnq:1.0
gaia:1.0
uc:1.0
orst:1.0
edu:1.6931471805599454
crucej:1.0
ossh:1.0
jerri:1.0
cruce:1.0
write:1.0
peter:1.0
nesbitt:1.0
0005111312:1.0
mcimail:1.0
wrote:1.0
ride:1.0
work:1.0
last:1.0
week:1.0
via:1.0
hwi:1.0
12:2.09861228866811
suisun:1.0
80:1.0
pull:1.0
black:1.0
white:1.0
76:1.0
ga:1.0
station:1.0
jameson:1.0
canyon:1.0
road:1.0
offic:1.0
state:1.0
look:1.6931471805599454
like:2.09861228866811
go:2.386294361119891
kinda:1.6931471805599454
fast:1.6931471805599454
come:1.6931471805599454
highway:1.6931471805599454
must:1.6931471805599454
least:1.6931471805599454
70:1.6931471805599454
75:1.6931471805599454
said:1.6931471805599454
okay:1.0
agre:1.0
disagre:1.0
anyth:1.6931471805599454
1:1.0
next:1.6931471805599454
time:2.09861228866811
get:1.6931471805599454
stope:1.0
cop:2.09861228866811
never:2.09861228866811
admit:1.0
2:1.0
volunt:1.0
inform:1.0
3:1.0
retoracl:1.0
question:1.0
ask:1.0
correct:1.0
repons:1.0
deni:1.0
techniqu:1.0
employ:1.0
polic:1.0
help:1.6931471805599454
establish:1.0
guilt:1.0
especi:1.0
9:1.0
10:1.0
sure:1.0
unsur:1.0
may:1.0
differ:1.0
let:1.0
hook:1.0
tissu:1.0
hope:1.0
