kurt:1.6931471805599454
oddjob:1.0
uchicago:1.0
edu:1.0
henriksen:1.0
subject:1.0
brake:1.0
rotor:1.0
cross:1.0
drill:1.0
1:1.6931471805599454
312:1.0
702:1.0
8323:1.0
organ:1.0
univers:1.0
chicago:1.0
astronomi:1.0
astrophys:1.0
distribut:1.0
na:1.0
line:1.0
