luski:2.386294361119891
ccwf:1.6931471805599454
cc:1.6931471805599454
utexa:1.6931471805599454
edu:1.6931471805599454
jonathan:1.6931471805599454
r:1.6931471805599454
subject:1.6931471805599454
tool:2.09861228866811
articl:1.6931471805599454
ra:1.0
1993apr6:1.0
011730:1.0
877:1.0
organ:1.0
univers:1.0
texa:1.0
austin:1.6931471805599454
tx:1.0
line:1.0
25:1.0
1993apr5:1.0
165548:1.0
21479:1.0
research:1.0
nj:1.6931471805599454
nec:1.6931471805599454
com:1.6931471805599454
behanna:1.6931471805599454
phoenix:1.0
syl:1.0
chri:1.0
write:1.0
twhile:1.0
anyon:1.0
el:1.0
notic:1.0
1:2.6094379124341005
2:2.6094379124341005
deep:2.09861228866811
well:2.09861228866811
craftsman:1.6931471805599454
60:1.0
sae:1.6931471805599454
set:1.0
small:1.0
fit:1.6931471805599454
bolt:1.6931471805599454
nut:2.386294361119891
twhen:1.0
took:1.0
socket:2.386294361119891
exchang:1.0
everi:1.0
one:1.0
rack:1.0
exact:1.0
problem:1.6931471805599454
look:1.0
appear:1.0
toolmak:1.0
attempt:1.0
imit:1.0
flank:1.0
drive:1.0
piec:1.0
account:1.0
extra:1.0
clearanc:1.0
need:1.0
insid:1.0
never:1.0
mine:1.0
sure:1.0
tri:1.0
realli:1.6931471805599454
hex:1.0
13mm:2.09861228866811
slightli:1.0
larger:1.0
wrench:1.0
gm:1.0
91:1.0
gmc:1.0
pickup:1.0
sever:1.0
annoy:1.0
metric:1.6931471805599454
thread:1.0
seem:1.0
bodi:1.0
engin:1.0
89:1.0
jeep:1.0
wrangler:1.0
258:1.0
sale:1.0
79:1.0
rx:1.0
7:1.0
12a:1.0
holley:1.0
4bbl:1.0
67:1.0
camaro:1.0
350:1.0
4spd:1.0
