sprattli:2.09861228866811
azor:2.386294361119891
crd:2.386294361119891
ge:2.6094379124341005
com:2.791759469228055
rod:2.09861228866811
sprattl:2.09861228866811
subject:1.0
kawi:1.0
zephyr:2.386294361119891
vision:1.0
v:1.0
gpz:1.6931471805599454
550:1.6931471805599454
articl:1.6931471805599454
crdnn:1.0
c52m30:1.0
5yi:1.0
repli:1.0
organ:1.0
corp:1.0
r:1.0
center:1.0
schenectadi:1.0
ny:1.0
line:1.0
31:1.0
nntp:1.0
post:1.0
host:1.0
1993apr4:1.0
135829:1.0
28141:1.0
pro:1.6931471805599454
ct:1.6931471805599454
shadow:1.0
write:1.6931471805599454
1993apr3:1.0
094509:1.0
11448:1.0
organpip:1.0
uug:1.0
arizona:1.6931471805599454
edu:1.6931471805599454
asphaug:1.6931471805599454
lpl:1.0
erik:1.0
x2773:1.0
way:1.0
short:1.0
live:1.0
essenti:1.0
discontinu:1.0
heard:1.0
someth:1.0
problem:1.0
name:2.09861228866811
never:1.0
hear:1.0
anyth:1.0
certain:1.0
ford:1.0
anem:1.0
mid:1.0
size:1.0
car:1.6931471805599454
back:1.6931471805599454
last:1.0
decad:1.0
rent:1.0
one:1.0
would:1.0
ruin:1.0
use:1.0
roderick:1.0
job:1.0
great:1.0
time:1.0
small:1.0
foot:1.0
fire:1.0
wall:1.0
