subject:1.0
protect:1.6931471805599454
gear:1.6931471805599454
bclark:1.6931471805599454
galaxi:1.6931471805599454
gov:1.6931471805599454
bc:2.09861228866811
ca:2.386294361119891
organ:1.0
system:1.0
corpor:1.0
line:1.0
14:1.0
articl:2.09861228866811
734055654snz:1.0
morgan:1.6931471805599454
demon:1.6931471805599454
co:1.6931471805599454
uk:1.6931471805599454
toni:1.6931471805599454
kidson:1.0
write:2.09861228866811
1993apr5:1.0
151323:1.0
7183:1.0
rd:1.6931471805599454
hydro:1.6931471805599454
jlevin:1.0
c4wkf:1.0
bc1:1.0
eskimo:1.6931471805599454
com:1.6931471805599454
maven:1.0
norman:1.0
hamer:1.0
import:1.0
would:1.0
go:1.0
glove:1.0
whole:1.0
lot:1.0
life:2.09861228866811
skin:1.0
hand:1.0
yup:1.0
ruin:1.0
sex:1.6931471805599454
mayb:1.0
bruce:1.0
clark:1.0
b:1.0
c:1.0
environ:1.0
e:1.0
mail:1.0
