jeff:1.0
mri:1.6931471805599454
com:1.0
jonathan:1.0
jefferi:1.0
subject:1.6931471805599454
bmw:3.302585092994046
49:3.0794415416798357
r:1.6931471805599454
ralli:3.4849066497880004
summari:1.0
memori:1.6931471805599454
day:2.09861228866811
weekend:2.09861228866811
keyword:1.0
articl:1.0
1993apr9:1.0
011743:1.0
1903:1.0
expir:1.0
tue:1.0
1:1.0
jun:1.0
1993:1.6931471805599454
07:1.0
00:1.6931471805599454
gmt:1.0
distribut:1.0
rec:1.0
motorcycl:1.0
organ:1.0
microtec:1.0
research:1.0
santa:1.0
clara:1.0
california:2.6094379124341005
usa:1.0
line:1.0
66:1.0
bbbbbbbb:2.09861228866811
mm:3.6390573296152584
ww:3.6390573296152584
bb:2.791759469228055
b:1.6931471805599454
w:2.9459101490553135
press:1.0
releas:1.0
rider:2.791759469228055
time:1.6931471805599454
club:2.6094379124341005
northern:2.09861228866811
er:2.6094379124341005
may:1.6931471805599454
27:1.6931471805599454
31:1.6931471805599454
u:2.386294361119891
san:1.0
francisco:1.0
bay:1.0
area:1.0
20th:1.0
annual:1.0
sponsor:1.0
califronia:1.0
held:1.6931471805599454
quinci:3.0794415416798357
fairground:1.6931471805599454
tinclud:1.0
42:1.0
pre:2.09861228866811
registr:2.6094379124341005
fee:1.6931471805599454
47:1.0
gate:1.0
4:1.0
star:1.0
camp:1.6931471805599454
field:1.0
event:2.386294361119891
trophi:1.0
two:2.386294361119891
dinner:1.0
pin:1.0
door:1.0
prize:1.0
poker:1.0
run:1.6931471805599454
vendor:1.0
display:1.0
fun:1.0
english:1.0
trial:1.0
live:1.0
music:1.0
play:1.0
throughout:1.0
plu:1.6931471805599454
extra:1.0
like:1.0
hot:1.0
shower:1.0
tour:1.6931471805599454
concours:1.0
eleg:1.0
tthi:1.0
first:1.0
20:1.0
year:1.0
histori:1.0
accord:1.0
pat:1.0
gardner:1.0
chairman:1.0
continu:1.0
growth:1.0
need:1.6931471805599454
larger:1.0
complet:1.0
facil:1.0
led:1.0
get:2.09861228866811
either:1.0
favrit:1.0
highway:2.386294361119891
70:2.09861228866811
goe:1.0
feather:1.0
river:1.0
canyon:1.0
south:1.6931471805599454
via:1.0
northernmost:1.0
part:1.0
gold:1.0
countri:1.0
tday:1.0
pas:1.0
avail:1.6931471805599454
non:1.0
must:1.0
regist:1.0
guest:1.0
tthe:1.0
locat:1.0
state:1.0
89:1.0
mile:1.0
downtown:1.0
tfor:1.0
form:1.0
addit:1.6931471805599454
inform:1.0
write:1.0
doug:1.0
hubbard:1.0
41236:1.0
norman:1.0
court:1.0
fremont:1.0
ca:1.0
94539:1.0
telephon:1.0
510:1.0
651:1.0
2195:1.0
note:1.0
profit:1.0
moni:1.0
worth:1.0
whether:1.0
ever:1.0
attend:1.0
one:2.09861228866811
make:1.0
problem:1.6931471805599454
mani:1.0
activ:1.0
attende:1.0
choos:1.0
anoth:1.0
beauti:1.0
campground:1.0
lot:1.6931471805599454
grass:1.0
littl:1.0
dust:1.0
folk:1.0
previou:1.0
mariposa:1.0
space:1.0
flat:1.0
room:1.0
build:1.0
chang:1.0
weather:1.0
also:1.0
peopl:1.0
go:1.0
welcom:1.0
begin:1.6931471805599454
thursday:1.6931471805599454
cours:1.6931471805599454
alway:1.0
earli:1.0
arriv:1.0
show:1.0
monday:1.6931471805599454
tuesday:1.0
pay:1.0
5:1.0
friday:1.0
main:1.0
saturday:1.0
sunday:1.0
even:1.0
award:2.09861228866811
ceremoni:1.0
member:1.0
variou:1.0
base:1.0
declar:1.0
affilit:1.0
usual:1.6931471805599454
oldest:1.0
male:1.0
femal:1.0
bet:1.0
win:1.0
youngest:1.0
cheater:1.0
permit:1.0
15:1.0
greatest:1.0
distanc:1.0
thing:1.0
