rbemben:1.6931471805599454
timewarp:1.6931471805599454
prime:1.6931471805599454
com:1.6931471805599454
rich:1.6931471805599454
bemben:1.6931471805599454
subject:1.0
still:1.6931471805599454
cold:1.6931471805599454
expir:1.0
30:1.0
apr:1.0
93:1.0
05:1.0
00:1.6931471805599454
gmt:1.0
distribut:1.0
usa:1.0
organ:1.0
computervis:1.0
corp:1.0
bedford:1.0
line:1.0
14:1.0
articl:1.0
1993apr6:1.0
224037:1.0
28921:1.0
linu:1.0
mitr:1.6931471805599454
org:1.6931471805599454
cookson:1.6931471805599454
mbunix:1.0
write:1.0
tend:1.0
keep:1.0
bedroom:1.0
window:1.0
open:1.0
winter:1.0
woken:1.0
find:1.0
frost:1.0
bedspread:1.0
get:1.6931471805599454
30f:1.0
usual:1.0
part:1.0
stick:1.0
bottom:1.0
helmet:1.6931471805599454
mayb:1.0
time:1.0
noj:1.0
quiet:1.0
rider:1.0
cool:1.0
conjur:1.0
imag:1.0
bd:1.0
doonesburi:1.0
dean:1.0
long:1.0
sleep:1.0
dod:1.0
0044:1.0
1977:1.0
750:1.0
triumph:1.0
bonnevil:1.0
617:1.0
275:1.0
1800:1.0
x:1.0
4173:1.0
fear:1.0
evil:2.09861228866811
men:1.6931471805599454
name:1.6931471805599454
heaven:1.0
protect:1.0
u:1.0
good:1.0
