jlevin:1.0
rd:1.0
hydro:2.09861228866811
ca:2.386294361119891
jodi:2.09861228866811
levin:2.09861228866811
subject:1.0
bike:2.09861228866811
big:1.6931471805599454
dog:2.386294361119891
organ:1.0
ontario:1.6931471805599454
research:1.0
divis:1.0
line:1.0
17:1.0
articl:1.6931471805599454
1993apr14:1.6931471805599454
212827:1.0
2277:1.0
galaxi:1.6931471805599454
gov:1.6931471805599454
bc:1.6931471805599454
bclark:1.0
write:1.6931471805599454
234835:1.0
1:1.0
cua:1.6931471805599454
edu:1.6931471805599454
84wendel:1.0
anyon:1.0
ever:1.6931471805599454
heard:1.0
rider:1.6931471805599454
give:1.0
great:1.6931471805599454
dane:1.6931471805599454
ride:2.09861228866811
back:1.6931471805599454
would:2.09861228866811
love:1.6931471805599454
could:1.0
make:1.0
work:1.0
post:1.0
month:1.0
actual:1.0
seen:1.0
cart:1.0
around:1.0
pet:1.0
sidecar:1.0
though:1.0
sound:1.0
bit:1.6931471805599454
hairi:1.0
yeah:1.0
sure:1.0
lab:1.0
type:1.0
stick:1.0
head:1.0
car:1.0
window:1.0
think:1.0
enjoy:1.0
bunge:1.0
cord:1.0
ga:1.0
tank:1.0
65:1.0
lb:1.0
squirm:1.0
beast:1.0
much:1.0
backpack:1.0
ok:1.0
done:1.0
like:1.0
dod:1.0
275:1.0
kv:1.0
got:1.0
pf:1.0
p:1.0
toronto:1.0
canada:1.0
