mcguir:2.6094379124341005
c:2.386294361119891
utexa:2.09861228866811
edu:2.09861228866811
tommi:1.6931471805599454
marcu:1.0
subject:1.0
liabil:1.0
insur:2.9459101490553135
requir:1.0
organ:1.0
dept:1.0
univers:1.0
texa:1.0
austin:1.6931471805599454
line:1.0
42:1.0
distribut:1.0
usa:1.0
nntp:1.0
post:1.0
host:1.0
cash:1.6931471805599454
articl:2.09861228866811
1993apr15:1.0
153312:1.0
4125:1.0
research:1.0
nj:1.6931471805599454
nec:1.6931471805599454
com:2.386294361119891
behanna:2.09861228866811
syl:1.0
chri:1.6931471805599454
write:1.6931471805599454
tcora:1.6931471805599454
140493155620:1.0
b329:1.0
gator:1.0
3:1.0
pica:1.6931471805599454
armi:1.6931471805599454
mil:1.6931471805599454
tom:1.0
coradeschi:1.0
1993apr14:1.0
125209:1.0
21247:1.0
walter:1.0
bellcor:1.0
bzzzt:1.0
driver:1.0
fault:1.6931471805599454
co:1.6931471805599454
pay:2.386294361119891
le:1.0
deduct:2.386294361119891
recoup:1.0
total:1.0
cost:1.0
guy:1.6931471805599454
gal:1.6931471805599454
compani:1.6931471805599454
fanci:1.0
word:1.6931471805599454
escap:1.0
right:1.6931471805599454
go:1.0
take:1.0
longer:1.0
get:2.09861228866811
oppos:1.0
state:1.0
farm:1.0
cut:1.0
check:1.0
today:1.0
spot:1.0
damag:1.6931471805599454
wife:1.0
cage:1.0
tthe:1.0
subrog:1.0
seem:1.0
will:1.0
wait:1.0
money:1.0
scumbag:1.6931471805599454
save:1.0
howev:1.0
scum:1.6931471805599454
may:1.0
pack:1.0
rabid:1.0
larg:1.0
fang:1.0
lawyer:2.386294361119891
recov:1.0
tsad:1.0
true:1.0
call:1.0
job:1.0
secur:1.0
later:1.0
tdod:1.0
114:1.0
1983:1.0
h:1.0
fxwg:1.0
wide:1.0
glide:1.0
jubile:1.0
red:1.0
ladi:1.0
know:1.0
sound:1.0
suspici:1.0
like:1.0
even:1.0
advertis:1.0
loop:1.0
sigh:1.0
anoth:1.0
naiv:1.0
illus:1.0
toilet:1.0
ibm:1.6931471805599454
append:1.0
appropri:1.0
disclaim:1.0
outgo:1.0
public:1.0
inform:1.0
identifi:1.0
person:1.0
independ:1.0
