prb:1.0
access:2.09861228866811
digex:1.6931471805599454
com:1.0
pat:1.6931471805599454
subject:1.0
kawasaki:1.0
440:1.0
ae:1.0
sale:1.6931471805599454
organ:1.0
express:1.0
onlin:1.0
commun:1.0
usa:1.0
line:1.0
6:1.0
distribut:1.0
world:1.0
nntp:1.0
post:1.0
host:1.0
net:1.0
includ:1.0
tha:1.0
cover:1.6931471805599454
sold:1.6931471805599454
separ:1.0
trailer:1.0
