bgardner:2.09861228866811
pebbl:1.6931471805599454
e:2.09861228866811
com:2.09861228866811
blain:2.09861228866811
gardner:2.09861228866811
subject:1.0
ducati:1.6931471805599454
400:3.0794415416798357
opinion:1.0
want:1.0
nntp:1.0
post:1.0
host:1.0
130:1.0
187:1.0
85:1.0
70:1.0
organ:1.0
evan:1.6931471805599454
sutherland:1.6931471805599454
comput:1.0
corpor:1.0
line:1.6931471805599454
29:1.0
articl:1.6931471805599454
1qmnga:1.0
s9q:1.0
news:1.0
ysu:1.6931471805599454
edu:1.6931471805599454
ak954:1.0
yfn:1.0
albion:1.0
h:1.0
bower:1.0
write:1.0
previou:1.0
say:1.0
guess:1.6931471805599454
touch:1.0
exactli:1.0
v:2.386294361119891
twin:2.386294361119891
desmo:1.0
half:1.0
balanc:1.0
weight:1.0
2nd:1.0
cylind:1.0
would:1.0
go:1.0
12:2.6094379124341005
second:1.6931471805599454
1:1.6931471805599454
4:1.6931471805599454
bad:1.0
sorri:1.0
specif:1.0
750:1.0
s:1.0
ran:2.09861228866811
quater:1.0
10:1.0
108:1.0
17:1.0
last:1.0
small:1.0
duc:1.0
got:1.0
u:1.0
pantah:1.6931471805599454
base:1.0
500sl:1.0
credit:1.0
13:1.0
0:1.0
103:1.0
modern:1.0
carb:1.0
put:1.0
high:1.0
105:1.0
btw:1.0
fzr:1.0
mid:1.0
latest:1.0
crop:1.0
japanes:1.0
run:1.0
hard:1.6931471805599454
rememb:1.6931471805599454
new:1.6931471805599454
goof2:1.0
clobber:1.0
old:1.6931471805599454
kz1000:1.0
handili:1.0
top:1.0
end:1.0
roll:1.0
technolog:1.6931471805599454
stand:1.0
still:1.6931471805599454
one:1.0
bought:1.0
gs1000:1.0
78:1.6931471805599454
3rd:1.0
place:1.0
speed:1.0
war:1.0
behind:1.0
cbx:1.0
x:1.0
eleven:1.0
11:1.0
8:1.0
113:1.0
mile:1.0
75:1.0
hors:1.0
even:1.0
make:1.0
good:1.0
600:1.6931471805599454
day:1.0
paid:1.0
2800:1.0
thing:1.6931471805599454
chang:1.6931471805599454
cours:1.0
rather:1.0
ride:1.0
g:1.0
across:1.0
three:1.0
state:1.0
indic:1.0
much:1.0
seem:1.0
far:1.0
dsd:1.0
