dug:1.6931471805599454
hpopd:1.0
pwd:1.0
hp:1.0
com:1.0
smith:1.0
subject:1.0
ducati:1.6931471805599454
400:1.0
opinion:1.0
want:1.0
organ:1.0
hewlett:1.0
packard:1.0
ccsi:1.0
messag:1.0
centr:1.0
uk:1.0
line:1.0
4:1.0
spoke:1.0
sale:1.0
dweeb:1.0
3x:1.0
dealer:1.0
blighti:1.0
noth:1.0
good:1.0
say:1.0
appear:1.0
waaaay:1.0
underpow:1.0
basic:1.0
750:1.0
900:1.6931471805599454
400cc:1.0
engin:1.0
qualiti:1.0
problem:1.0
rusti:1.0
frame:1.0
save:1.0
penni:1.0
buy:1.0
