manish:2.09861228866811
uclink:1.6931471805599454
berkeley:2.09861228866811
edu:1.6931471805599454
vij:1.0
subject:1.0
ship:2.09861228866811
bike:1.6931471805599454
organ:1.0
univers:1.0
california:1.0
line:1.0
10:1.0
distribut:1.0
world:1.0
nntp:1.0
post:1.6931471805599454
host:1.0
someon:1.6931471805599454
recommend:1.0
motorcycl:1.0
san:1.0
francisco:1.0
seattl:1.0
much:1.0
might:1.0
cost:1.0
rememb:1.0
thread:1.0
save:1.0
instruct:1.0
prep:1.0
plea:1.0
em:1.0
email:1.0
thank:1.0
