bgardner:1.6931471805599454
pebbl:1.0
e:1.6931471805599454
com:1.6931471805599454
blain:1.6931471805599454
gardner:1.6931471805599454
subject:1.0
rgv:1.0
pose:1.0
nntp:1.0
post:1.0
host:1.0
130:1.0
187:1.0
85:1.0
70:1.0
organ:1.0
evan:1.6931471805599454
sutherland:1.6931471805599454
comput:1.0
corpor:1.0
line:1.6931471805599454
13:1.0
articl:1.6931471805599454
speedi:2.09861228866811
153:1.0
engr:1.6931471805599454
latech:1.6931471805599454
edu:2.386294361119891
mercer:1.0
write:1.6931471805599454
2553:1.0
spam:1.6931471805599454
math:1.6931471805599454
adelaid:1.6931471805599454
au:1.6931471805599454
amydlak:1.0
adam:1.0
mydlak:1.0
squid:1.0
delet:1.0
5:1.0
helment:1.6931471805599454
law:2.386294361119891
vari:1.0
state:2.09861228866811
louisiana:1.0
personali:1.0
would:1.0
go:1.6931471805599454
2:1.6931471805599454
foot:1.6931471805599454
bike:1.0
without:1.0
one:1.0
save:1.0
life:1.0
draw:1.0
3:1.0
dsd:1.0
