ryan:2.791759469228055
cousineau:2.6094379124341005
compdyn:2.09861228866811
questor:2.09861228866811
org:2.09861228866811
subject:1.6931471805599454
motorcycl:1.6931471805599454
courier:1.6931471805599454
repli:1.6931471805599454
distribut:1.0
world:1.0
organ:1.0
comput:1.6931471805599454
dynam:1.6931471805599454
vancouv:2.09861228866811
b:1.0
c:1.6931471805599454
604:2.386294361119891
986:1.6931471805599454
9937:2.386294361119891
255:1.6931471805599454
line:1.0
19:1.0
jl:1.0
n:1.0
summer:1.0
job:1.0
like:1.0
thank:1.0
everyon:1.0
probabl:1.0
start:1.0
look:1.0
earnest:1.0
may:1.0
return:1.0
trip:1.0
pacif:1.0
coast:1.0
geograph:1.0
featur:1.0
bike:2.09861228866811
cousinetc:1.0
1982:1.0
yamaha:1.0
vision:1.0
xz550:1.0
black:1.0
pig:1.0
inver:1.0
live:1.6931471805599454
ride:1.0
kotrb:1.0
1958:1.0
aj:1.0
500:1.0
king:1.0
rat:1.0
work:1.0
dod:1.0
0863:1.0
squid:1.0
could:1.0
afford:1.0
flame:1.0
bc:1.6931471805599454
canada:1.6931471805599454
slmr:1.0
2:1.0
1a:1.0
travel:1.0
quickli:1.6931471805599454
bb:1.0
hst:1.0
v32:1.0
easi:1.0
access:1.0
low:1.0
rate:1.0
friendli:1.0
sysop:1.0
