davet:1.6931471805599454
interceptor:1.6931471805599454
cd:2.09861228866811
tek:1.6931471805599454
com:1.6931471805599454
dave:1.6931471805599454
tharp:1.6931471805599454
subject:1.0
rejet:1.6931471805599454
carb:1.0
keyword:1.0
air:3.1972245773362196
pump:2.386294361119891
distribut:1.0
na:1.0
organ:1.0
tektronix:1.0
colorado:1.0
data:1.0
system:2.791759469228055
englewood:1.0
co:1.0
line:1.6931471805599454
58:1.0
articl:1.0
jburney:1.6931471805599454
734756216:1.0
hydra:1.6931471805599454
nodc:1.6931471805599454
noaa:1.6931471805599454
gov:1.6931471805599454
jeff:1.0
burney:1.0
write:1.0
talk:1.0
4:1.6931471805599454
stroke:2.791759469228055
think:1.0
understand:1.0
exhaust:3.6390573296152584
pul:1.6931471805599454
affect:2.09861228866811
2:2.09861228866811
intak:3.1972245773362196
valv:2.09861228866811
close:1.6931471805599454
ga:2.09861228866811
push:1.6931471805599454
cyclind:1.0
guess:1.0
compress:1.6931471805599454
may:1.0
amount:1.0
limit:1.0
factor:1.6931471805599454
seem:1.0
header:1.0
pipe:1.6931471805599454
canist:1.6931471805599454
mean:1.0
would:1.0
gase:1.6931471805599454
far:1.0
realli:1.6931471805599454
effect:1.6931471805599454
much:2.09861228866811
discus:1.0
purpos:1.0
ignor:1.0
dynam:1.0
like:1.6931471805599454
tri:1.0
paint:1.0
use:1.0
mental:1.0
pictur:1.0
1:1.0
unless:2.09861228866811
engin:2.09861228866811
supercharg:1.0
pressur:3.1972245773362196
avail:1.6931471805599454
forc:1.0
tract:1.6931471805599454
atmospher:2.09861228866811
time:2.386294361119891
open:1.0
differenti:1.0
move:1.6931471805599454
differ:2.386294361119891
combust:2.386294361119891
chamber:2.09861228866811
left:1.0
piston:1.0
decend:1.0
decreas:1.0
allow:1.0
ever:1.0
becom:1.0
neg:1.0
even:1.0
approach:1.0
good:1.0
vacuum:1.0
essenti:1.0
first:1.0
major:1.0
flow:2.9459101490553135
restrict:1.0
muffler:1.0
note:1.6931471805599454
volum:1.6931471805599454
must:1.6931471805599454
larger:1.0
temperatur:1.0
product:1.0
3:1.0
last:1.0
6:1.0
8:1.0
year:1.0
japanes:1.0
manufactur:1.0
start:1.0
pay:1.0
attent:1.0
tune:1.0
pursuit:1.0
almighti:1.0
horsepow:1.6931471805599454
point:1.0
high:1.0
perform:1.6931471805599454
bike:1.6931471805599454
substitut:2.09861228866811
aftermarket:1.6931471805599454
free:2.09861228866811
filter:1.6931471805599454
almost:1.0
zero:1.0
stock:1.0
well:1.6931471805599454
anyway:1.0
make:1.0
littl:1.6931471805599454
gener:1.6931471805599454
new:1.0
louder:1.0
stocker:1.0
older:1.0
back:1.0
domin:1.0
instal:1.0
5:1.0
visual:1.0
given:1.0
rpm:1.0
anyth:1.0
caus:1.6931471805599454
side:1.0
produc:1.0
requir:1.0
recalibr:1.0
carburetor:1.0
dod:1.0
0751:1.0
wear:1.0
mra:1.0
151:1.6931471805599454
indian:1.6931471805599454
scout:1.0
88:1.0
k75:1.0
48:1.0
chief:1.6931471805599454
ahrma:1.0
751:1.6931471805599454
brother:1.0
75:1.0
r90:1.0
72:1.0
tr:1.0
2b:1.0
ama:1.0
524737:1.0
built:1.0
rock:1.0
65:1.0
r50:1.0
velorex:1.0
57:1.0
nsu:1.0
max:1.0
take:1.0
knock:1.0
1936:1.0
bmw:1.0
r12:1.0
compuls:1.0
harley:1.0
employ:1.0
idea:1.0
joiner:1.0
give:1.0
grief:1.0
