txd:1.6931471805599454
esd:1.0
3com:2.386294361119891
com:2.6094379124341005
tom:1.6931471805599454
dietrich:1.6931471805599454
subject:1.0
ducati:2.09861228866811
400:1.6931471805599454
opinion:1.6931471805599454
want:1.0
line:1.0
51:1.0
nntp:1.0
post:1.0
host:1.0
abl:1.6931471805599454
mkt:1.6931471805599454
frankb:1.0
sad:1.0
hp:1.0
frank:1.0
ball:1.0
write:1.0
godfrey:1.0
digiorgi:1.0
ramarren:1.0
appl:1.0
wrote:1.0
model:1.6931471805599454
essenti:1.6931471805599454
reduc:1.6931471805599454
displac:1.6931471805599454
750:2.09861228866811
mean:1.6931471805599454
weigh:1.6931471805599454
size:1.6931471805599454
far:1.6931471805599454
le:2.09861228866811
power:1.6931471805599454
produc:1.0
specif:1.0
meet:1.0
vehicl:1.0
tax:1.0
restrict:1.0
certain:1.0
market:1.0
make:1.0
commerci:1.0
viabl:1.0
sold:1.0
u:1.0
unneed:1.0
unwant:1.0
somewhat:1.6931471805599454
larg:1.6931471805599454
overweight:1.6931471805599454
motor:1.6931471805599454
still:1.6931471805599454
handl:1.6931471805599454
magnific:1.6931471805599454
fast:2.09861228866811
flaw:1.6931471805599454
mention:1.6931471805599454
limit:1.6931471805599454
steer:2.09861228866811
lock:2.09861228866811
annoy:1.6931471805599454
note:1.6931471805599454
tester:1.6931471805599454
mirror:1.6931471805599454
perfect:1.6931471805599454
900:2.09861228866811
nope:1.0
24:1.0
lb:1.0
lightrer:1.0
brake:1.0
singl:1.0
disk:1.0
quit:1.0
impress:1.6931471805599454
two:1.6931471805599454
finger:1.0
lever:1.0
much:1.0
beth:2.09861228866811
horror:1.0
lift:1.0
rear:1.0
wheel:1.0
8:1.0
fine:1.6931471805599454
randi:1.0
mamola:1.0
feel:1.0
go:1.0
enough:1.0
give:1.0
liter:1.0
bike:1.0
rider:1.0
fit:1.0
futur:1.0
adjust:1.0
see:1.6931471805599454
2:1.0
3:1.0
fill:1.0
black:1.0
leather:1.0
86:1.0
concour:1.0
sophist:1.0
ladi:1.0
72:1.0
1000cc:1.0
sportster:1.0
ol:1.0
sport:1.0
sale:1.0
dod:1.0
055:1.0
79:1.0
sr500:1.0
spike:1.0
garag:1.0
rat:1.0
ama:1.0
524245:1.0
queu:1.0
m900:1.0
fssnoc:1.0
1843:1.0
joust:1.0
gather:1.0
big:1.0
fun:1.0
1kspt:1.0
17:1.0
28:1.0
bell:1.0
408:1.0
764:1.0
5874:1.0
cool:1.0
rule:1.0
sometim:1.0
e:1.0
mail:1.0
h:1.0
lewi:1.0
disclaim:1.0
take:1.0
respons:1.0
preced:1.0
