howland:1.6931471805599454
noc:1.0
arc:1.0
nasa:1.6931471805599454
gov:1.0
curt:1.0
subject:1.0
got:1.0
bike:1.0
want:1.0
advic:1.6931471805599454
cb900c:1.6931471805599454
purchas:1.6931471805599454
keyword:1.0
organ:1.0
scienc:1.0
internet:1.0
project:1.0
offic:1.0
line:1.0
7:1.0
articl:1.0
1993apr15:1.0
180644:1.0
25263:1.0
mit:1.6931471805599454
edu:1.6931471805599454
jburnsid:1.0
jami:1.0
w:1.0
burnsid:1.0
write:1.0
relet:1.0
new:1.0
reader:1.0
quit:1.0
impress:1.0
useful:1.0
info:1.0
avail:1.0
newsgroup:1.0
redund:1.0
