bethd:2.09861228866811
netcom:2.6094379124341005
com:2.791759469228055
beth:2.791759469228055
dixon:2.09861228866811
subject:1.0
ed:1.0
must:1.0
daemon:1.0
child:1.0
organ:1.0
onlin:1.0
commun:1.0
servic:1.0
408:1.0
241:1.0
9760:1.0
login:1.0
guest:1.0
distribut:1.0
usa:1.0
line:1.0
29:1.0
articl:1.6931471805599454
1993apr14:1.0
133413:1.0
1499:1.0
research:1.0
nj:1.6931471805599454
nec:1.6931471805599454
behanna:1.6931471805599454
syl:1.6931471805599454
chri:1.0
write:1.6931471805599454
bethdc5g0h6:1.0
i48:1.0
bzzzzt:1.0
discov:1.0
sr250:1.6931471805599454
tour:1.0
bike:1.0
nifti:1.0
littl:1.0
cach:1.0
thing:1.0
like:1.0
coin:1.0
lipstick:2.09861228866811
new:1.0
duc:1.0
750ss:1.6931471805599454
go:1.0
back:1.0
carri:1.0
jacket:1.0
pocket:1.0
life:1.0
hard:1.0
tam:1.0
denizen:1.0
think:1.0
natur:1.6931471805599454
look:2.09861228866811
best:1.0
thought:1.0
kiss:2.09861228866811
waxi:1.6931471805599454
shit:1.6931471805599454
smear:1.0
woman:1.0
lip:2.09861228866811
definit:1.0
turn:1.0
clear:1.0
chapstick:1.0
etc:1.0
fit:1.0
categori:1.0
wear:1.0
someth:1.0
keep:1.6931471805599454
dri:1.6931471805599454
crack:1.0
parch:1.0
fun:1.0
either:1.0
tnot:1.0
ever:1.0
noemi:1.6931471805599454
tom:1.0
anyth:1.6931471805599454
say:1.0
speak:1.0
one:1.0
true:1.0
1981:1.0
yamaha:1.6931471805599454
excit:1.0
girl:1.0
dod:1.0
0384:1.0
1979:1.0
sr500:1.0
spike:1.0
garag:1.0
rat:1.0
fssnoc:1.0
1843:1.0
1992:1.0
ducati:1.6931471805599454
ama:1.0
631903:1.0
1963:1.0
250:1.0
monza:1.0
restor:1.0
project:1.0
1kqspt:1.0
1:1.0
8:1.0
handl:1.0
side:1.0
derang:1.0
zz:1.0
top:1.0
