charli:2.09861228866811
elektro:1.0
cmhnet:1.0
org:2.09861228866811
smith:1.6931471805599454
subject:1.0
bike:1.6931471805599454
contact:2.09861228866811
organ:1.0
suspect:1.0
line:1.0
20:1.0
articl:2.09861228866811
1993apr12:1.6931471805599454
042749:1.0
2557:1.0
news:1.6931471805599454
columbia:1.6931471805599454
edu:2.386294361119891
scs8:1.0
cunixb:1.0
cc:1.0
sebastian:1.0
c:1.0
sear:1.0
write:2.09861228866811
022233:1.0
17927:1.0
linu:1.0
mitr:1.6931471805599454
cookson:1.6931471805599454
mbunix:1.0
c5ckp9:1.0
c5d:1.0
cso:1.6931471805599454
uiuc:1.6931471805599454
cs225a82:1.0
dcl:1.0
nxt19:1.0
cs225:1.0
student:1.0
quick:1.0
question:1.0
recent:1.0
got:1.0
drive:1.0
often:1.0
one:1.0
problem:1.0
wind:2.09861228866811
mess:1.0
ga:1.0
permeabl:1.0
full:1.6931471805599454
face:2.09861228866811
helmet:1.6931471805599454
sheild:1.0
work:1.6931471805599454
tactual:1.0
alway:1.0
either:1.0
tblow:1.0
around:1.0
insid:2.09861228866811
rf200:1.0
dri:1.0
eye:1.0
get:1.0
dust:1.0
tin:1.0
eventu:1.0
unless:1.0
also:1.0
wear:1.6931471805599454
sunglass:1.6931471805599454
thelmet:1.0
usual:1.0
keep:1.0
dirt:1.0
mumbl:2.09861228866811
dod:1.0
0709:1.0
doh:1.0
0000000004:1.0
1kspt:1.0
22:1.0
85:1.0
