mikej:1.6931471805599454
problem:1.0
inew:1.0
gateway:1.0
file:1.0
mike:1.6931471805599454
johnson:1.6931471805599454
subject:1.0
pari:1.0
dakar:1.0
bmw:1.0
tour:1.0
nntp:1.0
post:1.0
host:1.0
mentorg:1.6931471805599454
com:1.6931471805599454
organ:1.0
mentor:1.6931471805599454
graphic:1.6931471805599454
x:1.0
newsread:1.0
tin:1.0
version:1.0
1:1.6931471805599454
pl7:1.0
line:1.0
8:1.0
8005:1.0
sw:1.0
boeckman:1.0
rd:1.0
softwar:1.0
support:1.0
corpor:1.0
wilsonvil:1.0
97070:1.0
7777:1.0
framework:1.0
product:1.0
divis:1.0
