jeq:1.6931471805599454
lachman:2.386294361119891
com:2.6094379124341005
jonathan:1.6931471805599454
e:1.6931471805599454
quist:1.6931471805599454
subject:1.0
plea:1.0
gentleman:1.6931471805599454
nntp:1.0
post:1.0
host:1.0
birdi:1.0
i88:1.0
isc:1.0
organ:1.0
technolog:1.6931471805599454
incorpor:1.6931471805599454
napervil:1.6931471805599454
il:1.6931471805599454
line:1.0
21:1.0
articl:1.6931471805599454
5036:1.0
cvbnetprim:1.0
tjohnson:1.0
tazmanian:1.0
prime:1.0
tod:1.6931471805599454
johnson:1.0
617:1.0
275:1.0
1800:1.0
x2317:1.0
write:1.6931471805599454
18843:1.0
1076:1.0
uupcb:1.0
freddi:1.6931471805599454
ersi:1.6931471805599454
edmonton:1.6931471805599454
ab:1.6931471805599454
ca:1.6931471805599454
grant:1.6931471805599454
barkwel:1.6931471805599454
cp:1.6931471805599454
certain:1.0
knowledg:1.0
simpli:1.0
pose:1.0
motorcycl:1.6931471805599454
get:1.6931471805599454
laid:1.6931471805599454
true:1.6931471805599454
oh:1.0
thank:1.0
tpleas:1.0
u:1.0
rather:1.0
appropri:1.0
favor:1.0
excus:1.0
comment:1.0
sexual:1.6931471805599454
fortun:1.6931471805599454
net:1.0
hardli:1.0
think:1.0
misspok:1.0
bank:1.0
own:1.0
doubt:1.0
quit:1.6931471805599454
revers:1.0
dod:1.0
094:1.0
kotpp:1.0
kotcf:1.0
71:1.0
cl450:1.0
k4:1.0
gleep:1.0
noth:1.0
like:1.0
pitter:1.0
patter:1.0
littl:1.0
foot:1.0
follow:1.0
word:1.0
daddi:1.0
yay:1.0
