subject:1.0
observ:1.0
helmet:1.6931471805599454
dev2:1.0
inform:2.386294361119891
co:1.6931471805599454
nz:1.6931471805599454
michael:1.0
seal:1.6931471805599454
organ:1.0
group:1.6931471805599454
ltd:1.6931471805599454
line:1.0
23:1.0
articl:1.0
211353:1.0
mavenri:1.6931471805599454
altcit:1.6931471805599454
eskimo:1.6931471805599454
com:1.6931471805599454
maven:1.0
norman:1.0
hamer:1.0
write:1.0
grf:1.0
drop:1.6931471805599454
shoei:1.0
rf:1.0
200:1.0
seat:1.0
bike:1.0
tri:1.0
rock:1.0
onto:1.0
centerstand:1.0
chip:1.6931471805599454
heck:1.0
paint:1.6931471805599454
congraul:1.0
pas:1.0
snell:1.0
test:1.0
cheer:1.0
spent:1.0
59:1.0
bottl:1.0
testor:1.0
model:1.0
repaint:1.0
scratch:1.0
20:1.0
minut:1.0
oh:1.0
well:1.6931471805599454
least:1.0
look:1.0
ok:1.0
still:1.0
may:1.0
save:1.0
head:1.0
mike:1.6931471805599454
yamaha:1.0
xj600:1.0
fj600:1.0
dod:1.0
0793:1.0
level:1.0
8:1.0
db:1.0
tower:1.0
111:1.0
terrac:1.0
email:1.0
homer:1.0
wellington:1.0
phone:1.0
64:1.6931471805599454
4:1.6931471805599454
4720996:1.0
new:1.0
zealand:1.0
fax:1.0
4732407:1.0
