declrckd:2.386294361119891
rtsg:3.302585092994046
mot:3.302585092994046
com:3.302585092994046
dan:2.386294361119891
j:2.09861228866811
declerck:2.386294361119891
subject:1.0
edu:1.0
breath:1.0
nntp:1.0
post:1.0
host:1.0
corolla17:1.0
organ:1.0
motorola:1.6931471805599454
inc:1.0
cellular:1.6931471805599454
infrastructur:1.0
group:1.0
line:1.0
53:1.0
articl:2.386294361119891
1993apr15:2.09861228866811
221024:1.0
5926:1.0
svoboda:2.386294361119891
david:1.6931471805599454
write:2.386294361119891
214910:1.0
5676:1.0
003749:1.0
15710:1.0
1993apr14:1.0
220252:1.0
14731:1.0
differ:3.1972245773362196
opinion:2.09861228866811
motorcycl:3.0794415416798357
sport:2.9459101490553135
bike:3.1972245773362196
rider:3.302585092994046
cruiser:2.791759469228055
mind:2.09861228866811
certain:1.0
close:1.6931471805599454
individu:1.6931471805599454
best:1.0
time:1.0
hi:1.0
eddi:1.0
yet:1.0
ride:2.09861228866811
anyth:1.0
continu:1.0
forum:1.0
street:1.0
find:1.0
quit:1.0
ye:2.09861228866811
slightli:1.6931471805599454
everi:1.6931471805599454
one:2.09861228866811
u:1.6931471805599454
natur:1.0
peopl:1.6931471805599454
beauti:1.0
view:1.6931471805599454
like:1.0
dislik:1.0
exactli:1.0
singl:1.0
hold:1.6931471805599454
veiw:1.0
cours:1.0
could:1.0
possibl:1.0
plea:1.0
quantifi:1.0
gener:1.0
care:1.0
tri:1.0
pigeonhol:1.0
whole:1.0
bunch:1.0
plastic:1.0
bodywork:1.0
useless:1.0
torqu:1.6931471805599454
upright:1.0
posit:1.6931471805599454
better:1.0
radic:1.0
forward:1.0
combin:1.0
high:1.0
rpm:1.0
low:1.0
motor:1.0
motorcyclist:1.6931471805599454
chrome:1.6931471805599454
import:1.0
littl:1.0
impact:1.0
buy:1.0
choic:1.6931471805599454
unless:1.0
motiv:1.0
sole:1.0
price:1.0
criterion:1.6931471805599454
use:1.0
select:1.0
vehicl:1.0
ignor:1.0
well:1.0
would:1.0
insensit:1.0
word:1.0
fufil:1.6931471805599454
requir:1.6931471805599454
may:1.0
sometim:1.0
hard:1.0
person:1.0
fish:1.0
flame:1.0
dave:1.0
analog:1.0
car:1.6931471805599454
owner:1.6931471805599454
luxuri:1.0
moot:1.0
convers:1.0
email:1.0
apd:1.0
friend:1.6931471805599454
let:1.0
wear:1.0
neon:1.0
phone:1.0
708:1.0
632:1.0
4596:1.0
