ant:2.09861228866811
palm21:1.6931471805599454
cray:2.6094379124341005
com:1.6931471805599454
toni:2.09861228866811
jone:1.6931471805599454
subject:1.0
insur:1.6931471805599454
discount:2.09861228866811
line:1.0
12:1.0
nntp:1.0
post:1.0
host:1.0
organ:1.0
research:1.6931471805599454
inc:1.6931471805599454
eagan:1.6931471805599454
mn:1.6931471805599454
x:1.0
newsread:1.0
tin:1.0
version:1.0
1:1.6931471805599454
pl6:1.0
erik:1.0
asphaug:1.6931471805599454
x2773:1.0
lpl:1.0
arizona:1.0
edu:1.0
wrote:1.0
unless:1.0
agent:1.0
offer:1.6931471805599454
multi:1.6931471805599454
vehicl:1.6931471805599454
time:1.0
car:1.0
assum:1.0
capabl:1.0
progress:1.0
good:1.0
price:1.0
imho:1.0
uunet:1.0
cmc:1.0
codegener:1.0
group:1.0
softwar:1.0
divis:1.0
655f:1.0
lone:1.0
oak:1.0
drive:1.0
55121:1.0
