declrckd:2.09861228866811
rtsg:2.791759469228055
mot:2.791759469228055
com:2.791759469228055
dan:2.09861228866811
j:1.6931471805599454
declerck:2.09861228866811
subject:1.0
edu:1.0
breath:1.0
nntp:1.0
post:1.0
host:1.0
corolla17:1.0
organ:1.0
motorola:1.6931471805599454
inc:1.0
cellular:1.6931471805599454
infrastructur:1.0
group:1.0
line:1.0
34:1.0
articl:1.6931471805599454
1993apr15:1.0
003749:1.0
15710:1.0
svoboda:1.6931471805599454
david:1.0
write:1.6931471805599454
1993apr14:1.0
220252:1.0
14731:1.0
differ:2.791759469228055
opinion:1.6931471805599454
motorcycl:2.791759469228055
sport:1.6931471805599454
bike:2.6094379124341005
rider:2.6094379124341005
cruiser:2.09861228866811
mind:2.386294361119891
certain:1.0
close:2.09861228866811
individu:1.6931471805599454
best:1.0
time:1.0
hi:1.0
eddi:1.0
yet:1.0
ride:1.0
anyth:1.0
continu:1.0
forum:1.0
street:1.0
find:1.0
quit:1.0
view:1.0
like:1.0
dislik:1.6931471805599454
recogn:1.0
effect:1.0
lot:1.6931471805599454
remind:1.0
rec:1.0
insipid:1.0
flame:1.6931471805599454
age:1.6931471805599454
thereof:1.0
occasion:1.0
leather:1.0
clad:1.0
poser:1.0
pal:1.0
read:1.0
scan:1.0
inform:1.0
nois:1.0
pointless:1.0
use:1.0
trn:1.0
instead:1.0
rn:1.0
problem:1.0
realli:1.0
sorri:1.0
email:1.0
apd:1.0
friend:1.6931471805599454
let:1.0
wear:1.0
neon:1.0
phone:1.0
708:1.0
632:1.0
4596:1.0
