delilah:1.0
next18pg2:1.6931471805599454
wam:1.6931471805599454
umd:1.6931471805599454
edu:1.6931471805599454
romeo:1.0
deverona:1.0
subject:1.0
new:1.0
motorcycl:1.6931471805599454
nntp:1.0
post:1.0
host:1.0
organ:1.0
workstat:1.0
maryland:2.09861228866811
univers:1.0
colleg:1.0
park:1.0
line:1.0
10:1.0
safeti:1.0
foundat:1.0
ride:1.6931471805599454
cours:2.386294361119891
must:1.0
140:1.0
wow:1.0
georgia:1.0
much:1.0
cheaper:1.0
85:1.0
25:1.0
learn:1.0
3:1.0
year:1.0
ago:1.0
125:1.0
beginn:1.0
rider:1.6931471805599454
60:1.0
experienc:1.0
admittedli:1.0
take:1.0
half:1.0
time:1.0
