karr:2.386294361119891
c:2.09861228866811
cornel:2.09861228866811
edu:1.6931471805599454
david:1.6931471805599454
subject:1.0
new:2.09861228866811
motorcycl:2.386294361119891
organ:1.0
univ:1.0
dept:1.0
ithaca:1.0
ny:1.6931471805599454
14853:1.0
line:1.0
83:1.0
articl:1.0
1993apr20:1.0
131800:1.0
16136:1.0
alw:1.0
nih:1.6931471805599454
gov:1.6931471805599454
gregh:1.0
niagara:1.0
dcrt:1.0
gregori:1.0
humphrey:1.0
write:1.0
hello:1.0
everyon:1.0
flame:1.0
plea:1.0
bike:3.4849066497880004
yet:1.0
need:2.6094379124341005
piec:1.0
inform:1.0
stori:1.6931471805599454
learn:1.6931471805599454
tell:1.0
exampl:1.0
earli:1.0
1984:1.6931471805599454
took:1.6931471805599454
ride:2.386294361119891
lesson:1.0
colleg:1.0
roommat:1.0
old:2.09861228866811
honda:1.6931471805599454
cb360t:1.0
taken:1.6931471805599454
msf:2.09861228866811
beginn:1.6931471805599454
cours:2.791759469228055
actual:1.0
know:1.6931471805599454
proceed:1.0
buy:3.0794415416798357
beat:1.6931471805599454
cl350:1.0
400:1.0
12:1.0
helmet:2.09861228866811
rode:1.0
around:2.386294361119891
wear:1.0
cotton:1.0
windbreak:1.0
decid:1.0
invest:1.0
full:1.0
face:1.6931471805599454
first:2.09861228866811
smart:1.0
move:1.0
sometim:1.0
also:2.386294361119891
pas:1.0
road:1.0
test:1.0
may:1.0
4:1.6931471805599454
got:1.0
caught:1.0
rainstorm:1.0
way:1.6931471805599454
home:1.0
mile:1.0
trip:1.0
enter:1.0
town:1.0
live:1.6931471805599454
rather:1.0
urban:1.6931471805599454
suburb:1.0
stop:1.6931471805599454
suddenli:1.0
red:1.6931471805599454
light:1.6931471805599454
notic:1.6931471805599454
late:1.0
skid:1.0
rear:1.0
tire:1.0
eject:1.0
upward:1.0
oncom:1.6931471805599454
lane:1.0
traffic:1.6931471805599454
fortun:1.0
otherwis:1.0
might:2.386294361119891
slid:1.0
car:1.0
kill:1.0
anecdot:1.0
evid:1.0
sure:1.6931471805599454
later:1.0
experienc:1.0
rider:1.0
saw:1.0
earlier:1.0
train:1.0
could:2.09861228866811
help:2.09861228866811
greatli:1.0
case:1.0
even:2.09861228866811
greater:1.0
sinc:1.0
nobodi:1.0
practic:1.0
basic:1.6931471805599454
stuff:1.0
advic:1.6931471805599454
take:2.386294361119891
thing:1.0
unless:1.6931471805599454
happen:1.0
pick:1.0
real:1.0
good:1.0
deal:1.0
store:1.0
someplac:1.0
readi:1.0
use:2.09861228866811
1:1.0
1200:1.0
1300:1.0
work:1.0
would:1.0
cover:1.0
everyth:1.0
anyth:1.0
el:1.0
ignor:1.0
wait:1.6931471805599454
week:1.0
dc:2.09861228866811
recal:1.0
alway:1.6931471805599454
list:1.6931471805599454
boston:2.386294361119891
save:1.0
money:1.0
start:1.0
right:1.0
say:1.0
300:1.0
gear:1.0
plu:2.6094379124341005
cost:1.6931471805599454
mayb:1.6931471805599454
100:1.6931471805599454
guess:1.6931471805599454
mechan:1.0
make:1.6931471805599454
machin:1.6931471805599454
safe:1.0
assum:1.0
econom:1.0
privat:1.6931471805599454
individu:1.0
insur:2.791759469228055
registr:1.0
licens:1.0
fee:1.0
look:2.6094379124341005
600:1.0
includ:1.6931471805599454
reserv:1.0
ongo:1.0
mainten:1.0
2:1.0
go:1.6931471805599454
turn:1.0
18:1.0
month:1.0
parent:1.0
care:1.0
till:1.0
comprehens:1.0
washington:1.0
differ:1.0
pay:1.0
upstat:1.0
closer:1.0
200:1.0
decent:1.0
substanti:1.0
coverag:1.0
liabil:1.0
want:1.6931471805599454
plan:1.0
poor:1.0
like:1.6931471805599454
rural:1.0
area:2.09861228866811
ergo:1.0
expens:1.0
3:1.0
recommend:1.0
annual:1.0
buyer:1.0
guid:1.0
usual:1.0
magazin:1.0
found:1.0
get:1.0
idea:1.0
recent:1.0
model:1.6931471805599454
avail:1.6931471805599454
probabl:1.0
past:1.0
issu:1.0
size:1.0
13:1.0
year:1.0
bought:1.0
went:1.0
friend:1.0
instead:1.0
see:1.0
peopl:1.0
park:1.0
street:1.0
settl:1.0
present:1.0
lot:1.0
high:1.0
mileag:1.0
bmw:1.6931471805599454
run:1.0
gener:1.0
set:1.0
noth:1.0
wrong:1.0
talk:1.0
variou:1.0
dealer:1.6931471805599454
visit:1.0
showroom:1.6931471805599454
least:1.0
shop:1.0
nice:1.0
let:1.0
quot:1.0
price:1.0
latest:1.0
henc:1.0
cheaper:1.0
although:1.0
end:1.0
sale:1.0
80:1.0
r65:1.0
dod:1.0
0969:1.0
bmwmoa:1.0
nra:1.0
aclu:1.0
et:1.0
al:1.0
