field:2.09861228866811
ci:2.09861228866811
ohio:2.386294361119891
state:2.386294361119891
edu:2.09861228866811
jonathan:1.0
david:1.0
subject:1.0
question:1.6931471805599454
organ:1.0
univers:1.0
dept:1.0
comput:1.0
info:1.0
scienc:1.0
line:1.0
8:1.0
distribut:1.0
usa:1.0
nntp:1.0
post:1.0
host:1.0
frigat:1.0
probabl:1.0
stupid:1.0
new:1.0
motorcycl:1.0
scene:1.0
realli:1.0
know:1.0
anyth:1.0
dod:1.0
tthank:1.0
tjonathan:1.0
tfield:1.0
