kevinh:2.6094379124341005
hslrswi:1.0
hasler:2.386294361119891
ascom:2.386294361119891
ch:2.09861228866811
subject:1.0
happi:1.0
easter:1.0
origin:1.0
nath:1.0
repli:1.0
organ:1.0
ag:1.0
line:1.0
21:1.0
articl:2.09861228866811
1993apr19:1.0
154020:1.0
24818:1.0
i88:1.6931471805599454
isc:1.6931471805599454
com:2.791759469228055
jeq:1.6931471805599454
lachman:1.6931471805599454
jonathan:1.6931471805599454
e:2.09861228866811
quist:1.6931471805599454
write:2.09861228866811
2514:1.0
tekgen:1.0
bv:1.0
tek:1.6931471805599454
davet:1.0
interceptor:1.0
cd:1.6931471805599454
dave:1.0
tharp:1.0
1993apr15:1.0
171757:1.0
10890:1.0
roll:1.0
royc:1.0
own:2.6094379124341005
non:1.6931471805599454
british:2.09861228866811
firm:1.0
ye:1.6931471805599454
god:1.0
would:1.6931471805599454
end:1.0
civil:1.0
know:1.0
ford:1.0
aston:1.0
martin:1.0
jaguar:1.6931471805599454
gener:1.0
motor:1.0
lotu:1.6931471805599454
vauxhal:1.0
rover:1.0
20:1.0
honda:1.0
minor:1.0
blasphemi:1.0
u:1.0
compani:2.09861228866811
like:1.0
sob:1.0
outright:1.0
sacrileg:1.0
rr:1.6931471805599454
ownership:1.0
fundament:1.0
thing:1.0
think:1.0
legal:1.0
claus:1.0
name:1.6931471805599454
regardless:1.0
must:1.0
owner:1.0
ba:1.0
sell:1.0
