clark:1.6931471805599454
bdrc:1.6931471805599454
bd:1.6931471805599454
com:1.6931471805599454
richard:1.0
subject:1.0
counterst:2.09861228866811
san:1.0
hand:2.09861228866811
organ:1.0
becton:1.0
dickinson:1.0
research:1.0
center:1.0
r:1.0
p:1.0
nc:1.0
usa:1.0
line:1.0
7:1.0
nntp:1.0
post:1.0
host:1.0
polymr4:1.0
steer:1.0
bar:1.0
open:1.0
budweis:1.0
left:1.0
camel:1.0
cigarett:1.0
right:1.0
foot:1.6931471805599454
allow:1.0
lean:1.0
bike:1.0
turn:1.0
like:1.0
benchrac:1.0
taller:1.0
seat:1.0
floor:1.0
rick:1.0
