schultz:2.09861228866811
hpcc01:1.0
corp:1.0
hp:1.6931471805599454
com:1.0
david:1.0
subject:1.0
honda:1.0
cb400f:1.0
sale:1.0
organ:1.0
corpor:1.0
note:1.0
server:1.0
line:1.0
5:1.0
want:1.0
let:1.0
peopl:1.0
know:1.0
motorcycl:1.0
sold:1.0
thank:1.0
inquiri:1.0
dave:1.0
