mbeav:2.09861228866811
bnr:2.386294361119891
ca:2.09861228866811
michael:1.0
beavington:1.6931471805599454
subject:1.0
opinion:1.0
mean:1.0
nntp:1.0
post:1.0
host:1.0
bmerh824:1.0
repli:1.0
organ:1.0
line:1.0
16:1.0
take:1.0
advic:1.0
wuit:1.0
whine:1.0
flame:1.0
brain:1.0
spell:1.0
either:1.0
edu:1.0
hope:1.0
student:1.0
duke:1.0
would:1.0
wast:1.0
tuition:1.0
beav:1.0
mike:1.0
dod:1.0
9733:1.0
v65sabr:1.0
employ:1.0
idea:1.0
talk:1.0
