drinck:2.09861228866811
tssc:2.386294361119891
wlg:2.09861228866811
nec:2.09861228866811
co:2.09861228866811
jp:2.09861228866811
doug:1.6931471805599454
rinck:1.6931471805599454
subject:1.0
rgv:1.0
pose:1.0
nntp:1.0
post:1.0
host:1.0
133:1.0
206:1.0
251:1.0
21:1.0
repli:1.0
organ:1.0
telecommun:1.0
system:1.0
support:1.0
centr:1.0
new:1.6931471805599454
zealand:1.6931471805599454
line:1.6931471805599454
18:1.0
articl:2.09861228866811
25444:1.0
dsd:1.0
e:1.6931471805599454
com:1.6931471805599454
bgardner:1.0
pebbl:1.0
blain:1.0
gardner:1.0
write:2.09861228866811
speedi:2.09861228866811
153:1.0
engr:1.6931471805599454
latech:1.6931471805599454
edu:2.386294361119891
mercer:1.0
2553:1.0
spam:1.6931471805599454
math:1.6931471805599454
adelaid:1.6931471805599454
au:1.6931471805599454
amydlak:1.0
adam:1.0
mydlak:1.0
squid:1.0
delet:1.0
5:1.0
helment:1.6931471805599454
law:2.386294361119891
vari:1.0
state:2.09861228866811
louisiana:1.0
personali:1.0
would:1.0
go:1.6931471805599454
2:1.6931471805599454
foot:1.6931471805599454
bike:1.0
without:1.0
one:1.0
save:1.0
life:1.0
draw:1.0
3:1.6931471805599454
see:1.0
rais:1.0
4:1.0
ltd:1.0
1976:1.0
bmw:1.6931471805599454
r100:1.0
1960:1.0
r60:1.0
1940:1.0
indian:1.0
741a:1.0
