parr:1.6931471805599454
ac:1.6931471805599454
ucalgari:1.6931471805599454
ca:1.6931471805599454
charl:1.6931471805599454
subject:1.6931471805599454
hell:1.0
met:1.0
nntp:1.0
post:1.0
host:1.0
acs3:1.0
organ:1.0
univers:1.0
calgari:1.0
alberta:1.0
line:1.0
56:1.0
articl:1.0
217766:1.0
mavenri:1.6931471805599454
altcit:1.6931471805599454
eskimo:1.6931471805599454
com:1.6931471805599454
maven:1.0
norman:1.0
hamer:1.0
write:1.0
talk:1.0
coupl:1.6931471805599454
peopl:1.6931471805599454
helmet:3.1972245773362196
drop:1.6931471805599454
get:2.6094379124341005
20:1.0
sweat:1.0
78:1.0
might:1.6931471805599454
think:1.0
replac:2.09861228866811
2:2.386294361119891
ride:1.0
go:1.6931471805599454
without:1.0
first:1.0
way:1.6931471805599454
tell:1.0
damag:2.09861228866811
structur:1.0
1:1.0
foot:1.6931471805599454
cement:1.0
seat:1.0
chip:1.6931471805599454
paint:1.6931471805599454
seem:1.0
screw:1.0
actual:1.0
shell:1.0
bet:1.0
price:1.6931471805599454
okay:1.0
6:1.0
higher:1.0
mayb:1.0
end:1.0
real:1.0
near:1.0
futur:1.0
would:1.6931471805599454
better:1.6931471805599454
wear:2.09861228866811
total:1.0
nondamag:1.0
3:1.0
4:1.0
face:2.09861228866811
dot:1.0
rate:1.0
cheapi:1.0
fit:1.6931471805599454
well:2.386294361119891
keep:1.6931471805599454
wind:2.386294361119891
shoei:2.6094379124341005
rf:1.0
200:1.0
lot:1.0
comfort:1.0
quieter:1.0
minor:1.0
full:1.6931471805599454
facer:1.0
worri:1.0
blast:1.0
inabl:1.0
hear:1.6931471805599454
polic:1.0
siren:1.0
littl:2.09861228866811
also:1.0
reccomend:1.0
far:1.6931471805599454
good:2.386294361119891
slightli:1.0
disappoint:1.0
badli:1.0
scratch:1.0
etc:1.0
bloodi:1.0
care:2.386294361119891
impact:1.6931471805599454
took:1.6931471805599454
arguabl:1.0
mess:1.0
period:1.0
look:1.6931471805599454
realli:1.0
vent:1.0
protect:1.0
like:2.386294361119891
style:1.0
kinda:1.0
norton:1.0
one:1.6931471805599454
saw:1.0
awhil:1.0
back:1.0
suspect:1.0
much:1.0
expens:1.0
want:1.0
everi:1.0
time:1.6931471805599454
set:1.0
next:1.0
agv:1.0
sukhoi:1.0
current:1.0
task5:1.0
old:1.0
crash:1.0
year:1.0
ago:1.0
hard:1.0
head:1.6931471805599454
hip:1.0
consider:1.0
kiwi:1.0
k21:1.0
cheap:1.0
christ:1.0
treat:1.6931471805599454
toss:1.0
bruis:1.0
mildli:1.6931471805599454
paranoid:1.0
carri:1.0
away:1.0
net:1.6931471805599454
mention:1.0
consist:1.0
live:1.0
planet:1.0
regard:1.0
dod0:1.0
001:1.0
rz350:1.0
within:1.6931471805599454
span:1.0
last:1.0
week:1.0
heard:1.0
element:1.0
separ:1.0
thread:1.0
conjoin:1.0
struck:1.0
togeth:1.0
form:1.0
new:1.0
chord:1.0
hollow:1.0
echo:1.0
gourd:1.0
unknown:1.0
person:1.0
