jpolito:1.6931471805599454
sysgem1:1.6931471805599454
encor:2.6094379124341005
com:2.09861228866811
jonathan:1.6931471805599454
polito:1.6931471805599454
subject:1.0
aerostitch:2.09861228866811
1:2.386294361119891
2:2.9459101490553135
piec:3.0794415416798357
organ:1.0
comput:1.6931471805599454
corp:1.6931471805599454
distribut:1.0
rec:1.0
repli:1.0
na4:1.6931471805599454
vax5:2.09861228866811
cit:2.09861228866811
cornel:2.09861228866811
edu:2.09861228866811
messag:1.0
14:1.6931471805599454
apr:1.0
93:1.0
40:1.0
15:1.0
est:1.0
nntp:1.0
post:1.0
host:1.0
line:1.0
41:1.0
articl:1.0
1993apr14:1.0
144015:1.0
18175:1.0
write:1.0
request:1.0
opinion:1.0
better:2.386294361119891
one:2.09861228866811
two:1.0
look:1.0
well:1.0
pc:1.6931471805599454
versatil:1.0
protect:2.09861228866811
thank:1.0
advanc:1.0
nadin:1.0
best:1.0
book:1.0
written:1.0
regard:1.0
aerostich:1.0
realli:1.6931471805599454
depend:1.0
particular:1.0
size:1.0
shape:1.0
need:1.6931471805599454
upper:1.0
lower:1.0
bodi:1.0
proport:1.0
accord:1.0
aero:1.0
dimens:1.0
probabl:1.0
go:1.6931471805599454
mix:1.0
match:1.0
suit:2.791759469228055
happi:1.0
life:1.0
quota:1.0
scar:1.0
crash:1.0
road:1.0
concern:1.0
good:1.6931471805599454
believ:1.0
differ:1.6931471805599454
almost:1.0
neglig:1.0
think:1.0
option:1.0
hip:1.0
pad:1.0
back:1.0
protector:1.0
make:1.0
much:1.0
thing:1.6931471805599454
nice:1.0
somewher:1.0
want:1.0
walk:1.0
around:1.0
still:1.0
jacket:1.0
detach:1.0
stow:1.0
pant:1.6931471805599454
note:1.0
goldfin:1.0
problem:1.0
get:1.0
fit:1.6931471805599454
mani:1.0
woman:1.6931471805599454
standard:1.6931471805599454
supposedli:1.0
smaller:1.0
petit:1.0
men:1.0
matter:1.0
anoth:1.0
recommend:1.0
pay:1.0
mod:1.0
wish:1.0
got:1.0
3:1.0
inch:1.0
ad:1.0
leg:1.0
find:1.0
long:1.6931471805599454
imagin:1.0
short:1.0
must:1.0
e:1.0
internet:1.0
901:1.0
kildair:1.0
farm:1.0
rd:1.0
cari:1.0
nc:1.0
27511:1.0
usa:1.0
919:1.0
481:1.6931471805599454
3730:1.0
voic:1.0
t919:1.0
3868:1.0
fax:1.0
