nak:1.6931471805599454
cbnew:1.0
cb:1.0
att:1.6931471805599454
com:1.6931471805599454
neil:1.6931471805599454
kirbi:1.6931471805599454
subject:1.0
bmw:2.9459101490553135
batteri:3.302585092994046
organ:1.0
line:1.0
27:1.0
articl:1.0
1993apr14:1.0
181352:1.0
6246:1.0
ra:1.6931471805599454
msstate:1.6931471805599454
edu:1.6931471805599454
vech:1.0
craig:1.0
vechorik:1.0
write:1.0
rememb:1.0
correctli:1.0
reason:1.0
come:1.0
expens:1.0
rel:1.0
worthless:1.0
short:1.0
live:1.0
varda:1.0
caus:1.0
own:1.0
control:1.0
interest:1.0
manufactur:1.0
wrong:1.0
never:1.0
problem:1.6931471805599454
know:1.0
numer:1.0
peopl:1.0
still:1.0
use:1.0
origin:1.6931471805599454
8:1.6931471805599454
10:1.6931471805599454
year:2.09861228866811
old:1.6931471805599454
beemer:1.0
may:1.0
fine:1.0
mine:1.0
last:1.0
mani:1.6931471805599454
replac:2.09861228866811
30ah:1.6931471805599454
disast:1.0
mechan:1.0
comp:1.0
acc:1.0
told:1.0
ca:1.0
would:1.0
warante:1.6931471805599454
bad:2.386294361119891
one:2.6094379124341005
new:1.0
evil:1.0
tell:1.0
custom:1.0
bring:1.0
back:1.0
seem:1.0
doa:1.6931471805599454
near:1.0
alway:1.0
unlik:1.0
go:1.0
strong:1.0
end:1.0
period:1.0
big:1.0
batch:1.0
guess:1.0
switch:1.6931471805599454
25ah:1.0
cold:1.6931471805599454
crank:1.6931471805599454
amp:1.6931471805599454
even:1.6931471805599454
le:1.0
total:1.0
juic:1.0
yuasa:1.0
cost:1.0
third:1.0
fewer:1.0
dollar:1.0
dod:1.0
0783:1.0
archi:1.0
cbusa:1.0
bell:1.0
lab:1.0
columbu:1.0
oh:1.0
usa:1.0
614:1.0
860:1.0
5304:1.0
think:1.0
speak:1.0
might:1.0
lawyer:1.0
sen:1.0
