subject:1.0
shaft:2.09861228866811
drive:2.09861228866811
wheeli:2.09861228866811
lotto:2.386294361119891
laura:1.6931471805599454
harvard:2.6094379124341005
edu:2.6094379124341005
jerri:1.6931471805599454
distribut:1.0
rec:1.0
organ:1.0
chemistri:1.6931471805599454
dept:1.6931471805599454
univers:1.0
nntp:1.0
post:1.0
host:1.0
repli:1.0
xlyx:1.6931471805599454
vax5:1.6931471805599454
cit:1.6931471805599454
cornel:1.6931471805599454
messag:1.0
19:1.6931471805599454
apr:1.6931471805599454
93:1.6931471805599454
21:1.6931471805599454
48:1.6931471805599454
42:1.6931471805599454
gmt:1.6931471805599454
line:1.0
10:1.0
said:1.0
mike:1.0
possibl:1.0
motorcycl:1.6931471805599454
sure:1.0
fact:1.0
without:1.0
even:1.0
move:1.0
tri:1.0
counterst:1.0
lhasa:1.0
msfci:1.0
hogssc:1.0
bcso:1.0
ama:1.0
dod:1.0
18:1.0
univ:1.0
harley:1.0
ride:1.0
want:1.0
