bgardner:1.6931471805599454
pebbl:1.0
e:1.6931471805599454
com:1.6931471805599454
blain:1.6931471805599454
gardner:1.6931471805599454
subject:1.0
fj1100:1.6931471805599454
1200:1.6931471805599454
owner:1.6931471805599454
tankbag:1.0
suggest:1.6931471805599454
want:1.0
nntp:1.0
post:1.0
host:1.0
130:1.0
187:1.0
85:1.0
70:1.0
organ:1.0
evan:1.6931471805599454
sutherland:1.6931471805599454
comput:1.0
corpor:1.0
line:1.0
13:1.0
articl:1.0
1993apr20:1.0
195116:1.0
10738:1.0
ncsu:1.6931471805599454
edu:1.6931471805599454
martenm:1.0
chess:1.0
mark:1.0
marten:1.0
write:1.0
look:1.0
new:1.0
tank:2.09861228866811
bag:1.6931471805599454
wonder:1.0
follow:1.0
could:1.0
make:1.0
work:1.6931471805599454
alreadi:1.0
file:1.0
apolog:1.0
ask:1.0
gladli:1.0
accept:1.0
flame:1.0
blown:1.0
way:1.0
fj:1.0
larg:1.0
flat:1.0
ga:1.0
imagin:1.0
almost:1.0
anyth:1.0
would:1.0
person:1.0
quit:1.0
happi:1.0
eclips:1.0
standard:1.0
dsd:1.0
