thompson:2.09861228866811
appl:2.386294361119891
com:2.09861228866811
paul:1.6931471805599454
subject:1.0
want:1.0
advic:1.0
new:1.0
cylist:1.0
organ:1.0
comput:1.6931471805599454
inc:1.0
cupertino:1.0
california:1.0
line:1.0
14:1.0
nntp:1.0
post:1.0
host:1.0
blaisec:1.0
sr:1.0
hp:1.0
blais:1.0
cirelli:1.0
write:1.0
question:1.6931471805599454
danger:1.0
ride:1.0
sorta:1.0
next:1.0
bike:1.0
would:1.0
recommend:1.0
first:1.0
time:1.0
rider:1.0
88:1.0
honda:1.0
hawk:1.0
ymmv:1.0
