toni:2.791759469228055
morgan:2.6094379124341005
demon:2.09861228866811
co:2.386294361119891
uk:2.386294361119891
kidson:1.6931471805599454
subject:1.0
cat:1.6931471805599454
dog:1.0
distribut:1.0
world:1.0
organ:1.0
modem:1.0
palac:1.0
repli:1.0
x:1.0
newsread:1.0
simpl:1.0
news:1.0
1:1.6931471805599454
90:1.0
ka9q:1.0
di:1.0
21:1.6931471805599454
line:1.0
articl:1.6931471805599454
1qk3mqinn72:1.0
emori:1.6931471805599454
mathc:1.0
edu:1.0
gnome:1.0
pd:1.0
org:1.0
write:1.6931471805599454
jame:1.0
bessett:1.0
jimb:1.0
cbnewsj:1.0
cb:1.0
att:1.0
com:2.386294361119891
wrote:1.0
6130328:1.0
hplsla:1.6931471805599454
hp:1.6931471805599454
ken:1.6931471805599454
snyder:1.0
ask:1.0
breeder:1.0
also:1.6931471805599454
chase:1.6931471805599454
bmw:1.0
cam:1.0
chain:1.0
case:1.0
st1100:1.6931471805599454
goldw:1.0
pgp:1.0
2:1.6931471805599454
key:1.0
request:1.0
voic:1.0
44:1.0
81:1.0
466:1.0
5127:1.0
tower:1.0
move:1.0
e:1.0
mail:1.0
order:1.0
road:1.0
take:1.0
top:1.0
bromley:1.0
machin:1.0
tni:1.0
cix:1.0
compulink:1.0
england:1.0
br1:1.0
3qe:1.0
honda:1.0
dod:1.0
0801:1.0
100024:1.0
301:1.0
compuserv:1.0
