cds7k:1.0
virginia:1.6931471805599454
edu:1.0
christoph:1.0
dougla:1.0
saadi:1.0
subject:1.0
look:1.0
movi:1.0
w:1.0
bike:1.6931471805599454
organ:1.0
univers:1.0
line:1.0
4:1.0
also:1.0
billi:1.0
jack:1.0
wild:1.0
one:1.0
smokey:1.0
bandit:1.0
jerri:1.0
reed:1.0
run:1.0
truck:1.0
motorcycl:1.0
gang:1.0
video:1.0
tape:1.0
documentari:1.0
hell:1.0
angel:1.0
found:1.0
rental:1.0
store:1.0
