kendal:2.6094379124341005
adob:2.386294361119891
com:1.6931471805599454
janic:1.6931471805599454
subject:1.0
look:1.6931471805599454
woman:1.0
motorcycl:1.6931471805599454
helmet:2.09861228866811
organ:1.0
system:1.0
incorpor:1.0
distribut:1.0
ba:1.0
line:1.0
11:1.0
buy:1.0
use:1.0
interest:1.0
full:1.0
face:1.0
shield:1.0
necessarili:1.0
piec:1.0
around:1.0
chin:1.0
plea:1.0
email:1.0
directli:1.0
decwrl:1.0
sun:1.0
tonward:1.0
thru:1.0
fog:1.0
tm:1.6931471805599454
oat:1.0
willi:1.0
