kjk3:1.0
po:1.0
cwru:1.6931471805599454
edu:1.6931471805599454
kathleen:1.0
j:1.0
kelli:1.0
subject:1.0
protect:1.0
gear:1.0
organ:1.0
case:1.0
western:1.0
reserv:1.0
univers:1.0
cleveland:1.0
ohio:1.0
usa:1.0
line:1.0
6:1.0
nntp:1.0
post:1.0
host:1.0
thor:1.0
in:1.0
second:1.0
boot:1.6931471805599454
oil:1.0
spot:1.0
car:1.0
particularli:1.0
slipperi:1.0
park:1.0
bike:1.0
good:1.0
help:1.0
well:1.0
squid:1.0
