der10:1.0
cu:1.6931471805599454
cam:1.6931471805599454
ac:1.6931471805599454
uk:1.6931471805599454
david:1.0
rourk:1.0
subject:1.0
xs1100:1.6931471805599454
time:1.6931471805599454
organ:1.0
u:1.0
cambridg:1.0
england:1.0
line:1.0
4:1.0
nntp:1.0
post:1.0
host:1.0
boot:1.0
could:1.0
kind:1.0
soul:1.0
tell:1.0
advanc:1.0
rev:1.0
1981:1.0
special:1.0
bought:1.0
canada:1.0
thank:1.0
