cds7k:1.0
virginia:1.6931471805599454
edu:1.0
christoph:1.0
dougla:1.0
saadi:1.0
subject:1.0
bike:1.0
contact:1.6931471805599454
organ:1.0
univers:1.0
line:1.0
5:1.0
best:1.0
thing:1.0
get:1.0
full:1.6931471805599454
face:2.09861228866811
even:1.0
cheap:1.0
brain:1.0
bucket:1.0
think:1.0
import:1.0
took:1.0
gnarli:1.0
spill:1.0
end:1.0
slide:1.0
20:1.0
foot:1.0
plu:1.0
visor:1.0
also:1.0
worri:1.0
