edw:2.09861228866811
boi:2.09861228866811
hp:2.09861228866811
com:2.09861228866811
edward:2.09861228866811
walsh:2.09861228866811
subject:1.0
guzzi:2.09861228866811
850:1.6931471805599454
tire:3.3978952727983707
plu:1.0
fair:2.386294361119891
question:2.09861228866811
organ:1.0
hewlett:2.09861228866811
packard:2.09861228866811
bois:2.09861228866811
idaho:2.09861228866811
x:1.0
newsread:1.0
tin:1.0
1:1.6931471805599454
pl4:1.0
line:1.0
59:1.0
75:1.0
bought:1.0
old:1.6931471805599454
crack:1.0
owner:1.6931471805599454
manual:2.386294361119891
yet:1.6931471805599454
list:2.09861228866811
hayn:1.6931471805599454
front:2.791759469228055
3:1.6931471805599454
50:1.0
h:2.9459101490553135
18:2.9459101490553135
rear:2.386294361119891
4:2.09861228866811
10:1.6931471805599454
pressur:2.09861228866811
recommend:2.09861228866811
26:1.0
33:1.0
oddli:1.0
29:1.0
psi:1.0
instead:1.0
anyon:1.6931471805599454
know:2.09861228866811
reason:1.0
though:1.0
run:1.6931471805599454
manufactur:1.6931471805599454
new:1.0
purchas:1.0
real:1.0
bike:2.9459101490553135
metzler:1.6931471805599454
tour:1.0
special:1.0
avon:1.0
roadrunn:1.0
70:1.0
120:1.6931471805599454
90:2.09861228866811
mark:2.09861228866811
larger:1.0
common:1.0
go:1.6931471805599454
one:1.0
size:1.6931471805599454
also:1.6931471805599454
first:1.6931471805599454
motorcycl:1.0
innertub:1.0
comment:2.09861228866811
variou:1.0
inner:1.0
tube:1.0
qualiti:1.0
inch:1.0
except:1.0
addit:1.0
current:1.0
best:1.0
metric:1.0
match:1.6931471805599454
local:1.0
bmw:1.0
dealer:1.0
thought:2.09861228866811
100:1.0
back:2.09861228866811
happen:1.0
good:2.386294361119891
get:1.0
close:1.0
mail:1.0
order:1.0
price:1.0
think:1.0
me33:1.6931471805599454
laser:1.0
possibl:1.6931471805599454
comp:1.0
k:1.0
me88:1.6931471805599454
mb:1.0
varieti:1.0
longer:1.0
last:1.0
belt:1.0
system:1.0
alreadi:1.0
use:1.0
vision:2.09861228866811
fj:1.0
like:2.09861228866811
shaft:1.0
drive:1.0
behavior:1.6931471805599454
torqu:1.0
might:1.6931471805599454
give:1.6931471805599454
predict:1.0
end:1.0
control:1.0
slide:1.0
me55:1.0
well:1.6931471805599454
much:1.0
better:1.0
milag:1.0
life:1.0
friend:1.0
told:1.6931471805599454
boranni:1.0
rim:2.09861228866811
rel:1.6931471805599454
soft:1.0
delic:1.0
sidewal:1.0
wish:1.0
mount:2.09861228866811
time:1.0
asid:1.0
warn:1.0
shop:1.0
care:1.0
make:1.6931471805599454
havn:1.6931471805599454
look:1.6931471805599454
check:1.6931471805599454
late:1.0
yesterday:1.0
chanc:1.0
type:1.0
anoth:1.0
note:1.0
remov:1.0
ugli:1.0
shape:1.0
want:1.0
vetter:1.0
without:1.0
windscreen:1.0
eventu:1.0
would:1.6931471805599454
simpl:1.0
round:1.0
cafe:2.09861228866811
style:2.09861228866811
quarter:1.6931471805599454
could:1.0
fork:1.0
handlebar:1.0
suggest:1.0
thing:1.0
frame:1.0
lower:1.0
bar:1.0
clip:1.0
on:1.0
restor:1.0
condit:1.0
runner:1.0
modern:1.0
updat:1.0
histor:1.0
exactli:1.0
accur:1.0
still:1.0
reflect:1.0
represent:1.0
ye:1.0
picki:1.0
period:1.0
realli:1.0
predat:1.0
potenti:1.0
compani:1.6931471805599454
disk:1.6931471805599454
memori:1.6931471805599454
divis:1.6931471805599454
ms475:1.6931471805599454
208:1.6931471805599454
323:1.0
2174:1.6931471805599454
p:1.6931471805599454
box:1.6931471805599454
15:1.6931471805599454
83707:1.6931471805599454
89fj1200:1.6931471805599454
82xz550rj:1.6931471805599454
75guzzi850:1.6931471805599454
dod:1.6931471805599454
98:1.6931471805599454
396:1.0
