wallich:3.0794415416798357
ncd:2.09861228866811
com:2.6094379124341005
ken:2.9459101490553135
subject:1.0
aerostitch:2.09861228866811
1:1.0
2:2.386294361119891
piec:3.3978952727983707
distribut:1.0
rec:1.0
organ:1.6931471805599454
would:1.6931471805599454
read:1.0
news:1.0
line:1.0
49:1.0
nntp:1.0
post:1.0
host:1.0
verbosa:1.0
articl:1.0
1993apr14:1.0
144015:1.0
18175:1.0
vax5:1.6931471805599454
cit:1.6931471805599454
cornel:1.6931471805599454
edu:1.6931471805599454
na4:1.0
write:1.0
request:1.0
opinion:1.0
better:1.6931471805599454
one:2.09861228866811
two:2.6094379124341005
like:1.6931471805599454
everyon:1.0
el:1.0
end:1.0
get:1.6931471805599454
differ:1.6931471805599454
size:1.6931471805599454
top:2.386294361119891
bottom:2.6094379124341005
46l:1.0
48l:1.0
waist:2.386294361119891
far:1.6931471805599454
larg:1.6931471805599454
thigh:1.6931471805599454
fit:3.0794415416798357
right:1.0
46:1.0
cut:1.0
circul:1.0
leg:1.0
muscular:1.0
use:1.6931471805599454
thighmast:1.0
jacket:2.6094379124341005
ok:1.0
chest:1.0
slightli:1.6931471805599454
snug:1.0
small:1.0
arm:1.0
imagin:1.0
find:1.6931471805599454
correctli:1.0
even:1.6931471805599454
problem:1.0
strang:1.0
sinc:1.6931471805599454
v:1.6931471805599454
pilot:1.6931471805599454
great:1.0
tri:1.0
match:1.0
pant:2.6094379124341005
glove:1.0
well:1.0
assum:1.0
model:1.0
aero:1.0
design:1.6931471805599454
suit:2.386294361119891
way:1.0
u:1.0
real:1.6931471805599454
folk:1.0
also:1.0
though:1.0
relat:1.0
convieni:1.0
look:1.6931471805599454
pretti:1.0
damn:1.0
wierd:1.0
walk:1.0
around:1.6931471805599454
run:2.09861228866811
errand:2.09861228866811
gotten:1.0
realli:1.0
suspici:1.0
sweat:1.0
lot:1.0
store:1.0
wear:2.09861228866811
whole:1.0
motorcycl:1.0
storag:1.0
devic:1.0
yet:1.0
devi:1.0
except:1.0
trunk:1.0
sidecar:1.0
rig:1.0
unzip:1.0
gener:1.0
leav:1.0
zip:1.0
togeth:1.0
primarili:1.0
fall:1.0
unless:1.0
pull:1.0
cheesi:1.0
elast:1.0
belt:1.0
type:1.0
band:1.0
tight:1.0
stuff:1.6931471805599454
spaciou:1.0
bmw:1.0
saddlebag:1.0
actual:1.0
know:1.0
crash:1.0
protect:1.6931471805599454
say:1.0
probabl:1.6931471805599454
equal:1.0
seem:1.0
weather:1.0
anyth:1.0
provid:1.0
littl:1.6931471805599454
overlap:1.0
3:1.0
inch:1.0
le:1.0
comfort:1.0
extra:1.0
layer:1.0
mayb:1.0
vote:1.0
despit:1.0
odd:1.0
still:1.0
versatil:1.0
ride:1.0
cloth:1.0
go:1.0
long:1.0
distanc:1.0
without:1.0
kmw:1.6931471805599454
al:1.6931471805599454
org:1.6931471805599454
decwrl:1.6931471805599454
vixi:1.6931471805599454
amber:1.6931471805599454
