ron:2.09861228866811
hpfcso:1.0
fc:1.0
hp:1.0
com:1.0
miller:1.6931471805599454
subject:1.0
motorcycl:1.0
detail:1.0
tip:1.0
18:1.0
organ:1.0
hewlett:1.0
packard:1.0
fort:1.0
collin:1.0
co:1.0
usa:1.0
line:1.0
12:1.0
rub:1.0
compound:1.0
mean:1.0
meguir:1.0
work:1.0
dod:1.6931471805599454
magic:1.0
elixir:1.0
choic:1.0
plastic:1.0
stuff:1.0
693:1.0
