nrmendel:1.0
unix:1.0
amherst:1.6931471805599454
edu:1.0
nathaniel:1.6931471805599454
mendel:1.0
subject:1.0
bike:1.6931471805599454
advic:1.0
organ:1.0
colleg:1.0
x:1.0
newsread:1.0
tin:1.0
version:1.0
1:1.6931471805599454
pl7:1.0
line:1.0
11:1.0
ummm:1.0
kx80:1.0
suggest:1.0
look:1.0
89:1.0
zx:1.6931471805599454
7:1.0
sinc:1.0
90:1.6931471805599454
horsepow:1.0
wherea:1.0
100:1.0
might:1.0
bit:1.0
much:1.0
sincer:1.0
10:1.0
dod:1.0
0812:1.0
ama:1.0
