bennett:1.0
kuhub:1.0
cc:1.0
ukan:1.0
edu:1.0
subject:1.0
smoker:1.6931471805599454
lung:2.09861228866811
organ:1.0
univers:1.0
kansa:1.0
academ:1.0
comput:1.0
servic:1.0
line:1.0
3:1.0
long:1.0
take:1.6931471805599454
clear:1.0
tar:1.0
quit:1.0
chanc:1.0
get:1.0
cancer:1.0
decreas:1.0
quickli:1.0
consider:1.0
amount:1.0
time:1.0
happen:1.0
