subject:1.0
breath:1.0
updat:1.0
rginzberg:1.6931471805599454
eagl:1.6931471805599454
wesleyan:2.6094379124341005
edu:2.386294361119891
ruth:1.6931471805599454
ginzberg:1.6931471805599454
distribut:1.0
world:1.0
organ:1.0
philosophi:1.6931471805599454
dept:1.0
univers:1.6931471805599454
nntp:1.0
post:1.6931471805599454
host:1.0
x:1.0
news:1.6931471805599454
reader:1.0
vm:1.0
1:1.6931471805599454
20in:1.0
repli:1.0
nyeda:1.0
cnsvax:1.0
uwec:1.0
messag:1.0
5:1.0
apr:1.0
93:1.0
19:1.0
06:1.0
39:1.0
0600line:1.0
17:1.6931471805599454
line:1.0
thank:1.6931471805599454
respond:1.0
origin:1.0
question:1.0
final:1.0
diagnosi:1.0
stress:1.6931471805599454
take:1.0
chiropract:1.6931471805599454
adjust:1.6931471805599454
rachel:1.0
receiv:1.0
medic:1.0
care:1.6931471805599454
keller:1.0
armi:1.6931471805599454
hospit:1.0
sinc:1.0
militari:1.0
depend:1.0
yet:1.0
provid:1.0
part:1.0
regular:1.0
health:1.0
hope:1.0
arriv:1.0
spring:1.6931471805599454
break:1.6931471805599454
2:1.0
colleg:1.6931471805599454
accept:1.0
letter:1.0
help:1.6931471805599454
unfortun:1.0
wait:1.0
list:1.0
dearli:1.0
want:1.0
attend:1.0
seem:1.6931471805599454
though:1.0
stressor:1.0
may:1.0
continu:1.0
meanwhil:1.0
go:1.0
camp:1.0
trip:1.0
religi:1.0
youth:1.0
group:1.0
like:1.0
good:1.0
reliev:1.0
everybodi:1.0
advic:1.0
suggest:1.0
idea:1.0
depart:1.0
usa:1.0
