km:2.09861228866811
c:1.6931471805599454
pitt:2.09861228866811
edu:1.6931471805599454
ken:1.6931471805599454
mitchum:1.6931471805599454
subject:1.0
open:1.0
letter:1.6931471805599454
hillari:1.0
rodham:1.0
clinton:1.0
7:1.0
articl:1.0
19425:1.0
repli:1.6931471805599454
organ:1.0
univ:1.0
pittsburgh:1.0
comput:1.0
scienc:1.0
line:1.0
3:1.0
post:1.0
one:1.0
