geb:2.09861228866811
c:2.386294361119891
pitt:2.09861228866811
edu:2.6094379124341005
gordon:2.09861228866811
bank:2.09861228866811
subject:1.0
blindsight:1.0
repli:1.0
organ:1.0
univ:1.0
pittsburgh:1.0
comput:1.0
scienc:1.0
line:1.0
14:1.0
articl:1.6931471805599454
1993mar26:1.0
185117:1.0
21400:1.0
rochest:1.6931471805599454
fulk:1.6931471805599454
mark:1.0
write:1.6931471805599454
33587:1.0
castl:1.6931471805599454
ed:1.6931471805599454
ac:1.6931471805599454
uk:1.6931471805599454
hrvoje:1.0
h:1.0
hecimov:1.0
compens:1.0
lesion:1.0
local:1.0
sc:1.0
rare:1.6931471805599454
abl:1.0
tell:1.0
extrem:1.0
human:1.0
usual:1.0
much:1.0
el:1.0
involv:1.0
mess:1.0
sort:1.0
bird:1.0
vision:1.0
tectum:1.0
n3jxp:1.0
skeptic:1.0
chastiti:1.0
intellect:1.0
cadr:1.0
dsl:1.0
shame:1.0
surrend:1.0
soon:1.0
