geb:2.09861228866811
c:1.6931471805599454
pitt:2.09861228866811
edu:2.6094379124341005
gordon:2.09861228866811
bank:2.09861228866811
subject:1.0
new:1.0
diet:1.0
work:1.6931471805599454
great:1.0
repli:1.0
organ:1.0
univ:1.0
pittsburgh:1.0
comput:1.0
scienc:1.0
line:1.0
20:1.0
articl:1.6931471805599454
1993mar27:1.0
142431:1.0
25188:1.0
inmet:2.09861228866811
camb:1.6931471805599454
com:1.6931471805599454
mazur:1.6931471805599454
bluefin:1.0
beth:1.0
write:1.6931471805599454
1ov4toinnh0h:1.0
lynx:1.0
unm:1.6931471805599454
bhjell:1.0
carina:1.0
hand:1.0
good:1.0
job:1.0
impli:1.0
person:1.0
weigh:1.0
400lb:1.0
over:1.6931471805599454
fact:1.0
bodi:1.6931471805599454
probabl:1.0
make:1.0
moral:1.0
judgement:1.0
composit:1.0
conceiv:1.0
hard:1.0
maintain:1.6931471805599454
weight:2.09861228866811
400:1.0
someon:1.0
el:1.0
200:1.0
undoubtedli:1.0
primarili:1.0
would:1.0
drop:1.0
back:1.0
normal:1.0
n3jxp:1.0
skeptic:1.0
chastiti:1.0
intellect:1.0
cadr:1.0
dsl:1.0
shame:1.0
surrend:1.0
soon:1.0
