sasghm:2.386294361119891
theseu:2.386294361119891
unx:2.386294361119891
sa:3.0794415416798357
com:2.386294361119891
gari:1.6931471805599454
merril:1.6931471805599454
subject:1.0
scienc:2.386294361119891
methodolog:1.0
homeopathi:1.0
tradit:1.6931471805599454
origin:1.0
distribut:1.0
inet:1.0
nntp:1.0
post:1.0
host:1.0
organ:1.0
institut:1.6931471805599454
inc:1.6931471805599454
line:1.0
43:1.0
articl:1.6931471805599454
1qk4qqinngv:1.0
im4u:1.0
c:2.09861228866811
utexa:1.6931471805599454
edu:2.386294361119891
turpin:1.6931471805599454
russel:1.6931471805599454
write:1.6931471805599454
1993apr15:1.0
150550:1.0
15347:1.0
ecsvax:1.6931471805599454
uncec:1.6931471805599454
ccreegan:1.0
charl:1.0
l:1.0
creegan:1.0
kekul:2.09861228866811
infam:1.0
deriv:1.0
idea:1.6931471805599454
benzen:1.0
ring:1.0
daydream:2.386294361119891
snake:2.09861228866811
fire:1.6931471805599454
bite:1.6931471805599454
tail:1.6931471805599454
specif:1.0
enough:1.0
count:1.0
certainli:1.0
turn:1.0
repeatedli:1.0
basic:1.0
phil:1.0
sci:1.0
text:1.0
exampl:2.09861228866811
invent:1.0
compon:1.0
hypothes:2.09861228866811
think:1.0
question:1.0
extra:1.6931471805599454
scientif:1.6931471805599454
long:1.0
time:1.0
sinc:1.0
anyon:1.6931471805599454
propos:1.6931471805599454
restrict:1.0
one:2.386294361119891
come:2.09861228866811
order:1.0
consid:1.0
legitim:1.0
point:1.0
short:1.0
specul:1.0
may:1.0
wild:1.6931471805599454
flight:1.6931471805599454
fanci:1.6931471805599454
ancient:1.0
modern:1.0
quackeri:1.0
anywher:1.0
el:1.0
ye:1.0
typic:1.0
everi:1.0
serv:1.6931471805599454
appropri:1.0
relat:1.0
hypothesi:1.6931471805599454
somewhat:1.0
interest:1.0
challang:1.0
provid:1.0
sort:1.0
sure:1.6931471805599454
must:1.0
other:1.0
appar:1.0
regard:1.0
extrem:1.0
non:2.09861228866811
ration:2.09861228866811
process:1.0
wherebi:1.0
success:1.0
cours:1.0
hope:1.0
current:1.0
least:1.0
explain:1.0
special:1.0
could:1.0
someth:1.0
perceiv:1.0
analog:2.09861228866811
geometri:1.6931471805599454
problem:1.0
concern:1.0
molecul:1.0
reason:1.0
rather:1.0
heart:1.0
peric:1.0
notion:1.0
abduct:1.0
use:1.0
model:1.6931471805599454
within:1.0
across:1.0
disciplin:1.0
upon:1.0
close:1.0
examin:1.0
mystic:1.0
leap:1.0
take:1.0
place:1.0
perhap:1.0
closer:1.0
formal:1.0
though:1.0
often:1.0
incomplet:1.0
h:1.0
princip:1.0
system:1.0
develop:1.6931471805599454
compil:1.0
campu:1.0
dr:1.0
cari:1.0
nc:1.0
27513:1.0
919:1.0
677:1.0
8000:1.0
mcnc:1.0
