hrubin:2.09861228866811
pop:1.0
stat:2.09861228866811
purdu:2.6094379124341005
edu:2.791759469228055
herman:1.6931471805599454
rubin:1.6931471805599454
subject:1.0
scienc:1.0
methodolog:1.6931471805599454
organ:1.0
univers:1.0
statist:1.6931471805599454
depart:1.0
distribut:1.0
inet:1.0
line:1.0
28:1.0
articl:1.6931471805599454
1qk92linnl55:1.0
im4u:1.0
c:1.6931471805599454
utexa:1.6931471805599454
turpin:1.6931471805599454
russel:1.0
write:1.6931471805599454
c5i2bo:1.0
cg9:1.0
news:1.0
hawaii:1.6931471805599454
ladi:2.09861228866811
uhunix:1.0
uhcc:1.0
lee:1.6931471805599454
differ:2.09861228866811
nobel:1.0
prize:1.0
level:1.0
scientist:2.09861228866811
mediocr:1.0
lie:1.0
qualiti:2.09861228866811
empir:1.0
depend:1.0
think:1.0
correct:1.0
assert:1.0
einstein:1.6931471805599454
averag:1.0
post:1.0
doc:1.0
physicist:1.6931471805599454
thought:1.6931471805599454
geniu:1.0
would:1.0
great:1.6931471805599454
whose:1.0
scientif:1.0
screwi:1.6931471805599454
exampl:1.0
probabl:1.6931471805599454
wrong:1.6931471805599454
case:1.0
one:1.0
famou:1.0
tell:1.0
anoth:1.0
recal:1.0
quot:1.0
tyour:1.0
idea:1.0
crazi:1.6931471805599454
sure:1.0
tenough:1.0
right:1.0
typic:1.0
screwbal:1.0
somewhat:1.0
dept:1.0
univ:1.0
west:1.0
lafayett:1.0
in47907:1.0
1399:1.0
phone:1.0
317:1.0
494:1.0
6054:1.0
snap:1.6931471805599454
internet:1.0
bitnet:1.0
pur:1.0
ee:1.0
uucp:1.0
