kxgst1:1.0
pitt:1.0
edu:2.09861228866811
kenneth:1.6931471805599454
gilbert:1.6931471805599454
subject:1.0
erythromycin:1.6931471805599454
organ:1.0
univers:1.6931471805599454
pittsburgh:1.6931471805599454
line:1.0
14:1.0
articl:1.0
47974:1.0
sdcc12:1.0
ucsd:1.6931471805599454
wsun:1.0
jeev:1.0
fiberman:1.0
write:1.0
effect:1.6931471805599454
treat:1.0
pneumonia:1.0
fm:1.0
fact:1.0
drug:1.0
choic:1.0
uncompl:1.0
case:1.0
commun:1.0
acquir:1.0
penumonia:1.0
gener:1.0
intern:1.0
medicin:1.0
dammit:1.0
programm:1.0
