sue:1.6931471805599454
netcom:1.6931471805599454
com:1.0
miller:1.0
subject:1.0
eugen:1.0
organ:1.0
onlin:1.0
commun:1.0
servic:1.0
408:1.0
241:1.0
9760:1.0
guest:1.0
line:1.0
7:1.0
articl:1.0
19617:1.0
pitt:1.6931471805599454
uucp:1.0
geb:1.0
c:1.0
edu:1.0
gordon:1.0
bank:1.0
write:1.0
make:1.6931471805599454
race:1.0
diseas:1.0
free:1.0
long:1.6931471805599454
live:1.0
arnold:1.0
schwartzenegg:1.0
muscl:1.0
superman:1.0
even:1.0
sure:1.0
one:1.0
