dbc:1.6931471805599454
welkin:1.6931471805599454
gsfc:1.6931471805599454
nasa:2.09861228866811
gov:1.6931471805599454
david:1.6931471805599454
considin:1.6931471805599454
subject:1.0
msg:2.6094379124341005
sensit:1.0
superstit:1.0
organ:1.0
code:1.0
916:1.0
goddard:1.0
space:1.0
flight:1.0
center:1.0
line:1.0
19:1.0
articl:1.0
1993apr15:1.0
180459:1.0
17852:1.0
nmr:1.6931471805599454
z:1.6931471805599454
mgh:2.386294361119891
harvard:2.09861228866811
edu:2.09861228866811
milsh:1.6931471805599454
alex:1.0
milshteyn:1.6931471805599454
write:1.0
known:1.0
long:1.0
ago:1.0
brain:1.0
produc:1.0
use:1.0
natur:1.0
dose:1.0
serv:1.0
chine:1.6931471805599454
place:2.09861228866811
said:1.0
might:1.0
add:1.0
mho:1.0
enhanc:1.0
flavor:1.0
enoughf:1.0
miss:1.0
go:1.0
order:1.0
food:1.6931471805599454
without:1.0
goo:1.0
ti:1.0
want:1.0
point:1.0
particularli:1.0
tthe:1.0
soup:1.0
prepar:1.0
big:1.0
batch:1.0
restaur:1.0
twon:1.0
abl:1.0
take:1.0
sometim:1.0
tpretti:1.0
hard:1.0
find:1.0
case:1.0
alexand:1.0
cipr:1.6931471805599454
server:1.0
boston:1.0
617:1.6931471805599454
724:1.0
9507:1.0
vox:1.0
726:1.0
7830:1.0
fax:1.0
b:1.0
