mari:2.386294361119891
uicsl:2.09861228866811
csl:2.09861228866811
uiuc:2.09861228866811
edu:2.386294361119891
e:1.0
allison:1.6931471805599454
subject:1.0
msg:3.6390573296152584
sensit:1.0
superstit:1.0
organ:1.0
center:1.0
reliabl:1.0
high:1.0
perform:1.0
comput:1.0
univers:1.0
illinoi:1.6931471805599454
urbana:1.6931471805599454
champaign:1.0
line:1.0
66:1.0
distribut:1.0
world:1.0
nntp:1.0
post:1.0
host:1.0
carl:1.6931471805599454
sol1:1.0
gp:1.0
caltech:1.0
j:1.0
lydick:1.0
write:1.0
cours:1.0
bee:1.0
venom:1.0
singl:1.0
chemic:1.0
could:1.0
brother:1.0
react:1.0
differ:2.09861228866811
compon:1.0
one:2.791759469228055
caus:1.0
anaphylact:1.0
shock:1.0
peopl:2.09861228866811
similarli:1.0
chine:2.09861228866811
food:3.3978952727983707
lot:2.386294361119891
ingredi:2.386294361119891
someon:1.6931471805599454
eat:2.09861228866811
someth:1.6931471805599454
normal:1.6931471805599454
consum:1.6931471805599454
happen:1.6931471805599454
immedi:1.6931471805599454
conclud:1.6931471805599454
neg:1.6931471805599454
reaction:2.9459101490553135
arghhhhhhhhhh:1.0
read:1.0
memo:1.0
said:1.0
person:1.0
order:2.09861228866811
exact:1.0
two:1.0
time:2.791759469228055
restaur:2.6094379124341005
tell:1.6931471805599454
came:1.0
love:1.0
learn:1.0
follow:1.0
get:2.6094379124341005
use:1.0
prepar:1.0
without:1.6931471805599454
hold:1.0
never:1.0
soup:1.0
unless:1.0
cook:1.0
okay:1.0
understand:2.09861228866811
troubl:1.0
plea:1.0
word:1.0
look:1.0
dictionari:1.0
great:1.0
secret:1.0
success:1.0
marriag:1.0
treat:1.0
disast:1.6931471805599454
incid:1.6931471805599454
none:1.0
harold:1.0
nicholson:1.0
