subject:1.0
prozac:1.6931471805599454
agilmet:1.0
ei:1.0
calstat:1.0
edu:1.0
adriana:1.6931471805599454
gilmet:1.6931471805599454
organ:1.0
calif:1.0
state:1.0
univ:1.0
electron:1.0
inform:1.6931471805599454
servic:1.0
line:1.0
3:1.0
anyon:1.0
help:1.6931471805599454
find:1.0
drug:1.0
write:1.0
report:1.0
inventor:1.0
eli:1.0
lilli:1.0
co:1.0
product:1.0
need:1.0
much:1.0
get:1.0
thank:1.0
lot:1.0
