jfare:1.6931471805599454
53iss6:1.6931471805599454
waterloo:2.09861228866811
ncr:2.09861228866811
com:1.6931471805599454
jim:1.6931471805599454
fare:1.6931471805599454
subject:1.0
endometriosi:2.791759469228055
repli:1.0
distribut:1.0
world:1.0
organ:1.0
imag:1.0
system:1.0
divis:1.0
corp:1.0
ont:1.0
canada:1.0
line:1.6931471805599454
26:1.0
articl:1.0
1993apr16:1.0
032251:1.0
6606:1.0
rock:1.6931471805599454
concert:1.6931471805599454
net:1.6931471805599454
naomi:2.09861228866811
courter:1.0
write:1.0
anyon:1.6931471805599454
give:1.0
inform:1.6931471805599454
regard:1.0
heard:1.0
common:1.0
diseas:1.0
among:1.0
woman:1.0
provid:1.0
name:1.0
cell:1.0
would:1.0
normal:1.0
uterus:1.6931471805599454
exist:1.0
outsid:1.0
sometim:1.0
caus:2.09861228866811
problem:1.6931471805599454
often:1.0
gener:1.0
need:1.0
remov:1.6931471805599454
pocket:1.0
unless:1.0
one:1.0
ladi:1.6931471805599454
know:1.6931471805599454
ovari:1.0
great:1.0
deal:1.6931471805599454
pain:1.0
anoth:1.0
endometri:1.0
cyst:1.0
abdomin:1.0
wall:1.0
american:1.6931471805599454
fertil:1.6931471805599454
societi:1.6931471805599454
probabl:1.0
maintain:1.0
list:1.0
physician:1.0
part:1.0
contin:1.0
reach:1.0
2140:1.0
11th:1.0
ave:1.0
south:1.0
suit:1.0
200:1.0
birmingham:1.0
alabama:1.0
35205:1.0
2800:1.0
205:1.0
933:1.0
8494:1.0
j:1.0
f:1.0
