mdf0:1.0
shemesh:1.0
gte:2.6094379124341005
com:2.09861228866811
mark:1.6931471805599454
feblowitz:1.6931471805599454
subject:1.6931471805599454
msg:2.791759469228055
sensit:1.0
superstit:1.0
1qht2d:1.0
8pg:1.0
eagl:1.0
lerc:1.0
nasa:1.0
gov:1.0
1qhu7:1.6931471805599454
d3u:1.6931471805599454
agat:1.6931471805599454
berkeley:2.386294361119891
edu:2.386294361119891
repli:1.6931471805599454
mfeblowitz:1.6931471805599454
organ:1.0
laboratori:1.6931471805599454
inc:1.6931471805599454
line:1.0
17:1.0
spp:1.6931471805599454
zabriski:1.6931471805599454
messag:1.0
14:1.0
apr:1.0
93:1.0
21:1.0
03:1.0
56:1.0
gmt:1.0
articl:1.0
steve:1.0
pope:1.0
write:1.0
wors:1.0
thing:1.0
doubl:1.6931471805599454
blind:1.6931471805599454
studi:1.6931471805599454
effect:1.0
virtu:1.0
fact:1.0
chang:1.0
tast:1.0
food:1.0
characterist:1.0
way:1.0
detect:1.0
duplic:1.0
placebo:1.0
common:1.0
easili:1.0
disguis:1.0
flavor:1.0
put:1.0
capsul:2.09861228866811
becom:1.0
control:1.0
contain:1.0
exactli:1.0
content:1.0
minu:1.0
40:1.0
sylvan:1.0
rd:1.0
waltham:1.0
02254:1.0
617:1.6931471805599454
466:1.0
2947:1.0
fax:1.0
890:1.0
9320:1.0
