georgec:1.0
eng:1.6931471805599454
umd:1.6931471805599454
edu:1.6931471805599454
georg:1.0
b:1.0
clark:1.0
subject:1.0
endometriosi:1.0
organ:1.0
univers:1.0
maryland:1.0
line:1.0
6:1.0
nntp:1.0
post:1.0
host:1.0
athen:1.0
may:1.0
want:1.0
inquir:1.0
take:1.0
lupron:1.6931471805599454
medic:1.0
suppos:1.0
new:1.0
treatment:1.0
describ:1.0
nov:1.0
1992:1.0
issu:1.0
j:1.0
obst:1.0
gyn:1.0
taken:1.6931471805599454
monthli:1.0
inject:1.0
wherea:1.0
drug:1.0
danazol:1.0
daili:1.0
pill:1.0
