subject:1.0
post:1.6931471805599454
polio:1.6931471805599454
syndrom:1.6931471805599454
inform:2.09861228866811
need:1.0
plea:1.0
keith:2.09861228866811
actrix:1.6931471805599454
gen:1.0
nz:1.0
stewart:1.0
organ:1.0
exchang:1.0
line:1.0
9:1.0
wife:1.0
becom:1.0
interest:1.0
acquaint:1.0
appar:1.0
recognis:1.0
new:1.0
zealand:1.0
differ:1.0
sympton:1.0
eg:1.0
chest:1.0
complaint:1.0
treat:1.0
separ:1.0
anon:1.0
thank:1.0
