rsilver:1.0
world:1.6931471805599454
std:1.0
com:1.0
richard:1.0
silver:1.0
subject:1.0
barbecu:1.6931471805599454
food:1.6931471805599454
health:1.0
risk:1.6931471805599454
organ:1.0
public:1.0
access:1.0
unix:1.0
brooklin:1.0
line:1.0
10:1.0
recent:1.0
post:1.0
remind:1.0
read:1.0
associ:1.0
name:1.0
carcinogen:1.0
gener:1.0
valid:1.0
concern:1.0
function:1.6931471805599454
smoke:1.0
elev:1.0
temperatur:1.0
cook:1.0
element:1.0
wood:1.0
charcoal:1.0
v:1.0
lava:1.0
rock:1.0
wish:1.0
know:1.0
thank:1.0
