mmatusev:1.0
radford:1.6931471805599454
vak12:1.0
edu:1.0
melissa:1.0
n:1.0
matusevich:1.0
subject:1.0
foreskin:1.6931471805599454
troubl:1.0
organ:1.0
virginia:1.0
public:1.0
educ:1.0
network:1.0
line:1.0
3:1.0
done:1.0
short:1.0
circumcis:1.0
adult:1.0
male:1.0
whose:1.0
retract:1.0
