jchen:1.0
wind:1.6931471805599454
bellcor:2.09861228866811
com:2.6094379124341005
jason:1.6931471805599454
chen:1.6931471805599454
subject:1.0
glutam:2.09861228866811
nntp:1.0
post:1.0
host:1.0
organ:1.0
line:1.0
13:1.0
articl:1.6931471805599454
1qrsr6:1.0
d59:1.0
access:1.6931471805599454
digex:1.6931471805599454
net:1.0
kfl:1.0
keith:1.0
f:1.0
lynch:1.0
write:1.6931471805599454
lso15qinnkpr:1.0
news:1.0
bbn:1.6931471805599454
sher:1.6931471805599454
lawrenc:1.0
n:1.0
e:1.0
j:1.0
med:1.0
editori:1.0
dicarboxyl:1.0
amino:2.09861228866811
acid:2.09861228866811
essenti:2.386294361119891
peopl:1.0
surviv:1.0
quit:1.0
well:1.0
without:1.6931471805599454
ever:1.0
eat:1.0
contradict:1.0
sen:1.6931471805599454
bodi:1.6931471805599454
need:1.0
non:1.0
produc:1.0
enough:1.0
supplement:1.0
