kilti:1.0
ucrengr:1.6931471805599454
kathleen:1.6931471805599454
richard:1.6931471805599454
subject:1.0
lyme:1.0
vaccin:1.0
repli:1.0
karicha:1.6931471805599454
ei:1.6931471805599454
calstat:1.6931471805599454
edu:1.6931471805599454
line:1.0
12:1.0
nntp:1.0
post:1.0
host:1.0
x:1.0
newsread:1.0
tin:1.0
version:1.0
1:1.6931471805599454
pl8:1.0
jeff:1.0
time:1.0
type:1.0
love:1.0
refer:1.0
paper:1.0
thank:1.0
email:1.0
sometim:1.6931471805599454
windshield:1.0
bug:1.0
dire:1.0
strait:1.0
