ruegg:2.09861228866811
med:2.09861228866811
unc:2.386294361119891
edu:2.09861228866811
robert:1.0
g:1.0
subject:1.0
eugen:1.0
summari:1.0
erratum:1.0
keyword:1.0
gene:1.0
pool:1.0
wisdom:1.0
virtu:1.0
nntp:1.0
post:1.6931471805599454
host:1.0
napl:1.0
organ:1.0
ch:1.0
school:1.0
medicin:1.0
line:1.0
7:1.0
thank:1.0
tarl:1.0
neustaedt:1.0
kindli:1.0
let:1.0
know:1.0
refer:1.0
prior:1.0
orwel:1.0
1984:1.0
probabl:1.0
huxley:1.0
brave:1.0
new:1.0
world:1.0
sorri:1.0
al:1.0
bob:1.0
