jim:2.791759469228055
zisfein:2.791759469228055
factori:2.386294361119891
com:2.09861228866811
subject:1.0
post:3.1972245773362196
polio:3.995732273553991
syndrom:2.6094379124341005
inform:1.6931471805599454
need:1.0
plea:1.0
distribut:1.0
world:1.0
organ:1.0
invent:1.0
bb:1.0
new:1.6931471805599454
york:1.0
citi:1.0
ny:1.0
212:1.0
274:1.0
8298v:1.0
32bi:1.0
repli:1.0
line:1.0
67:1.0
k:2.386294361119891
keith:1.6931471805599454
actrix:1.0
gen:1.0
nz:1.0
stewart:1.0
wife:1.0
becom:1.0
interest:1.0
acquaint:1.0
appar:1.0
recognis:1.6931471805599454
zealand:1.0
differ:1.6931471805599454
sympton:1.0
eg:1.0
chest:1.0
complaint:1.6931471805599454
treat:1.0
separ:1.0
anon:1.0
sure:1.6931471805599454
condit:1.6931471805599454
anywher:1.0
sen:1.0
diseas:2.386294361119891
diagnost:1.0
criterion:1.0
clear:1.0
boundari:1.0
uniqu:1.0
patholog:1.0
physiolog:1.0
featur:2.09861228866811
etc:1.0
goe:1.0
mani:1.0
neurologist:1.0
agre:1.0
patient:3.70805020110221
evid:3.0794415416798357
motor:3.0794415416798357
neuron:1.6931471805599454
clinic:2.386294361119891
examin:1.6931471805599454
emg:2.09861228866811
muscl:2.6094379124341005
biopsi:2.09861228866811
abnorm:1.6931471805599454
mostli:1.0
chronic:2.09861228866811
due:1.0
old:2.9459101490553135
ongo:1.0
deterior:2.6094379124341005
complain:2.09861228866811
declin:1.0
strength:1.0
endur:1.0
everyday:1.0
task:1.0
musculoskelet:1.0
pain:2.386294361119891
nearli:1.0
univers:1.0
doubtless:1.0
contribut:1.0
impair:1.6931471805599454
perform:1.6931471805599454
show:2.09861228866811
weak:1.6931471805599454
atrophi:1.6931471805599454
denerv:2.386294361119891
reinnerv:2.09861228866811
giant:1.0
long:1.0
durat:1.0
unit:2.09861228866811
action:1.0
potenti:1.6931471805599454
activ:2.09861228866811
fibril:1.0
also:1.6931471805599454
fiber:2.386294361119891
type:1.0
group:2.09861228866811
small:1.0
angul:1.0
den:1.0
oxid:1.0
enzym:1.0
stain:1.0
curious:1.0
littl:1.6931471805599454
al:2.386294361119891
one:1.6931471805599454
month:1.0
next:1.6931471805599454
remark:1.0
stabl:1.0
object:1.0
find:1.6931471805599454
year:1.6931471805599454
cours:1.0
develop:1.0
genuin:1.0
common:1.0
among:1.6931471805599454
survivor:1.0
peopl:1.0
never:1.6931471805599454
caus:1.0
unknown:1.6931471805599454
viru:1.6931471805599454
destruct:1.0
immunolog:1.0
respons:1.0
antigen:1.0
solid:1.0
anyth:1.0
happen:1.0
anterior:1.0
horn:1.0
cell:1.0
axon:1.0
neuromuscular:1.0
junction:1.0
reason:1.0
acut:1.0
chang:1.0
possibl:1.0
spinal:1.0
huge:1.0
number:1.0
start:1.0
shed:1.0
load:1.6931471805599454
sever:2.386294361119891
coupl:1.0
distinguish:1.0
deni:1.0
pp:2.791759469228055
like:1.6931471805599454
much:1.0
tend:1.0
score:1.0
higher:1.0
depress:1.0
scale:1.0
neuropsycholog:1.0
test:1.0
take:1.0
disagre:1.0
recoveri:1.0
tendon:1.0
ligament:1.0
bone:1.0
joint:1.0
lead:1.6931471805599454
inflammatori:1.0
degen:1.0
affect:1.0
structur:1.0
increas:1.0
superimpos:1.0
unchang:1.0
progress:1.0
adl:1.0
perhap:1.0
bias:1.0
person:1.0
experi:1.0
seen:1.0
limit:1.0
way:1.0
believ:1.0
rapid:1.0
non:1.0
e:1.6931471805599454
similar:1.0
without:1.0
slmr:1.0
2:1.0
1:1.0
mail:1.0
