isabel:2.09861228866811
rosso:2.09861228866811
dartmouth:2.386294361119891
edu:2.09861228866811
subject:1.0
hunchback:1.6931471805599454
x:1.0
post:1.0
internew:1.0
1:1.0
0b15:1.0
organ:1.0
colleg:1.0
line:1.0
14:1.0
friend:1.0
pronounc:1.0
slouch:1.0
upper:1.0
back:1.0
alway:1.0
walk:1.0
sit:1.0
way:1.0
conclud:1.0
genet:1.0
disord:1.0
someth:1.0
peopl:1.0
correct:1.0
e:1.0
bad:1.0
postur:1.0
chang:1.0
bit:1.0
power:1.0
