ganderson:2.09861228866811
cmutual:2.09861228866811
com:2.09861228866811
au:2.09861228866811
gavin:2.09861228866811
anderson:2.09861228866811
subject:1.0
help:1.6931471805599454
look:1.0
medic:2.09861228866811
journal:2.386294361119891
articl:2.6094379124341005
whiplash:1.6931471805599454
cervic:2.09861228866811
pain:2.09861228866811
line:1.6931471805599454
37:1.0
organ:1.0
coloni:2.09861228866811
mutual:2.09861228866811
life:2.09861228866811
australia:1.0
x:1.0
newsread:1.0
ftpnuz:1.0
do:1.0
v1:1.0
0:1.0
24:1.0
hi:1.0
sure:1.0
post:1.0
messag:1.0
plea:1.0
contact:1.0
way:1.0
mark:1.0
19:1.0
3:2.6094379124341005
93:1.0
wife:1.6931471805599454
went:1.0
gener:1.0
practition:1.0
doctor:1.0
mention:1.6931471805599454
great:1.0
interest:1.0
u:1.0
read:1.0
previou:1.0
three:1.0
month:1.0
unabl:1.0
find:1.0
injuri:1.0
use:1.0
mri:1.0
magnet:1.0
reson:1.0
imageri:1.0
machin:1.0
diagnost:1.0
tool:1.0
work:1.0
neurosurgeon:1.0
reliv:1.0
like:1.0
australian:1.0
much:1.6931471805599454
want:1.0
obtain:1.0
name:1.0
author:1.0
case:1.0
match:1.0
would:1.0
appreci:1.0
anyon:1.0
matter:1.0
via:1.0
email:2.09861228866811
prefer:1.0
analyst:1.6931471805599454
programm:1.6931471805599454
phone:1.6931471805599454
61:2.386294361119891
607:1.6931471805599454
6299:1.6931471805599454
aust:1.6931471805599454
acn:1.6931471805599454
004021809:1.6931471805599454
fax:1.6931471805599454
283:1.6931471805599454
1095:1.6931471805599454
peopl:1.0
never:1.0
conscious:1.0
discov:1.0
antipod:1.0
