cash:2.386294361119891
convex:2.6094379124341005
com:2.09861228866811
peter:1.6931471805599454
subject:1.0
liver:2.386294361119891
spot:2.09861228866811
nntp:1.0
post:1.0
host:1.0
zeppelin:1.0
organ:1.0
instrument:1.0
x:1.0
disclaim:1.0
messag:1.0
written:1.0
user:1.6931471805599454
comput:1.0
corp:1.0
opinion:1.0
express:1.0
necessarili:1.0
line:1.0
8:1.0
caus:1.0
littl:1.0
brown:1.0
older:1.0
peopl:1.0
hand:1.0
call:1.0
sort:1.0
color:1.0
indic:1.0
actual:1.0
dysfunct:1.0
die:1.0
welt:1.0
ist:1.6931471805599454
all:1.0
zerfal:1.0
apolog:1.0
ludwig:1.0
wittgenstein:1.0
