davpa:2.09861228866811
ida:2.09861228866811
liu:1.6931471805599454
se:1.6931471805599454
david:1.6931471805599454
partain:1.6931471805599454
subject:1.0
candida:1.6931471805599454
albican:1.6931471805599454
origin:1.0
obel11:1.0
organ:1.0
depart:1.0
comput:1.0
scienc:1.0
univers:1.6931471805599454
linkop:1.0
line:1.0
11:1.0
someon:1.0
know:1.0
recent:1.0
diagnos:1.0
diseas:1.0
find:1.0
inform:1.0
appar:1.0
someth:1.0
bodi:1.0
product:1.0
yeast:1.6931471805599454
time:1.0
highli:1.0
allerg:1.0
anyon:1.0
tell:1.0
thank:1.0
link:1.6931471805599454
ope:1.6931471805599454
work:1.0
phone:1.0
46:1.6931471805599454
013:1.6931471805599454
28:1.6931471805599454
26:1.6931471805599454
08:1.0
581:1.0
83:1.0
sweden:1.0
telefax:1.0
66:1.0
