kutuzova:1.6931471805599454
venu:2.09861228866811
iteb:2.09861228866811
serpukhov:2.09861228866811
su:2.09861228866811
subject:1.0
reseach:2.09861228866811
starvat:2.09861228866811
organ:1.0
institut:1.0
theoret:1.0
experiment:1.0
biophys:1.0
line:1.0
29:1.0
nntp:1.0
post:1.6931471805599454
host:1.0
interest:1.0
investig:2.09861228866811
improv:1.0
health:1.6931471805599454
young:1.0
russian:1.0
highest:1.0
medic:1.6931471805599454
educ:1.0
expier:1.0
work:1.6931471805599454
biolog:1.0
field:1.6931471805599454
would:2.09861228866811
like:1.6931471805599454
problem:1.6931471805599454
anybodi:1.0
send:1.0
adress:1.0
hospit:1.0
center:1.0
scientif:1.6931471805599454
human:1.0
also:1.0
set:1.0
contact:1.6931471805599454
colleagu:1.0
deal:1.0
appreci:1.0
anyon:1.0
repli:1.0
pl:1.0
142292:1.0
russia:1.0
moscow:1.0
region:1.0
puschino:1.0
p:1.0
box:1.0
46:1.0
kravchenko:1.6931471805599454
n:1.0
e:1.0
mail:1.0
thank:1.0
advanc:1.0
natalja:1.0
