leisner:2.09861228866811
wrc:1.0
xerox:2.09861228866811
com:1.6931471805599454
marti:1.6931471805599454
71348:1.0
subject:1.0
intraven:2.09861228866811
antibiot:1.6931471805599454
repli:1.0
eso:1.0
mc:1.0
organ:1.0
x:1.0
newsread:1.0
tin:1.0
version:1.0
1:1.6931471805599454
pl9:1.0
recent:1.0
case:1.0
shingl:1.0
doctor:1.0
want:1.0
give:1.6931471805599454
acyclovir:1.0
pain:1.0
find:1.0
iv:1.0
site:1.0
arm:1.0
fact:1.0
advantag:1.0
rather:1.0
oral:1.0
