jer:1.0
prefect:1.0
cc:1.6931471805599454
bellcor:2.09861228866811
com:2.386294361119891
rathmann:1.6931471805599454
janic:1.6931471805599454
e:1.6931471805599454
subject:1.0
eye:3.1972245773362196
domin:3.3978952727983707
organ:1.0
livingston:1.0
nj:1.0
line:1.0
40:1.0
articl:2.09861228866811
1993apr19:1.0
171938:1.0
17930:1.0
portho:1.0
jil:1.0
donuts0:1.0
uucp:1.6931471805599454
jami:1.0
lubin:1.0
write:2.09861228866811
19671:1.0
pitt:1.6931471805599454
geb:1.0
c:1.0
edu:1.0
gordon:1.0
bank:1.0
c5e2g7:1.0
877:1.0
world:1.6931471805599454
std:1.6931471805599454
rsilver:1.0
richard:1.0
silver:1.0
right:2.386294361119891
eyed:1.0
overal:1.0
handed:2.386294361119891
popul:1.6931471805599454
mean:1.0
peopl:2.09861228866811
requir:1.0
le:1.0
len:1.0
correct:1.0
one:1.0
kind:1.0
percentag:1.0
attach:1.0
usual:1.0
side:2.386294361119891
noth:1.0
refract:1.0
error:1.0
howev:1.0
recal:1.0
read:1.0
see:1.6931471805599454
former:1.0
basebal:1.0
star:1.0
chri:1.0
chambliss:1.0
hit:2.386294361119891
abil:1.0
part:1.6931471805599454
attribut:1.0
combin:1.0
left:1.6931471805599454
studi:2.791759469228055
year:1.0
ago:1.0
univers:1.0
arizona:1.0
whether:2.09861228866811
cross:2.386294361119891
individu:1.0
particular:1.0
opposit:1.6931471805599454
better:1.6931471805599454
hitter:1.0
hand:1.6931471805599454
pick:1.0
softbal:1.0
class:1.0
put:1.0
small:1.0
minor:1.0
grad:1.0
student:1.0
tri:1.0
get:1.0
equal:1.0
number:1.0
control:1.0
use:2.09861228866811
pitch:2.386294361119891
machin:1.6931471805599454
fast:1.6931471805599454
sinc:1.0
slow:1.0
come:1.0
close:1.0
actual:1.0
think:1.6931471805599454
foul:1.0
tip:1.0
ball:1.0
lot:1.0
like:1.0
would:1.0
serious:1.0
question:1.0
result:1.6931471805599454
major:1.6931471805599454
leagu:1.0
player:1.6931471805599454
across:1.6931471805599454
fairli:1.0
larg:1.0
section:1.0
test:1.0
know:1.0
woman:1.0
ran:1.0
said:1.0
higher:1.0
incid:1.0
crossdomin:1.0
leaguer:1.0
gener:1.0
sure:1.0
believ:1.0
