dougb:2.6094379124341005
comm:2.09861228866811
mot:2.09861228866811
com:2.09861228866811
doug:1.6931471805599454
bank:1.6931471805599454
subject:1.0
need:1.0
radiologist:2.791759469228055
read:2.386294361119891
ultrasound:2.9459101490553135
repli:1.0
ec:1.6931471805599454
organ:1.0
motorola:1.6931471805599454
land:1.0
mobil:1.0
product:1.0
sector:1.6931471805599454
nntp:1.0
post:1.0
host:1.0
145:1.0
1:1.0
146:1.0
35:1.0
line:1.0
28:1.0
wife:2.386294361119891
ob:1.6931471805599454
gyn:1.6931471805599454
machin:1.0
offic:1.6931471805599454
doctor:2.09861228866811
hear:1.0
fetal:1.6931471805599454
heartbeat:1.0
13:1.0
week:1.0
use:2.09861228866811
see:2.09861228866811
everyth:1.0
ok:1.0
next:1.0
visit:1.0
ask:1.0
anoth:1.0
pictur:1.6931471805599454
vehement:1.0
insist:1.0
qualifi:1.0
concern:2.09861228866811
saw:1.0
tv:1.0
show:1.6931471805599454
coupl:1.0
month:1.0
back:1.0
someth:1.0
like:1.0
20:1.6931471805599454
datelin:1.0
nbc:1.0
etc:1.0
expert:1.6931471805599454
differ:1.0
deffect:1.0
could:1.0
detect:1.0
take:1.0
second:1.0
opinion:1.0
would:1.0
find:1.0
chicago:1.0
realli:1.0
special:1.0
medic:1.0
reason:1.0
abl:1.0
thing:1.0
one:1.0
thought:1.0
privat:1.0
system:1.0
divis:1.0
commun:1.0
nwu:1.6931471805599454
edu:1.6931471805599454
schaumburg:1.0
illinoi:1.0
casbah:1.0
acn:1.0
708:1.0
576:1.0
8207:1.0
