aliceb:1.6931471805599454
tea4two:2.09861228866811
eng:1.6931471805599454
sun:2.09861228866811
com:1.6931471805599454
alic:1.6931471805599454
taylor:1.0
subject:1.0
accupunctur:1.0
aid:1.6931471805599454
organ:1.0
microsystem:1.0
inc:1.0
line:1.0
8:1.0
distribut:1.0
world:1.0
repli:1.0
nntp:1.0
post:1.0
host:1.0
friend:1.0
mine:1.0
see:1.0
acupuncturist:1.0
want:1.0
know:1.0
danger:1.0
get:1.0
needl:1.0
thank:1.0
