eliez:2.6094379124341005
physic:2.386294361119891
llnl:2.386294361119891
gov:2.386294361119891
david:1.6931471805599454
subject:1.0
question:1.6931471805599454
spect:3.0794415416798357
imag:2.386294361119891
organ:1.0
lawrenc:1.0
livermor:1.0
nation:1.0
laboratori:1.0
line:1.0
25:1.0
distribut:1.0
world:1.0
repli:1.6931471805599454
nntp:1.0
post:1.0
host:1.0
keyword:1.0
pet:1.6931471805599454
resolut:2.09861228866811
becom:1.0
involv:1.0
project:1.0
develop:1.0
improv:1.6931471805599454
perform:1.0
singl:1.6931471805599454
photon:1.0
emiss:1.6931471805599454
computer:1.0
tomographi:1.6931471805599454
eventu:1.0
peddl:1.0
stuff:1.0
somewher:1.0
move:1.0
thing:1.0
along:1.0
would:1.6931471805599454
like:1.0
know:1.6931471805599454
current:1.0
kind:1.6931471805599454
job:1.6931471805599454
use:1.6931471805599454
specif:1.6931471805599454
could:2.09861228866811
hope:1.0
say:1.0
close:1.0
positron:1.0
much:1.6931471805599454
machin:1.0
cost:1.6931471805599454
anyon:1.0
answer:1.6931471805599454
find:1.0
grate:1.0
inde:1.0
thank:1.0
advanc:1.0
tdave:1.0
teliez:1.0
