subject:1.0
ovarian:1.6931471805599454
cancer:1.6931471805599454
treatment:1.6931471805599454
center:1.0
rbprma:1.0
rohvm1:1.0
rohmhaa:1.0
com:1.0
organ:1.0
rohm:1.0
haa:1.0
compani:1.0
line:1.0
9:1.0
rel:1.0
mine:1.0
recent:1.0
diagnos:1.0
stage:1.0
3:1.0
papillari:1.0
cell:1.0
urgent:1.0
seek:1.0
best:1.0
place:1.0
countri:1.0
anyon:1.0
suggest:1.0
might:1.0
suspect:1.0
time:1.0
essenc:1.0
thank:1.0
help:1.0
bob:1.0
