pk115050:1.6931471805599454
wvnvm:1.6931471805599454
wvnet:1.6931471805599454
edu:1.6931471805599454
subject:1.0
help:1.6931471805599454
kidney:1.6931471805599454
stone:1.6931471805599454
organ:1.0
west:1.0
virginia:1.0
network:1.0
educ:1.0
telecomput:1.0
line:1.0
11:1.0
girlfriend:1.0
pain:1.0
say:1.0
medic:1.0
insur:1.0
get:1.0
remov:1.0
question:1.0
way:1.0
treat:1.0
least:1.0
mitig:1.0
effect:1.0
deepli:1.0
appreci:1.0
advic:1.0
referr:1.0
literatur:1.0
etc:1.0
thank:1.0
dave:1.0
carvel:1.0
