romda:1.6931471805599454
uclink:2.09861228866811
berkeley:2.386294361119891
edu:2.09861228866811
ella:1.0
baff:1.0
subject:1.0
good:1.0
grief:1.0
candida:1.6931471805599454
albican:1.6931471805599454
organ:1.0
univers:1.0
california:1.0
line:1.0
9:1.0
distribut:1.0
world:1.0
nntp:1.0
post:1.0
host:1.0
anybodi:1.0
doctor:1.0
includ:1.0
said:1.0
face:1.0
evid:1.0
yeast:1.0
connect:1.0
guarante:1.0
safeti:1.0
incompet:1.0
rip:1.0
lip:1.0
justifi:1.0
far:1.0
concern:1.0
sound:1.0
like:1.0
john:1.0
badan:1.0
dc:1.0
ca:1.0
