mryan:1.0
stsci:1.6931471805599454
edu:1.6931471805599454
subject:1.0
angri:1.6931471805599454
doctor:3.1972245773362196
line:1.0
26:1.0
organ:1.0
space:1.6931471805599454
telescop:1.6931471805599454
scienc:1.6931471805599454
institut:1.6931471805599454
distribut:1.0
na:1.0
justifi:1.0
piss:1.0
last:1.0
saturday:1.0
even:2.09861228866811
6:2.09861228866811
year:1.0
old:1.0
son:1.6931471805599454
cut:1.0
finger:1.6931471805599454
badli:1.0
knife:1.0
took:1.0
local:1.0
urgent:1.0
gener:1.0
care:1.0
clinic:2.791759469228055
5:1.0
50:1.0
pm:1.6931471805599454
open:1.0
till:1.0
00:1.6931471805599454
receptionist:1.6931471805599454
went:1.0
back:2.386294361119891
told:2.09861228866811
came:1.0
u:2.09861228866811
would:2.386294361119891
see:1.0
someplac:1.0
go:1.6931471805599454
want:1.6931471805599454
delay:1.0
next:1.0
minut:1.0
respons:1.0
question:1.0
sever:1.0
trip:1.0
room:2.386294361119891
paperwork:1.0
look:1.0
advis:1.0
emerg:2.09861228866811
speak:1.0
tell:1.0
name:1.6931471805599454
ask:1.0
charg:1.6931471805599454
said:1.0
know:1.0
realiz:1.0
privat:1.0
quit:1.0
turn:1.0
away:1.0
bother:1.0
get:1.0
three:1.0
stitch:1.0
still:1.0
tri:1.0
find:1.0
write:1.0
letter:1.0
certainli:1.0
never:1.0
set:1.0
foot:1.0
mari:1.0
ryan:1.0
tmryan:1.0
baltimor:1.0
maryland:1.0
