nore:2.6094379124341005
netcom:2.09861228866811
com:1.6931471805599454
jon:2.09861228866811
subject:1.0
need:1.0
refer:1.0
multipl:1.6931471805599454
person:2.6094379124341005
disord:1.6931471805599454
allergi:2.386294361119891
organ:1.0
onlin:1.0
commun:1.0
servic:1.0
408:1.0
241:1.0
9760:1.0
login:1.0
guest:1.0
line:1.0
28:1.0
heard:2.09861228866811
third:1.0
hand:1.0
best:1.6931471805599454
form:1.0
inform:1.0
recent:1.0
publish:1.6931471805599454
result:1.0
studi:2.6094379124341005
syndrom:1.0
patient:1.6931471805599454
reveal:1.0
interest:1.0
clue:1.0
root:1.0
caus:1.0
may:1.0
psycholog:1.6931471805599454
trigger:1.0
basi:1.0
one:1.0
mpd:1.0
exhibit:1.0
observ:1.0
clinic:1.0
sign:1.0
inhal:1.6931471805599454
scratch:1.6931471805599454
test:2.09861228866811
use:1.0
accord:1.0
show:1.6931471805599454
obviou:1.0
symptom:1.0
includ:1.0
full:1.0
particular:1.0
true:1.0
truli:1.0
fascin:1.0
like:1.0
know:1.6931471805599454
ever:1.0
done:1.0
realli:1.0
help:1.0
charter:1.0
member:1.0
infj:1.6931471805599454
club:1.0
die:1.0
mean:1.0
brave:1.0
e:1.0
mail:1.6931471805599454
send:1.0
info:1.0
jkn:1.0
intern:1.0
ip:1.0
192:1.0
100:1.6931471805599454
81:1.0
fred:1.0
gourmet:1.0
chocol:1.0
1312:1.0
carlton:1.0
place:1.0
phone:1.0
510:1.6931471805599454
294:1.0
8153:1.0
chip:1.0
world:1.0
livermor:1.0
ca:1.0
94550:1.0
v:1.0
417:1.0
4101:1.0
read:1.0
alt:1.0
action:1.0
