e:1.6931471805599454
j:1.6931471805599454
draper:2.386294361119891
odin:1.6931471805599454
mda:2.386294361119891
uth:2.386294361119891
tmc:2.386294361119891
edu:2.791759469228055
subject:1.0
need:1.0
radiologist:2.6094379124341005
read:1.6931471805599454
ultrasound:2.386294361119891
organ:1.0
u:1.0
anderson:1.6931471805599454
cancer:1.6931471805599454
center:1.6931471805599454
line:1.0
25:1.0
distribut:1.0
world:1.0
nntp:1.0
post:1.0
host:1.0
rpidev2:1.6931471805599454
x:2.09861228866811
userag:1.0
nuntiu:1.0
v1:1.0
1:1.0
1d17:1.0
xxmessag:1.0
id:1.0
a7fac234c902019a:1.0
xxdate:1.0
wed:1.0
21:1.0
apr:1.0
93:1.0
15:1.0
19:1.0
48:1.0
gmt:1.0
articl:1.0
9551:1.0
blue:1.0
ci:1.0
pitt:1.6931471805599454
kenneth:1.0
gilbert:1.0
kxgst1:1.0
write:1.0
one:1.0
sticki:1.0
area:1.0
medicin:1.0
battl:1.0
frequent:1.0
rage:1.0
respect:1.0
ob:2.386294361119891
suspect:1.6931471805599454
certifi:1.0
diagnost:1.6931471805599454
thu:1.0
allow:1.0
use:2.09861228866811
bill:1.0
mani:2.09861228866811
cardiologist:1.0
also:1.0
echocardiographi:1.0
fact:1.0
consid:1.0
expert:1.0
sure:1.0
stand:1.0
regard:1.0
least:1.0
good:1.0
radioligist:1.0
flame:1.0
retard:1.0
suit:1.0
readi:1.0
wife:1.0
would:2.09861228866811
insist:1.0
involv:1.6931471805599454
process:2.09861228866811
intens:1.0
train:1.0
interpret:1.0
imag:1.0
data:1.0
awar:1.6931471805599454
thing:1.0
physician:1.0
want:1.6931471805599454
deliv:1.0
babi:1.0
gyn:1.6931471805599454
studi:1.0
opinion:1.0
ed:1.0
repar:1.0
radiolog:1.0
patholog:1.0
institut:1.0
univers:1.0
texa:1.0
