gmark:1.0
cbnews:1.0
cb:1.0
att:1.0
com:1.0
gilbert:1.0
stewart:1.0
subject:1.0
oxaprozin:1.6931471805599454
organ:1.0
keyword:1.0
daypro:1.6931471805599454
line:1.0
7:1.0
anyon:1.0
inform:1.0
effect:1.0
origin:1.0
market:1.0
name:1.0
appear:1.0
anti:1.0
inflammatori:1.0
similar:1.0
naproxin:1.0
stronger:1.0
tia:1.0
gm:1.0
