karl:2.09861228866811
anasazi:1.6931471805599454
com:1.0
dussik:1.6931471805599454
subject:1.0
dana:2.09861228866811
faber:2.09861228866811
cancer:2.386294361119891
institut:2.386294361119891
organ:1.0
inc:1.0
phoenix:1.0
arizona:1.0
usa:1.6931471805599454
keyword:1.0
line:1.0
13:1.0
articl:1.0
1993apr14:1.0
090306:1.0
3352:1.0
etek:1.6931471805599454
chalmer:1.6931471805599454
se:1.6931471805599454
e2salim:1.0
salim:1.0
chagan:1.0
write:1.0
tcan:1.0
anyon:1.0
send:1.0
adress:1.0
tdana:1.0
boston:1.6931471805599454
miss:1.0
r:1.0
farber:1.0
44:1.0
binney:1.0
street:1.0
02115:1.0
617:1.0
732:1.0
3000:1.0
alumnu:1.0
depart:1.0
biostatist:1.0
epidemiolog:1.0
1983:1.0
1986:1.0
