sheryl:2.09861228866811
sea:2.09861228866811
gwu:1.6931471805599454
edu:2.386294361119891
coppeng:1.6931471805599454
subject:1.0
hisman:2.09861228866811
et:1.0
al:1.0
side:1.6931471805599454
effect:2.09861228866811
organ:1.0
georg:1.6931471805599454
washington:1.6931471805599454
univers:1.6931471805599454
line:1.0
28:1.0
articl:1.6931471805599454
1993apr21:1.0
024103:1.0
29880:1.0
spdcc:1.6931471805599454
com:1.6931471805599454
dyer:1.6931471805599454
steve:1.0
write:1.6931471805599454
1993apr20:1.0
212706:1.0
820:1.0
lrc:1.6931471805599454
kjiv:1.0
someon:1.0
tell:1.6931471805599454
whether:1.0
follow:1.0
medic:1.0
link:1.6931471805599454
rapid:1.0
excess:1.0
weight:2.09861228866811
gain:2.09861228866811
distort:1.0
sen:1.0
tast:1.0
smell:1.0
azmacort:1.0
topic:1.0
steroid:1.0
prevent:1.0
asthma:1.0
vancenas:1.0
astemizol:2.09861228866811
definit:1.0
realli:1.6931471805599454
peculiar:1.0
antihistamin:2.09861228866811
even:1.0
like:1.0
purportedli:1.0
cross:1.6931471805599454
blood:1.6931471805599454
brain:1.6931471805599454
barrier:1.6931471805599454
tend:1.0
caus:2.09861228866811
drowsi:1.0
way:1.0
find:1.0
doctor:1.6931471805599454
obvious:1.0
asleep:1.0
wheel:1.0
origin:1.0
poster:1.0
mention:1.0
fatigu:1.0
mostli:1.0
due:1.0
bizarr:1.0
dream:1.0
get:1.0
rest:1.0
said:1.0
common:1.0
reaction:1.0
idea:1.0
comput:1.0
facil:1.0
staff:1.0
tsheryl:1.0
202:1.0
994:1.0
6853:1.0
