debbi:1.6931471805599454
csd4:1.0
csd:1.0
uwm:1.0
edu:2.09861228866811
forest:1.0
subject:1.0
hisman:1.6931471805599454
et:1.0
al:1.0
side:1.6931471805599454
effect:2.09861228866811
organ:1.0
comput:1.0
servic:1.0
divis:1.0
univers:1.0
wisconsin:1.0
milwauke:1.0
line:1.0
19:1.0
nntp:1.0
post:1.0
host:1.0
129:1.0
89:1.0
7:1.0
4:1.0
articl:1.6931471805599454
1993apr21:1.6931471805599454
231301:1.0
3050:1.0
sea:1.6931471805599454
gwu:1.6931471805599454
sheryl:1.6931471805599454
coppeng:1.0
write:1.6931471805599454
024103:1.0
29880:1.0
spdcc:1.6931471805599454
com:1.6931471805599454
dyer:1.6931471805599454
steve:1.0
astemizol:2.09861228866811
definit:1.0
link:1.0
weight:1.0
gain:1.0
realli:2.09861228866811
peculiar:1.0
antihistamin:1.6931471805599454
even:1.0
like:1.6931471805599454
purportedli:1.0
cross:1.6931471805599454
blood:1.6931471805599454
brain:1.6931471805599454
barrier:1.6931471805599454
tend:1.0
caus:1.6931471805599454
drowsi:1.0
origin:1.0
poster:1.0
mention:1.0
fatigu:1.0
mostli:1.0
due:1.0
bizarr:1.6931471805599454
dream:1.6931471805599454
get:1.0
rest:1.0
doctor:1.6931471805599454
said:2.09861228866811
common:1.0
reaction:1.0
idea:1.0
made:1.6931471805599454
bitchi:1.0
first:1.0
week:1.6931471805599454
think:1.0
feel:1.0
someth:1.0
time:1.0
keep:1.0
take:1.0
symptom:1.0
seem:1.0
go:1.0
away:1.0
hang:1.0
