roo:2.6094379124341005
operoni:1.0
helsinki:2.6094379124341005
fi:2.09861228866811
christoph:2.386294361119891
subject:1.0
want:1.0
rat:2.386294361119891
cell:2.791759469228055
line:2.6094379124341005
adren:2.09861228866811
gland:2.09861228866811
cortic:2.09861228866811
c:1.6931471805599454
summari:1.0
find:1.0
keyword:1.0
organ:1.0
institut:1.6931471805599454
biotechnolog:1.6931471805599454
univ:1.0
14:1.0
look:1.6931471805599454
type:1.0
atcc:1.0
without:1.0
success:1.0
would:1.0
much:1.0
appreci:1.0
help:1.0
thank:1.0
read:1.0
fax:1.0
358:1.0
0:1.0
4346028:1.0
pobox:1.0
45:1.0
valimoti:1.0
7:1.0
e:1.0
mail:1.0
univers:1.0
x:1.0
400:1.0
g:1.0
sf:1.0
00014:1.0
finland:1.0
fumail:1.0
