sjha:1.0
c:1.6931471805599454
cmu:1.6931471805599454
edu:1.6931471805599454
somesh:1.6931471805599454
jha:1.0
subject:1.0
intersect:1.6931471805599454
syndrom:1.6931471805599454
near:1.0
forearm:1.0
wrist:1.0
nntp:1.0
post:1.0
host:1.0
gs73:1.0
sp:1.0
organ:1.0
school:1.0
comput:1.0
scienc:1.0
carnegi:1.0
mellon:1.0
line:1.0
17:1.0
hi:1.0
went:1.0
orthopedist:1.0
tuesday:1.0
diagnos:1.0
prescrib:1.0
felden:1.0
want:1.0
know:1.0
diseas:1.0
drug:1.0
thank:1.0
