ske:2.09861228866811
pkmab:2.09861228866811
se:1.6931471805599454
kristoff:1.6931471805599454
eriksson:1.6931471805599454
subject:1.0
scienc:2.386294361119891
methodolog:1.6931471805599454
homeopathi:1.0
tradit:1.0
keyword:1.0
error:1.0
turpin:2.09861228866811
nlp:1.0
organ:1.0
peridot:1.6931471805599454
konsult:1.6931471805599454
mellansverig:1.0
ab:1.6931471805599454
oerebro:1.6931471805599454
sweden:1.6931471805599454
line:1.0
14:1.0
articl:1.0
1quqlginn83q:1.0
im4u:1.0
c:1.6931471805599454
utexa:1.6931471805599454
edu:1.6931471805599454
russel:1.0
write:1.0
definit:1.6931471805599454
investig:1.0
empir:1.0
avoid:1.0
mistak:2.386294361119891
reason:1.0
discov:1.0
previou:1.6931471805599454
work:1.0
read:1.0
wonder:1.0
recogn:1.0
someth:1.0
seem:1.0
propon:1.0
pseudo:1.0
might:1.0
idea:1.0
constitut:1.0
discoveri:1.0
accept:1.0
stallgatan:1.0
2:1.0
702:1.0
26:1.0
phone:1.0
46:1.6931471805599454
19:1.6931471805599454
33:1.6931471805599454
13:1.6931471805599454
00:1.0
e:1.0
mail:1.6931471805599454
fax:1.0
30:1.0
swip:1.0
net:1.0
kullmar:1.0
