bbenowit:1.6931471805599454
telesci:2.386294361119891
com:1.6931471805599454
barri:1.6931471805599454
benowitz:1.6931471805599454
subject:1.0
prk:1.6931471805599454
photo:1.0
refract:1.0
keratostomi:1.0
organ:1.0
co:1.6931471805599454
system:1.6931471805599454
inc:1.0
distribut:1.0
usa:1.0
line:1.0
21:1.0
interest:1.0
procedur:1.6931471805599454
abl:1.0
add:1.0
follow:1.0
fact:1.0
1:1.6931471805599454
done:1.0
philadelphia:1.0
2:1.0
perform:1.6931471805599454
maryland:1.0
john:1.0
hopkin:1.0
correct:1.6931471805599454
0:1.6931471805599454
5:1.0
10:1.0
20:1.0
diopter:1.0
think:1.6931471805599454
unit:1.0
3:1.0
new:1.6931471805599454
york:1.0
citi:1.0
manhattan:1.0
eye:1.0
ear:1.0
6:1.0
magic:1.0
word:1.0
use:1.0
request:1.0
inform:1.0
mean:1.0
rk:1.0
excim:1.0
laser:1.0
studi:1.0
protocol:1.0
get:1.0
proper:1.0
peopl:1.0
email:1.0
tbbenowit:1.0
pyrnj:1.0
phone:1.0
609:1.0
866:1.0
1000:1.0
x354:1.0
snail:1.0
ttelesci:1.0
351:1.0
albani:1.0
rd:1.0
moorestown:1.0
nj:1.0
08057:1.0
1177:1.0
