bbenowit:1.6931471805599454
telesci:2.386294361119891
com:2.6094379124341005
barri:1.6931471805599454
benowitz:1.6931471805599454
subject:1.0
eye:2.9459101490553135
domin:2.791759469228055
repli:1.0
rsilver:1.6931471805599454
world:2.09861228866811
std:2.09861228866811
messag:1.0
mon:1.0
12:1.0
apr:1.0
1993:1.0
21:1.0
02:1.0
31:1.0
gmt:1.0
nntp:1.0
post:1.0
host:1.0
kyanit:1.0
organ:1.0
co:1.6931471805599454
system:1.6931471805599454
inc:1.0
line:1.0
24:1.0
articl:1.0
c5e2g7:1.0
877:1.0
richard:1.0
silver:1.0
write:1.0
right:1.6931471805599454
eyed:1.0
overal:1.0
handed:1.6931471805599454
popul:1.0
mean:1.0
peopl:1.0
requir:1.0
le:1.0
len:1.0
correct:1.0
one:1.0
kind:1.0
percentag:1.0
attach:1.0
thank:1.0
ye:1.0
thing:1.0
although:1.0
sure:1.0
refer:1.0
perscript:1.0
strength:1.0
recal:1.6931471805599454
select:1.0
close:1.6931471805599454
perciev:1.0
imag:1.0
shift:1.0
happen:1.0
believ:1.0
relat:1.6931471805599454
moment:1.0
email:1.0
tbbenowit:1.0
pyrnj:1.0
phone:1.0
1:1.0
609:1.0
866:1.0
1000:1.0
x354:1.0
snail:1.0
ttelesci:1.0
351:1.0
new:1.0
albani:1.0
rd:1.0
moorestown:1.0
nj:1.0
08057:1.0
1177:1.0
