yeoy:1.0
c:1.0
okstat:1.0
edu:1.0
yeo:1.0
yek:1.6931471805599454
chong:1.6931471805599454
subject:1.0
kermit:1.6931471805599454
avail:1.0
window:1.0
3:1.6931471805599454
0:1.0
1:1.0
organ:1.0
oklahoma:1.0
state:1.0
univers:1.0
line:1.0
7:1.0
articl:1.0
a4fm3b1w165w:1.0
vicuna:1.6931471805599454
ocunix:1.6931471805599454
ca:1.6931471805599454
steve:1.0
frampton:1.6931471805599454
wonder:1.0
packag:1.6931471805599454
actual:1.0
ye:1.0
usual:1.0
ftp:1.0
site:1.0
