subject:1.0
smartdrv:2.386294361119891
exe:1.0
caus:1.6931471805599454
bad:2.09861228866811
sector:2.386294361119891
hd:1.0
jdriver:2.09861228866811
netlink:2.6094379124341005
ct:1.6931471805599454
com:1.6931471805599454
john:1.6931471805599454
driver:2.09861228866811
organ:1.0
onlin:1.6931471805599454
commun:1.6931471805599454
san:1.6931471805599454
diego:1.6931471805599454
ca:1.6931471805599454
line:1.0
47:1.0
someth:1.6931471805599454
unusu:1.0
happen:2.09861228866811
first:1.0
background:1.0
system:1.6931471805599454
mitsubishi:1.0
63:1.0
meg:1.0
hard:2.6094379124341005
drive:2.6094379124341005
run:1.0
version:1.0
come:1.0
window:1.6931471805599454
3:1.0
1:1.6931471805599454
rare:1.0
use:1.6931471805599454
program:3.302585092994046
call:1.0
disk:1.6931471805599454
technician:1.6931471805599454
gold:1.6931471805599454
v1:1.0
14:1.0
diagnost:1.0
live:1.0
time:1.6931471805599454
work:1.0
devic:1.0
detect:2.9459101490553135
whenev:1.0
one:1.0
read:2.386294361119891
necessari:1.0
file:2.791759469228055
anyth:1.6931471805599454
el:1.0
wrong:1.6931471805599454
minor:1.0
problem:1.0
fulli:1.6931471805599454
check:1.0
upon:1.0
reboot:2.6094379124341005
notori:1.0
usual:1.0
end:1.0
8:1.0
new:1.6931471805599454
week:1.0
ran:1.6931471805599454
dtg:2.9459101490553135
broke:1.0
emerg:1.0
warn:1.0
recommend:1.6931471805599454
gave:1.0
messag:1.6931471805599454
twice:1.0
load:2.386294361119891
exit:1.0
went:2.386294361119891
bootup:1.0
process:1.0
examin:1.0
error:3.0794415416798357
etc:1.0
screen:1.0
pop:1.0
said:1.0
brief:1.0
period:1.0
back:1.0
execut:1.6931471805599454
exact:1.0
tri:1.0
remov:1.6931471805599454
memori:1.0
see:1.6931471805599454
could:1.0
sure:1.0
enough:1.6931471805599454
number:1.0
attempt:1.0
reload:1.0
cach:2.6094379124341005
either:1.0
audibl:1.0
quit:1.0
ok:1.0
fix:1.0
interf:1.0
xtree:1.0
tag:1.0
search:1.0
random:1.0
string:1.0
word:1.0
want:1.0
complet:1.0
everi:1.6931471805599454
got:1.0
c:1.0
least:1.0
six:1.0
anybodi:1.0
idea:1.0
misread:1.6931471805599454
oh:1.0
exactli:1.0
two:1.0
per:1.0
100:1.0
affect:1.0
origin:1.0
post:1.0
corp:1.0
figur:1.0
someon:1.0
netland:1.0
may:1.0
know:1.0
help:1.0
internet:1.0
uucp:1.0
ryptyd:1.0
public:1.0
access:1.0
619:1.0
453:1.0
1115:1.0
