subject:1.0
help:1.0
chang:1.0
startup:1.6931471805599454
logo:2.09861228866811
c:1.6931471805599454
doell:2.09861228866811
p26:1.0
f3333:1.6931471805599454
n106:1.6931471805599454
z1:1.6931471805599454
fidonet:1.6931471805599454
org:1.6931471805599454
line:1.0
23:1.0
hello:1.0
brad:2.09861228866811
monday:1.0
april:1.0
26:1.6931471805599454
1993:1.0
17:1.0
24:1.0
small:1.0
wrote:1.0
crosspost:1.0
1:1.6931471805599454
b:3.1972245773362196
vga:1.0
card:1.0
correct:1.0
file:2.9459101490553135
copi:1.6931471805599454
back:1.0
expect:1.0
work:1.0
creat:1.6931471805599454
new:1.0
win:2.09861228866811
com:1.6931471805599454
tri:1.0
command:1.0
worri:1.0
directori:1.0
sinc:1.0
know:1.0
setup:1.0
cnf:1.0
vgalogo:1.6931471805599454
lgo:1.0
rle:1.6931471805599454
grab:1.0
supercharg:1.0
window:1.6931471805599454
judd:1.0
robbin:1.0
great:1.0
book:1.0
also:1.0
put:1.0
screen:1.6931471805599454
special:1.6931471805599454
compress:1.6931471805599454
bmp:2.09861228866811
procedur:1.0
use:1.6931471805599454
would:1.0
love:1.0
thank:1.0
chri:1.6931471805599454
origin:1.0
106:1.0
3333:1.0
