dbstrutt:1.6931471805599454
ac:2.09861228866811
ucalgari:2.09861228866811
ca:2.09861228866811
david:1.0
bryan:1.0
strutt:1.0
subject:1.0
help:1.0
chang:2.791759469228055
startup:1.6931471805599454
logo:2.791759469228055
distribut:1.0
usa:1.0
nntp:1.0
post:1.0
host:1.0
acs5:1.0
organ:1.0
univers:1.0
calgari:1.0
alberta:1.0
line:1.0
29:1.0
articl:1.0
1rgtba:1.0
gtn:1.0
access:1.6931471805599454
digex:1.6931471805599454
net:1.0
farley:1.6931471805599454
com:2.09861228866811
charl:1.0
u:1.0
write:1.0
know:1.6931471805599454
probabl:1.0
faq:1.0
instal:1.0
w:1.0
ati:1.0
graphic:1.0
card:1.0
bash:1.0
window:2.386294361119891
file:2.791759469228055
start:1.0
3:1.6931471805599454
0:1.0
instead:1.0
1:1.0
thought:1.0
control:1.0
system:1.6931471805599454
vgalogo:2.09861228866811
rle:1.6931471805599454
lgo:1.0
restor:1.0
anyon:1.0
correct:1.6931471805599454
believ:1.0
think:1.0
go:1.6931471805599454
back:1.0
setup:1.6931471805599454
choos:1.6931471805599454
video:1.6931471805599454
adapt:1.0
whatev:1.6931471805599454
call:1.0
trick:1.6931471805599454
adaptor:1.0
current:1.0
actual:1.0
win:1.6931471805599454
whenev:1.0
hardwar:1.0
select:1.0
incorpor:1.0
content:1.0
also:1.0
use:1.0
want:1.0
sig:1.6931471805599454
alert:1.6931471805599454
x0c:1.0
end:1.0
