lipman:3.1972245773362196
oasi:2.386294361119891
dt:2.6094379124341005
navi:3.4849066497880004
mil:2.6094379124341005
robert:2.6094379124341005
subject:1.0
call:1.0
present:3.3978952727983707
sciviz:1.0
vr:1.0
seminar:2.791759469228055
expir:1.0
30:2.09861228866811
apr:1.0
93:1.0
04:1.0
00:1.6931471805599454
gmt:1.0
repli:1.0
distribut:1.6931471805599454
usa:1.0
organ:1.6931471805599454
carderock:2.09861228866811
divis:2.09861228866811
nswc:1.0
bethesda:2.386294361119891
md:1.0
line:1.0
66:1.0
tcall:1.0
scientif:2.6094379124341005
visual:2.6094379124341005
virtual:2.6094379124341005
realiti:2.6094379124341005
ttuesday:1.0
june:1.6931471805599454
22:1.0
1993:2.386294361119891
naval:1.6931471805599454
surfac:1.6931471805599454
warfar:1.6931471805599454
center:2.09861228866811
formerli:1.0
david:1.6931471805599454
taylor:1.6931471805599454
research:1.6931471805599454
maryland:2.09861228866811
sponsor:1.6931471805599454
ness:1.0
engin:1.0
softwar:1.0
system:1.0
one:2.09861228866811
day:1.0
purpos:1.0
exchang:1.0
inform:1.6931471805599454
relat:1.6931471805599454
program:1.0
develop:1.0
applic:1.0
solicit:1.0
aspect:1.0
current:1.0
work:2.09861228866811
progress:1.0
propos:1.0
consid:1.0
four:1.0
type:1.6931471805599454
avail:1.0
1:1.6931471805599454
regular:1.0
20:1.0
minut:1.6931471805599454
length:1.6931471805599454
2:1.0
short:1.0
10:1.0
3:1.0
video:1.0
stand:1.0
alon:1.0
videotap:1.6931471805599454
author:2.386294361119891
need:1.0
tattend:1.0
4:1.0
demonstr:1.0
byoh:1.0
accept:1.6931471805599454
publish:1.0
proceed:1.0
howev:1.0
viewgraph:1.0
materi:1.6931471805599454
reproduc:1.0
attende:1.0
abstract:1.6931471805599454
submit:1.0
page:1.0
code:1.6931471805599454
2042:1.6931471805599454
20084:1.6931471805599454
5000:1.6931471805599454
voic:1.0
301:2.386294361119891
227:2.386294361119891
3618:1.6931471805599454
fax:1.6931471805599454
5753:1.6931471805599454
e:1.0
mail:1.0
includ:1.0
affili:1.0
address:2.09861228866811
telephon:1.0
number:1.0
multi:1.0
paper:1.0
design:1.0
point:1.0
contact:1.6931471805599454
deadlin:1.6931471805599454
abstact:1.0
submiss:1.0
april:1.0
notif:1.0
sent:1.0
may:1.0
14:1.0
reproduct:1.0
must:1.0
receiv:1.0
plea:1.0
wide:1.0
possibl:1.0
thank:1.0
internet:1.0
model:1.0
basin:1.0
cdnswc:1.0
lip:1.0
ocean:1.0
comput:1.0
signatur:1.0
voicenet:1.0
structur:1.0
group:1.0
factsnet:1.0
phishnet:1.0
stock:1.0
long:1.0
leg:1.0
sixth:1.6931471805599454
sick:1.6931471805599454
shiek:1.0
sheep:1.0
