bjorndahl:2.386294361119891
augustana:2.386294361119891
ab:1.6931471805599454
ca:1.6931471805599454
subject:1.0
document:1.6931471805599454
rtf:1.6931471805599454
organ:1.0
univers:1.6931471805599454
colleg:1.6931471805599454
camros:2.09861228866811
alberta:1.6931471805599454
line:1.0
10:1.0
articl:1.0
1993mar30:1.0
113436:1.0
7339:1.0
worak:1.0
kaist:1.6931471805599454
ac:1.6931471805599454
kr:1.6931471805599454
tjyu:1.0
eve:1.0
yu:1.0
taijung:1.0
write:1.0
anybodi:1.0
file:1.0
know:1.0
get:1.0
thank:1.0
advanc:1.0
got:1.0
one:1.0
microsoft:1.0
tech:1.0
support:1.0
sterl:1.0
g:1.0
uucp:1.0
canada:1.0
403:1.0
679:1.0
1100:1.0
