down:2.6094379124341005
helio:1.6931471805599454
nevada:2.09861228866811
edu:2.09861228866811
lamont:1.6931471805599454
subject:1.0
window:2.791759469228055
gripe:1.0
articl:1.0
189:1.0
734061833:1.0
organ:1.0
unlv:1.0
line:1.0
19:1.0
nntp:1.0
post:1.0
host:1.0
cat:1.0
lv:1.0
lib:1.0
one:2.6094379124341005
thing:1.0
realli:1.0
frost:1.0
20mb:1.0
ram:1.0
instal:1.0
system:1.0
use:2.386294361119891
5mb:1.6931471805599454
2:1.0
disk:1.0
cach:1.0
4mb:1.0
perman:1.0
swap:1.0
file:1.0
never:1.0
fill:1.0
memori:2.09861228866811
still:1.6931471805599454
problem:1.0
sometim:1.0
run:2.09861228866811
gdi:1.0
resourc:2.6094379124341005
give:1.6931471805599454
think:1.0
could:1.0
manag:1.0
littl:1.0
better:1.0
3:2.791759469228055
0:1.6931471805599454
1:2.386294361119891
devot:1.0
twice:1.0
much:1.6931471805599454
le:1.0
frequent:1.0
might:1.0
monitor:1.0
come:1.0
kit:1.0
mani:1.0
sharewar:1.0
avail:1.0
see:1.0
program:1.6931471805599454
hog:1.0
everi:1.6931471805599454
icon:1.0
intern:1.0
graphic:1.0
brush:1.0
etc:1.0
certain:1.0
amount:1.0
limit:1.0
area:1.0
also:1.0
back:1.0
finish:1.0
