leo:1.6931471805599454
cae:1.0
wisc:1.0
edu:1.0
lim:1.0
subject:1.0
dos6:1.6931471805599454
doublespac:1.6931471805599454
stacker:1.6931471805599454
3:1.6931471805599454
0:1.6931471805599454
okay:1.6931471805599454
articl:1.0
doug:1.0
1993apr6:1.0
133257:1.0
14570:1.0
organ:1.0
colleg:1.0
engin:1.0
univ:1.0
wisconsin:1.0
madison:1.0
line:1.0
7:1.0
titl:1.0
suggest:1.0
havn:1.0
got:1.0
yet:1.0
heart:1.0
le:1.0
tight:1.0
disadvantag:1.0
advantag:1.0
comment:1.0
appreci:1.0
martin:1.0
