rick:1.0
sundanc:1.0
sjsu:1.0
edu:1.6931471805599454
richard:1.0
warner:1.0
subject:1.6931471805599454
winbench:3.1972245773362196
organ:1.0
san:1.0
jose:1.0
state:1.0
univers:1.0
math:1.0
c:1.0
dept:1.0
line:1.0
36:1.0
al:2.386294361119891
col:1.6931471805599454
hp:1.6931471805599454
com:2.09861228866811
devilbiss:1.6931471805599454
write:2.09861228866811
jorg:1.6931471805599454
erex:1.0
east:1.0
sun:1.6931471805599454
lach:1.0
bo:1.0
hardwar:1.0
ftp:1.6931471805599454
site:1.0
carri:1.0
result:1.6931471805599454
differ:1.6931471805599454
graphic:1.0
card:2.791759469228055
excel:1.0
xl:1.6931471805599454
format:1.6931471805599454
latest:1.6931471805599454
version:2.386294361119891
sourc:1.0
avail:1.0
anybodi:1.0
tri:1.6931471805599454
port:1.0
x:1.0
window:1.0
least:1.6931471805599454
way:1.0
make:1.6931471805599454
comparison:1.0
possibl:1.0
cica:1.0
indiana:1.0
pub:1.0
pc:1.6931471805599454
win3:1.0
misc:1.0
winadv:1.0
zip:1.0
writeup:1.0
steve:1.6931471805599454
gibson:1.6931471805599454
infoworld:1.6931471805599454
3:1.6931471805599454
11:1.6931471805599454
number:1.0
benchmark:2.386294361119891
nine:1.0
isa:1.0
four:1.0
vlb:1.0
video:1.0
current:1.6931471805599454
upload:1.0
like:1.0
give:1.0
seriou:1.0
consider:1.0
know:1.6931471805599454
ver:1.0
believ:1.0
maintain:1.0
rate:1.0
scale:1.0
new:1.6931471805599454
releas:1.0
defeat:1.0
lastest:1.0
code:1.0
trick:1.0
put:1.0
driver:1.6931471805599454
programm:1.0
beat:1.0
last:1.6931471805599454
one:2.09861228866811
consid:1.0
use:1.6931471805599454
test:1.6931471805599454
may:1.0
want:1.0
read:1.0
everyth:1.0
said:1.0
column:1.0
past:1.0
coupl:1.6931471805599454
month:1.0
short:1.0
virtual:1.0
everi:1.0
board:1.6931471805599454
manufactur:1.0
cheat:2.6094379124341005
thing:1.0
appear:1.0
faster:1.0
suit:1.0
score:1.0
bear:1.0
realiti:1.0
stack:1.0
real:1.0
world:1.0
task:1.0
magazin:1.0
acceler:1.0
admit:1.0
mani:1.0
interestingli:1.0
allow:1.6931471805599454
type:1.6931471805599454
behaviour:1.6931471805599454
cach:1.0
bitblt:1.0
oper:1.0
matter:1.0
unreal:1.0
yet:1.0
elimin:1.0
editor:1.0
choic:1.0
