mcglob:1.6931471805599454
usissc:1.6931471805599454
daytonoh:2.09861228866811
ncr:2.386294361119891
com:2.09861228866811
brian:2.09861228866811
mcgloin:2.09861228866811
subject:1.6931471805599454
dos6:1.0
defrag:1.6931471805599454
repli:1.0
organ:1.0
line:1.0
14:1.0
articl:1.0
1993apr5:1.0
060929:1.0
7806:1.0
sea:1.6931471805599454
gwu:1.6931471805599454
edu:1.6931471805599454
louray:1.0
michael:1.0
panayiotaki:1.0
write:1.0
well:1.0
saysit:1.0
do:1.0
6:1.0
defragment:1.0
ye:1.0
dblspace:1.6931471805599454
non:1.0
drive:1.0
believ:1.0
use:1.0
norton:1.0
speedisk:1.0
lift:1.0
glass:1.0
friend:1.0
mine:1.0
corp:1.0
rais:1.0
hand:1.0
usg:1.0
i:1.0
ol:1.0
england:1.0
stole:1.0
ireland:1.0
spent:1.0
miamisburg:1.0
oh:1.0
45342:1.0
outlaw:1.0
rappare:1.0
