gt4356c:1.0
prism:1.0
gatech:1.0
edu:1.0
jame:1.6931471805599454
dean:1.0
barwick:1.0
subject:1.0
permana:1.6931471805599454
swap:3.5649493574615367
file:3.9444389791664403
do:2.9459101490553135
6:1.6931471805599454
0:1.6931471805599454
dbldisk:1.0
distribut:1.0
git:1.0
organ:1.0
georgia:1.0
institut:1.0
technolog:1.0
line:1.0
58:1.0
comp:1.0
o:1.0
m:1.0
window:3.8903717578961645
misc:1.0
write:1.0
read:2.386294361119891
book:1.0
state:1.0
work:1.6931471805599454
correctli:1.0
place:1.0
compress:2.9459101490553135
drive:1.6931471805599454
make:1.0
thing:1.0
compat:1.0
remov:1.0
perman:1.6931471805599454
start:1.0
upgrad:1.0
howev:1.0
dust:1.0
settl:1.0
go:2.386294361119891
say:1.0
temporari:2.386294361119891
right:1.0
alway:1.0
directori:1.6931471805599454
question:1.0
come:1.0
ok:1.0
one:1.6931471805599454
might:1.0
want:1.0
look:1.0
faq:1.0
best:1.0
explan:1.0
guarante:1.0
way:1.0
base:1.0
permen:2.09861228866811
written:1.0
talk:1.0
directli:1.0
hard:1.6931471805599454
disk:3.772588722239781
control:1.6931471805599454
card:1.6931471805599454
must:2.386294361119891
use:3.302585092994046
protoc:1.0
set:1.0
western:1.0
digit:1.0
someth:1.6931471805599454
like:1.6931471805599454
creat:1.6931471805599454
call:2.09861228866811
spart:1.0
par:1.0
point:1.0
physic:1.6931471805599454
inform:2.09861228866811
index:1.0
actual:1.6931471805599454
logic:1.6931471805599454
differ:1.0
characterist:1.0
furthermor:1.0
uncompress:1.6931471805599454
e:1.6931471805599454
decompress:1.0
program:2.09861228866811
trap:1.0
oper:1.0
system:1.0
level:1.6931471805599454
bio:2.09861228866811
inbetween:1.0
direct:1.0
method:1.0
reserv:1.0
area:1.0
block:1.6931471805599454
space:2.386294361119891
would:1.0
theoret:1.0
even:1.0
access:2.386294361119891
know:1.0
check:2.09861228866811
somewher:1.0
everytim:1.0
boot:1.0
normal:1.0
via:1.0
tsr:1.6931471805599454
load:1.0
order:1.0
never:1.6931471805599454
sure:1.0
everyon:1.0
part:1.0
seen:1.0
messag:1.0
select:1.0
greater:1.0
suggest:2.386294361119891
size:2.09861228866811
wan:1.0
anyway:1.0
well:1.6931471805599454
friend:1.0
mine:1.0
robert:1.0
microsoft:1.0
ask:1.0
said:2.09861228866811
amount:1.0
free:1.6931471805599454
divid:1.0
number:1.6931471805599454
2:1.0
largest:1.0
contigu:1.0
smaller:1.0
two:1.0
also:1.0
absolut:1.0
circumst:1.0
none:1.0
larger:1.0
bull:1.0
true:1.0
report:1.0
memori:1.0
avail:1.0
taker:1.0
get:1.0
net:1.0
someon:1.0
post:1.0
thank:1.0
