organ:1.0
penn:1.6931471805599454
state:1.6931471805599454
univers:1.6931471805599454
dls128:2.09861228866811
psuvm:2.09861228866811
psu:1.6931471805599454
edu:1.6931471805599454
subject:1.0
fall:1.6931471805599454
comdex:1.6931471805599454
93:1.6931471805599454
line:1.0
8:1.0
anyon:1.6931471805599454
info:1.6931471805599454
come:1.0
ask:1.0
one:1.0
peer:1.0
get:1.0
might:1.0
avail:1.0
could:1.0
point:1.0
right:1.0
direct:1.0
help:1.0
would:1.0
appreci:1.0
dave:1.0
steven:1.0
train:1.0
multimedia:1.0
servic:1.0
