ajacob:1.0
nyx:1.0
c:1.6931471805599454
du:1.0
edu:1.0
andrew:1.0
jacob:1.6931471805599454
subject:1.0
use:1.0
microsoft:1.0
foundat:1.0
class:1.0
borland:1.0
3:1.0
1:1.6931471805599454
organ:1.0
univers:1.0
denver:1.0
dept:1.0
math:1.0
comp:1.0
sci:1.0
distribut:1.0
usa:1.0
line:1.0
7:1.0
thank:1.6931471805599454
info:1.0
assum:1.0
mfc:1.6931471805599454
0:1.6931471805599454
anyon:1.0
know:1.0
work:1.0
2:1.0
el:1.0
need:1.0
done:1.0
andi:1.0
