subject:1.0
postscript:1.0
view:1.0
do:1.6931471805599454
window:1.6931471805599454
hjstein:2.09861228866811
sunris:1.6931471805599454
huji:2.09861228866811
ac:2.09861228866811
il:2.09861228866811
harvey:1.6931471805599454
j:1.0
stein:1.6931471805599454
distribut:1.0
world:1.6931471805599454
organ:1.6931471805599454
home:1.0
staff:1.0
nntp:1.0
post:1.0
host:1.0
repli:1.0
paladin:1.0
std:1.0
com:1.0
messag:1.0
thu:1.0
8:1.0
apr:1.0
1993:1.0
21:1.0
40:1.0
44:1.0
gmt:1.0
line:1.0
6:1.0
use:1.0
version:2.6094379124341005
2:1.6931471805599454
5:1.0
ghostscript:1.0
quit:1.0
satisfi:1.0
actual:1.0
3:1.0
plain:1.0
386:1.0
math:1.0
