charl:2.6094379124341005
tinman:1.6931471805599454
dev:1.0
prodigi:2.386294361119891
com:1.0
subject:1.0
chang:1.6931471805599454
licens:1.0
data:1.0
window:1.0
3:1.0
1:1.0
nntp:1.0
post:1.0
host:1.0
organ:1.0
servic:1.6931471805599454
compani:1.0
white:1.6931471805599454
plain:1.6931471805599454
ny:1.6931471805599454
line:1.0
11:1.0
tri:1.0
instal:1.0
softwar:1.0
otherwis:1.0
would:2.09861228866811
dubiou:1.0
simpl:1.0
way:1.0
screen:1.0
design:1.0
embarass:1.0
pirat:1.0
emmon:1.0
trintex:1.6931471805599454
uucp:1.0
opinion:1.0
co:1.0
uunet:1.0
uu:1.0
net:1.0
mine:1.0
alon:1.0
unless:1.0
10601:1.0
voic:1.0
914:1.6931471805599454
993:1.6931471805599454
8856:1.0
like:1.0
id:1.0
kjrd82a:1.0
fax:1.0
8659:1.0
share:1.0
