fisk:2.6094379124341005
cvdv99:1.0
mayo:2.386294361119891
edu:2.791759469228055
tom:1.6931471805599454
2d:1.6931471805599454
337:1.6931471805599454
stm:1.6931471805599454
5:1.0
4341:1.6931471805599454
subject:1.0
ati:2.386294361119891
ultra:1.0
pro:1.0
driver:2.09861228866811
news:1.6931471805599454
softwar:1.0
vax:1.0
vm:1.0
vnew:1.0
1:1.0
41:1.0
repli:1.0
organ:1.0
univers:1.0
arizona:1.0
mi:1.0
depart:1.0
mosaic:1.0
group:1.0
line:1.0
20:1.0
articl:1.0
c5jldc:1.0
hl9:1.0
cso:1.6931471805599454
uiuc:1.6931471805599454
jrobert:1.0
ux4:1.0
robertson:1.0
write:1.0
anybodi:1.6931471805599454
know:1.6931471805599454
ftp:1.6931471805599454
site:1.0
latest:1.6931471805599454
window:1.6931471805599454
gup:1.0
thank:1.0
releas:1.6931471805599454
59:1.6931471805599454
found:1.0
cica:1.0
indiana:1.0
pub:1.0
pc:1.0
win3:1.0
directori:1.0
structur:1.0
pro59:1.0
zip:1.0
check:1.0
bb:1.0
last:1.0
nite:1.0
past:1.0
local:1.0
bu:1.0
card:1.0
notic:1.6931471805599454
get:1.6931471805599454
garbag:1.0
around:1.0
edg:1.0
move:1.0
el:1.0
also:1.0
thoma:1.0
b:1.0
internet:1.0
clinic:1.0
voic:1.0
507:1.6931471805599454
255:1.6931471805599454
200:1.0
first:1.0
street:1.0
sw:1.0
go:1.0
never:1.0
fax:1.0
5484:1.0
mail:1.0
stop:1.0
rochest:1.0
mn:1.0
55905:1.0
