chrisa:1.6931471805599454
hpwarr:1.6931471805599454
hp:1.0
com:1.0
chri:1.0
almi:1.0
subject:1.0
speedstar:1.6931471805599454
vga:1.6931471805599454
card:1.6931471805599454
win:1.0
driver:2.09861228866811
repli:1.0
uucp:1.0
keyword:1.0
video:1.0
line:1.0
6:1.0
tthese:1.0
updat:1.0
avail:1.0
directli:1.0
diamond:1.0
tthey:1.0
even:1.0
ship:1.0
charg:1.0
least:1.0
tdid:1.0
