gcook:1.6931471805599454
horu:2.09861228866811
cem:2.386294361119891
msu:2.6094379124341005
edu:2.9459101490553135
greg:1.0
cook:2.386294361119891
subject:1.0
word:1.0
2:1.0
0:1.0
help:1.6931471805599454
organ:1.0
michigan:1.6931471805599454
state:1.6931471805599454
univers:1.6931471805599454
line:1.0
12:1.0
nntp:1.0
post:1.0
host:1.0
articl:1.0
0096b11b:1.0
08a283a0:1.0
vm:1.6931471805599454
csd:1.6931471805599454
mu:1.6931471805599454
2a42dubinski:1.0
anyon:1.0
tell:1.0
print:1.0
spanish:1.0
charact:2.09861228866811
know:1.0
wp:1.0
5:1.0
1:1.0
built:1.0
recal:1.0
ever:1.0
see:1.6931471805599454
option:1.0
wfw2:1.0
tri:1.0
use:1.0
extend:1.0
set:1.0
alt:1.6931471805599454
sequenc:1.6931471805599454
look:1.0
map:1.0
accessori:1.0
group:1.0
font:1.0
want:1.0
gregori:1.0
r:1.0
internet:1.0
depart:1.0
chemistri:1.0
cookgreg:1.0
student:1.0
cemvax:1.0
east:1.0
lan:1.0
mi:1.0
48824:1.0
bitnet:1.6931471805599454
msucem:1.0
