colburn:2.386294361119891
caesar:1.6931471805599454
alex:2.09861228866811
subject:1.0
gui:1.0
applic:1.6931471805599454
framework:1.6931471805599454
window:1.6931471805599454
nntp:1.0
post:1.0
host:1.0
iaf:1.6931471805599454
uiowa:1.6931471805599454
edu:1.6931471805599454
organ:1.0
univers:1.6931471805599454
iowa:1.6931471805599454
imag:1.6931471805599454
analysi:1.6931471805599454
facil:1.6931471805599454
line:1.0
38:1.0
articl:1.0
1993apr12:1.0
154418:1.0
14463:1.0
cimlinc:2.09861228866811
uucp:1.6931471805599454
bharper:1.0
brett:1.6931471805599454
harper:1.6931471805599454
write:1.0
hello:1.0
investig:1.0
purchas:1.0
object:1.0
orient:1.0
come:1.0
across:1.0
look:1.0
good:1.0
zinc:1.0
platform:1.6931471805599454
independ:1.0
resourc:2.9459101490553135
strategi:1.0
import:1.6931471805599454
right:1.0
com:1.0
thought:1.0
use:2.791759469228055
multiplatform:1.0
toolkit:1.6931471805599454
check:1.6931471805599454
glockenspeil:1.0
commonview:1.6931471805599454
motif:2.6094379124341005
os2:1.6931471805599454
wrote:1.0
convert:1.6931471805599454
realli:1.0
easi:1.0
especi:1.0
name:1.6931471805599454
scheme:1.0
renam:1.0
control:1.0
widget:1.0
call:1.6931471805599454
ok:2.09861228866811
button:1.0
id:1.0
everi:1.0
instanc:1.0
work:1.0
dialog1:1.0
expect:1.6931471805599454
text:1.0
string:1.0
rather:1.0
number:1.0
constructor:1.0
know:1.0
defin:1.0
proper:1.0
identifi:1.0
intend:1.0
port:1.0
way:1.0
would:1.0
never:1.0
glockenspiel:1.0
anyth:1.0
tessa:1.0
