lam:2.386294361119891
mrcnext:1.0
cso:1.0
uiuc:1.0
edu:1.6931471805599454
ken:1.6931471805599454
subject:1.0
want:1.6931471805599454
address:2.386294361119891
symantec:2.09861228866811
repli:1.0
jove:1.0
cofc:1.0
organ:1.0
univers:1.6931471805599454
illinoi:1.0
urbana:1.0
line:1.0
27:1.0
dewint:1.6931471805599454
prl:1.6931471805599454
philip:2.09861228866811
nl:1.6931471805599454
rob:1.6931471805599454
de:1.6931471805599454
winter:1.6931471805599454
write:1.0
look:1.6931471805599454
exact:1.0
coporatoin:1.0
distribut:1.0
norton:1.6931471805599454
desktop:1.0
window:1.0
softwar:1.0
inform:1.0
mail:2.09861228866811
phone:1.0
number:1.6931471805599454
fax:1.6931471805599454
e:1.6931471805599454
tri:1.0
postmast:1.6931471805599454
com:1.6931471805599454
thank:1.0
advanc:1.0
noth:1.0
beat:1.0
ski:1.0
real:1.0
fun:1.0
holiday:1.0
research:1.0
ist:1.0
build:1.0
wl:1.0
1:1.0
p:1.0
box:1.0
80000:1.0
5600:1.0
ja:1.0
eindhoven:1.0
netherland:1.0
tel:1.0
31:1.0
40:1.0
743621:1.0
network:1.0
administr:1.0
charleston:1.0
dept:1.0
biolog:1.0
geolog:1.0
c:1.0
space:1.0
grant:1.0
consortium:1.0
803:1.6931471805599454
792:1.6931471805599454
4969:1.0
5446:1.0
