dkmiller:2.09861228866811
unixg:2.386294361119891
ubc:2.6094379124341005
ca:2.791759469228055
derek:1.6931471805599454
k:1.6931471805599454
miller:1.6931471805599454
subject:1.0
gateway:2.09861228866811
microsoft:1.6931471805599454
mail:2.791759469228055
workgroup:1.6931471805599454
via:2.09861228866811
9600:1.6931471805599454
modem:1.6931471805599454
organ:1.0
univers:2.09861228866811
british:1.6931471805599454
columbia:1.6931471805599454
vancouv:1.6931471805599454
b:1.6931471805599454
c:1.6931471805599454
canada:1.6931471805599454
line:1.0
25:1.0
distribut:1.0
world:1.0
nntp:1.0
post:1.0
host:1.0
student:1.6931471805599454
associ:1.0
run:1.0
small:1.0
novel:1.0
network:1.6931471805599454
subnetwork:1.0
window:1.0
director:1.0
financ:1.0
en:1.0
electr:1.0
engin:1.0
would:2.6094379124341005
like:1.6931471805599454
system:1.0
either:1.0
slip:1.0
thu:1.0
internet:1.0
least:1.0
exchang:1.0
e:1.0
possibl:1.0
also:1.0
ftp:1.6931471805599454
etc:1.0
done:1.0
bp:1.0
set:1.0
period:1.0
call:1.0
check:1.0
otherwis:1.0
connect:1.0
whenev:1.0
need:1.0
best:2.09861228866811
way:1.0
softwar:1.0
avail:1.0
work:1.0
plea:1.6931471805599454
repli:1.0
f:1.0
dleung:1.0
ee:1.0
cc:1.0
read:1.0
group:1.0
regularli:1.0
common:1.0
question:1.0
pot:1.0
faq:1.0
site:1.0
research:1.0
alma:1.0
mater:1.0
societi:1.0
thegrodd:1.0
tz:1.0
uc:1.0
sfu:1.0
room:1.0
230b:1.0
6138:1.0
sub:1.0
blvd:1.0
v6t:1.0
1z1:1.0
campu:1.0
zone:1.0
1:1.0
phone:1.0
604:1.6931471805599454
822:1.6931471805599454
6868:1.0
fax:1.0
9019:1.0
