huot:2.386294361119891
cray:2.386294361119891
com:2.09861228866811
tom:1.6931471805599454
subject:1.0
procomm:1.0
plu:1.6931471805599454
window:1.6931471805599454
problem:1.0
line:1.0
24:1.0
nntp:1.0
post:1.0
host:1.0
pittpa:1.0
organ:1.0
research:1.0
inc:1.0
x:1.0
newsread:1.0
tin:1.0
version:1.0
1:1.6931471805599454
pl8:1.0
robert:1.0
j:1.0
niland:1.0
rjn:1.0
teal:1.0
csn:1.0
org:1.0
wrote:1.0
much:1.0
text:1.6931471805599454
delet:1.6931471805599454
heard:1.0
sever:1.0
peopl:1.0
le:1.0
expens:1.0
f:1.0
card:1.6931471805599454
16550:1.6931471805599454
tsd:1.0
system:1.6931471805599454
407:1.0
331:1.0
9130:1.0
19:1.0
95:1.6931471805599454
9:1.0
per:1.0
vouch:1.0
one:1.0
order:1.0
got:1.0
34:1.0
includ:1.0
h:1.0
took:1.0
awhil:1.0
figur:1.0
get:2.09861228866811
work:1.0
sinc:1.0
terrif:1.0
result:1.0
download:1.6931471805599454
use:1.6931471805599454
pcplu:1.0
error:1.0
start:1.0
program:1.0
high:1.0
speed:1.0
anymor:1.0
