avinash:1.6931471805599454
silver:1.0
lc:1.0
mit:1.6931471805599454
edu:1.0
chopd:1.0
subject:1.0
truetyp:2.09861228866811
font:3.1972245773362196
display:2.09861228866811
print:2.6094379124341005
organ:1.0
laboratori:1.0
comput:1.0
scienc:1.0
distribut:1.0
na:1.0
line:1.0
18:1.0
instal:1.0
new:1.6931471805599454
m:1.0
window:2.386294361119891
3:1.0
1:1.0
though:1.0
applic:1.0
correctli:2.386294361119891
screen:2.09861228866811
quit:1.0
fail:1.0
document:1.6931471805599454
laserjet:1.6931471805599454
4:1.0
non:1.0
postscript:1.0
printer:2.09861228866811
use:1.6931471805599454
coreldraw:1.6931471805599454
assum:1.6931471805599454
know:1.6931471805599454
download:1.6931471805599454
accessori:1.0
write:1.6931471805599454
squar:1.0
box:1.0
place:1.0
charact:1.0
yet:1.0
look:1.0
manual:1.0
got:1.0
nowher:1.0
make:1.6931471805599454
statement:1.0
exactli:1.0
see:1.0
automat:1.0
appreci:1.0
help:1.0
