rcs1:1.0
crux3:1.6931471805599454
cit:1.6931471805599454
cornel:2.09861228866811
edu:1.6931471805599454
r:1.0
craig:1.6931471805599454
stevenson:1.6931471805599454
subject:1.0
w4w:1.0
print:2.9459101490553135
envelop:2.791759469228055
dj550c:1.0
500c:1.0
nntp:1.0
post:1.6931471805599454
host:1.0
organ:1.0
univers:1.0
line:1.0
19:1.0
got:1.0
probelm:1.0
deskjet:2.386294361119891
550c:1.0
word:1.0
window:1.0
histori:1.0
500:1.0
modifi:1.0
macro:1.0
would:1.0
disabl:1.0
revers:1.0
sinc:1.6931471805599454
seem:1.0
bug:1.6931471805599454
interf:1.0
still:1.6931471805599454
present:1.0
howev:1.6931471805599454
problem:1.0
550:1.6931471805599454
driver:1.0
came:1.0
printer:1.6931471805599454
bought:1.0
decemb:1.0
want:1.0
portrait:1.0
mode:1.6931471805599454
feed:1.0
narrow:1.0
end:1.6931471805599454
e:1.0
landscap:1.0
get:1.0
correct:1.0
orient:1.0
plea:2.09861228866811
net:1.6931471805599454
due:1.0
semest:1.0
cruch:1.0
keep:1.0
group:1.0
b:1.0
summar:1.0
best:1.0
answer:1.0
anyhow:1.0
thank:1.0
advanc:1.0
