spowel:1.6931471805599454
trentu:1.6931471805599454
ca:1.6931471805599454
stefan:1.6931471805599454
powel:1.6931471805599454
subject:1.0
cool:2.09861228866811
background:1.6931471805599454
pattern:2.386294361119891
news:1.0
softwar:1.0
vax:1.0
vm:1.0
vnew:1.0
1:1.6931471805599454
41:1.0
organ:1.0
trent:1.0
comput:1.0
telecommun:1.0
depart:1.0
line:1.6931471805599454
16:1.6931471805599454
3:1.0
made:1.0
edit:1.0
control:1.0
ini:1.0
add:1.0
follow:1.0
section:1.0
brick:1.0
148:1.6931471805599454
43:2.386294361119891
86:1.0
172:1.0
89:1.0
182:1.6931471805599454
99:1.6931471805599454
201:1.6931471805599454
tile:1.6931471805599454
85:2.791759469228055
255:1.6931471805599454
diagon:1.0
107:1.0
54:1.0
156:1.0
73:1.0
slat:1.0
0:1.0
170:2.09861228866811
make:1.0
sure:1.0
desktop:1.0
color:1.6931471805599454
one:1.6931471805599454
standard:1.0
might:1.0
work:1.0
like:1.0
dark:1.0
grey:1.0
best:1.0
plea:1.0
mail:1.0
peterborough:1.0
ontario:1.0
canada:1.0
