tomh:2.09861228866811
metric:2.6094379124341005
com:2.09861228866811
tom:2.09861228866811
haapanen:2.09861228866811
subject:1.0
hercul:2.791759469228055
graphit:3.0794415416798357
organ:1.0
softwar:2.09861228866811
inc:1.6931471805599454
line:1.0
56:1.0
write:2.09861228866811
anyon:1.0
use:2.386294361119891
adapt:2.386294361119891
look:1.0
good:1.6931471805599454
paper:1.0
steve:1.6931471805599454
gibson:2.09861228866811
gave:1.0
review:2.09861228866811
infoworld:1.0
love:1.0
get:2.6094379124341005
real:2.386294361119891
world:2.6094379124341005
impress:1.6931471805599454
though:1.6931471805599454
speed:1.0
driver:2.09861228866811
support:1.0
ntaib:1.0
silver:1.0
uc:1.0
indiana:1.0
edu:1.0
iskandar:1.0
taib:1.0
pc:2.09861228866811
found:1.0
herc:1.0
peopl:1.0
hard:1.0
code:1.0
winbench:2.386294361119891
text:1.0
clever:1.0
case:1.0
result:1.6931471805599454
pretti:1.0
much:2.09861228866811
inflat:1.0
two:1.6931471805599454
thing:1.6931471805599454
annoy:1.0
magazin:1.6931471805599454
1:1.0
benchmark:2.09861228866811
techniqu:1.0
serious:1.0
flaw:1.0
clearli:1.0
shown:1.0
9gxe:1.0
cheat:2.386294361119891
admit:1.0
easi:1.0
optim:1.6931471805599454
wintach:1.0
harder:1.0
beat:1.0
2:1.0
big:1.0
iit:1.0
overlappip:1.0
bitblit:1.6931471805599454
polylin:1.0
sent:1.0
new:1.0
produc:1.0
almost:1.0
ident:1.0
score:1.6931471805599454
yet:1.0
say:1.6931471805599454
legitim:1.0
least:1.0
make:1.6931471805599454
comment:1.0
perform:1.6931471805599454
go:1.0
rather:1.0
base:1.6931471805599454
like:1.0
micrografx:1.0
draw:1.6931471805599454
believ:1.0
despit:1.0
document:1.0
applic:1.0
actual:1.0
faster:1.6931471805599454
display:1.0
industri:1.0
even:1.6931471805599454
modest:1.0
isa:1.0
bu:1.6931471805599454
card:1.0
outperform:1.0
everi:1.0
local:1.0
includ:1.0
stealth:1.0
24:1.0
vlb:2.9459101490553135
fahrenheit:1.0
1280va:1.0
ati:2.386294361119891
mach32:1.0
weitek:1.0
p9000:1.0
diamond:1.0
viper:1.0
kind:1.0
prais:1.0
enough:1.0
interest:1.0
bogu:1.0
one:1.6931471805599454
send:1.0
mail:1.0
might:1.0
buy:1.6931471805599454
gu:2.6094379124341005
9:1.0
alreadi:1.0
return:1.6931471805599454
dealer:1.0
sold:1.0
eight:1.0
seven:1.0
temporarili:1.0
back:1.0
run:1.0
origin:1.0
ye:1.0
16:1.0
mb:1.0
system:1.0
especi:1.0
bitmap:1.0
handl:1.0
promot:1.0
avail:1.0
var:1.0
develop:1.0
50:1.0
list:1.0
tri:1.6931471805599454
199:1.0
249:1.0
version:1.0
decid:1.0
worth:1.0
suppos:1.0
board:1.0
within:1.0
week:1.0
post:1.0
waterloo:1.0
ont:1.0
stick:1.0
index:1.0
finger:1.0
corner:1.0
mouth:1.0
pull:1.0
corrado:1.0
feel:1.0
car:1.0
januari:1.0
93:1.0
