ob00:1.0
ns1:1.0
cc:1.0
lehigh:1.6931471805599454
edu:1.0
olcay:1.0
boz:1.0
subject:1.0
postscript:1.0
view:1.0
do:1.6931471805599454
window:2.09861228866811
organ:1.0
univers:1.0
line:1.0
21:1.0
find:1.0
m:1.0
version:2.791759469228055
ghostscript:1.6931471805599454
thank:1.0
articl:1.0
hjstein:2.09861228866811
93apr15145240:1.0
sunris:1.6931471805599454
huji:2.09861228866811
ac:2.09861228866811
il:1.6931471805599454
l:1.0
harvey:1.6931471805599454
j:1.0
stein:1.6931471805599454
write:1.0
use:1.0
2:1.6931471805599454
5:1.0
quit:1.0
satisfi:1.0
actual:1.0
3:1.0
plain:1.0
386:1.0
math:1.0
0:1.0
