kayman:2.386294361119891
csd:1.6931471805599454
3:2.09861228866811
stanford:2.6094379124341005
edu:2.386294361119891
robert:1.6931471805599454
subject:1.0
canon:2.09861228866811
bj200:1.6931471805599454
bubblejet:2.09861228866811
hp:1.6931471805599454
deskjet:2.09861228866811
500:2.09861228866811
origin:1.6931471805599454
keyword:1.0
printer:2.09861228866811
organ:1.0
comput:1.0
scienc:1.0
depart:1.0
univers:1.0
line:1.0
35:1.0
hello:1.0
fellow:1.0
netter:1.0
ask:1.0
collect:1.0
wisdom:1.0
help:1.0
decid:1.0
purchas:1.0
v:1.6931471805599454
thought:1.0
rather:1.0
trust:1.0
salesperson:1.6931471805599454
would:1.6931471805599454
benefit:1.6931471805599454
reli:1.0
use:1.6931471805599454
daili:1.0
fullest:1.0
potenti:1.0
figur:1.0
know:1.0
pitfal:1.0
better:2.09861228866811
greatli:1.0
appreci:1.6931471805599454
inform:1.0
could:1.0
render:1.0
360:1.0
dpi:1.6931471805599454
hewlett:1.0
packard:1.0
300:1.0
faster:1.0
notic:1.0
print:1.0
qualiti:1.0
differ:1.0
particularli:1.0
graphic:1.0
handl:1.0
larg:1.0
document:1.0
75:1.0
page:1.0
person:1.6931471805599454
experi:1.6931471805599454
either:1.6931471805599454
work:1.0
window:1.0
1:1.0
driver:1.0
problem:1.0
etc:1.6931471805599454
cost:1.0
memori:1.0
font:1.0
packag:1.0
toner:1.0
cartridg:1.0
basic:1.0
machin:1.0
highli:1.0
desir:1.0
good:1.0
bad:1.0
advanc:1.0
kudo:1.0
thank:1.0
input:1.0
e:1.6931471805599454
mail:1.6931471805599454
news:1.0
post:1.0
readili:1.0
accept:1.0
encourag:1.0
limit:1.0
bandwidth:1.0
sincer:1.0
tkayman:1.0
c:1.6931471805599454
cpa:1.0
theori:1.6931471805599454
practic:1.6931471805599454
mean:1.0
want:1.0
revis:2.6094379124341005
