claborn:1.6931471805599454
npg:1.0
sd:1.0
sandiegoca:1.0
ncr:1.6931471805599454
com:1.0
chri:1.0
subject:1.0
anyon:2.09861228866811
use:2.09861228866811
number:2.09861228866811
9:2.09861228866811
gxe:1.6931471805599454
video:2.386294361119891
card:1.6931471805599454
summari:1.0
keyword:1.0
adaptor:1.6931471805599454
hardwar:1.0
graphic:1.6931471805599454
distribut:1.0
world:1.0
organ:1.0
corp:1.0
network:1.0
product:1.0
san:1.0
diego:1.0
line:1.0
5:1.0
nine:1.0
window:1.6931471805599454
nt:1.0
think:1.0
2:1.0
c:1.0
