pwoodcoc:2.09861228866811
sm:2.09861228866811
busi:2.6094379124341005
uwo:2.386294361119891
ca:2.386294361119891
c:1.6931471805599454
patrick:1.6931471805599454
woodcock:1.6931471805599454
subject:1.0
page:2.6094379124341005
number:2.09861228866811
problem:2.386294361119891
wfw:1.6931471805599454
canon:1.6931471805599454
bj10e:1.6931471805599454
organ:1.0
univers:1.0
western:1.6931471805599454
ontario:1.6931471805599454
nntp:1.0
post:1.0
host:1.0
line:1.0
11:1.0
use:1.0
2:1.0
0c:1.0
printer:1.0
driver:1.0
come:1.0
window:1.0
3:1.0
1:1.0
unfortatun:1.0
print:1.6931471805599454
bottom:1.6931471805599454
top:1.0
anybodi:1.6931471805599454
similar:1.0
solut:1.0
thank:1.0
school:1.0
london:1.0
