ob00:1.0
ns1:1.0
cc:1.0
lehigh:1.6931471805599454
edu:2.791759469228055
olcay:1.0
boz:1.0
subject:1.0
make:1.6931471805599454
ghostscript:3.0794415416798357
work:1.6931471805599454
organ:1.0
univers:1.0
line:1.6931471805599454
40:1.0
need:2.386294361119891
gs252ini:1.0
zip:2.6094379124341005
24:1.0
25:1.0
font:1.0
file:2.791759469228055
get:2.386294361119891
wuarchiv:1.0
wustl:1.0
mirror:1.0
msdo:1.0
postscript:1.0
also:1.0
advic:1.0
gs252gui:1.0
cica:1.6931471805599454
nice:1.0
interfac:2.09861228866811
user:1.6931471805599454
unfriendli:1.0
friendli:1.0
use:2.09861228866811
vbrun100:1.0
dll:1.0
risc:1.0
ua:1.0
pub:1.0
network:1.0
misc:1.0
copi:1.6931471805599454
window:1.6931471805599454
directori:2.09861228866811
gui:1.6931471805599454
execut:1.0
anter:1.0
autoexec:1.0
bat:1.0
set:1.0
g:1.0
lib:1.0
c:1.0
readi:1.0
enjoy:1.0
articl:1.0
1993apr16:1.0
114432:1.0
1:1.6931471805599454
ulkyvx:2.09861228866811
louisvil:2.09861228866811
cl238405:1.6931471805599454
e:1.0
steve:1.6931471805599454
w:2.09861228866811
brewer:1.6931471805599454
write:1.0
download:2.09861228866811
2:1.6931471805599454
5:1.0
never:1.0
gs252win:1.0
unfortun:1.0
seem:1.0
want:1.0
run:1.0
3:1.0
m:1.0
do:1.0
386:1.0
pc:1.0
understand:1.0
version:1.0
environ:1.0
info:1.0
would:1.0
appeci:1.0
rewerb:1.0
evet:1.0
ude:1.0
ellivsiuol:1.0
xvyklu:1.0
504832lc:1.0
0:1.0
