tdarugar:1.6931471805599454
c:1.6931471805599454
ucsd:2.386294361119891
edu:2.386294361119891
toni:1.6931471805599454
darugar:1.0
subject:1.0
fahrenheit:2.386294361119891
1280:2.386294361119891
problem:2.386294361119891
help:2.09861228866811
organ:1.0
cse:1.0
dept:1.0
u:1.0
san:1.0
diego:1.0
line:2.386294361119891
37:1.0
nntp:1.0
post:1.0
host:1.0
tartaru:1.6931471805599454
hi:1.0
recent:1.0
bought:1.0
orchid:1.6931471805599454
real:1.0
nice:1.0
card:2.386294361119891
big:1.0
basic:1.0
vertic:1.6931471805599454
miss:1.0
display:1.0
window:2.09861228866811
someth:1.0
like:1.6931471805599454
everi:1.0
also:1.0
use:1.6931471805599454
do:1.0
gif:1.0
viewer:1.0
name:1.0
vpic:1.0
6:1.6931471805599454
0c:1.0
mode:1.0
swap:1.0
strang:1.0
look:1.0
vesa:1.0
standard:1.0
howev:1.0
work:1.6931471805599454
great:2.09861228866811
think:1.6931471805599454
512k:1.0
1mb:1.6931471805599454
contact:1.0
support:1.0
tri:1.6931471805599454
answer:1.0
sinc:1.0
friend:1.6931471805599454
comput:1.0
setup:1.6931471805599454
bio:1.6931471805599454
1:2.09861228866811
386:1.0
25:1.0
opti:1.0
chipset2:1.0
ami:1.0
1990:1.0
5mb:1.0
ram:1.0
maxtor:1.6931471805599454
120mb:1.0
harddriv:1.6931471805599454
slave:1.0
40mb:1.0
master:1.0
panason:1.0
c1381:1.0
monitor:1.6931471805599454
version:1.0
4:1.0
driver:1.0
3:1.0
take:1.0
memori:1.0
manag:1.0
etc:1.0
took:1.0
besid:1.0
disk:1.0
control:1.0
386sx:1.0
16:1.0
shamrock:1.0
anyon:1.0
seen:1.0
anyth:1.0
otherwis:1.0
plea:1.0
send:1.0
e:1.0
mail:1.0
ttdarugar:1.0
ebon:1.0
