chera:1.6931471805599454
bekker:2.791759469228055
tn:2.09861228866811
utwent:2.09861228866811
nl:2.09861228866811
subject:1.0
want:1.0
xterm:2.09861228866811
emul:1.6931471805599454
window:1.6931471805599454
3:1.6931471805599454
1:1.6931471805599454
keyword:1.0
repli:1.6931471805599454
organ:1.0
univers:1.6931471805599454
twent:1.6931471805599454
ensched:1.0
netherland:1.6931471805599454
line:1.0
14:1.0
hello:1.0
look:1.0
run:1.0
plea:1.0
via:1.0
e:1.6931471805599454
mail:1.6931471805599454
thank:1.0
h:1.0
g:1.0
faculti:1.0
appli:1.0
physic:1.0
voic:1.0
3153893107:1.0
fax:1.0
3153354003:1.0
