jvl:1.6931471805599454
idca:1.6931471805599454
td:1.6931471805599454
philip:1.6931471805599454
nl:1.6931471805599454
jan:1.6931471805599454
van:1.6931471805599454
loenen:2.09861228866811
subject:1.0
diamond:2.09861228866811
ss24x:1.0
win:1.0
3:1.0
1:1.0
mous:2.386294361119891
cursor:3.1972245773362196
line:2.09861228866811
47:1.0
dabl2:1.6931471805599454
nlm:2.09861228866811
nih:2.09861228866811
gov:2.09861228866811
b:1.6931471805599454
lindbergh:1.6931471805599454
write:2.09861228866811
articl:1.0
1993apr15:1.0
204845:1.0
24939:1.0
anybodi:1.0
seen:2.09861228866811
distort:1.0
run:1.6931471805599454
1024x768x256:1.6931471805599454
driver:3.0794415416798357
sorri:1.0
know:2.09861228866811
version:1.0
indic:1.0
menu:1.0
recent:1.0
deliv:1.0
gateway:2.09861228866811
system:1.6931471805599454
go:1.0
tri:1.0
latest:1.6931471805599454
bb:1.0
wonder:1.0
anyon:1.0
el:1.0
followup:1.0
co:1.0
worker:1.0
machin:1.6931471805599454
2:1.6931471805599454
03:1.0
happen:1.0
use:1.0
sometim:1.0
take:1.0
minut:1.0
wig:1.0
eventu:1.0
mode:2.9459101490553135
susect:1.0
someth:1.6931471805599454
step:1.0
memori:1.0
video:1.0
card:2.09861228866811
want:1.0
exclud:1.0
a000:1.0
c7ff:1.0
emm386:1.0
ini:1.0
problem:2.9459101490553135
persist:1.0
perhap:1.6931471805599454
specif:1.0
compon:1.0
66mhz:1.0
dx:1.0
eisa:1.0
bu:1.0
ultrastor:1.0
24xx:1.0
control:1.0
ah:1.0
well:1.0
hope:1.0
kind:1.0
known:1.0
somebodi:1.0
call:1.0
order:1.0
find:1.0
folk:1.0
usual:1.0
far:1.0
sever:1.0
applic:1.6931471805599454
crash:1.0
move:1.6931471805599454
vga:1.0
fix:2.09861228866811
remov:2.6094379124341005
stack:1.6931471805599454
0:1.6931471805599454
config:1.0
sy:1.0
default:1.0
valu:1.0
9:1.0
256:2.09861228866811
fine:1.0
random:1.0
white:1.0
pixel:1.0
screen:1.0
color:1.6931471805599454
graphic:1.6931471805599454
hardwar:2.791759469228055
turn:1.0
scroll:1.6931471805599454
24xmode:1.0
scrolloff:1.0
enter:1.0
also:1.0
window:2.386294361119891
do:1.0
box:1.0
enabl:1.0
garbag:1.0
outsid:1.0
screensav:1.0
clearli:1.0
two:1.0
type:1.0
function:1.0
draw:1.0
ignor:1.0
uncondit:1.0
vesa:1.6931471805599454
support:1.0
640x480x16m:1.0
truecolor:1.0
univers:1.0
disclaim:1.0
unless:1.0
otherwis:1.0
state:1.0
comment:1.0
entir:1.0
digit:1.0
equip:1.0
corpor:1.0
hlde01:1.0
j:1.0
