rudim:1.0
c:1.6931471805599454
kuleuven:1.6931471805599454
ac:1.6931471805599454
rudi:1.6931471805599454
maelbranck:1.0
subject:1.0
emm386:2.386294361119891
exe:2.09861228866811
window:2.386294361119891
dos6:1.6931471805599454
nntp:1.0
post:1.0
host:1.0
piaget:1.0
organ:1.0
dept:1.0
computerwetenschappen:1.0
line:1.0
17:1.0
creat:1.0
perman:1.0
swap:1.6931471805599454
file:1.6931471805599454
7771kb:1.0
win3:1.6931471805599454
1:1.6931471805599454
recommend:1.6931471805599454
32bit:1.0
access:1.0
use:2.09861228866811
startup:1.0
6689k:1.0
memori:2.386294361119891
free:1.6931471805599454
leav:1.0
config:1.0
sy:1.0
9935k:1.0
11769k:1.0
memmak:1.0
4mb:1.0
intern:1.0
486dx:1.0
anybodi:1.0
know:1.0
happen:1.0
possibl:1.0
win:1.0
need:1.6931471805599454
umb:1.6931471805599454
manag:1.0
virtual:1.0
true:1.0
find:1.0
without:1.0
includ:1.0
suspici:1.0
part:1.0
optim:1.0
do:1.6931471805599454
environ:1.6931471805599454
develop:1.0
applic:1.0
program:1.0
