kmembri:2.09861228866811
viamar:2.09861228866811
uucp:1.0
kirk:1.6931471805599454
membri:1.6931471805599454
subject:1.0
move:1.6931471805599454
icon:1.6931471805599454
repli:1.0
rutger:1.6931471805599454
organ:1.0
privat:1.0
system:1.0
line:1.0
9:1.0
rememb:1.0
read:1.0
program:1.6931471805599454
made:1.0
window:1.0
run:1.0
away:1.0
mous:1.0
near:1.0
anyon:1.0
know:1.0
name:1.0
ftp:1.0
locat:1.0
probabl:1.0
cica:1.0
age:1.6931471805599454
industri:1.0
alexand:1.0
rodchenko:1.0
