kmembri:2.09861228866811
viamar:2.09861228866811
uucp:1.0
kirk:1.6931471805599454
membri:1.6931471805599454
subject:1.0
pixel:1.6931471805599454
font:2.09861228866811
repli:1.0
rutger:1.6931471805599454
organ:1.0
privat:1.0
system:1.0
line:1.0
9:1.0
look:1.6931471805599454
like:1.0
monitor:1.0
lcd:1.0
kind:1.0
though:1.0
anyon:1.0
know:1.0
get:1.0
one:1.0
age:1.6931471805599454
industri:1.0
alexand:1.0
rodchenko:1.0
