clintp:1.6931471805599454
world:1.6931471805599454
std:1.6931471805599454
com:1.6931471805599454
clinton:1.6931471805599454
pierc:1.6931471805599454
subject:1.0
need:1.6931471805599454
help:1.0
set:1.6931471805599454
pif:2.386294361119891
game:2.09861228866811
summari:1.0
seem:1.0
get:2.09861228866811
right:1.6931471805599454
thing:1.6931471805599454
keyword:1.0
window:2.386294361119891
organ:1.0
versyss:1.0
incorpor:1.0
westwood:1.0
line:1.0
29:1.0
hi:1.0
like:1.0
run:2.386294361119891
3:1.0
1:1.0
adjust:1.0
exampl:1.0
wing:2.09861228866811
command:2.09861228866811
do:1.0
prompt:2.09861228866811
620k:1.0
avail:1.0
program:1.0
enough:1.0
wc:2.09861228866811
build:1.0
give:1.0
coupl:1.6931471805599454
meg:1.0
extend:1.6931471805599454
memori:2.09861228866811
etc:2.09861228866811
load:1.0
messag:1.0
use:1.0
screen:1.6931471805599454
goe:1.6931471805599454
black:1.6931471805599454
open:1.6931471805599454
scene:1.0
orchestra:1.0
would:1.0
appear:1.0
also:1.0
pool:1.0
almost:1.0
kind:1.0
video:1.0
driver:1.0
cga:1.0
ega:1.6931471805599454
respond:1.6931471805599454
ctrl:1.0
alt:1.0
del:1.0
back:1.0
anyon:1.6931471805599454
problem:1.0
describ:1.0
fix:1.0
rest:1.0
setup:1.0
t400mb:1.0
disk:1.0
free:1.6931471805599454
8mb:1.0
5:1.0
win:1.0
session:1.0
386dx:1.0
25:1.0
e:1.0
mail:1.6931471805599454
el:1.0
info:1.0
send:1.0
day:1.0
forward:1.0
repli:1.0
cartesian:1.0
bear:1.6931471805599454
polar:1.0
coordin:1.0
transform:1.0
