kolodzi:2.386294361119891
uni:1.6931471805599454
duesseldorf:2.386294361119891
de:1.6931471805599454
stefan:2.09861228866811
subject:1.0
winword:1.6931471805599454
quattro:1.6931471805599454
pro:1.6931471805599454
problem:1.0
notebook:1.6931471805599454
organ:1.0
psychologisch:1.0
institut:1.6931471805599454
heinrich:1.6931471805599454
hein:1.6931471805599454
universitaet:1.0
line:1.0
19:1.0
nntp:1.0
post:1.0
host:1.0
134:1.0
99:1.0
100:1.0
6:1.0
hello:1.0
386sx25:1.0
window:1.6931471805599454
3:1.0
1:1.0
run:1.0
fine:1.6931471805599454
2:1.0
0:1.0
also:1.0
work:2.09861228866811
virtual:2.09861228866811
memori:2.09861228866811
use:1.0
switch:1.0
option:1.0
program:1.6931471805599454
probabl:1.0
other:1.0
system:1.0
crash:1.0
well:1.0
arbitrari:1.0
two:1.0
desktop:1.0
pc:1.0
wrong:1.0
help:1.0
plea:1.0
mail:1.6931471805599454
directli:1.0
possibl:1.0
thank:1.0
much:1.0
advanc:1.0
k:1.0
univers:1.0
gener:1.0
psycholog:1.0
germani:1.0
e:1.0
ze8:1.0
rz:1.0
