ffritz:1.6931471805599454
hpwad:1.0
wad:1.6931471805599454
hp:1.6931471805599454
com:2.09861228866811
fromut:1.6931471805599454
fritz:1.6931471805599454
subject:1.0
anyon:1.0
know:2.386294361119891
stacker:1.6931471805599454
email:1.6931471805599454
address:2.6094379124341005
organ:1.0
hewlett:1.6931471805599454
packard:1.6931471805599454
waldbronn:2.09861228866811
germani:2.09861228866811
line:1.0
15:1.0
anybodi:1.0
e:1.6931471805599454
mail:1.6931471805599454
bb:1.0
someth:1.0
compuserv:2.09861228866811
hope:1.0
someon:1.0
john:1.0
white:1.0
stac:1.0
electron:1.0
reach:1.0
72370:1.6931471805599454
1005:1.6931471805599454
would:1.0
work:1.0
internet:1.6931471805599454
hpwbe007:1.0
phone:1.0
7243:1.0
602296:1.0
analyt:1.0
divis:1.0
r:1.0
str:1.0
7517:1.0
2:1.0
