ffritz:1.6931471805599454
hpwad:1.0
wad:1.6931471805599454
hp:1.6931471805599454
com:1.6931471805599454
fromut:1.6931471805599454
fritz:1.6931471805599454
subject:1.0
need:1.0
help:1.0
write:1.0
m:1.0
excel:1.0
macro:1.0
organ:1.0
hewlett:1.6931471805599454
packard:1.6931471805599454
waldbronn:2.09861228866811
germani:2.09861228866811
line:1.0
20:1.0
student:1.0
begin:1.6931471805599454
lowest:2.386294361119891
score:3.0794415416798357
found:2.386294361119891
max:1.0
possibl:1.0
valu:1.0
1:1.0
number:1.0
assign:1.0
end:1.6931471805599454
total:1.0
sum:2.09861228866811
simpli:1.0
use:1.6931471805599454
min:1.0
subtract:1.0
internet:1.0
hpwbe007:1.0
phone:1.0
7243:1.0
602296:1.0
address:1.0
analyt:1.0
divis:1.0
r:1.0
str:1.0
7517:1.0
2:1.0
