ale:1.0
mnemosyn:1.0
c:1.0
du:1.0
edu:1.0
alec:1.6931471805599454
lee:1.6931471805599454
subject:1.0
window:1.0
speaker:1.6931471805599454
sound:2.09861228866811
driver:2.09861228866811
summari:1.0
ftp:1.6931471805599454
organ:1.0
univers:1.0
denver:1.0
dept:1.0
math:1.0
comp:1.0
sci:1.0
line:1.0
7:1.0
site:1.0
get:1.0
m:1.0
exe:1.0
file:1.6931471805599454
claim:1.0
suspici:1.0
sinc:1.0
drv:1.0
thank:1.0
