claebaur:2.09861228866811
shell:1.6931471805599454
portal:2.386294361119891
com:2.09861228866811
toni:1.6931471805599454
anne:1.6931471805599454
subject:1.0
window:1.0
speaker:1.6931471805599454
sound:2.09861228866811
driver:2.09861228866811
nntp:1.0
post:1.0
host:1.0
jobe:1.0
organ:1.0
commun:1.0
compani:1.0
408:1.6931471805599454
973:1.6931471805599454
9111:1.0
voic:1.0
8091:1.0
data:1.0
line:1.0
11:1.0
articl:1.0
1993apr19:1.0
235430:1.0
6097:1.0
mnemosyn:1.6931471805599454
c:1.6931471805599454
du:1.6931471805599454
edu:1.6931471805599454
ale:1.0
alec:1.0
lee:1.0
write:1.0
ftp:1.0
site:1.0
get:1.0
m:1.0
exe:1.0
file:2.09861228866811
claim:1.0
suspici:1.0
sinc:1.0
drv:1.0
that:1.0
cup:1.0
