begolej:1.0
csgrad:1.6931471805599454
c:1.6931471805599454
vt:1.6931471805599454
edu:1.6931471805599454
jame:1.6931471805599454
begol:1.6931471805599454
subject:1.0
wincmd:1.6931471805599454
troubl:1.6931471805599454
string:1.6931471805599454
variabl:2.09861228866811
organ:1.0
vpi:1.0
su:1.0
comput:1.0
scienc:1.0
depart:1.0
blacksburg:1.0
va:1.0
line:1.0
19:1.0
anyon:1.0
el:1.0
play:1.0
util:1.0
pc:1.0
magazin:1.0
concaten:1.6931471805599454
togeth:1.0
need:1.0
help:1.6931471805599454
exampl:1.0
temp:1.6931471805599454
path:1.0
temp2:1.6931471805599454
file:1.6931471805599454
ext:1.6931471805599454
fullpath:2.6094379124341005
say:1.6931471805599454
output:2.09861228866811
th:1.0
h:1.0
seem:1.0
drop:1.0
first:1.0
charact:1.0
memori:1.6931471805599454
mayb:1.0
20:1.0
total:1.0
articl:1.0
mention:1.0
limit:1.0
email:1.0
idea:1.0
would:1.0
like:1.0
see:1.0
actual:1.0
sourc:1.0
thank:1.0
bo:1.6931471805599454
tbegolej:1.0
