sebastian:2.09861228866811
beer:2.09861228866811
lippebox:1.0
fido:1.0
de:1.0
subject:1.0
diamond:2.386294361119891
ss24x:2.09861228866811
win:1.6931471805599454
3:1.6931471805599454
1:1.6931471805599454
mous:2.386294361119891
cursor:2.386294361119891
x:1.6931471805599454
comment:1.0
b:1.6931471805599454
lindbergh:1.6931471805599454
organ:1.0
line:1.0
20:1.0
gateway:1.6931471805599454
fidog:1.0
2:1.6931471805599454
4:1.0
meint:1.0
15:1.0
04:1.0
93:1.6931471805599454
zum:1.0
thema:1.0
da:2.386294361119891
anybodi:1.0
seen:1.6931471805599454
distort:1.0
run:1.0
1024x768x256:1.0
driver:2.6094379124341005
sorri:1.0
know:1.0
version:1.0
indic:1.0
menu:1.0
recent:1.0
deliv:1.0
system:1.0
go:1.0
tri:1.0
latest:1.0
bb:1.0
wonder:1.0
anyon:1.0
el:1.0
use:1.0
bio:1.0
03:1.0
13:1.0
januar:1.0
never:1.0
problem:1.0
alreadi:1.0
newer:1.0
publish:1.0
greet:1.0
gim:1.0
gummi:1.0
lass:1.0
die:1.0
sau:1.0
rau:1.0
