mveraart:1.0
fel:1.6931471805599454
tno:2.386294361119891
nl:1.6931471805599454
mario:2.09861228866811
veraart:1.6931471805599454
subject:1.0
window:2.6094379124341005
help:2.791759469228055
organ:1.0
physic:1.6931471805599454
electron:1.6931471805599454
laboratori:1.6931471805599454
line:2.09861228866811
31:1.0
umyin:1.6931471805599454
ccu:1.6931471805599454
umanitoba:1.6931471805599454
ca:1.6931471805599454
qing:1.0
yin:1.6931471805599454
write:1.6931471805599454
hi:1.6931471805599454
easi:1.0
question:1.0
guru:1.0
appreci:1.0
need:1.6931471805599454
applic:2.09861228866811
softwar:1.0
develop:1.6931471805599454
toolkit:1.0
yet:1.0
sinc:1.0
want:1.0
build:1.6931471805599454
hlp:1.6931471805599454
file:2.6094379124341005
around:1.0
engin:1.0
hope:1.0
complic:1.6931471805599454
anyway:1.0
could:1.0
someon:1.0
kindli:1.0
give:1.0
hint:1.0
take:1.0
100:1.0
page:1.0
explain:1.0
would:1.6931471805599454
point:1.0
vincent:1.0
q:1.0
must:1.0
sdk:1.0
sort:1.0
contain:1.0
hc:1.0
exe:1.6931471805599454
hc31:1.0
compil:1.0
gener:1.6931471805599454
rtf:1.6931471805599454
wordprocessor:1.0
like:1.0
word:1.0
do:1.0
w4w:1.0
solut:1.0
specif:1.0
email:1.0
rioj7:1.0
hagu:1.0
netherland:1.0
el:1.0
fail:1.0
show:1.0
pretti:1.0
pictur:1.0
anim:1.0
video:1.0
talk:1.0
perform:1.0
david:1.0
bailey:1.0
