fl2g:1.6931471805599454
gandalf:1.6931471805599454
fl:2.09861228866811
b:2.09861228866811
dlr:2.6094379124341005
de:2.09861228866811
reiner:1.6931471805599454
suikat:1.6931471805599454
subject:1.0
truetyp:1.6931471805599454
font:2.09861228866811
mix:1.0
time:2.09861228866811
cyril:2.6094379124341005
organ:1.0
insitut:1.0
flight:1.6931471805599454
guidanc:1.6931471805599454
line:2.09861228866811
13:1.0
nntp:1.0
post:1.0
host:1.0
frodo:1.0
hi:1.0
problem:1.6931471805599454
window:2.09861228866811
3:1.0
1:1.6931471805599454
instal:1.0
found:1.0
cica:1.0
strang:1.0
thing:1.0
happen:1.0
sometim:1.0
use:1.6931471805599454
suppos:1.0
roman:1.0
exampl:1.0
pc:1.0
tool:1.0
backup:1.0
version:1.0
7:1.0
one:1.0
text:1.6931471805599454
open:1.0
banner:1.0
next:1.0
last:1.0
import:1.0
word:1.0
written:1.0
wp5:1.0
2:1.0
also:1.0
result:1.0
anyon:1.0
idea:1.0
look:1.0
thank:1.0
institut:1.0
german:1.0
aerospac:1.0
research:1.0
establish:1.0
