subject:1.0
quicken:2.386294361119891
6:1.6931471805599454
v:1.0
tobia:1.6931471805599454
manag:1.6931471805599454
money:1.6931471805599454
organ:1.0
purdu:1.0
univers:1.0
line:1.0
27:1.0
articl:1.0
1993apr20:1.0
040449:1.0
19649:1.0
twg:1.6931471805599454
com:1.6931471805599454
q:1.0
michael:1.0
wiesenberg:1.0
wrote:1.0
got:1.0
copi:1.0
v9:1.0
0:1.0
wonder:1.0
thing:1.0
mym:1.6931471805599454
seem:1.6931471805599454
featur:1.6931471805599454
q6:2.09861228866811
exampl:1.6931471805599454
abl:1.0
handl:1.0
monthli:2.386294361119891
automat:1.6931471805599454
deduct:1.6931471805599454
check:1.6931471805599454
account:1.6931471805599454
know:1.0
payment:2.09861228866811
get:1.0
electron:1.0
everi:1.0
month:2.09861228866811
someth:1.0
right:1.0
actual:1.0
hi:1.0
never:1.0
use:2.6094379124341005
help:1.6931471805599454
comparison:1.0
two:1.0
product:1.0
howev:1.0
devot:1.0
user:1.0
tell:1.0
set:1.0
weekli:1.0
quarterli:1.6931471805599454
yearli:1.0
transact:3.0794415416798357
first:1.0
memor:1.6931471805599454
ctrl:1.0
record:1.0
recur:1.0
next:1.0
defin:1.0
group:2.386294361119891
specifi:1.0
frequenc:1.0
e:1.0
make:1.0
recal:1.0
individu:1.0
enter:1.0
addit:1.0
bill:1.0
minder:1.0
remind:1.0
due:1.0
could:1.0
three:1.0
one:1.6931471805599454
begin:1.0
middl:1.0
hope:1.0
mike:1.0
