slc:2.09861228866811
a2:1.0
cim:1.6931471805599454
cdc:2.09861228866811
com:2.09861228866811
steve:1.6931471805599454
chesney:1.6931471805599454
x4662:1.0
subject:1.0
diamond:1.0
speedstar:2.09861228866811
24x:1.6931471805599454
driver:1.6931471805599454
bug:1.0
repli:1.0
organ:1.0
metaphas:1.6931471805599454
technolog:1.6931471805599454
inc:1.6931471805599454
keyword:1.0
line:1.6931471805599454
23:1.0
sinc:1.0
swap:1.0
gener:1.0
vga:1.0
card:1.6931471805599454
diamod:1.0
notic:1.0
two:1.0
new:1.0
problem:1.6931471805599454
creat:1.0
window:2.09861228866811
m:1.0
do:2.09861228866811
session:1.0
386:1.0
mode:1.0
text:1.0
start:1.6931471805599454
scroll:1.0
rather:1.0
print:1.6931471805599454
charact:1.6931471805599454
horizont:1.0
spill:1.0
desktop:2.09861228866811
trash:1.0
entir:1.0
display:1.6931471805599454
ctrl:1.0
alt:1.0
del:1.0
termin:1.0
restor:1.6931471805599454
short:1.0
time:1.0
ncd:1.0
pc:1.0
x:1.0
remot:1.0
chang:1.0
unread:1.0
unabl:1.0
without:1.0
reboot:1.0
256:1.0
16:1.0
color:1.0
800x600:1.0
larg:1.0
small:1.0
font:1.0
5:1.0
win:1.0
3:1.0
1:1.0
emm386:1.0
smartdrv:1.0
instal:1.0
like:1.0
speed:1.0
idea:1.0
thank:1.0
catherin:1.0
612:1.6931471805599454
482:1.6931471805599454
4662:1.0
voic:1.0
4233:1.0
north:1.0
lexington:1.0
avenu:1.0
4001:1.0
fax:1.0
arden:1.0
hill:1.0
mn:1.0
55126:1.0
