acifu:1.0
isluga:2.09861228866811
puc:2.09861228866811
cl:2.09861228866811
alejandro:1.0
cifuent:1.6931471805599454
subject:1.0
q:1.0
chang:1.6931471805599454
icon:1.6931471805599454
forev:1.6931471805599454
nntp:1.0
post:1.0
host:1.0
organ:1.0
pontificia:1.0
universidad:1.0
catolica:1.0
de:1.0
chile:1.0
x:1.0
newsread:1.0
tin:1.0
1:1.6931471805599454
pl5:1.0
line:1.0
8:1.0
hi:1.0
tanyon:1.0
know:1.0
ever:1.0
ti:1.0
mean:1.0
program:1.0
manag:1.0
tthank:1.0
advanc:1.0
talejandro:1.0
h:1.0
tacifu:1.0
