aew:2.386294361119891
eosvcr:2.386294361119891
wimsey:2.386294361119891
bc:2.386294361119891
ca:2.386294361119891
alan:1.6931471805599454
walford:1.6931471805599454
subject:1.0
ati:1.6931471805599454
ultra:1.6931471805599454
pro:1.6931471805599454
confirm:1.6931471805599454
repli:1.0
organ:1.0
eo:1.6931471805599454
system:2.386294361119891
inc:1.6931471805599454
vancouv:1.6931471805599454
b:1.6931471805599454
c:1.6931471805599454
canada:1.6931471805599454
line:1.0
25:1.0
heard:1.0
mani:1.6931471805599454
thing:1.6931471805599454
card:2.9459101490553135
posit:1.0
neg:1.0
could:1.0
peopl:1.0
plea:1.0
interest:1.0
eisa:1.0
version:1.0
particular:1.0
1:1.0
work:2.09861228866811
32m:1.6931471805599454
ram:1.0
2:1.0
switch:1.0
set:1.0
much:1.0
slower:1.0
3:1.0
interlac:1.0
24bit:1.0
true:1.0
colour:1.6931471805599454
mode:1.0
4:1.0
latest:1.0
build:1.0
59:1.0
driver:1.0
still:1.0
case:1.0
5:1.0
fastest:1.0
full:1.0
money:1.0
6:1.0
greatest:1.0
sinc:1.0
slice:1.0
bread:1.0
thank:1.0
feedback:1.0
summar:1.0
al:1.0
tel:1.0
604:1.0
734:1.0
8655:1.0
uunet:1.0
