dcoleman:2.6094379124341005
utxvm:2.386294361119891
cc:2.386294361119891
utexa:2.386294361119891
edu:2.791759469228055
daniel:1.6931471805599454
coleman:1.6931471805599454
subject:1.6931471805599454
mathcad:2.386294361119891
4:2.6094379124341005
0:2.09861228866811
swap:2.09861228866811
file:2.09861228866811
line:1.6931471805599454
28:1.6931471805599454
nntp:1.0
post:1.0
host:1.0
blond:1.0
organ:1.0
univers:1.6931471805599454
texa:1.6931471805599454
austin:1.6931471805599454
articl:1.0
1993apr20:1.0
175608:1.0
23949:1.0
ncar:1.0
ucar:1.6931471805599454
basebal:1.0
catch:1.0
fever:1.0
scd:1.0
gregg:1.0
walter:1.0
write:1.0
16mb:1.0
memori:2.386294361119891
386sx:1.0
run:1.6931471805599454
window:1.0
without:1.0
sever:1.0
month:1.0
happi:1.0
insist:1.0
got:1.0
manual:1.0
clear:1.0
matter:1.0
page:1.0
8:2.09861228866811
least:1.6931471805599454
megabyt:1.6931471805599454
640k:1.0
configur:1.0
xm:1.0
virtual:1.0
common:1.6931471805599454
sen:1.6931471805599454
suggest:1.0
abl:1.0
12:1.0
16:1.0
new:1.0
kinda:1.0
kooki:1.0
thu:1.0
law:1.0
dan:1.0
matthew:1.0
internet:1.0
ccwf:1.0
decnet:1.0
electr:1.0
comput:1.0
engin:1.0
bitnet:1.6931471805599454
