pmw0:1.6931471805599454
ns1:1.0
cc:1.0
lehigh:2.09861228866811
edu:1.6931471805599454
phillip:1.0
michael:1.0
william:1.0
subject:1.0
x:1.6931471805599454
window:2.386294361119891
organ:1.0
univers:1.0
line:1.0
7:1.0
server:1.0
run:1.0
m:1.0
know:1.0
deskview:1.0
seen:1.0
action:1.0
other:1.0
thank:1.0
advanc:1.0
phil:1.0
