pcarmack:1.6931471805599454
gimp:1.0
kpc:1.6931471805599454
com:1.6931471805599454
phil:1.6931471805599454
carmack:1.6931471805599454
subject:1.0
ati:3.0794415416798357
ultra:2.09861228866811
pro:1.6931471805599454
driver:2.09861228866811
bad:1.0
organ:1.0
kubota:1.6931471805599454
pacif:1.6931471805599454
comput:1.6931471805599454
line:1.0
39:1.0
articl:1.6931471805599454
15apr199321275870:1.0
cvdv99:1.6931471805599454
mayo:2.386294361119891
edu:2.791759469228055
fisk:2.386294361119891
tom:1.6931471805599454
2d:1.6931471805599454
337:1.6931471805599454
stm:1.6931471805599454
5:1.0
4341:1.6931471805599454
write:1.6931471805599454
c5jldc:1.0
hl9:1.0
news:1.0
cso:1.6931471805599454
uiuc:1.6931471805599454
jrobert:1.0
ux4:1.0
robertson:1.0
anybodi:1.6931471805599454
know:1.6931471805599454
ftp:1.6931471805599454
site:1.0
latest:1.6931471805599454
window:1.6931471805599454
gup:1.0
thank:1.0
releas:1.6931471805599454
59:1.6931471805599454
found:1.0
cica:1.0
indiana:1.0
pub:1.0
pc:1.0
win3:1.0
directori:1.0
structur:1.0
pro59:1.0
zip:1.0
check:1.6931471805599454
bb:1.0
last:1.0
nite:1.0
past:1.0
local:2.09861228866811
bu:2.09861228866811
card:2.791759469228055
notic:1.6931471805599454
get:2.09861228866811
garbag:1.0
around:1.0
edg:1.0
move:1.0
el:1.0
also:1.6931471805599454
problem:2.09861228866811
second:1.0
gotten:1.0
first:1.6931471805599454
work:1.0
vga:1.0
mode:1.6931471805599454
correctli:1.0
mayb:1.0
still:1.0
qualiti:1.0
control:1.0
would:1.0
suggest:1.0
went:1.0
vendor:1.0
bought:1.0
sinc:1.0
show:1.0
immedi:1.0
never:1.6931471805599454
abl:1.0
technic:1.0
support:1.0
number:1.0
sure:1.0
like:1.0
way:1.0
perform:1.0
though:1.0
2mb:1.0
fast:1.0
even:1.0
1024x768x16bpp:1.0
cheer:1.0
thoma:1.0
b:1.0
internet:1.0
clinic:1.0
voic:1.0
507:1.6931471805599454
255:1.6931471805599454
200:1.0
street:1.0
sw:1.0
go:1.0
fax:1.0
5484:1.0
mail:1.0
stop:1.0
rochest:1.0
mn:1.0
55905:1.0
philip:1.0
408:1.0
987:1.0
3336:1.0
inc:1.0
