dbarker:1.6931471805599454
spang:1.0
camosun:2.386294361119891
bc:1.6931471805599454
ca:1.6931471805599454
deryk:1.6931471805599454
barker:1.6931471805599454
subject:1.0
wp:1.0
pcf:1.0
linux:1.0
risc:3.1972245773362196
organ:1.0
colleg:1.6931471805599454
victoria:1.6931471805599454
b:2.09861228866811
c:2.09861228866811
canada:1.0
x:1.0
newsread:1.0
tin:1.0
1:2.6094379124341005
pl4:1.0
line:1.0
47:1.0
leebr:1.0
ecf:1.0
toronto:1.0
edu:2.6094379124341005
lee:1.0
brian:1.0
write:2.09861228866811
articl:1.6931471805599454
1qu8ud:1.0
2hd:1.0
sunb:1.0
oc:1.0
mq:1.6931471805599454
au:1.6931471805599454
eugen:1.0
mpce:1.0
c5o1yq:1.0
m34:1.0
csie:1.6931471805599454
nctu:1.6931471805599454
tw:1.6931471805599454
ghhwang:1.6931471805599454
dear:1.0
friend:1.0
mean:1.0
reduc:2.09861228866811
instruct:3.3978952727983707
set:3.0794415416798357
comput:2.386294361119891
usual:1.0
small:1.6931471805599454
circuit:1.0
complex:1.6931471805599454
increas:1.0
clock:1.6931471805599454
rate:1.0
high:1.0
perform:1.0
read:1.6931471805599454
book:1.0
architectur:1.6931471805599454
inform:1.0
hmm:1.0
author:1.0
clearli:1.0
rememb:1.0
cpu:2.09861228866811
rather:1.0
larg:1.0
differ:1.0
address:1.0
mode:1.0
orthogon:1.0
cisc:1.0
origin:1.0
simpl:1.0
one:1.0
idea:1.0
everi:1.0
complet:1.0
singl:1.6931471805599454
cycl:1.0
microcod:1.6931471805599454
extens:1.0
pipelin:1.0
comparison:1.0
patterson:1.0
cacm:1.0
v28:1.0
1985:1.0
tyear:1.0
tinstruct:1.0
tmicrocod:1.6931471805599454
ibm:1.6931471805599454
370:1.6931471805599454
168:1.0
t1973:1.0
t208:1.0
t420kb:1.0
dec:1.6931471805599454
vax:2.09861228866811
11:1.0
780:1.0
t1978:1.0
t303:1.0
t480kb:1.0
801:1.0
t1980:1.0
t120:1.0
t0:2.09861228866811
ucb:1.0
t1982:1.0
t39:1.0
stanford:1.0
mip:1.0
t1983:1.0
t55:1.0
research:1.0
vlsi:2.09861228866811
discov:1.0
60:1.0
support:1.0
20:1.6931471805599454
account:1.0
mere:1.0
0:1.0
2:1.0
execut:1.0
uvax:2.386294361119891
32:1.6931471805599454
subset:1.0
onto:1.0
chip:1.0
use:1.0
softwar:1.0
emul:1.0
full:1.0
includ:1.0
entir:1.0
5:1.0
10:1.0
time:1.0
copmlex:1.0
ranm:1.0
faster:1.0
tchip:1.0
ttransistor:1.0
t2:1.0
t64k:1.0
t101k:1.0
t9:1.0
t480k:1.0
t1250k:1.0
real:1.0
scienc:1.0
dept:1.0
email:1.0
phone:1.0
604:1.0
4452:1.0
