nntp:1.0
post:1.0
host:1.0
134:1.0
58:1.0
96:1.0
14:1.0
wimvh:1.6931471805599454
liri:1.6931471805599454
tew:1.6931471805599454
kuleuven:2.09861228866811
ac:2.09861228866811
wim:1.6931471805599454
van:1.6931471805599454
holder:1.6931471805599454
distribut:1.0
world:1.0
organ:1.0
k:1.0
u:1.0
leuven:2.09861228866811
appli:1.0
econom:1.0
scienc:1.0
depart:1.6931471805599454
subject:1.0
trumpet:1.6931471805599454
window:2.386294361119891
news:1.6931471805599454
reader:1.6931471805599454
line:1.0
18:1.0
look:1.0
decent:1.0
given:1.0
winvn:1.0
0:2.09861228866811
76:1.0
sinc:1.6931471805599454
work:1.0
well:1.0
winsock:1.0
dll:1.0
ibm:1.0
tcp:1.0
ip:1.0
do:1.6931471805599454
2:1.6931471805599454
1:1.0
statu:1.0
use:1.6931471805599454
socket:1.0
like:1.0
abandon:1.0
start:1.0
ndi:1.0
access:1.0
token:1.0
ring:1.0
result:1.0
invalid:1.0
class:1.0
error:1.0
bye:1.0
katholiek:1.0
universiteit:1.0
tel:1.0
32:1.6931471805599454
16:2.09861228866811
28:1.6931471805599454
57:1.6931471805599454
e:1.6931471805599454
w:1.0
fax:1.0
99:1.0
dekenstraat:1.0
b:1.0
3000:1.0
mail:1.0
belgium:1.0
fdbaq03:1.0
cc1:1.0
