kjetilk:1.0
stud:1.0
c:1.0
uit:1.0
kjetil:1.0
kolin:1.0
subject:1.0
protec:1.6931471805599454
mode:1.6931471805599454
organ:1.0
univers:1.0
tromso:1.0
line:1.0
1:1.0
look:1.0
inform:1.0
w:1.0
nt:1.0
use:1.0
hw:1.0
support:1.0
