derick:1.6931471805599454
plain:2.09861228866811
nodak:2.09861228866811
edu:2.09861228866811
dale:1.6931471805599454
erickson:1.6931471805599454
subject:1.0
telix:2.386294361119891
problem:1.6931471805599454
nntp:1.0
post:1.0
host:1.0
organ:1.0
north:1.0
dakota:1.0
higher:1.0
educ:1.0
comput:1.0
network:1.0
line:1.0
9:1.0
use:1.6931471805599454
kermit:1.0
win:1.0
3:1.0
1:1.0
exit:1.0
window:1.0
do:1.0
find:1.6931471805599454
serial:1.0
port:1.0
idea:1.0
solv:1.0
inform:1.0
send:1.6931471805599454
email:1.0
news:1.0
group:1.0
thank:1.0
