fosterr:1.0
nickel:1.6931471805599454
uc:1.6931471805599454
indiana:2.09861228866811
edu:2.386294361119891
raymond:1.0
w:1.0
foster:1.0
subject:1.0
window:1.0
speaker:2.09861228866811
sound:2.386294361119891
driver:2.386294361119891
nntp:1.0
post:1.0
host:1.0
organ:1.0
univers:1.0
line:1.0
14:1.0
articl:1.6931471805599454
c5req8:1.0
eq2:1.0
unix:1.0
portal:1.6931471805599454
com:1.6931471805599454
claebaur:1.0
shell:1.0
toni:1.0
anne:1.0
write:1.6931471805599454
1993apr19:1.0
235430:1.0
6097:1.0
mnemosyn:1.6931471805599454
c:1.6931471805599454
du:1.6931471805599454
ale:1.0
alec:1.0
lee:1.0
ftp:1.0
site:1.0
get:1.0
m:1.0
exe:1.6931471805599454
file:2.09861228866811
claim:1.0
suspici:1.0
sinc:1.0
drv:1.6931471805599454
that:1.0
clarifi:1.0
littl:1.0
self:1.0
expand:1.0
archiv:1.0
contain:1.0
actual:1.0
call:1.0
think:1.0
ray:1.0
