basebal:1.0
catch:1.0
fever:1.0
scd:1.0
ucar:1.0
edu:2.791759469228055
gregg:1.0
walter:1.0
subject:1.0
mathcad:3.70805020110221
4:3.302585092994046
0:3.5649493574615367
swap:3.9444389791664403
file:4.044522437723423
organ:1.0
scientif:1.0
comput:1.0
divison:1.0
ncar:1.0
boulder:1.0
co:1.0
line:1.0
119:1.0
repost:1.0
summar:1.0
inform:1.6931471805599454
addit:1.6931471805599454
comment:1.0
long:1.0
16mb:2.09861228866811
memori:2.09861228866811
386sx:1.6931471805599454
25:1.0
mhz:1.0
intel:1.0
math:1.6931471805599454
coprocessor:1.0
120mb:1.0
hard:1.6931471805599454
drive:2.6094379124341005
20mb:1.0
free:1.0
compress:1.0
run:3.0794415416798357
3:3.0794415416798357
1:3.0794415416798357
window:3.1972245773362196
enhanc:1.0
mode:1.0
5mb:1.6931471805599454
ram:3.302585092994046
2mb:1.6931471805599454
1mb:1.0
smart:1.6931471805599454
perman:2.791759469228055
temporari:2.09861228866811
sever:1.0
month:1.0
interest:1.0
faster:2.09861228866811
concern:1.0
report:1.0
requir:2.9459101490553135
legitimaci:1.0
mathsoft:2.09861228866811
claim:1.0
increas:1.0
speed:1.0
user:1.0
without:2.386294361119891
insist:1.6931471805599454
use:2.791759469228055
far:1.6931471805599454
respons:1.0
le:2.09861228866811
detail:1.0
descript:1.0
setup:1.0
unrel:1.0
post:1.0
answer:1.6931471805599454
net:1.0
e:1.0
mail:1.0
appear:1.0
fuess:1.6931471805599454
llnl:1.0
gov:1.0
david:1.0
accord:1.0
extens:1.0
overburden:1.0
physic:1.0
resourc:1.6931471805599454
say:1.0
actual:1.0
win32:3.4849066497880004
featur:1.6931471805599454
figur:1.0
10mb:1.0
indic:1.0
minimum:1.0
might:1.0
tri:1.0
anyway:1.0
2:1.6931471805599454
bert:1.6931471805599454
tyler:1.6931471805599454
satalink:1.0
com:1.6931471805599454
certain:1.0
culprit:1.0
486:1.0
66dx2:1.0
main:1.0
ramdisk:1.0
bit:2.09861228866811
do:2.6094379124341005
session:1.0
open:1.0
part:1.0
startup:1.0
process:1.0
swapfil:2.386294361119891
instal:2.6094379124341005
subsystem:2.386294361119891
march:1.0
beta:1.0
nt:1.6931471805599454
sdk:1.0
demand:1.0
presenc:1.0
program:1.6931471805599454
date:1.0
32:1.6931471805599454
version:1.0
freecel:1.0
came:1.0
gave:1.0
small:1.0
leeri:1.0
must:1.0
remain:1.0
fix:1.0
locat:1.0
disk:2.386294361119891
seem:1.6931471805599454
well:1.0
bca:1.0
ece:1.0
cmu:1.0
brian:1.0
c:1.6931471805599454
anderson:1.0
upgrad:1.6931471805599454
directori:1.0
system:2.09861228866811
told:1.0
case0030:1.0
student:1.0
tc:1.0
umn:1.0
steven:1.0
v:1.0
case:1.0
make:1.0
librari:2.09861228866811
probabl:1.0
heard:1.0
provid:1.6931471805599454
much:1.6931471805599454
function:1.0
support:1.6931471805599454
thread:1.0
multitask:1.0
5:1.0
rhynetc:1.0
zardoz:1.0
chem:1.6931471805599454
appstat:1.0
thoma:1.0
rhyne:1.0
also:1.6931471805599454
16:1.6931471805599454
mb:1.0
inde:1.0
would:2.386294361119891
otherwis:1.0
6:2.6094379124341005
bishop:1.6931471805599454
baeyer:1.0
fsu:1.0
greg:1.0
absolut:1.0
4mb:1.0
12mb:1.6931471805599454
8mb:2.6094379124341005
give:1.0
enough:1.6931471805599454
error:1.0
major:1.0
hog:1.0
load:1.6931471805599454
symbol:1.0
processor:1.0
take:1.0
real:1.0
virtual:1.0
due:1.0
shown:1.0
advertis:1.0
need:2.386294361119891
possibl:1.0
big:1.0
look:1.0
like:1.0
choos:1.0
slower:1.6931471805599454
appar:1.0
ship:1.0
space:1.0
receiv:1.0
mfdjh:1.0
uxa:1.0
ecn:1.0
bgu:1.0
dale:1.0
hampl:1.0
got:1.0
meg:1.0
configur:2.09861228866811
10meg:1.0
permit:1.0
differ:1.0
bootup:2.09861228866811
instead:1.0
see:1.0
altern:1.6931471805599454
time:1.0
back:1.0
rememb:1.0
discus:1.0
issu:1.0
thought:1.0
involv:1.0
variou:1.0
reason:1.0
yet:1.0
done:1.0
full:1.6931471805599454
way:1.0
avail:1.0
oneself:1.0
wild:1.0
access:1.0
digex:1.0
wildstrom:1.0
presum:1.0
mean:1.0
upo:1.0
creat:1.0
one:2.09861228866811
exist:1.0
gener:1.0
though:1.0
know:1.0
happi:1.0
either:1.0
type:1.0
ver:1.0
conform:1.0
win:1.0
specif:1.0
avoid:1.0
overhead:1.0
