sra:1.6931471805599454
idx:2.386294361119891
com:1.6931471805599454
subject:1.0
help:1.0
w:1.0
greenleaf:1.6931471805599454
commlib:1.6931471805599454
4:1.6931471805599454
0:1.6931471805599454
organ:1.0
corpor:1.0
burlington:1.0
vt:1.0
line:1.0
8:1.0
anyon:1.0
experi:1.0
new:1.0
even:1.0
get:1.0
demo:1.0
winterm:1.0
run:1.0
4800:1.0
baud:1.0
without:1.0
drop:1.0
charact:1.0
tnx:1.0
steve:1.6931471805599454
alpert:1.0
w1ggn:1.0
system:1.0
corp:1.0
boston:1.0
massachusett:1.0
