yaturn:1.6931471805599454
netcom:1.6931471805599454
com:1.6931471805599454
arc:1.0
angel:1.0
subject:1.0
yowza:1.0
sloooowwww:1.0
print:1.6931471805599454
do:1.0
organ:1.0
hous:1.0
holi:1.0
line:1.0
11:1.0
also:1.0
simular:1.0
problem:1.0
nec:1.0
p7:1.0
went:1.0
away:1.0
turn:1.0
directli:1.0
parallel:1.0
port:1.0
option:1.0
printer:1.0
setup:1.0
apallett:1.0
mencsh:1.0
tract:1.0
und:1.0
gott:1.0
lacht:1.0
