joel:1.0
tekgen:1.0
bv:1.0
tek:1.0
com:1.0
joseph:1.0
look:1.6931471805599454
subject:1.0
bar:1.6931471805599454
code:2.09861228866811
font:2.09861228866811
organ:1.0
tektronix:1.0
inc:1.0
line:1.0
3:1.6931471805599454
especi:1.0
9:1.0
anybodi:1.0
know:1.0
ftp:1.0
site:1.0
bb:1.0
download:1.0
type:1.0
plea:1.0
email:1.0
info:1.0
thank:1.0
