lei:1.6931471805599454
rtsg:1.0
mot:1.0
com:1.0
peter:1.0
p:1.0
subject:1.0
do:2.09861228866811
6:1.6931471805599454
vfintd:2.09861228866811
386:2.09861228866811
window:1.6931471805599454
sy:1.0
ini:1.0
nntp:1.0
post:1.0
host:1.0
accord4:1.0
organ:1.0
motorola:1.0
inc:1.0
cellular:1.0
infrastructur:1.0
group:1.0
line:1.0
11:1.0
anyon:1.0
know:1.0
devic:1.0
use:1.0
3:1.0
1:1.0
386enh:1.0
section:1.0
tdevic:1.0
c:1.0
upgrad:1.0
sever:1.0
machin:1.0
differ:1.0
type:1.0
includ:1.0
idea:1.0
pl:1.0
