jl:2.09861228866811
antar:2.386294361119891
jon:1.6931471805599454
sweet:1.6931471805599454
subject:1.0
x:1.0
window:1.6931471805599454
organ:1.0
lesc:1.0
nasa:2.09861228866811
larc:2.09861228866811
line:1.0
11:1.0
distribut:1.0
world:1.0
repli:1.0
nntp:1.0
post:1.0
host:1.0
gov:1.6931471805599454
pc:1.0
xview:1.0
ncd:1.0
hcl:1.0
exceed:1.0
hummingbird:1.0
softwar:1.0
opinion:1.0
express:1.0
nobodi:1.0
el:1.0
want:1.0
l:1.0
