schwenk:2.386294361119891
fred:1.6931471805599454
ci:2.09861228866811
udel:2.09861228866811
edu:2.09861228866811
peter:1.6931471805599454
subject:1.0
win3:1.0
1:1.6931471805599454
use:1.6931471805599454
math:1.6931471805599454
co:1.6931471805599454
processor:1.6931471805599454
nntp:1.0
post:1.0
host:1.0
organ:1.0
univers:1.0
delawar:1.0
newark:1.0
line:1.0
6:1.0
pc:1.0
one:1.0
window:1.0
3:1.0
talk:1.0
specif:1.0
app:1.0
o:1.0
want:1.0
call:1.0
plea:1.0
respond:1.0
email:1.0
