tonyd:2.09861228866811
ssc60:2.09861228866811
sbwk:1.6931471805599454
nj:1.6931471805599454
u:1.6931471805599454
toni:1.6931471805599454
debari:1.6931471805599454
subject:1.0
filemanag:2.09861228866811
strang:1.6931471805599454
size:1.6931471805599454
summari:1.0
line:2.09861228866811
organ:1.0
lost:1.0
space:1.6931471805599454
32:1.0
1993apr21:1.0
143250:1.0
14692:1.0
bmers145:1.0
bnr:1.6931471805599454
ca:1.6931471805599454
masika:1.6931471805599454
nichola:1.0
write:1.0
notic:1.6931471805599454
someth:2.09861228866811
recent:1.6931471805599454
usual:1.0
bottom:1.0
statu:1.6931471805599454
bar:1.6931471805599454
guess:1.0
display:2.6094379124341005
total:1.6931471805599454
disk:1.0
number:1.0
byte:3.1972245773362196
current:1.0
select:3.0794415416798357
whole:1.0
bunch:1.0
file:2.9459101490553135
get:1.0
exact:1.0
count:1.6931471805599454
incorrectli:1.0
truncat:1.0
say:1.6931471805599454
532:1.6931471805599454
correctli:1.0
23:2.791759469228055
482:2.09861228866811
kbyte:1.0
893:1.6931471805599454
352:1.0
report:2.09861228866811
meg:1.0
worth:1.0
3:2.9459101490553135
356:2.09861228866811
345:2.09861228866811
got:1.0
problem:1.0
charact:1.0
system:1.0
486dx:1.0
33:1.0
8m:1.0
memori:1.0
stacker:1.0
0:1.0
do:1.0
5:1.0
win:1.0
1:1.0
run:1.0
latest:1.0
viru:1.0
scanner:1.0
scan102:1.0
f:1.0
prot:1.0
anyth:1.0
could:1.0
unknowingli:1.0
alter:1.0
control:1.0
format:1.0
filemang:1.0
sound:1.0
like:1.6931471805599454
one:1.0
may:1.0
set:1.0
1000:1.0
separ:1.0
contol:1.0
panel:1.0
intern:1.0
make:1.0
look:1.0
manag:1.6931471805599454
chop:1.6931471805599454
think:1.0
decim:1.6931471805599454
part:1.0
becom:1.0
confus:1.0
point:1.0
comma:1.0
everyth:1.0
right:1.0
first:1.0
period:1.0
fqdn:1.0
ci:1.0
73117:1.0
452:1.0
uucp:1.0
uunet:1.0
p:1.0
ghrw14b:1.0
k:1.0
skip:1.0
bowler:1.0
captain:1.0
usenet:1.0
fantasi:1.0
bowl:1.0
leagu:1.0
team:1.0
9:1.0
