weidlich:2.386294361119891
arb:1.6931471805599454
phi:1.6931471805599454
uni:2.09861228866811
dortmund:2.386294361119891
de:1.6931471805599454
subject:1.0
search:1.6931471805599454
phonet:1.6931471805599454
font:1.6931471805599454
organ:1.0
institut:1.0
f:1.0
arbeitsphysiologi:1.0
line:1.0
13:1.0
truetyp:1.0
window:1.0
3:1.0
1:1.0
anybodi:1.0
know:1.0
one:1.0
plea:1.0
mail:1.0
thank:1.0
dw:1.0
dipl:1.0
inform:1.0
dietmar:1.0
ifado:1.0
ardeystr:1.0
67:1.0
4600:1.0
50:1.0
phone:1.0
49:1.6931471805599454
231:1.6931471805599454
1084:1.6931471805599454
250:1.0
dr:1.0
b:1.0
koennten:1.0
sie:1.0
da:1.0
fax:1.0
401:1.0
mal:1.0
eben:1.0
erledigen:1.0
