jami:1.6931471805599454
zikzak:2.09861228866811
apana:1.6931471805599454
org:1.6931471805599454
au:1.6931471805599454
scuglia:1.0
subject:1.0
workspac:2.791759469228055
manag:2.09861228866811
win:1.0
3:1.6931471805599454
1:1.6931471805599454
organ:1.0
public:1.0
access:1.0
unix:1.0
melbourn:1.0
australia:1.0
line:1.0
8:1.0
nntp:1.0
post:1.0
host:1.0
window:2.09861228866811
mean:1.0
someth:1.0
like:1.6931471805599454
hp:1.0
apollo:1.0
workstat:1.0
multipl:1.0
x:1.0
bottom:1.0
screen:2.09861228866811
allow:1.0
select:1.0
differ:1.6931471805599454
overcom:1.0
problem:1.0
stack:1.0
open:1.0
one:1.0
instead:1.0
spread:1.0
amongst:1.0
act:1.0
independ:1.0
flick:1.0
thank:1.0
advanc:1.0
