subject:1.0
window:2.386294361119891
workgroup:1.0
lan:1.6931471805599454
workplac:1.6931471805599454
flint:1.6931471805599454
water:1.6931471805599454
uwyo:1.6931471805599454
edu:1.6931471805599454
distribut:1.0
comp:1.6931471805599454
o:1.6931471805599454
m:1.6931471805599454
app:1.0
misc:1.0
world:1.0
organ:1.0
univers:1.0
wyom:1.0
nntp:1.0
post:1.0
host:1.0
sheriff:1.0
line:1.0
18:1.0
hey:1.0
sound:1.0
great:1.0
mean:1.0
w4wg:1.6931471805599454
work:1.6931471805599454
odi:1.6931471805599454
thought:1.0
use:2.09861228866811
ndi:2.386294361119891
wfwg:1.6931471805599454
cooper:1.0
well:1.0
shim:1.0
heard:1.0
fast:1.0
direct:1.0
problem:1.0
driver:1.6931471805599454
umb:1.0
hate:1.0
load:1.6931471805599454
mani:1.0
make:1.0
along:1.0
addit:1.0
tsr:1.0
minim:1.0
think:1.0
eat:1.0
anoth:1.0
20k:1.0
total:1.0
worth:1.0
sinc:1.0
allow:1.0
get:1.0
nt:1.6931471805599454
box:1.6931471805599454
novel:1.6931471805599454
releas:1.0
decent:1.0
client:1.0
yet:1.0
share:1.0
solut:1.0
usabl:1.0
