hfeldman:1.6931471805599454
infoserv:1.6931471805599454
com:1.6931471805599454
howard:2.09861228866811
mitchel:1.0
feldman:1.6931471805599454
subject:1.0
need:1.0
longer:1.6931471805599454
filenam:1.6931471805599454
organ:1.0
mind:1.6931471805599454
eye:1.6931471805599454
inc:1.6931471805599454
line:1.0
18:1.0
x:1.0
mailer:1.0
tmail:1.0
version:1.0
1:1.0
13:1.0
1993apr19:1.0
211044:1.0
28763:1.0
guin:1.0
idbsu:1.6931471805599454
edu:1.6931471805599454
lhighley:1.0
gozer:1.0
larri:1.0
paul:1.0
highley:1.0
wrote:1.0
util:1.0
let:1.0
use:1.0
standard:1.0
8:1.0
3:1.0
format:1.0
plea:1.6931471805599454
email:1.0
e:1.0
mail:1.0
thank:1.0
