gonzal:1.0
ucsu:1.0
colorado:1.6931471805599454
edu:1.0
lgv:1.0
mc:1.0
subject:1.0
use:2.386294361119891
mous:2.791759469228055
non:1.6931471805599454
window:3.1972245773362196
applic:2.09861228866811
m:1.6931471805599454
organ:1.0
univers:1.6931471805599454
boulder:1.0
line:1.0
31:1.6931471805599454
kasajian:1.6931471805599454
netcom:1.0
com:1.6931471805599454
kenneth:1.0
write:1.6931471805599454
wnkretz:1.6931471805599454
ikesg1:1.6931471805599454
energietechnik:1.6931471805599454
uni:1.6931471805599454
stuttgart:2.386294361119891
de:1.6931471805599454
oliv:1.6931471805599454
kretzschmar:1.6931471805599454
hey:1.0
could:1.0
somebodi:1.0
tell:1.0
possibl:1.0
work:1.6931471805599454
run:1.6931471805599454
3:1.0
1:1.6931471805599454
clipper:1.0
exist:1.0
routin:1.0
someth:1.0
el:1.0
plea:1.0
mail:1.0
inform:1.0
thank:1.0
effort:1.0
name:1.0
inst:1.0
ike:1.0
phone:1.0
49:1.6931471805599454
711:1.6931471805599454
685:1.6931471805599454
2130:1.0
pfaffenwaldr:1.0
fax:1.0
2010:1.0
7000:1.0
80:1.0
email:1.0
simpl:1.0
sy:1.0
load:1.6931471805599454
do:1.6931471805599454
note:1.0
need:1.0
file:1.0
one:1.0
addit:1.0
know:1.0
appli:1.0
everybodi:1.0
microsoft:1.0
400dpi:1.0
app:1.0
driver:1.0
came:1.0
version:1.0
8:1.6931471805599454
20:1.0
allow:1.0
reason:1.0
