mtrotti:2.09861228866811
emr1:1.6931471805599454
emr:2.09861228866811
ca:2.09861228866811
marc:1.6931471805599454
trottier:1.6931471805599454
subject:1.6931471805599454
m:2.386294361119891
window:2.6094379124341005
access:2.09861228866811
blind:2.09861228866811
line:1.0
23:1.0
nntp:1.0
post:1.6931471805599454
host:1.0
mp:1.6931471805599454
organ:1.0
energi:1.0
mine:1.0
resourc:1.0
canada:1.0
articl:1.0
1993apr22:1.0
172514:1.0
13025:1.0
cci632:2.09861228866811
cci:2.09861228866811
com:2.09861228866811
jfb:1.6931471805599454
john:2.09861228866811
bruno:2.09861228866811
write:1.0
date:1.0
thu:1.0
22:1.0
apr:1.0
1993:1.0
17:1.0
25:1.0
14:1.0
gmt:1.0
develop:1.0
base:1.0
product:2.09861228866811
use:1.0
full:1.0
screen:1.0
display:1.0
24:1.0
row:1.0
textual:1.0
data:1.6931471805599454
microsoft:1.6931471805599454
enabl:1.0
individu:1.0
effici:1.0
quickli:1.0
plea:1.0
email:1.0
respons:1.0
summari:1.0
group:1.0
thank:1.0
help:1.0
appar:1.0
came:1.0
new:1.0
braill:1.0
suppos:1.0
wytiwig:1.0
offens:1.0
