jeremi:1.6931471805599454
ee:2.09861228866811
ualberta:2.09861228866811
ca:2.09861228866811
william:1.6931471805599454
jeremiah:1.6931471805599454
subject:1.0
look:2.09861228866811
printer:2.386294361119891
driver:2.09861228866811
nntp:1.0
post:1.0
host:1.0
bode:1.0
organ:1.0
univers:1.0
alberta:1.0
edmonton:1.0
canada:1.0
line:1.0
12:1.0
write:1.0
c:1.6931471805599454
itoh:1.6931471805599454
window:1.0
3:1.0
1:1.0
anybodi:1.0
happen:1.0
know:1.0
could:1.0
find:1.0
beast:1.0
uh:1.0
slight:1.0
clarif:1.0
lips10:1.0
laser:1.0
thank:1.6931471805599454
advanc:1.0
jerri:1.0
signatur:1.0
