de7043:1.0
medtron:2.386294361119891
com:1.6931471805599454
eller:1.0
subject:1.0
midi:3.4849066497880004
file:2.9459101490553135
m:1.0
win3:1.0
1:2.791759469228055
soundblast:2.791759469228055
0:1.6931471805599454
articl:1.0
1993apr22:1.0
190051:1.0
23597:1.0
organ:1.0
inc:1.0
line:1.0
31:1.0
nntp:1.0
post:1.0
host:1.0
bhutan:1.0
inst:1.0
x:1.0
newsread:1.0
tin:1.0
version:1.6931471805599454
pl8:1.0
cybard:1.6931471805599454
dudek:2.09861228866811
acsu:1.6931471805599454
buffalo:2.09861228866811
edu:1.6931471805599454
wrote:1.0
486dx:1.0
33:1.0
comput:1.0
card:1.0
run:1.0
microsoft:1.6931471805599454
window:2.386294361119891
v3:1.0
sb:1.0
driver:2.791759469228055
set:2.386294361119891
properli:1.0
play:2.6094379124341005
normal:1.0
sound:1.6931471805599454
wav:1.0
etc:1.0
want:1.0
medium:1.6931471805599454
player:1.6931471805599454
includ:1.0
know:1.6931471805599454
patch:1.6931471805599454
map:2.386294361119891
someth:1.0
mapper:1.6931471805599454
control:1.0
panel:1.0
noth:1.0
way:1.0
get:1.0
foot:1.0
wet:1.0
instal:1.0
correctli:1.0
latest:1.0
setup:1.0
author:1.6931471805599454
multimedia:1.0
standard:1.0
gener:1.6931471805599454
see:1.0
section:1.0
back:1.0
voyetra:1.6931471805599454
manual:1.0
upgrad:1.0
kit:1.0
find:1.6931471805599454
exist:1.0
kind:1.6931471805599454
differ:1.0
expect:1.0
alway:1.0
correct:1.0
without:1.0
use:1.6931471805599454
editor:1.6931471805599454
sequenc:1.0
plu:1.0
attempt:1.0
remap:1.0
sinc:1.0
modifi:1.0
sbfm:1.6931471805599454
drv:1.6931471805599454
allway:1.0
stuck:1.0
instrument:1.6931471805599454
come:1.0
unless:1.0
make:1.0
modif:1.0
would:1.0
suggest:1.0
locat:1.0
earli:1.0
mt32:1.0
voic:1.6931471805599454
later:1.0
david:1.0
thoma:1.0
v098pwx:1.0
ubvm:1.0
bitnet:1.0
state:1.0
univers:1.0
sun:1.0
new:1.0
york:1.0
music:1.0
food:1.0
love:1.0
wm:1.0
shakespear:1.0
