gw18:2.09861228866811
prism:2.09861228866811
gatech:2.09861228866811
edu:1.6931471805599454
greg:1.6931471805599454
william:1.6931471805599454
subject:1.0
mani:1.0
peopl:1.6931471805599454
one:1.0
machin:2.386294361119891
distribut:1.0
git:1.0
organ:1.0
georgia:2.09861228866811
institut:1.6931471805599454
technolog:1.6931471805599454
line:1.0
23:1.0
93111:1.0
154952cda90038:1.0
ucf1vm:1.6931471805599454
bitnet:1.6931471805599454
cda90038:1.0
mark:1.0
woodruff:1.0
write:1.0
sever:1.0
share:1.0
would:1.0
like:1.6931471805599454
set:2.09861228866811
separ:2.09861228866811
environ:1.0
window:1.6931471805599454
way:1.6931471805599454
thing:1.0
desktop:1.0
directori:1.6931471805599454
ideal:1.0
total:1.0
virtual:1.0
will:1.0
settl:1.0
le:1.0
may:1.6931471805599454
end:1.0
batch:1.0
file:2.386294361119891
copi:2.09861228866811
ini:2.386294361119891
around:1.0
depend:1.0
want:1.6931471805599454
use:2.09861228866811
could:1.0
do:1.6931471805599454
6:1.6931471805599454
partli:1.0
differ:1.0
config:1.6931471805599454
sy:1.6931471805599454
autoexec:2.09861228866811
bat:2.09861228866811
command:1.0
user:1.0
select:1.0
menu:1.0
option:1.0
bootup:1.0
win:1.0
system:1.0
chang:1.0
exit:1.0
back:1.0
gener:1.0
think:1.0
program:1.0
somewher:1.0
allow:1.6931471805599454
better:1.0
though:1.0
person:1.0
custom:1.0
atlanta:1.0
30332:1.0
uucp:1.0
decvax:1.0
hplab:1.0
ncar:1.0
purdu:1.0
rutger:1.0
internet:1.0
