claebaur:2.09861228866811
shell:1.6931471805599454
portal:2.386294361119891
com:2.09861228866811
toni:1.6931471805599454
anne:1.6931471805599454
subject:1.0
util:1.0
updat:1.0
win:1.0
ini:1.6931471805599454
system:1.0
nntp:1.0
post:1.0
host:1.0
jobe:1.0
organ:1.0
commun:1.0
compani:1.0
408:1.6931471805599454
973:1.6931471805599454
9111:1.0
voic:1.0
8091:1.0
data:1.0
line:1.0
10:1.0
articl:1.0
1993apr20:1.0
130933:1.0
26571:1.0
lut:1.6931471805599454
ac:1.6931471805599454
uk:1.6931471805599454
bailey:1.6931471805599454
adrian:1.0
write:1.0
window:1.6931471805599454
3:1.6931471805599454
0:1.0
built:1.0
call:1.0
sysedit:1.0
exe:1.0
need:1.0
1:1.0
know:1.0
cup:1.0
