sam4628:1.6931471805599454
chensun2m:2.09861228866811
tamu:2.09861228866811
edu:2.09861228866811
arglebargl:1.0
iv:1.0
subject:1.0
use:2.09861228866811
mous:3.0794415416798357
non:1.6931471805599454
window:3.0794415416798357
organ:1.0
dept:1.0
chemic:1.0
engin:1.0
texa:1.0
univers:1.6931471805599454
line:1.0
34:1.0
distribut:1.0
world:1.0
repli:1.0
nntp:1.0
post:1.0
host:1.0
articl:1.0
5iq:1.0
netcom:1.6931471805599454
com:2.09861228866811
kasajian:1.6931471805599454
kenneth:1.0
write:1.6931471805599454
wnkretz:1.6931471805599454
ikesg1:1.6931471805599454
energietechnik:1.6931471805599454
uni:1.6931471805599454
stuttgart:2.386294361119891
de:1.6931471805599454
oliv:1.6931471805599454
kretzschmar:1.6931471805599454
hey:1.0
could:1.6931471805599454
somebodi:1.0
tell:1.0
possibl:1.0
work:2.09861228866811
applic:1.6931471805599454
run:1.6931471805599454
m:1.0
3:1.6931471805599454
1:1.6931471805599454
clipper:1.0
exist:1.0
routin:1.0
someth:1.0
el:1.0
plea:1.0
mail:1.0
inform:1.0
thank:1.0
effort:1.0
name:1.0
inst:1.0
ike:1.0
phone:1.0
49:1.6931471805599454
711:1.6931471805599454
685:1.6931471805599454
2130:1.0
pfaffenwaldr:1.0
31:1.0
fax:1.0
2010:1.0
7000:1.0
80:1.0
email:1.0
simpl:1.6931471805599454
sy:1.0
load:1.6931471805599454
do:1.6931471805599454
note:1.0
need:1.6931471805599454
file:1.0
video:1.0
driver:2.09861228866811
complet:1.6931471805599454
compat:1.6931471805599454
well:1.0
quit:1.0
never:1.0
get:1.0
logitech:1.0
100:1.0
old:1.0
paradis:1.0
card:1.0
diamond:1.0
ss24x:1.0
6:1.0
2:1.0
everyth:1.0
perfectli:1.0
steven:1.0
