marshalk:2.09861228866811
mercuri:2.09861228866811
berkeley:1.6931471805599454
edu:1.6931471805599454
kevin:2.09861228866811
marshal:2.09861228866811
subject:1.0
grey:1.0
scale:1.0
window:1.0
organ:1.0
motorola:1.6931471805599454
ltd:1.0
european:1.0
cellular:1.0
infrastructur:1.0
divis:1.0
line:1.0
6:1.0
distribut:1.0
world:1.0
repli:1.0
nntp:1.0
post:1.0
host:1.0
swindon:1.6931471805599454
rtsg:1.0
mot:1.0
com:1.0
oper:1.0
support:1.0
ecid:1.0
uk:1.0
e:1.0
mail:1.0
zeu:1.0
phone:1.0
44:1.0
793:1.0
545127:1.6931471805599454
intern:1.0
0793:1.0
domest:1.0
