joseph:1.0
barru:2.09861228866811
subject:1.0
util:2.09861228866811
expand:1.0
do:1.0
file:2.6094379124341005
descript:2.09861228866811
directori:2.09861228866811
list:1.6931471805599454
organ:1.0
naval:1.0
ocean:1.0
system:1.0
center:1.0
san:1.0
diego:1.0
ca:1.0
line:1.0
16:1.0
look:1.0
window:1.6931471805599454
would:2.09861228866811
give:1.0
also:1.0
display:1.0
allow:1.0
enter:1.0
edit:1.0
hope:1.0
length:1.0
mayb:1.0
small:1.0
scroll:1.0
bar:1.0
abl:1.6931471805599454
brow:1.0
see:1.0
without:1.0
open:1.0
execut:1.0
beast:1.0
anyon:1.0
want:1.0
write:1.0
one:1.0
joe:1.0
nosc:1.0
mil:1.0
