mrw54660:1.0
eng:1.0
nxt01:1.0
cso:1.0
uiuc:1.0
edu:1.0
michael:1.0
r:1.0
whitchurch:1.0
subject:1.0
file:1.6931471805599454
manag:1.6931471805599454
problem:1.0
organ:1.0
univers:1.0
illinoi:1.0
urbana:1.0
line:1.0
8:1.0
whenev:1.0
start:1.0
statu:1.0
bar:1.6931471805599454
display:1.0
even:1.0
though:1.0
select:1.6931471805599454
option:1.0
menu:1.0
deselect:1.0
appear:1.0
anyon:1.0
idea:1.0
happen:1.0
thank:1.0
mike:1.0
