rbarclay:1.6931471805599454
trentu:1.6931471805599454
ca:1.6931471805599454
ross:2.09861228866811
barclay:2.09861228866811
subject:1.0
twain:1.6931471805599454
driver:2.09861228866811
logitech:1.6931471805599454
scanman:2.386294361119891
news:1.0
softwar:1.0
vax:1.0
vm:1.0
vnew:1.0
1:1.0
41:1.0
organ:1.0
trent:1.0
comput:1.0
telecommun:1.0
depart:1.0
line:1.0
11:1.0
hi:1.0
wonder:1.0
anyon:1.0
knew:1.0
whether:1.0
window:1.0
net:1.0
somewher:1.0
model:1.0
one:1.0
256:1.0
thank:1.0
advanc:1.0
peterborough:1.0
ontario:1.0
