subject:1.0
m:1.0
window:1.0
sound:1.6931471805599454
system:1.6931471805599454
text:1.6931471805599454
speach:1.6931471805599454
hadam:1.6931471805599454
bcsc02:2.09861228866811
gov:2.09861228866811
bc:2.386294361119891
ca:2.09861228866811
organ:1.0
corpor:1.0
nntp:1.0
post:1.0
host:1.0
line:1.0
4:1.0
hi:1.0
news:1.0
group:1.0
user:1.0
anyon:1.0
know:1.0
whether:1.0
softwar:1.0
let:1.0
one:1.0
like:1.0
blaster:1.0
hal:1.0
adam:1.0
