nntp:1.0
post:1.0
host:1.0
134:1.0
58:1.0
96:1.0
14:1.0
wimvh:2.09861228866811
liri:2.386294361119891
tew:2.386294361119891
kuleuven:2.6094379124341005
ac:2.6094379124341005
wim:2.09861228866811
van:2.09861228866811
holder:2.09861228866811
distribut:1.0
world:1.0
organ:1.0
k:1.0
u:1.0
leuven:2.09861228866811
appli:1.0
econom:1.0
scienc:1.0
depart:1.6931471805599454
subject:1.0
winqvtnet:1.0
ndi:2.09861228866811
token:1.6931471805599454
ring:1.6931471805599454
line:1.0
28:2.09861228866811
articl:1.6931471805599454
1993apr21:1.6931471805599454
210954:1.0
40516:1.0
datamark:2.09861228866811
co:2.09861228866811
nz:2.6094379124341005
thoma:2.386294361119891
write:1.6931471805599454
082152:1.0
possibl:1.0
use:2.386294361119891
winqvt:1.0
net:1.0
machin:1.0
connect:1.0
tri:1.6931471805599454
older:1.0
version:1.0
3:1.0
2:1.6931471805599454
got:1.0
invalid:1.0
packet:2.09861228866811
class:1.0
error:1.0
someth:1.0
like:1.0
attempt:1.0
di:1.0
pkt9:1.0
program:1.0
provid:1.0
driver:1.6931471805599454
top:1.0
peopl:1.0
told:1.0
even:1.0
dispkt:1.0
would:1.0
still:1.0
incompat:1.0
true:1.0
beagl:1.0
work:1.6931471805599454
64:1.6931471805599454
4:1.6931471805599454
233:1.0
8186:1.0
technic:1.0
writer:1.0
cavebb:1.0
welli:1.0
gen:1.0
home:1.0
499:1.0
3832:1.0
wellington:1.0
hound:1.0
hire:1.0
dog:1.0
biscuit:1.0
katholiek:1.0
universiteit:1.0
tel:1.0
32:1.6931471805599454
0:1.6931471805599454
16:2.09861228866811
57:1.6931471805599454
e:1.6931471805599454
w:1.0
fax:1.0
99:1.0
dekenstraat:1.0
b:1.0
3000:1.0
mail:1.0
belgium:1.0
fdbaq03:1.0
cc1:1.0
