subject:1.0
ep:1.6931471805599454
display:1.6931471805599454
softwar:1.6931471805599454
hadam:1.6931471805599454
bcsc02:2.09861228866811
gov:2.09861228866811
bc:2.386294361119891
ca:2.09861228866811
organ:1.0
system:1.0
corpor:1.0
nntp:1.0
post:1.0
host:1.0
line:1.0
4:1.0
one:1.6931471805599454
know:1.0
sharewar:1.0
freewar:1.0
let:1.0
file:1.0
pc:1.0
do:1.0
window:1.0
repli:1.0
would:1.0
much:1.0
appreci:1.0
thank:1.0
hal:1.0
adam:1.0
