organ:1.0
penn:1.0
state:1.0
univers:1.0
azmi:1.6931471805599454
hashim:1.0
axh113:1.6931471805599454
psuvm:1.6931471805599454
psu:1.6931471805599454
edu:1.6931471805599454
subject:1.0
trident:1.6931471805599454
vga:1.0
driver:2.386294361119891
line:1.0
12:1.0
articl:1.0
c5y66r:1.0
fgp:1.0
c:1.6931471805599454
mcgill:1.6931471805599454
ca:1.6931471805599454
bjcon:1.0
brendan:1.0
newman:1.0
say:1.0
hi:1.0
tvga:1.6931471805599454
8900:1.0
video:1.6931471805599454
card:1.6931471805599454
need:1.0
updat:1.6931471805599454
win3:1.0
1:1.6931471805599454
get:1.0
ftp:1.0
site:1.0
8900c:1.0
check:1.0
latest:1.0
window:1.0
3:1.0
date:1.0
aug:1.0
92:1.0
garbo:1.0
uwasa:1.0
fi:1.0
win31:1.0
find:1.0
better:1.0
version:1.0
plea:1.0
let:1.0
know:1.0
thank:1.0
