manu:2.386294361119891
oa:2.09861228866811
olivetti:2.386294361119891
com:2.09861228866811
da:1.0
subject:1.0
overlap:2.386294361119891
window:2.6094379124341005
without:2.09861228866811
titl:2.09861228866811
bar:2.09861228866811
organ:1.0
atc:1.0
cupertino:1.0
ca:1.0
usa:1.6931471805599454
line:1.0
31:1.0
distribut:1.0
nntp:1.0
post:1.0
host:1.0
todi:1.0
hi:1.0
simpl:1.0
question:1.6931471805599454
possibl:1.0
creat:1.6931471805599454
thickfram:2.386294361119891
ie:1.0
w:2.6094379124341005
caption:1.0
seem:1.0
abl:1.0
get:1.0
rid:1.0
anoth:1.6931471805599454
say:1.0
v:1.0
child:2.386294361119891
b:1.0
c:1.0
etc:1.0
show:1.6931471805599454
fine:1.0
style:1.6931471805599454
place:1.0
top:1.6931471805599454
one:1.0
sibl:2.09861228866811
use:1.6931471805599454
resiz:1.6931471805599454
make:1.0
sure:1.0
alway:1.0
setwindowpo:1.0
bringwindowtotop:1.0
success:1.0
happen:1.0
soon:1.0
let:1.0
go:1.0
goe:1.0
behild:1.0
help:1.0
would:1.0
greatli:1.0
appreci:1.0
plea:1.0
mail:1.0
