ak333:2.09861228866811
cleveland:2.386294361119891
freenet:2.09861228866811
edu:2.791759469228055
martin:1.6931471805599454
linsenbigl:1.6931471805599454
subject:1.0
mous:2.791759469228055
com3:1.6931471805599454
window:2.791759469228055
3:1.6931471805599454
1:2.6094379124341005
organ:1.0
case:1.6931471805599454
western:1.0
reserv:1.0
univers:1.6931471805599454
oh:1.0
usa:1.0
line:1.0
34:1.0
repli:1.0
nntp:1.0
post:1.0
host:1.0
hela:1.0
in:1.0
cwru:1.0
previou:1.0
articl:1.0
jpaparel:1.0
c:1.6931471805599454
ulowel:1.0
joseph:1.0
paparella:1.0
say:1.6931471805599454
pursu:1.0
research:1.0
question:1.0
last:1.0
month:1.0
requir:1.0
long:1.6931471805599454
short:1.6931471805599454
driver:2.386294361119891
accept:1.0
mouse:1.0
com1:2.09861228866811
com2:1.6931471805599454
use:1.6931471805599454
irq4:1.0
irq3:1.0
unless:1.0
buy:1.0
special:1.0
someon:1.0
talk:1.0
system:1.0
support:1.0
claim:1.6931471805599454
releas:1.0
one:1.6931471805599454
soon:1.6931471805599454
altern:1.0
seem:1.0
possibl:1.0
prohibit:1.0
expens:1.0
e:1.6931471805599454
4:2.386294361119891
port:2.6094379124341005
card:2.9459101490553135
600:1.0
author:1.0
powerbb:1.0
serial:2.6094379124341005
buffer:1.0
16550:1.0
uart:1.0
match:1.0
irq5:1.0
120:1.6931471805599454
second:1.0
paragraph:1.0
hearsay:1.0
check:1.0
yet:1.0
intend:1.0
free:1.0
g:1.0
hope:1.0
save:1.0
step:1.0
problem:1.6931471805599454
first:1.0
load:1.0
2:2.791759469228055
hd:1.6931471805599454
fd:1.6931471805599454
parrelel:1.6931471805599454
extern:1.6931471805599454
modem:1.6931471805599454
game:1.0
enter:1.0
darn:1.0
select:1.6931471805599454
com:2.386294361119891
set:1.0
stuck:1.0
good:1.0
lousi:1.0
call:1.0
microsoft:1.0
place:1.0
want:1.0
went:1.0
bought:1.0
small:1.0
activ:1.0
lpt1:1.0
lpt2:1.6931471805599454
half:1.0
le:1.0
20:1.0
disabl:1.0
could:1.0
interupt:1.0
scanner:1.0
irq:1.0
ya:1.0
artin:1.6931471805599454
commun:1.0
sent:1.0
arizona:1.6931471805599454
tucson:1.0
mlinsenb:1.6931471805599454
ccit:1.0
arizvm:1.0
death:1.0
dead:1.0
000:1.0
year:1.0
follow:1.0
king:1.6931471805599454
