ob00:1.0
ns1:1.0
cc:1.0
lehigh:1.6931471805599454
edu:1.0
olcay:1.0
boz:1.0
subject:1.0
canon:1.6931471805599454
bubl:1.0
jet:1.0
printer:1.0
organ:1.0
univers:1.0
line:1.0
12:1.0
hi:1.0
somebodi:1.0
tell:1.0
much:1.0
bj200:1.0
buy:1.0
cheapest:1.0
price:1.0
thank:1.0
advanc:1.0
0:2.09861228866811
