carter:2.791759469228055
photon:2.09861228866811
cem:2.386294361119891
msu:2.386294361119891
edu:2.9459101490553135
tom:1.6931471805599454
subject:1.0
winqvt:2.09861228866811
net:1.6931471805599454
v3:1.0
4:2.09861228866811
organ:1.0
michigan:1.6931471805599454
state:1.6931471805599454
univers:1.6931471805599454
chemistri:1.6931471805599454
depart:1.6931471805599454
e:1.0
lan:1.0
mi:1.0
line:1.0
28:1.0
nntp:1.0
post:1.0
host:1.0
exciton:1.0
articl:2.09861228866811
ashok:2.386294361119891
661:1.0
0:1.0
biochemistri:1.6931471805599454
cwru:1.6931471805599454
aiyar:1.0
write:1.6931471805599454
354:1.0
lorien:1.0
ocf:1.0
llnl:1.6931471805599454
gov:1.6931471805599454
dave:1.6931471805599454
angmar:1.0
fuess:1.0
earlier:1.0
newsgroup:1.0
made:1.0
refer:1.0
version:1.6931471805599454
3:1.6931471805599454
reali:1.0
tri:1.0
archi:1.0
luck:1.0
probabl:1.0
typo:1.6931471805599454
upload:1.6931471805599454
ftp:1.0
cica:1.0
indiana:1.0
coupl:1.0
day:1.0
back:1.0
sure:1.0
would:1.0
like:1.0
get:1.0
one:1.0
real:1.0
printer:1.6931471805599454
problem:1.0
use:1.0
standard:1.0
window:1.0
driver:1.0
still:1.0
pub:1.0
pc:1.0
win3:1.0
directori:1.0
qvtnet34:1.0
zip:1.0
note:1.0
new:1.0
email:1.0
address:1.0
msucem:1.0
bitnet:1.0
