axa12:2.09861228866811
po:2.09861228866811
cwru:2.6094379124341005
edu:2.791759469228055
ashok:2.386294361119891
aiyar:2.09861228866811
subject:1.0
beta:1.6931471805599454
tester:1.0
requir:1.0
winsock:1.6931471805599454
version:1.6931471805599454
window:1.0
trumpet:1.0
organ:1.0
case:1.0
western:1.0
reserv:1.0
univers:1.0
cleveland:1.6931471805599454
oh:1.0
usa:1.0
line:1.0
19:1.0
repli:1.0
nntp:1.0
post:1.6931471805599454
host:1.0
slc5:1.0
in:1.0
previou:1.0
articl:1.0
peter:2.791759469228055
psychnet:1.6931471805599454
psychol:1.6931471805599454
uta:1.6931471805599454
au:1.6931471805599454
r:1.0
tattam:1.6931471805599454
say:1.0
contact:2.09861228866811
detail:1.6931471805599454
behalf:1.0
north:1.0
american:1.0
mirror:1.0
test:1.0
wintrumpet:1.0
plea:1.0
depart:1.0
biochemistri:1.0
internet:1.0
access:1.0
telnet:1.6931471805599454
ftp:1.0
info:1.0
wariat:2.09861228866811
org:1.6931471805599454
login:1.0
bb:1.0
dial:1.0
216:1.6931471805599454
481:1.6931471805599454
9425:1.0
9445:1.0
v:1.0
32bi:1.0
9436:1.0
2400:1.0
bp:1.0
