gtonwu:1.6931471805599454
uz:1.6931471805599454
nthu:2.386294361119891
edu:2.09861228866811
tw:2.09861228866811
toni:2.09861228866811
g:1.6931471805599454
wu:1.6931471805599454
subject:1.0
hate:1.6931471805599454
make:1.6931471805599454
decis:1.6931471805599454
organ:1.0
nation:1.0
tsing:1.0
hua:1.0
univers:1.0
hsinchu:1.0
x:1.0
newsread:1.0
tin:1.0
version:1.0
1:2.09861228866811
pl8:1.0
line:1.0
16:1.0
hi:1.0
well:1.0
realli:1.0
recent:1.0
choos:1.6931471805599454
whether:1.0
stacker:1.0
3:1.6931471805599454
0:1.6931471805599454
do:1.0
6:1.0
doubl:1.0
space:1.0
poor:1.0
hd:1.0
use:1.0
windwo:1.0
hope:1.0
live:1.0
window:1.0
help:1.0
appreci:1.0
forev:1.0
23:1.0
michael:1.0
jordan:1.0
cae:1.0
rheolog:1.0
lab:1.0
che:1.0
