ncmoore2:1.6931471805599454
netnew:1.0
jhuapl:1.6931471805599454
edu:2.386294361119891
nathan:1.6931471805599454
moor:1.6931471805599454
subject:1.0
bernoulli:1.6931471805599454
drive:1.6931471805599454
disk:1.6931471805599454
organ:1.0
jhu:1.0
appli:1.6931471805599454
physic:1.6931471805599454
laboratori:1.6931471805599454
line:1.0
22:1.0
nilayp:1.6931471805599454
violet:1.6931471805599454
berkeley:1.6931471805599454
nilay:1.6931471805599454
patel:1.6931471805599454
write:1.0
look:1.6931471805599454
remov:1.0
tape:2.09861228866811
20:2.09861228866811
laugh:1.0
seriou:1.0
mb:1.0
lie:1.0
around:1.0
would:1.6931471805599454
like:1.0
get:1.0
rid:1.0
plea:1.6931471805599454
mail:1.0
mean:1.0
forgot:1.0
say:1.0
whether:1.0
old:1.0
8:1.0
newer:1.0
5:1.0
25:1.0
sorri:1.0
use:1.0
work:1.0
think:1.0
appreci:1.0
c:1.0
john:1.0
hopkin:1.0
univers:1.0
aplcomm:1.0
ci:1.0
70702:1.0
1576:1.0
note:1.0
address:1.0
email:1.0
repli:1.0
