organ:1.0
univers:1.0
central:1.0
florida:1.0
comput:1.0
servic:1.0
mark:1.6931471805599454
woodruff:1.0
cda90038:1.0
ucf1vm:1.0
bitnet:1.0
subject:1.0
bigger:1.6931471805599454
window:1.6931471805599454
head:1.6931471805599454
line:1.0
8:1.0
anyon:1.0
know:1.0
raster:1.0
font:1.0
use:1.6931471805599454
mag:1.0
15h:1.6931471805599454
monitor:1.0
diamond:1.0
ss24x:1.0
1280x1024:1.0
mode:1.0
would:1.0
prefer:1.0
larger:1.0
charact:1.6931471805599454
practic:1.0
everyth:1.0
alreadi:1.0
8514:1.0
set:1.0
idea:1.0
differ:1.0
15f:1.0
