brown:2.386294361119891
ncoast:1.6931471805599454
org:1.6931471805599454
stan:1.6931471805599454
subject:1.0
program:2.9459101490553135
manag:1.6931471805599454
two:1.0
question:1.0
organ:1.0
oak:1.6931471805599454
road:1.6931471805599454
system:1.6931471805599454
cleveland:1.0
ohio:1.0
usa:1.0
line:1.0
25:1.0
articl:1.0
1993apr22:1.0
204406:1.0
20330:1.0
vpnet:1.6931471805599454
chi:1.6931471805599454
il:1.6931471805599454
u:1.6931471805599454
lisbon:1.0
gerri:1.0
swetski:1.0
write:1.0
1:1.0
possibl:1.0
chang:1.6931471805599454
icon:2.791759469228055
group:2.09861228866811
like:1.0
give:1.0
individu:1.6931471805599454
mean:1.6931471805599454
assum:1.0
latter:1.0
answer:1.0
sure:1.0
click:1.6931471805599454
doubl:1.0
applic:1.0
alt:2.6094379124341005
f:1.0
p:1.6931471805599454
file:1.0
properti:1.0
box:1.0
tell:1.6931471805599454
filenam:1.0
use:1.6931471805599454
brow:1.0
sub:1.0
select:1.0
2:1.0
set:1.6931471805599454
short:1.0
cut:1.0
key:2.09861228866811
return:1.0
know:1.0
ctl:1.0
esc:1.6931471805599454
rather:1.0
avoid:1.0
task:1.0
list:1.0
get:1.0
back:1.0
f1:1.0
tab:1.6931471805599454
hold:1.0
repeatedli:1.0
press:1.0
see:1.0
mangler:1.0
releas:1.0
english:1.0
nativ:1.0
languag:1.0
love:1.0
tri:1.0
easi:1.0
learn:1.0
make:1.0
sen:1.0
baselin:1.0
would:1.0
rhyme:1.0
vaselin:1.0
