thia:1.6931471805599454
sce:1.0
carleton:1.6931471805599454
ca:1.0
yong:1.0
subject:1.0
protect:1.0
fault:2.09861228866811
summari:1.0
keyword:1.0
organ:1.0
univers:1.0
distribut:1.0
na:1.0
line:1.0
13:1.0
hi:1.0
wonder:1.0
anyon:1.0
could:1.0
help:1.0
error:1.0
messag:1.0
goe:1.0
mean:1.0
run:1.0
m:1.0
window:1.0
3:1.0
1:1.0
thank:1.0
advanc:1.0
