gt2617c:1.6931471805599454
prism:1.6931471805599454
gatech:1.6931471805599454
edu:1.6931471805599454
brad:1.6931471805599454
small:1.6931471805599454
subject:1.0
help:1.6931471805599454
chang:1.6931471805599454
startup:1.6931471805599454
logo:2.791759469228055
distribut:1.0
usa:1.0
organ:1.0
georgia:1.0
institut:1.0
technolog:1.0
line:1.0
24:1.0
articl:1.0
farley:1.6931471805599454
access:1.0
digex:1.0
com:2.09861228866811
charl:1.0
u:1.0
write:1.0
instal:1.0
w:1.0
ati:1.0
graphic:1.0
card:1.6931471805599454
bash:1.0
window:2.791759469228055
file:3.1972245773362196
start:1.0
3:1.6931471805599454
0:1.0
instead:1.0
1:1.0
thought:1.0
control:1.0
system:1.6931471805599454
vgalogo:2.386294361119891
rle:2.09861228866811
lgo:1.6931471805599454
restor:1.0
anyon:1.0
know:1.6931471805599454
correct:1.6931471805599454
vga:1.0
copi:1.6931471805599454
back:1.0
expect:1.0
work:1.0
creat:1.0
new:1.0
win:2.09861228866811
tri:1.0
command:1.0
worri:1.0
directori:1.0
sinc:1.0
setup:1.0
b:1.0
cnf:1.0
grab:1.0
supercharg:1.0
judd:1.0
robbin:1.0
great:1.0
book:1.0
also:1.0
put:1.0
screen:1.0
special:1.0
compress:1.0
bmp:1.0
hope:1.0
jr:1.0
ee:1.0
ga:1.6931471805599454
tech:1.0
atlanta:1.0
