dbd:1.0
icf:1.6931471805599454
hrb:2.6094379124341005
com:1.6931471805599454
dougla:1.6931471805599454
b:1.6931471805599454
dodson:1.6931471805599454
subject:1.0
window:3.0794415416798357
3:2.6094379124341005
1:2.386294361119891
do:3.0794415416798357
5:2.6094379124341005
0:2.09861228866811
smartdrv:2.09861228866811
organ:1.0
system:1.6931471805599454
inc:1.6931471805599454
line:1.0
59:1.0
hello:1.0
thought:1.0
problem:2.09861228866811
might:1.0
someth:1.0
vesa:2.09861228866811
video:1.0
card:1.6931471805599454
idea:2.09861228866811
recent:1.0
purchas:1.0
486dx:1.6931471805599454
33:1.6931471805599454
machin:2.791759469228055
suddenli:1.0
freez:1.6931471805599454
reboot:2.09861228866811
may:1.0
happen:1.6931471805599454
sometim:2.09861228866811
print:1.0
document:1.6931471805599454
use:2.09861228866811
mous:2.791759469228055
sit:1.0
twice:1.0
sound:1.0
seven:1.6931471805599454
beep:1.6931471805599454
look:1.0
code:1.0
meant:1.0
interrupt:1.0
follow:1.0
configur:1.6931471805599454
file:1.6931471805599454
ami:1.0
bio:1.0
25:1.0
floppi:1.0
170:1.0
meg:1.0
ide:1.0
hard:1.0
drive:1.0
256k:1.0
cach:1.0
microsoft:1.0
compat:1.0
com1:1.0
citizen:1.0
gsx:1.0
145:1.0
lpt1:1.0
ni:1.0
supervga:1.0
monitor:1.0
acceler:1.0
w:1.0
1meg:1.0
two:1.0
slot:1.0
config:1.0
sy:1.6931471805599454
devic:1.0
c:3.1972245773362196
himem:1.0
high:1.0
devicehigh:1.0
setver:1.0
exe:1.6931471805599454
20:1.6931471805599454
buffer:1.0
stack:1.0
9:1.0
128:1.0
autoexec:1.0
bat:1.0
echo:1.0
lh:2.09861228866811
1024:1.0
prompt:1.0
p:1.0
g:1.0
path:1.0
set:1.0
temp:1.0
doskey:1.0
keyboard:1.0
ctrl:1.0
alt:1.0
del:1.0
one:1.0
give:1.0
help:1.6931471805599454
would:1.6931471805599454
greatli:1.0
appreci:1.6931471805599454
anyon:1.0
best:1.0
effici:1.0
memori:1.0
wise:1.0
also:1.0
tinternet:1.0
tdbd:1.0
state:1.0
colleg:1.0
pa:1.0
usa:1.0
16804:1.0
disclaim:1.0
opinion:1.6931471805599454
express:1.0
necessarili:1.0
reflect:1.0
