goo:2.386294361119891
cup:2.09861228866811
hp:2.09861228866811
com:2.09861228866811
mike:1.0
subject:1.0
visual:1.6931471805599454
c:1.6931471805599454
distribut:1.0
usa:1.0
nntp:1.0
post:1.0
host:1.0
hpingoo:1.0
organ:1.0
hewlett:1.6931471805599454
packard:1.6931471805599454
cupertino:1.6931471805599454
ca:1.6931471805599454
line:1.6931471805599454
30:1.0
articl:1.0
1rgr7v:1.0
6ga:1.0
lll:1.0
winken:1.0
llnl:1.0
gov:1.0
david:1.0
fuess:1.0
write:1.0
correct:1.0
vc:1.6931471805599454
consid:1.0
upgrad:3.302585092994046
c7:1.6931471805599454
basic:1.0
do:2.09861228866811
product:2.6094379124341005
window:1.6931471805599454
separ:1.0
oper:1.0
system:1.0
util:1.6931471805599454
howev:1.0
also:1.0
told:1.0
qcwin:2.386294361119891
msc:1.6931471805599454
7:1.6931471805599454
0:1.6931471805599454
follow:1.0
standard:1.0
edit:1.6931471805599454
list:1.6931471805599454
price:1.6931471805599454
199:1.6931471805599454
79:1.0
competit:1.6931471805599454
99:1.0
profession:1.0
499:1.0
139:1.0
includ:1.0
m:1.6931471805599454
languag:1.0
like:1.0
michael:1.0
never:1.0
tri:1.0
cover:1.0
as:1.0
inform:1.0
network:1.0
divis:1.0
certainli:1.0
support:1.0
right:1.0
19420:1.0
homestead:1.0
road:1.0
43lt:1.0
95014:1.0
9974:1.0
hpinddh:1.0
