carolan:1.6931471805599454
owlnet:1.0
rice:1.6931471805599454
edu:1.0
bryan:1.6931471805599454
dunn:1.6931471805599454
subject:1.0
program:1.0
manag:1.0
two:1.0
question:1.0
organ:1.0
univers:1.0
line:1.0
4:1.0
actual:1.0
sever:1.0
sharwar:1.0
util:1.0
cn:1.0
chang:1.0
fav:1.0
plug:1.0
