skucera:1.6931471805599454
prstorm:1.6931471805599454
bison:1.6931471805599454
mb:2.09861228866811
ca:1.6931471805599454
stan:2.09861228866811
kucera:2.09861228866811
subject:1.0
monoumb:1.6931471805599454
386:2.09861228866811
organ:1.0
prairi:1.0
storm:1.0
intern:1.0
lockport:1.0
canada:1.0
line:1.0
10:1.0
anyon:1.0
know:1.0
program:1.0
avail:1.0
check:1.0
window:1.0
system:1.0
disk:1.0
monoumb2:1.0
one:1.0
thank:1.0
