repli:1.0
donoghu:3.302585092994046
win:2.09861228866811
net:2.09861228866811
kevin:2.386294361119891
subject:1.0
line:2.09861228866811
mail:2.386294361119891
13:1.0
look:1.0
program:1.0
call:1.0
vbreader:1.0
reader:1.6931471805599454
window:1.0
use:1.0
qwk:1.6931471805599454
packet:1.0
anyon:1.0
know:1.6931471805599454
good:1.0
plea:1.0
let:1.0
thank:1.0
c:1.0
internet:1.0
intern:1.0
love:1.6931471805599454
hear:1.0
sin:1.0
act:1.0
2437:1.0
grand:1.0
ave:1.0
suit:1.0
273:1.0
william:1.0
shakespear:1.0
ventura:1.0
ca:1.0
93003:1.0
