apland:1.6931471805599454
mala:1.0
bc:1.0
ca:1.0
ron:1.6931471805599454
subject:1.0
w4wg:2.9459101490553135
novel:2.09861228866811
organ:1.0
malaspina:1.0
colleg:1.0
line:1.0
29:1.0
articl:1.6931471805599454
1993apr27:1.0
102626:1.0
1:1.0
csc:2.09861228866811
canterburi:1.6931471805599454
ac:1.6931471805599454
nz:2.09861228866811
cctr132:1.0
nick:1.0
fitzgerald:1.0
pc:1.0
softwar:1.0
consult:1.0
uoc:1.0
write:1.6931471805599454
1rh2mi:1.0
ea4:1.0
msuinfo:1.0
cl:1.0
msu:1.6931471805599454
edu:1.6931471805599454
bilan:1.6931471805599454
cp:1.0
thoma:1.0
j:2.09861228866811
put:1.6931471805599454
lastdriv:2.9459101490553135
z:2.09861228866811
config:2.09861228866811
sy:2.09861228866811
netx:2.09861228866811
run:1.0
access:1.6931471805599454
drive:3.6390573296152584
f:1.6931471805599454
log:1.0
file:1.0
manag:1.0
seem:1.0
way:1.6931471805599454
make:1.6931471805599454
work:1.0
statement:1.0
first:1.6931471805599454
use:2.386294361119891
think:1.0
chang:1.0
problem:1.0
command:1.0
netwar:2.09861228866811
gener:1.0
case:1.0
particular:1.0
add:1.0
devic:1.0
chain:1.0
set:1.0
mean:1.0
unassign:1.0
oppos:1.0
unus:1.6931471805599454
letter:1.6931471805599454
tack:1.0
map:1.6931471805599454
onto:1.0
end:1.0
exist:1.6931471805599454
list:1.0
obvious:1.0
attach:1.0
network:1.0
guess:1.0
next:1.0
thing:1.0
tri:1.0
someth:1.0
like:1.0
machin:1.0
leav:1.6931471805599454
fair:1.0
swath:1.0
still:1.0
allow:1.0
13:1.0
well:1.0
requir:1.0
do:1.6931471805599454
k:1.0
g:1.0
h:1.0
local:1.0
