wefiii:2.386294361119891
axion:2.386294361119891
uucp:1.6931471805599454
warren:1.6931471805599454
e:1.6931471805599454
fridi:1.6931471805599454
iii:1.6931471805599454
subject:1.0
program:1.6931471805599454
manag:1.6931471805599454
two:1.0
question:1.0
repli:1.0
palan:2.09861228866811
palantir:1.6931471805599454
com:1.6931471805599454
organ:1.0
privat:1.0
line:1.0
17:1.0
1993apr22:1.0
204406:1.0
20330:1.0
vpnet:1.6931471805599454
chi:1.6931471805599454
il:1.6931471805599454
u:1.6931471805599454
lisbon:1.0
gerri:1.0
swetski:1.0
write:1.0
2:1.0
set:1.6931471805599454
short:1.0
cut:1.0
key:1.0
return:1.0
know:1.0
ctl:1.0
esc:1.6931471805599454
rather:1.0
avoid:1.0
task:1.0
list:1.0
get:1.0
back:1.0
p:1.0
alt:1.0
f1:1.0
might:1.0
tri:1.0
record:1.0
make:1.0
micro:1.6931471805599454
done:1.0
certain:1.0
oper:1.0
window:1.6931471805599454
app:1.0
abil:1.0
use:1.0
accessori:1.0
problem:1.0
rune:1.0
work:1.0
good:1.0
luck:1.0
250:1.0
61st:1.0
street:1.0
north:1.0
st:1.0
petersburg:1.0
fl:1.0
33710:1.0
internet:1.0
813:1.0
384:1.0
0584:1.0
deep6:1.0
