steve:2.09861228866811
frampton:2.791759469228055
vicuna:2.386294361119891
ocunix:2.09861228866811
ca:2.09861228866811
subject:1.0
kermit:2.6094379124341005
avail:1.6931471805599454
window:2.386294361119891
3:2.386294361119891
0:1.6931471805599454
1:1.6931471805599454
summari:1.0
look:1.0
keyword:1.0
comm:1.0
app:1.0
repli:1.0
distribut:1.0
world:1.0
organ:1.0
system:1.0
kingston:1.6931471805599454
ontario:1.6931471805599454
canada:1.6931471805599454
line:1.0
16:1.0
content:1.0
type:1.0
text:1.0
plain:1.0
charset:1.0
u:1.0
ascii:1.0
hello:1.0
wonder:1.0
packag:1.6931471805599454
actual:1.0
differ:1.0
program:1.0
file:1.0
transfer:1.0
microsoft:1.0
inform:1.0
would:1.0
greatli:1.0
appreci:1.0
plea:1.0
e:1.0
mail:1.6931471805599454
post:1.0
thank:1.0
advanc:1.0
unabash:1.0
shabba:1.0
rank:1.0
fan:1.0
collect:1.0
postcard:1.0
send:2.09861228866811
one:1.6931471805599454
501:1.0
princess:1.0
st:1.0
area:1.0
return:1.0
forget:1.0
email:1.0
address:1.0
k7l:1.0
1c3:1.0
