ramirez:2.386294361119891
iastat:1.6931471805599454
edu:1.6931471805599454
richard:1.6931471805599454
g:1.6931471805599454
subject:1.0
summari:1.0
borland:1.0
microsoft:1.0
databas:1.0
c:1.0
librari:1.0
repli:1.0
organ:1.0
iowa:1.0
state:1.0
univers:1.0
line:1.0
4:1.0
could:1.0
post:1.0
descript:1.0
objectbas:1.0
chosen:1.0
product:1.0
thank:1.0
