cfdeb01:1.6931471805599454
ux1:1.6931471805599454
ct:1.6931471805599454
eiu:1.6931471805599454
edu:1.6931471805599454
dixon:1.6931471805599454
berri:1.6931471805599454
subject:1.0
mail:1.6931471805599454
order:1.6931471805599454
sale:1.6931471805599454
bill:2.09861228866811
receiv:1.6931471805599454
program:1.6931471805599454
organ:1.0
eastern:1.6931471805599454
illinoi:1.6931471805599454
univers:1.6931471805599454
line:1.0
20:1.0
sure:1.0
one:1.6931471805599454
familiar:1.0
compani:1.6931471805599454
goe:1.0
product:1.0
thousand:1.0
client:1.0
need:2.09861228866811
handl:1.0
thing:1.0
abl:1.0
custom:1.0
sourc:1.0
etc:1.0
anyon:1.0
will:1.6931471805599454
sell:1.0
basic:1.0
stuff:1.0
develop:1.6931471805599454
languag:1.0
pay:1.0
1:1.0
000:1.0
readi:1.0
sort:1.0
solut:1.0
immedi:1.0
time:1.0
prototyp:1.0
two:1.0
week:1.0
make:1.0
quick:1.0
cash:1.0
see:1.0
light:1.0
end:1.0
tunnel:1.0
thank:1.0
clinton:1.0
booth:1.0
librari:1.0
someon:1.0
plea:1.0
tell:1.0
comput:1.0
resourc:1.0
center:1.0
train:1.0
cracker:1.0
