davidr:2.386294361119891
mentorg:2.09861228866811
com:2.09861228866811
david:1.6931471805599454
ransier:1.6931471805599454
subject:1.0
dos6:1.0
w4wg:1.0
problem:1.6931471805599454
nntp:1.0
post:1.0
host:1.0
organ:1.0
mentor:1.0
keyword:1.0
line:1.0
20:1.0
run:1.0
window:1.6931471805599454
3:1.6931471805599454
1:1.0
work:1.0
group:1.0
load:1.0
do:1.0
6:1.0
happen:1.0
appear:1.6931471805599454
graphic:1.0
file:1.0
manag:1.0
ad:1.0
menubar:1.0
button:2.386294361119891
gray:1.0
box:1.0
region:1.6931471805599454
cover:1.0
top:1.0
2:1.0
rd:1.0
row:1.6931471805599454
pulldown:1.6931471805599454
menu:1.6931471805599454
look:1.6931471805599454
fine:1.6931471805599454
disk:1.0
label:1.0
see:1.0
bottom:1.0
pixel:1.0
task:1.0
anyon:1.0
el:1.0
experi:1.0
thank:1.0
pdx:1.0
comment:1.0
paid:1.0
offic:1.0
503:1.6931471805599454
685:1.6931471805599454
1528:1.0
fax:1.0
7704:1.0
employ:1.0
