aaron:1.6931471805599454
herskowitz:1.6931471805599454
aherskow:2.09861228866811
alleg:2.09861228866811
edu:2.09861228866811
subject:1.0
sale:1.6931471805599454
borland:3.772588722239781
c:3.4849066497880004
w:1.0
applic:1.6931471805599454
framework:2.09861228866811
3:3.5649493574615367
1:3.302585092994046
repli:1.0
organ:1.0
allegheni:1.6931471805599454
colleg:1.6931471805599454
plea:1.6931471805599454
excus:1.0
inappropri:1.0
post:1.0
read:1.6931471805599454
group:1.0
normal:1.6931471805599454
see:1.0
pc:1.0
relat:1.0
marketplac:1.0
newsgroup:1.6931471805599454
full:1.0
profession:1.0
develop:1.0
kit:1.0
program:1.0
packag:2.09861228866811
includ:2.6094379124341005
unopen:2.09861228866811
softwar:2.09861228866811
manual:2.386294361119891
registr:1.0
card:1.0
still:1.6931471805599454
plastic:2.09861228866811
wrap:2.386294361119891
high:1.6931471805599454
densiti:1.6931471805599454
5:2.386294361119891
25:2.09861228866811
inch:1.0
disk:2.09861228866811
ttotal:1.0
18:1.0
diskett:1.0
2:2.386294361119891
individu:1.0
tdisk:1.0
bc:1.0
app:1.0
label:1.0
amish:1.0
system:1.0
util:2.09861228866811
window:2.6094379124341005
one:1.6931471805599454
tamish:1.6931471805599454
launch:1.0
desk:1.0
phar:1.0
lap:1.0
286:1.0
do:1.0
extend:1.0
lite:1.0
version:1.0
hd:1.0
e:1.6931471805599454
ta:1.6931471805599454
boland:1.0
api:1.0
volum:1.0
ti:1.6931471805599454
refer:2.9459101490553135
guid:3.5649493574615367
tii:1.0
tiii:1.0
tb:1.6931471805599454
turbo:2.6094379124341005
debugg:1.0
0:2.386294361119891
user:2.9459101490553135
tc:1.6931471805599454
profil:1.0
td:1.0
assembl:1.6931471805599454
te:1.0
tintegr:1.0
environ:1.0
toptim:1.0
tcommand:1.0
line:1.0
compil:1.6931471805599454
tinstal:1.0
tf:1.0
programm:1.0
tlanguag:1.0
structur:1.0
class:1.6931471805599454
librari:2.09861228866811
advanc:1.0
prgram:1.0
ttechniqu:1.0
anci:1.0
implementaion:1.0
tg:1.0
truntim:1.0
global:1.0
variabl:1.0
cross:1.0
th:1.0
tool:1.0
terror:1.0
messag:1.0
winsightm:1.0
make:1.0
help:1.0
resourc:1.6931471805599454
ttlink:1.0
object:1.0
ttutori:1.0
open:1.0
unread:1.0
quick:1.0
vision:1.0
workshop:1.0
purchas:1.0
former:1.0
employe:1.0
father:1.6931471805599454
ask:1.6931471805599454
tri:1.0
sell:1.0
sinc:1.0
neither:1.0
u:1.0
use:1.0
retail:1.0
749:1.0
hous:1.0
approx:1.0
480:1.0
400:1.0
interest:1.0
mail:1.0
directli:1.0
meadvil:1.0
pennsylvania:1.0
