robertsa:1.0
unix2:1.6931471805599454
tcd:1.6931471805599454
ie:1.6931471805599454
andrew:1.6931471805599454
l:1.0
robert:1.0
subject:1.0
bmp:1.0
format:1.6931471805599454
mean:1.6931471805599454
nntp:1.0
post:1.0
host:1.0
organ:1.0
triniti:1.0
colleg:1.0
dublin:1.0
line:1.0
7:1.0
exactli:1.0
window:1.0
bitmap:1.6931471805599454
look:1.0
like:1.0
data:1.6931471805599454
store:1.0
width:1.0
height:1.0
colour:1.0
find:1.0
anyth:1.0
th:1.0
user:1.0
manual:1.0
refer:1.0
materi:1.0
would:1.0
give:1.0
inform:1.0
thank:1.0
