doug:2.386294361119891
sun:1.6931471805599454
sw:1.6931471805599454
uiuc:1.6931471805599454
edu:1.6931471805599454
ward:1.6931471805599454
subject:1.0
stealth:2.09861228866811
24:2.09861228866811
video:2.09861228866811
driver:2.6094379124341005
organ:1.0
state:1.0
water:1.0
survey:1.0
line:1.0
14:1.0
recent:1.0
purchas:1.0
diamond:1.6931471805599454
card:1.0
receiv:1.0
wrong:1.0
anyon:1.0
know:1.0
ftp:1.0
window:1.0
tri:1.0
cica:1.0
work:1.0
right:1.0
bb:1.0
file:1.0
almost:1.0
1:1.0
meg:1.0
would:1.6931471805599454
take:1.0
download:1.0
2400:1.0
baud:1.0
inform:1.0
appreci:1.0
plea:1.0
contact:1.0
thank:1.0
