osburn:2.791759469228055
halcyon:2.09861228866811
com:2.386294361119891
tim:2.09861228866811
subject:1.0
netwar:1.0
3:2.386294361119891
11:1.6931471805599454
win:1.0
1:1.6931471805599454
fileman:1.0
organ:1.0
northwest:1.0
nexu:1.0
inc:1.0
line:1.0
12:1.0
nntp:1.0
post:1.0
host:1.0
nwfocu:1.0
wa:1.0
ti:1.0
updat:1.0
someth:1.0
allow:1.0
person:1.6931471805599454
use:1.0
novel:1.6931471805599454
window:1.0
file:1.6931471805599454
manag:1.0
view:1.0
name:1.0
creat:1.0
chang:1.0
like:1.0
command:1.0
ndir:1.0
kb7gbq:1.0
bellevu:1.0
washington:1.0
