herrod:1.6931471805599454
c:1.0
stanford:1.6931471805599454
edu:1.0
stephen:1.0
subject:1.0
do:1.6931471805599454
window:2.09861228866811
macro:1.0
organ:1.0
comput:1.0
scienc:1.0
depart:1.0
univers:1.0
distribut:1.0
usa:1.0
line:1.0
6:1.0
anyon:1.0
know:1.0
program:1.6931471805599454
record:2.09861228866811
keyboard:1.0
sequenc:1.6931471805599454
box:1.0
would:1.0
like:1.0
someth:1.0
start:1.0
telnet:1.0
log:1.0
account:1.0
seem:1.0
abl:1.0
key:1.0
thank:1.0
steve:1.0
