neuhau:2.6094379124341005
bloch:1.6931471805599454
informatik:2.386294361119891
uni:2.386294361119891
kl:2.386294361119891
de:2.386294361119891
stephan:2.09861228866811
hiwi:1.6931471805599454
mattern:1.6931471805599454
subject:1.0
pgp:1.6931471805599454
2:2.386294361119891
gener:1.6931471805599454
comment:1.0
nntp:1.0
post:1.6931471805599454
host:1.0
organ:1.0
univers:1.0
kaiserslautern:1.0
germani:1.0
line:1.0
39:1.0
vier:1.0
write:1.0
lot:1.0
stuff:1.0
hate:1.0
follow:1.0
perhap:1.0
clarifi:1.0
thing:1.0
get:1.0
flame:1.6931471805599454
first:1.0
talk:1.0
factor:2.6094379124341005
modulu:2.09861228866811
breakthrough:1.6931471805599454
realli:1.6931471805599454
mean:1.6931471805599454
cryptanalysi:1.0
rsa:2.386294361119891
know:1.6931471805599454
break:1.0
proven:1.0
equival:1.0
damn:1.0
conveni:1.0
repeat:1.0
everi:1.0
time:1.6931471805599454
also:1.0
admit:1.0
non:1.0
group:1.6931471805599454
properti:1.0
cipher:1.0
essenti:1.0
key:2.09861228866811
chain:1.0
thought:1.0
littl:1.0
find:1.0
way:1.6931471805599454
cryptanalyst:2.09861228866811
could:1.6931471805599454
exploit:1.0
structur:1.0
cours:1.0
noth:1.0
wrote:1.0
plea:1.6931471805599454
note:1.6931471805599454
long:2.09861228866811
much:1.0
harder:1.0
increas:1.0
comput:2.09861228866811
speed:1.0
alon:1.0
keep:1.6931471805599454
length:1.0
lock:1.0
step:1.0
e:1.0
peopl:1.6931471805599454
simpli:1.6931471805599454
start:1.0
use:1.6931471805599454
longer:1.6931471805599454
modulus:2.09861228866811
still:1.0
safe:1.0
meant:1.0
advantag:1.0
faster:1.0
probabl:1.0
come:1.0
even:1.0
1024:1.0
bit:1.0
somehow:1.0
broken:1.0
fast:1.0
new:1.0
algorithm:1.0
would:1.0
user:1.0
benefit:1.0
better:1.0
technolog:1.0
hope:1.0
away:1.0
fun:1.0
sig:1.0
close:1.0
inventori:1.0
leav:1.0
pickax:1.0
outsid:1.0
public:1.0
avail:1.0
request:1.0
expir:1.0
date:1.0
