bontchev:2.6094379124341005
fbihh:2.09861228866811
informatik:2.386294361119891
uni:2.09861228866811
hamburg:2.791759469228055
de:2.09861228866811
vesselin:2.09861228866811
subject:1.0
disk:1.6931471805599454
safeti:1.0
measur:1.0
repli:1.0
organ:1.0
viru:1.6931471805599454
test:1.6931471805599454
center:1.6931471805599454
univers:1.6931471805599454
line:1.0
23:1.0
cuffel:1.6931471805599454
spot:1.0
colorado:1.0
edu:1.0
tim:1.0
write:1.0
guarante:1.6931471805599454
delet:1.0
space:2.386294361119891
would:1.6931471805599454
overwritten:1.0
optim:1.0
like:1.0
quicker:1.0
secur:1.6931471805599454
method:1.0
batch:1.0
file:1.6931471805599454
overwrot:1.0
free:1.6931471805599454
exampl:1.0
fill:1.0
bat:1.6931471805599454
techo:1.0
1:1.0
tfill:1.0
top:1.0
head:1.0
includ:1.0
std:1.0
disclaim:1.0
h:1.0
much:1.0
easier:1.0
faster:1.0
probabl:1.0
even:1.0
use:1.6931471805599454
norton:1.0
utilti:1.0
6:1.0
0:1.0
talk:1.0
ibm:1.0
pc:1.0
tell:1.0
wipeinfo:1.0
clean:1.6931471805599454
b:1.0
slack:1.0
end:1.0
govern:1.0
standard:1.0
option:1.0
care:1.0
overwrit:1.0
regard:1.0
vladimirov:1.0
tel:1.0
49:1.6931471805599454
40:1.6931471805599454
54715:1.6931471805599454
224:1.0
fax:1.0
226:1.0
fachbereich:1.0
agn:1.0
pgp:1.0
2:1.6931471805599454
public:1.0
key:1.0
avail:1.0
request:1.0
vogt:1.0
koelln:1.0
strass:1.0
30:1.0
rm:1.0
107:1.0
c:1.0
e:1.0
mail:1.0
2000:1.0
54:1.0
germani:1.0
