bontchev:2.6094379124341005
fbihh:2.09861228866811
informatik:2.386294361119891
uni:2.09861228866811
hamburg:2.791759469228055
de:2.09861228866811
vesselin:2.09861228866811
subject:1.0
licens:1.0
public:2.09861228866811
key:2.09861228866811
implement:2.09861228866811
repli:1.0
organ:1.0
viru:1.6931471805599454
test:1.6931471805599454
center:1.6931471805599454
univers:1.6931471805599454
line:1.0
23:1.0
strnlght:1.0
netcom:1.0
com:1.0
david:1.0
sternlight:1.0
write:1.6931471805599454
provid:1.0
one:1.6931471805599454
hint:1.0
report:1.0
rsa:1.0
express:1.0
puzzlement:1.0
confer:1.0
nobodi:1.0
ask:1.0
permiss:1.0
use:1.6931471805599454
ripem:1.0
pgp:1.6931471805599454
compat:1.0
program:1.0
actual:1.0
support:1.6931471805599454
bill:1.0
specul:1.0
backdoor:1.6931471805599454
rsaref:1.6931471805599454
pkp:1.0
secretli:1.0
nsa:1.0
natur:1.0
welcom:1.0
strongli:1.0
oppos:1.0
person:1.0
see:1.6931471805599454
could:1.0
put:1.0
long:1.0
precis:1.0
modular:1.0
arithmet:1.0
librari:1.0
come:1.0
sourc:1.0
cours:1.0
fact:1.0
mean:1.0
noth:1.0
regard:1.0
vladimirov:1.0
tel:1.0
49:1.6931471805599454
40:1.6931471805599454
54715:1.6931471805599454
224:1.0
fax:1.0
226:1.0
fachbereich:1.0
agn:1.0
2:1.6931471805599454
avail:1.0
request:1.0
vogt:1.0
koelln:1.0
strass:1.0
30:1.0
rm:1.0
107:1.0
c:1.0
e:1.0
mail:1.0
2000:1.0
54:1.0
germani:1.0
