ray:2.386294361119891
ole:1.6931471805599454
cdac:1.6931471805599454
com:2.386294361119891
berri:1.6931471805599454
subject:1.0
hard:1.6931471805599454
drive:1.6931471805599454
secur:1.6931471805599454
fbi:1.0
target:1.0
organ:1.0
cascad:1.0
design:1.6931471805599454
autom:1.0
line:1.0
32:1.0
rja14:1.0
cl:1.0
cam:1.0
ac:1.0
uk:1.0
ross:1.0
anderson:1.0
write:2.09861228866811
articl:1.0
1993apr2:1.0
050451:1.0
7866:1.0
ucsu:1.0
colorado:1.6931471805599454
edu:1.6931471805599454
cuffel:1.6931471805599454
spot:1.0
tim:1.0
suggest:1.0
new:2.09861228866811
pc:1.0
product:1.0
approach:1.6931471805599454
first:1.0
fill:1.0
50:1.6931471805599454
random:1.6931471805599454
file:3.6390573296152584
encrypt:2.386294361119891
number:1.0
known:1.6931471805599454
key:1.6931471805599454
whenev:1.0
secret:1.6931471805599454
creat:1.6931471805599454
delet:1.6931471805599454
replac:1.0
real:1.0
data:1.6931471805599454
non:1.0
better:1.0
yet:1.0
instead:1.6931471805599454
thrash:1.0
around:1.0
do:2.6094379124341005
system:2.791759469228055
take:1.0
step:1.0
minim:1.0
program:1.0
use:2.6094379124341005
en:1.0
decrypt:1.0
ramdisk:1.0
list:1.0
directori:1.6931471805599454
put:1.0
util:1.6931471805599454
password:1.0
protect:1.0
floppi:1.0
catch:1.0
storag:1.6931471805599454
space:2.09861228866811
part:1.0
defrag:1.0
disk:2.386294361119891
thu:1.0
pack:1.0
alloc:1.6931471805599454
cluster:2.386294361119891
0:1.0
n:1.0
back:1.0
end:2.09861228866811
partit:1.6931471805599454
hold:1.6931471805599454
stealth:1.6931471805599454
leav:1.0
small:1.0
2nd:1.0
assign:1.0
anoth:1.0
might:1.0
contain:1.0
set:1.0
invari:1.0
instanc:1.0
due:1.0
minimum:1.0
unit:1.0
unus:1.0
physic:1.0
tail:1.0
associ:1.0
dead:1.0
could:1.0
concaten:1.0
situat:1.0
appear:1.0
kb7ht:1.0
rjberri:1.0
eskimo:1.0
73407:1.0
3152:1.0
compuserv:1.0
