gradi:2.09861228866811
netcom:2.09861228866811
com:2.6094379124341005
1016:1.0
2ef221:1.6931471805599454
subject:1.6931471805599454
sourc:2.791759469228055
mactinosh:1.0
pgp:3.772588722239781
2:2.386294361119891
c:1.6931471805599454
avail:2.6094379124341005
organ:1.0
capriccioso:1.0
x:1.0
newsread:1.0
tin:1.0
version:1.6931471805599454
1:1.6931471805599454
pl6:1.0
line:1.6931471805599454
84:1.0
code:1.6931471805599454
macintosh:2.09861228866811
via:1.6931471805599454
anonym:2.09861228866811
ftp:3.0794415416798357
cd:1.0
pub:2.386294361119891
mget:1.6931471805599454
macpgp2:1.6931471805599454
2src:1.0
sea:1.0
hqx:1.6931471805599454
2srcsignatur:1.0
convert:1.0
compact:1.0
pro:1.0
self:1.0
extract:1.0
archiv:1.0
binhex:1.0
4:1.6931471805599454
0:1.6931471805599454
appropri:1.0
check:1.6931471805599454
digit:2.09861228866811
signatur:2.09861228866811
file:1.0
copi:1.0
non:1.0
user:1.6931471805599454
wish:1.0
plea:1.0
note:1.0
cr:1.0
denot:1.0
end:1.0
lf:1.0
crlf:1.0
purpos:1.0
itar:1.0
act:1.0
unclassifi:1.6931471805599454
technic:1.6931471805599454
document:2.386294361119891
herebi:1.0
releas:1.0
public:3.5649493574615367
domain:1.0
howev:1.0
represent:1.0
made:1.6931471805599454
copyright:1.0
commerci:1.0
right:1.0
may:2.09861228866811
exist:1.0
packag:1.0
full:1.6931471805599454
symantec:1.0
think:1.0
5:1.0
project:1.0
includ:1.6931471805599454
68020:1.0
68000:1.0
pretti:1.0
good:1.0
privaci:1.0
strong:1.0
key:3.5649493574615367
encrypt:1.0
applic:1.6931471805599454
use:2.09861228866811
rsa:2.09861228866811
algorithm:2.09861228866811
patent:1.6931471805599454
unit:1.6931471805599454
state:1.0
idea:2.09861228866811
cipher:2.09861228866811
switzerland:1.0
execut:2.386294361119891
leif:1.0
thep:1.0
lu:1.0
se:1.0
sweden:1.0
night:1.0
nig:1.0
ac:2.09861228866811
jp:1.0
japan:1.0
van:1.0
bc:1.6931471805599454
wimsey:1.0
ca:1.0
canada:1.0
soda:1.0
berkeley:1.6931471805599454
edu:3.3978952727983707
p:1.0
r:1.0
src:1.0
doc:1.0
ic:1.0
uk:2.386294361119891
kingdom:1.0
ghost:1.0
dsi:1.0
unimi:1.0
itali:1.0
plaza:1.0
aarnet:1.0
au:1.0
australia:1.0
nic:1.0
funet:1.0
fi:1.0
finland:1.0
server:1.0
site:2.09861228866811
send:1.0
messag:1.0
help:1.0
inform:1.0
internet:1.0
junkbox:1.0
cc:1.6931471805599454
iastat:2.09861228866811
michael:1.0
graff:1.0
explor:1.6931471805599454
tbird:1.0
usr:1.0
toxicwast:1.6931471805599454
mit:2.09861228866811
derek:1.0
atkin:1.0
warlord:1.0
phil:2.09861228866811
utmb:2.09861228866811
john:1.6931471805599454
perri:2.386294361119891
demon:2.09861228866811
co:2.09861228866811
mark:1.6931471805599454
turner:1.0
pubr:1.0
uucp:1.0
jpunix:1.6931471805599454
built:1.6931471805599454
licens:1.0
data:1.0
secur:2.386294361119891
inc:1.0
block:1.0
approv:1.0
nation:1.0
agenc:1.0
educ:1.0
posse:1.0
distribut:1.0
binari:1.0
civil:1.0
crimin:1.0
offens:1.0
suggest:1.0
improv:1.0
bug:1.0
comment:1.6931471805599454
directli:1.0
post:1.6931471805599454
alt:1.6931471805599454
princip:1.0
develop:1.0
list:1.0
among:1.0
gener:1.0
question:1.0
cryptographi:1.0
sci:1.0
crypt:1.0
usenet:1.0
group:1.0
15:1.0
e2:1.0
ad:1.0
d3:1.0
d1:1.0
c6:1.0
f3:1.0
fc:1.0
58:1.0
f7:1.0
3d:1.0
4f:1.0
01:1.0
1e:1.0
2f:1.0
