jad:2.09861228866811
nsa:1.6931471805599454
hp:1.6931471805599454
com:1.6931471805599454
john:1.6931471805599454
dilley:1.6931471805599454
subject:1.6931471805599454
compress:2.09861228866811
crypt:1.6931471805599454
foo:1.6931471805599454
de:2.386294361119891
e:1.0
k:1.0
distribut:1.0
sci:1.0
line:1.0
12:1.0
organ:1.0
network:1.0
system:1.0
architectur:1.0
ti:1.0
bunch:1.0
question:1.0
encrypt:2.09861228866811
scheme:1.0
referenc:1.0
messag:1.0
rel:1.0
data:1.6931471805599454
privaci:1.6931471805599454
provid:1.6931471805599454
sequenc:1.0
compar:1.0
straight:1.6931471805599454
addit:1.0
make:1.0
cyphertext:1.0
significantli:1.0
harder:1.0
crack:1.0
use:1.0
current:1.0
method:1.0
would:1.0
run:1.0
greater:1.0
import:1.0
remov:1.0
constant:1.0
header:1.0
thank:1.0
net:1.0
wisdom:1.0
