kadi:2.386294361119891
c:1.6931471805599454
uiuc:1.6931471805599454
edu:1.6931471805599454
carl:2.09861228866811
subject:1.0
eff:2.791759469228055
initi:1.6931471805599454
analysi:1.6931471805599454
clinton:2.09861228866811
privaci:2.791759469228055
secur:3.302585092994046
propos:2.6094379124341005
organ:2.09861228866811
univers:1.0
illinoi:1.0
dept:1.0
comp:1.6931471805599454
sci:1.0
urbana:1.0
il:1.0
line:1.0
107:1.0
articl:1.0
org:1.0
news:1.0
effector:1.0
onlin:1.0
5:1.0
06:1.0
april:1.0
16:1.0
1993:1.0
administr:3.1972245773362196
today:1.0
made:1.6931471805599454
major:1.6931471805599454
announc:1.0
cryptographi:1.0
polici:1.0
effect:1.6931471805599454
million:1.0
american:1.0
first:2.09861228866811
part:2.386294361119891
plan:1.6931471805599454
begin:1.6931471805599454
comprehens:1.6931471805599454
inquiri:2.791759469228055
commun:2.09861228866811
issu:2.09861228866811
export:1.0
control:1.0
deni:1.0
peopl:1.6931471805599454
easi:1.0
access:1.0
robust:1.0
encrypt:2.386294361119891
well:1.0
law:2.6094379124341005
enforc:2.6094379124341005
pose:1.0
new:1.0
technolog:1.0
howev:1.6931471805599454
concern:1.6931471805599454
alreadi:1.0
reach:1.0
conclus:1.0
one:2.09861228866811
critic:1.0
public:2.386294361119891
comment:1.0
discus:1.6931471805599454
allow:1.0
appar:1.0
go:1.0
use:2.386294361119891
leverag:1.0
get:1.6931471805599454
telephon:1.0
equip:1.0
vendor:1.6931471805599454
adopt:2.6094379124341005
voic:1.0
standard:2.386294361119891
develop:2.09861228866811
nation:1.0
agenc:1.6931471805599454
call:1.0
clipper:2.386294361119891
chip:3.0794415416798357
80:1.6931471805599454
bit:2.09861228866811
split:1.6931471805599454
key:3.3978952727983707
escrow:3.0794415416798357
scheme:2.386294361119891
built:1.0
manufactur:2.386294361119891
militari:1.0
contractor:1.0
two:2.09861228866811
separ:1.0
agent:2.9459101490553135
would:2.386294361119891
store:1.0
user:1.6931471805599454
requir:1.0
turn:1.6931471805599454
upon:1.6931471805599454
present:1.6931471805599454
valid:1.6931471805599454
warrant:1.6931471805599454
classifi:2.386294361119891
avail:1.0
incorpor:1.0
product:2.09861228866811
rais:1.0
number:1.0
seriou:1.0
appear:1.0
solut:1.6931471805599454
conduct:1.0
nsa:1.0
may:2.09861228866811
better:1.0
furthermor:1.0
reli:1.0
govern:2.386294361119891
sole:1.0
sourc:1.6931471805599454
rather:1.0
independ:1.6931471805599454
abl:1.0
produc:1.0
chipset:1.0
base:1.0
open:2.09861228866811
second:1.0
algorithm:2.6094379124341005
trust:1.0
unless:1.0
test:1.0
yet:1.6931471805599454
keep:1.0
believ:1.6931471805599454
ought:1.6931471805599454
confid:1.6931471805599454
expert:1.0
scrutini:1.0
third:1.6931471805599454
dual:1.0
system:1.6931471805599454
prove:1.6931471805599454
reason:1.0
balanc:1.0
need:1.0
detail:1.6931471805599454
must:1.0
explor:1.0
publicli:1.0
give:1.0
safeti:1.0
disclosur:1.0
parti:1.0
waiv:1.0
individu:1.0
fifth:1.0
amend:1.0
right:1.0
subsequ:1.0
crimin:1.0
sum:1.0
shown:1.0
great:1.0
sensit:1.0
import:1.0
digit:1.0
consid:1.0
even:1.6931471805599454
divid:1.0
hold:1.0
40:1.0
like:1.0
attorney:1.0
gener:1.0
ask:1.0
identifi:1.0
appropri:1.0
suggest:1.0
non:1.6931471805599454
feder:1.6931471805599454
perhap:1.0
reserv:1.0
government:1.0
agreement:1.0
ident:1.0
registr:1.0
done:1.0
devic:1.6931471805599454
tie:1.0
person:1.0
possibl:1.0
back:2.09861228866811
door:2.386294361119891
claim:1.0
mean:1.0
other:1.0
could:1.0
break:1.0
code:1.0
without:1.0
presid:1.6931471805599454
told:1.0
order:1.6931471805599454
interest:1.0
arrang:1.6931471805599454
star:1.0
crypto:1.0
cracker:1.0
team:1.0
come:1.0
examin:1.0
trap:1.0
result:1.0
investig:1.0
market:1.6931471805599454
driver:1.0
move:1.0
show:1.0
fed:1.0
big:1.0
custom:1.0
includ:1.0
fbi:1.0
secret:1.0
servic:1.0
vp:1.0
al:1.0
gore:1.0
mayb:1.0
inform:1.0
contact:1.0
jerri:1.0
berman:1.0
execut:1.0
director:1.0
daniel:1.0
j:1.0
weitzner:1.0
senior:1.0
staff:1.0
counsel:1.0
repres:1.0
