subject:1.0
pgp:1.0
pem:1.0
rfc:1.0
cryptographi:2.09861228866811
patent:2.09861228866811
rubin:2.386294361119891
dsg4:2.09861228866811
dse:2.09861228866811
beckman:2.6094379124341005
com:2.791759469228055
arthur:2.09861228866811
organ:1.0
instrument:1.6931471805599454
inc:1.0
nntp:1.0
post:1.0
host:1.0
line:1.0
22:1.0
c5lj0t:1.0
k52:1.0
blaze:1.0
c:1.6931471805599454
jhu:1.6931471805599454
edu:1.6931471805599454
eifrig:1.6931471805599454
beanworld:1.0
jonathan:1.0
write:1.0
fact:1.6931471805599454
unlaw:2.386294361119891
distribut:1.6931471805599454
code:1.6931471805599454
implement:1.6931471805599454
rsa:2.6094379124341005
without:1.6931471805599454
licens:1.6931471805599454
pkp:2.386294361119891
whether:1.0
one:1.6931471805599454
charg:1.0
furthermor:1.0
use:2.6094379124341005
research:1.0
purpos:1.0
allow:1.0
u:2.386294361119891
law:1.6931471805599454
similarli:1.0
therefor:1.0
averag:1.0
citizen:1.0
encrypt:1.0
messag:1.0
traffic:1.0
wrong:1.0
think:1.0
even:1.0
claim:1.0
appear:1.0
agre:1.0
last:1.0
sentenc:1.0
restrict:1.0
yet:1.0
although:1.0
begin:1.0
look:1.0
like:1.0
chang:1.0
impedi:1.0
widespread:1.0
ye:1.0
correct:1.0
l:1.0
work:1.0
brea:1.0
216:1.0
5888:1.0
mcimail:1.0
70707:1.0
453:1.0
compuserv:1.0
pnet01:1.0
ct:1.0
person:1.0
opinion:1.0
repres:1.0
employ:1.0
