rboudri:1.0
chpc:1.0
org:1.0
rob:1.0
boudri:1.0
subject:1.0
white:1.0
hous:1.0
public:1.0
encrypt:1.0
manag:1.0
fact:1.0
sheet:1.0
organ:1.0
center:1.0
high:1.0
perf:1.0
comput:1.0
wpi:1.0
marlboro:1.0
distribut:1.0
na:1.0
line:1.0
10:1.0
secur:1.6931471805599454
key:2.09861228866811
escrow:2.09861228866811
system:2.09861228866811
make:1.0
decis:1.0
intend:1.6931471805599454
prevent:1.6931471805599454
privat:1.6931471805599454
sector:1.6931471805599454
develop:1.6931471805599454
govern:1.0
approv:1.0
microcircuit:1.0
algorithm:1.0
equal:1.6931471805599454
effect:1.6931471805599454
assur:1.6931471805599454
privaci:1.6931471805599454
yeah:1.0
applic:1.0
