strnlght:1.0
netcom:1.0
com:1.0
david:2.09861228866811
sternlight:1.6931471805599454
subject:1.0
open:1.0
letter:1.0
mr:1.0
clinton:1.0
organ:1.0
dsi:1.0
uscrpac:1.0
line:1.0
14:1.0
simpl:1.0
way:1.0
convert:1.0
clipper:1.0
propos:1.0
unexception:1.0
one:1.0
make:1.0
voluntari:1.0
get:1.0
high:1.0
qualiti:1.0
secur:1.0
nsa:1.0
classifi:1.0
technolog:1.0
agre:1.0
escrow:1.0
key:1.0
otherwis:1.0
great:1.0
care:1.0
taken:1.0
ensur:1.0
accuraci:1.0
inform:1.0
error:1.0
omiss:1.0
except:1.0
