georg:2.09861228866811
minster:1.0
york:2.09861228866811
ac:1.6931471805599454
uk:1.6931471805599454
subject:1.0
non:1.6931471805599454
word:2.09861228866811
password:2.09861228866811
gener:1.6931471805599454
organ:1.0
depart:1.0
comput:1.0
scienc:1.0
univers:1.0
england:1.0
line:1.0
10:1.0
anyon:1.0
know:1.0
program:1.0
pc:1.0
e:1.6931471805599454
produc:1.0
nonsens:1.0
still:1.6931471805599454
pronounc:1.0
g:1.0
lisgollan:1.0
want:1.0
forc:1.0
user:1.0
adopt:1.0
secur:1.0
memor:1.0
thank:1.0
bolt:1.0
p:1.0
plea:1.0
email:1.0
well:1.0
possibl:1.0
psychmip:1.0
