wc:1.6931471805599454
anchor:1.6931471805599454
ho:1.6931471805599454
att:2.09861228866811
com:2.09861228866811
bill:2.09861228866811
stewart:1.6931471805599454
1:2.386294361119891
908:1.6931471805599454
949:1.6931471805599454
0705:1.6931471805599454
subject:1.0
white:2.09861228866811
hous:2.09861228866811
wiretap:2.09861228866811
chip:1.0
disinform:1.0
sheet:1.6931471805599454
organ:1.0
ministri:1.0
truth:1.0
repli:1.0
clipper:1.0
csrc:1.0
ncsl:1.0
nist:1.0
gov:1.0
messag:1.0
fri:1.0
16:1.0
apr:1.0
1993:1.0
20:1.0
44:1.0
58:1.6931471805599454
gmt:1.0
keyword:1.0
big:1.0
bubba:1.0
watch:1.0
nntp:1.0
post:1.0
host:1.0
rainier:1.0
line:1.6931471805599454
fascin:1.0
content:1.0
announc:1.0
said:1.0
give:2.09861228866811
u:1.6931471805599454
almost:1.0
noth:1.0
valu:1.0
threaten:1.0
take:1.0
away:1.0
lot:2.09861228866811
sincer:1.0
smile:1.0
face:1.0
nice:1.0
friendli:1.0
word:1.0
manag:1.6931471805599454
fact:1.0
public:1.0
encrypt:3.3978952727983707
first:1.6931471805599454
thing:2.09861228866811
say:2.9459101490553135
stronger:1.0
govern:3.1972245773362196
develop:1.6931471805599454
microcircuit:1.6931471805599454
provid:1.0
privaci:1.6931471805599454
substanti:1.0
robust:1.0
current:1.0
standard:1.0
also:1.0
permit:1.0
escrow:2.386294361119891
key:2.791759469228055
need:2.386294361119891
unlock:1.0
system:2.09861228866811
allow:1.0
gain:1.0
access:1.0
inform:1.0
appropri:1.0
legal:2.09861228866811
author:1.0
de:2.09861228866811
strong:1.0
enough:1.6931471805599454
break:2.386294361119891
major:1.0
effect:2.09861228866811
make:2.9459101490553135
easier:1.0
best:1.0
difficult:1.0
nsa:1.6931471805599454
sinc:1.0
get:1.6931471805599454
one:1.0
two:1.0
brute:1.0
forc:1.0
search:1.0
40:1.0
bit:1.0
similarli:1.0
commerci:1.6931471805599454
avail:1.6931471805599454
alreadi:1.0
includ:1.0
form:1.0
may:1.0
abl:1.0
like:1.0
tripl:1.0
idea:1.0
phone:1.0
compani:1.0
could:1.6931471805599454
offer:1.0
base:1.0
convinc:1.0
would:1.0
let:1.0
money:2.09861228866811
next:1.0
cours:1.6931471805599454
alway:1.0
presid:1.0
chang:1.0
amend:1.0
mere:1.0
decre:1.0
tin:1.0
decis:1.0
intend:1.0
prevent:1.0
tprivat:1.0
sector:1.0
approv:1.6931471805599454
tother:1.0
algorithm:1.0
equal:1.0
tassur:1.0
secur:1.6931471805599454
clearli:1.0
mean:2.09861228866811
illeg:1.0
unless:1.0
soon:1.0
busi:1.0
buy:1.6931471805599454
anoth:1.0
go:1.6931471805599454
ask:1.0
congress:2.09861228866811
budget:1.0
crisi:1.0
might:1.0
debat:1.0
polici:1.0
issu:1.0
cash:1.0
attorney:1.6931471805599454
gener:1.6931471805599454
procur:1.0
util:1.6931471805599454
devic:1.0
extent:1.0
preserv:1.6931471805599454
abil:1.6931471805599454
conduct:1.6931471805599454
law:1.6931471805599454
electron:1.0
surveil:1.6931471805599454
fulfil:1.0
enforc:1.0
commun:1.0
shall:1.0
fund:1.6931471805599454
depart:1.0
justic:1.0
asset:1.0
forfeitur:1.0
super:1.0
surplu:1.0
purchas:1.0
got:1.0
control:1.0
equip:1.0
detect:1.0
non:1.0
crypto:1.0
tpray:1.0
peac:1.0
bell:1.0
lab:1.0
4m312:1.0
holmdel:1.0
nj:1.0
new:1.0
jersey:1.0
work:1.0
cyberspac:1.0
commect:1.0
202:1.6931471805599454
456:1.6931471805599454
1111:1.0
fax:1.0
2461:1.0
