barrett:2.386294361119891
luci:1.6931471805599454
ee:2.09861228866811
und:2.09861228866811
ac:2.09861228866811
za:2.09861228866811
alan:1.6931471805599454
subject:1.0
white:1.0
hous:1.0
public:1.0
encrypt:1.0
manag:1.0
fact:1.0
sheet:1.0
organ:1.0
elec:1.0
eng:1.6931471805599454
univ:1.6931471805599454
natal:1.6931471805599454
durban:1.6931471805599454
africa:1.6931471805599454
line:1.0
19:1.0
distribut:1.6931471805599454
inet:1.0
nntp:1.0
post:1.0
host:1.0
articl:1.0
c5lgaz:1.0
250:1.0
dove:1.0
nist:1.6931471805599454
gov:1.6931471805599454
clipper:1.6931471805599454
csrc:1.0
ncsl:1.0
chip:1.0
announc:1.0
write:1.0
na:1.0
thank:1.0
topic:1.0
interest:1.0
much:1.0
wider:1.0
audienc:1.0
make:1.6931471805599454
decis:1.6931471805599454
intend:1.6931471805599454
prevent:1.6931471805599454
privat:1.6931471805599454
sector:1.6931471805599454
develop:1.6931471805599454
govern:1.6931471805599454
approv:1.6931471805599454
microcircuit:1.6931471805599454
algorithm:1.6931471805599454
equal:1.0
effect:1.6931471805599454
assur:1.6931471805599454
privaci:1.6931471805599454
secur:1.0
key:1.0
escrow:1.0
system:1.0
except:1.0
apb:1.0
dept:1.0
electron:1.0
south:1.0
rfc822:1.0
