ji:1.6931471805599454
c:1.0
columbia:1.6931471805599454
edu:1.0
john:1.0
ioannidi:1.0
subject:1.0
sourc:2.09861228866811
random:2.09861228866811
bit:2.09861228866811
unix:1.0
workstat:1.6931471805599454
organ:1.0
univers:1.0
depart:1.0
comput:1.0
scienc:1.0
line:2.09861228866811
32:1.0
articl:1.0
899:1.0
pivot:1.0
sbi:2.09861228866811
com:2.09861228866811
bet:2.09861228866811
bennett:1.6931471805599454
todd:1.0
salomon:1.0
brother:1.0
inc:1.0
ny:1.0
write:1.6931471805599454
heard:1.6931471805599454
solut:1.6931471805599454
sound:1.0
good:1.6931471805599454
folk:1.0
experienc:1.0
time:1.6931471805599454
30:1.0
60:1.0
second:2.6094379124341005
run:2.09861228866811
reason:1.0
configur:1.0
will:1.0
add:1.0
much:1.0
delay:1.0
someon:1.0
login:2.386294361119891
process:1.6931471805599454
approach:1.0
etherfind:1.0
compress:1.6931471805599454
skip:1.0
10k:1.6931471805599454
take:2.09861228866811
two:1.0
consid:1.0
end:1.0
launch:1.0
md5:2.386294361119891
simultan:1.0
tri:1.0
suck:1.0
net:1.6931471805599454
sit:1.0
idl:1.0
get:1.6931471805599454
finish:1.0
use:1.6931471805599454
way:1.0
could:1.0
guarante:1.0
determinist:1.0
upper:1.0
bound:1.0
still:1.0
common:1.0
case:1.0
coupl:1.6931471805599454
extra:1.0
53:1.0
hash:2.09861228866811
20m:1.0
core:1.0
know:1.0
inform:1.6931471805599454
accept:1.0
part:1.0
go:1.0
network:1.0
traffic:1.0
pseudo:1.0
right:1.0
thing:1.0
pas:1.0
cryptograph:1.6931471805599454
function:1.6931471805599454
compressor:1.0
asid:1.0
fact:1.0
faster:1.0
give:1.6931471805599454
better:1.0
result:1.0
think:1.0
distil:1.0
someth:1.0
along:1.0
tetherfind:1.0
x:1.0
n:1.0
dd:1.6931471805599454
b:1.0
1k:1.0
count:1.0
10:1.0
2:1.0
dev:1.0
null:1.0
trick:1.0
timestamp:1.0
lack:1.0
u:1.0
make:1.0
sure:1.0
ten:1.6931471805599454
oppos:1.0
k:1.0
lightli:1.0
load:1.0
ethernet:1.0
