wesomm:1.0
mit:2.386294361119891
edu:2.9459101490553135
bill:2.09861228866811
sommerfeld:1.0
subject:1.0
sourc:1.0
announc:1.0
organ:1.0
massachusett:1.0
institut:1.6931471805599454
technolog:1.6931471805599454
line:1.0
112:1.0
distribut:1.0
world:1.0
nntp:1.0
post:1.0
host:2.09861228866811
cat:1.0
repli:1.0
marc:1.0
messag:1.0
18:1.6931471805599454
apr:2.6094379124341005
1993:1.0
01:1.0
19:1.0
38:1.0
gmt:1.0
telnet:2.6094379124341005
csrc:1.6931471805599454
ncsl:4.044522437723423
nist:4.295836866004329
gov:4.258096538021482
25:2.6094379124341005
tri:2.6094379124341005
connect:3.1972245773362196
escap:2.6094379124341005
charact:2.6094379124341005
220:2.6094379124341005
first:2.6094379124341005
org:3.0794415416798357
sendmail:2.386294361119891
4:2.386294361119891
1:2.386294361119891
readi:2.6094379124341005
sat:2.386294361119891
17:2.6094379124341005
93:2.386294361119891
20:1.0
42:1.0
56:1.0
edt:2.386294361119891
expn:2.9459101490553135
clipper:1.0
250:4.637586159726386
csspab:1.6931471805599454
mail:2.386294361119891
gw:2.386294361119891
den:1.0
c:1.0
georgetown:1.0
hoffman:1.0
sea:1.0
gwu:1.0
mkapor:1.0
eff:1.0
rotenberg:1.0
cpsr:1.0
rivest:1.0
mhellman:1.0
stanford:1.0
alanrp:1.0
aol:1.0
com:2.9459101490553135
dparker:1.0
sri:1.0
jim:1.0
rsa:1.0
branstad:2.09861228866811
ti:1.6931471805599454
mgrsplu:1.6931471805599454
csme:2.386294361119891
quit:2.09861228866811
221:2.09861228866811
close:2.386294361119891
note:1.0
also:1.0
129:2.386294361119891
6:2.6094379124341005
54:1.6931471805599454
2:2.09861228866811
rbj:2.09861228866811
dougm:1.0
23:2.09861228866811
08:1.0
58:1.0
mcnulti:2.6094379124341005
ecf:2.9459101490553135
iren:1.0
gilbert:1.0
igilbert:1.0
denni:1.6931471805599454
robert:1.0
rosenth:1.0
rmr:1.0
gene:1.0
troy:1.6931471805599454
smid:2.386294361119891
st1:2.791759469228055
steinauer:1.0
dd:1.0
katzk:2.386294361119891
48:1.6931471805599454
199:1.0
jck:1.0
3:1.6931471805599454
06:1.0
50:1.0
burrow:2.386294361119891
colvin:1.6931471805599454
gangemi:1.0
dockmast:1.6931471805599454
ncsc:1.6931471805599454
mil:2.09861228866811
john:1.6931471805599454
kuyer:1.6931471805599454
slambert:1.0
cgin:1.0
cto:1.0
citicorp:1.0
lipner:1.0
mitr:1.0
gallagh:1.0
cindi:1.0
rand:1.6931471805599454
postmast:1.0
dot:1.0
walker:1.0
willi:1.0
eddi:1.0
zeitler:1.6931471805599454
cri:1.0
castro:1.6931471805599454
whitehurst:1.0
vnet:1.0
ibm:1.0
91:1.6931471805599454
nb:1.0
11:1.0
13:1.0
43:1.0
mile:1.0
stuart:1.0
foreign:1.0
tgv:1.6931471805599454
multinet:1.6931471805599454
smtp:1.6931471805599454
servic:2.09861228866811
jame:1.0
lynn:1.0
complet:1.0
whoi:1.6931471805599454
h:1.0
r:1.0
intern:1.6931471805599454
net:1.0
nation:1.0
standard:1.0
dom:1.0
225:1.0
a216:1.0
gaithersburg:1.0
md:1.0
20899:1.0
domain:2.09861228866811
name:1.0
administr:1.0
contact:2.09861228866811
wack:1.6931471805599454
p:1.0
jpw18:1.0
enh:1.6931471805599454
301:1.6931471805599454
975:1.6931471805599454
3411:1.6931471805599454
ft:1.6931471805599454
879:1.6931471805599454
technic:1.0
zone:1.0
hunt:1.6931471805599454
craig:1.0
w:1.0
cwh3:1.0
3827:1.6931471805599454
record:1.0
last:1.0
updat:1.0
dec:1.0
server:1.6931471805599454
list:1.0
order:1.0
dove:1.0
t129:1.0
16:1.0
ame:1.0
arc:1.0
nasa:1.0
t128:1.0
102:1.0
registr:1.0
contain:1.0
internet:1.0
inform:1.6931471805599454
network:1.0
asn:1.0
poc:1.0
plea:1.0
use:1.0
nic:1.0
ddn:1.0
milnet:1.0
