c445585:1.6931471805599454
mizzou1:2.09861228866811
missouri:2.386294361119891
edu:2.09861228866811
john:1.6931471805599454
kelsey:1.6931471805599454
subject:1.6931471805599454
corpor:2.386294361119891
accept:1.0
wiretap:1.6931471805599454
chip:2.09861228866811
nntp:1.0
post:1.0
host:1.0
organ:2.09861228866811
univers:1.0
line:1.0
60:1.0
strnlght:1.0
netcom:1.0
com:1.0
david:1.0
sternlight:1.0
write:1.0
follow:1.0
opinion:1.0
assert:1.0
truth:1.0
flame:1.0
plea:1.0
come:1.0
background:1.0
20:1.0
year:1.0
senior:1.0
staff:1.0
execut:1.0
two:1.0
fortun:1.0
50:1.0
compani:1.6931471805599454
happi:2.09861228866811
use:1.6931471805599454
crypto:1.0
system:2.09861228866811
suppli:1.0
nsa:2.791759469228055
busi:1.0
told:1.0
secur:2.791759469228055
de:2.6094379124341005
particular:1.0
resist:1.6931471805599454
attempt:1.0
japanes:1.6931471805599454
french:1.0
competit:1.0
govern:1.0
break:1.0
even:1.6931471805599454
escrow:1.6931471805599454
key:2.6094379124341005
provid:1.0
bona:1.0
fide:1.0
agenc:1.6931471805599454
feder:1.0
reserv:1.0
would:2.791759469228055
certainli:1.0
satisfi:1.0
someth:2.09861228866811
set:1.0
one:2.386294361119891
big:1.6931471805599454
8:1.6931471805599454
account:1.6931471805599454
firm:1.6931471805599454
doubt:1.6931471805599454
attitud:1.0
mani:1.6931471805599454
leader:1.0
understand:1.6931471805599454
exec:1.6931471805599454
know:1.0
much:1.6931471805599454
cryptolog:1.0
easi:1.0
get:1.0
taken:1.0
someon:1.0
peddl:1.0
snake:1.0
oil:1.0
propos:1.0
scheme:2.386294361119891
major:1.6931471805599454
improv:1.0
telephon:1.0
exist:1.6931471805599454
problem:1.6931471805599454
kind:1.6931471805599454
concern:1.0
weakest:1.0
link:1.0
chain:1.0
suspect:1.0
put:1.0
fairli:1.0
strong:1.6931471805599454
encrypt:1.6931471805599454
algorithm:1.6931471805599454
probabl:1.6931471805599454
least:1.0
say:2.09861228866811
ofb:1.0
mode:1.0
unfortun:1.0
registri:1.0
seem:1.0
make:1.0
possibl:1.6931471805599454
attack:1.0
small:1.0
fraction:1.0
expens:1.6931471805599454
tri:1.0
build:1.6931471805599454
keysearch:1.6931471805599454
machin:1.6931471805599454
origin:1.0
describ:1.6931471805599454
sound:1.0
like:1.6931471805599454
polic:1.6931471805599454
court:1.6931471805599454
combin:1.0
could:2.09861228866811
acquir:1.0
given:1.0
hope:1.0
case:1.0
sinc:1.0
impli:1.0
glare:1.0
hole:1.0
cost:1.6931471805599454
find:1.0
crook:1.6931471805599454
jodg:1.0
cop:1.0
especi:1.0
foreign:1.6931471805599454
intellig:1.6931471805599454
crime:1.0
bos:1.0
howev:1.6931471805599454
allow:1.0
access:1.0
unencrypt:1.0
phone:2.09861228866811
convers:1.0
weak:1.0
ness:1.0
may:1.0
difficult:1.0
trust:2.09861228866811
confidenti:2.09861228866811
inform:1.0
100:1.0
000:1.0
crack:1.0
time:1.0
hundr:1.0
complaint:1.0
56:1.0
bit:1.0
sever:1.6931471805599454
million:1.6931471805599454
dollar:1.6931471805599454
messag:1.0
gm:1.0
headquart:1.0
worth:1.0
nissan:1.0
chrysler:1.0
audi:1.0
home:1.0
import:1.0
engin:1.0
design:1.6931471805599454
gee:1.0
mr:1.0
jone:1.0
financi:1.0
late:1.0
mayb:1.0
help:1.0
long:1.0
swiss:1.0
anybodi:1.0
inde:1.0
realli:1.0
idea:1.0
2:1.0
whole:1.0
practic:1.0
cryptanalysi:1.0
puzzl:1.0
palac:1.0
bamford:1.0
employe:1.0
turn:1.0
presum:1.0
kgb:1.0
agent:1.0
despit:1.0
measur:1.0
match:1.0
data:1.0
request:1.0
thousand:1.0
across:1.0
land:1.0
