pat:2.6094379124341005
rwing:2.386294361119891
uucp:1.6931471805599454
myrto:1.6931471805599454
subject:2.09861228866811
secret:2.386294361119891
algorithm:2.6094379124341005
clipper:1.6931471805599454
chip:1.0
crypto:1.6931471805599454
key:2.6094379124341005
escrow:2.09861228866811
keyword:1.0
encrypt:2.09861228866811
wiretap:1.0
mykotronx:1.0
articl:2.09861228866811
2075:1.0
organ:1.0
total:1.0
unorgan:1.0
line:1.0
66:1.0
strnlghtc5pucl:1.0
6kp:1.0
netcom:1.6931471805599454
com:1.6931471805599454
strnlght:1.0
david:1.0
sternlight:1.0
write:1.6931471805599454
apr18:1.0
204843:1.0
50316:1.0
yuma:1.0
acn:1.0
colost:1.6931471805599454
edu:1.6931471805599454
holland:1.6931471805599454
c:1.0
dougla:1.0
craig:1.0
tlet:1.0
ask:1.0
would:2.9459101490553135
trust:1.0
richard:1.6931471805599454
nixon:2.6094379124341005
take:1.6931471805599454
mean:1.0
presid:2.09861228866811
privat:1.0
citizen:2.386294361119891
sure:2.386294361119891
noth:1.6931471805599454
slightest:1.6931471805599454
interest:1.6931471805599454
miss:1.0
implic:1.0
could:1.6931471805599454
anoth:1.0
type:1.0
futur:1.6931471805599454
perhap:1.6931471805599454
distant:1.0
acut:1.0
mind:2.09861228866811
also:1.0
object:1.6931471805599454
gov:1.0
come:1.0
decis:2.09861228866811
propos:2.09861228866811
like:2.09861228866811
clinton:2.09861228866811
crippl:1.6931471805599454
sprung:1.0
u:2.09861228866811
start:1.0
place:1.0
video:1.0
camera:1.0
sound:1.0
everi:1.0
room:1.0
hous:1.0
activ:1.6931471805599454
without:2.386294361119891
knowleg:1.6931471805599454
well:1.0
conceal:1.0
know:1.0
locat:1.0
prevent:1.0
cover:1.0
len:1.0
open:1.0
govern:2.6094379124341005
offici:1.0
right:2.09861228866811
best:1.0
anolog:1.0
principl:1.0
pretti:1.0
close:1.0
abil:1.0
eavesdrop:1.6931471805599454
littl:1.0
effort:1.0
protect:1.6931471805599454
entir:1.0
safeguard:1.0
still:1.6931471805599454
draw:1.0
curtain:1.0
privaci:1.6931471805599454
everyon:1.6931471805599454
el:1.6931471805599454
except:1.0
big:1.0
brother:1.0
need:1.6931471805599454
drug:1.0
dealer:1.0
terrorist:1.0
crimin:1.0
enemi:1.0
state:1.0
realli:2.386294361119891
unbreak:1.6931471805599454
anyway:1.0
sort:1.0
press:1.6931471805599454
releas:1.6931471805599454
put:1.0
find:1.0
curiou:1.0
use:1.0
word:1.0
term:1.6931471805599454
difficult:1.0
break:1.6931471805599454
proper:1.6931471805599454
author:1.0
certainli:1.0
dispos:1.0
want:1.0
abl:1.6931471805599454
illeg:1.0
nawww:1.0
peopl:1.6931471805599454
give:1.0
one:1.6931471805599454
good:1.0
reason:1.0
unless:1.0
scheme:2.09861228866811
either:1.0
joke:1.0
contain:1.0
featur:1.0
master:1.0
back:1.0
door:1.0
unauthor:1.0
even:1.0
moder:1.0
secur:2.09861228866811
meant:1.0
requir:1.6931471805599454
court:1.0
order:1.0
account:1.0
deciph:1.0
traffic:1.0
keep:1.0
seem:1.6931471805599454
hear:1.0
rather:1.0
often:1.0
remain:1.0
effect:1.0
worthwhil:1.0
idl:1.0
talk:1.0
administr:2.09861228866811
bullshit:1.0
great:1.0
skeptic:1.0
mani:1.0
doubt:1.0
intent:1.0
wait:1.0
told:1.0
next:1.0
gem:1.0
e:1.0
mail:1.0
datafil:1.0
say:1.0
part:1.0
comprehens:1.0
thing:2.09861228866811
data:1.0
unprivileg:1.0
better:1.6931471805599454
somehow:1.0
appropri:1.0
impli:1.0
free:1.0
fit:1.0
popul:1.0
serv:1.0
pleasur:1.0
ruler:1.0
certain:1.0
longer:1.0
regard:1.0
bos:1.0
anymor:1.0
way:1.0
around:1.0
prejudic:1.0
ucc:1.0
1:1.0
207:1.0
seattl:1.0
wa:1.0
fail:1.0
tri:1.0
uunet:1.0
pilchuck:1.0
wisdom:1.0
two:1.0
infinit:1.0
univers:1.0
human:1.0
stupid:1.0
former:1.0
albert:1.0
einstien:1.0
