artmel:1.0
well:1.6931471805599454
sf:1.6931471805599454
ca:2.09861228866811
u:1.6931471805599454
arthur:1.0
melnick:1.0
subject:1.0
question:2.09861228866811
regard:1.6931471805599454
big:1.6931471805599454
brother:1.6931471805599454
clipper:2.386294361119891
summari:1.0
thought:1.0
keyword:1.0
nntp:1.0
post:1.6931471805599454
host:1.0
organ:1.0
whole:1.0
earth:1.0
lectron:1.0
link:1.6931471805599454
sausalito:1.0
line:1.0
23:1.0
previou:1.0
hellman:1.6931471805599454
bellovin:1.0
etal:1.0
report:1.0
chip:2.386294361119891
encrypt:2.791759469228055
plaintext:1.6931471805599454
64:2.09861228866811
bit:2.09861228866811
block:2.386294361119891
done:1.0
de:1.0
user:1.0
key:2.09861228866811
k:2.09861228866811
deriv:1.0
rsa:1.0
diffi:1.0
etc:1.0
use:2.386294361119891
form:1.0
three:2.386294361119891
part:2.386294361119891
messag:2.6094379124341005
consist:1.0
e:1.0
serial:1.0
number:1.6931471805599454
still:1.0
anoth:1.0
exampl:1.0
say:1.0
deal:1.0
digit:1.6931471805599454
voic:1.0
applic:1.0
speech:1.0
waveform:1.0
sampl:1.6931471805599454
group:1.0
transmit:1.0
non:1.0
secur:1.0
commun:1.0
someth:1.0
append:1.0
header:1.6931471805599454
sent:1.6931471805599454
begin:1.6931471805599454
session:1.6931471805599454
insur:1.0
equip:1.0
manufactur:2.09861228866811
anyon:1.0
product:1.0
facil:1.0
clearanc:1.0
requir:1.0
idea:1.0
