kadi:2.791759469228055
eff:2.6094379124341005
org:2.386294361119891
carl:2.09861228866811
subject:1.0
would:1.0
clipper:2.9459101490553135
make:1.0
good:1.6931471805599454
cover:1.6931471805599454
encrypt:2.791759469228055
method:1.6931471805599454
origin:1.0
nntp:1.0
post:1.0
host:1.0
organ:1.0
electron:1.0
frontier:1.0
foundat:1.0
line:1.0
26:1.0
might:1.0
way:1.0
use:2.09861228866811
anoth:1.0
layer:1.0
current:1.0
send:1.6931471805599454
messag:1.6931471805599454
oppon:2.09861228866811
usual:1.6931471805599454
tell:1.0
1:1.0
2:1.0
inform:1.0
clear:1.0
know:2.09861228866811
text:1.6931471805599454
encod:1.0
get:1.0
key:1.0
doubl:1.0
kind:1.0
like:1.0
safeti:1.0
deposit:1.0
box:1.6931471805599454
contain:1.0
lock:1.0
think:1.6931471805599454
replac:1.0
also:1.0
front:1.0
end:1.0
repres:1.0
c:1.0
uiuc:1.0
edu:1.0
