johng:1.6931471805599454
ec:1.6931471805599454
comm:1.6931471805599454
mot:1.6931471805599454
com:2.386294361119891
john:1.6931471805599454
gilbert:1.6931471805599454
subject:1.0
clipper:1.0
chip:1.0
bush:1.6931471805599454
organ:1.0
motorola:1.0
land:1.0
mobil:1.0
product:1.0
sector:1.0
distribut:1.0
na:1.0
keyword:1.0
big:1.0
bubba:1.0
watch:1.0
nntp:1.0
post:1.0
host:1.0
145:1.0
1:1.6931471805599454
147:1.0
59:1.0
line:1.0
10:1.0
articl:1.0
wc:1.6931471805599454
93apr17024857:1.0
rainier:1.0
att:1.6931471805599454
anchor:1.0
ho:1.0
bill:1.0
stewart:1.0
908:1.0
949:1.0
0705:1.0
write:1.0
democrat:1.0
version:1.0
defend:1.0
free:1.0
speech:1.6931471805599454
reject:1.0
republican:1.0
follow:1.0
control:1.0
must:1.6931471805599454
work:1.6931471805599454
time:1.0
administr:1.0
quit:1.0
clinton:1.0
simpli:1.0
took:1.0
credit:1.0
blame:1.0
depend:1.0
look:1.0
