pmetzger:1.0
snark:1.0
shearson:1.6931471805599454
com:1.6931471805599454
perri:1.6931471805599454
e:1.0
metzger:1.6931471805599454
subject:1.0
escrow:2.9459101490553135
databas:2.9459101490553135
organ:1.6931471805599454
partnership:1.0
america:1.0
free:1.0
drug:1.0
line:1.0
77:1.0
disturb:1.0
thought:1.0
longer:1.0
live:1.6931471805599454
day:1.6931471805599454
big:2.386294361119891
file:1.0
cabinet:1.0
electron:1.6931471805599454
age:1.0
ask:1.0
could:1.0
get:3.1972245773362196
hard:1.0
might:1.6931471805599454
steal:1.0
whole:1.6931471805599454
thing:2.386294361119891
particularli:1.0
nsa:2.386294361119891
offici:1.0
oper:1.6931471805599454
tacit:1.0
permiss:1.0
hous:1.0
pretend:1.6931471805599454
happen:2.09861228866811
that:2.09861228866811
naiv:1.0
well:1.0
let:1.6931471805599454
see:1.0
ten:2.09861228866811
byte:2.09861228866811
half:1.0
asum:1.0
serial:1.6931471805599454
number:1.6931471805599454
fact:1.0
believ:2.09861228866811
smaller:1.0
order:1.0
magnitud:1.0
calcul:1.0
assum:1.0
250:1.0
10:1.0
6:1.0
popul:1.0
person:1.6931471805599454
key:2.9459101490553135
five:1.0
gigabyt:1.0
two:2.386294361119891
fit:1.0
conveni:1.6931471805599454
singl:1.0
valuabl:1.0
exabyt:2.09861228866811
tape:2.386294361119891
easier:1.0
time:1.6931471805599454
care:1.0
alreadi:1.6931471805599454
hold:1.6931471805599454
clipper:1.6931471805599454
countri:2.09861228866811
pocket:1.6931471805599454
8mm:1.0
admitt:1.0
think:1.6931471805599454
safeguard:1.0
put:1.6931471805599454
one:2.09861228866811
disk:1.0
prehap:1.0
mayb:1.6931471805599454
throw:1.0
stumbl:1.0
block:1.0
way:1.0
chang:1.6931471805599454
noth:1.0
need:1.6931471805599454
everi:1.6931471805599454
hundr:1.0
thousand:1.0
law:1.0
enforc:1.0
type:2.09861228866811
dictat:1.0
system:1.6931471805599454
permit:1.0
quick:1.0
retriev:1.0
point:1.6931471805599454
without:1.6931471805599454
collus:1.0
agenc:1.6931471805599454
go:1.0
cut:1.0
dorothi:1.0
den:1.0
david:1.6931471805599454
sternlight:1.6931471805599454
doubtless:1.0
claim:1.0
know:2.386294361119891
prayer:1.0
word:1.0
instanc:1.0
connot:1.0
realism:1.0
would:1.6931471805599454
convers:1.0
hand:2.386294361119891
yeah:1.0
master:1.0
inform:1.0
store:1.0
aw:1.0
lot:1.0
place:1.0
come:1.0
even:2.09861228866811
copi:1.0
threat:1.6931471805599454
unlik:1.0
contraversi:1.0
polit:1.0
view:1.0
consid:1.0
foreign:1.6931471805599454
intellig:1.6931471805599454
servic:1.6931471805599454
want:1.0
protect:1.0
u:2.09861228866811
evil:1.0
industri:1.6931471805599454
espionag:1.0
french:1.0
appar:1.0
spi:1.0
friendli:1.0
secret:2.386294361119891
complet:1.0
irrat:1.0
although:1.0
compani:1.0
use:1.0
cryptosystem:1.0
back:1.0
door:1.0
left:1.0
unexplain:1.0
presum:1.6931471805599454
mole:1.0
proof:1.0
exampl:1.0
mani:1.6931471805599454
someday:1.0
fraction:1.0
avoid:1.0
sort:2.09861228866811
unauthor:1.0
ever:1.0
crypto:1.0
taught:1.0
someth:1.0
import:1.0
begin:1.0
intro:1.0
cryptographi:1.6931471805599454
secur:1.6931471805599454
must:1.0
depend:1.0
easili:1.0
pick:1.0
run:1.0
teacher:1.0
told:1.0
lump:1.0
categori:1.0
imagin:1.0
tri:1.6931471805599454
replac:1.0
100:1.0
million:1.0
chip:1.0
whomev:1.0
realiz:1.6931471805599454
smart:1.0
made:1.0
bone:1.0
real:1.0
world:1.0
suspect:1.6931471805599454
precis:1.0
give:1.6931471805599454
appear:1.0
safeti:1.0
continu:1.0
surveil:1.0
spite:1.0
growth:1.0
strong:1.0
forev:1.0
delay:1.0
long:1.0
possibl:1.0
higher:1.0
up:1.0
inevit:1.0
bureaucrat:1.0
rise:1.0
realli:1.0
scheme:1.0
peopl:1.0
subordin:1.0
fort:1.0
mead:1.0
wring:1.0
foolish:1.0
tpmetzger:1.0
laissez:1.6931471805599454
fair:1.0
passer:1.0
le:1.0
mond:1.0
va:1.0
de:1.0
lui:1.0
meme:1.0
