gumbi:1.0
tweedledumb:1.6931471805599454
cygnu:2.09861228866811
com:2.386294361119891
v:1.0
henkel:1.0
wallac:1.0
subject:1.0
screw:1.0
peopl:1.6931471805599454
crypto:1.0
hard:1.6931471805599454
core:1.6931471805599454
hacker:1.6931471805599454
spook:1.0
organ:1.0
support:1.0
cambridg:1.0
usa:1.0
line:1.0
11:1.0
nntp:1.0
post:1.0
host:1.0
repli:1.0
jhart:1.6931471805599454
agora:1.6931471805599454
rain:1.6931471805599454
messag:1.0
19:2.386294361119891
apr:1.6931471805599454
93:1.6931471805599454
57:1.6931471805599454
21:1.6931471805599454
gmt:1.6931471805599454
date:1.0
jim:1.0
hart:1.0
simpli:1.0
everyon:1.0
attitud:1.6931471805599454
comput:1.6931471805599454
never:1.0
make:1.0
phone:1.0
call:1.0
away:1.0
10:1.0
yeard:1.0
everybodi:1.0
talkig:1.0
pda:1.0
anyway:1.0
solv:1.0
problem:1.0
