kepley:2.386294361119891
photon:1.6931471805599454
phi:1.6931471805599454
unca:1.6931471805599454
edu:1.6931471805599454
brad:1.6931471805599454
subject:1.0
tap:1.0
code:1.0
good:1.6931471805599454
organ:1.0
univers:1.0
north:1.0
carolina:1.0
ashevil:1.0
distribut:1.0
na:1.0
line:1.0
13:1.0
articl:1.0
1993apr20:1.0
161838:1.0
13213:1.0
coop:1.6931471805599454
com:1.6931471805599454
felixg:1.0
felix:1.0
gallo:1.0
write:1.6931471805599454
pat:1.6931471805599454
rwing:1.0
uucp:1.0
myrto:1.0
clinton:1.6931471805599454
clipper:1.0
plea:1.0
note:1.0
bill:1.0
probabl:1.0
littl:1.0
anyth:1.0
design:1.0
implement:1.0
reason:1.0
behind:1.6931471805599454
chip:1.0
move:1.0
polit:1.0
bicker:1.0
appropri:1.0
group:1.0
internet:1.0
work:1.0
day:1.0
voic:1.0
704:1.0
252:1.0
8330:1.0
