jbotz:1.6931471805599454
mtholyok:2.09861228866811
edu:2.6094379124341005
jurgen:1.6931471805599454
botz:1.6931471805599454
subject:1.0
secret:1.0
sourc:1.0
announc:1.0
organ:1.0
mount:1.0
holyok:1.0
colleg:1.0
line:1.0
32:1.0
distribut:1.0
world:1.0
nntp:1.0
post:1.0
host:1.0
orixa:1.0
articl:1.0
marc:2.386294361119891
93apr17211937:1.0
oliv:1.0
mit:1.6931471805599454
horowitz:1.0
n1nzu:1.0
write:1.0
ask:1.6931471805599454
rather:1.0
comput:1.0
telnet:1.6931471805599454
csrc:2.6094379124341005
ncsl:2.791759469228055
nist:3.0794415416798357
gov:2.791759469228055
25:1.0
tri:1.6931471805599454
connect:2.386294361119891
escap:1.6931471805599454
charact:1.6931471805599454
220:1.6931471805599454
first:2.09861228866811
org:2.09861228866811
sendmail:1.6931471805599454
4:1.6931471805599454
1:1.6931471805599454
readi:1.6931471805599454
sat:1.0
17:1.6931471805599454
apr:1.6931471805599454
93:1.6931471805599454
20:1.6931471805599454
42:1.0
56:1.0
edt:1.6931471805599454
expn:2.09861228866811
clipper:1.6931471805599454
250:1.0
csspab:1.0
mail:1.0
gw:1.0
221:1.0
close:1.6931471805599454
well:1.0
interest:1.6931471805599454
dorothi:1.0
den:1.0
mitch:1.0
kapor:1.0
even:1.0
smtp:1.6931471805599454
server:1.0
longer:1.0
recogn:1.0
vrfi:1.0
command:1.6931471805599454
129:1.0
6:1.0
54:1.0
11:1.0
tue:1.0
01:1.0
34:1.0
500:1.0
unrecogn:1.0
seem:1.0
like:1.6931471805599454
sombodi:1.0
snoop:1.0
around:1.0
vend:1.0
machin:1.0
respond:1.0
finger:1.0
south:1.0
hadley:1.0
usa:1.0
request:1.0
list:1.0
item:1.0
current:1.0
unix:1.6931471805599454
dead:1.0
long:1.0
live:1.0
avail:1.0
purchas:1.0
rfc1288:1.0
