usenet:1.0
news:1.0
cso:1.0
uiuc:1.0
edu:1.0
net:1.0
nois:1.0
owner:1.0
subject:1.0
facin:1.0
fact:1.6931471805599454
30:1.6931471805599454
bit:3.302585092994046
serial:2.386294361119891
number:2.386294361119891
possibl:1.0
fix:1.6931471805599454
s1:3.0794415416798357
s2:2.6094379124341005
organ:1.0
univers:1.0
illinoi:1.0
urbana:1.0
champaign:1.0
line:1.0
32:1.0
way:1.0
view:1.0
method:1.0
gener:2.6094379124341005
unit:2.386294361119891
key:2.9459101490553135
back:1.0
door:1.0
el:1.0
call:1.0
determinist:1.0
n:2.09861228866811
valu:1.0
first:1.6931471805599454
pad:1.6931471805599454
34:1.6931471805599454
block:2.6094379124341005
produc:2.09861228866811
64:2.09861228866811
n1:2.09861228866811
use:1.0
tripl:1.0
encrypt:1.6931471805599454
r1:2.09861228866811
e:2.791759469228055
similarli:1.0
two:2.09861228866811
n2:1.6931471805599454
n3:1.6931471805599454
addit:1.0
r2:2.09861228866811
r3:2.09861228866811
comput:1.0
concaten:1.0
togeth:1.0
give:1.0
192:1.0
80:1.6931471805599454
assign:1.0
u1:2.09861228866811
second:1.0
u2:2.09861228866811
rest:1.0
discard:1.0
u:1.0
xor:1.0
part:1.0
separ:1.0
escrow:2.6094379124341005
agenc:1.0
happen:1.0
need:1.6931471805599454
hous:2.386294361119891
complet:1.0
elimin:1.0
say:1.0
access:1.0
decrypt:1.0
data:1.0
still:1.6931471805599454
serv:1.0
real:1.0
purpos:1.0
far:1.0
illus:1.0
protect:1.0
small:1.0
town:1.0
cop:1.0
let:1.0
secret:1.0
go:1.6931471805599454
motion:1.0
feder:1.0
govern:1.0
build:1.0
chip:1.0
nuff:1.0
said:1.0
