strnlght:1.0
netcom:2.09861228866811
com:2.09861228866811
david:2.09861228866811
sternlight:1.6931471805599454
subject:1.0
escrow:1.0
databas:1.0
organ:1.0
dsi:1.0
uscrpac:1.0
line:1.0
17:1.0
articl:1.0
tcmayc5rs6n:1.0
lz8:1.0
tcmay:1.0
timothi:1.0
c:1.0
may:1.0
write:1.0
waco:1.0
massacr:1.0
big:1.0
brother:1.0
wiretap:1.0
chip:1.0
tactic:1.0
fair:1.0
pernici:1.0
nonsens:1.0
great:1.0
care:1.0
taken:1.0
ensur:1.0
accuraci:1.0
inform:1.0
error:1.0
omiss:1.0
except:1.0
