subject:1.0
tap:1.0
code:1.0
good:1.0
rubin:2.9459101490553135
dsg4:2.6094379124341005
dse:2.6094379124341005
beckman:2.9459101490553135
com:3.0794415416798357
arthur:2.386294361119891
735242424:1.0
1993apr20:1.6931471805599454
151718:1.6931471805599454
2576:1.6931471805599454
magnu:2.09861228866811
ac:2.09861228866811
ohio:2.09861228866811
state:2.09861228866811
edu:2.09861228866811
distribut:1.0
na:1.0
organ:1.0
instrument:1.6931471805599454
inc:1.0
nntp:1.0
post:1.0
host:1.0
line:1.0
15:1.0
jebright:1.0
jame:1.0
r:1.0
ebright:1.0
write:1.6931471805599454
articl:1.0
trust:1.6931471805599454
nsa:1.0
think:1.0
would:1.6931471805599454
presid:2.09861228866811
certain:1.0
told:1.0
crook:1.0
richard:1.0
nixon:1.0
could:1.0
easili:1.0
wrong:1.0
l:1.0
work:1.0
brea:1.0
216:1.0
5888:1.0
mcimail:1.0
70707:1.0
453:1.0
compuserv:1.0
pnet01:1.0
ct:1.0
person:1.0
opinion:1.0
repres:1.0
employ:1.0
