jebright:1.6931471805599454
magnu:2.09861228866811
ac:2.09861228866811
ohio:2.6094379124341005
state:2.6094379124341005
edu:2.791759469228055
jame:1.0
r:1.6931471805599454
ebright:1.6931471805599454
subject:1.6931471805599454
80:1.6931471805599454
bit:2.09861228866811
keyseach:1.0
machin:1.6931471805599454
nntp:1.0
post:1.6931471805599454
host:1.0
top:1.0
organ:1.0
univers:1.6931471805599454
line:1.0
47:1.0
articl:1.6931471805599454
16bb71018:1.0
c445585:1.6931471805599454
mizzou1:1.6931471805599454
missouri:1.6931471805599454
john:1.0
kelsey:1.0
write:1.6931471805599454
1993apr21:1.0
001230:1.0
26384:1.0
lokkur:1.6931471805599454
dexter:1.6931471805599454
mi:1.6931471805599454
u:1.6931471805599454
sc:1.0
steve:1.6931471805599454
simmon:1.0
normal:1.0
last:1.0
argu:1.0
read:1.0
3:1.0
8:1.0
year:1.6931471805599454
solut:1.0
mean:1.0
imagin:2.09861228866811
1:1.0
trial:1.0
nanosecond:1.0
storag:1.6931471805599454
medium:1.0
could:1.0
index:1.0
archiv:1.0
hmmmm:1.0
think:2.09861228866811
realli:1.0
larg:1.0
keyspac:1.0
like:1.6931471805599454
need:1.6931471805599454
alter:1.0
strategi:1.0
discus:1.0
de:1.6931471805599454
attempt:1.0
decrypt:1.6931471805599454
sever:1.0
block:2.09861228866811
check:1.0
disctribut:1.0
content:1.0
feasibl:1.0
keep:1.0
2:1.6931471805599454
encrypt:2.09861228866811
known:1.0
plaintext:1.0
amount:1.0
tape:1.0
cd:1.0
rom:1.0
certainli:1.0
128:1.0
anyon:1.0
know:1.0
cheap:1.0
way:1.6931471805599454
convert:1.0
everi:1.0
atom:1.0
solar:1.0
system:2.09861228866811
one:1.0
devic:1.0
claim:1.0
crypto:1.6931471805599454
analyist:1.0
whole:1.0
lot:1.6931471805599454
good:1.0
literatur:1.0
best:1.0
peopl:1.0
seem:1.0
publish:1.6931471805599454
work:1.6931471805599454
rather:1.6931471805599454
doubt:1.0
approach:1.0
folk:2.09861228866811
use:1.6931471805599454
brute:1.0
forc:1.0
sorri:1.0
impli:1.0
previou:1.0
histori:1.0
thing:1.0
find:1.0
clever:1.0
limit:1.0
search:1.0
bang:1.0
guess:1.0
real:1.6931471805599454
problem:1.0
skipjack:2.09861228866811
believ:1.0
nsa:2.6094379124341005
would:1.0
make:1.0
publicli:1.0
avail:1.0
break:1.0
want:1.0
charter:1.0
rememb:1.6931471805599454
came:1.0
ibm:1.0
first:1.0
given:1.6931471805599454
life:1.0
20:1.0
well:1.0
past:1.0
point:1.0
base:1.0
size:1.0
budget:1.0
spend:1.6931471805599454
technolog:1.0
comput:1.0
compani:1.0
stuff:2.09861228866811
interest:1.0
friend:1.0
dead:1.0
said:1.0
alway:1.0
enjoy:1.0
monitor:1.0
sac:1.0
strateg:1.0
air:1.0
command:1.0
traffic:1.0
suspect:1.0
complex:1.0
militari:1.0
got:1.0
get:1.0
btw:1.0
key:1.0
walker:1.0
spi:1.0
case:1.0
show:1.0
kgb:1.0
either:1.0
inform:1.0
farm:1.0
addr:1.0
phone:1.0
finger:1.0
0:1.6931471805599454
jim:1.0
e:1.0
mail:1.0
jre:1.0
osu:1.0
support:1.6931471805599454
privaci:1.0
