steve:1.6931471805599454
b:1.0
access:2.09861228866811
digex:1.6931471805599454
com:1.0
brinich:1.0
subject:1.0
fight:1.0
clipper:1.0
initi:1.0
organ:1.0
express:1.0
onlin:1.0
commun:1.0
greenbelt:1.0
md:1.0
usa:1.0
line:1.0
7:1.0
nntp:1.0
post:1.0
host:1.0
net:1.0
er:1.0
excus:1.0
sinc:1.0
escrow:1.0
agenc:1.0
yet:1.0
chosen:1.0
say:1.0
histori:1.0
untrustworthi:1.0
behavoir:1.0
sic:1.0
refer:1.0
feder:1.0
law:1.0
enforc:1.0
apparatu:1.0
ultim:1.0
charg:1.0
gener:1.0
