eachu:2.09861228866811
spectr:1.6931471805599454
mitr:2.09861228866811
org:1.6931471805599454
robert:1.0
subject:1.0
shelf:1.0
cheap:1.0
de:1.6931471805599454
keyseach:1.0
machin:2.09861228866811
corpor:1.0
accept:1.0
wiretap:1.0
chip:2.6094379124341005
repli:1.0
sc:1.0
lokkur:1.0
dexter:1.0
mi:1.0
u:1.0
messag:2.09861228866811
wed:1.0
21:1.0
apr:1.0
93:1.0
00:1.0
12:1.6931471805599454
30:1.0
gmt:1.0
nntp:1.0
post:1.0
host:1.0
organ:1.0
corp:1.0
bedford:1.0
1993apr19:1.0
093227:1.0
1093:1.0
jarvi:1.0
csri:1.0
toronto:1.0
edu:1.6931471805599454
1993apr20:1.6931471805599454
150531:1.0
2059:1.0
magnu:1.0
ac:1.0
ohio:1.0
state:1.0
192105:1.0
11751:1.0
ulyss:1.0
att:1.6931471805599454
com:1.6931471805599454
line:1.0
32:1.0
smb:1.0
research:1.0
steven:1.0
bellovin:1.0
write:1.0
thousand:1.6931471805599454
ten:1.0
arithmet:1.0
plea:1.0
skipjack:1.0
2:2.09861228866811
80:1.6931471805599454
possibl:2.09861228866811
key:2.09861228866811
let:1.0
assum:1.0
brute:1.6931471805599454
forc:1.6931471805599454
engin:1.0
like:1.0
hypothes:1.0
1:1.6931471805599454
microsecond:1.6931471805599454
per:2.386294361119891
trial:2.386294361119891
million:1.6931471805599454
10:1.6931471805599454
second:1.0
38:1.0
000:1.0
year:1.6931471805599454
well:1.0
mayb:1.0
get:1.0
run:1.0
one:2.791759469228055
nanosecond:1.0
build:1.6931471805599454
sure:1.0
3:1.6931471805599454
8:1.0
solut:1.0
much:1.0
pernici:1.0
problem:1.0
scheme:2.09861228866811
propos:1.0
test:1.6931471805599454
40:1.0
half:1.0
escrow:2.9459101490553135
agent:2.6094379124341005
easi:1.0
give:2.386294361119891
break:1.6931471805599454
everi:1.0
two:1.6931471805599454
week:1.0
involv:1.0
phone:1.0
xor:1.6931471805599454
file:1.0
noth:1.0
improv:1.0
notic:1.0
xore:1.0
trueli:1.0
random:1.6931471805599454
bit:1.6931471805599454
string:1.6931471805599454
allow:1.0
arbitrari:1.0
number:1.0
use:1.6931471805599454
sk:2.386294361119891
b:2.09861228866811
hand:1.0
three:1.0
come:1.0
encod:1.0
match:1.0
pattern:1.0
exampl:1.0
4:1.0
fewer:1.0
cooper:1.0
crack:1.0
agenc:1.0
benefit:1.0
trobert:1.0
standard:1.6931471805599454
disclaim:1.6931471805599454
function:1.0
text:1.0
clever:1.0
idea:1.6931471805599454
return:1.0
better:1.0
