elee9sf:2.09861228866811
menudo:2.6094379124341005
uh:2.791759469228055
edu:2.791759469228055
karl:2.09861228866811
barru:2.6094379124341005
subject:1.0
tap:1.0
code:1.0
good:1.0
organ:1.0
univers:1.0
houston:1.0
line:1.0
27:1.0
distribut:1.0
na:1.0
strnlghtc5nrhw:1.0
1qb:1.0
netcom:1.6931471805599454
com:1.6931471805599454
nntp:1.0
post:1.0
host:1.0
repli:1.0
strnlght:1.0
messag:1.0
sun:1.0
18:1.0
apr:1.0
1993:1.0
02:1.0
41:1.0
55:1.0
gmt:1.0
david:1.0
sternlight:1.0
write:1.0
trust:2.09861228866811
someth:1.6931471805599454
nsa:2.09861228866811
long:1.0
swiss:1.0
anbodi:1.0
japanes:1.0
incred:1.0
statement:1.0
tri:1.0
suppress:1.0
public:1.0
key:1.0
crypto:1.6931471805599454
rsa:1.0
yet:1.0
claim:1.0
encourag:1.0
use:1.0
strong:1.0
u:1.0
citizen:1.0
would:1.0
black:1.0
box:1.0
versu:1.0
open:1.0
system:1.0
elsewher:1.0
l:1.6931471805599454
prefer:1.6931471805599454
address:1.6931471805599454
tree:1.6931471805599454
egr:1.6931471805599454
nextmail:1.6931471805599454
