smhana:1.0
gpu:1.0
utcc:1.6931471805599454
utoronto:1.0
ca:1.0
wigglesworth:1.0
subject:1.0
freeli:1.6931471805599454
distribut:1.6931471805599454
public:2.09861228866811
key:1.6931471805599454
cryptographi:1.6931471805599454
c:2.09861228866811
code:1.6931471805599454
summari:1.0
know:1.6931471805599454
organ:1.0
access:1.0
line:1.0
8:1.0
rsa:1.0
tri:1.0
variou:1.0
archi:1.0
search:1.0
avail:1.0
tthank:1.0
tdan:1.0
