mrr:1.6931471805599454
scss3:1.6931471805599454
cl:1.6931471805599454
msu:2.09861228866811
edu:2.09861228866811
mark:1.6931471805599454
riordan:1.0
subject:1.0
do:2.386294361119891
6:2.386294361119891
0:2.386294361119891
compress:2.09861228866811
api:2.386294361119891
partial:1.0
answer:1.0
organ:1.0
michigan:1.0
state:1.0
univers:1.0
line:1.0
21:1.0
nntp:1.0
post:2.386294361119891
host:1.0
x:1.0
newsread:1.0
tin:1.0
version:1.0
1:1.6931471805599454
pl8:1.0
look:1.0
inform:1.0
m:1.0
file:1.6931471805599454
system:1.6931471805599454
today:1.0
call:1.0
microsoft:1.0
hotlin:1.0
800:1.0
228:1.0
7007:1.0
told:1.0
resourc:2.09861228866811
kit:2.09861228866811
specif:1.0
interfac:1.0
cost:1.0
19:1.0
95:1.0
plu:1.0
tax:1.0
5:1.0
ship:1.0
order:1.6931471805599454
copi:1.0
get:1.0
know:1.6931471805599454
turnaround:1.0
15:1.0
work:1.0
day:1.0
anyon:1.0
sure:1.0
good:1.0
sourc:1.0
info:1.6931471805599454
plea:1.0
speak:1.0
slightli:1.0
skeptic:1.0
likelihood:1.0
detail:1.0
program:1.0
r:1.0
ripem:1.0
also:1.6931471805599454
sci:1.0
crypt:1.0
sinc:1.0
could:1.0
presum:1.0
use:1.0
encrypt:1.0
