smb:1.0
research:1.0
att:1.0
com:1.0
steven:1.0
bellovin:1.0
subject:1.0
clipper:1.0
corrupt:1.0
cop:1.0
wh:1.0
propos:1.0
polic:1.0
point:1.0
view:1.0
organ:1.6931471805599454
bell:1.0
laboratori:1.0
line:1.0
65:1.0
articl:1.0
1993apr21:1.0
041033:1.0
16550:1.0
news:1.0
clarkson:1.6931471805599454
edu:1.6931471805599454
tuinstra:1.6931471805599454
signal:1.0
ece:1.0
soe:1.0
dwight:1.0
write:1.0
clear:1.0
implic:1.0
legal:1.0
author:2.6094379124341005
court:1.6931471805599454
order:3.0794415416798357
leaki:1.0
wiretap:1.0
statut:1.6931471805599454
handi:1.0
law:2.09861228866811
say:1.0
pen:3.1972245773362196
regist:3.1972245773362196
titl:2.09861228866811
18:1.6931471805599454
u:2.09861228866811
code:1.0
note:1.0
vagu:1.0
3125:1.6931471805599454
1:1.6931471805599454
b:2.09861228866811
chanc:1.0
check:1.0
50:1.6931471805599454
c:2.09861228866811
1801:1.6931471805599454
yet:1.0
usc:1.0
3121:1.6931471805599454
4:1.0
93:1.0
gener:3.0794415416798357
prohibit:1.0
trap:2.9459101490553135
trace:2.9459101490553135
devic:2.9459101490553135
use:3.1972245773362196
except:1.6931471805599454
provid:1.0
section:2.09861228866811
person:1.6931471805599454
may:1.6931471805599454
instal:3.3978952727983707
without:1.6931471805599454
first:1.0
obtain:2.09861228866811
3123:1.6931471805599454
foreign:1.0
intellig:1.0
surveil:1.0
act:2.09861228866811
1978:1.0
et:1.0
seq:1.0
emerg:1.6931471805599454
notwithstand:1.0
provis:1.0
chapter:2.09861228866811
investig:1.6931471805599454
enforc:1.6931471805599454
offic:1.6931471805599454
special:1.0
design:1.0
attorney:2.9459101490553135
deputi:1.6931471805599454
associ:1.0
assist:2.09861228866811
princip:1.0
prosecut:1.0
state:1.6931471805599454
subdivis:1.0
thereof:1.0
pursuant:1.6931471805599454
reason:1.0
determin:1.0
situat:1.0
exist:1.0
involv:1.0
immedi:1.6931471805599454
danger:1.0
death:1.0
seriou:1.0
bodili:1.0
injuri:1.0
conspiratori:1.0
activ:1.0
characterist:1.0
crime:1.0
requir:1.0
due:1.0
dilig:1.0
2:1.0
ground:1.0
upon:1.0
could:1.0
enter:1.0
within:1.6931471805599454
forti:2.09861228866811
eight:2.09861228866811
hour:2.09861228866811
occur:1.6931471805599454
begin:1.0
approv:1.0
issu:1.0
accord:1.0
absenc:1.0
shall:1.6931471805599454
termin:1.0
inform:1.0
sought:1.0
applic:1.6931471805599454
deni:1.0
lap:1.0
sinc:1.0
whichev:1.0
earlier:1.0
know:1.0
subsect:1.0
constitut:1.0
violat:1.0
