wc:1.6931471805599454
anchor:1.6931471805599454
ho:1.6931471805599454
att:2.09861228866811
com:2.6094379124341005
bill:2.09861228866811
stewart:1.6931471805599454
1:2.386294361119891
908:1.6931471805599454
949:1.6931471805599454
0705:1.6931471805599454
subject:1.0
clipper:1.0
consid:1.0
harm:1.0
organ:1.0
sorcer:1.0
apprentic:1.0
clean:1.0
servic:1.0
distribut:1.0
inet:1.0
repli:1.0
shirriff:2.09861228866811
sprite:1.6931471805599454
berkeley:2.09861228866811
edu:2.09861228866811
messag:1.0
21:1.0
apr:1.0
1993:1.0
00:1.0
36:1.0
44:1.0
gmt:1.0
nntp:1.0
post:1.6931471805599454
host:1.0
rainier:1.0
line:1.6931471805599454
24:1.0
articl:1.6931471805599454
1r24u:1.0
oeh:1.0
agat:1.0
ken:1.6931471805599454
write:1.6931471805599454
15469:1.0
optilink:1.6931471805599454
brad:1.6931471805599454
yearwood:1.0
final:1.0
essenti:1.0
possibl:1.0
intercept:1.0
realtim:1.0
scrutabl:1.0
content:1.0
commun:1.6931471805599454
stolen:1.0
instrument:1.6931471805599454
exist:1.0
strong:1.0
motiv:1.0
record:2.09861228866811
archiv:1.0
network:1.6931471805599454
ex:1.0
facto:1.0
scrutini:1.0
crimin:1.6931471805599454
act:1.0
discov:1.0
involv:1.0
identifi:1.0
big:1.0
number:1.0
long:1.6931471805599454
distanc:1.6931471805599454
around:1.0
20:1.0
000:1.0
t3:1.0
trunk:1.0
45:1.0
mbit:1.0
sec:1.6931471805599454
order:1.0
10:1.0
12:1.0
bit:1.0
even:1.6931471805599454
count:1.0
amount:1.0
traffic:2.09861228866811
local:1.0
phone:1.0
compani:1.0
competitor:1.0
200:1.0
exabyt:1.0
tape:1.0
second:1.0
pretti:1.6931471805599454
larg:1.0
nsa:1.0
hand:1.0
easili:1.0
see:1.0
interest:1.0
peopl:1.0
dissid:1.0
suspect:1.0
foreign:1.0
telephon:1.0
call:1.0
anybodi:1.0
notic:1.0
use:1.0
encrypt:1.6931471805599454
shiriff:1.0
specul:1.0
probabl:1.0
judg:1.0
invas:1.0
privaci:1.0
soon:1.0
tpray:1.0
peac:1.0
bell:1.0
lab:1.0
4m312:1.0
holmdel:1.0
nj:1.0
new:1.0
jersey:1.0
work:1.0
cyberspac:1.0
white:1.0
hous:1.0
commect:1.0
202:1.6931471805599454
456:1.6931471805599454
1111:1.0
fax:1.0
2461:1.0
