pom:1.0
ank:1.6931471805599454
imsd:1.6931471805599454
uni:1.6931471805599454
mainz:2.386294361119891
de:2.791759469228055
prof:1.0
dr:1.0
klau:1.6931471805599454
pommeren:1.6931471805599454
subject:1.0
init:2.09861228866811
vector:2.09861228866811
addit:1.6931471805599454
key:2.9459101490553135
keyword:1.0
cbc:1.6931471805599454
cfb:1.6931471805599454
search:2.09861228866811
nntp:1.0
post:1.0
host:1.0
organ:1.0
johann:1.6931471805599454
gutenberg:1.6931471805599454
universitaet:1.6931471805599454
line:1.0
15:1.0
recent:1.0
discus:1.0
news:1.0
group:1.0
suggest:1.0
attack:1.0
quit:1.0
feasibl:1.0
normal:1.0
appli:1.0
mode:1.0
one:1.0
choos:1.0
random:1.0
8:1.0
byte:1.0
question:1.0
make:1.0
sen:1.0
handl:1.0
56:1.0
64:1.0
120:1.6931471805599454
bit:1.6931471805599454
ye:1.0
anyth:1.0
known:1.0
secur:1.0
scheme:1.0
break:1.0
faster:1.0
exhaust:1.0
space:1.0
institut:1.0
fuer:1.0
medizinisch:1.0
statistik:1.0
und:1.0
dokument:1.0
der:1.0
ober:1.0
zahlbach:1.0
strass:1.0
69:1.0
w:1.0
6500:1.0
germani:1.0
