rj:2.09861228866811
ri:2.386294361119891
cadr:2.6094379124341005
com:2.09861228866811
rob:1.6931471805599454
defriess:1.6931471805599454
subject:1.0
de:1.6931471805599454
code:1.6931471805599454
ship:1.0
canada:1.6931471805599454
articl:1.0
fripp:1.0
1993apr22:1.0
125402:1.0
27561:1.0
repli:1.0
organ:1.0
technolog:1.6931471805599454
inc:1.6931471805599454
line:1.0
13:1.0
nntp:1.0
post:1.0
host:1.0
192:1.0
9:1.0
200:1.0
19:1.0
someon:1.0
ask:1.0
send:1.6931471805599454
public:1.0
domain:1.0
file:1.0
encrypt:1.0
legal:1.0
thanx:1.0
eschew:1.0
obfusc:1.0
mail:1.0
phone:1.0
401:1.6931471805599454
351:1.6931471805599454
5950:1.0
222:1.0
richmond:1.0
st:1.0
fax:1.0
7380:1.0
provid:1.0
02903:1.0
speak:1.0
employ:1.0
