jon:1.6931471805599454
c:1.0
r:1.0
bennett:1.0
jb7m:1.0
andrew:1.6931471805599454
cmu:1.6931471805599454
edu:1.6931471805599454
subject:1.6931471805599454
idea:1.6931471805599454
clipper:2.6094379124341005
organ:1.0
robot:1.0
institut:1.0
carnegi:1.0
mellon:1.0
pittsburgh:1.0
pa:1.0
line:1.6931471805599454
92:1.0
nntp:1.0
post:1.0
host:1.0
encrypt:3.1972245773362196
algorithm:2.791759469228055
need:1.0
keep:1.0
secret:1.6931471805599454
thing:1.6931471805599454
think:1.0
impli:1.0
cours:1.0
could:2.09861228866811
wrong:1.6931471805599454
chip:3.4849066497880004
technic:1.0
summari:1.0
dorothi:1.0
den:1.0
revis:1.0
april:1.0
21:1.0
1993:1.0
contain:1.6931471805599454
classifi:1.0
singl:1.0
key:3.70805020110221
64:1.0
bit:2.791759469228055
block:1.0
call:1.6931471805599454
skipjack:1.6931471805599454
use:2.791759469228055
80:2.386294361119891
compar:1.6931471805599454
56:1.0
de:2.09861228866811
32:1.6931471805599454
round:1.0
scrambl:1.0
16:1.0
support:1.0
4:1.0
mode:1.6931471805599454
oper:1.0
take:1.6931471805599454
clock:1.0
tick:1.0
electron:1.0
codebook:1.0
ecb:1.0
run:1.0
12:1.0
mbit:1.0
per:1.0
second:1.0
includ:1.0
follow:1.0
compon:1.0
f:3.4849066497880004
famili:1.6931471805599454
common:1.0
n:2.791759469228055
30:1.0
serial:1.6931471805599454
number:2.09861228866811
length:1.0
chang:1.0
u:3.0794415416798357
unlock:1.0
messag:2.386294361119891
see:1.0
imagin:1.0
embed:1.0
telephon:2.09861228866811
secur:2.6094379124341005
devic:2.6094379124341005
suppos:2.09861228866811
someon:1.6931471805599454
push:1.0
button:1.0
start:1.0
convers:2.386294361119891
negoti:1.6931471805599454
session:2.09861228866811
k:3.1972245773362196
end:1.0
place:1.0
without:1.0
gener:2.09861228866811
method:2.386294361119891
exchang:1.0
diffi:1.0
hellman:1.0
public:1.0
distribut:1.0
establish:1.0
stream:1.6931471805599454
digit:1.0
voic:1.0
feed:1.0
produc:1.0
two:1.0
valu:1.0
e:2.6094379124341005
law:2.9459101490553135
enforc:2.9459101490553135
field:2.6094379124341005
transmit:1.0
thu:1.0
unit:1.0
concaten:1.0
decrypt:1.0
author:1.0
wiretap:1.0
instal:1.0
knew:1.6931471805599454
work:2.09861228866811
know:3.5649493574615367
cryptanalysi:1.0
might:2.09861228866811
abl:1.6931471805599454
determin:1.6931471805599454
would:1.6931471805599454
make:1.6931471805599454
much:1.0
harder:1.0
either:1.6931471805599454
legitim:1.0
involv:1.0
parti:1.6931471805599454
may:1.0
also:1.6931471805599454
defeat:1.0
sinc:1.6931471805599454
differ:1.0
one:1.6931471805599454
allow:1.0
traffic:1.0
analysi:1.0
perform:1.0
say:1.6931471805599454
admit:1.0
tri:1.0
comput:1.0
lot:1.0
way:1.0
deliber:1.0
weak:1.6931471805599454
matter:1.0
publish:1.0
fact:1.0
perhap:1.0
chosen:1.0
system:1.0
obvious:1.0
compromis:1.0
disast:1.0
whole:1.0
design:1.0
peopl:1.6931471805599454
believ:1.0
give:1.0
sure:1.0
alot:1.0
1:1.0
panel:1.0
expert:1.0
go:1.0
check:1.0
flaw:1.0
mani:1.0
forget:1.0
grind:1.0
briberi:1.0
blackmail:1.0
fine:1.0
problem:1.0
