sean:2.09861228866811
sdg:1.6931471805599454
dra:1.6931471805599454
com:2.791759469228055
subject:1.0
fight:1.0
clipper:1.0
initi:1.0
organ:1.0
data:1.6931471805599454
research:1.6931471805599454
associ:1.6931471805599454
st:1.6931471805599454
loui:1.6931471805599454
mo:1.6931471805599454
line:1.0
22:1.0
articl:1.6931471805599454
he1pb02:1.0
rhyolit:1.6931471805599454
wpd:1.6931471805599454
sgi:1.6931471805599454
vj:1.0
vernon:1.0
schryver:1.0
write:1.6931471805599454
strnlghtc5toc6:1.0
kiu:1.0
netcom:1.6931471805599454
strnlght:1.0
david:1.0
sternlight:1.0
even:1.0
depart:1.0
agricultur:1.0
success:1.0
kept:2.09861228866811
crop:1.0
forecast:1.0
leak:1.6931471805599454
prematur:1.0
sheesh:1.0
rememb:1.0
big:1.0
scandal:1.0
year:1.0
two:1.0
3:1.0
ago:1.0
exactli:1.0
choic:1.0
escow:1.0
hous:1.6931471805599454
would:1.0
smithsonian:1.6931471805599454
someplac:1.0
west:1.0
coast:1.0
biggest:1.0
concern:1.0
escrow:1.0
could:1.6931471805599454
compromis:2.09861228866811
fact:1.0
secret:1.0
key:2.386294361119891
glass:1.0
24:1.0
hour:1.0
c:1.6931471805599454
span:1.6931471805599454
coverag:1.0
thought:1.0
stolen:1.0
turn:1.0
cabl:1.0
wait:1.0
rove:1.0
camera:1.0
reach:1.0
musuem:1.0
case:1.0
think:1.0
satellit:1.0
take:1.0
tour:1.0
view:1.0
seal:1.0
donelan:1.0
inc:1.0
domain:1.0
voic:1.0
work:1.0
1:1.0
314:1.0
432:1.0
1100:1.0
