gtoal:1.6931471805599454
com:1.0
graham:1.0
toal:1.0
subject:1.0
pgp:1.6931471805599454
idea:1.0
ibm:1.0
system:1.0
line:1.0
7:1.0
think:1.0
difficult:1.0
would:1.0
make:1.0
avail:1.0
form:1.0
ebcdic:1.6931471805599454
machin:1.6931471805599454
encourag:1.0
let:1.0
die:1.0
honor:1.0
death:1.0
g:1.0
