gtoal:1.6931471805599454
com:1.0
graham:1.0
toal:1.0
subject:1.0
clipper:1.0
consid:1.0
harm:1.0
line:1.0
10:1.0
dorothi:1.0
den:2.386294361119891
read:1.0
group:1.6931471805599454
someon:1.0
forward:1.0
question:1.0
like:1.0
martin:1.0
hellman:1.0
anyon:1.0
el:1.0
seen:1.0
detail:1.0
chip:1.0
cours:1.0
toast:1.0
often:1.0
nsa:1.0
patsi:1.0
keep:1.0
head:1.0
alway:1.0
mail:1.0
directli:1.0
guvax:1.0
acc:1.0
georgetown:2.09861228866811
edu:2.09861228866811
c:1.6931471805599454
cosc:1.0
g:1.0
