prb:1.6931471805599454
access:2.6094379124341005
digex:2.386294361119891
com:1.6931471805599454
pat:2.09861228866811
subject:1.0
space:1.0
research:1.0
spin:1.0
organ:1.0
express:1.0
onlin:1.0
commun:1.0
usa:1.0
line:1.0
30:1.0
nntp:1.0
post:1.0
host:1.0
net:1.6931471805599454
articl:1.6931471805599454
c50zxa:1.0
1k9:1.0
zoo:2.09861228866811
toronto:2.386294361119891
edu:2.09861228866811
henri:2.6094379124341005
spencer:1.6931471805599454
write:1.6931471805599454
1ppm7j:1.0
ip:1.0
thought:2.09861228866811
area:2.386294361119891
rule:2.6094379124341005
pioneer:1.0
boe:1.6931471805599454
nasa:1.0
guy:1.0
develop:1.0
one:1.6931471805599454
knew:1.0
work:2.09861228866811
built:1.6931471805599454
hardwar:1.0
727:2.09861228866811
mayb:1.6931471805599454
fb:1.6931471805599454
111:1.6931471805599454
nope:1.0
decis:1.0
triumph:1.0
convair:1.6931471805599454
yf:1.6931471805599454
102:1.6931471805599454
contractu:1.0
commmit:1.0
mach:1.0
1:1.0
5:1.0
fighter:1.0
actual:1.0
found:1.0
incap:1.0
go:1.0
superson:1.0
level:1.0
flight:1.0
turn:1.0
102a:1.6931471805599454
met:1.0
spec:1.0
well:1.0
either:1.0
flew:1.0
late:1.0
1953:1.0
spent:1.0
first:1.6931471805599454
half:1.6931471805599454
1954:1.0
figur:1.0
went:1.0
wrong:1.0
second:1.0
build:1.0
man:1.0
u:1.0
zoolog:1.0
kipl:1.0
utzoo:1.0
good:1.0
thing:1.0
stuck:1.0
coupl:1.0
question:1.0
mark:1.0
seem:1.6931471805599454
recal:1.0
somebodi:1.0
least:1.0
propos:1.0
wasp:1.0
waisetd:1.0
passeng:1.6931471805599454
civil:1.0
transport:1.0
dc:1.0
8:1.0
9:1.0
sure:1.0
funni:1.0
compart:1.0
hand:1.0
save:1.0
fuel:1.0
appli:1.0
even:1.0
transon:1.0
speed:1.0
badli:1.0
