moroney:1.6931471805599454
world:1.6931471805599454
std:1.0
com:1.0
michael:1.0
subject:1.0
vulcan:2.09861228866811
guy:1.6931471805599454
ear:1.6931471805599454
organ:1.0
public:1.0
access:1.0
unix:1.0
brooklin:1.0
line:1.0
21:1.0
victor:1.6931471805599454
inqmind:1.0
bison:1.0
mb:1.0
ca:1.0
lake:1.0
write:1.0
anyon:1.6931471805599454
info:1.6931471805599454
appar:2.09861228866811
sight:1.6931471805599454
know:1.6931471805599454
two:1.0
drastic:1.0
differ:1.0
time:1.0
small:1.0
planet:2.386294361119891
insid:2.09861228866811
mercuri:2.6094379124341005
orbit:2.09861228866811
beyond:1.0
anyth:1.0
specif:1.0
ye:1.6931471805599454
happen:1.0
long:1.6931471805599454
star:1.6931471805599454
trek:1.6931471805599454
got:1.0
refer:1.0
einstein:1.6931471805599454
fact:1.0
hypothes:1.0
explain:2.09861228866811
perturb:1.0
could:1.0
known:1.0
theori:1.0
rel:1.0
motion:1.6931471805599454
analysi:1.0
show:1.0
mike:1.0
