baalk:2.791759469228055
kelvin:2.386294361119891
jpl:2.386294361119891
nasa:2.386294361119891
gov:2.386294361119891
ron:2.09861228866811
subject:1.0
comet:3.0794415416798357
temporari:1.6931471805599454
orbit:2.6094379124341005
around:2.09861228866811
jupit:2.386294361119891
organ:1.0
jet:1.6931471805599454
propuls:1.6931471805599454
laboratori:1.0
line:1.0
22:1.0
distribut:1.0
world:1.0
nntp:1.0
post:1.0
host:1.0
news:1.0
softwar:1.0
vax:1.0
vm:1.0
vnew:1.0
1:1.0
41:1.0
articl:1.0
1993apr6:1.0
061329:1.0
25582:1.0
den:1.6931471805599454
mmc:1.6931471805599454
com:1.6931471805599454
seal:1.6931471805599454
possum:1.0
eric:1.0
h:1.0
write:1.6931471805599454
accord:1.0
iau:1.0
circular:1.0
5744:1.0
shoemak:2.09861228866811
levi:2.09861228866811
1993e:1.6931471805599454
may:1.6931471805599454
temporarili:1.0
appar:1.0
made:1.0
close:1.0
flybi:1.0
sometim:1.0
1992:1.0
result:1.0
breakup:1.0
ooooh:1.0
would:1.6931471805599454
thought:1.0
galileo:1.6931471805599454
get:1.0
chanc:1.0
check:1.0
gehrel:1.0
3:1.0
discov:1.0
1977:1.0
determin:1.6931471805599454
jovian:1.0
1970:1.0
1973:1.0
remain:1.0
long:1.0
enough:1.0
allow:1.0
make:1.0
closeup:1.0
observ:1.0
trajectori:1.0
still:1.0
lab:1.0
525:1.0
3684:1.0
telo:1.0
cynic:1.0
never:1.0
help:1.0
pasadena:1.0
ca:1.0
91109:1.0
correct:1.0
situat:1.0
caus:1.0
aggrav:1.0
instead:1.0
