subject:1.0
space:2.09861228866811
research:2.386294361119891
spin:1.0
shafer:3.0794415416798357
rigel:2.09861228866811
dfrf:2.386294361119891
nasa:3.4849066497880004
gov:2.386294361119891
mari:2.386294361119891
1993apr2:1.6931471805599454
213917:1.6931471805599454
1:1.6931471805599454
aurora:2.09861228866811
alaska:2.09861228866811
edu:2.791759469228055
1pnuke:1.0
idn:1.0
access:1.6931471805599454
digex:1.6931471805599454
net:1.0
93apr4200752:1.0
ra:1.0
pgf:2.09861228866811
734062799:1.0
srl03:2.09861228866811
cac:2.09861228866811
usl:2.09861228866811
organ:1.0
dryden:2.6094379124341005
edward:2.09861228866811
cal:1.0
repli:1.0
messag:1.0
tue:1.6931471805599454
6:1.6931471805599454
apr:2.09861228866811
1993:2.09861228866811
02:1.6931471805599454
19:1.6931471805599454
59:1.6931471805599454
gmt:1.6931471805599454
line:1.0
64:1.0
phil:2.791759469228055
g:1.0
fraer:1.0
said:1.6931471805599454
write:1.6931471805599454
4:1.0
20:1.0
31:1.0
10:1.6931471805599454
0400:1.0
prb:1.0
com:1.0
pat:2.6094379124341005
articl:1.0
nsmca:1.0
question:1.0
someon:1.0
give:1.6931471805599454
exampl:1.0
direct:1.0
relat:1.0
help:1.0
human:1.0
gener:1.6931471805599454
interest:1.6931471805599454
see:1.0
tang:1.0
mylar:1.0
think:2.09861228866811
also:2.09861228866811
push:1.0
hi:1.0
tech:1.0
composit:1.0
airfram:1.0
look:1.0
fli:2.6094379124341005
wire:2.6094379124341005
swept:2.09861228866811
wing:2.9459101490553135
airlin:1.0
reap:1.0
benefit:1.0
one:1.6931471805599454
earli:1.0
jet:1.0
fighter:1.6931471805599454
german:1.6931471805599454
work:1.0
wwii:1.0
naca:1.6931471805599454
came:1.0
world:1.0
war:1.0
ii:1.0
directli:1.0
descend:1.0
ad:1.0
notic:1.0
mention:1.0
sweep:2.386294361119891
even:1.0
though:1.0
x:1.6931471805599454
5:1.0
test:2.386294361119891
steal:1.0
dirctli:1.0
differ:1.0
chang:1.0
angl:1.0
perhap:1.0
similar:1.0
name:1.0
caus:1.0
confus:1.6931471805599454
747:1.0
f:1.6931471805599454
111:1.0
winglet:1.6931471805599454
area:1.6931471805599454
rule:1.6931471805599454
digit:1.6931471805599454
ride:1.0
smooth:1.0
lot:1.0
done:1.0
militari:2.386294361119891
aerodynamicist:1.0
propos:1.0
team:1.0
demonstr:1.0
richard:1.0
whitcomb:1.0
r:1.0
jone:1.0
langley:1.0
center:1.0
giant:1.0
field:1.0
involv:1.6931471805599454
flight:1.6931471805599454
70:1.6931471805599454
50:1.0
respect:1.0
true:1.0
use:1.6931471805599454
aircraft:2.386294361119891
testb:1.6931471805599454
kc:1.6931471805599454
135:1.6931471805599454
yf:1.6931471805599454
102:1.6931471805599454
avail:1.0
need:1.0
complet:1.0
bail:1.0
u:1.6931471805599454
air:1.6931471805599454
forc:1.6931471805599454
cours:1.6931471805599454
result:1.0
support:1.0
effort:1.0
flew:1.0
first:1.0
mechnaic:1.0
analog:1.6931471805599454
backup:1.0
show:1.0
confid:1.0
dynam:1.0
decid:1.0
make:1.6931471805599454
16:1.0
flybi:1.0
saw:1.0
success:1.0
mind:1.0
avro:1.0
arrow:1.0
15:1.0
much:1.0
earlier:1.0
egad:1.0
disagre:1.0
habit:1.0
acquir:1.0
second:1.6931471805599454
hand:2.09861228866811
thing:1.0
kind:1.0
navi:1.0
plane:1.0
pilot:2.09861228866811
chanc:1.0
fold:1.0
someth:1.0
base:1.0
dod:1.0
0362:1.0
kotfr:1.0
facil:1.0
ca:1.0
speak:1.0
mig:1.6931471805599454
six:1.0
better:1.0
unknown:1.0
