glover:1.6931471805599454
casbah:1.0
acn:1.6931471805599454
nwu:1.6931471805599454
edu:2.6094379124341005
eric:1.0
subject:1.0
ussr:1.0
reach:1.0
moon:2.9459101490553135
first:1.6931471805599454
nntp:1.0
post:1.0
host:1.0
unseen1:1.0
organ:1.0
northwestern:1.0
univers:1.0
evanston:1.0
illinoi:1.0
line:1.0
45:1.0
articl:1.0
1993apr06:1.0
020021:1.0
186145:1.0
zeu:1.0
calpoli:2.09861228866811
jgreen:1.6931471805599454
trumpet:1.0
jame:1.6931471805599454
thoma:1.0
green:1.6931471805599454
write:1.0
suppos:1.0
soviet:2.386294361119891
manag:1.0
get:1.0
rocket:1.6931471805599454
work:1.0
made:1.0
could:1.6931471805599454
beaten:1.6931471805599454
u:2.9459101490553135
either:1.0
blown:1.0
pad:1.0
thu:1.6931471805599454
set:2.09861228866811
back:1.0
saturn:2.09861228866811
v:1.6931471805599454
went:1.6931471805599454
boom:1.0
apollo:1.0
fire:1.0
harsh:1.0
explos:1.0
would:3.5649493574615367
hurt:1.0
win:1.6931471805599454
crush:1.0
technolog:1.0
turn:1.6931471805599454
point:1.0
today:1.6931471805599454
anyth:1.0
super:1.0
power:1.0
much:1.0
reserv:1.0
attitud:1.0
like:1.0
program:2.6094379124341005
kennedi:1.6931471805599454
gone:1.6931471805599454
68:1.0
69:1.0
war:1.0
still:1.6931471805599454
east:1.0
think:1.6931471805599454
stall:1.6931471805599454
badli:1.0
goal:2.09861228866811
70:1.6931471805599454
dead:1.6931471805599454
nasa:1.0
tri:1.6931471805599454
figur:1.0
wrong:1.0
specul:1.0
head:1.0
done:1.0
land:1.6931471805599454
also:1.0
determin:1.0
base:2.09861228866811
earth:1.6931471805599454
orbit:1.0
whether:1.6931471805599454
mar:1.6931471805599454
depend:1.0
upon:1.0
go:1.6931471805599454
lunar:1.6931471805599454
stretch:1.0
budget:1.0
nation:1.6931471805599454
militari:1.0
valu:1.6931471805599454
outweigh:1.0
least:1.0
short:1.0
run:1.6931471805599454
concentr:1.0
speulat:1.0
push:1.0
cost:1.0
evil:1.0
nixon:1.0
shuttl:1.0
never:1.6931471805599454
propos:1.0
skylab:1.0
built:1.0
73:1.0
yet:1.0
fuel:1.0
crisi:1.0
string:1.0
small:1.0
launch:1.0
mark:1.0
mid:1.0
seventi:1.0
76:1.0
man:1.6931471805599454
space:1.0
drift:1.0
till:1.0
present:1.0
day:1.0
obo:1.0
believ:1.0
commit:1.0
achiev:1.0
decad:1.0
return:1.0
safe:1.0
john:1.0
f:1.0
may:1.0
25:1.0
1961:1.0
