prb:1.0
access:2.09861228866811
digex:1.6931471805599454
com:2.09861228866811
pat:1.0
subject:1.0
nuclear:2.6094379124341005
wast:1.6931471805599454
organ:1.0
express:1.0
onlin:1.0
commun:1.6931471805599454
usa:1.0
line:1.0
45:1.0
nntp:1.0
post:1.0
host:1.0
net:1.0
articl:1.0
1993apr6:1.0
125608:1.0
7506:1.0
mksol:1.6931471805599454
dseg:1.6931471805599454
ti:1.6931471805599454
mccall:1.6931471805599454
fred:1.6931471805599454
j:1.0
575:1.0
3539:1.0
write:1.6931471805599454
1993apr2:1.0
150038:1.0
2521:1.0
c:1.6931471805599454
rochest:1.6931471805599454
edu:1.6931471805599454
dietz:1.6931471805599454
paul:1.6931471805599454
quit:1.0
frankli:1.0
believ:1.6931471805599454
realli:2.09861228866811
go:1.6931471805599454
work:1.0
typic:1.0
trash:1.6931471805599454
one:2.386294361119891
need:1.0
process:1.6931471805599454
see:1.6931471805599454
put:1.0
coupl:1.0
ton:1.6931471805599454
end:2.09861228866811
get:1.0
rel:1.6931471805599454
clean:1.6931471805599454
materi:1.6931471805599454
plu:1.0
abl:1.6931471805599454
run:2.09861228866811
residu:1.0
power:2.09861228866811
sound:1.0
almost:1.0
like:1.6931471805599454
perpetu:1.0
motion:1.0
come:1.0
even:2.09861228866811
close:1.0
approach:1.6931471805599454
technolog:2.9459101490553135
econom:1.0
feasibl:1.0
given:1.0
mix:1.0
natur:1.6931471805599454
oppos:1.0
cost:1.6931471805599454
separ:1.0
thing:1.0
first:1.0
differ:1.0
actinid:1.6931471805599454
dump:1.0
pull:1.0
risk:1.0
etc:1.0
taken:1.0
account:1.0
still:1.6931471805599454
class:1.0
idea:1.0
throw:1.0
sun:1.0
sure:1.0
possibl:1.0
physic:1.6931471805599454
well:1.0
understood:1.0
reason:2.386294361119891
ever:1.0
shelf:1.0
someon:1.0
mayb:1.0
part:1.0
ssf:1.6931471805599454
design:1.0
goal:1.0
gee:1.0
bitter:1.0
defens:1.0
20:1.0
khz:1.0
basic:1.0
id:1.0
think:1.6931471805599454
would:1.6931471805599454
support:1.0
minor:1.0
research:1.0
program:1.0
anyon:1.0
know:1.6931471805599454
particl:1.0
ipn:1.0
could:1.6931471805599454
prove:1.0
real:1.0
acceler:1.0
breeder:1.6931471805599454
inciner:1.6931471805599454
built:1.0
uranium:1.0
cheap:1.0
geolog:1.0
dispos:1.0
look:1.0
technic:1.6931471805599454
may:1.0
also:1.0
help:1.0
polit:1.6931471805599454
gridlock:1.0
entir:1.0
agenda:1.0
big:1.0
opponen:1.0
fast:1.0
wipp:1.0
fought:1.0
death:1.0
court:1.0
make:1.0
deaf:1.0
smith:1.0
counti:1.0
nevada:1.0
accept:1.0
nimbus:1.0
ism:1.0
rule:1.0
concern:1.0
medic:1.0
overrul:1.0
opposit:1.0
