mccall:2.09861228866811
mksol:1.0
dseg:1.6931471805599454
ti:1.6931471805599454
com:1.6931471805599454
fred:1.6931471805599454
j:1.0
575:1.0
3539:1.0
subject:1.0
dc:2.09861228866811
x:2.09861228866811
vehicl:1.0
near:1.0
flight:1.0
test:1.0
organ:1.0
texa:1.0
instrument:1.0
inc:1.0
line:1.0
14:1.0
1993apr5:1.0
191011:1.0
1:1.0
aurora:1.6931471805599454
alaska:1.6931471805599454
edu:1.6931471805599454
nsmca:1.0
write:1.0
sinc:1.0
take:1.6931471805599454
horizont:1.0
land:2.09861228866811
way:1.6931471805599454
martian:1.0
thing:1.0
miss:1.6931471805599454
someth:1.6931471805599454
know:1.0
much:1.0
overli:1.0
obviou:1.0
think:1.0
vertic:1.0
intend:1.0
insist:1.0
perfect:1.0
safeti:1.0
peopl:1.0
ball:1.0
live:1.0
real:1.0
world:1.0
mari:1.0
shafer:1.0
nasa:1.0
ame:1.0
dryden:1.0
speak:1.6931471805599454
other:1.0
