freed:2.6094379124341005
n:2.386294361119891
org:1.6931471805599454
bev:1.6931471805599454
subject:1.0
faq:1.6931471805599454
organ:1.0
bb:1.0
pittsburgh:1.0
pa:1.0
412:1.0
366:1.0
5208:1.0
line:1.0
8:1.0
wonder:1.0
file:1.0
could:1.0
post:1.0
quarterli:1.0
rather:1.0
monthli:1.0
everi:1.0
28:1.0
30:1.0
day:1.0
get:1.0
bloat:1.0
feel:1.0
via:1.0
fidonet:1.0
node:1.0
1:1.0
129:1.0
104:1.0
uucp:1.0
pitt:1.0
internet:1.0
