shafer:3.0794415416798357
rigel:2.6094379124341005
dfrf:2.6094379124341005
nasa:3.1972245773362196
gov:2.6094379124341005
mari:2.09861228866811
subject:1.0
space:1.6931471805599454
research:1.6931471805599454
spin:1.0
repli:1.0
prb:1.6931471805599454
access:2.09861228866811
digex:2.09861228866811
com:1.6931471805599454
messag:1.0
6:1.6931471805599454
apr:1.6931471805599454
1993:1.6931471805599454
14:2.09861228866811
06:1.6931471805599454
57:1.6931471805599454
0400:1.6931471805599454
organ:1.0
dryden:1.6931471805599454
edward:2.09861228866811
cal:1.0
pgf:1.0
734062799:1.0
srl03:1.0
cac:1.0
usl:1.0
edu:1.0
93apr6094402:1.6931471805599454
1psgs1:1.0
so4:1.0
net:1.0
line:1.0
38:1.0
pat:3.0794415416798357
said:1.0
articl:1.0
write:1.0
success:1.0
mind:1.0
avro:1.0
arrow:1.0
x:2.09861228866811
15:2.09861228866811
fli:2.09861228866811
wire:2.09861228866811
aircraft:2.386294361119891
much:1.0
earlier:1.0
analog:1.0
gee:1.0
thought:1.0
cabl:1.6931471805599454
control:2.386294361119891
one:1.0
total:1.0
electr:1.0
failur:1.0
flight:1.6931471805599454
machan:1.0
backup:1.0
system:1.0
reaction:1.0
least:1.0
rc:1.6931471805599454
part:1.0
aerodynam:1.0
surfac:1.0
elev:1.0
rudder:1.0
etc:1.0
convent:1.0
pushrod:1.0
jet:1.0
habit:1.0
acquir:1.0
second:1.6931471805599454
hand:2.09861228866811
militari:1.0
use:1.0
testb:1.0
make:1.0
thing:1.0
kind:1.0
confus:1.0
navi:1.6931471805599454
plane:1.6931471805599454
give:1.0
test:1.0
pilot:2.09861228866811
chanc:1.0
fold:2.386294361119891
wing:2.6094379124341005
someth:1.0
air:2.09861228866811
forc:2.09861228866811
base:1.0
mean:1.0
overstress:1.0
fail:1.0
teh:1.0
joint:1.6931471805599454
sweep:1.6931471805599454
order:1.0
save:1.0
hangar:1.0
deck:1.0
f:1.0
rest:1.0
wingtip:1.0
sinc:1.0
lot:1.0
room:1.0
dod:1.0
0362:1.0
kotfr:1.0
facil:1.0
ca:1.0
cours:1.0
speak:1.0
mig:1.6931471805599454
six:1.0
better:1.0
unknown:1.0
u:1.0
fighter:1.0
