dbm0000:1.0
tm0006:1.6931471805599454
lerc:1.6931471805599454
nasa:2.6094379124341005
gov:1.6931471805599454
david:1.0
b:1.0
mckissock:1.0
subject:1.0
washington:1.6931471805599454
post:2.6094379124341005
articl:2.6094379124341005
ssf:2.386294361119891
redesign:2.386294361119891
news:1.0
softwar:1.0
vax:1.0
vm:1.0
vnew:1.0
1:1.6931471805599454
41:1.0
nntp:1.0
host:1.0
organ:1.0
lewi:1.0
research:1.6931471805599454
center:1.0
cleveland:1.0
ohio:1.0
line:1.0
52:1.0
space:2.9459101490553135
station:2.6094379124341005
leader:1.6931471805599454
say:2.6094379124341005
cost:3.0794415416798357
goal:1.0
may:1.6931471805599454
imposs:1.6931471805599454
today:1.0
4:1.0
6:1.0
ran:1.0
headlin:1.0
shown:1.0
start:1.0
team:2.09861228866811
charg:1.0
plan:1.6931471805599454
said:2.09861228866811
yesterday:1.0
job:1.0
tough:1.0
connor:3.0794415416798357
quot:1.0
whether:1.0
possibl:1.6931471805599454
cut:1.0
much:1.0
still:1.6931471805599454
provid:1.0
meaning:1.0
real:1.0
question:1.6931471805599454
everyth:1.0
fair:1.0
game:1.0
includ:1.0
drop:1.0
curtail:1.0
exist:1.6931471805599454
contract:1.0
aerospac:1.0
industri:1.0
chop:1.0
manag:1.0
program:1.0
facil:1.6931471805599454
around:1.0
countri:1.0
work:1.0
close:1.0
russian:1.6931471805599454
mir:1.6931471805599454
use:1.6931471805599454
unman:1.0
titan:1.0
rocket:1.0
supplement:1.0
man:1.0
shuttl:1.6931471805599454
fleet:1.0
review:1.0
30:1.0
design:1.6931471805599454
option:3.302585092994046
far:1.0
sort:1.6931471805599454
seriou:1.0
candid:1.0
three:2.386294361119891
categori:1.0
base:1.6931471805599454
describ:1.6931471805599454
deriv:1.6931471805599454
current:1.0
high:2.386294361119891
believ:1.0
kathi:1.0
sawyer:1.6931471805599454
writer:1.0
got:1.0
confus:1.0
listen:1.0
part:2.09861228866811
brief:2.09861228866811
press:1.0
monday:1.0
one:1.6931471805599454
talk:1.0
white:1.0
hous:1.0
want:1.0
low:1.6931471805599454
medium:1.0
anoth:1.0
discus:1.0
form:1.0
look:1.0
larc:1.0
modular:1.0
buildup:1.0
bu:1.0
msfc:1.0
singl:1.6931471805599454
launch:1.6931471805599454
core:1.6931471805599454
wingless:1.0
orbit:2.09861228866811
jsc:1.0
later:1.0
respons:1.0
report:1.0
thought:1.0
heard:1.0
moder:1.0
wrote:1.0
goe:1.0
two:1.0
featur:1.0
modul:1.0
could:1.6931471805599454
gradual:1.0
fit:1.0
togeth:1.0
similar:1.0
deposit:1.0
like:1.0
skylab:1.0
would:1.0
hardwar:1.0
fuselag:1.0
exampl:1.0
basic:1.0
structur:1.0
last:1.0
sentenc:1.6931471805599454
contradict:1.0
titl:1.0
first:1.0
paragraph:1.0
read:1.0
streamlin:1.0
version:1.0
freedom:1.0
within:1.0
administr:1.0
budget:1.0
guidelin:1.0
