buennek:2.386294361119891
monti:1.0
rand:2.386294361119891
org:2.386294361119891
richard:1.6931471805599454
subject:1.6931471805599454
white:1.6931471805599454
hous:1.6931471805599454
outlin:2.386294361119891
option:3.3978952727983707
station:3.6390573296152584
russian:3.1972245773362196
cooper:1.6931471805599454
x:1.0
ad:1.0
forward:1.0
space:3.4849066497880004
digest:1.0
organ:1.0
via:1.0
intern:2.09861228866811
univers:1.6931471805599454
origin:1.0
sender:1.0
isu:1.0
vacat:1.0
venari:1.0
c:1.6931471805599454
cmu:1.0
edu:1.0
distribut:1.0
sci:1.0
line:1.0
71:1.0
blind:1.6931471805599454
carbon:1.6931471805599454
copi:1.6931471805599454
spacenew:1.0
austen:2.09861228866811
cti:1.0
date:1.0
tue:1.0
06:1.6931471805599454
apr:1.0
93:2.09861228866811
16:1.0
00:1.0
21:1.0
pdt:1.0
4:1.6931471805599454
gibbon:2.6094379124341005
redesign:3.1972245773362196
guidanc:1.6931471805599454
nasa:2.6094379124341005
headquart:1.0
washington:1.0
april:1.6931471805599454
6:1.0
1993:1.0
releas:1.0
64:1.0
dr:1.0
john:1.0
h:1.0
director:1.0
offic:1.0
scienc:2.09861228866811
technolog:2.386294361119891
polici:1.0
member:1.6931471805599454
design:1.6931471805599454
advisori:2.09861228866811
committe:2.6094379124341005
3:1.0
three:1.0
budget:2.386294361119891
deliber:1.0
low:1.0
5:2.09861228866811
billion:2.9459101490553135
mid:1.0
rang:1.0
7:1.6931471805599454
high:1.0
9:1.6931471805599454
consid:1.6931471805599454
would:2.09861228866811
cover:1.0
total:1.0
expenditur:1.0
fiscal:1.0
year:2.09861228866811
1994:1.0
1998:1.0
includ:1.6931471805599454
fund:1.6931471805599454
develop:2.09861228866811
oper:1.6931471805599454
util:1.0
shuttl:1.0
integr:1.6931471805599454
facil:1.0
research:1.6931471805599454
support:1.0
transit:1.0
cost:1.6931471805599454
also:2.386294361119891
must:1.6931471805599454
adequ:1.0
program:2.09861228866811
reserv:1.6931471805599454
insur:1.0
implement:1.0
within:1.6931471805599454
avail:1.0
next:1.6931471805599454
presid:1.6931471805599454
new:1.0
invest:1.6931471805599454
result:1.0
accompani:1.0
offset:1.6931471805599454
reduct:1.0
rest:1.0
exampl:1.0
requir:1.0
2:1.0
present:1.0
inform:1.0
organiz:1.0
session:1.6931471805599454
gener:1.0
focus:1.0
upon:1.0
administr:1.6931471805599454
topic:1.0
use:2.6094379124341005
get:1.0
acquaint:1.0
receiv:1.0
legal:1.0
ethic:1.0
brief:1.0
orient:1.0
process:1.6931471805599454
team:1.6931471805599454
follow:1.0
announc:1.0
unit:1.0
state:1.0
partner:1.6931471805599454
european:1.0
japanes:1.0
canadian:1.0
decid:1.0
consult:1.6931471805599454
give:1.0
full:1.0
consider:1.0
asset:1.6931471805599454
cours:1.0
end:1.6931471805599454
ask:1.0
particip:2.09861228866811
effort:2.09861228866811
need:1.0
basi:1.0
make:1.6931471805599454
expertis:1.6931471805599454
ass:1.6931471805599454
capabl:1.6931471805599454
mir:1.6931471805599454
possibl:1.0
system:1.6931471805599454
u:1.0
hope:1.0
benefit:1.0
overal:1.0
goal:1.6931471805599454
reduc:1.0
preserv:1.6931471805599454
key:1.6931471805599454
explor:1.0
capabilitia:1.0
care:1.0
could:1.0
factor:1.0
achiev:1.0
reiter:1.0
clinton:1.0
commit:1.6931471805599454
everi:1.0
job:1.0
repres:1.0
howev:1.0
well:1.0
manag:1.0
one:1.0
consum:1.0
nation:1.6931471805599454
resourc:1.0
futur:1.0
industri:1.0
daniel:1.0
goldin:1.0
said:1.0
accomplish:1.0
east:1.0
west:1.0
center:1.0
maryland:1.0
leadership:1.0
roald:1.0
sagdeev:1.0
