dpage:1.0
ra:1.6931471805599454
csc:1.0
ti:1.0
com:1.0
doug:1.6931471805599454
page:1.6931471805599454
subject:1.0
quaint:1.0
u:1.6931471805599454
archaism:1.0
nntp:1.0
post:1.0
host:1.0
organ:1.0
texa:1.0
instrument:1.0
line:1.0
41:1.0
articl:1.6931471805599454
c512wc:1.0
b0m:1.0
1:1.0
c:1.6931471805599454
cmu:1.6931471805599454
edu:1.6931471805599454
nickh:1.0
nick:1.0
hain:1.0
write:1.6931471805599454
1993apr2:1.0
170157:1.0
24251:1.0
ke4zv:1.6931471805599454
uucp:1.6931471805599454
gari:2.09861228866811
coffman:1.0
stuff:1.0
delet:1.0
cours:1.0
unit:2.09861228866811
forc:1.0
name:1.0
weight:1.6931471805599454
order:1.0
use:2.386294361119891
need:1.0
keep:1.0
constant:1.0
like:2.386294361119891
omnipres:1.0
32:1.6931471805599454
ft:2.09861228866811
sec:2.09861228866811
2:2.6094379124341005
around:1.0
mayb:1.6931471805599454
go:1.6931471805599454
system:2.09861228866811
natur:1.0
easi:1.0
figur:1.0
17:1.0
barrel:1.0
quart:1.0
foo:1.0
densiti:1.0
17lb:1.0
3:1.6931471805599454
4:1.0
oz:1.0
per:1.0
cubic:1.0
foot:1.6931471805599454
moon:1.0
graviti:1.0
5:1.6931471805599454
7:1.0
let:1.0
face:1.0
even:1.0
imperi:1.6931471805599454
basic:1.0
metric:1.0
way:1.0
relat:1.0
quantiti:1.6931471805599454
e:1.0
would:1.0
written:1.0
59:1.0
thing:1.0
hang:1.0
right:1.0
express:1.6931471805599454
1731:1.0
inch:1.0
144:1.0
25:1.0
48:1.0
0833:1.0
yard:1.0
186:1.0
chain:1.0
everyon:1.0
el:1.0
say:1.0
want:1.0
appar:1.0
remain:1.0
complex:1.0
si:1.6931471805599454
due:1.0
multipl:1.6931471805599454
aforesaid:1.0
prefix:1.0
fact:1.0
fundament:1.0
differ:1.0
exactli:1.0
one:1.0
type:1.6931471805599454
valu:1.0
mean:1.0
second:1.0
minut:1.0
hour:1.0
day:1.0
month:1.0
year:1.0
rememb:1.0
fahrenheit:1.0
temperatur:1.6931471805599454
scale:1.6931471805599454
also:1.0
centigrad:1.0
revisionist:1.0
tell:1.0
histori:1.0
someth:1.0
coldest:1.0
point:1.0
particular:1.0
russian:1.0
winter:1.0
mark:1.6931471805599454
thermomet:1.6931471805599454
bodi:1.0
volunt:1.0
turn:1.0
sick:1.0
win:1.0
em:1.0
space:1.0
divid:1.0
hundredth:1.0
fwiw:1.0
opinion:1.0
mine:1.0
necessarili:1.0
repres:1.0
employ:1.0
sane:1.0
person:1.0
fot:1.0
matter:1.0
