abdkw:1.0
stdvax:1.0
david:1.6931471805599454
ward:1.0
subject:1.0
question:1.0
titan:1.6931471805599454
iv:1.0
arian:1.6931471805599454
5:1.0
distribut:1.0
sci:1.6931471805599454
organ:1.0
goddard:1.0
space:1.6931471805599454
flight:1.0
center:1.0
robot:1.0
lab:1.0
line:1.0
26:1.0
news:1.6931471805599454
softwar:1.0
vax:1.0
vm:1.0
vnew:1.0
1:1.0
4:1.0
b1:1.0
articl:1.0
c50orq:1.0
7g0:1.0
cso:1.6931471805599454
uiuc:1.6931471805599454
edu:1.6931471805599454
gwg33762:1.0
uxa:1.0
garret:1.6931471805599454
w:1.6931471805599454
gengler:1.0
write:1.6931471805599454
tri:2.386294361119891
environet:2.09861228866811
databas:1.0
gsfc:2.09861228866811
ftp:1.6931471805599454
envnet:1.6931471805599454
nasa:1.0
gov:1.0
128:1.0
183:1.0
104:1.0
16:1.0
call:1.6931471805599454
310:1.0
286:1.6931471805599454
5690:1.6931471805599454
data:1.6931471805599454
st:1.0
atla:1.0
delta:1.0
scout:1.0
launch:1.0
environ:1.0
howdi:1.0
thank:1.6931471805599454
info:1.6931471805599454
anonym:1.0
work:1.0
also:1.0
telnet:1.0
address:1.0
ask:1.0
login:1.6931471805599454
password:1.6931471805599454
although:1.0
note:1.6931471805599454
say:1.0
new:1.0
usernam:1.0
anyway:1.0
idea:1.0
el:1.0
home:1.0
offic:1.0
number:1.0
301:1.0
area:1.0
code:1.0
chang:1.0
friend:1.0
mine:1.0
use:1.6931471805599454
get:1.6931471805599454
ldef:1.0
appli:1.0
name:1.0
hope:1.0
morn:1.0
