baalk:2.386294361119891
kelvin:2.09861228866811
jpl:2.9459101490553135
nasa:2.791759469228055
gov:2.386294361119891
ron:1.6931471805599454
subject:1.0
ozon:3.302585092994046
gif:2.9459101490553135
avail:2.09861228866811
organ:1.0
jet:2.791759469228055
propuls:2.791759469228055
laboratori:2.6094379124341005
line:1.0
90:1.0
distribut:1.0
world:1.0
nntp:1.0
post:1.0
host:1.0
keyword:1.0
uar:1.6931471805599454
news:1.6931471805599454
softwar:1.6931471805599454
vax:1.0
vm:1.0
vnew:1.0
1:2.09861228866811
41:1.6931471805599454
imag:3.1972245773362196
april:2.09861228866811
15:1.6931471805599454
1993:2.6094379124341005
two:1.6931471805599454
map:2.791759469228055
northern:2.09861228866811
southern:1.6931471805599454
hemispher:2.386294361119891
info:1.0
public:2.386294361119891
access:1.0
site:1.0
produc:2.09861228866811
microwav:2.6094379124341005
limb:2.6094379124341005
sounder:2.6094379124341005
aboard:2.09861228866811
upper:2.6094379124341005
atmospher:2.6094379124341005
research:2.6094379124341005
satellit:2.6094379124341005
courtesi:1.0
inform:2.09861228866811
offic:2.09861228866811
note:1.0
gif89a:1.0
format:2.09861228866811
make:1.0
sure:1.0
display:1.0
support:1.0
oppos:1.0
older:1.0
gif87a:1.0
caption:1.6931471805599454
file:1.6931471805599454
accompani:1.0
append:1.0
end:1.0
messag:1.0
well:1.0
embed:1.0
dialup:1.0
modem:1.0
818:2.09861228866811
354:2.09861228866811
1333:1.0
9600:1.0
bp:1.0
paramet:1.0
n:1.6931471805599454
8:1.0
use:1.0
anonym:1.6931471805599454
ftp:1.6931471805599454
pubinfo:1.0
128:1.0
149:1.0
6:1.6931471805599454
2:1.0
user:1.0
cd:1.0
move:1.0
directori:1.0
30:1.0
day:1.0
ozone93a:1.6931471805599454
ozone93b:1.6931471805599454
also:1.0
photograph:1.0
print:1.0
order:1.6931471805599454
newel:1.6931471805599454
color:1.6931471805599454
lab:2.09861228866811
list:1.0
refer:1.0
p:2.09861228866811
number:1.0
associ:1.0
221:1.0
westmoreland:1.0
avenu:1.0
lo:1.0
angel:1.0
ca:1.6931471805599454
90064:1.0
telephon:2.09861228866811
213:1.6931471805599454
380:1.0
2980:1.0
fax:1.0
739:1.0
6984:1.0
california:1.6931471805599454
institut:1.6931471805599454
technolog:1.6931471805599454
nation:1.6931471805599454
aeronaut:1.6931471805599454
space:2.386294361119891
administr:1.6931471805599454
pasadena:2.09861228866811
calif:1.6931471805599454
91109:2.09861228866811
5011:1.6931471805599454
photo:1.6931471805599454
42210:1.0
14:1.6931471805599454
graphic:1.6931471805599454
depict:1.6931471805599454
chlorin:2.791759469228055
monoxid:2.6094379124341005
earth:1.6931471805599454
februari:2.09861228866811
1992:2.09861228866811
clo:1.6931471805599454
left:1.6931471805599454
layer:1.0
20:2.09861228866811
kilomet:2.09861228866811
66:1.6931471805599454
000:2.09861228866811
foot:2.09861228866811
surfac:1.0
17:1.0
show:1.6931471805599454
total:1.0
amount:1.6931471805599454
altitud:1.6931471805599454
12:1.6931471805599454
averag:1.0
period:1.0
march:1.0
year:1.0
develop:1.6931471805599454
oper:1.6931471805599454
team:1.6931471805599454
one:1.6931471805599454
sever:1.6931471805599454
instrument:1.6931471805599454
goddard:1.6931471805599454
flight:1.6931471805599454
center:1.6931471805599454
launch:1.6931471805599454
septemb:2.386294361119891
1991:2.09861228866811
42211:1.0
antarct:1.0
hole:1.0
right:1.0
stratospher:1.0
small:1.0
abund:1.6931471805599454
appear:1.0
larg:1.0
domin:1.0
form:1.0
destroy:1.0
data:1.0
21:1.0
top:1.0
compar:1.0
bottom:1.0
525:1.0
3684:1.0
telo:1.0
cynic:1.0
never:1.0
help:1.0
correct:1.0
situat:1.0
caus:1.0
aggrav:1.0
instead:1.0
