jgarland:1.6931471805599454
kean:1.6931471805599454
uc:1.6931471805599454
mun:1.6931471805599454
ca:1.6931471805599454
subject:1.0
comet:2.386294361119891
temporari:2.386294361119891
orbit:2.9459101490553135
around:1.0
jupit:2.6094379124341005
line:1.0
37:1.0
organ:1.0
memori:1.0
univers:1.0
st:1.0
john:1.6931471805599454
nfld:1.0
canada:1.0
articl:1.6931471805599454
15apr199315012030:1.0
kelvin:1.6931471805599454
jpl:1.6931471805599454
nasa:1.6931471805599454
gov:1.6931471805599454
baalk:1.6931471805599454
ron:1.0
write:1.6931471805599454
1993apr15:1.0
094320:1.0
1723:1.0
sq:2.386294361119891
com:1.6931471805599454
msb:1.0
mark:1.0
brader:1.0
close:1.0
would:1.0
gotten:1.0
pas:1.0
put:1.0
far:1.0
like:1.0
get:1.6931471805599454
make:1.0
escap:1.0
answer:1.6931471805599454
question:1.6931471805599454
know:1.6931471805599454
yet:1.0
sure:1.0
see:1.0
interest:1.0
particular:1.0
case:1.0
typic:1.0
behavior:1.0
anyway:1.0
previou:1.0
instanc:1.0
gehrel:1.6931471805599454
3:2.6094379124341005
mention:1.0
earlier:1.0
post:1.6931471805599454
jovian:1.0
4:1.0
year:1.0
element:1.6931471805599454
danc:1.6931471805599454
planet:1.0
sorri:1.0
folk:1.0
done:1.0
meant:1.0
hit:1.0
send:1.0
key:1.0
1977vii:1.0
file:1.0
p:1.0
au:1.0
424346:1.0
e:1.0
0:2.09861228866811
151899:1.0
1:1.0
0988:1.0
cap:1.0
omega:1.0
243:1.0
5652:1.0
w:1.0
231:1.0
1607:1.0
epoch:1.0
1977:1.0
04110:1.0
also:1.0
perihelion:1.0
gehrels3:1.0
april:1.0
1973:1.0
83:1.0
radius:1.6931471805599454
august:1.0
1970:1.0
hope:1.0
help:1.0
even:1.0
le:1.0
mechan:1.0
artist:1.0
garland:1.0
