prb:1.0
access:2.09861228866811
digex:1.6931471805599454
com:1.0
pat:1.6931471805599454
subject:1.0
shuttl:1.0
oxygen:1.0
budget:1.0
astronaut:1.0
organ:1.0
express:1.0
onlin:1.0
commun:1.0
usa:1.0
line:1.0
11:1.0
nntp:1.0
post:1.0
host:1.0
net:1.0
thought:1.0
emerg:1.0
condit:1.0
st:1.0
put:1.0
good:1.0
size:1.0
airport:1.0
could:1.0
take:1.6931471805599454
c:1.0
5:1.0
747:1.0
orbit:1.0
need:1.6931471805599454
vor:1.0
tac:1.0
know:1.6931471805599454
il:1.0
anyon:1.0
sure:1.0
