prb:1.6931471805599454
access:2.6094379124341005
digex:2.386294361119891
com:1.6931471805599454
pat:2.791759469228055
subject:1.0
mani:1.6931471805599454
read:2.09861228866811
sci:2.09861228866811
space:2.09861228866811
organ:1.0
express:1.0
onlin:1.0
commun:1.0
usa:1.0
line:1.0
52:1.0
nntp:1.0
post:2.386294361119891
host:1.0
net:1.6931471805599454
articl:1.6931471805599454
1993apr16:1.0
014506:1.0
27923:1.0
sol:1.0
uvic:2.09861228866811
ca:2.09861228866811
rborden:1.6931471805599454
ugli:1.0
ross:2.09861228866811
borden:1.6931471805599454
write:1.6931471805599454
1qjs1j:1.0
306:1.0
old:1.0
day:1.0
use:1.0
arbitron:2.386294361119891
stat:2.09861228866811
analyz:1.0
readership:1.6931471805599454
volum:1.0
group:1.0
user:1.0
avail:1.0
uunet:1.0
check:1.0
stupid:2.09861228866811
unscientif:1.0
attempt:1.0
flood:1.0
newsgroup:1.0
abett:1.0
idea:1.0
repli:1.0
directli:1.0
origan:1.0
tell:1.0
tsigh:1.6931471805599454
ti:2.09861228866811
tri:1.6931471805599454
make:1.0
littl:1.0
joke:2.6094379124341005
inject:1.0
humour:1.6931471805599454
happen:1.0
immort:1.0
word:1.0
foghorn:1.0
leghorn:1.0
say:1.0
son:1.0
thought:1.6931471805599454
bit:1.0
mcelwain:1.0
mention:1.6931471805599454
two:1.0
smiley:1.0
would:1.0
indic:1.6931471805599454
even:1.0
impair:1.6931471805599454
everyon:1.6931471805599454
suggest:1.6931471805599454
thank:1.0
bunch:1.0
plea:1.0
stop:1.0
send:1.0
email:1.0
shot:1.0
man:1.0
watch:1.0
die:1.0
go:1.0
disneyland:1.0
ra:1.0
put:1.0
wink:1.0
end:1.0
intens:1.6931471805599454
sarcast:1.0
help:1.0
got:1.0
seriou:1.0
never:1.0
saw:1.6931471805599454
origin:1.0
drop:1.0
floor:1.0
somewher:1.0
trickl:1.0
know:1.6931471805599454
anyth:1.0
left:1.0
equal:1.0
bill:1.0
ever:1.0
increas:1.0
devot:1.0
thorough:1.0
dug:1.0
sever:1.6931471805599454
think:1.6931471805599454
methodolog:1.0
good:1.0
measur:1.0
proport:1.0
anyon:1.0
peopl:1.0
news:1.0
anymor:1.0
