eder:2.386294361119891
hsvaic:1.0
boe:1.6931471805599454
com:1.0
dani:2.09861228866811
subject:1.0
elev:1.0
top:2.386294361119891
floor:1.0
organ:1.0
ai:1.0
center:1.0
huntsvil:1.0
al:1.6931471805599454
line:1.0
56:1.0
read:1.0
amoco:1.0
perform:1.0
product:1.0
data:1.0
sheet:1.0
erl:1.0
1906:1.0
resin:1.0
t40:1.0
carbon:1.0
fiber:1.0
reinforc:1.0
compress:1.0
strength:2.09861228866811
280:1.6931471805599454
000:2.6094379124341005
psi:1.0
densiti:1.0
0:1.0
058:1.0
lb:2.9459101490553135
cu:1.0
therefor:1.0
theoret:2.09861228866811
height:2.386294361119891
constant:2.09861228866811
section:2.791759469228055
column:2.386294361119891
support:2.9459101490553135
4:1.0
8:1.0
million:1.0
inch:1.6931471805599454
400:1.0
ft:1.0
75:1.0
statut:1.0
mile:3.302585092994046
real:1.0
structur:2.791759469228055
horizont:1.6931471805599454
brace:1.0
either:1.0
truss:1.0
type:1.0
guy:1.0
wire:1.0
use:1.0
crush:1.0
let:2.09861228866811
u:2.09861228866811
assum:1.6931471805599454
oper:1.0
40:2.09861228866811
give:1.0
work:1.0
30:1.0
limit:2.386294361119891
high:1.0
build:1.0
someth:1.0
allow:1.0
taper:1.0
cross:2.09861228866811
go:1.0
exampl:1.0
say:1.0
pound:1.0
load:2.386294361119891
tower:2.6094379124341005
simplic:1.0
calcul:1.0
requir:1.6931471805599454
2:1.6931471805599454
5:1.0
squar:1.0
area:2.09861228866811
weight:1.0
payload:2.386294361119891
weigh:1.0
9:1.0
200:1.6931471805599454
1:2.386294361119891
total:1.0
289:1.0
3:2.791759469228055
increas:1.6931471805599454
next:1.0
must:1.6931471805599454
thicker:1.0
plu:1.0
ratio:2.09861228866811
way:1.0
bottom:1.0
see:1.0
although:1.0
practic:1.0
base:1.0
much:1.6931471805599454
composit:1.6931471805599454
afford:1.6931471805599454
need:1.6931471805599454
ground:1.6931471805599454
foundat:1.0
bedrock:1.0
arbitrarili:1.0
choos:1.0
billion:1.0
costruct:1.0
cost:2.09861228866811
perhap:1.0
10:1.0
finish:1.0
100:1.0
figur:1.0
materi:1.0
mass:1.6931471805599454
35:1.0
7:1.0
per:1.0
becom:1.0
111:1.0
clearli:1.0
signific:1.0
atmospher:1.6931471805599454
rocket:2.09861228866811
launch:1.0
still:1.0
provid:1.0
orbit:1.6931471805599454
veloc:2.09861228866811
drag:1.6931471805599454
g:1.6931471805599454
loss:1.6931471805599454
almost:1.0
elimin:1.0
compon:1.0
thrust:1.6931471805599454
vertic:1.0
direct:1.0
counter:1.0
graviti:1.0
contribut:1.0
thu:1.0
repres:1.0
wast:1.0
togeth:1.0
start:1.0
15:1.6931471805599454
penalti:1.0
contend:1.0
analysi:1.0
simplifi:1.0
consid:1.0
wind:1.0
first:1.0
air:1.0
pressur:1.0
drop:1.0
low:1.0
enough:1.0
valu:1.0
big:1.0
factor:1.0
meridian:1.0
invest:1.0
compani:1.0
205:1.0
464:1.0
2697:1.0
w:1.6931471805599454
232:1.0
7467:1.0
h:1.0
rt:1.0
box:1.0
188:1.0
athen:1.0
35611:1.0
locat:1.0
34deg:1.0
37:1.0
n:1.0
86deg:1.0
43:1.0
100m:1.0
alt:1.0
