sugarman:1.6931471805599454
ra:1.6931471805599454
c:2.09861228866811
umb:2.386294361119891
edu:2.09861228866811
steven:1.0
r:1.0
garman:1.0
subject:1.0
want:2.9459101490553135
optic:1.6931471805599454
shaft:1.6931471805599454
encod:2.6094379124341005
telescop:2.09861228866811
nntp:1.0
post:1.6931471805599454
host:1.0
organ:1.0
univers:1.0
massachusett:1.6931471805599454
boston:2.09861228866811
line:1.0
23:1.0
also:1.0
misc:1.6931471805599454
forsal:1.0
ne:1.0
ny:1.0
nj:1.0
quantiti:1.0
2:1.0
singl:1.0
end:1.0
increment:1.0
need:1.0
movement:1.0
16:1.0
cassegrain:1.0
observatori:1.0
univ:1.6931471805599454
mass:1.0
project:1.0
manag:1.0
mr:1.0
georg:1.6931471805599454
tucker:1.6931471805599454
graduat:1.0
student:1.0
plea:1.0
call:1.6931471805599454
email:1.0
one:1.0
two:1.0
specifi:1.0
type:1.0
cours:1.0
due:1.0
low:1.0
fund:1.0
level:1.0
look:1.0
price:1.0
suffici:1.0
lower:1.0
given:1.0
new:1.0
617:1.0
965:1.0
3408:1.0
6172876077:1.0
6177313637:1.0
home:1.0
standard:1.0
disclaim:1.0
usa:1.0
