nsmca:1.6931471805599454
aurora:1.0
alaska:2.386294361119891
edu:2.09861228866811
subject:1.0
armi:1.6931471805599454
space:1.6931471805599454
line:1.0
13:1.0
nntp:1.0
post:1.0
host:1.0
acad3:1.6931471805599454
organ:1.0
univers:1.0
fairbank:1.0
last:1.0
heard:1.0
budget:1.0
air:2.09861228866811
farc:1.6931471805599454
command:1.0
left:1.0
rest:1.0
mission:1.0
gener:1.0
given:1.0
probabl:1.0
good:1.0
reason:1.0
transfer:1.0
guard:1.6931471805599454
hate:1.0
walk:1.0
pack:1.0
back:1.0
put:1.0
applic:1.0
job:1.0
kitchen:1.6931471805599454
worker:1.0
done:1.0
lot:1.0
kp:1.0
polic:1.0
michael:1.0
adam:1.0
high:1.0
jack:1.0
