nickh:2.09861228866811
c:2.09861228866811
cmu:2.386294361119891
edu:2.791759469228055
nick:1.6931471805599454
hain:1.6931471805599454
subject:1.0
ussr:1.0
reach:1.0
moon:2.386294361119891
first:1.0
repli:1.0
gari:2.09861228866811
ke4zv:2.386294361119891
uucp:2.386294361119891
messag:1.0
sun:1.0
18:1.0
apr:1.0
1993:1.0
09:1.0
10:1.0
51:1.0
gmt:1.0
origin:1.0
snow:1.6931471805599454
fox:1.6931471805599454
nntp:1.0
post:2.09861228866811
host:1.0
organ:1.0
school:1.0
comput:1.0
scienc:1.0
carnegi:1.0
mellon:1.0
univers:1.0
1993apr7:1.0
124724:1.0
22534:1.0
yang:1.6931471805599454
earlham:1.6931471805599454
dxb105:1.0
734495289:1.0
virgo:1.0
1993apr12:1.0
161742:1.0
22647:1.0
93107:1.6931471805599454
144339saundrsg:1.6931471805599454
qucdn:2.09861228866811
queensu:2.09861228866811
ca:2.09861228866811
1993apr18:1.6931471805599454
091051:1.6931471805599454
14496:1.6931471805599454
line:1.0
35:1.0
articl:1.6931471805599454
coffman:1.0
write:1.6931471805599454
graydon:1.0
saundrsg:1.0
turn:1.0
moonbas:1.0
good:2.386294361119891
ought:1.0
hundr:1.0
odd:1.0
go:1.0
would:2.09861228866811
think:1.6931471805599454
real:1.6931471805599454
reason:1.6931471805599454
base:2.386294361119891
econom:1.0
sinc:1.0
someon:1.0
space:1.6931471805599454
industri:1.6931471805599454
presum:1.0
much:1.0
larger:1.6931471805599454
gnp:1.0
without:1.0
eventu:1.0
simpli:1.0
abl:1.0
afford:1.0
stuff:1.0
read:1.0
right:1.0
say:1.0
essenc:1.0
economi:1.6931471805599454
nation:1.0
discretionari:1.0
fund:2.791759469228055
wast:2.09861228866811
lunar:2.386294361119891
facil:1.0
certainli:1.0
partial:1.0
case:1.0
apollo:1.0
coloni:1.0
probabl:1.0
requir:1.0
continu:1.0
militari:1.0
scientif:1.0
commerci:1.0
rather:1.0
money:2.386294361119891
approach:1.0
ah:1.0
whole:1.0
point:1.0
spent:1.6931471805599454
like:2.09861228866811
use:1.0
1000:1.0
1000r:1.0
bill:1.0
fuel:1.0
dozer:1.0
countri:1.6931471805599454
belong:1.0
way:1.0
high:1.0
tech:1.0
research:2.386294361119891
darpa:1.0
excus:1.6931471805599454
variou:1.0
field:1.0
pretens:1.6931471805599454
crucial:1.0
defens:1.0
esprit:1.0
ec:1.0
pan:1.0
european:1.0
cooper:1.0
mayb:1.0
govern:1.0
fact:1.0
pretti:1.0
sure:1.0
count:1.0
invest:1.0
spend:1.0
boost:1.0
look:1.0
size:1.0
multipli:1.0
