nickh:2.09861228866811
c:2.09861228866811
cmu:2.386294361119891
edu:3.0794415416798357
nick:1.6931471805599454
hain:1.6931471805599454
subject:1.0
shuttl:2.09861228866811
launch:1.6931471805599454
question:1.0
repli:1.0
jcm:1.6931471805599454
head:2.386294361119891
cfa:2.386294361119891
harvard:2.386294361119891
messag:1.0
sun:1.0
18:1.0
apr:1.0
1993:1.0
22:1.0
44:1.0
14:1.0
gmt:1.0
origin:1.0
snow:1.6931471805599454
fox:1.6931471805599454
nntp:1.0
post:1.0
host:1.0
organ:1.0
school:1.0
comput:1.0
scienc:1.0
carnegi:1.0
mellon:1.0
univers:1.0
1993apr18:1.6931471805599454
224414:1.6931471805599454
784:1.6931471805599454
distribut:1.0
sci:1.0
line:1.0
17:1.0
articl:1.0
jonathan:1.0
mcdowel:1.0
write:1.0
understand:1.0
expect:1.0
error:1.0
basic:1.0
known:1.6931471805599454
bug:1.6931471805599454
warn:1.6931471805599454
system:1.0
softwar:2.09861228866811
thing:1.0
check:1.0
right:1.0
valu:1.0
yet:1.0
set:1.0
till:1.0
suchlik:1.0
rather:1.0
fix:1.0
code:1.0
possibl:1.0
introduc:1.0
new:1.0
tell:1.0
crew:1.0
ok:1.0
see:1.0
213:1.0
liftoff:1.0
ignor:1.0
good:1.0
grief:1.0
thought:1.0
well:1.0
engin:1.0
actual:1.0
case:1.6931471805599454
everi:1.0
member:1.0
program:1.0
team:1.0
taken:1.0
shot:1.0
given:1.0
heard:1.0
rate:1.0
level:1.0
5:1.0
matur:1.0
strongli:1.0
doubt:1.0
