ghast:1.0
vdoe386:1.6931471805599454
vak12:1.6931471805599454
edu:1.6931471805599454
georg:1.6931471805599454
hast:1.6931471805599454
subject:1.0
soviet:1.6931471805599454
space:2.386294361119891
book:1.0
organ:1.0
virginia:1.0
public:1.0
educ:1.0
network:1.0
richmond:1.6931471805599454
line:1.0
13:1.0
receiv:1.0
copi:1.0
cosmonaut:1.6931471805599454
1990:1.6931471805599454
1991:1.0
well:1.0
station:1.0
mir:1.0
handbook:1.0
aerospac:1.0
ambassador:1.0
problem:1.0
get:1.0
readi:1.0
fax:1.0
materi:1.0
huntsvil:1.0
includ:1.0
printout:1.0
inquiri:1.0
tghast:1.0
scienc:2.09861228866811
teacher:1.0
t72407:1.0
22:1.0
compuserv:1.0
com:1.0
mathemat:1.0
center:1.0
tstareach:1.0
bb:1.0
804:2.09861228866811
343:2.09861228866811
6533:1.0
fun:1.0
2304:1.0
hartman:1.0
street:1.0
toffic:1.0
6525:1.0
probabl:1.0
va:1.0
23223:1.0
tfax:1.0
6529:1.0
