nickh:2.09861228866811
c:2.09861228866811
cmu:2.386294361119891
edu:3.0794415416798357
nick:1.6931471805599454
hain:1.6931471805599454
subject:1.0
vast:1.0
bandwidth:1.0
run:1.0
nasa:2.09861228866811
thread:1.6931471805599454
wrap:1.0
repli:1.0
wingo:1.0
cspara:1.0
decnet:1.0
fedex:1.0
msfc:1.0
gov:1.0
messag:1.0
18:1.0
apr:1.0
1993:1.0
13:1.0
56:1.0
cdt:1.0
origin:1.0
snow:1.6931471805599454
fox:1.6931471805599454
nntp:1.0
post:1.0
host:1.0
organ:1.0
school:1.0
comput:1.0
scienc:1.0
carnegi:1.0
mellon:1.0
univers:1.0
17apr199316423628:1.6931471805599454
judi:2.386294361119891
uh:2.386294361119891
1993apr18:1.6931471805599454
034101:1.6931471805599454
21934:1.6931471805599454
iti:1.6931471805599454
org:1.6931471805599454
18apr199313560620:1.6931471805599454
line:2.386294361119891
12:1.0
articl:2.09861228866811
denni:1.6931471805599454
write:1.0
zillion:2.09861228866811
respons:2.09861228866811
allen:1.6931471805599454
wrote:1.6931471805599454
anoth:1.0
hey:1.0
guy:1.0
take:1.0
email:1.0
talk:1.0
polit:1.0
space:1.6931471805599454
alt:1.6931471805599454
flame:1.0
music:1.0
pop:1.0
eat:1.0
poppi:1.0
patrol:1.0
anywher:1.0
sci:1.0
lost:1.0
scientif:1.0
content:1.0
mani:1.0
moon:1.0
ago:1.0
