claic:1.0
rintintin:1.6931471805599454
colorado:2.09861228866811
edu:1.6931471805599454
farmer:1.0
ted:1.0
subject:1.0
space:1.0
debri:1.0
nntp:1.0
post:1.0
host:1.0
organ:1.0
univers:1.0
boulder:1.0
line:1.0
14:1.0
buy:1.0
nasa:1.0
langley:1.0
ye:1.0
give:1.0
name:1.0
would:1.0
greatli:1.0
appreci:1.0
rich:1.0
earth:1.0
cradl:1.6931471805599454
mind:1.0
live:1.0
forev:1.0
k:1.0
e:1.0
tsiolkovski:1.0
father:1.0
russian:1.0
astronaut:1.0
