jhwitten:1.6931471805599454
c:1.6931471805599454
ruu:1.6931471805599454
nl:1.6931471805599454
jurriaan:2.09861228866811
wittenberg:1.6931471805599454
subject:1.0
magellan:3.0794415416798357
updat:1.0
04:1.0
16:1.6931471805599454
93:1.0
organ:1.0
utrecht:1.6931471805599454
univers:1.0
dept:1.0
comput:1.0
scienc:1.0
keyword:1.0
jpl:2.09861228866811
line:1.0
29:1.0
19apr199320262420:1.0
kelvin:1.6931471805599454
nasa:2.09861228866811
gov:1.6931471805599454
baalk:1.6931471805599454
ron:1.0
write:1.0
forward:1.6931471805599454
doug:1.0
griffith:1.0
project:1.0
manag:1.0
statu:1.0
report:1.0
april:1.6931471805599454
1993:1.0
2:1.0
complet:1.0
7225:1.0
orbit:1.0
venu:1.6931471805599454
39:1.0
day:1.6931471805599454
end:1.0
cycl:1.0
4:1.6931471805599454
start:1.0
transit:1.6931471805599454
experi:1.6931471805599454
sorri:1.0
think:1.0
miss:1.0
bit:1.0
info:1.0
monday:1.0
morn:1.0
19:1.0
moon:1.0
occult:1.0
interrupt:1.0
track:1.0
68:1.0
minut:1.0
mean:1.0
loss:1.0
data:1.6931471805599454
transmit:1.0
later:1.0
btw:1.0
cut:1.0
connect:1.0
look:1.0
curiou:1.0
believ:1.0
someth:1.0
fund:1.6931471805599454
gover:1.0
rather:1.0
ok:1.0
see:1.0
guy:1.0
around:1.0
depart:1.0
computersci:1.0
netherland:1.0
