c:2.09861228866811
egalon:2.791759469228055
larc:2.386294361119891
nasa:2.6094379124341005
gov:2.386294361119891
claudio:2.09861228866811
oliveira:2.09861228866811
subject:1.6931471805599454
space:1.6931471805599454
debri:1.6931471805599454
organ:1.0
langley:1.6931471805599454
research:1.0
center:1.0
line:1.0
10:1.0
distribut:1.0
world:1.0
repli:1.0
nntp:1.0
post:1.0
host:1.0
tahiti:1.0
keesler:2.09861228866811
loftu:1.0
potter:1.0
stansberi:1.0
kubriek:1.0
gue:1.0
other:1.0
ring:1.0
bell:1.0
might:1.0
involv:1.0
well:1.0
sometim:1.0
ago:1.0
teach:1.0
cours:1.0
memori:1.0
fai:1.0
l:1.0
think:1.0
even:1.0
refer:1.0
book:1.0
