nicho:2.6094379124341005
vnet:2.386294361119891
ibm:2.6094379124341005
com:2.386294361119891
greg:1.6931471805599454
stewart:1.0
nichol:1.6931471805599454
subject:1.0
give:1.6931471805599454
1:1.6931471805599454
billion:1.0
first:1.6931471805599454
year:1.6931471805599454
long:1.0
moon:1.0
resid:1.0
repli:1.0
disclaim:1.0
post:1.0
repres:1.0
poster:1.0
view:1.0
news:1.0
softwar:1.0
urepli:1.0
3:1.0
x:1.6931471805599454
1993apr20:1.6931471805599454
001428:1.6931471805599454
724:1.6931471805599454
indyvax:2.09861228866811
iupui:2.09861228866811
edu:2.09861228866811
line:1.0
14:1.0
tffreeba:1.0
write:1.0
let:1.0
play:1.0
game:1.0
would:2.6094379124341005
reason:1.6931471805599454
reward:1.6931471805599454
compani:1.0
shot:1.0
pull:1.0
feat:1.0
budget:1.0
come:1.0
time:1.6931471805599454
limit:1.6931471805599454
straight:1.0
cash:1.6931471805599454
money:1.0
award:1.6931471805599454
enough:1.0
throw:1.0
say:1.0
exclus:1.0
mine:2.09861228866811
right:1.6931471805599454
fifti:1.0
get:1.0
idea:1.0
ok:1.0
nice:1.0
away:1.0
assum:1.0
anyth:1.0
sig:1.0
file:1.0
like:1.0
string:1.0
everi:1.0
yo:1.6931471805599454
got:1.0
one:1.0
busi:1.0
olympu:1.0
demon:1.0
co:1.0
uk:1.0
privat:1.0
