aw:1.0
iti:1.0
org:2.09861228866811
allen:1.0
w:2.9459101490553135
sherzer:1.0
subject:1.0
dc:3.70805020110221
x:1.0
updat:1.0
organ:1.0
evil:1.0
genius:1.0
better:1.0
tomorrow:1.0
line:1.0
122:1.0
articl:1.0
ugo62b8w165w:1.0
angu:1.6931471805599454
mi:1.6931471805599454
dragon:1.0
write:1.6931471805599454
exactli:1.0
hover:1.0
test:1.0
done:1.0
earli:1.0
mid:1.0
june:1.0
tv:2.386294361119891
network:1.0
carri:1.6931471805599454
realli:1.0
want:1.6931471805599454
see:1.6931471805599454
think:1.0
public:1.6931471805599454
ask:1.0
reach:1.0
f:1.0
nation:2.386294361119891
news:3.302585092994046
medium:1.0
abc:2.6094379124341005
world:1.6931471805599454
tonight:1.0
face:1.0
7:1.0
west:1.0
66th:1.6931471805599454
street:3.70805020110221
cb:2.09861228866811
new:3.5649493574615367
york:3.5649493574615367
ny:3.3978952727983707
10023:2.09861228866811
2020:1.0
nw:3.4849066497880004
212:3.5649493574615367
887:2.386294361119891
4040:1.0
washington:3.9444389791664403
20036:2.6094379124341005
202:3.6390573296152584
457:1.0
4321:1.0
associ:1.0
press:1.6931471805599454
good:1.0
morn:2.09861228866811
america:1.0
50:1.0
rockefel:1.6931471805599454
plaza:1.0
10020:1.6931471805599454
1965:1.0
broadway:1.0
desk:1.6931471805599454
621:1.6931471805599454
1600:1.0
foreign:1.0
1663:1.0
496:1.0
4800:1.0
bureau:2.09861228866811
828:1.0
6400:1.0
larri:1.6931471805599454
king:1.6931471805599454
live:1.0
even:1.0
cnn:2.6094379124341005
524:1.6931471805599454
57th:1.6931471805599454
111:2.09861228866811
massachusett:2.09861228866811
avenu:2.6094379124341005
10019:2.09861228866811
20001:2.09861228866811
975:1.6931471805599454
3693:1.0
898:2.386294361119891
7900:1.6931471805599454
show:1.0
radio:1.6931471805599454
mutual:1.0
broadcast:1.0
1755:1.0
jefferson:1.0
davi:1.0
highway:1.0
2824:1.0
arlington:1.6931471805599454
va:1.6931471805599454
22202:1.0
703:2.386294361119891
685:1.0
2175:1.0
christian:1.0
scienc:1.0
monitor:1.0
csm:1.0
publish:1.0
societi:1.0
lo:1.6931471805599454
angel:1.6931471805599454
time:2.9459101490553135
one:1.6931471805599454
norway:1.0
mirror:1.0
squar:1.0
boston:1.0
02115:1.0
ca:1.0
90053:1.0
800:1.6931471805599454
225:1.0
7090:1.0
528:1.0
4637:1.0
macneil:1.6931471805599454
lehrer:1.6931471805599454
newshour:1.6931471805599454
center:1.6931471805599454
p:1.6931471805599454
box:2.09861228866811
2626:2.09861228866811
105366:1.0
20013:1.6931471805599454
atlanta:1.0
ga:1.0
30348:1.0
998:1.6931471805599454
2870:1.0
404:1.0
827:1.0
1500:1.0
wnet:1.0
356:1.0
58th:1.0
560:1.0
3113:1.0
crossfir:1.0
nbc:1.0
4001:1.0
nebraska:1.0
885:1.0
4200:1.0
7951:1.0
362:1.0
2009:1.0
fax:1.0
edit:1.0
thing:1.0
consid:1.0
2025:1.0
822:1.0
2000:2.09861228866811
unit:1.0
intern:1.0
1400:1.0
eye:1.6931471805599454
20006:1.6931471805599454
8000:1.0
u:1.0
report:1.0
229:1.0
43rd:1.0
2400:1.0
n:1.0
10036:1.0
20037:1.0
556:1.6931471805599454
1234:1.0
955:1.0
7415:1.0
usa:1.0
today:1.0
1000:1.0
wilson:1.0
boulevard:1.0
1627:1.0
7th:1.0
floor:1.0
22229:1.0
276:1.0
3400:1.0
862:1.0
0300:1.0
newsweek:1.0
wall:1.0
journal:1.0
444:1.0
madison:1.0
200:1.0
liberti:1.0
10022:1.0
10281:1.0
350:1.0
4000:1.0
416:1.0
nightlin:1.6931471805599454
post:1.0
1150:1.0
15th:1.0
47:1.0
20071:1.0
344:1.0
6000:1.0
4995:1.0
week:1.6931471805599454
review:1.0
ted:1.0
koppel:1.0
weta:1.0
1717:1.6931471805599454
desal:1.6931471805599454
7364:1.0
david:1.0
brinkley:1.0
7777:1.0
magazin:1.0
warner:1.0
inc:1.0
life:1.0
build:1.0
522:1.0
1212:1.0
ladi:1.0
astor:1.0
sir:1.0
husband:1.0
would:1.6931471805599454
poison:1.0
coffe:1.0
churchil:1.0
madam:1.0
wife:1.0
drink:1.0
57:1.0
day:1.0
first:1.0
flight:1.0
dcx:1.0
