ldaddari:1.6931471805599454
polari:1.0
cv:1.0
nrao:1.6931471805599454
edu:2.09861228866811
larri:1.6931471805599454
addario:1.6931471805599454
subject:1.0
russian:2.386294361119891
email:1.6931471805599454
contact:1.0
repli:1.0
nsmca:1.0
aurora:1.0
alaska:1.0
messag:1.6931471805599454
sat:1.0
17:1.0
apr:1.0
1993:1.0
12:1.0
52:1.0
09:1.0
gmt:1.0
organ:1.0
nation:1.6931471805599454
radio:1.6931471805599454
astronomi:1.6931471805599454
observatori:1.6931471805599454
line:1.6931471805599454
32:1.0
usual:1.0
possibl:1.0
reach:1.0
peopl:1.0
iki:1.6931471805599454
institut:2.09861228866811
space:1.0
research:1.0
moscow:1.0
write:1.0
tikimail:1.0
esoc1:1.0
bitnet:1.0
machin:1.6931471805599454
esa:1.0
darmstadt:1.0
germani:1.0
dedic:1.0
phone:1.6931471805599454
someon:1.0
log:1.0
regularli:1.0
retriev:1.0
mail:1.6931471805599454
addit:1.0
sever:1.0
user:1.6931471805599454
account:1.0
belong:1.0
scientif:1.0
sovam:1.6931471805599454
com:1.6931471805599454
commerci:1.0
enterpris:1.0
base:1.0
san:1.0
francisco:1.0
provid:1.0
servic:1.0
former:1.0
ussr:1.0
exampl:1.0
fian:1.0
physic:1.0
academi:1.0
scienc:1.0
initi:1.0
transliter:1.0
cours:1.0
connect:1.0
cost:1.0
real:1.0
dollar:1.0
even:1.0
receiv:1.0
plea:1.0
send:1.0
anyth:1.0
volumin:1.0
frivil:1.0
r:1.0
address:1.0
internet:1.0
fax:1.0
1:2.386294361119891
804:2.09861228866811
296:1.6931471805599454
0324:1.0
charlottesvil:1.6931471805599454
304:1.6931471805599454
456:1.6931471805599454
2200:1.0
green:1.0
bank:1.0
2015:1.0
ivi:1.0
road:1.0
va:1.0
22903:1.0
usa:1.0
0245:1.0
offic:1.0
973:1.0
4983:1.0
home:1.0
cho:1.0
2226:1.0
2106:1.0
lab:1.0
2256:1.0
apt:1.0
gb:1.0
