baalk:2.791759469228055
kelvin:2.6094379124341005
jpl:2.791759469228055
nasa:2.791759469228055
gov:2.6094379124341005
ron:2.09861228866811
subject:1.0
magellan:2.6094379124341005
updat:1.0
04:1.0
16:1.0
93:1.0
organ:1.0
jet:1.6931471805599454
propuls:1.6931471805599454
laboratori:1.0
line:1.0
29:1.0
distribut:1.0
world:1.0
nntp:1.0
post:1.0
host:1.0
keyword:1.0
news:1.0
softwar:1.0
vax:1.0
vm:1.0
vnew:1.0
1:1.0
41:1.0
articl:1.0
1993apr20:1.0
072706:1.0
19981:1.0
c:1.6931471805599454
ruu:1.6931471805599454
nl:1.6931471805599454
jhwitten:1.0
jurriaan:1.0
wittenberg:1.0
write:1.6931471805599454
19apr199320262420:1.0
4:1.0
monday:1.0
morn:1.0
april:1.0
19:1.0
moon:1.6931471805599454
occult:1.0
venu:1.0
interrupt:1.0
track:1.0
68:1.0
minut:1.0
mean:1.0
loss:1.6931471805599454
data:2.6094379124341005
transmit:1.0
later:1.0
graviti:2.09861228866811
collect:1.6931471805599454
real:1.6931471805599454
time:1.0
record:1.6931471805599454
tape:1.0
howev:1.0
need:1.0
everi:1.0
3rd:1.0
4th:1.0
orbit:1.0
block:1.0
transmiss:1.0
short:1.0
btw:1.0
cut:1.0
connect:1.0
look:1.0
forward:1.0
day:1.6931471805599454
curiou:1.0
believ:1.0
someth:1.0
fund:2.09861228866811
gover:1.0
rather:1.0
aerobrak:1.0
start:1.0
may:1.0
25:1.0
expect:1.0
last:1.6931471805599454
70:1.0
provid:1.0
8:1.0
million:1.0
dollar:1.0
extend:1.0
mission:2.09861228866811
high:1.0
resolut:1.0
octob:1.0
1994:1.0
otherwis:1.0
end:1.0
come:1.0
juli:1.0
lab:1.0
525:1.0
3684:1.0
telo:1.0
aweto:1.0
new:1.0
zealand:1.0
pasadena:1.0
ca:1.0
91109:1.0
part:1.6931471805599454
caterpillar:1.0
veget:1.0
