jpw:1.6931471805599454
cbi:1.0
ece:1.0
drexel:2.09861228866811
edu:1.6931471805599454
joseph:1.0
wetstein:1.6931471805599454
subject:1.0
sunris:1.6931471805599454
sunset:1.6931471805599454
time:1.6931471805599454
organ:1.0
univers:1.0
colleg:1.0
engin:1.0
philadelphia:1.0
pa:1.0
line:1.0
8:1.0
hello:1.0
look:1.0
program:1.0
algorithm:1.0
use:1.0
comput:1.0
would:1.0
appreci:1.0
advic:1.0
joe:1.0
coe:1.0
