nickh:2.09861228866811
c:2.386294361119891
cmu:2.6094379124341005
edu:2.9459101490553135
nick:2.09861228866811
hain:2.09861228866811
subject:1.0
level:2.9459101490553135
5:2.791759469228055
repli:1.0
18084tm:1.6931471805599454
msu:1.6931471805599454
messag:1.0
tue:1.0
20:1.0
apr:1.0
1993:1.0
21:1.0
37:1.0
55:1.0
gmt:1.0
origin:1.0
snow:1.6931471805599454
fox:1.6931471805599454
nntp:1.0
post:1.0
host:1.0
organ:1.0
school:1.0
comput:1.0
scienc:1.0
carnegi:1.0
mellon:1.0
univers:1.0
distribut:1.0
sci:1.0
line:1.0
50:1.0
articl:1.0
c5sy4:1.0
4x2:1.0
1:2.09861228866811
tom:1.0
write:1.0
sez:1.0
given:1.0
heard:1.6931471805599454
shuttl:1.0
softwar:3.772588722239781
rate:2.09861228866811
matur:2.09861228866811
strongli:1.0
doubt:1.0
lot:1.0
bug:1.0
case:1.0
mani:1.0
differ:1.0
never:1.0
system:1.6931471805599454
anyon:1.0
care:1.0
clue:1.0
use:1.0
arpa:1.0
organis:1.0
measur:1.6931471805599454
process:3.302585092994046
e:1.0
entir:1.0
get:1.0
design:1.0
written:1.0
test:1.6931471805599454
deliv:1.0
support:1.0
etc:1.0
see:1.0
manag:2.6094379124341005
watt:1.0
humphrey:1.0
addison:1.0
wesley:1.0
1989:1.0
excel:1.0
engin:1.6931471805599454
text:1.0
initi:1.0
2:1.6931471805599454
repeat:1.0
3:1.6931471805599454
defin:1.6931471805599454
4:1.6931471805599454
optim:1.0
approxim:1.0
character:1.0
follow:1.0
statist:2.386294361119891
control:2.09861228866811
basi:1.6931471805599454
estim:1.0
larg:1.0
long:1.0
take:1.0
produc:1.0
expens:1.0
reliabl:1.0
product:1.0
stabl:1.0
rigor:1.6931471805599454
project:2.09861228866811
done:1.0
someth:1.0
plan:1.0
detail:1.0
configur:1.6931471805599454
qualiti:1.6931471805599454
assur:1.0
understood:1.0
implement:1.0
consist:1.0
includ:1.0
thing:1.0
like:1.0
inspect:1.0
framework:1.0
typic:1.0
group:1.0
within:1.0
inform:1.6931471805599454
systemat:1.0
gather:1.0
analys:1.0
goal:1.0
defect:1.0
prevent:1.0
autom:1.0
contract:1.0
effect:1.0
certifi:1.0
