dant:1.6931471805599454
shakala:2.386294361119891
com:1.6931471805599454
charli:1.6931471805599454
prael:1.6931471805599454
subject:1.0
commerci:1.0
mine:1.0
activ:1.0
moon:1.0
organ:1.0
bb:1.6931471805599454
clanzen:1.6931471805599454
radio:1.6931471805599454
network:1.6931471805599454
sunnyval:1.6931471805599454
ca:1.6931471805599454
1:1.6931471805599454
408:1.6931471805599454
734:1.6931471805599454
2289:1.6931471805599454
line:1.0
10:1.0
dietz:1.6931471805599454
c:1.0
rochest:1.0
edu:1.0
paul:1.6931471805599454
write:1.0
mere:1.0
evad:1.0
issu:1.0
lunat:1.0
child:1.0
would:1.0
want:1.0
stay:1.0
reason:1.0
mani:1.0
coloni:1.0
found:1.0
