globu:2.09861228866811
na:1.6931471805599454
nasa:2.09861228866811
gov:1.6931471805599454
al:1.0
subject:1.0
space:2.9459101490553135
coloni:3.302585092994046
size:2.09861228866811
prefer:1.0
summari:1.0
organ:1.0
appli:1.0
research:1.6931471805599454
offic:1.0
ame:1.0
center:1.0
repli:1.0
distribut:1.0
sci:1.0
line:1.0
92:1.0
time:2.6094379124341005
ago:1.0
sent:1.0
follow:1.0
messag:1.0
everi:1.0
design:1.0
orbit:1.0
gear:1.0
anoth:1.6931471805599454
one:1.0
info:1.0
move:2.09861228866811
onto:1.0
live:2.791759469228055
perman:2.09861228866811
big:2.386294361119891
would:2.386294361119891
view:1.0
desir:1.6931471805599454
specif:1.6931471805599454
mani:2.386294361119891
peopl:2.791759469228055
want:2.6094379124341005
share:2.09861228866811
physic:2.6094379124341005
dimens:2.6094379124341005
need:2.386294361119891
assum:2.386294361119891
1g:1.0
rotat:1.0
leav:1.0
vacat:1.0
busi:1.0
trip:1.0
young:1.0
enough:2.386294361119891
rais:1.0
child:1.6931471805599454
get:2.09861228866811
lot:1.0
respons:1.6931471805599454
block:1.0
thanx:1.0
muchli:1.0
respond:1.0
good:1.0
food:1.0
thought:1.0
edit:1.0
got:1.0
100:2.386294361119891
cylind:1.0
200m:1.0
diamet:1.0
x:1.0
1:1.0
km:2.386294361119891
long:1.0
rui:1.0
sousa:1.0
ruca:1.0
saber:1.0
si:1.0
pt:1.0
000:1.6931471805599454
250:1.0
squar:1.0
surfac:1.0
divid:1.0
citi:1.0
town:2.386294361119891
villag:1.0
countrysid:1.0
must:1.0
lake:1.0
river:1.0
amd:1.0
mountain:1.0
1000:2.09861228866811
realli:1.0
larg:1.0
number:1.0
everyon:2.386294361119891
know:2.09861228866811
el:1.6931471805599454
within:1.6931471805599454
year:1.6931471805599454
probabl:1.0
sick:1.0
hm:1.6931471805599454
great:1.0
figur:1.6931471805599454
maxim:1.0
percentag:1.0
access:1.0
human:1.0
eseci:1.0
sinc:1.0
go:2.09861228866811
everywher:1.0
anyway:1.0
especi:1.0
like:1.6931471805599454
explor:1.0
abl:1.0
walk:1.0
see:1.0
someth:1.0
differ:1.0
popul:1.6931471805599454
think:1.0
substanti:1.0
stranger:1.0
help:1.0
away:1.6931471805599454
small:1.6931471805599454
everybodi:1.0
everyth:1.0
syndrom:1.0
call:1.6931471805599454
sever:1.0
thousand:1.0
somewhat:1.0
similar:1.0
criterion:1.0
contain:1.0
surpris:1.0
least:1.6931471805599454
spent:1.0
consider:1.0
rule:1.0
thumb:1.0
place:1.0
hour:1.0
foot:1.0
5km:1.0
mean:1.0
10km:1.0
circumfer:1.0
talk:1.0
sphere:1.0
henri:2.09861228866811
spencer:1.0
u:1.0
toronto:1.6931471805599454
zoolog:1.0
zoo:1.0
edu:1.6931471805599454
utzoo:1.0
easi:1.0
commun:1.0
travel:1.0
say:1.6931471805599454
9:1.0
sq:1.6931471805599454
cours:1.0
bigger:1.0
better:1.6931471805599454
le:1.6931471805599454
9sqkm:1.0
elbow:1.0
room:1.0
interest:1.0
saniti:1.0
max:1.0
3000:1.0
min:1.0
300:1.0
tommi:1.0
mac:1.0
tom:1.0
mcwilliam:1.0
517:1.0
355:1.0
2178:1.0
work:1.0
inhal:1.0
chief:1.0
18084tm:1.0
ibm:1.0
cl:1.0
msu:1.0
336:1.0
9591:1.0
zonker:1.0
harri:1.0
1996:1.0
