baalk:2.386294361119891
kelvin:2.09861228866811
jpl:2.6094379124341005
nasa:2.386294361119891
gov:2.386294361119891
ron:1.6931471805599454
subject:1.0
iapetu:3.0794415416798357
saturn:2.9459101490553135
eclips:2.6094379124341005
organ:1.0
jet:1.6931471805599454
propuls:1.6931471805599454
laboratori:1.0
line:1.0
79:1.0
distribut:1.0
world:1.0
nntp:1.0
post:1.0
host:1.0
news:1.0
softwar:1.0
vax:1.0
vm:1.0
vnew:1.0
1:2.09861228866811
41:1.0
forward:1.0
john:1.6931471805599454
spencer:2.09861228866811
lowel:1.0
edu:1.0
two:1.0
ring:3.302585092994046
may:1.6931471805599454
juli:2.09861228866811
plea:1.6931471805599454
spread:1.0
word:1.0
inform:1.0
event:2.09861228866811
coupl:1.0
messag:1.0
jay:2.386294361119891
goguen:1.6931471805599454
appeal:1.0
thermal:2.791759469228055
observ:2.9459101490553135
learn:1.6931471805599454
properti:1.0
might:1.0
also:1.0
money:1.0
avail:1.6931471805599454
1993:2.6094379124341005
04:1.0
21:2.9459101490553135
shadow:1.6931471805599454
05:2.09861228866811
01:1.0
02:1.6931471805599454
18:1.6931471805599454
27:1.6931471805599454
13:2.09861228866811
43:1.6931471805599454
ut:2.386294361119891
07:1.0
20:2.386294361119891
16:1.6931471805599454
09:1.6931471805599454
38:1.6931471805599454
time:1.6931471805599454
follow:1.0
2:1.6931471805599454
ingres:2.9459101490553135
egress:3.0794415416798357
19:2.09861228866811
30:2.09861228866811
b:1.6931471805599454
51:1.0
42:1.0
c:1.0
23:2.09861228866811
00:1.6931471805599454
59:1.0
10:2.386294361119891
28:1.0
12:1.6931471805599454
40:1.0
08:1.0
graze:1.0
could:1.0
minut:1.0
later:1.0
accord:1.0
altern:1.0
ephemeri:1.0
photometr:1.0
import:1.0
refin:1.0
orbit:1.0
sun:1.0
size:1.0
project:1.0
seen:1.0
3100:1.0
km:1.0
unlik:1.0
anyth:1.0
new:1.6931471805599454
see:1.0
soma:1.0
1992:1.0
astronomi:1.0
astrophys:1.0
265:1.0
l21:1.0
l24:1.0
detail:1.0
thank:1.0
andi:1.0
odel:1.0
northern:1.0
arizona:1.0
univers:1.0
bring:1.0
attent:1.0
jdg:1.0
scn5:1.0
write:1.0
interest:1.0
thing:1.0
would:2.09861228866811
ir:2.09861228866811
disappear:1.6931471805599454
planet:1.6931471805599454
measur:1.0
inertia:1.0
etc:1.0
unfortun:1.0
render:1.0
inaccess:1.0
except:1.0
russia:1.6931471805599454
even:1.0
calar:1.0
alto:1.0
rise:1.0
3:1.0
airmass:1.0
know:1.0
anyon:1.6931471805599454
ukrain:1.0
big:1.6931471805599454
telescop:2.386294361119891
um:1.6931471805599454
instrument:1.6931471805599454
look:1.0
someth:1.0
will:1.0
make:1.0
person:1.0
grant:1.0
100:1.0
data:1.0
tri:1.0
encourag:1.0
wavelength:1.0
impress:1.0
easi:1.0
faint:1.0
get:1.0
fainter:1.0
need:1.6931471805599454
good:1.0
reason:1.0
think:1.0
combin:1.0
wide:1.0
longitud:1.0
well:1.0
place:1.0
sofia:1.0
one:1.6931471805599454
possibl:1.0
india:1.0
lab:1.0
525:1.0
3684:1.0
telo:1.0
aweto:1.0
zealand:1.0
pasadena:1.0
ca:1.0
91109:1.0
part:1.6931471805599454
caterpillar:1.0
veget:1.0
