nsmca:1.6931471805599454
aurora:1.6931471805599454
alaska:2.386294361119891
edu:2.09861228866811
subject:1.0
eco:2.09861228866811
freak:2.386294361119891
forc:1.0
space:2.09861228866811
mine:2.6094379124341005
articl:1.0
1993apr21:1.0
212202:1.0
1:1.0
organ:1.0
univers:1.0
fairbank:1.0
line:1.0
24:1.0
nntp:1.0
post:1.0
host:1.0
acad3:1.6931471805599454
way:2.386294361119891
get:2.791759469228055
commerici:1.0
compani:1.0
miner:2.6094379124341005
explor:1.0
basic:2.386294361119891
eci:1.0
make:2.09861228866811
hard:1.0
earth:1.6931471805599454
think:1.0
crazi:1.0
well:1.0
realiti:1.0
billin:1.0
congress:1.6931471805599454
expens:2.386294361119891
u:1.0
unless:1.0
inspector:1.0
tax:2.386294361119891
collector:1.0
ascial:1.0
understand:1.0
talk:1.0
friend:1.0
propos:1.0
gross:1.0
incom:1.6931471805599454
versu:1.0
adjust:1.0
also:1.0
state:1.0
govern:1.0
normal:1.0
time:1.6931471805599454
done:1.0
pay:1.0
materi:1.0
worker:1.0
owe:1.6931471805599454
made:1.0
1000:1.0
00:1.6931471805599454
spend:1.0
500:1.0
ofor:1.0
600:1.0
feder:1.0
bascial:1.0
drive:1.0
land:1.0
peopel:1.0
benefit:1.0
back:1.0
begin:1.0
statement:1.0
go:1.0
caus:1.0
might:1.0
either:1.0
protectionist:1.0
fun:1.0
interest:1.0
michael:1.0
adam:1.0
high:1.0
jack:1.0
