rouben:2.791759469228055
math9:1.6931471805599454
math:2.386294361119891
umbc:2.791759469228055
edu:2.791759469228055
rostamian:2.6094379124341005
subject:1.0
sunris:2.09861228866811
sunset:2.09861228866811
time:2.791759469228055
organ:1.0
univers:2.09861228866811
maryland:2.09861228866811
baltimor:2.6094379124341005
counti:2.09861228866811
campu:1.0
line:1.0
60:1.0
nntp:1.0
post:1.0
host:1.0
articl:1.0
1993apr21:1.0
141824:1.0
23536:1.0
cbi:1.6931471805599454
ece:1.6931471805599454
drexel:1.6931471805599454
jpw:1.0
joseph:1.0
wetstein:1.0
write:1.0
hello:1.0
look:1.0
program:1.0
algorithm:1.0
use:1.0
comput:2.386294361119891
long:1.0
ago:1.0
length:2.09861228866811
daylight:2.386294361119891
abl:1.0
convert:1.0
inform:1.0
telephon:1.6931471805599454
410:1.6931471805599454
455:1.6931471805599454
2458:1.6931471805599454
depart:1.6931471805599454
mathemat:1.6931471805599454
statist:1.6931471805599454
e:1.6931471805599454
mail:1.6931471805599454
bitnet:2.386294361119891
md:1.6931471805599454
21228:1.6931471805599454
usa:1.6931471805599454
internet:1.6931471805599454
definit:1.0
z:2.386294361119891
tilt:1.6931471805599454
axi:1.0
planet:2.09861228866811
away:1.0
normal:1.0
orbit:1.0
plane:1.0
case:1.6931471805599454
earth:1.0
23:1.0
5:1.0
degre:2.9459101490553135
think:1.0
recal:1.0
exact:1.0
valu:1.0
uranu:1.0
almost:1.0
90:2.09861228866811
u:2.386294361119891
latitud:1.6931471805599454
locat:1.6931471805599454
day:1.6931471805599454
measur:2.09861228866811
pari:1.0
45:1.0
north:1.6931471805599454
pole:1.6931471805599454
angular:1.0
posit:1.0
around:1.6931471805599454
sun:1.6931471805599454
goe:1.0
0:2.386294361119891
360:1.0
make:1.0
full:1.6931471805599454
circl:1.6931471805599454
spring:1.0
equinox:1.0
occur:1.0
l:2.791759469228055
fraction:1.0
durat:1.6931471805599454
equat:1.0
alway:1.0
1:2.791759469228055
2:1.0
near:1.0
sometim:1.6931471805599454
one:1.0
zero:1.0
depend:1.0
year:1.6931471805599454
defin:1.6931471805599454
auxiliari:1.0
angl:1.6931471805599454
p:2.09861228866811
q:2.9459101490553135
sin:2.09861228866811
co:1.0
h:2.386294361119891
tan:1.6931471805599454
180:1.6931471805599454
conclus:1.0
pi:1.0
radian:1.0
wait:1.0
cutoff:1.0
function:1.6931471805599454
follow:1.0
interest:1.0
exercis:1.0
plot:1.0
versu:1.0
graph:1.0
show:1.0
vari:1.0
experi:1.0
variou:1.0
choic:1.0
compar:1.0
behavior:1.0
arctic:1.0
