cain:2.6094379124341005
geomag:1.6931471805599454
gli:1.6931471805599454
fsu:2.09861228866811
edu:1.6931471805599454
joe:1.0
subject:1.0
keep:1.0
spacecraft:1.0
fund:1.0
cut:1.0
organ:1.0
florida:1.0
state:1.0
univers:1.0
geolog:1.0
dept:1.0
line:1.0
4:1.0
discus:1.0
better:1.0
follow:1.0
talk:1.0
polit:1.0
space:1.0
joseph:1.0
tcain:1.0
bitnet:1.0
tscri:1.0
904:1.6931471805599454
644:1.6931471805599454
4014:1.0
tfax:1.0
4214:1.0
0098:1.0
