prb:1.0
access:2.09861228866811
digex:1.6931471805599454
com:1.0
pat:1.6931471805599454
subject:1.0
eco:1.0
freak:1.0
forc:1.0
space:1.0
mine:2.386294361119891
organ:1.0
express:1.0
onlin:1.0
commun:1.0
usa:1.0
line:1.6931471805599454
7:1.0
nntp:1.0
post:1.0
host:1.0
net:1.0
besid:1.0
hors:1.0
puckey:1.0
compani:1.0
claim:1.0
told:1.0
pay:1.0
restor:1.0
land:1.0
strip:1.0
still:1.0
coal:1.0
midwest:1.0
look:1.0
like:1.0
moon:1.0
theyar:1.0
done:1.0
