ajjb:2.09861228866811
adam4:1.6931471805599454
bnsc:2.09861228866811
rl:2.09861228866811
ac:2.09861228866811
uk:2.6094379124341005
andrew:1.0
broderick:1.6931471805599454
subject:1.0
dc:2.386294361119891
x:1.6931471805599454
organ:1.0
rutherford:1.6931471805599454
appleton:1.0
lab:1.6931471805599454
line:1.0
15:1.0
hi:1.0
guy:1.0
ti:1.0
hear:1.0
lot:1.0
talk:1.0
net:1.0
none:1.0
mani:1.0
post:1.0
actual:1.0
explain:1.6931471805599454
sorri:1.0
faq:1.0
would:1.0
somebodi:1.0
plea:1.6931471805599454
repli:1.0
email:1.0
thank:1.0
tandi:1.0
andi:1.0
jonathan:1.0
j:1.0
come:1.0
might:1.0
life:1.0
full:1.0
mail:1.0
adam2:1.0
jesu:1.0
christ:1.0
