mccall:2.09861228866811
mksol:1.0
dseg:1.6931471805599454
ti:1.6931471805599454
com:1.6931471805599454
fred:1.6931471805599454
j:1.0
575:1.0
3539:1.0
subject:1.0
give:1.0
1:1.0
billion:1.6931471805599454
first:1.6931471805599454
year:1.6931471805599454
long:1.0
moon:2.09861228866811
resid:1.0
organ:1.0
texa:1.0
instrument:1.0
inc:1.0
line:1.0
22:1.0
1993apr20:1.0
101044:1.0
2291:1.0
iti:1.6931471805599454
org:1.6931471805599454
aw:1.0
allen:1.6931471805599454
w:1.0
sherzer:1.0
write:1.0
depend:1.0
assum:1.6931471805599454
exist:2.386294361119891
work:1.0
ssto:2.09861228866811
like:1.0
dc:1.0
would:1.6931471805599454
enough:2.09861228866811
put:1.0
quarter:1.0
million:1.0
pound:1.0
stuff:1.0
mass:1.0
went:1.0
send:1.6931471805599454
equip:1.0
make:1.0
lox:1.0
transfer:1.0
vehicl:1.6931471805599454
could:1.0
lot:1.6931471805599454
either:1.0
way:1.6931471805599454
need:1.6931471805599454
prize:1.0
big:1.0
warrent:1.0
develop:1.6931471805599454
contest:1.6931471805599454
place:1.0
think:1.0
want:1.0
get:1.6931471805599454
cheaper:1.0
thing:1.0
alreadi:1.0
flush:1.0
1g:1.0
someon:1.0
go:1.0
insist:1.0
perfect:1.0
safeti:1.0
peopl:1.0
ball:1.0
live:1.0
real:1.0
world:1.0
mari:1.0
shafer:1.0
nasa:1.0
ame:1.0
dryden:1.0
speak:1.6931471805599454
other:1.0
