pearson:2.386294361119891
tsd:1.6931471805599454
arlut:1.6931471805599454
utexa:1.6931471805599454
edu:2.09861228866811
n:1.6931471805599454
shirlen:1.6931471805599454
subject:1.0
sunris:1.6931471805599454
sunset:1.6931471805599454
time:1.6931471805599454
nntp:1.0
post:1.6931471805599454
host:1.0
wren:1.0
organ:1.0
appli:1.0
research:1.0
lab:1.0
univers:1.0
texa:1.0
austin:1.0
line:1.0
13:1.0
jpw:1.0
cbi:1.0
ece:1.0
drexel:1.0
joseph:1.0
wetstein:1.0
write:1.0
hello:1.0
look:1.0
program:1.0
algorithm:1.0
use:1.0
comput:1.0
would:1.0
mind:1.0
respons:1.0
get:1.0
also:1.0
interest:1.0
may:1.0
other:1.0
thank:1.0
titan:1.0
