wingert:2.791759469228055
vnet:1.6931471805599454
ibm:2.6094379124341005
com:2.791759469228055
bret:2.386294361119891
subject:1.0
level:3.0794415416798357
5:2.791759469228055
organ:1.6931471805599454
feder:1.6931471805599454
system:1.6931471805599454
co:1.6931471805599454
softwar:3.9444389791664403
servic:1.6931471805599454
disclaim:1.0
post:1.0
repres:1.0
poster:1.0
view:1.0
news:1.6931471805599454
urepli:1.6931471805599454
3:2.09861228866811
1:2.09861228866811
line:1.0
91:1.0
c5ubn5:2.09861228866811
tz:2.09861228866811
zoo:2.386294361119891
toronto:2.6094379124341005
edu:2.386294361119891
henri:2.6094379124341005
spencer:2.386294361119891
write:2.386294361119891
articl:1.6931471805599454
1993apr21:1.6931471805599454
134436:1.6931471805599454
26140:1.6931471805599454
mksol:2.386294361119891
dseg:2.386294361119891
ti:2.386294361119891
mccall:2.386294361119891
fred:2.791759469228055
j:1.6931471805599454
575:1.6931471805599454
3539:1.6931471805599454
given:1.6931471805599454
heard:1.6931471805599454
shuttl:2.09861228866811
rate:2.09861228866811
mani:1.6931471805599454
also:2.6094379124341005
keep:1.6931471805599454
mind:1.6931471805599454
achiev:1.6931471805599454
use:2.09861228866811
sophist:2.6094379124341005
tool:3.0794415416798357
rather:1.6931471805599454
brute:1.6931471805599454
forc:1.6931471805599454
ignor:1.6931471805599454
attack:1.6931471805599454
problem:1.6931471805599454
challeng:2.791759469228055
standdown:2.386294361119891
simpli:1.6931471805599454
threw:1.6931471805599454
hundr:1.6931471805599454
peopl:3.1972245773362196
whole:1.6931471805599454
process:3.0794415416798357
hand:2.09861228866811
think:1.6931471805599454
littl:1.6931471805599454
inaccur:1.6931471805599454
base:1.6931471805599454
feynman:2.386294361119891
account:1.6931471805599454
develop:2.09861228866811
basic:1.6931471805599454
correct:1.6931471805599454
lot:1.6931471805599454
effort:1.6931471805599454
painstak:1.6931471805599454
care:2.386294361119891
got:1.6931471805599454
one:2.386294361119891
right:2.09861228866811
cite:1.6931471805599454
exemplari:1.6931471805599454
compar:1.6931471805599454
engin:1.6931471805599454
note:1.6931471805599454
start:1.6931471805599454
feel:2.09861228866811
manag:1.6931471805599454
pressur:1.6931471805599454
cut:1.6931471805599454
corner:1.6931471805599454
give:1.6931471805599454
much:1.6931471805599454
yet:1.6931471805599454
among:1.0
thing:1.6931471805599454
work:2.09861228866811
hard:1.0
get:2.09861228866811
major:1.6931471805599454
pre:1.0
flight:2.791759469228055
simul:2.09861228866811
consid:1.0
failur:2.386294361119891
nearli:1.0
bad:1.6931471805599454
result:1.0
number:1.6931471805599454
could:1.6931471805599454
count:1.0
zero:1.0
mention:1.6931471805599454
elsewher:1.6931471805599454
appli:1.6931471805599454
run:1.6931471805599454
experi:1.6931471805599454
typic:1.6931471805599454
mostli:1.6931471805599454
put:1.6931471805599454
togeth:1.6931471805599454
experiment:2.09861228866811
nowher:1.6931471805599454
near:1.6931471805599454
tender:1.6931471805599454
love:1.6931471805599454
none:1.0
afford:1.0
man:1.0
u:1.0
zoolog:1.0
kipl:1.0
utzoo:1.0
x:1.6931471805599454
coupl:1.0
point:1.0
thread:1.0
sinc:1.0
way:1.0
self:1.0
uncov:1.0
flaw:1.0
2:1.0
mr:1.0
say:1.0
larg:1.0
true:1.0
depend:1.0
case:1.0
howev:1.0
fix:1.0
support:1.0
hal:1.0
languag:1.0
somewhat:1.0
limit:1.0
onboard:1.0
project:1.0
nasa:1.6931471805599454
team:1.0
group:1.0
gener:1.0
20:1.0
40:1.0
ksloc:1.0
verifi:1.0
code:1.0
per:1.0
year:1.0
4:1.0
free:1.0
call:1.0
interest:1.0
info:1.0
713:2.386294361119891
282:2.386294361119891
7534:1.6931471805599454
fax:1.6931471805599454
8077:1.6931471805599454
