shafer:2.386294361119891
rigel:1.6931471805599454
dfrf:1.6931471805599454
nasa:2.6094379124341005
gov:1.6931471805599454
mari:1.6931471805599454
subject:1.0
crazi:1.0
imaginit:1.0
repli:1.0
nsmca:2.386294361119891
aurora:1.6931471805599454
alaska:1.6931471805599454
edu:1.6931471805599454
messag:1.0
thu:1.6931471805599454
22:1.6931471805599454
apr:1.6931471805599454
1993:1.6931471805599454
04:1.6931471805599454
54:1.6931471805599454
03:1.6931471805599454
gmt:1.6931471805599454
organ:1.0
dryden:1.6931471805599454
edward:1.6931471805599454
cal:1.0
line:1.0
25:1.0
said:1.0
idea:1.0
bit:1.0
odd:1.6931471805599454
wall:1.6931471805599454
wilbur:1.0
orvil:1.0
wright:2.09861228866811
quit:1.6931471805599454
other:1.0
common:1.0
misconcept:1.0
noth:1.0
brother:1.0
correspond:1.0
number:1.0
experiment:1.0
octav:1.0
chanut:1.0
lillienth:1.0
etc:1.0
flew:1.0
model:1.0
wind:1.0
tunnel:1.0
short:1.0
mainstream:1.0
regard:1.0
eccentr:1.0
commun:1.0
suggest:1.0
read:1.0
bishop:1.6931471805599454
boy:1.6931471805599454
biographi:1.0
harri:1.0
gate:1.0
comb:1.0
never:1.0
rememb:1.0
guy:1.0
fbo:1.0
own:1.0
learjet:1.0
print:1.6931471805599454
easili:1.0
obtain:1.0
trade:1.0
paperback:1.0
even:1.6931471805599454
better:1.6931471805599454
would:1.0
multi:1.0
volum:1.0
set:1.0
write:1.0
rare:1.0
hideous:1.0
expens:1.0
dod:1.0
0362:1.0
kotfr:1.0
flight:1.0
research:1.0
facil:1.0
ca:1.0
cours:1.0
speak:1.0
mig:1.6931471805599454
six:1.0
unknown:1.0
u:1.0
fighter:1.0
pilot:1.0
