baalk:2.386294361119891
kelvin:2.09861228866811
jpl:2.09861228866811
nasa:2.386294361119891
gov:2.09861228866811
ron:1.6931471805599454
subject:1.0
hst:2.6094379124341005
servic:2.386294361119891
mission:3.833213344056216
schedul:2.6094379124341005
11:1.6931471805599454
day:2.09861228866811
organ:1.0
jet:1.6931471805599454
propuls:1.6931471805599454
laboratori:1.0
line:1.0
88:1.0
distribut:1.0
world:1.0
nntp:1.0
post:1.0
host:1.0
keyword:1.0
news:1.0
softwar:1.6931471805599454
vax:1.0
vm:1.0
vnew:1.0
1:1.0
41:1.0
ed:1.0
campion:1.0
headquart:1.0
washington:1.0
c:1.0
april:1.6931471805599454
23:1.0
1993:1.6931471805599454
phone:1.6931471805599454
202:1.0
358:1.0
1780:1.0
kyle:1.0
her:1.0
johnson:1.6931471805599454
space:3.1972245773362196
center:2.386294361119891
houston:1.6931471805599454
713:1.0
483:1.0
5111:1.0
releas:1.0
93:1.0
76:1.0
hubbl:2.09861228866811
telescop:2.386294361119891
eleven:1.0
tthe:2.09861228866811
decemb:1.0
flight:2.791759469228055
endeavour:1.0
shuttl:2.386294361119891
st:1.6931471805599454
61:1.6931471805599454
design:1.0
accommod:1.0
record:1.0
five:2.9459101490553135
spacewalk:3.4849066497880004
capabl:1.6931471805599454
addit:1.6931471805599454
two:2.09861228866811
need:1.0
decis:1.0
extravehicular:1.0
activ:1.0
eva:2.791759469228055
reach:1.0
follow:1.0
extens:1.0
evalu:2.09861228866811
underwat:1.6931471805599454
train:2.791759469228055
maneuv:1.0
time:2.6094379124341005
requir:2.09861228866811
use:2.09861228866811
robot:1.0
arm:1.0
base:1.6931471805599454
simul:1.6931471805599454
actual:2.09861228866811
task:2.9459101490553135
previou:2.09861228866811
basic:1.0
done:1.0
go:1.0
rather:1.0
three:1.6931471805599454
repackag:1.0
margin:1.0
respond:1.0
dynam:1.0
unknown:1.0
director:1.6931471805599454
randi:1.0
brinkley:1.0
said:2.09861228866811
improv:1.0
probabl:1.0
success:1.0
provid:1.0
ad:1.0
flexibl:1.0
adapt:1.0
react:1.0
real:1.0
situat:1.0
tin:1.0
lay:1.0
specif:1.6931471805599454
complet:1.0
offici:1.0
determin:1.0
chang:1.6931471805599454
gyro:1.6931471805599454
solar:1.6931471805599454
array:1.6931471805599454
wide:1.0
field:1.0
planetari:1.0
camera:1.0
wf:1.6931471805599454
pc:1.6931471805599454
instal:1.0
correct:1.0
optic:1.0
axial:1.0
replac:1.0
costar:1.6931471805599454
prioriti:1.6931471805599454
object:1.6931471805599454
look:1.0
accomplish:1.6931471805599454
highest:1.0
lowest:1.0
recogn:1.0
major:1.0
would:1.0
consum:1.0
set:1.0
asid:1.0
deem:1.0
appropri:1.0
milt:1.0
heflin:1.6931471805599454
lead:1.6931471805599454
twhile:1.0
unpreced:1.0
altern:1.0
team:1.0
allevi:1.0
place:1.0
stress:1.0
crew:2.09861228866811
four:1.0
paid:1.0
close:1.0
attent:1.0
lesson:1.6931471805599454
learn:1.6931471805599454
factor:1.0
timelin:1.6931471805599454
estim:1.0
plan:1.0
necessari:1.6931471805599454
formul:1.0
work:1.0
repres:1.0
realist:1.0
possibl:1.0
tplan:1.0
current:1.0
call:1.6931471805599454
least:1.0
water:1.6931471805599454
tank:1.6931471805599454
session:1.0
includ:1.6931471805599454
support:1.0
control:1.6931471805599454
joint:1.0
integr:1.0
last:1.0
10:1.0
36:1.0
hour:1.0
mani:1.0
stand:1.0
alon:1.0
run:1.0
practic:1.0
individu:1.0
tvariou:1.0
refin:1.0
made:1.0
experi:2.09861228866811
month:1.0
prior:1.0
also:1.0
valuabl:1.0
assist:2.09861228866811
techniqu:1.0
tendeavour:1.0
june:1.0
discoveri:1.6931471805599454
juli:1.0
uniqu:1.0
tool:1.0
help:1.0
better:1.0
understand:1.0
differ:1.0
weightless:1.0
ground:1.0
marshal:1.0
huntsvil:1.0
ala:1.0
talso:1.0
inflight:1.0
gain:1.0
insight:1.0
variou:1.0
expand:1.0
level:1.0
among:1.0
astronaut:1.0
corp:1.0
trainer:1.0
tdesign:1.0
built:1.0
grappl:1.0
fixtur:1.0
handhold:1.0
captur:1.0
repair:1.6931471805599454
procedur:1.0
launch:1.0
aboard:1.0
1990:1.0
mix:1.0
fleet:1.0
manifest:1.0
show:1.0
first:1.0
revisit:1.0
scienc:1.0
instrument:1.0
make:1.0
may:1.0
becom:1.0
end:1.0
lab:1.0
525:1.0
3684:1.0
telo:1.0
aweto:1.0
new:1.0
zealand:1.0
pasadena:1.0
ca:1.0
91109:1.0
part:1.6931471805599454
caterpillar:1.0
veget:1.0
