uphrrmk:1.6931471805599454
gemini:1.6931471805599454
osc:1.6931471805599454
montana:1.6931471805599454
edu:2.09861228866811
jack:1.6931471805599454
coyot:1.6931471805599454
subject:1.0
planet:1.0
still:1.0
imag:1.0
orbit:1.0
ether:1.0
twist:1.0
repli:1.0
organ:1.0
never:1.6931471805599454
line:1.0
14:1.0
sci:1.0
astro:1.0
dmcaloon:1.0
tuba:1.0
calpoli:1.0
david:1.0
mcaloon:1.0
write:1.0
nearli:1.0
perfect:1.0
parodi:1.0
need:1.0
random:1.0
cap:1.0
thank:2.09861228866811
chuckl:1.0
love:1.0
bit:1.0
relev:1.0
peopl:1.0
starv:1.0
somalia:1.0
taken:1.0
serious:1.0
read:1.0
name:1.0
aloud:1.0
week:1.0
enjoy:1.0
buffet:1.0
