prb:1.0
access:2.09861228866811
digex:1.6931471805599454
com:1.0
pat:1.6931471805599454
subject:1.0
moonbas:1.0
race:1.0
nasa:1.0
resourc:1.0
organ:1.0
express:1.0
onlin:1.0
commun:1.0
usa:1.0
line:1.0
9:1.0
nntp:1.0
post:1.0
host:1.0
net:1.0
henri:1.0
littl:1.6931471805599454
joe:2.386294361119891
big:1.6931471805599454
get:1.0
built:1.0
year:1.0
6:1.0
month:1.6931471805599454
12:1.0
thought:1.0
saw:1.0
someth:1.0
old:1.0
mercuri:1.0
film:1.0
