kjenk:1.6931471805599454
gothamc:1.6931471805599454
jsc:2.6094379124341005
nasa:2.791759469228055
gov:2.386294361119891
subject:1.0
space:3.3978952727983707
station:3.302585092994046
redesign:1.0
altern:1.6931471805599454
4:1.0
organ:1.0
gm2:1.6931471805599454
shuttl:2.6094379124341005
program:1.6931471805599454
offic:1.6931471805599454
x:1.0
newsread:1.0
tin:1.0
version:1.0
1:1.6931471805599454
pl8:1.0
line:1.0
71:1.0
19:1.0
2:1.6931471805599454
mb:1.6931471805599454
worth:1.0
uuencod:1.0
gif:2.09861228866811
imag:1.0
contain:2.09861228866811
chart:1.0
outlin:1.0
one:1.6931471805599454
mani:1.0
design:3.3978952727983707
consid:1.0
crystal:1.6931471805599454
citi:1.6931471805599454
mr:1.0
mark:2.386294361119891
holderman:1.0
work:1.6931471805599454
hall:1.0
reach:1.0
comment:1.0
713:1.6931471805599454
483:1.6931471805599454
1317:1.0
via:1.0
e:1.0
mail:1.0
mholderm:1.0
jscprof:1.0
propos:1.6931471805599454
call:1.0
geod:1.0
rough:1.0
outsid:1.6931471805599454
gem:1.0
insid:1.0
et:3.1972245773362196
strongback:1.0
integr:1.0
hab:1.6931471805599454
modul:2.791759469228055
centrifug:2.386294361119891
see:1.6931471805599454
file:2.09861228866811
geodea:1.0
use:3.0794415416798357
extern:1.0
tank:1.0
place:1.0
much:1.6931471805599454
truss:1.0
current:1.6931471805599454
part:1.6931471805599454
freedom:1.0
white:1.6931471805599454
track:1.6931471805599454
remont:1.0
manipul:1.0
system:2.791759469228055
srm:1.0
reaction:1.0
control:2.791759469228055
rc:2.09861228866811
pod:1.6931471805599454
allow:1.6931471805599454
move:1.0
along:1.0
thrust:1.0
occur:1.0
near:1.0
center:1.0
graviti:1.6931471805599454
cg:1.6931471805599454
mass:1.6931471805599454
properti:1.0
chang:1.0
assembl:1.0
inlin:1.0
dock:2.09861228866811
easili:1.0
approach:1.0
closer:1.0
structur:1.0
strong:1.6931471805599454
ssf:2.09861228866811
forc:1.0
limit:1.0
400:1.0
pound:1.0
serious:1.0
constrain:1.0
would:1.6931471805599454
hatch:1.0
instal:1.0
pre:1.0
flight:1.0
littl:1.0
addit:1.0
launch:1.6931471805599454
alway:1.0
abil:1.0
put:1.0
orbit:2.9459101490553135
contrari:1.0
rumor:1.6931471805599454
circul:1.0
never:1.0
reason:1.6931471805599454
good:1.0
perform:1.6931471805599454
penalti:1.0
debri:1.0
gener:1.0
eventu:1.0
de:2.09861228866811
impact:1.6931471805599454
footprint:1.0
vent:1.0
residu:1.0
h2:1.0
insul:1.0
sofi:1.0
either:1.0
erod:1.0
atom:1.0
oxygen:1.0
b:1.6931471805599454
stay:1.0
deploy:1.0
kevlar:1.0
sheath:1.0
around:1.0
protect:1.6931471805599454
keep:1.0
contamin:1.0
local:1.0
environ:1.0
option:1.0
advantag:1.0
provid:1.0
micrometeor:1.0
incred:1.0
rememb:1.0
support:1.0
whole:1.6931471805599454
stack:1.0
could:1.6931471805599454
serv:1.0
nucleu:1.0
ambiti:1.0
budget:1.0
permit:1.0
end:1.6931471805599454
set:1.0
moment:1.0
gyro:1.6931471805599454
attitud:1.6931471805599454
desatur:1.0
also:1.0
life:1.0
kill:1.0
kangaroo:1.0
like:1.6931471805599454
skylab:1.0
volum:1.0
long:1.0
term:1.0
studi:1.0
effect:1.0
lunar:1.0
martian:1.0
human:1.0
momentum:1.0
storag:1.6931471805599454
devic:1.0
mount:1.0
opposit:1.0
solar:1.0
panel:1.0
exist:1.0
electr:1.0
data:1.0
commun:1.0
get:1.6931471805599454
leverag:1.0
done:1.6931471805599454
date:1.0
joe:1.0
shea:1.0
committe:1.0
report:1.0
warmli:1.0
receiv:1.0
howev:1.0
hear:1.0
say:1.0
base:1.0
wingless:1.0
seem:1.0
plea:1.0
note:1.6931471805599454
text:1.0
interpret:1.0
instead:1.0
post:1.6931471805599454
sci:1.0
tri:1.0
anon:1.0
ftp:1.0
ame:1.0
arc:1.0
let:1.0
know:1.0
ken:1.0
jenk:1.0
4368:1.0
develop:1.0
inevit:1.0
rise:1.0
sun:1.0
wernher:1.0
von:1.0
braun:1.0
