s901924:1.0
mailserv:1.0
cuhk:1.6931471805599454
hk:1.6931471805599454
subject:1.6931471805599454
graviti:2.386294361119891
wave:2.386294361119891
predict:1.6931471805599454
quantiz:1.6931471805599454
cosmic:1.6931471805599454
nois:1.6931471805599454
summari:1.6931471805599454
dong:2.9459101490553135
hear:2.09861228866811
death:2.09861228866811
knell:2.09861228866811
rel:2.09861228866811
keyword:1.6931471805599454
space:2.6094379124341005
curvatur:2.09861228866811
noth:2.09861228866811
tesla:2.386294361119891
nntp:1.0
post:1.0
host:1.0
wksb14:1.0
csc:1.0
organ:1.0
comput:1.0
servic:1.0
centr:1.0
c:1.0
u:2.09861228866811
h:2.09861228866811
k:1.0
distribut:1.0
world:1.0
line:1.0
36:1.0
articl:1.6931471805599454
c4m8e5:1.0
aud:1.0
csn:2.09861228866811
org:2.09861228866811
et:2.09861228866811
teal:1.6931471805599454
eric:1.6931471805599454
taylor:1.6931471805599454
write:2.386294361119891
date:1.0
sun:1.0
28:1.0
mar:1.0
1993:1.0
20:1.0
18:1.0
04:1.0
gmt:1.0
c4kvjf:1.0
4qo:1.0
well:1.6931471805599454
sf:1.6931471805599454
ca:1.6931471805599454
metar:1.0
tom:1.6931471805599454
van:1.0
flandern:1.0
crb7q:1.0
kelvin:1.0
sea:1.0
virginia:1.0
edu:1.6931471805599454
cameron:1.0
randal:1.0
bass:1.0
bruce:2.386294361119891
scott:1.6931471805599454
launchpad:1.0
unc:1.0
exist:2.6094379124341005
undefin:1.6931471805599454
unless:1.6931471805599454
synonym:1.6931471805599454
observ:2.09861228866811
physic:2.09861228866811
crb:1.0
string:1.0
theori:1.6931471805599454
agre:1.0
add:1.0
dark:1.0
matter:1.6931471805599454
quark:1.0
lot:1.0
unobserv:1.6931471805599454
pure:1.0
theoret:1.0
construct:1.0
list:1.0
includ:1.0
omni:1.0
present:1.0
black:1.0
hole:1.0
argu:1.0
infer:1.0
alon:1.0
origin:1.0
critic:1.0
said:1.0
someth:1.6931471805599454
non:1.0
curv:2.09861228866811
repli:1.0
four:1.0
dimens:1.0
know:1.0
moment:1.0
see:1.0
way:1.0
defend:1.0
statement:1.0
phenomenon:1.0
simultan:1.0
hold:1.0
simpl:1.0
reason:1.0
properti:1.6931471805599454
speak:1.0
deal:1.0
fill:1.0
say:1.0
presenc:1.0
larg:1.0
bodi:1.0
becom:1.0
equival:1.0
state:1.0
act:1.0
upon:1.0
one:1.0
refus:1.0
subscrib:1.0
view:1.0
nikola:1.0
100:1.0
year:1.0
ahead:1.0
time:1.6931471805599454
perhap:1.0
come:1.0
