maverick:1.0
wpi:2.791759469228055
edu:2.09861228866811
giaquinto:1.6931471805599454
subject:1.0
gener:1.0
inform:1.6931471805599454
request:1.0
organ:1.0
worcest:1.6931471805599454
polytechn:1.0
institut:1.0
01609:1.0
2280:1.0
line:1.0
11:1.0
nntp:1.0
post:1.0
host:1.0
ti:1.0
look:1.0
space:1.6931471805599454
program:1.6931471805599454
includ:1.0
nasa:1.0
shuttl:1.0
histori:1.0
anyth:1.0
would:1.0
like:1.0
know:1.0
anyon:1.0
could:1.0
suggest:1.0
book:1.0
period:1.0
even:1.0
ftp:1.0
site:1.0
novic:1.0
interest:1.0
ttodd:1.0
tmaverick:1.0
