landi:2.386294361119891
stsci:2.09861228866811
edu:1.6931471805599454
robert:1.0
s202:1.0
subject:1.0
soviet:1.0
space:1.6931471805599454
book:1.0
repli:1.0
organ:1.0
telescop:1.0
scienc:1.0
institut:1.0
baltimor:1.6931471805599454
md:1.6931471805599454
line:1.0
9:1.0
blaze:1.0
go:1.0
wayn:1.0
matson:1.0
gang:1.0
alabama:1.0
also:1.0
heard:1.0
unconfirm:1.0
rumor:1.0
aerospac:1.0
ambassador:1.0
disappear:1.0
anyon:1.0
el:1.0
confirm:1.0
rob:1.0
