wale:1.0
larrison:1.0
ofa123:1.0
fidonet:1.0
org:1.0
subject:1.0
space:3.3978952727983707
advertis:3.833213344056216
1:1.0
2:1.6931471805599454
x:1.6931471805599454
sender:1.0
newtout:1.0
0:1.0
08:1.0
feb:1.0
23:1.0
1993:1.6931471805599454
line:1.0
81:1.0
brian:1.0
yamauchi:1.0
ask:1.0
regard:1.0
orbit:3.0794415416798357
billboard:2.09861228866811
anyon:1.0
detail:1.0
wn:1.0
news:2.09861228866811
blip:1.0
seriou:1.6931471805599454
project:2.09861228866811
wild:1.0
idea:2.09861228866811
stage:1.0
real:1.6931471805599454
fund:2.09861228866811
well:1.0
collect:1.0
data:1.0
next:1.0
edit:1.0
commerci:1.6931471805599454
technolog:1.0
investor:1.0
summar:1.0
first:2.09861228866811
vehicl:2.9459101490553135
new:1.0
common:1.0
practic:1.0
put:3.1972245773362196
cooper:1.0
organ:2.791759469228055
logo:3.3978952727983707
launch:3.3978952727983707
exampl:2.6094379124341005
latest:1.0
gp:2.09861228866811
launcher:2.09861228866811
promin:2.09861228866811
side:2.9459101490553135
mcdonnel:1.6931471805599454
dougla:1.6931471805599454
delta:1.0
rockwel:1.0
intern:1.0
built:1.0
satellit:1.6931471805599454
usaf:1.0
paid:2.9459101490553135
navstar:1.0
program:2.09861228866811
offic:1.0
consid:1.0
rather:1.6931471805599454
public:2.09861228866811
relat:2.09861228866811
sinc:1.6931471805599454
restrict:1.6931471805599454
involv:2.09861228866811
could:1.0
money:1.0
exchang:1.0
howev:1.0
10:1.0
high:1.0
face:1.0
camera:1.6931471805599454
much:1.0
opinion:1.0
way:1.6931471805599454
note:1.6931471805599454
dc:1.0
test:1.0
sdio:1.0
sever:2.386294361119891
studi:1.6931471805599454
look:2.09861228866811
revenu:1.6931471805599454
potenti:1.6931471805599454
use:1.6931471805599454
place:1.6931471805599454
larg:1.6931471805599454
sign:1.0
shuttl:1.0
know:1.0
earli:1.0
mid:1.0
1980:1.0
extern:1.0
tank:1.0
payload:2.386294361119891
bay:1.6931471805599454
ventur:1.0
would:2.791759469228055
differ:1.6931471805599454
display:1.6931471805599454
firm:2.09861228866811
particip:2.09861228866811
flight:1.0
payment:1.0
sum:1.0
right:1.0
fli:1.0
paint:1.0
et:1.0
like:1.0
pepsi:1.0
disneyworld:1.0
insid:1.0
scan:1.0
past:1.0
advert:1.0
done:1.0
soviet:1.6931471805599454
1990:1.0
non:1.0
foreign:1.0
allow:1.0
pay:1.0
proton:1.0
italian:1.0
shoe:1.0
compani:1.0
one:2.09861228866811
rememb:1.0
similarli:1.0
cosmonaut:1.6931471805599454
mir:1.6931471805599454
made:1.0
last:1.6931471805599454
olymp:1.0
game:1.0
gleefulli:1.0
shown:1.0
banner:1.0
item:1.0
mar:1.0
candi:1.0
bar:1.0
got:1.0
plug:1.0
sponsor:1.0
british:1.0
visit:1.0
u:1.0
start:1.0
upcom:2.09861228866811
conestoga:1.6931471805599454
june:1.0
comet:2.386294361119891
recover:1.0
capsul:1.0
arnold:1.0
schwarzenegg:1.0
movi:1.0
action:1.0
hero:1.0
besid:1.0
usual:1.0
columbia:1.0
pictur:1.0
500:1.0
000:1.0
ad:1.0
main:1.0
fuselag:1.0
mission:1.0
rocket:1.6931471805599454
booster:1.0
earth:1.0
month:1.6931471805599454
concept:1.0
publish:1.0
magazin:1.0
coupl:1.0
ago:1.0
robert:1.6931471805599454
lorsch:1.6931471805599454
execut:1.0
talk:1.0
su:1.0
nasa:2.9459101490553135
charg:1.0
appropri:1.0
creat:1.0
agenc:1.0
1981:1.0
form:1.0
corpor:1.0
sponsorship:1.0
spacecraft:1.0
get:1.0
contend:1.0
sell:1.0
violat:1.0
agreement:1.0
without:1.0
exclus:1.0
repres:1.0
receiv:1.6931471805599454
compens:1.0
disput:1.0
none:1.6931471805599454
come:1.0
stapl:1.0
scienc:1.0
fiction:1.0
time:1.0
arthur:1.0
c:1.0
clark:1.0
wrote:1.0
heinlein:1.0
describ:1.0
anoth:1.0
man:1.0
sold:1.0
moon:1.0
develop:1.0
although:1.0
implement:1.0
prior:1.0
eiffel:1.0
ii:1.0
inflat:1.0
sculptur:1.0
celebr:1.0
french:1.0
republ:1.0
bi:1.0
centenni:1.0
cont:1.0
maximu:1.0
01wb:1.0
