organ:1.0
queen:1.0
univers:1.0
kingston:1.0
graydon:1.6931471805599454
saundrsg:1.0
qucdn:1.0
queensu:1.0
ca:1.0
subject:1.0
gamma:1.0
ray:1.6931471805599454
burster:1.0
1993apr24:1.0
221344:1.0
1:1.0
vax1:1.0
mankato:1.0
msu:1.0
edu:1.0
line:1.0
8:1.0
thing:1.6931471805599454
detect:1.0
space:1.0
anyon:1.0
look:1.0
possibl:1.0
problem:1.0
detector:1.0
mechan:1.0
cosmic:1.0
whatev:1.0
could:1.0
caus:1.0
dector:1.0
think:1.0
see:1.0
one:1.0
