gene:2.386294361119891
theporch:2.09861228866811
raider:2.09861228866811
net:2.09861228866811
wright:1.6931471805599454
subject:1.0
nasa:2.09861228866811
special:1.6931471805599454
public:1.6931471805599454
voyag:2.386294361119891
mission:1.6931471805599454
organ:1.0
macinterest:1.6931471805599454
nashvil:1.6931471805599454
tn:1.0
line:1.0
12:1.0
two:1.0
book:2.09861228866811
one:1.0
titl:1.0
jupit:1.0
saturn:1.0
excel:1.0
put:1.6931471805599454
togeth:1.6931471805599454
encount:1.6931471805599454
planet:1.0
question:1.0
ever:1.0
similar:1.0
either:1.0
uranu:1.0
neptun:1.0
sp:1.0
number:1.0
obtain:1.0
615:1.0
297:1.0
7951:1.0
