wingert:2.791759469228055
vnet:2.09861228866811
ibm:2.791759469228055
com:2.386294361119891
bret:2.09861228866811
subject:1.0
level:2.6094379124341005
5:2.9459101490553135
organ:1.0
feder:1.0
system:1.6931471805599454
co:1.0
softwar:2.9459101490553135
servic:1.0
disclaim:1.0
post:1.0
repres:1.0
poster:1.0
view:1.0
news:1.0
urepli:1.0
3:1.6931471805599454
1:2.791759469228055
1993apr23:1.6931471805599454
124759:1.6931471805599454
fnalf:1.6931471805599454
fnal:1.6931471805599454
gov:1.6931471805599454
line:1.0
29:1.0
bill:1.0
higgin:1.0
beam:1.0
jockey:1.0
write:1.6931471805599454
articl:1.0
19930422:1.0
121236:1.0
246:1.0
almaden:1.0
onboard:1.0
flight:1.0
project:1.0
rate:2.09861228866811
nasa:1.6931471805599454
team:1.0
group:1.0
gener:1.0
20:1.6931471805599454
40:1.0
ksloc:1.0
verifi:1.0
code:1.0
per:1.0
year:1.0
someon:1.0
tell:1.0
ignor:1.0
physicist:1.0
term:1.0
come:1.6931471805599454
sound:1.0
like:1.6931471805599454
risk:1.0
digest:1.0
equival:1.0
larg:1.6931471805599454
extra:1.0
jumbo:1.0
mayb:1.0
defcon:1.0
gather:1.0
mean:1.0
shuttl:1.0
develop:1.6931471805599454
extrem:1.0
care:1.0
reliablil:1.0
safeti:1.0
almost:1.0
everyth:1.0
el:1.0
comput:1.0
world:1.0
cheesi:1.0
dime:1.0
store:1.0
surpris:1.0
invent:1.0
standard:1.0
everyon:1.0
seem:1.0
familiar:1.0
refer:1.0
carnegi:1.0
mellon:1.0
engin:1.0
institut:1.0
capabl:1.0
matur:1.0
model:1.6931471805599454
org:1.0
from1:1.0
chaotic:1.0
optim:1.0
dod:1.0
begin:1.0
use:1.0
discrimin:1.0
contract:1.0
data:1.0
thifrom:1.0
page:1.6931471805599454
1000:1.0
30:1.0
present:1.0
summar:1.0
wethat:1.0
could:1.0
fax:1.6931471805599454
interest:1.0
713:1.6931471805599454
282:1.6931471805599454
7534:1.0
8077:1.0
