clj:2.09861228866811
ksr:2.09861228866811
com:2.386294361119891
chri:2.09861228866811
jone:2.09861228866811
subject:1.0
keep:1.0
spacecraft:1.0
fund:1.0
cut:1.0
repli:1.6931471805599454
organ:1.0
kendal:1.0
squar:1.0
research:1.0
corp:1.0
line:1.0
13:1.0
prb:1.6931471805599454
access:2.09861228866811
digex:1.6931471805599454
pat:1.6931471805599454
articl:1.0
1r6aqr:1.0
dnv:1.0
net:1.0
write:1.0
voyag:1.0
unusu:1.0
luck:1.0
stabl:1.6931471805599454
trajectori:1.0
solar:2.386294361119891
system:1.0
collect:1.0
field:1.0
data:2.09861228866811
routin:1.0
squirt:1.0
one:2.09861228866811
marin:1.6931471805599454
also:1.0
orbit:1.6931471805599454
still:2.09861228866811
provid:1.0
similiar:1.0
craft:1.0
receiv:1.0
believ:1.0
refer:1.0
pioneer:1.0
6:1.0
9:1.0
launch:1.6931471805599454
decemb:1.0
1965:1.0
novemb:1.0
1968:1.0
put:1.0
studi:1.0
interplanetari:1.0
space:1.0
recal:1.0
read:1.0
least:1.0
function:1.0
25:1.0
year:1.0
