i3150101:1.0
dbstu1:1.0
rz:1.0
tu:1.0
b:1.0
de:1.0
benedikt:1.6931471805599454
rosenau:1.0
subject:1.0
gospel:2.09861228866811
date:2.09861228866811
organ:1.0
technic:1.0
univers:1.0
braunschweig:1.0
germani:1.0
line:1.0
93:1.0
articl:1.0
65974:1.0
mimsi:1.0
umd:1.6931471805599454
edu:1.6931471805599454
mango:1.0
c:1.0
charley:1.0
wingat:1.0
write:1.0
well:2.09861228866811
john:3.4849066497880004
quit:1.6931471805599454
differ:1.6931471805599454
necessarili:1.6931471805599454
elabor:1.6931471805599454
theolog:1.6931471805599454
evid:2.386294361119891
must:1.0
known:2.09861228866811
luke:3.3978952727983707
content:1.6931471805599454
q:2.09861228866811
canon:1.0
form:1.0
new:1.0
argument:2.386294361119891
could:1.0
littl:1.0
goe:1.0
follow:1.6931471805599454
oid:1.0
quot:1.0
appear:1.0
almost:1.6931471805599454
codifi:1.0
way:1.0
matthew:2.6094379124341005
howev:1.0
consid:1.6931471805599454
similar:1.6931471805599454
enough:1.6931471805599454
point:2.386294361119891
knowledg:2.09861228866811
entir:1.0
sourc:2.09861228866811
assum:1.6931471805599454
knew:1.6931471805599454
would:2.386294361119891
obvious:1.0
put:1.6931471805599454
give:1.6931471805599454
latter:1.0
assumpt:1.0
think:2.09861228866811
take:1.0
tradit:1.0
attribut:1.0
might:1.0
elder:1.0
figur:1.0
either:1.0
case:1.0
talk:1.6931471805599454
span:1.0
time:2.09861228866811
within:1.0
rang:1.0
lifetim:1.0
text:2.6094379124341005
age:1.6931471805599454
author:1.0
usual:1.6931471805599454
explan:1.0
order:1.6931471805599454
mark:3.0794415416798357
respect:1.0
say:1.6931471805599454
read:1.0
probabl:1.0
overwhelm:1.0
admittedli:1.0
1:1.0
earlier:1.0
manuscript:1.6931471805599454
discov:1.0
interest:1.0
old:2.09861228866811
unfortun:1.0
got:1.0
info:1.0
hand:1.6931471805599454
late:1.0
70:1.0
earli:1.0
80:1.0
possibl:1.0
ce:1.0
200:1.6931471805599454
shed:1.0
doubt:1.0
rest:1.0
three:1.0
see:1.0
exactli:1.0
jame:1.0
felder:1.0
said:1.6931471805599454
first:1.0
event:1.6931471805599454
obviou:2.09861228866811
least:1.0
two:1.0
use:1.6931471805599454
older:1.0
base:1.6931471805599454
account:1.0
even:2.386294361119891
associ:1.0
paul:1.0
peter:1.6931471805599454
gener:2.386294361119891
accept:1.6931471805599454
genuin:1.0
letter:1.0
close:1.0
sure:1.0
origin:1.6931471805599454
togeth:1.6931471805599454
id:1.0
card:1.0
sender:1.0
receiv:1.0
fine:1.0
suppos:1.0
miss:1.0
someth:1.0
one:2.6094379124341005
step:1.6931471805599454
remov:1.6931471805599454
bad:1.6931471805599454
learn:1.0
stori:1.0
directli:1.0
dicipl:1.6931471805599454
realli:1.0
believ:1.6931471805599454
sort:1.0
big:1.0
transform:1.0
jesu:1.0
peopl:1.0
posit:1.0
news:1.0
report:1.6931471805599454
get:1.0
better:1.0
inform:1.0
noth:1.0
discipl:1.6931471805599454
style:1.0
languag:1.0
counterargu:1.0
reli:1.0
claim:1.0
compar:1.0
centuri:1.0
illiter:1.0
societi:1.0
speak:1.0
best:1.0
also:1.0
edit:1.6931471805599454
oldest:2.09861228866811
antiqu:1.0
estim:1.0
complet:1.0
clear:1.0
problem:1.0
end:1.6931471805599454
basic:1.0
hopeless:1.0
mess:1.0
version:1.6931471805599454
strong:1.0
sen:1.0
incomplet:1.0
shortest:1.0
seem:1.6931471805599454
break:1.0
midsent:1.0
solut:1.0
part:1.0
lost:1.0
materi:1.0
vers:1.0
9:1.0
pretti:1.6931471805599454
clearli:1.0
later:1.0
repres:1.0
synopsi:1.0
word:1.0
know:1.0
look:1.0
like:1.0
weak:1.0
connect:1.0
redat:1.0
