subject:1.0
american:1.0
evolut:1.0
halat:2.6094379124341005
pooh:1.6931471805599454
bear:1.6931471805599454
jim:2.09861228866811
repli:1.0
line:1.0
10:1.0
articl:1.6931471805599454
j0:1.0
5l3:1.0
rpi:1.6931471805599454
edu:2.386294361119891
johnsd2:1.0
jec322:1.0
dan:1.6931471805599454
johnson:1.6931471805599454
write:1.6931471805599454
143048io30436:1.0
main:2.386294361119891
io30436:1.0
know:1.0
take:1.0
hand:1.0
anyway:1.0
bravo:1.0
go:1.0
d:1.0
0:1.0
beauti:1.6931471805599454
simpli:1.0
