keith:2.09861228866811
cco:1.0
caltech:1.6931471805599454
edu:1.6931471805599454
allan:1.0
schneider:1.0
subject:1.0
polit:1.0
atheist:1.0
organ:1.0
california:1.0
institut:1.0
technolog:1.0
pasadena:1.0
line:1.0
8:1.0
nntp:1.0
post:1.0
host:1.0
punish:1.0
mathew:1.6931471805599454
manti:1.0
co:1.0
uk:1.0
write:1.0
rape:1.0
sure:1.0
burden:1.0
guilt:1.0
sole:1.0
rapist:1.0
thrown:1.0
cage:1.0
tiger:1.6931471805599454
get:1.0
maul:1.0
blame:1.0
