nanci:1.6931471805599454
ann:1.0
miller:1.0
nm0w:1.6931471805599454
andrew:2.09861228866811
cmu:2.09861228866811
edu:2.6094379124341005
subject:1.0
genocid:1.6931471805599454
caus:1.6931471805599454
atheism:1.6931471805599454
organ:1.0
sponsor:1.0
account:1.0
school:1.0
comput:1.0
scienc:1.0
carnegi:1.0
mellon:1.0
pittsburgh:1.0
pa:1.0
line:1.0
27:1.0
nntp:1.0
post:1.6931471805599454
host:1.0
repli:1.0
1993apr5:1.0
020504:1.0
19326:1.0
ultb:1.6931471805599454
isc:1.6931471805599454
rit:1.6931471805599454
snm6394:1.0
n:1.0
mozumd:1.6931471805599454
write:1.0
horribl:1.6931471805599454
death:1.6931471805599454
result:1.6931471805599454
anyth:1.0
el:1.0
definit:1.0
quit:1.6931471805599454
atheist:2.09861228866811
theist:2.09861228866811
sure:1.6931471805599454
bobbi:2.09861228866811
list:2.09861228866811
side:1.6931471805599454
fail:1.0
recogn:1.0
equal:1.0
profici:1.0
perhap:1.6931471805599454
sinc:1.0
bit:1.0
weak:1.0
histori:1.0
somon:1.0
would:1.6931471805599454
like:1.0
give:1.0
war:1.0
led:1.0
think:1.0
hitler:1.0
claim:1.0
christian:1.0
exampl:1.0
complet:1.0
probabl:1.0
effect:1.0
show:1.0
absurd:1.0
statement:1.0
peac:2.09861228866811
note:1.0
notic:1.0
alway:1.0
sign:1.0
take:1.0
advic:1.0
leav:1.0
belief:1.0
know:1.0
author:1.0
quot:1.0
plea:1.0
send:1.0
email:1.0
lie:1.6931471805599454
deepli:1.0
ingrain:1.0
other:1.0
