nanci:1.6931471805599454
ann:1.0
miller:1.0
nm0w:1.6931471805599454
andrew:2.09861228866811
cmu:2.09861228866811
edu:2.9459101490553135
subject:1.0
dear:1.0
mr:1.0
theist:1.6931471805599454
organ:1.0
sponsor:1.0
account:1.0
school:1.0
comput:1.0
scienc:1.0
carnegi:1.0
mellon:1.0
pittsburgh:1.0
pa:1.0
line:1.0
31:1.0
1993apr5:1.6931471805599454
024150:1.6931471805599454
10193:1.6931471805599454
wam:2.386294361119891
umd:2.386294361119891
nntp:1.0
post:1.6931471805599454
host:1.0
po2:1.0
repli:1.0
west:2.09861228866811
next02cvil:1.0
stilgar:1.0
write:1.0
mean:1.0
full:1.0
quot:2.386294361119891
michael:1.0
crichton:1.0
jurras:1.0
park:1.6931471805599454
someth:1.0
like:1.0
earth:2.386294361119891
exist:1.6931471805599454
quit:1.6931471805599454
content:1.0
billion:1.0
year:1.0
blink:1.6931471805599454
eye:1.6931471805599454
gone:1.6931471805599454
tomorrow:1.6931471805599454
would:1.6931471805599454
miss:1.6931471805599454
u:1.6931471805599454
rememb:1.0
keep:1.0
humbl:1.0
think:1.0
progress:1.0
far:1.0
master:1.0
planet:1.0
cool:1.0
need:1.6931471805599454
save:1.6931471805599454
happili:1.0
one:1.0
better:1.0
watch:1.0
jump:1.0
brian:1.0
sig:2.09861228866811
file:2.09861228866811
ok:1.0
care:1.0
know:1.6931471805599454
jurass:1.0
diclaim:1.0
said:1.0
meant:1.0
nobodi:1.0
made:1.0
sure:1.0
author:1.0
plea:1.0
send:1.0
email:1.0
lie:1.6931471805599454
deepli:1.0
ingrain:1.0
other:1.0
