bob:2.09861228866811
thnext:2.09861228866811
mit:2.09861228866811
edu:2.09861228866811
robert:1.0
singleton:1.6931471805599454
subject:1.0
american:1.0
evolut:1.0
organ:1.0
massachvsett:1.0
institvt:1.0
technolog:1.0
line:1.0
122:1.0
distribut:1.0
world:1.0
nntp:1.0
post:1.0
host:1.0
articl:1.0
1993apr5:1.0
163738:1.0
2447:1.0
dc:2.09861228866811
warwick:2.386294361119891
ac:2.09861228866811
uk:2.386294361119891
simon:2.6094379124341005
clippingdal:1.6931471805599454
write:1.0
delet:1.6931471805599454
alt:1.0
atheism:2.6094379124341005
tend:1.6931471805599454
recognis:1.0
two:1.6931471805599454
categori:1.0
function:1.0
format:1.0
due:1.0
mathew:1.0
manti:1.0
co:1.0
think:2.6094379124341005
weak:1.6931471805599454
believ:3.772588722239781
god:4.367295829986475
ii:1.0
strong:2.791759469228055
atheist:1.0
must:1.0
quibbl:1.0
assert:1.0
posit:2.386294361119891
requir:2.09861228866811
faith:2.9459101490553135
commonli:1.0
describ:1.0
theist:1.0
exist:3.995732273553991
belief:2.9459101490553135
mere:1.6931471805599454
opinion:1.6931471805599454
form:1.0
basi:1.0
observ:2.386294361119891
includ:1.0
certain:1.0
amount:1.0
introspect:1.0
fulli:1.0
accept:1.6931471805599454
could:1.0
wrong:1.6931471805599454
sway:1.0
suitabl:1.0
convinc:1.0
evid:1.0
thu:1.0
impli:1.0
part:1.0
let:1.6931471805599454
first:1.6931471805599454
say:3.0794415416798357
fact:1.0
differ:2.386294361119891
argu:1.6931471805599454
latter:1.0
statement:2.386294361119891
rest:1.0
upon:2.386294361119891
make:1.0
rather:1.6931471805599454
know:1.0
therefor:1.0
still:1.0
maintain:1.6931471805599454
even:2.09861228866811
read:1.6931471805599454
faq:1.6931471805599454
follow:1.6931471805599454
might:2.09861228866811
languag:1.0
problem:1.0
regard:1.0
christian:1.0
mean:2.6094379124341005
space:1.0
time:1.0
kierkegaard:1.0
said:1.6931471805599454
etern:1.0
feel:1.0
pointless:1.0
debat:1.0
call:1.6931471805599454
sourc:1.0
ground:1.0
also:2.09861228866811
obvious:1.0
thing:1.0
howev:1.0
use:2.386294361119891
phrase:1.0
usual:1.0
sen:1.6931471805599454
would:1.0
like:1.0
clarif:1.0
webster:1.0
1a:1.0
allegi:1.0
duti:1.0
person:2.6094379124341005
loyalti:1.6931471805599454
b:1.6931471805599454
1:2.09861228866811
fidel:1.0
one:2.09861228866811
promis:1.0
2:2.09861228866811
sincer:1.0
intent:1.0
2a:1.0
trust:1.6931471805599454
tradit:1.0
doctrin:1.0
religion:1.0
firm:1.0
someth:2.09861228866811
proof:1.0
complet:1.0
3:1.0
esp:1.6931471805599454
convict:1.0
system:1.0
religi:1.0
syn:1.0
see:1.0
never:1.0
prove:1.0
base:1.0
ask:1.0
observt:1.0
refer:1.0
pro:1.0
con:1.0
valid:1.0
establish:1.0
point:1.6931471805599454
direct:1.6931471805599454
predispos:1.6931471805599454
exampl:1.0
peopl:1.0
whoe:1.0
partent:1.0
actual:1.0
draw:1.0
conclus:1.0
non:1.0
leap:1.6931471805599454
made:1.0
activ:1.0
misguid:1.0
precis:1.0
way:1.6931471805599454
find:1.0
ye:1.0
viabl:1.0
concept:1.0
imo:1.0
want:1.6931471805599454
go:1.0
ahead:1.0
cours:1.0
neither:1.0
choic:1.0
anthropomorphis:1.0
explain:1.0
glad:1.0
plea:1.0
someon:1.0
agre:1.0
violent:1.0
disagre:1.0
advantag:1.0
start:1.0
name:1.0
misunderstood:1.0
well:1.6931471805599454
enough:1.0
error:1.0
correct:1.0
situat:1.0
interest:1.0
polit:1.0
thought:1.0
discus:1.0
cheer:1.0
depart:1.0
comput:1.0
scienc:1.0
tel:1.0
44:1.6931471805599454
203:1.6931471805599454
523296:1.0
univers:1.0
fax:1.0
525714:1.0
coventri:1.0
cv4:1.0
7al:1.0
u:1.0
k:1.0
