c:1.6931471805599454
utexa:1.6931471805599454
edu:2.6094379124341005
geraldo:1.0
cc:1.0
portal:1.0
austin:2.09861228866811
ibm:2.09861228866811
com:2.09861228866811
awdprim:1.0
zazen:1.6931471805599454
subject:1.0
radic:1.0
agnost:1.0
e:1.0
h:1.0
welbon:1.0
organ:1.0
brownian:1.0
motion:1.0
inc:1.0
x:1.0
newsread:1.0
tin:1.0
version:1.0
1:2.386294361119891
pl9:1.0
line:1.0
34:1.0
one:1.6931471805599454
jcopelan:1.0
nyx:1.0
du:1.0
wrote:1.0
articl:1.0
dl2021:1.6931471805599454
310393180711:1.0
m249:1.0
66:1.0
bgsu:2.09861228866811
andi:1.0
pixi:1.0
write:1.0
first:1.0
post:1.0
seen:1.0
ol:1.0
bug:1.0
zoo:1.0
mean:2.09861228866811
possibl:1.0
think:1.6931471805599454
prove:1.0
beyond:1.0
doubt:1.0
god:2.386294361119891
exist:1.6931471805599454
anyon:1.0
tell:1.0
therefor:1.0
lack:1.0
abil:1.0
absolut:1.0
proof:1.0
atheist:2.09861228866811
becom:1.0
act:1.0
faith:2.386294361119891
accept:1.6931471805599454
noth:1.0
blind:1.6931471805599454
invis:1.0
pink:1.0
fli:1.0
unicorn:1.0
need:1.0
say:1.0
also:1.0
question:1.0
meant:1.0
familiar:1.0
exampl:1.0
import:1.0
word:1.0
follow:2.386294361119891
two:1.6931471805599454
statement:2.386294361119891
consist:1.6931471805599454
believ:2.791759469228055
wear:2.386294361119891
lilac:2.386294361119891
sock:2.386294361119891
2:1.6931471805599454
3:1.6931471805599454
4:1.6931471805599454
requir:1.6931471805599454
make:1.0
presumpt:1.0
natur:1.0
realiti:1.0
belief:1.6931471805599454
mani:1.0
includ:1.0
take:1.0
posit:1.0
5:1.0
6:1.0
harbor:1.0
good:1.0
evid:1.0
folk:1.0
call:1.0
agnostic:1.0
suffer:1.0
worri:1.0
happi:1.0
