west:2.791759469228055
next02cvil:2.09861228866811
wam:3.0794415416798357
umd:3.0794415416798357
edu:3.4849066497880004
stilgar:2.09861228866811
subject:1.0
gospel:1.0
date:1.0
nntp:1.0
post:1.6931471805599454
host:1.0
next15csc:1.0
repli:1.0
next02:1.0
organ:1.0
workstat:1.0
maryland:1.6931471805599454
univers:1.0
colleg:1.0
park:1.6931471805599454
line:1.0
35:1.0
articl:2.386294361119891
kmr4:2.386294361119891
1433:1.0
734039535:1.0
po:2.386294361119891
cwru:2.386294361119891
keith:1.6931471805599454
ryan:1.6931471805599454
write:2.386294361119891
1993apr5:1.6931471805599454
163050:1.0
13308:1.0
1422:1.0
733983061:1.0
025924:1.0
11361:1.0
illiad:1.6931471805599454
undisput:1.6931471805599454
word:1.6931471805599454
god:1.6931471805599454
tm:1.6931471805599454
prove:1.6931471805599454
wrong:2.386294361119891
ti:2.09861228866811
disput:2.386294361119891
tergo:1.6931471805599454
counter:2.386294361119891
exampl:2.09861228866811
proven:1.0
right:1.0
nanni:1.6931471805599454
boo:1.6931471805599454
tbbbbbbbtttttthhhhh:1.0
tno:1.0
premi:1.0
state:1.0
fine:1.0
matter:1.0
brian:1.0
sig:2.09861228866811
file:2.09861228866811
earth:1.0
blink:1.0
ok:1.0
eye:1.0
gone:1.0
tomorrow:1.0
would:1.0
miss:1.0
care:1.0
know:1.0
jurass:1.0
diclaim:1.0
said:1.0
meant:1.0
nobodi:1.0
made:1.0
