subject:1.0
visit:1.0
jehovah:1.0
wit:1.0
lippard:2.6094379124341005
skyblu:1.6931471805599454
ccit:2.09861228866811
arizona:2.6094379124341005
edu:2.791759469228055
jame:1.0
j:2.09861228866811
suopanki:2.386294361119891
93apr6024902:1.6931471805599454
stekt6:2.09861228866811
oulu:2.09861228866811
fi:2.09861228866811
kmr4:2.09861228866811
1444:1.6931471805599454
734058912:1.6931471805599454
po:2.09861228866811
cwru:2.09861228866811
distribut:1.0
world:1.0
local:1.0
organ:1.0
univers:1.6931471805599454
nntp:1.0
post:1.0
host:1.0
news:1.0
softwar:1.0
vax:1.0
vm:1.0
vnew:1.0
1:1.0
41:1.0
line:1.0
26:1.0
articl:1.6931471805599454
keith:1.0
ryan:1.0
write:1.6931471805599454
heikki:1.0
god:2.9459101490553135
etern:2.791759469228055
b:1.6931471805599454
jesu:2.791759469228055
c:1.6931471805599454
therefor:1.6931471805599454
work:1.0
logic:1.0
mathemat:1.0
set:2.09861228866811
thing:1.6931471805599454
subset:1.6931471805599454
belong:1.0
first:2.09861228866811
premis:2.386294361119891
conclus:2.09861228866811
properli:1.6931471805599454
translat:1.6931471805599454
ident:2.386294361119891
statement:1.6931471805599454
sinc:1.0
predic:2.09861228866811
rather:1.0
instead:1.0
use:1.6931471805599454
letter:1.6931471805599454
g:1.6931471805599454
design:1.6931471805599454
e:1.0
properti:1.6931471805599454
eg:1.0
ej:1.0
second:1.0
appear:1.0
contain:1.0
case:1.0
symbol:1.0
remark:1.0
suggest:1.0
strict:1.0
desir:1.0
howev:1.0
mean:1.0
member:1.0
make:1.0
follow:1.0
jim:1.0
dept:1.0
philosophi:1.0
arizvm:1.0
bitnet:1.0
tucson:1.0
az:1.0
85721:1.0
