robert:1.0
knowl:1.0
p00261:1.0
psilink:1.6931471805599454
com:2.9459101490553135
subject:1.0
islam:1.6931471805599454
marriag:2.6094379124341005
repli:1.0
c51cjp:1.0
1lf8:1.0
austin:2.386294361119891
ibm:2.386294361119891
nntp:1.0
post:1.6931471805599454
host:1.0
127:1.0
0:1.6931471805599454
1:1.0
organ:1.0
kupajava:1.0
east:1.0
krakatoa:1.0
x:1.0
mailer:1.0
do:1.0
3:1.6931471805599454
line:1.0
44:1.0
date:1.0
tue:1.0
6:1.0
apr:1.0
1993:1.0
00:1.0
11:1.0
49:1.0
gmt:1.0
f:2.09861228866811
karner:2.6094379124341005
articl:1.6931471805599454
1993apr2:1.0
103237:1.0
4627:1.0
cadenc:1.6931471805599454
ma:1.0
masud:1.0
khan:1.0
write:1.6931471805599454
c4qav2:1.0
24wg:1.0
okay:1.0
want:1.0
name:1.6931471805599454
obvious:1.6931471805599454
offici:1.0
record:1.0
pseudo:1.0
perform:1.0
conveni:1.0
happen:1.0
typic:1.0
woman:1.0
will:1.0
move:1.0
lover:1.0
without:1.0
scrupl:1.0
legal:1.0
contract:1.6931471805599454
speak:1.0
man:1.0
mere:1.0
util:1.0
loophol:1.0
enter:1.6931471805599454
temporari:2.09861228866811
religi:1.0
order:1.0
sex:1.0
nobodi:2.09861228866811
complain:1.0
care:1.0
need:1.0
know:1.6931471805599454
perhap:1.6931471805599454
alert:1.0
imam:1.0
could:1.0
practic:2.386294361119891
far:1.0
widespread:1.6931471805599454
may:2.09861228866811
think:2.09861228866811
mayb:1.6931471805599454
take:1.0
4:1.0
muslim:2.791759469228055
men:1.0
wit:1.0
penetr:1.0
decid:1.0
exist:1.0
astound:1.0
level:1.0
ignor:1.6931471805599454
display:1.0
allow:1.0
got:1.0
evid:1.0
outlaw:1.0
practis:2.09861228866811
get:1.0
fact:1.6931471805599454
straight:1.0
buddi:1.0
give:1.0
refer:1.0
tell:1.6931471805599454
everyon:2.09861228866811
lie:2.386294361119891
fantasis:1.0
contrari:1.0
fantasi:1.0
amongst:1.6931471805599454
miss:1.0
topic:1.0
quot:1.0
indonesian:1.0
handbook:1.0
fred:1.0
rice:1.0
comment:1.0
glad:1.0
repost:1.0
accept:1.0
among:1.0
continu:1.0
claim:1.0
anyth:1.0
least:1.0
sinc:1.0
noth:1.0
littl:1.0
contribut:1.0
discus:1.0
except:1.0
accus:1.0
show:1.0
learn:1.6931471805599454
open:1.0
eye:1.0
also:1.0
see:1.6931471805599454
thing:1.0
atheist:1.0
