simon:2.6094379124341005
dc:1.6931471805599454
warwick:2.386294361119891
ac:1.6931471805599454
uk:1.6931471805599454
clippingdal:1.6931471805599454
subject:1.0
islam:2.09861228866811
author:1.0
woman:1.0
nntp:1.0
post:2.09861228866811
host:1.0
nin:1.0
organ:1.0
depart:1.6931471805599454
comput:1.6931471805599454
scienc:1.6931471805599454
univers:2.09861228866811
england:1.0
line:1.0
49:1.0
articl:1.0
1993apr5:1.0
023044:1.0
19580:1.0
ultb:1.6931471805599454
isc:1.6931471805599454
rit:1.6931471805599454
edu:1.6931471805599454
snm6394:1.0
n:1.0
mozumd:2.6094379124341005
write:1.0
one:1.6931471805599454
thing:1.6931471805599454
relat:1.6931471805599454
among:1.6931471805599454
navi:1.6931471805599454
men:2.386294361119891
get:2.6094379124341005
tatoo:1.6931471805599454
say:2.09861228866811
mom:2.386294361119891
love:1.6931471805599454
make:1.6931471805599454
viril:1.6931471805599454
compar:1.6931471805599454
homo:1.6931471805599454
rais:1.6931471805599454
studi:1.6931471805599454
point:1.6931471805599454
oh:1.0
bobbi:3.1972245773362196
priceless:1.0
ever:1.0
tell:1.0
polici:1.0
anyon:1.6931471805599454
give:1.0
damn:1.0
flick:1.0
thread:1.0
high:1.0
speed:1.0
search:1.0
gener:1.0
whole:1.0
pile:1.0
followup:1.0
go:1.0
extract:1.0
hilari:1.0
quot:1.0
inevit:1.0
present:1.0
sig:1.0
purpos:1.0
work:1.0
guy:1.0
said:1.6931471805599454
arriv:1.0
ask:1.0
whether:1.0
real:1.0
betcha:1.0
welcom:1.0
alt:1.6931471805599454
atheism:2.386294361119891
rest:1.0
assur:1.0
wors:1.0
pearl:1.0
wisdom:1.6931471805599454
reproduc:1.0
keith:1.0
keep:1.0
big:1.0
file:1.0
stuff:1.0
allah:2.791759469228055
infinit:1.0
creat:1.0
noth:1.0
becam:1.0
therefor:1.0
exist:2.6094379124341005
prove:2.386294361119891
1:1.0
wait:1.0
human:1.0
rare:1.0
reason:1.6931471805599454
contradict:1.6931471805599454
everyth:1.0
explain:1.0
logic:1.0
fals:1.0
2:1.0
plu:1.0
believ:1.0
would:1.0
contradictori:1.0
quran:1.0
3:1.0
rigor:1.0
mmmmm:1.0
qualiti:1.0
quantiti:1.0
new:1.0
voic:1.0
pbuh:1.0
cheer:1.0
tel:1.0
44:1.6931471805599454
203:1.6931471805599454
523296:1.0
fax:1.0
525714:1.0
coventri:1.0
cv4:1.0
7al:1.0
u:1.0
k:1.0
