i3150101:2.09861228866811
dbstu1:2.09861228866811
rz:2.09861228866811
tu:2.09861228866811
b:2.09861228866811
de:2.09861228866811
benedikt:2.09861228866811
rosenau:1.6931471805599454
subject:1.0
biblic:1.0
rape:1.0
organ:1.0
technic:1.0
univers:1.0
braunschweig:1.0
germani:1.0
line:1.0
14:1.0
articl:1.6931471805599454
1993apr05:1.0
174537:1.0
14962:1.0
watson:1.6931471805599454
ibm:1.6931471805599454
com:1.6931471805599454
strom:1.6931471805599454
rob:1.0
write:1.6931471805599454
16ba7f16c:1.0
time:1.0
read:1.6931471805599454
rest:1.0
post:1.0
respond:1.0
absolut:1.0
messian:1.6931471805599454
jew:1.0
anoth:1.0
mistak:1.0
sorri:1.0
alt:1.0
care:1.0
