mango:2.09861228866811
c:2.09861228866811
umd:1.6931471805599454
edu:1.6931471805599454
charley:1.0
wingat:1.6931471805599454
subject:1.0
visit:1.0
jehovah:1.0
wit:1.0
good:1.0
grief:1.0
line:1.0
7:1.0
amount:1.0
energi:1.0
spent:1.0
one:1.6931471805599454
lousi:1.0
syllog:1.0
say:1.0
volum:1.0
true:1.0
posit:1.0
reason:1.0
group:1.0
peac:2.09861228866811
god:1.6931471805599454
strife:1.0
close:1.0
sod:1.0
yet:1.0
brother:1.0
pray:1.0
thing:1.0
tove:1.0
marv:1.0
lou:1.0
