mango:2.09861228866811
c:2.09861228866811
umd:1.6931471805599454
edu:1.6931471805599454
charley:1.0
wingat:1.6931471805599454
subject:1.0
gospel:1.0
date:1.0
line:1.0
48:1.0
requir:1.6931471805599454
amount:1.0
evid:3.1972245773362196
believ:2.09861228866811
pair:1.6931471805599454
bluejean:1.0
b:1.6931471805599454
superhuman:2.6094379124341005
power:2.9459101490553135
well:1.0
could:1.0
use:1.6931471805599454
argument:1.6931471805599454
natur:1.0
claim:2.791759469228055
human:2.386294361119891
beyond:1.6931471805599454
sinc:2.09861228866811
henc:1.0
sound:1.0
good:1.6931471805599454
anyway:1.6931471805599454
question:1.0
depend:1.0
context:1.0
group:2.09861228866811
post:1.0
american:1.0
colleg:1.0
site:1.0
will:1.6931471805599454
take:1.6931471805599454
given:1.6931471805599454
blue:1.0
jean:1.0
assum:1.6931471805599454
coher:1.0
posit:1.0
respect:1.0
say:1.0
exist:1.0
sic:1.0
jesu:2.386294361119891
mean:1.6931471805599454
man:2.386294361119891
without:1.0
special:1.0
etc:1.6931471805599454
yep:1.0
mani:1.0
agre:2.09861228866811
possibl:1.6931471805599454
call:1.0
fact:1.6931471805599454
live:1.0
name:1.0
reason:1.0
ever:1.6931471805599454
howev:1.0
extradinari:1.0
eg:1.0
virgin:1.6931471805599454
birth:1.0
sen:1.0
sexual:1.0
intercours:1.0
resurect:1.0
son:1.0
god:2.09861228866811
extra:1.6931471805599454
start:1.0
see:1.6931471805599454
v:1.0
cynic:1.0
would:1.0
accept:1.6931471805599454
second:1.0
foundat:1.0
religion:1.0
anyon:1.0
seen:1.0
risen:1.0
back:1.0
40:1.0
day:1.0
period:1.0
therefor:1.0
discount:1.0
ancient:1.0
one:1.6931471805599454
choos:1.0
dismiss:1.0
whole:1.0
thing:1.6931471805599454
third:1.0
much:1.0
metaphys:1.0
relationship:1.0
anyth:1.0
el:1.0
even:1.0
argu:1.0
length:1.0
thu:1.0
interpret:1.0
extraordinari:1.0
statement:1.0
speaker:1.0
matter:1.0
peac:2.09861228866811
strife:1.0
close:1.0
sod:1.0
yet:1.0
brother:1.0
pray:1.0
tove:1.0
marv:1.0
lou:1.0
