daric:1.6931471805599454
yoyo:1.6931471805599454
cc:1.6931471805599454
monash:2.09861228866811
edu:2.386294361119891
au:2.09861228866811
fred:1.6931471805599454
rice:1.6931471805599454
subject:1.0
ancient:1.0
islam:1.0
ritual:1.0
organ:1.0
univers:1.0
melb:1.0
australia:1.0
line:1.0
29:1.0
ednclark:1.6931471805599454
734054731:1.0
kraken:1.6931471805599454
itc:1.0
gu:1.0
jeffrey:1.0
clark:1.0
write:1.6931471805599454
cfaehl:1.0
vesta:1.0
unm:1.0
chri:1.0
faehl:1.0
reason:1.6931471805599454
trend:2.09861228866811
toward:1.6931471805599454
obes:1.0
depress:2.386294361119891
pick:1.0
two:1.0
favorit:1.0
notic:1.0
correl:1.0
make:1.0
sweep:1.0
statement:1.0
gener:1.0
mean:1.6931471805599454
peopl:1.6931471805599454
valid:1.0
thesi:1.0
best:1.0
gross:1.0
oversimplif:1.0
push:1.0
pull:1.0
factor:2.386294361119891
experi:1.0
basic:1.0
social:1.0
interact:1.0
chang:1.0
societi:1.0
far:1.0
complic:1.0
u:1.0
control:1.0
hold:1.0
panic:1.0
handl:1.0
hope:1.0
head:1.0
soft:1.0
land:1.0
one:1.0
thing:1.0
sure:1.0
destruct:1.6931471805599454
nuclear:1.6931471805599454
famili:2.09861228866811
due:1.6931471805599454
sole:1.6931471805599454
sex:2.09861228866811
marriag:1.0
note:1.0
never:1.0
said:1.6931471805599454
extra:1.6931471805599454
marit:1.6931471805599454
specif:1.0
prime:1.6931471805599454
caus:2.09861228866811
recogn:1.0
probabl:1.6931471805599454
think:1.0
subsequ:1.0
destabil:1.0
signific:1.0
rise:1.0
psycholog:1.0
problem:1.0
includ:1.0
west:1.0
20th:1.0
centuri:1.0
