bcash:1.0
crchh410:1.6931471805599454
nosubdomain:1.0
nodomain:1.0
brian:1.6931471805599454
cash:1.0
subject:1.0
ancient:1.0
islam:1.0
ritual:1.0
nntp:1.0
post:1.0
host:1.0
organ:1.0
bnr:1.0
inc:1.0
line:1.0
38:1.0
articl:1.0
1993apr3:1.0
081052:1.0
11292:1.0
monu6:1.0
cc:2.09861228866811
monash:2.09861228866811
edu:2.09861228866811
au:2.09861228866811
daric:1.6931471805599454
yoyo:1.6931471805599454
fred:1.6931471805599454
rice:1.6931471805599454
write:1.0
discus:1.0
pro:1.0
con:1.0
sex:2.791759469228055
outsid:2.386294361119891
marriag:2.6094379124341005
evid:1.6931471805599454
opinion:1.6931471805599454
moment:1.0
gener:2.09861228866811
cite:1.0
exampl:1.6931471805599454
read:1.6931471805599454
20th:1.0
centuri:1.6931471805599454
percentag:1.0
youth:1.0
peopl:1.6931471805599454
suffer:1.0
depress:2.9459101490553135
steadili:1.0
climb:1.0
western:1.6931471805599454
societi:2.09861228866811
probabl:1.0
refer:1.0
particularli:2.09861228866811
usa:1.0
similarli:1.0
one:1.6931471805599454
detect:1.0
trend:1.6931471805599454
toward:1.0
greater:2.09861228866811
occurr:1.0
sexual:2.09861228866811
revolut:1.6931471805599454
60:1.6931471805599454
even:1.0
think:2.09861228866811
otherwis:1.0
would:1.0
possibl:1.0
gradual:1.0
weaken:1.0
christian:1.6931471805599454
consequ:1.0
moral:1.0
teach:1.0
propos:1.0
two:1.0
level:1.0
psycholog:1.0
problem:2.09861228866811
promiscu:2.386294361119891
link:1.0
latter:1.0
prime:1.0
caus:1.0
former:1.0
provid:1.0
beyond:1.0
stage:1.0
whole:1.0
thesi:1.0
seem:1.0
reason:1.6931471805599454
request:1.0
ponder:1.0
upon:1.0
muslim:1.0
give:1.0
point:1.0
view:1.0
big:1.0
leap:1.0
serious:1.0
1:1.0
declin:1.0
2:1.0
might:1.0
say:1.0
like:1.0
come:1.0
emot:1.6931471805599454
relationship:1.0
famili:1.0
job:1.0
friend:1.0
use:1.0
escap:1.0
sinc:1.0
see:1.6931471805599454
civil:1.0
religi:1.0
bond:1.6931471805599454
rather:1.0
long:1.0
commit:1.0
devot:1.0
expect:1.0
marri:1.0
coupl:1.0
cours:1.0
