bob:2.386294361119891
thnext:2.386294361119891
mit:2.6094379124341005
edu:2.6094379124341005
robert:1.6931471805599454
singleton:2.09861228866811
subject:1.6931471805599454
american:1.0
evolut:2.09861228866811
organ:1.0
massachvsett:1.0
institvt:1.0
technolog:1.0
line:1.0
138:1.0
distribut:1.0
world:1.0
nntp:1.0
post:1.0
host:1.0
articl:1.6931471805599454
16ba8c4ac:1.0
i3150101:1.6931471805599454
dbstu1:1.6931471805599454
rz:1.6931471805599454
tu:1.6931471805599454
b:1.6931471805599454
de:1.6931471805599454
benedikt:1.6931471805599454
rosenau:1.0
write:1.6931471805599454
1pq47tinn8lp:1.0
senat:1.0
bedfellow:1.0
delet:2.09861228866811
argu:1.6931471805599454
latter:1.0
statement:2.09861228866811
believ:3.1972245773362196
god:4.332204510175204
exist:4.258096538021482
rest:1.6931471805599454
upon:2.6094379124341005
faith:3.1972245773362196
make:2.6094379124341005
posit:2.6094379124341005
strong:1.6931471805599454
atheism:2.386294361119891
rather:2.09861228866811
mere:1.0
say:3.6390573296152584
know:1.6931471805599454
therefor:1.0
weak:1.0
differ:1.6931471805599454
still:1.6931471805599454
maintain:2.09861228866811
even:1.6931471805599454
read:1.0
faq:1.0
requir:2.9459101490553135
way:1.6931471805599454
usual:1.6931471805599454
use:3.0794415416798357
view:1.0
drive:2.386294361119891
car:2.09861228866811
part:1.0
seen:2.386294361119891
done:1.0
fact:1.6931471805599454
actual:1.0
driven:1.0
belief:1.6931471805599454
sen:2.09861228866811
give:1.0
accur:1.0
represent:1.0
evid:3.1972245773362196
pro:1.6931471805599454
con:1.6931471805599454
non:1.6931471805599454
see:1.0
conclus:2.6094379124341005
premis:1.0
argument:2.6094379124341005
sorri:1.0
remain:1.0
skeptic:1.0
entir:1.0
correct:1.0
neither:1.0
lack:1.0
someth:2.386294361119891
creationist:1.0
similar:1.6931471805599454
mode:1.0
disprov:1.6931471805599454
establish:1.6931471805599454
creation:1.0
person:1.0
never:1.6931471805599454
neutrino:1.0
pink:2.386294361119891
unicorn:2.386294361119891
analog:1.0
break:1.0
naiv:1.0
scientif:1.0
theori:1.6931471805599454
explain:1.0
appear:1.0
anim:1.0
life:1.6931471805599454
draw:1.6931471805599454
foundat:1.0
observ:2.9459101490553135
would:2.6094379124341005
qualit:1.0
known:1.0
entiti:1.0
sinc:1.0
good:1.0
earth:1.0
evolv:1.0
primit:1.0
ancestor:1.0
share:1.0
common:1.0
anscestori:1.0
hors:1.0
zebra:1.0
howev:2.386294361119891
correspond:1.0
anyth:1.6931471805599454
imo:1.0
physic:1.0
frame:1.0
work:1.0
first:1.0
let:1.0
follow:2.386294361119891
might:1.6931471805599454
languag:1.0
problem:1.0
regard:1.0
christian:1.0
mean:2.09861228866811
space:1.0
time:1.6931471805599454
kierkegaard:1.0
said:1.6931471805599454
etern:1.0
feel:1.0
pointless:1.0
debat:1.0
call:1.0
sourc:1.0
ground:1.0
also:1.0
accept:1.0
obvious:1.0
two:1.0
thing:2.386294361119891
phrase:1.0
think:1.6931471805599454
like:1.0
clarif:1.0
word:1.0
game:1.0
disagre:1.0
profoundli:1.0
defin:1.6931471805599454
get:1.0
although:1.0
relev:1.0
come:1.6931471805599454
back:1.0
either:1.0
wast:1.0
alreadi:1.0
need:1.0
replac:1.0
impli:1.0
case:1.0
definit:2.09861228866811
far:1.0
incomplet:1.6931471805599454
fallaci:2.09861228866811
wrong:1.6931471805599454
categori:1.6931471805599454
perhap:1.0
misunderstand:1.6931471805599454
ever:1.0
offer:1.0
tri:1.6931471805599454
convinc:1.0
inappropri:1.0
appli:1.0
logic:2.09861228866811
realm:1.0
unless:1.0
someon:1.0
tell:1.0
prove:1.6931471805599454
claim:1.0
fine:1.0
necessari:1.0
btw:1.0
one:2.6094379124341005
opinion:1.0
base:1.6931471805599454
ask:1.0
observt:1.0
refer:1.0
valid:1.0
assumpt:1.6931471805599454
certainli:1.0
infer:1.0
assert:1.6931471805599454
leap:1.6931471805599454
level:2.09861228866811
meaning:2.09861228866811
reject:1.0
concept:1.6931471805599454
anyway:1.0
seem:1.0
complet:1.0
mayb:1.0
respons:1.0
gave:1.0
natur:1.0
mani:1.0
peopl:1.0
run:1.0
privat:1.0
throat:1.0
principl:1.0
theist:1.0
form:1.0
respect:1.0
must:1.0
found:1.0
honesti:1.0
