i3150101:1.0
dbstu1:1.0
rz:1.0
tu:1.0
b:1.0
de:1.0
benedikt:1.6931471805599454
rosenau:1.0
subject:1.0
gospel:1.6931471805599454
date:2.386294361119891
organ:1.0
technic:1.0
univers:1.0
braunschweig:1.0
germani:1.0
line:1.0
102:1.0
articl:1.0
66020:1.0
mimsi:1.0
umd:1.6931471805599454
edu:1.6931471805599454
mango:1.0
c:1.0
charley:1.0
wingat:1.0
write:1.6931471805599454
assum:2.09861228866811
present:1.0
accur:1.0
see:2.09861228866811
argument:2.791759469228055
realli:2.09861228866811
lead:1.0
firm:1.6931471805599454
conclus:2.09861228866811
materi:1.6931471805599454
john:3.0794415416798357
sure:1.0
exactli:1.0
refer:2.09861228866811
take:1.6931471805599454
grant:1.0
similar:1.6931471805599454
matt:1.0
luke:3.0794415416798357
q:2.386294361119891
differ:1.0
henc:1.0
one:3.0794415416798357
could:1.6931471805599454
almost:1.6931471805599454
relationship:1.0
two:1.0
right:1.0
get:1.6931471805599454
straight:1.0
jesu:1.6931471805599454
mouth:1.0
say:1.6931471805599454
known:2.09861228866811
ie:1.0
codifi:1.6931471805599454
version:2.6094379124341005
logion:1.6931471805599454
origin:2.386294361119891
weak:1.6931471805599454
cours:1.0
like:2.09861228866811
might:1.0
yet:1.0
rather:1.6931471805599454
text:2.6094379124341005
given:2.09861228866811
first:1.0
place:1.0
alon:1.0
allow:1.6931471805599454
fit:1.0
well:2.09861228866811
usual:2.386294361119891
talk:1.6931471805599454
age:1.6931471805599454
author:1.0
explan:1.0
time:1.6931471805599454
order:1.6931471805599454
mark:3.0794415416798357
matthew:3.0794415416798357
consid:1.0
respect:1.0
read:1.0
probabl:2.09861228866811
theori:1.6931471805599454
heard:1.0
independ:1.0
reli:1.6931471805599454
would:2.386294361119891
think:1.6931471805599454
grate:1.6931471805599454
inconsist:1.0
geneolog:1.0
thing:1.0
necessarili:1.6931471805599454
may:1.0
trust:1.0
knew:1.6931471805599454
better:1.0
improv:1.0
give:1.6931471805599454
motiv:1.0
instanc:1.0
far:1.0
know:1.6931471805599454
base:1.6931471805599454
statist:1.0
analysi:1.0
content:1.0
evid:1.6931471805599454
overwhelm:1.0
admittedli:1.0
part:1.0
particularli:1.0
new:1.0
possibl:2.09861228866811
point:2.09861228866811
yep:1.0
anoth:1.6931471805599454
day:1.0
sourc:1.0
hope:1.0
german:1.0
good:1.0
enough:1.0
unfortun:1.0
got:1.0
info:1.0
hand:1.0
late:1.0
70:1.0
earli:1.0
80:1.0
old:1.0
ce:1.0
200:2.09861228866811
shed:1.0
doubt:1.0
put:1.0
rest:1.0
three:1.0
close:1.0
gap:1.0
suppos:1.0
exist:1.0
copi:2.09861228866811
quit:1.0
bit:1.0
away:1.0
written:1.0
therefor:1.0
surviv:1.0
becom:1.0
still:1.6931471805599454
chang:1.0
discipl:1.0
gener:1.6931471805599454
accept:1.6931471805599454
style:1.0
languag:1.0
togeth:1.0
theolog:1.6931471805599454
use:1.0
counterargu:1.0
impress:1.0
earlier:1.0
make:1.0
peter:1.0
reason:1.0
authent:1.0
letter:2.09861228866811
ye:1.6931471805599454
authenc:1.0
mani:1.0
discus:1.0
look:1.6931471805599454
drawn:1.0
pet:1.0
dogma:1.0
church:1.0
fall:1.0
step:1.0
remov:1.0
bad:2.09861228866811
even:1.0
compar:1.0
report:2.09861228866811
event:1.0
centuri:1.0
illiter:1.0
societi:1.0
best:1.0
analog:1.0
particip:1.0
newslett:1.0
polit:1.0
parti:1.0
big:1.0
meet:1.0
wrong:1.0
certainli:1.0
word:1.0
pretti:1.0
statement:1.0
divin:1.6931471805599454
section:1.0
case:1.0
agre:1.0
import:1.0
epistl:1.0
predat:1.6931471805599454
accuraci:1.0
tradit:1.0
problem:1.0
question:1.0
paul:1.0
claim:1.0
