bil:1.0
okcforum:2.09861228866811
osrh:1.6931471805599454
edu:1.6931471805599454
bill:2.09861228866811
conner:1.6931471805599454
subject:1.0
nntp:1.0
post:1.0
host:1.0
organ:1.0
unix:1.0
user:1.0
group:1.0
x:1.0
newsread:1.0
tin:1.0
version:1.0
1:1.6931471805599454
pl9:1.0
line:1.0
6:1.0
could:1.0
explain:1.0
pertain:1.0
posit:1.0
statement:1.0
someth:1.0
type:1.0
practic:1.0
use:1.0
name:1.0
think:1.0
relat:1.0
anyth:1.0
said:1.0
