daric:2.09861228866811
yoyo:2.09861228866811
cc:2.386294361119891
monash:2.6094379124341005
edu:2.386294361119891
au:2.386294361119891
fred:2.09861228866811
rice:2.09861228866811
subject:1.0
islam:2.791759469228055
dress:1.0
code:1.0
woman:3.995732273553991
organ:1.0
univers:1.0
melb:1.0
australia:1.0
line:1.0
120:1.0
16ba7103c3:1.0
i3150101:1.6931471805599454
dbstu1:1.6931471805599454
rz:1.6931471805599454
tu:1.6931471805599454
b:1.6931471805599454
de:1.6931471805599454
benedikt:1.0
rosenau:1.0
write:1.6931471805599454
articl:1.0
1993apr5:1.0
091258:1.0
11830:1.0
monu6:1.0
delet:1.6931471805599454
cours:1.0
peopl:2.791759469228055
say:3.3978952727983707
think:3.0794415416798357
religion:3.0794415416798357
exactli:1.0
come:1.0
differ:1.6931471805599454
within:1.6931471805599454
noth:1.0
exist:1.0
perspect:1.0
perhap:1.0
one:2.791759469228055
tend:1.0
converg:2.09861228866811
truth:1.6931471805599454
point:1.6931471805599454
lot:1.6931471805599454
harm:1.6931471805599454
way:1.6931471805599454
meantim:1.0
counterfactu:1.0
appear:1.0
split:2.09861228866811
diverg:1.0
even:1.6931471805599454
might:1.6931471805599454
true:2.09861228866811
core:1.0
layer:1.0
determin:1.0
happen:1.0
practis:1.0
quit:1.6931471805599454
inhuman:1.0
usual:1.6931471805599454
post:1.6931471805599454
suppos:1.6931471805599454
answer:2.09861228866811
see:1.6931471805599454
got:1.6931471805599454
repeat:1.0
give:2.386294361119891
disagre:1.6931471805599454
upon:1.6931471805599454
disagr:1.0
toler:1.6931471805599454
ideolog:1.6931471805599454
also:2.09861228866811
may:1.6931471805599454
lead:1.0
intoler:1.0
oppos:1.0
argument:1.6931471805599454
weak:1.0
human:1.0
natur:1.0
big:1.0
2:1.0
soul:3.3978952727983707
said:1.0
muslim:2.6094379124341005
must:2.386294361119891
admit:1.0
never:1.0
heard:1.6931471805599454
view:1.6931471805599454
held:1.0
era:1.6931471805599454
christian:1.6931471805599454
hold:1.0
viewpoint:1.0
sure:1.0
confus:1.0
histori:1.6931471805599454
ye:1.0
predomin:1.0
turkish:1.0
caliph:1.0
would:1.6931471805599454
like:1.6931471805599454
refer:1.0
news:1.0
anyhow:1.0
spiritu:2.386294361119891
equal:2.6094379124341005
men:3.70805020110221
clearli:2.6094379124341005
shown:1.0
mani:1.6931471805599454
vers:3.0794415416798357
qur:3.4849066497880004
exampl:1.0
believ:1.0
devout:1.0
patient:1.0
constant:1.0
humbl:1.0
chariti:1.0
fast:1.0
deni:2.09861228866811
guard:1.0
chastiti:1.0
engag:1.0
much:1.0
god:2.386294361119891
prais:1.0
prepar:1.6931471805599454
forgiv:1.6931471805599454
great:2.09861228866811
reward:2.386294361119891
33:1.0
35:1.0
abdullah:1.0
yusuf:1.0
ali:1.0
translat:1.0
quot:2.386294361119891
show:1.6931471805599454
thu:1.0
impli:2.09861228866811
given:2.09861228866811
high:1.6931471805599454
prioriti:2.09861228866811
interpret:2.6094379124341005
approach:2.386294361119891
intellig:1.6931471805599454
other:1.0
make:1.6931471805599454
sen:1.6931471805599454
someth:1.6931471805599454
without:1.6931471805599454
forgiven:2.09861228866811
understood:1.0
life:1.0
case:1.0
part:1.6931471805599454
thing:1.0
idea:1.0
accord:1.0
belief:1.0
whole:1.0
revel:1.0
fact:1.0
suffici:1.0
consid:1.0
disbeliev:1.0
similar:1.0
quran:1.6931471805599454
encourag:1.0
slaveri:1.6931471805599454
justifi:1.0
iit:1.0
forbid:1.0
put:1.6931471805599454
end:1.6931471805599454
non:1.0
sequitur:1.0
look:1.0
done:1.0
thought:1.0
fashion:1.0
tri:2.791759469228055
understand:1.6931471805599454
messag:1.0
book:1.0
finit:1.0
length:1.0
explicitli:1.0
everi:1.0
question:1.0
want:1.0
teach:2.09861228866811
guid:1.0
howev:1.0
unambigu:1.0
sinc:1.0
let:1.6931471805599454
rather:1.6931471805599454
misinterpret:1.6931471805599454
ignor:2.09861228866811
passag:1.6931471805599454
base:1.0
infinit:1.0
fulli:1.0
consist:1.6931471805599454
limit:1.0
discus:1.0
text:1.0
bit:1.6931471805599454
twist:1.0
provid:1.0
reflect:1.0
whatsoev:1.0
