bdunn:1.0
cco:1.0
caltech:1.6931471805599454
edu:1.6931471805599454
brendan:1.6931471805599454
dunn:1.0
subject:1.0
amus:1.0
atheist:1.0
agnost:1.0
organ:1.0
california:1.0
institut:1.0
technolog:1.0
pasadena:1.0
line:1.0
8:1.0
nntp:1.0
post:2.09861228866811
host:1.0
punish:1.0
thank:1.0
whoever:1.0
wonder:1.0
parodi:1.0
peopl:1.0
without:1.0
read:1.0
faq:1.6931471805599454
laugh:1.0
good:1.0
5:1.0
minut:1.0
part:1.0
mention:1.0
think:1.0
might:1.0
one:1.0
two:1.0
plea:1.0
tell:1.0
joke:1.0
readi:1.0
hear:1.0
yet:1.0
