bcash:1.0
crchh410:1.6931471805599454
nosubdomain:1.0
nodomain:1.0
brian:1.6931471805599454
cash:1.0
subject:1.0
beleiv:1.0
either:1.0
nntp:1.0
post:1.0
host:1.0
organ:1.0
bnr:1.0
inc:1.0
line:1.0
9:1.0
articl:1.0
1993apr13:1.0
213055:1.0
818:1.0
antioc:1.6931471805599454
antioch:1.6931471805599454
edu:1.6931471805599454
smauldin:1.0
write:1.0
stop:1.0
believ:1.0
well:1.0
long:1.0
invent:1.0
technolog:1.0
god:1.0
ahhh:1.0
go:1.0
back:1.0
alt:1.0
autoth:1.0
belong:1.0
