marshal:2.386294361119891
csugrad:2.09861228866811
c:2.09861228866811
vt:2.09861228866811
edu:2.386294361119891
kevin:1.6931471805599454
subject:1.0
thought:1.0
organ:1.0
virginia:2.09861228866811
tech:1.6931471805599454
comput:1.6931471805599454
scienc:1.6931471805599454
dept:1.0
blacksburg:1.6931471805599454
va:1.0
line:1.0
72:1.0
nntp:1.0
post:1.0
host:1.0
keyword:1.0
dan:1.6931471805599454
bissel:1.6931471805599454
bissda:1.0
saturn:1.0
wwc:1.0
lawrenc:1.0
write:1.6931471805599454
tsome:1.6931471805599454
reason:1.0
liar:2.6094379124341005
follow:1.6931471805599454
would:2.791759469228055
die:2.386294361119891
lie:1.6931471805599454
peopl:3.0794415416798357
abl:1.6931471805599454
tell:2.09861228866811
gather:1.6931471805599454
around:1.0
kept:1.0
mani:1.0
hear:1.0
see:2.09861228866811
someon:1.6931471805599454
heal:1.6931471805599454
call:1.0
fool:1.6931471805599454
believ:2.09861228866811
anyon:1.6931471805599454
caus:1.0
run:1.0
risk:1.0
well:1.0
grifter:1.0
charlatan:1.0
sinc:1.6931471805599454
begin:1.0
civil:1.0
david:1.6931471805599454
copperfield:1.0
messiah:1.0
bet:1.0
could:1.0
found:1.0
plenti:1.0
jesu:1.0
hardli:1.0
first:2.09861228866811
claim:1.0
faith:1.0
healer:1.0
wit:1.0
set:1.0
apart:1.0
tniether:1.0
lunat:1.6931471805599454
entir:1.0
nation:1.6931471805599454
drawn:1.6931471805599454
crazi:1.6931471805599454
doubt:1.0
fact:1.0
redicul:1.0
exampl:1.0
koresh:1.6931471805599454
obvious:1.0
logic:2.09861228866811
right:1.0
away:1.0
rubbish:1.0
psychopath:1.0
megalomaniac:1.0
throughout:1.0
histori:1.0
hitler:1.0
tojo:1.0
mussolini:1.0
khomeini:1.0
qadaffi:1.0
stalin:1.0
papa:1.0
doc:1.0
nixon:1.0
come:1.0
mind:1.0
centuri:1.0
non:1.0
issu:1.0
ttherefor:1.0
must:1.0
real:1.6931471805599454
thing:1.6931471805599454
take:1.6931471805599454
discret:1.0
mathemat:1.0
formal:1.0
cours:1.6931471805599454
flaw:1.0
everywher:1.0
sure:1.0
other:1.0
read:1.0
faq:1.0
note:1.0
fulfil:1.0
load:1.0
propheci:1.0
psalm:1.0
isaiah:1.0
elsewher:1.0
24:1.0
hr:1.0
alon:1.0
betray:1.0
crucifixion:1.0
bibl:2.386294361119891
moment:1.0
next:1.0
time:2.791759469228055
use:1.0
someth:1.6931471805599454
written:1.0
mean:1.0
true:1.0
age:1.0
tome:1.0
plu:1.0
lack:1.0
extern:1.0
support:1.6931471805599454
evid:1.6931471805599454
make:1.0
le:1.0
credibl:1.0
quot:1.6931471805599454
futur:1.0
tri:1.0
back:1.0
otherwis:1.0
get:1.0
flame:1.0
mercilessli:1.0
ti:1.0
think:1.6931471805599454
understand:1.0
christian:2.09861228866811
certainli:1.0
lot:1.0
church:1.6931471805599454
rather:1.0
way:1.0
life:2.09861228866811
total:2.09861228866811
sacrafic:1.6931471805599454
everyth:2.386294361119891
god:2.6094379124341005
sake:1.6931471805599454
love:1.0
u:2.386294361119891
enough:1.0
save:1.0
hey:1.0
inspir:1.0
turn:1.0
live:1.0
tuff:1.0
want:1.0
strong:1.0
persever:1.0
like:1.6931471805599454
weight:1.6931471805599454
lift:1.6931471805599454
guitar:1.6931471805599454
play:1.6931471805599454
drum:1.0
whatev:1.0
rush:1.0
one:1.6931471805599454
day:1.0
whole:1.0
go:1.0
week:1.0
help:1.0
poor:1.0
box:2.386294361119891
unit:1.6931471805599454
work:1.0
sport:1.6931471805599454
tv:1.0
social:1.0
carri:1.0
creat:1.0
eh:1.0
know:1.0
defin:1.0
world:1.0
imagin:1.0
sp:1.0
involv:1.0
commit:1.0
correct:1.0
tendenc:1.0
explain:1.0
involov:1.0
heheh:1.0
televis:1.0
depart:1.0
703:1.0
232:1.0
6529:1.0
