jaeger:2.09861228866811
buphi:1.0
bu:1.0
edu:2.09861228866811
gregg:2.09861228866811
subject:1.0
inimit:1.0
rushdi:2.09861228866811
anecdot:1.0
islam:3.6390573296152584
organ:1.0
boston:1.0
univers:1.0
physic:1.0
depart:1.0
line:1.0
63:1.0
articl:1.6931471805599454
1993apr14:1.0
121134:1.0
12187:1.0
monu6:1.0
cc:1.6931471805599454
monash:1.6931471805599454
au:1.6931471805599454
daric:1.0
yoyo:1.0
fred:1.0
rice:1.0
write:1.6931471805599454
c5c7cn:1.0
5gb:1.0
ra:1.0
nrl:1.6931471805599454
navi:1.6931471805599454
mil:1.6931471805599454
khan:2.09861228866811
itd:1.6931471805599454
umar:1.6931471805599454
borrow:1.0
book:1.0
librari:1.0
khomeini:2.6094379124341005
fatwa:2.9459101490553135
etc:1.0
found:1.6931471805599454
use:1.0
passag:1.0
regard:1.0
legitimaci:1.0
also:1.0
common:1.0
knowledg:1.6931471805599454
prescrib:1.0
law:3.5649493574615367
sentenc:2.09861228866811
applic:2.386294361119891
jurisdict:1.0
appli:2.386294361119891
moreov:1.6931471805599454
pas:1.6931471805599454
court:2.09861228866811
execut:1.0
state:1.6931471805599454
machineri:1.6931471805599454
due:1.0
process:1.6931471805599454
even:2.386294361119891
countri:1.0
let:1.0
alon:1.0
non:1.6931471805599454
muslim:2.791759469228055
land:1.0
individu:1.6931471805599454
take:1.6931471805599454
hand:1.6931471805599454
must:1.6931471805599454
carri:1.0
usual:1.0
inde:1.0
becom:1.0
crimin:2.386294361119891
act:2.09861228866811
one:1.0
punish:2.386294361119891
offend:1.6931471805599454
unless:1.0
self:1.0
defenc:1.0
brought:1.0
notic:1.0
shoud:1.0
decid:1.0
deal:1.0
equal:1.0
well:1.6931471805599454
territori:1.0
agre:1.6931471805599454
fulli:1.0
statement:1.6931471805599454
precis:1.0
meant:1.0
previou:1.0
anarchist:1.0
enforc:1.6931471805599454
despit:1.0
henc:1.0
clarif:1.0
ulama:1.0
scholar:1.0
britain:2.09861228866811
imam:1.0
made:1.0
clear:1.0
sinc:1.0
hadd:1.0
compulsori:1.0
disagre:1.0
conclus:2.09861228866811
wherev:1.0
may:1.0
strictli:1.0
follow:1.0
forego:1.0
accord:2.09861228866811
howev:1.0
wow:1.0
look:1.0
like:1.0
viewpoint:1.0
constitut:1.6931471805599454
perhap:1.0
could:1.0
go:1.6931471805599454
limb:1.0
call:1.0
basi:1.6931471805599454
certainli:1.0
put:1.0
price:1.0
head:1.0
anyhow:1.0
think:1.6931471805599454
understood:1.0
illegitim:1.0
least:1.0
expound:1.0
other:1.6931471805599454
post:1.0
particularli:1.0
say:1.0
understand:1.0
ye:1.0
