davec:1.6931471805599454
silicon:2.09861228866811
csci:2.09861228866811
csusb:2.09861228866811
edu:2.09861228866811
dave:1.0
chowel:1.6931471805599454
subject:2.09861228866811
genocid:2.791759469228055
caus:2.9459101490553135
atheism:3.0794415416798357
organ:1.0
california:1.0
state:1.0
univers:1.0
san:1.0
bernardino:1.0
line:1.0
45:1.0
nntp:1.0
post:1.0
host:1.0
articl:2.09861228866811
1qif1g:1.0
fp3:1.0
horu:1.6931471805599454
ap:1.6931471805599454
mchp:1.6931471805599454
sni:1.6931471805599454
de:1.6931471805599454
frank:2.386294361119891
d012s658:1.6931471805599454
uucp:1.6931471805599454
dwyer:1.6931471805599454
write:2.09861228866811
1qialf:1.0
p2m:1.0
fido:1.0
asd:1.0
sgi:1.6931471805599454
com:1.6931471805599454
livesey:1.6931471805599454
solntz:1.0
wpd:1.0
jon:1.0
1qi921:1.0
egl:1.0
stuff:1.0
delet:1.0
newsgroup:1.0
larg:1.0
deal:1.0
recognis:1.0
happen:1.0
former:1.6931471805599454
communist:1.6931471805599454
russia:1.0
much:1.6931471805599454
bear:1.0
valid:2.386294361119891
do:1.0
sundri:1.0
theist:2.6094379124341005
theism:1.6931471805599454
zip:1.0
nada:1.0
none:1.0
fallaci:1.0
known:1.0
ad:1.0
hominem:1.0
old:1.0
one:2.386294361119891
holi:1.0
faq:1.0
book:1.0
construct:1.0
logic:1.0
argument:2.09861228866811
apart:1.0
make:1.0
lot:1.0
sen:1.0
wrong:1.0
atheist:1.6931471805599454
creed:1.6931471805599454
taught:1.0
name:1.0
clearli:1.0
theistic:1.0
instruct:2.791759469228055
act:2.6094379124341005
madli:1.0
conflict:1.0
anoth:1.6931471805599454
issu:1.0
lack:1.6931471805599454
might:1.0
also:1.0
evil:1.6931471805599454
like:1.6931471805599454
say:1.6931471805599454
sinc:1.6931471805599454
mathemat:1.0
includ:1.0
moral:1.0
system:2.09861228866811
speak:1.0
simpli:1.0
belief:1.0
god:2.09861228866811
plenti:1.0
think:1.6931471805599454
could:1.0
argu:1.0
case:1.0
whatev:1.0
ussr:1.0
particular:1.0
made:1.0
convincingli:1.0
contain:1.0
shown:1.0
howev:1.0
set:1.6931471805599454
null:1.0
show:1.0
david:1.0
score:1.6931471805599454
thousand:1.6931471805599454
human:1.6931471805599454
insect:1.6931471805599454
readi:1.6931471805599454
moment:1.6931471805599454
notic:1.6931471805599454
reveal:1.6931471805599454
everi:1.6931471805599454
possibl:1.6931471805599454
georg:1.6931471805599454
bernard:1.6931471805599454
shaw:1.6931471805599454
