rashid:1.0
subject:1.0
yet:1.0
rushdi:3.3978952727983707
islam:3.3978952727983707
law:3.1972245773362196
nntp:1.0
post:1.0
host:1.0
47:1.0
252:1.0
4:1.6931471805599454
179:1.0
organ:1.0
nh:1.0
line:1.0
76:1.0
articl:1.0
1993apr14:1.0
131032:1.0
15644:1.0
monu6:1.0
cc:1.6931471805599454
monash:1.6931471805599454
edu:1.6931471805599454
au:1.6931471805599454
daric:1.0
yoyo:1.0
fred:1.0
rice:1.0
wrote:1.6931471805599454
understand:2.6094379124341005
gener:1.0
agre:1.0
upon:1.0
ulema:1.0
scholar:1.0
appli:2.09861228866811
countri:1.6931471805599454
uk:1.0
furthermor:1.0
take:1.6931471805599454
one:1.0
hand:1.6931471805599454
crimin:1.0
act:1.0
matter:1.0
state:1.6931471805599454
individu:2.09861228866811
nevertheless:1.0
khomeini:2.6094379124341005
offer:1.6931471805599454
cash:1.0
prize:1.0
peopl:2.09861228866811
someth:1.0
ye:1.0
also:2.386294361119891
major:1.0
howev:1.6931471805599454
believ:1.6931471805599454
certain:1.0
legal:1.0
rule:2.6094379124341005
five:1.0
school:1.0
sunni:1.0
1:1.0
jaffari:1.0
level:2.9459101490553135
muslim:2.386294361119891
non:1.0
within:2.09861228866811
outsid:1.6931471805599454
dar:1.0
al:1.0
know:1.6931471805599454
apostasi:2.386294361119891
accompani:1.0
activ:1.0
persist:1.0
open:1.0
hostil:1.0
fall:1.0
categori:1.0
histor:1.0
rare:1.0
punish:1.0
let:1.0
alon:1.6931471805599454
death:1.6931471805599454
penalti:1.6931471805599454
base:1.0
well:1.6931471805599454
known:1.0
apost:1.0
long:1.0
offend:1.0
novel:1.0
certainli:1.6931471805599454
preced:1.0
qur:1.0
hadith:1.0
histori:1.0
indiscriminantli:1.0
charg:2.6094379124341005
fasad:2.6094379124341005
domain:1.0
carri:1.0
reward:1.0
iran:2.386294361119891
stuff:1.0
delet:1.0
think:1.6931471805599454
muddi:1.0
issu:2.386294361119891
seem:1.0
assum:1.0
fatwa:3.1972245773362196
due:1.0
distribut:1.0
book:3.1972245773362196
respons:1.0
write:1.0
publish:1.6931471805599454
view:1.6931471805599454
correct:1.6931471805599454
viewpoint:1.0
sentenc:1.0
crime:2.09861228866811
progress:1.6931471805599454
incorrect:1.0
would:1.0
concur:1.0
thrust:1.6931471805599454
rememb:1.6931471805599454
author:2.09861228866811
assist:1.0
public:1.0
encompass:2.09861228866811
number:1.0
lesser:1.0
diplomat:1.0
relat:1.0
broke:1.0
britain:1.0
stress:1.0
condemn:1.0
remov:1.0
circul:1.6931471805599454
two:1.0
preliminari:1.0
condit:1.0
resolv:1.0
crisi:1.0
point:1.6931471805599454
ban:1.0
main:1.0
behind:1.0
situat:1.6931471805599454
follow:1.0
sever:1.6931471805599454
month:1.0
issuanc:1.0
went:1.0
medium:2.386294361119891
blitz:1.0
present:1.0
lone:1.0
knight:1.0
guard:1.0
sacr:2.09861228866811
valu:1.0
secular:1.0
democraci:1.0
mock:1.0
foolish:1.0
concern:1.6931471805599454
crazi:1.0
enough:1.0
actual:1.0
hold:1.0
religi:1.0
belief:1.0
fan:1.0
flame:1.0
milk:1.0
controversi:1.0
boost:1.0
imag:1.0
push:1.0
everywher:1.0
demonstr:1.0
kill:1.0
protest:1.0
appear:1.0
momentarili:1.0
climb:1.0
back:1.0
hors:1.0
attack:1.0
defend:1.0
right:1.0
person:1.6931471805599454
action:1.6931471805599454
feed:1.0
contribut:1.0
legitim:1.0
remain:1.0
independ:1.0
mani:1.0
play:1.6931471805599454
full:1.0
p:1.0
sure:1.0
shatim:1.0
may:1.0
umbrella:1.0
