a137490:1.6931471805599454
lehtori:1.0
cc:2.09861228866811
tut:2.09861228866811
fi:2.09861228866811
aario:1.6931471805599454
sami:1.6931471805599454
subject:1.0
genocid:1.0
caus:1.0
atheism:1.0
organ:1.0
tamper:1.0
univers:1.6931471805599454
technolog:1.0
comput:1.0
centr:1.0
line:1.0
37:1.0
distribut:1.0
sfnet:1.0
nntp:1.0
post:1.0
host:1.0
delet:1.0
1993apr13:1.0
184227:1.0
1191:1.0
ultb:1.6931471805599454
isc:1.6931471805599454
rit:1.6931471805599454
edu:1.6931471805599454
snm6394:1.0
n:1.0
mozumd:1.0
write:1.0
realli:1.0
think:1.0
imagin:2.09861228866811
like:2.386294361119891
infinit:2.791759469228055
first:1.0
infin:2.386294361119891
mathemat:1.6931471805599454
concept:2.386294361119891
creat:1.0
human:1.6931471805599454
explain:1.6931471805599454
certain:2.09861228866811
thing:1.6931471805599454
way:1.6931471805599454
know:2.791759469228055
actual:2.09861228866811
appli:1.6931471805599454
realiti:2.386294361119891
anyth:1.0
world:1.0
abl:1.0
comprehend:1.0
programm:1.0
would:1.0
requir:1.0
memori:1.0
whatev:1.0
continu:1.6931471805599454
base:1.6931471805599454
infiniet:1.0
small:1.0
unit:1.6931471805599454
continuum:1.0
anoth:1.0
use:1.0
call:2.09861228866811
someth:1.0
beyond:1.0
number:1.0
endless:1.0
pretti:1.0
good:1.0
idea:1.0
man:1.6931471805599454
made:1.6931471805599454
mani:1.6931471805599454
evolv:1.0
time:1.0
ancient:1.0
greek:1.0
differ:1.0
understand:1.0
allah:1.6931471805599454
power:1.0
knowledg:1.0
etc:1.0
yet:1.6931471805599454
precic:1.0
even:1.0
see:1.0
measur:1.0
atom:1.6931471805599454
explod:1.0
one:1.0
sunlight:1.0
compris:1.0
stupid:2.09861228866811
mind:1.0
ero:1.6931471805599454
plan:1.0
9:1.0
outer:1.0
space:1.0
disclaim:1.0
agre:1.0
