keith:2.386294361119891
cco:1.0
caltech:1.6931471805599454
edu:2.09861228866811
allan:1.0
schneider:1.0
subject:1.0
polit:1.0
atheist:1.0
organ:1.0
california:1.0
institut:1.0
technolog:1.0
pasadena:1.0
line:1.0
9:1.0
nntp:1.0
post:1.0
host:1.0
lloyd:1.0
kmr4:1.0
po:1.0
cwru:1.0
ryan:1.0
write:1.0
chimp:2.09861228866811
almost:1.0
human:1.0
mean:1.0
moral:1.0
well:1.0
must:1.6931471805599454
system:1.0
live:1.0
social:1.0
group:1.0
law:1.0
dictat:1.0
undesir:1.0
behavior:1.0
