dfuller:1.6931471805599454
portal:1.6931471805599454
hq:1.6931471805599454
videocart:2.09861228866811
com:1.6931471805599454
dave:1.6931471805599454
fuller:1.6931471805599454
subject:1.0
death:2.791759469228055
penalti:2.9459101490553135
polit:1.0
atheist:1.0
organ:1.0
inc:1.0
x:1.0
newsread:1.0
tin:1.0
1:1.6931471805599454
pl3:1.0
line:1.6931471805599454
23:1.0
conceiv:1.0
deterr:2.09861228866811
crime:2.386294361119891
legal:1.0
shenanigan:1.0
ad:1.0
automat:1.0
appeal:1.0
lengthi:1.0
court:1.0
battl:1.0
etc:1.0
releg:1.0
purpos:1.0
small:1.0
part:1.0
henc:1.0
question:1.0
instat:1.0
meant:1.0
see:1.0
deter:1.0
get:2.09861228866811
rid:1.0
entir:1.0
doubt:1.0
suppos:1.0
everi:1.0
carri:1.0
would:1.6931471805599454
effict:1.0
punish:1.6931471805599454
much:1.6931471805599454
like:1.0
50:1.0
fine:1.0
speed:1.0
anyway:1.0
somebodi:1.0
murder:1.0
mind:1.0
care:1.6931471805599454
consequ:1.0
think:2.09861228866811
anoth:1.6931471805599454
problem:1.0
peopl:1.0
dont:1.0
caught:1.6931471805599454
want:1.0
kill:1.0
person:1.0
strictli:1.0
along:1.0
tortur:1.0
