healta:2.09861228866811
saturn:2.09861228866811
wwc:2.09861228866811
edu:2.09861228866811
tammi:2.386294361119891
r:1.6931471805599454
heali:1.6931471805599454
subject:1.6931471805599454
free:1.6931471805599454
moral:1.6931471805599454
agenc:1.6931471805599454
kent:2.791759469228055
line:1.6931471805599454
37:1.6931471805599454
organ:1.0
walla:1.6931471805599454
colleg:1.0
articl:1.6931471805599454
sandvik:2.9459101490553135
140493185034:1.0
appl:2.386294361119891
com:2.386294361119891
newton:2.09861228866811
write:1.0
date:1.0
thu:1.0
15:1.0
apr:1.0
1993:1.0
01:1.0
51:1.0
57:1.0
gmt:1.0
135:1.0
734811375:1.0
wrote:1.0
ezekiel:2.386294361119891
28:1.0
17:1.0
say:1.6931471805599454
hart:1.0
fill:1.0
pride:1.0
beauti:1.0
corrupt:1.0
wisdom:1.0
sake:1.0
splendor:1.0
therefor:1.0
cast:1.0
ground:1.0
expo:1.0
helpless:1.0
curiou:1.0
gaze:1.0
king:2.386294361119891
bibl:2.09861228866811
scholar:1.0
knowthat:1.0
1st:1.0
11:1.0
vers:1.6931471805599454
refer:2.09861228866811
princ:2.386294361119891
tyre:3.1972245773362196
prophesi:1.0
address:1.0
human:1.6931471805599454
12:1.0
19:1.0
term:1.0
satan:2.6094379124341005
rational:1.0
connect:1.0
could:1.0
give:1.0
u:1.0
ration:1.0
cite:1.0
thank:1.0
afraid:1.0
case:1.0
think:1.6931471805599454
model:1.0
fall:1.0
apart:1.0
like:1.6931471805599454
hous:1.0
card:1.0
let:1.0
see:1.0
cheer:1.0
alink:1.0
ksand:1.0
privat:1.0
activ:1.0
net:1.0
time:1.6931471805599454
written:1.0
israel:1.6931471805599454
apostaci:1.0
mistaken:1.0
make:1.0
war:1.0
said:1.0
ruler:1.6931471805599454
wick:1.0
man:1.0
call:1.0
real:1.0
interpret:1.6931471805599454
neccessarili:1.0
orthodox:1.0
christian:1.6931471805599454
one:1.0
although:1.0
commentari:1.0
read:1.0
throughli:1.0
long:1.0
