healta:2.09861228866811
saturn:2.09861228866811
wwc:2.09861228866811
edu:2.09861228866811
tammi:2.09861228866811
r:1.6931471805599454
heali:1.6931471805599454
subject:1.6931471805599454
free:1.6931471805599454
moral:1.6931471805599454
agenc:1.6931471805599454
line:1.6931471805599454
34:1.6931471805599454
organ:1.0
walla:1.6931471805599454
colleg:1.0
distribut:1.0
na:1.0
articl:1.6931471805599454
11810:1.0
vice:2.386294361119891
ico:2.386294361119891
tek:2.386294361119891
com:2.386294361119891
bobb:2.09861228866811
robert:1.6931471805599454
beauchain:2.09861228866811
write:1.6931471805599454
date:1.0
14:1.0
apr:1.0
93:1.0
21:1.0
41:1.0
31:1.0
gmt:1.0
133:1.0
734810202:1.0
old:1.0
testement:1.0
satan:2.09861228866811
rare:1.6931471805599454
mention:1.6931471805599454
huh:1.0
sda:1.0
bibl:1.0
contain:1.0
book:1.0
job:1.0
suffer:1.0
world:1.0
caught:1.0
inth:1.0
crossfir:1.0
sometim:1.0
innoc:1.0
well:1.0
teh:1.0
guilti:1.0
get:1.6931471805599454
hurt:1.6931471805599454
opinion:1.0
hope:1.0
clear:1.0
thing:1.0
seem:1.0
like:1.0
omnipot:1.6931471805599454
omnisci:1.0
god:1.0
got:1.0
splainin:1.0
creat:1.0
shit:1.0
giggl:1.0
bob:1.0
said:1.6931471805599454
queen:1.0
could:1.0
stay:1.0
blew:1.0
bronx:1.0
away:1.0
sank:1.0
manhattan:1.0
sea:1.0
say:1.0
never:1.0
plea:1.0
excus:1.0
lack:1.0
perfect:1.0
memori:1.0
p:1.0
soori:1.0
sound:1.0
cranki:1.0
apoplog:1.0
anyon:1.0
feel:1.0
