hous:2.386294361119891
helio:1.6931471805599454
usq:2.09861228866811
edu:2.09861228866811
au:1.6931471805599454
ron:1.6931471805599454
subject:1.0
thought:1.0
keyword:1.0
dan:2.09861228866811
bissel:1.6931471805599454
organ:1.0
univers:1.0
southern:1.0
queensland:1.0
line:1.0
42:1.0
bissda:1.0
saturn:1.0
wwc:1.0
lawrenc:1.0
write:1.0
tfirst:1.0
want:1.0
start:1.0
right:2.09861228866811
say:2.09861228866811
christian:1.0
know:1.0
get:1.0
involv:1.0
bit:1.0
delet:1.0
tthe:1.0
book:1.6931471805599454
jesu:1.0
either:1.6931471805599454
liar:3.0794415416798357
crazi:2.386294361119891
modern:1.6931471805599454
day:1.6931471805599454
koresh:1.6931471805599454
actual:1.6931471805599454
said:1.6931471805599454
tsome:1.0
reason:1.6931471805599454
follow:1.6931471805599454
would:2.386294361119891
die:1.6931471805599454
lie:1.6931471805599454
peopl:2.9459101490553135
abl:1.6931471805599454
tell:1.6931471805599454
gather:2.386294361119891
around:1.6931471805599454
kept:1.6931471805599454
mani:1.6931471805599454
hear:1.6931471805599454
see:2.386294361119891
someon:2.09861228866811
heal:1.6931471805599454
call:1.6931471805599454
fool:2.386294361119891
believ:1.6931471805599454
tniether:1.0
lunat:2.386294361119891
entir:1.6931471805599454
nation:1.6931471805599454
drawn:2.386294361119891
doubt:1.6931471805599454
fact:1.6931471805599454
redicul:1.6931471805599454
exampl:1.6931471805599454
anyon:1.6931471805599454
david:1.0
obvious:1.6931471805599454
logic:1.6931471805599454
away:1.6931471805599454
ttherefor:1.0
sinc:1.6931471805599454
must:1.6931471805599454
real:1.6931471805599454
thing:1.6931471805599454
righto:1.0
tri:1.0
one:1.0
cornflak:1.0
muhammad:1.0
mad:1.6931471805599454
mahdi:1.6931471805599454
son:1.0
law:1.0
made:1.0
sun:1.6931471805599454
stand:1.6931471805599454
still:1.6931471805599454
make:1.0
niether:1.0
therefor:1.0
toowoomba:1.0
australia:1.0
