livesey:2.386294361119891
solntz:2.09861228866811
wpd:2.09861228866811
sgi:2.386294361119891
com:2.09861228866811
jon:2.09861228866811
subject:1.0
moral:2.9459101490553135
polit:1.0
atheist:1.0
organ:2.09861228866811
line:1.0
51:1.0
nntp:1.0
post:1.6931471805599454
host:1.0
articl:1.0
1ql5sninn4vm:1.0
gap:1.0
caltech:1.6931471805599454
edu:1.6931471805599454
keith:1.6931471805599454
cco:1.0
allan:1.0
schneider:1.0
write:1.6931471805599454
say:2.386294361119891
possibl:2.386294361119891
instinct:2.09861228866811
act:2.791759469228055
one:1.0
like:1.6931471805599454
think:1.6931471805599454
mani:1.6931471805599454
thing:1.0
explain:1.0
happi:1.0
listen:1.0
exampl:1.6931471805599454
murder:1.6931471805599454
would:1.6931471805599454
signific:1.0
sinc:1.0
noth:1.0
voluntari:1.0
order:1.0
person:1.0
must:2.09861228866811
consid:2.09861228866811
immor:1.0
action:1.6931471805599454
disregard:1.0
weaker:1.0
peopl:1.6931471805599454
talk:1.6931471805599454
altern:1.6931471805599454
intellig:2.09861228866811
be:1.6931471805599454
even:1.0
bahavior:1.0
mimic:1.0
start:1.0
get:1.0
point:1.0
mimicri:1.0
necessarili:1.6931471805599454
imit:1.0
parrot:1.0
pretti:1.0
polli:1.6931471805599454
comment:1.0
pulchritud:1.0
much:1.0
emphasi:1.0
place:1.0
see:1.0
anim:1.6931471805599454
speci:1.0
could:1.0
kill:1.0
arbitarili:1.0
poster:1.0
given:1.0
exactli:1.0
seem:1.0
short:1.0
memori:1.0
tri:1.0
enough:1.0
tjust:1.0
right:1.0
repli:1.0
