livesey:2.386294361119891
solntz:2.09861228866811
wpd:2.09861228866811
sgi:2.386294361119891
com:2.09861228866811
jon:2.09861228866811
subject:1.0
object:1.0
moral:2.9459101490553135
polit:1.0
atheist:1.0
organ:1.0
line:1.0
46:1.0
distribut:1.0
world:1.0
nntp:1.0
post:1.0
host:1.0
articl:1.0
1qlf7ginn8sn:1.0
gap:1.0
caltech:1.6931471805599454
edu:1.6931471805599454
keith:1.6931471805599454
cco:1.0
allan:1.0
schneider:1.0
write:1.6931471805599454
anoth:1.6931471805599454
part:1.6931471805599454
thread:2.09861228866811
tell:2.6094379124341005
u:2.9459101490553135
goal:1.6931471805599454
natur:2.09861228866811
anim:1.6931471805599454
surviv:2.386294361119891
right:2.6094379124341005
human:2.386294361119891
gone:1.6931471805599454
somewhat:1.6931471805599454
beyond:1.6931471805599454
though:1.0
perhap:1.6931471805599454
one:1.6931471805599454
self:1.0
actual:1.0
exactli:1.0
claim:1.0
omnisci:2.9459101490553135
definit:2.09861228866811
say:1.0
wrong:2.386294361119891
use:1.0
criterion:1.0
long:2.09861228866811
term:1.6931471805599454
speci:2.09861228866811
map:1.0
abl:1.6931471805599454
assign:2.09861228866811
action:2.09861228866811
suppos:1.0
told:1.0
requir:1.0
extermin:1.0
either:1.0
terrestri:1.0
alien:1.0
let:1.0
give:1.0
inform:1.0
origin:1.6931471805599454
premis:1.6931471805599454
well:1.0
habit:1.0
chang:1.0
time:1.0
like:1.0
review:1.0
differ:1.0
result:1.0
make:1.0
type:1.6931471805599454
talk:1.6931471805599454
sen:1.0
immor:1.0
harm:1.0
advers:1.0
affect:1.0
guess:1.0
introduc:1.0
go:1.0
implement:1.0
