bobb:1.6931471805599454
vice:1.6931471805599454
ico:1.6931471805599454
tek:1.6931471805599454
com:1.6931471805599454
robert:1.0
beauchain:1.6931471805599454
subject:1.0
moral:1.6931471805599454
polit:1.0
atheist:1.0
organ:1.0
tektronix:1.0
inc:1.0
beaverton:1.0
line:1.0
15:1.0
articl:1.0
1ql667inn54a:1.0
gap:1.0
caltech:1.6931471805599454
edu:1.6931471805599454
keith:1.6931471805599454
cco:1.0
allan:1.0
schneider:1.0
write:1.0
say:1.0
behavior:1.6931471805599454
like:1.0
null:1.0
smell:1.0
sig:1.0
materi:1.0
bob:1.0
said:1.0
queen:1.0
could:1.0
stay:1.0
blew:1.0
bronx:1.0
away:1.0
sank:1.0
manhattan:1.0
sea:1.0
