kmr4:1.0
po:1.0
cwru:1.6931471805599454
edu:1.6931471805599454
keith:1.0
ryan:1.0
subject:1.0
risen:1.6931471805599454
organ:1.0
case:1.0
western:1.0
reserv:1.0
univers:1.0
line:1.0
16:1.0
nntp:1.0
post:1.0
host:1.0
b64635:1.0
student:1.0
tour:1.0
lord:1.0
savior:1.0
david:1.0
keresh:1.0
seen:1.0
aliv:1.0
tspread:1.0
word:1.0
sole:1.0
intent:1.0
learn:1.0
fli:1.0
