edm:1.6931471805599454
twisto:1.6931471805599454
compaq:2.09861228866811
com:2.09861228866811
ed:1.6931471805599454
mccreari:1.6931471805599454
subject:1.0
victim:1.0
variou:1.0
good:1.0
fight:1.0
repli:1.0
9051467f:1.6931471805599454
level:2.09861228866811
unisa:2.09861228866811
edu:2.09861228866811
au:2.09861228866811
messag:1.0
12:2.386294361119891
apr:1.6931471805599454
93:1.6931471805599454
21:1.6931471805599454
36:1.6931471805599454
33:1.6931471805599454
0930:1.6931471805599454
organ:1.0
comput:1.0
corp:1.0
9454:1.0
tekig7:1.0
pen:1.0
tek:1.0
1993apr12:1.0
213633:1.0
20143:1.0
line:1.0
desert:1.0
brat:1.0
said:1.0
tdb:1.0
diseas:1.0
introduc:1.0
brazilian:1.0
oher:1.0
tribe:1.0
x:1.0
million:1.0
fair:1.0
go:1.0
happen:1.6931471805599454
eventu:1.0
given:1.0
time:1.0
american:1.0
would:2.09861228866811
reach:1.0
europ:1.0
thing:1.0
matter:1.0
got:1.0
togeth:1.0
first:1.0
laughter:1.0
tao:1.0
