edm:1.6931471805599454
twisto:1.6931471805599454
compaq:2.09861228866811
com:1.6931471805599454
ed:1.6931471805599454
mccreari:1.6931471805599454
subject:1.0
koresh:1.6931471805599454
god:1.0
repli:1.0
mathew:2.09861228866811
messag:1.0
fri:1.6931471805599454
16:1.6931471805599454
apr:1.6931471805599454
1993:1.6931471805599454
14:1.6931471805599454
15:1.6931471805599454
20:1.6931471805599454
0100:1.6931471805599454
organ:1.0
comput:1.0
corp:1.0
930416:1.0
141520:1.0
7h1:1.0
rusnew:1.0
w165w:1.0
manti:1.6931471805599454
co:1.6931471805599454
uk:1.6931471805599454
line:1.0
12:1.0
said:1.0
latest:1.0
news:1.0
seem:1.0
give:1.0
finish:1.0
write:1.0
sequel:1.0
bibl:1.0
also:1.0
16th:1.0
fed:1.0
get:1.0
tax:1.0
evas:1.0
rememb:1.0
hear:1.0
run:1.0
post:1.0
offic:1.0
last:1.0
night:1.0
laughter:1.0
would:1.0
tao:1.0
