edm:1.6931471805599454
twisto:1.6931471805599454
compaq:2.09861228866811
com:1.6931471805599454
ed:1.6931471805599454
mccreari:1.6931471805599454
subject:1.0
repli:1.0
acoop:1.0
mac:1.6931471805599454
cc:1.6931471805599454
macalstr:1.6931471805599454
edu:2.386294361119891
messag:1.6931471805599454
15:1.0
apr:1.0
93:1.0
11:1.0
17:1.0
13:1.0
0600:1.0
organ:1.0
comput:1.0
corp:1.0
1993apr15:1.0
111713:1.0
4726:1.0
line:1.0
18:1.0
articl:1.0
1qi156innf9n:1.0
senat:1.0
bedfellow:1.0
mit:1.6931471805599454
tcbruno:1.0
athena:1.0
tom:1.0
bruno:1.0
write:1.6931471805599454
stuff:1.6931471805599454
delet:1.6931471805599454
bring:1.0
point:1.0
post:1.6931471805599454
mani:1.0
peopl:1.6931471805599454
around:2.09861228866811
alt:1.6931471805599454
atheism:1.6931471805599454
sinc:1.6931471805599454
1990:1.0
done:1.0
damnedest:1.0
stay:1.0
top:1.0
hmm:1.0
usenet:1.0
got:1.0
collect:1.0
hook:1.0
1987:1.0
right:1.0
switch:1.0
engin:1.0
say:1.0
start:1.0
read:1.0
1988:1.0
89:1.0
probabl:1.0
50:1.0
time:1.6931471805599454
though:1.0
never:1.0
understand:1.0
find:1.0
much:1.0
bare:1.0
keep:1.0
laughter:1.0
would:1.0
tao:1.0
