mcgoy:1.0
unicorn:1.0
ac:1.0
ttu:1.0
edu:1.6931471805599454
david:1.0
mcgaughey:1.0
subject:1.0
pope:2.386294361119891
jewish:1.6931471805599454
organ:1.0
texa:1.0
tech:1.0
univers:1.0
line:1.6931471805599454
12:1.0
west:1.0
next02cvil:1.0
wam:1.0
umd:1.0
stilgar:1.0
write:1.0
alway:1.0
thought:1.0
bear:1.6931471805599454
know:1.0
littl:1.0
say:1.0
shit:1.0
wood:1.0
cathol:1.0
must:1.0
connect:1.0
two:1.0
