bil:1.0
okcforum:2.09861228866811
osrh:1.6931471805599454
edu:2.09861228866811
bill:2.09861228866811
conner:1.0
subject:1.0
islam:1.0
author:1.0
woman:1.0
nntp:1.0
post:1.0
host:1.0
organ:1.0
unix:1.0
user:1.0
group:1.0
x:1.0
newsread:1.0
tin:1.0
version:1.0
1:1.6931471805599454
pl9:1.0
line:1.0
8:1.0
keith:1.0
ryan:1.0
kmr4:1.0
po:1.0
cwru:1.0
wrote:1.0
tnice:1.0
cop:1.6931471805599454
sure:1.0
right:1.0
idea:1.0
refer:1.0
would:1.0
mind:1.0
explain:1.0
