kutluk:2.791759469228055
ccl:2.09861228866811
umist:2.09861228866811
ac:2.09861228866811
uk:2.09861228866811
ozguven:1.6931471805599454
subject:1.0
jewish:1.0
settler:1.0
demolish:1.0
mosqu:1.0
gaza:1.0
organ:1.0
manchest:1.0
comput:1.0
centr:1.0
line:1.0
41:1.0
c5iwxm:1.0
g0z:1.0
news:1.0
chalmer:1.6931471805599454
se:1.6931471805599454
d9bertil:1.0
dtek:1.0
bertil:1.0
jonel:1.0
write:1.6931471805599454
articl:1.0
734797558:1.0
atheist:2.6094379124341005
mention:2.09861228866811
quran:2.9459101490553135
point:2.09861228866811
view:1.6931471805599454
minut:1.6931471805599454
reason:1.0
one:1.6931471805599454
see:1.0
thing:1.6931471805599454
peopl:1.6931471805599454
say:1.6931471805599454
use:1.0
word:1.0
din:2.386294361119891
mean:2.09861228866811
way:1.6931471805599454
individu:1.6931471805599454
think:1.6931471805599454
behav:1.0
commun:2.09861228866811
order:1.0
protocol:1.0
base:1.0
set:1.6931471805599454
belief:2.386294361119891
often:1.0
interpret:1.0
much:1.0
weaker:1.0
term:1.0
religion:1.0
along:1.0
jew:1.0
mushriqin:1.0
christian:1.0
etc:2.09861228866811
latter:1.0
need:1.6931471805599454
assumpt:1.6931471805599454
forma:1.0
social:1.6931471805599454
code:1.0
exampl:1.0
marxist:1.0
histori:1.0
conflict:1.0
put:1.0
idol:1.6931471805599454
sometim:1.0
repres:1.0
assupt:1.0
differ:1.0
mushriq:1.0
roughli:1.0
polytheist:1.0
atheism:2.386294361119891
common:1.0
idea:1.0
standard:1.0
coordin:1.0
societi:2.09861228866811
inscrib:1.0
nation:1.0
progress:1.0
natur:1.0
consequ:1.0
human:1.0
activ:1.0
parlamentarian:1.0
democraci:1.0
doubtlessli:1.0
best:1.0
govern:1.0
howev:1.0
insist:1.0
god:1.6931471805599454
therefor:1.0
definit:1.0
exist:1.6931471805599454
fact:1.0
reject:1.6931471805599454
dogma:1.0
supposit:1.0
part:1.0
case:1.0
person:1.0
deviat:1.6931471805599454
tell:1.0
disbelief:1.0
look:1.0
macro:1.0
level:1.0
took:1.0
