b711zbr:1.0
utarlg:1.6931471805599454
uta:1.6931471805599454
edu:1.6931471805599454
junyan:1.0
wang:1.0
subject:1.0
bibl:2.09861228866811
contradict:1.0
news:1.0
softwar:1.0
vax:1.0
vm:1.0
vnew:1.0
1:1.0
41:1.0
nntp:1.0
post:1.0
host:1.0
organ:1.0
univers:1.0
texa:1.0
arlington:1.0
line:1.0
2:1.0
would:1.0
like:1.0
list:1.0
contadict:1.0
dispit:1.0
free:1.0
christian:1.0
well:1.0
vers:1.0
