organ:1.0
penn:1.0
state:1.0
univers:1.0
jsn104:1.0
psuvm:1.0
psu:1.0
edu:1.0
subject:1.0
go:1.6931471805599454
hell:1.6931471805599454
line:1.0
2:1.0
blashephem:1.0
believ:1.0
god:1.0
prepar:1.0
etern:1.0
damnat:1.0
