simon:2.6094379124341005
dc:1.6931471805599454
warwick:2.386294361119891
ac:1.6931471805599454
uk:1.6931471805599454
clippingdal:1.6931471805599454
subject:1.0
note:1.0
bobbi:2.09861228866811
nntp:1.0
post:1.0
host:1.0
nin:1.0
organ:1.0
depart:1.6931471805599454
comput:1.6931471805599454
scienc:1.6931471805599454
univers:2.09861228866811
england:1.0
line:1.0
30:1.0
articl:1.0
1993apr13:1.0
213527:1.0
3706:1.0
ultb:1.6931471805599454
isc:1.6931471805599454
rit:1.6931471805599454
edu:1.6931471805599454
snm6394:1.0
n:1.0
mozumd:1.6931471805599454
write:1.0
peopl:1.6931471805599454
relig:1.0
take:1.0
inner:2.09861228866811
citi:2.09861228866811
mani:1.6931471805599454
care:1.0
littl:1.0
religion:1.6931471805599454
lot:1.6931471805599454
crime:1.6931471805599454
murder:1.6931471805599454
end:1.0
lack:1.0
allow:1.0
wrong:1.0
happen:1.0
live:1.0
tokyo:2.09861228866811
year:1.0
half:1.0
one:2.386294361119891
reason:1.0
intend:1.0
go:1.6931471805599454
back:1.0
indefinit:1.0
freedom:1.0
enjoy:1.0
walk:1.0
anywher:1.6931471805599454
mean:1.0
time:1.6931471805599454
day:1.0
night:1.6931471805599454
feel:1.0
uneasi:1.0
even:1.0
ethnic:1.0
minor:1.0
clue:1.0
bother:1.0
ii:1.0
neglig:1.0
level:1.0
violent:1.0
street:1.0
lead:1.0
item:1.0
nation:1.0
tv:1.0
news:1.0
iii:1.0
popul:1.0
almost:1.0
atheist:1.0
next:1.0
stroll:1.0
around:1.0
beirut:1.0
let:1.0
know:1.0
compar:1.0
cheer:1.0
tel:1.0
44:1.6931471805599454
203:1.6931471805599454
523296:1.0
fax:1.0
525714:1.0
coventri:1.0
cv4:1.0
7al:1.0
u:1.0
k:1.0
