healta:1.0
saturn:1.0
wwc:1.0
edu:1.0
tammi:1.6931471805599454
r:1.0
heali:1.0
subject:1.0
cannanit:1.0
genocid:1.0
bibl:1.0
line:1.6931471805599454
6:1.6931471805599454
organ:1.0
walla:1.6931471805599454
colleg:1.0
excus:1.0
ignor:1.0
rememb:1.0
read:1.0
biblic:1.0
tribe:1.0
known:1.0
philistin:1.0
still:1.0
exist:1.0
modern:1.0
day:1.0
palestinian:1.0
anyon:1.0
info:1.0
plea:1.0
post:1.0
