jaeger:2.386294361119891
buphi:1.6931471805599454
bu:2.09861228866811
edu:2.09861228866811
gregg:2.09861228866811
subject:1.0
anecdot:1.0
islam:2.386294361119891
organ:1.0
boston:1.0
univers:1.0
physic:1.6931471805599454
depart:1.0
line:1.6931471805599454
117:1.0
articl:1.6931471805599454
16bb112949:1.0
i3150101:1.6931471805599454
dbstu1:1.6931471805599454
rz:1.6931471805599454
tu:1.6931471805599454
b:1.6931471805599454
de:1.6931471805599454
benedikt:1.0
rosenau:1.0
write:1.6931471805599454
115287:1.0
brutal:1.0
system:1.0
filter:1.0
lenienc:2.09861228866811
lenient:1.0
huh:1.0
rate:1.0
public:1.0
flog:2.386294361119891
chop:1.0
hand:1.0
head:1.0
bodi:1.0
part:1.6931471805599454
stone:1.0
problem:2.386294361119891
particularli:1.0
offend:1.0
given:2.386294361119891
chanc:1.6931471805599454
chang:1.6931471805599454
behavior:1.0
maim:2.791759469228055
gener:1.6931471805599454
whatev:1.0
mean:1.0
opinion:2.09861228866811
one:2.386294361119891
anoth:1.0
case:1.6931471805599454
rape:1.6931471805599454
victim:1.0
emot:1.0
rapist:1.0
obvious:1.0
murder:1.6931471805599454
either:1.0
may:1.0
ask:1.0
becam:1.0
muslim:1.0
sure:1.0
ye:1.0
see:1.0
think:1.6931471805599454
dealt:1.0
lightli:1.0
interest:1.0
sake:1.0
appar:1.0
peopl:1.6931471805599454
simpli:1.0
told:1.0
bad:1.0
thing:1.0
simpl:1.0
misjudg:2.09861228866811
avoid:1.0
much:1.0
possibl:1.6931471805599454
suspect:1.0
pretti:1.0
unlik:1.0
requir:1.6931471805599454
repeat:1.0
offens:1.0
like:2.386294361119891
orient:2.386294361119891
place:1.0
singl:1.0
charact:1.0
ignor:1.0
expo:1.0
nice:1.0
read:2.09861228866811
care:1.6931471805599454
said:1.0
show:1.6931471805599454
primit:1.6931471805599454
machism:1.6931471805599454
well:1.0
use:1.0
specif:1.0
word:1.0
probabl:1.0
mind:1.0
need:1.6931471805599454
contain:1.0
suffici:1.0
inform:1.0
detail:1.0
necessari:1.0
europ:1.0
civil:1.0
bullshit:1.6931471805599454
time:1.6931471805599454
put:2.09861228866811
shut:1.6931471805599454
substanti:1.6931471805599454
noth:1.0
blabber:1.0
islamist:1.0
talk:1.0
west:1.0
great:1.0
satan:1.0
guilti:1.0
stupid:1.0
love:1.0
compar:1.0
common:1.0
plea:1.0
fellow:1.0
believ:1.6931471805599454
call:1.0
other:1.0
name:1.0
quran:1.0
allow:1.6931471805599454
beat:1.0
wife:1.0
submiss:1.0
realli:1.0
give:1.0
chapter:1.0
vers:1.0
could:1.0
discus:1.0
refer:1.0
misspelt:1.0
fault:1.0
follow:1.0
qur:1.0
better:1.0
sorri:1.0
enough:1.0
express:1.0
extramarit:1.6931471805599454
sex:3.1972245773362196
subset:1.0
suppressedin:1.0
marial:1.0
sexi:1.0
encourag:1.0
mani:1.0
branch:1.0
christian:1.0
miss:1.0
point:1.0
urg:2.386294361119891
religion:2.09861228866811
run:1.0
around:1.0
tell:1.0
piec:1.0
cake:1.0
two:1.0
reason:1.6931471805599454
suppress:2.09861228866811
strong:2.6094379124341005
measur:1.6931471805599454
busi:1.6931471805599454
anyway:1.0
wish:1.0
thought:1.0
tri:1.0
make:1.6931471805599454
argument:2.6094379124341005
doubt:1.0
valid:1.0
premis:1.0
want:1.0
critic:1.0
irrelev:1.0
object:1.0
statement:1.6931471805599454
fine:1.0
respons:1.0
adolesc:1.0
overli:1.0
adult:1.6931471805599454
commensur:1.0
effort:1.0
find:1.0
marriag:1.0
partner:1.0
