vdp:2.386294361119891
mayo:2.9459101490553135
edu:2.9459101490553135
vinayak:2.386294361119891
dutt:2.09861228866811
subject:1.0
islam:1.6931471805599454
bank:2.6094379124341005
slaveri:1.0
repli:1.0
organ:1.0
foundat:1.0
graduat:1.0
school:1.0
rochest:1.0
mn:1.0
line:1.0
39:1.0
articl:1.0
28833:1.0
monu6:1.0
cc:1.6931471805599454
monash:1.6931471805599454
au:1.6931471805599454
daric:1.0
yoyo:1.0
fred:1.0
rice:1.0
write:1.6931471805599454
1993apr14:1.0
143121:1.0
26376:1.0
bmw:1.0
instead:1.6931471805599454
call:2.791759469228055
interest:2.386294361119891
deposit:1.0
return:2.6094379124341005
invest:2.6094379124341005
loan:1.0
busi:1.0
word:1.0
float:1.0
stock:2.09861228866811
compani:1.0
differ:2.09861228866811
one:1.0
thing:1.6931471805599454
greater:1.0
risk:2.386294361119891
set:1.0
e:1.6931471805599454
amount:1.0
money:2.09861228866811
make:1.6931471805599454
go:1.0
might:1.0
even:1.0
lose:1.0
loss:1.0
share:1.0
investor:2.386294361119891
rather:1.0
practic:1.0
taken:1.0
borrow:2.09861228866811
wish:1.0
banker:1.0
well:1.0
choic:1.0
relabel:2.09861228866811
free:1.6931471805599454
explain:1.0
also:1.6931471805599454
still:2.09861228866811
take:1.6931471805599454
dividend:1.0
ofcours:1.0
usual:1.0
get:1.0
back:1.0
heard:1.0
junk:1.0
bond:1.0
mail:1.0
standard:1.0
disclaim:1.0
appli:1.0
