keith:2.386294361119891
cco:1.0
caltech:1.6931471805599454
edu:2.09861228866811
allan:1.0
schneider:1.0
subject:1.0
pompou:1.0
as:1.0
organ:1.0
california:1.0
institut:1.0
technolog:1.0
pasadena:1.0
line:1.0
9:1.0
nntp:1.0
post:1.0
host:1.0
punish:1.0
kmr4:1.0
po:1.0
cwru:1.0
ryan:1.0
write:1.0
peopl:1.0
keep:1.0
ask:1.0
question:1.6931471805599454
rare:1.0
ever:1.0
answer:2.09861228866811
nope:1.0
pose:1.0
multipl:1.0
time:1.0
