trajan:1.6931471805599454
cwi:1.6931471805599454
unomaha:2.09861228866811
edu:2.09861228866811
stephen:2.09861228866811
mcintyr:1.6931471805599454
subject:1.0
problem:1.0
satan:3.5649493574615367
use:2.6094379124341005
islam:1.0
author:1.0
woman:1.0
organ:1.0
univers:1.0
nebraska:1.0
omaha:1.0
line:2.386294361119891
103:1.0
articl:1.0
1993apr5:1.0
165233:1.0
1007:1.0
news:1.0
write:1.0
cours:1.0
bobbi:1.6931471805599454
state:1.0
free:1.6931471805599454
god:3.302585092994046
want:2.09861228866811
bring:1.0
host:1.0
paradox:1.0
therefor:1.6931471805599454
evil:3.1972245773362196
direct:1.6931471805599454
also:1.6931471805599454
part:1.0
infinit:1.0
self:1.0
good:1.6931471805599454
etc:1.6931471805599454
would:2.386294361119891
like:2.791759469228055
solid:1.6931471805599454
answer:1.6931471805599454
run:1.0
hope:1.0
gave:1.0
fairli:1.0
one:1.6931471805599454
simpli:1.6931471805599454
agre:1.0
embodi:1.0
version:1.0
separ:1.0
creation:1.6931471805599454
forc:1.6931471805599454
wrote:1.0
belief:2.386294361119891
ascrib:1.0
rather:1.6931471805599454
absenc:1.6931471805599454
fit:1.0
logic:1.0
thing:1.0
dual:1.0
e:1.6931471805599454
g:1.0
knife:1.0
sculpt:1.0
kill:1.0
entropi:1.0
seen:1.0
view:1.6931471805599454
neither:1.0
entiti:1.0
metaphor:3.302585092994046
fact:1.0
sever:1.6931471805599454
vers:1.0
holi:1.6931471805599454
qur:1.6931471805599454
appear:1.6931471805599454
support:1.0
tradit:2.09861228866811
well:1.6931471805599454
exampl:2.09861228866811
food:2.09861228866811
never:1.0
left:1.0
open:1.0
shelf:1.0
tabl:1.0
overnight:1.0
lest:1.0
enter:1.0
refer:1.6931471805599454
yet:1.0
undiscov:1.0
germ:1.6931471805599454
thu:1.0
effect:1.0
spoil:1.6931471805599454
describ:3.0794415416798357
mani:2.09861228866811
personifi:1.0
believ:2.09861228866811
quit:1.6931471805599454
physic:1.6931471805599454
descript:2.09861228866811
heaven:1.6931471805599454
hell:1.6931471805599454
bibl:1.0
time:1.6931471805599454
spiritu:1.6931471805599454
intellectu:1.0
evolut:1.0
modern:1.0
human:1.6931471805599454
taken:1.0
liter:1.0
work:1.0
mention:1.0
cite:1.0
suffici:1.0
theori:1.0
diseas:1.0
spread:1.0
worm:1.0
pas:1.0
consum:1.0
beg:1.0
question:1.6931471805599454
case:2.09861228866811
certain:1.0
allah:1.0
way:1.6931471805599454
bottom:1.0
howev:1.6931471805599454
plane:1.0
languag:1.6931471805599454
someth:1.6931471805599454
color:1.0
person:1.0
blind:1.0
birth:1.0
may:1.0
read:1.0
book:1.6931471805599454
flatland:1.0
alreadi:1.0
dragon:1.0
egg:1.0
first:1.0
intend:1.0
light:1.0
heart:1.0
mathemat:1.0
con:1.0
cept:1.0
delet:1.6931471805599454
space:1.0
save:1.0
fail:1.0
adequ:1.0
anoth:1.0
dimens:1.0
experienc:1.0
speaker:1.0
convent:1.0
allegori:1.0
come:1.0
necessari:1.0
unseen:1.0
term:1.0
mean:2.09861228866811
reader:1.6931471805599454
listen:1.0
model:1.0
compro:1.0
mise:1.0
must:1.0
made:1.0
speak:1.0
clariti:1.0
equival:1.0
percept:1.0
crippl:1.0
el:1.6931471805599454
ask:1.0
know:1.6931471805599454
exist:1.0
spirit:1.6931471805599454
okay:1.0
say:1.6931471805599454
justifi:2.09861228866811
instanc:1.0
tormentor:1.0
old:1.0
testament:1.6931471805599454
job:1.0
temptor:1.0
new:1.0
gospel:1.0
bar:1.0
let:1.6931471805599454
consid:1.0
satanist:1.6931471805599454
even:1.0
someon:1.0
religi:1.6931471805599454
standard:1.0
see:1.0
address:1.0
obvious:1.0
philosoph:1.0
issu:1.0
possibl:1.0
sure:1.0
newsgroup:1.0
delv:1.0
interpret:1.0
anyon:1.0
wish:1.0
discus:1.0
certainli:1.0
will:1.0
either:1.0
mail:1.0
post:1.0
atheist:1.0
libertarian:1.0
pro:1.6931471805599454
individu:1.0
respons:1.0
jr:1.0
jazz:1.0
