subject:1.0
gospel:1.0
date:1.6931471805599454
p00261:1.0
psilink:1.6931471805599454
com:1.0
robert:1.0
knowl:1.0
organ:1.0
kupajava:1.0
east:1.0
krakatoa:1.0
repli:1.0
1993apr5:1.6931471805599454
163050:1.0
13308:1.0
wam:2.386294361119891
umd:2.386294361119891
edu:2.791759469228055
nntp:1.0
post:1.0
host:1.0
127:1.0
0:1.6931471805599454
1:1.0
x:1.0
mailer:1.0
do:1.0
3:1.6931471805599454
line:1.0
22:1.0
mon:1.0
5:1.0
apr:1.0
1993:1.0
16:1.0
30:1.0
50:1.0
gmt:1.0
stilgar:1.6931471805599454
west:1.6931471805599454
next02cvil:1.6931471805599454
articl:1.6931471805599454
kmr4:1.6931471805599454
1422:1.0
733983061:1.0
po:1.6931471805599454
cwru:1.6931471805599454
keith:1.0
ryan:1.0
write:1.6931471805599454
025924:1.0
11361:1.0
illiad:1.0
undisput:1.0
word:1.0
god:1.0
tm:1.0
prove:1.0
wrong:2.09861228866811
ti:2.09861228866811
disput:1.6931471805599454
tergo:1.6931471805599454
counter:2.386294361119891
exampl:2.09861228866811
proven:1.0
right:1.0
nanni:1.6931471805599454
boo:1.6931471805599454
tbbbbbbbtttttthhhhh:1.0
t8:1.0
p:1.0
look:1.0
like:1.0
seriou:1.0
case:1.0
temporari:1.0
islam:1.0
