livesey:2.386294361119891
solntz:2.09861228866811
wpd:2.09861228866811
sgi:2.6094379124341005
com:2.386294361119891
jon:2.386294361119891
subject:1.0
jew:2.09861228866811
hide:1.0
keith:1.0
cco:1.0
organ:1.0
line:1.0
36:1.0
nntp:1.0
post:1.6931471805599454
host:1.0
articl:2.09861228866811
1993apr3:1.6931471805599454
071823:1.0
13253:1.0
bmerh85:1.6931471805599454
bnr:2.386294361119891
ca:2.386294361119891
dgraham:1.6931471805599454
bmers30:1.6931471805599454
dougla:1.6931471805599454
graham:1.6931471805599454
write:2.09861228866811
1pj2b6:1.0
aaa:1.0
fido:1.0
asd:1.0
033446:1.0
10669:1.0
er:1.0
ken:2.386294361119891
said:1.0
previous:1.6931471805599454
peopl:2.09861228866811
like:2.386294361119891
countri:1.0
unfortun:1.0
surviv:1.0
sure:1.0
sound:1.0
accus:2.386294361119891
guy:1.6931471805599454
nazi:2.386294361119891
previou:1.0
delet:1.0
ye:1.6931471805599454
perfectli:1.6931471805599454
fine:1.0
rant:1.0
agre:1.0
complet:1.0
anyth:1.0
issu:1.0
hand:1.6931471805599454
whether:1.0
fellow:1.0
germani:1.6931471805599454
grant:1.0
explic:1.0
make:1.0
came:1.0
pretti:1.0
damn:1.0
close:1.0
certainli:1.0
sympath:1.0
would:1.6931471805599454
extermin:1.0
good:1.0
enough:1.0
poster:1.0
casual:1.6931471805599454
trash:1.0
two:1.0
thousand:1.0
year:1.0
jewish:1.0
histori:1.0
repli:1.0
right:1.0
also:1.0
formal:1.0
parti:1.0
gone:1.0
nowher:1.0
without:1.0
activ:1.0
tacit:1.0
support:1.0
ordinari:1.0
man:1.0
street:1.0
behav:1.0
though:1.0
anti:1.0
semit:1.0
accept:1.0
exactli:1.0
understand:1.0
wrote:1.0
see:1.0
matter:1.0
