wupost:1.0
uunet:1.0
olivea:1.0
sgigat:1.0
sgi:2.6094379124341005
fido:1.0
solntz:2.09861228866811
wpd:2.09861228866811
com:2.09861228866811
livesey:2.09861228866811
subject:1.0
pompou:1.0
as:1.0
jon:1.6931471805599454
93089:1.0
050046mvs104:1.0
psuvm:1.0
psu:1.0
edu:2.9459101490553135
1pa6ntinns5d:1.0
gap:2.386294361119891
caltech:2.386294361119891
1993mar30:1.0
210423:1.0
1302:1.0
bmerh85:1.0
bnr:1.0
ca:1.0
1pcnqjinnpon:1.0
kmr4:1.6931471805599454
1344:1.0
733611641:1.0
po:1.6931471805599454
cwru:1.6931471805599454
1pi9btinnqa5:1.6931471805599454
calt:1.0
organ:1.0
nntp:1.0
post:1.0
host:1.0
line:1.0
20:1.0
articl:1.0
keith:2.09861228866811
cco:1.0
allan:1.0
schneider:1.0
write:1.6931471805599454
ryan:1.0
peopl:1.0
keep:1.0
ask:1.0
question:2.09861228866811
rare:1.0
ever:1.0
answer:2.6094379124341005
nope:1.0
pose:1.0
multipl:1.0
time:1.0
fifti:1.6931471805599454
dollar:1.6931471805599454
tshe:1.6931471805599454
big:1.6931471805599454
bang:1.6931471805599454
theori:1.6931471805599454
recip:1.0
cooki:1.0
plea:1.0
hey:1.0
say:1.0
would:1.0
make:1.0
sen:1.0
