suopanki:2.09861228866811
stekt6:1.0
oulu:1.6931471805599454
fi:1.6931471805599454
heikki:1.6931471805599454
subject:1.0
visit:1.0
jehovah:1.0
wit:1.0
repli:1.6931471805599454
jbrown:1.6931471805599454
batman:2.09861228866811
bmd:2.09861228866811
trw:2.09861228866811
com:2.09861228866811
messag:1.0
5:1.6931471805599454
apr:1.6931471805599454
93:1.6931471805599454
11:1.6931471805599454
24:1.6931471805599454
30:1.6931471805599454
mst:1.6931471805599454
line:1.0
17:1.0
stekt:1.0
organ:1.0
unixversta:1.0
olutensin:1.0
finlandia:1.0
1993apr3:1.0
183519:1.0
14721:1.0
proxima:1.0
alt:1.0
za:1.0
1993apr5:1.0
112430:1.0
825:1.0
said:1.0
god:2.386294361119891
etern:2.386294361119891
b:1.6931471805599454
jesu:2.386294361119891
c:1.6931471805599454
therefor:2.09861228866811
work:1.0
logic:1.6931471805599454
mathemat:1.0
set:1.6931471805599454
thing:1.6931471805599454
subset:1.0
belong:1.0
everyth:1.0
alway:1.0
merced:1.6931471805599454
car:1.6931471805599454
girl:1.6931471805599454
