livesey:2.386294361119891
solntz:2.09861228866811
wpd:2.09861228866811
sgi:2.386294361119891
com:2.09861228866811
jon:2.09861228866811
subject:1.0
polit:1.0
atheist:1.0
organ:1.0
line:1.0
15:1.0
distribut:1.0
world:1.0
nntp:1.0
post:1.0
host:1.0
articl:1.0
930404:1.0
112127:1.0
2h6:1.0
rusnew:1.0
w165w:1.0
manti:1.6931471805599454
co:1.6931471805599454
uk:1.6931471805599454
mathew:1.6931471805599454
write:1.6931471805599454
mean:1.0
peopl:1.0
drive:1.0
accept:1.0
risk:2.09861228866811
contribut:1.0
tax:1.0
money:1.0
design:1.0
system:1.6931471805599454
minim:1.6931471805599454
eh:1.0
alreadi:1.0
car:2.09861228866811
driver:1.6931471805599454
want:1.0
use:1.0
call:1.6931471805599454
bicycl:1.0
train:1.0
buse:1.0
poor:1.0
matthew:1.0
million:1.0
poster:1.0
choos:1.0
non:1.0
owner:1.0
