livesey:1.6931471805599454
solntz:1.6931471805599454
wpd:1.6931471805599454
sgi:2.09861228866811
com:1.6931471805599454
jon:1.6931471805599454
subject:1.0
polit:1.0
atheist:1.0
organ:1.0
line:1.0
15:1.0
distribut:1.0
world:1.0
nntp:1.0
post:1.0
host:1.0
articl:1.6931471805599454
930404:1.0
111651:1.0
1k0:1.0
rusnew:1.0
w165w:1.0
manti:1.6931471805599454
co:1.6931471805599454
uk:1.6931471805599454
mathew:1.6931471805599454
write:1.6931471805599454
1993apr2:1.0
065230:1.0
18676:1.0
blaze:1.0
c:1.6931471805599454
jhu:1.6931471805599454
edu:1.6931471805599454
arromde:1.6931471805599454
jyusenky:1.0
ken:1.0
automobil:1.0
system:1.6931471805599454
kill:2.09861228866811
non:1.0
drive:1.6931471805599454
passeng:1.0
mention:1.0
pedestrian:1.0
need:1.0
even:1.0
use:1.0
car:2.09861228866811
one:1.0
inde:1.0
far:1.0
public:1.0
transport:1.0
would:1.6931471805599454
therefor:1.0
entir:1.0
favour:1.0
ban:1.0
privat:1.0
replac:1.0
train:1.0
buse:1.0
taxi:1.0
bicycl:1.0
second:1.0
cycl:1.0
work:1.0
day:1.0
could:1.0
get:1.0
damn:1.0
cretin:1.0
driver:1.0
road:1.0
lot:1.0
fun:1.0
