livesey:1.6931471805599454
solntz:1.6931471805599454
wpd:1.6931471805599454
sgi:2.09861228866811
com:2.791759469228055
jon:1.6931471805599454
subject:1.0
omnipot:2.9459101490553135
specul:1.0
organ:1.0
line:1.0
35:1.0
nntp:1.0
post:1.6931471805599454
host:1.0
articl:1.6931471805599454
1993apr5:1.0
171143:1.0
828:1.0
batman:1.6931471805599454
bmd:1.6931471805599454
trw:1.6931471805599454
jbrown:1.0
write:1.6931471805599454
2942949719:1.0
2:1.6931471805599454
p00261:1.6931471805599454
psilink:1.6931471805599454
robert:1.0
knowl:1.0
date:1.0
fri:1.0
apr:1.0
1993:1.0
23:1.0
02:1.0
22:1.0
0500:1.0
nanci:1.0
ann:1.0
miller:1.0
nm0w:1.0
andrew:1.0
cmu:1.0
edu:1.0
3:1.0
god:2.09861228866811
uncreat:1.0
would:1.6931471805599454
violat:1.0
natur:1.6931471805599454
exist:2.6094379124341005
statement:1.0
inher:1.0
mention:1.0
must:1.6931471805599454
mean:2.09861228866811
abl:1.6931471805599454
anyth:1.6931471805599454
everyth:1.6931471805599454
creat:1.0
self:1.0
contradictori:1.0
definit:1.0
effect:1.6931471805599454
useless:1.0
descript:1.0
power:2.09861228866811
let:1.0
illustr:1.0
analog:1.0
suppos:1.6931471805599454
unit:1.0
state:1.0
nuclear:1.0
earth:1.0
u:2.386294361119891
militari:1.0
could:1.0
counter:1.0
nation:1.6931471805599454
group:1.0
go:1.0
countri:1.0
time:1.0
reason:1.0
straighten:1.0
thing:1.0
leader:1.0
see:1.0
fit:1.0
militarili:1.0
check:1.0
afghan:1.0
might:1.0
disagre:1.0
