qpliu:2.09861228866811
erni:1.6931471805599454
princeton:2.6094379124341005
edu:2.386294361119891
q:1.0
p:1.0
liu:1.0
subject:1.0
visit:1.0
jehovah:1.0
wit:1.0
origin:1.0
news:1.0
nimast:1.0
nntp:1.0
post:1.0
host:1.0
repli:1.0
organ:1.0
univers:1.0
line:1.0
34:1.0
articl:1.6931471805599454
1993apr5:1.0
091139:1.0
823:1.0
batman:1.6931471805599454
bmd:1.6931471805599454
trw:1.6931471805599454
com:1.6931471805599454
jbrown:1.0
write:1.6931471805599454
16ba5da01:1.0
i3150101:1.6931471805599454
dbstu1:1.6931471805599454
rz:1.6931471805599454
tu:1.6931471805599454
b:1.6931471805599454
de:1.6931471805599454
benedikt:1.0
rosenau:1.0
could:1.0
give:1.0
definit:1.0
free:2.09861228866811
especi:1.0
presenc:1.0
omnisci:1.0
self:1.6931471805599454
determin:1.6931471805599454
word:1.0
god:1.6931471805599454
creat:1.0
consciou:1.6931471805599454
be:1.6931471805599454
abil:1.0
choos:1.0
moral:1.0
choic:2.09861228866811
independ:1.0
therefor:1.0
hypothet:1.0
ignor:1.6931471805599454
influenc:1.0
circumst:1.0
genet:1.0
environ:1.0
experi:1.0
cours:1.0
idea:2.386294361119891
hell:2.791759469228055
make:1.6931471805599454
dubiou:1.0
hand:1.6931471805599454
power:1.0
parabl:1.0
main:1.0
charact:1.0
blah:2.791759469228055
one:1.0
day:1.0
thug:2.791759469228055
point:1.0
mean:1.0
look:1.0
gun:2.09861228866811
omc:2.791759469228055
said:1.0
say:1.0
blast:2.386294361119891
thought:1.0
believ:2.09861228866811
follow:2.09861228866811
instruct:2.09861228866811
given:1.6931471805599454
avoid:1.0
get:2.09861228866811
hmm:1.0
attract:1.0
obviou:1.6931471805599454
found:1.0
everyth:1.0
learn:1.0
made:1.0
appear:1.0
undesir:1.0
notic:1.0
real:1.0
threat:1.0
resum:1.0
standard:1.0
opinion:1.6931471805599454
delta:1.0
correl:1.0
