ingl:2.386294361119891
engin:2.386294361119891
umich:2.09861228866811
edu:2.09861228866811
ray:1.0
subject:1.0
must:1.6931471805599454
creator:1.0
mayb:1.0
organ:1.0
univers:1.6931471805599454
michigan:1.0
ann:1.0
arbor:1.0
line:1.0
51:1.0
distribut:1.0
world:1.0
nntp:1.0
post:2.09861228866811
host:1.0
syndicoot:1.0
articl:1.6931471805599454
1993apr2:1.6931471805599454
144909:1.0
806:1.0
batman:1.6931471805599454
bmd:1.6931471805599454
trw:1.6931471805599454
com:1.6931471805599454
jbrown:1.0
write:1.6931471805599454
165032:1.0
3356:1.0
bradford:1.6931471805599454
ac:1.6931471805599454
uk:1.6931471805599454
l:1.0
newnham:1.6931471805599454
leonard:1.0
delet:1.6931471805599454
argument:2.9459101490553135
incredul:2.6094379124341005
consid:1.6931471805599454
valid:1.6931471805599454
form:2.09861228866811
reason:2.9459101490553135
sinc:1.6931471805599454
mediev:1.6931471805599454
time:2.09861228866811
interest:1.0
mention:1.0
quit:1.0
agre:1.0
atheist:2.09861228866811
engag:1.0
read:1.0
state:1.0
see:2.6094379124341005
graciou:1.0
love:1.0
god:2.386294361119891
allow:1.0
evil:1.6931471805599454
suffer:1.0
occur:2.09861228866811
earth:1.0
simpli:1.6931471805599454
envis:1.0
true:1.0
know:1.0
present:2.09861228866811
inde:1.6931471805599454
howev:1.6931471805599454
seen:1.0
often:1.0
manner:1.0
usual:1.0
besid:1.0
ever:1.0
offer:1.6931471805599454
convinc:1.6931471805599454
explan:2.6094379124341005
moreov:1.0
unreason:1.0
ask:1.0
phenomenon:1.0
theism:2.6094379124341005
provid:1.0
favor:1.6931471805599454
especi:1.0
differ:2.386294361119891
even:1.6931471805599454
adher:1.0
purportedli:1.0
give:1.0
far:1.6931471805599454
complex:1.0
motiv:1.0
action:1.6931471805599454
non:1.0
fix:1.0
whenev:1.0
yet:1.0
rank:1.0
high:1.0
among:1.0
gener:1.0
reject:1.0
particular:1.0
christian:1.0
im:1.0
experi:1.6931471805599454
common:1.0
lack:1.0
evid:1.0
mileag:1.0
may:1.0
vari:1.0
seem:1.0
bane:1.0
human:1.0
ration:1.0
wit:1.0
easier:1.0
logic:1.0
fallaci:1.0
inept:1.0
part:1.0
one:1.6931471805599454
oppon:1.0
oneself:1.0
oh:1.0
heck:1.0
snide:1.0
also:1.0
fairli:1.0
easi:1.0
attack:1.0
made:1.0
e:1.0
strawman:1.0
man:1.0
wisdom:1.0
put:1.0
take:1.0
log:1.0
eye:1.6931471805599454
tri:1.0
remov:1.0
splinter:1.0
neighbor:1.0
sage:1.0
advic:1.0
sincer:1.0
raymond:1.0
appl:1.0
everi:1.0
eight:1.0
hour:1.0
keep:1.0
three:1.0
doctor:1.0
away:1.0
b:1.0
kliban:1.0
