livesey:1.6931471805599454
solntz:1.6931471805599454
wpd:1.6931471805599454
sgi:2.09861228866811
com:1.6931471805599454
jon:1.6931471805599454
subject:1.0
islam:1.6931471805599454
dress:1.0
code:1.0
woman:2.09861228866811
organ:1.0
line:1.0
12:1.0
distribut:1.0
world:1.0
nntp:1.0
post:1.0
host:1.0
articl:1.0
1993apr6:1.0
030734:1.0
28563:1.0
ennew:1.0
ea:1.6931471805599454
asu:1.6931471805599454
edu:1.6931471805599454
guncer:1.6931471805599454
enuxha:1.0
selim:1.0
write:1.0
consid:1.6931471805599454
quot:1.0
exemplari:1.0
tm:1.0
viewpoint:1.0
though:1.0
know:1.0
prophet:1.0
cousin:1.0
fourth:1.0
khalif:1.0
hazret:1.0
ali:1.0
may:1.0
said:1.0
frustrat:1.6931471805599454
night:1.6931471805599454
interest:1.0
wonder:1.0
reaction:1.0
record:1.0
man:1.0
import:1.0
