mathew:2.09861228866811
manti:1.6931471805599454
co:1.0
uk:1.6931471805599454
subject:1.0
visit:1.0
jehovah:1.0
wit:1.0
organ:1.0
consult:1.0
cambridg:1.0
x:1.0
newsread:1.0
rusnew:1.0
v1:1.0
01:1.0
line:1.0
37:1.0
suopanki:1.0
stekt:1.0
oulu:1.0
fi:1.0
write:1.6931471805599454
5:1.0
apr:1.0
93:1.0
11:1.0
24:1.0
30:1.0
mst:1.0
jbrown:1.0
batman:1.0
bmd:1.0
trw:1.0
com:1.0
said:1.0
god:2.386294361119891
etern:2.386294361119891
b:1.6931471805599454
jesu:2.386294361119891
c:1.6931471805599454
therefor:2.6094379124341005
work:1.0
logic:2.09861228866811
mathemat:1.0
set:1.6931471805599454
thing:2.09861228866811
subset:1.0
belong:1.0
everyth:1.0
alway:1.0
merced:2.791759469228055
car:2.791759469228055
girl:2.791759469228055
unfortun:1.0
phrase:1.0
ambigu:1.0
care:1.0
least:1.6931471805599454
two:1.0
possibl:1.6931471805599454
first:1.6931471805599454
call:2.386294361119891
entir:1.0
valid:2.09861228866811
piec:1.0
deduct:1.0
sound:1.6931471805599454
statement:1.0
fals:1.0
similarli:1.0
would:1.0
hold:1.0
jim:1.0
exampl:1.0
anoth:1.0
interpret:1.0
wrote:1.0
exist:1.0
one:1.0
