gmiller:1.0
worldbank:1.6931471805599454
org:1.6931471805599454
gene:1.6931471805599454
c:1.0
miller:1.0
subject:1.0
radic:1.0
agnost:1.0
organ:1.0
line:1.0
37:1.0
articl:1.0
1993apr6:1.0
013657:1.0
5691:1.0
cnsvax:1.6931471805599454
uwec:1.6931471805599454
edu:1.6931471805599454
nyeda:1.0
david:1.0
nye:1.0
wrote:1.0
repli:1.0
zazen:1.0
austin:1.0
ibm:1.0
com:1.0
e:1.0
h:1.0
welbon:1.0
mean:2.09861228866811
possibl:1.0
think:1.6931471805599454
prove:1.0
beyond:1.0
doubt:1.0
god:2.6094379124341005
exist:2.386294361119891
anyon:1.0
one:1.6931471805599454
tell:1.0
therefor:1.0
lack:1.6931471805599454
abil:1.0
absolut:1.0
proof:1.0
atheist:1.6931471805599454
becom:1.6931471805599454
act:1.0
faith:2.6094379124341005
accept:2.386294361119891
noth:1.0
blind:1.6931471805599454
invis:1.0
pink:1.0
fli:1.0
unicorn:1.0
need:1.6931471805599454
say:1.6931471805599454
harbor:1.0
belief:2.09861228866811
good:1.0
evid:2.09861228866811
folk:1.0
call:1.0
agnostic:1.0
suffer:1.0
worri:1.0
happi:1.0
mani:1.0
secondari:1.0
epistemolog:1.0
consider:1.0
reliabl:1.6931471805599454
way:1.6931471805599454
know:2.791759469228055
known:1.0
valid:1.0
logic:1.6931471805599454
argument:1.0
empir:1.6931471805599454
philosoph:1.6931471805599454
theologian:1.0
agre:1.0
idea:1.0
must:1.6931471805599454
without:1.0
sound:1.0
basi:1.0
could:1.0
expand:1.0
definit:1.0
seem:1.0
bit:1.0
monolith:1.0
sure:1.0
intend:1.0
exampl:1.0
distinguish:1.0
2:2.386294361119891
plu:1.6931471805599454
equal:1.6931471805599454
4:1.6931471805599454
appl:2.09861228866811
french:1.0
jerri:1.0
lewi:1.0
auteur:1.0
socrat:1.0
said:1.0
patent:1.0
absurd:2.09861228866811
whoever:1.0
wish:1.0
learn:1.6931471805599454
frighten:1.0
bertrand:1.0
russel:1.0
like:1.0
epigraph:1.0
perhap:1.0
issu:1.0
merit:1.0
explor:1.0
