subject:1.6931471805599454
contradict:1.6931471805599454
kmr4:1.0
po:1.0
cwru:1.6931471805599454
edu:2.09861228866811
keith:1.0
ryan:1.0
organ:1.0
case:1.0
western:1.0
reserv:1.0
univers:3.4849066497880004
nntp:1.0
post:1.0
host:1.0
b64635:1.0
student:1.0
line:1.0
49:1.0
articl:1.0
c52oy:1.0
2clj:1.0
austin:1.6931471805599454
ibm:1.6931471805599454
com:1.6931471805599454
yoder:1.6931471805599454
stuart:1.0
r:1.0
write:1.0
would:2.09861228866811
theist:1.0
understand:1.0
insid:2.791759469228055
outsid:2.6094379124341005
two:1.0
differ:1.0
place:1.0
put:1.6931471805599454
god:3.0794415416798357
subtract:1.0
abil:1.6931471805599454
interact:2.386294361119891
impos:1.0
rule:1.6931471805599454
physic:2.386294361119891
1:2.791759469228055
2:3.0794415416798357
thing:1.0
3:1.6931471805599454
therefor:1.6931471805599454
basi:1.6931471805599454
whatsoev:1.6931471805599454
seem:1.0
posit:1.0
knowledg:1.0
corrallari:1.6931471805599454
tthe:1.0
negat:1.6931471805599454
contridict:1.0
although:1.0
complet:1.0
model:1.0
govern:1.0
expect:1.0
contradictori:1.0
event:1.0
like:1.0
destroy:1.0
fabric:1.0
modern:1.0
hand:1.0
notion:1.0
omnipot:1.0
omnisci:1.0
infinit:1.0
benevol:1.0
law:1.0
attempt:1.0
explain:1.0
away:1.0
describ:1.0
beyond:2.386294361119891
measur:2.9459101490553135
mean:1.6931471805599454
effect:2.09861228866811
realiti:2.09861228866811
ergo:1.0
irrelev:1.0
satan:1.0
angel:1.0
freewil:1.0
tell:1.0
n:1.0
mozumd:1.0
snm6394:1.0
ultb:1.0
isc:1.0
rit:1.0
