bcash:1.0
crchh410:1.6931471805599454
nosubdomain:1.0
nodomain:1.0
brian:1.6931471805599454
cash:1.0
subject:1.0
thought:1.0
nntp:1.0
post:1.0
host:1.0
organ:1.0
bnr:1.0
inc:1.0
line:1.0
4:1.0
sold:1.0
sign:1.0
next:1.0
book:1.0
charl:1.0
manson:1.0
lord:1.0
lunat:1.0
liar:1.0
