a137490:1.6931471805599454
lehtori:1.0
cc:2.09861228866811
tut:2.09861228866811
fi:2.09861228866811
aario:1.6931471805599454
sami:1.6931471805599454
subject:1.0
genocid:1.0
caus:1.0
atheism:1.6931471805599454
organ:1.0
tamper:1.0
univers:1.0
technolog:1.0
comput:1.0
centr:1.0
line:1.0
48:1.0
distribut:1.0
sfnet:1.0
nntp:1.0
post:1.0
host:1.0
1993apr9:1.0
154316:1.0
19778:1.0
ultb:1.6931471805599454
isc:1.6931471805599454
rit:1.6931471805599454
edu:2.386294361119891
snm6394:1.0
n:1.0
mozumd:1.0
write:1.6931471805599454
articl:1.0
kmr4:1.6931471805599454
1483:1.0
734243128:1.0
po:1.6931471805599454
cwru:1.6931471805599454
keith:1.0
ryan:1.0
tif:1.0
state:1.6931471805599454
know:1.0
green:2.09861228866811
marbl:2.386294361119891
close:1.0
box:1.0
never:1.0
seen:1.0
evid:2.09861228866811
exist:2.09861228866811
would:1.0
guilti:1.0
deceit:1.6931471805599454
even:1.0
fact:2.386294361119891
insid:1.6931471805599454
tthe:1.0
question:1.6931471805599454
whether:1.0
irrelev:1.0
go:2.09861228866811
ahead:1.0
play:1.0
love:2.09861228866811
wish:1.0
could:1.0
fit:1.0
sig:1.0
file:1.0
someon:1.6931471805599454
keep:1.0
list:1.0
bobbi:1.0
quot:1.0
sure:1.0
includ:1.0
one:1.6931471805599454
tstate:1.0
unproven:2.09861228866811
opinion:2.386294361119891
knowingli:1.0
deciet:1.0
falsehood:1.0
lie:1.0
think:2.386294361119891
said:1.0
someth:1.6931471805599454
accept:1.6931471805599454
right:1.6931471805599454
flat:2.09861228866811
earther:2.09861228866811
earth:1.0
round:1.0
better:1.0
although:1.0
prove:2.09861228866811
god:2.386294361119891
argument:1.0
use:1.0
support:1.0
weak:1.0
often:1.0
self:1.0
contradictori:1.0
believ:2.09861228866811
unless:1.0
come:1.0
give:1.0
reason:1.0
absolut:1.0
ignor:1.0
ago:1.0
read:1.0
interest:1.0
book:1.0
fellow:1.6931471805599454
call:1.6931471805599454
von:1.0
daenicken:1.0
wildest:1.0
thing:1.0
last:1.0
page:1.0
wrote:1.0
like:1.0
certainli:1.0
base:1.0
proof:1.0
realli:1.6931471805599454
stuff:1.0
old:1.0
myth:1.0
circumstanci:1.0
far:1.0
made:1.0
kill:1.0
anyon:1.0
regard:1.0
quit:1.0
agreeabl:1.0
see:1.0
measur:1.0
atom:1.6931471805599454
yet:1.0
explod:1.0
sunlight:1.0
compris:1.0
mani:1.0
stupid:2.09861228866811
mind:1.0
ero:1.6931471805599454
plan:1.0
9:1.0
outer:1.0
space:1.0
disclaim:1.0
agre:1.0
