sieferm:1.0
stein:1.6931471805599454
u:1.6931471805599454
washington:2.09861228866811
edu:2.386294361119891
eric:1.0
sieferman:1.0
subject:1.0
thought:1.0
organ:1.0
univers:1.0
seattl:1.0
line:1.0
75:1.0
nntp:1.0
post:1.0
host:1.0
keyword:1.0
dan:2.09861228866811
bissel:1.6931471805599454
articl:1.0
bissda:1.6931471805599454
4:1.0
734849678:1.0
saturn:1.6931471805599454
wwc:1.6931471805599454
lawrenc:1.0
write:2.09861228866811
appear:1.0
walla:1.6931471805599454
colleg:1.6931471805599454
fill:1.6931471805599454
role:1.0
alt:1.6931471805599454
atheist:1.0
allegheni:1.0
fan:1.0
quayl:1.0
tfirst:1.0
want:1.0
start:1.0
right:1.6931471805599454
say:2.09861228866811
christian:2.09861228866811
make:1.6931471805599454
sen:1.0
one:1.0
read:1.0
toni:1.0
campollo:1.0
book:2.6094379124341005
liar:2.6094379124341005
lunat:2.09861228866811
real:1.6931471805599454
thing:2.09861228866811
might:1.0
littl:1.0
titl:1.0
anyway:1.0
part:1.0
effort:1.6931471805599454
destroy:2.09861228866811
process:1.0
becam:1.0
convert:1.0
xtianiti:2.09861228866811
tendenc:1.0
excess:1.0
darken:1.0
pre:1.0
xtian:2.09861228866811
past:1.0
frequent:1.0
fals:1.0
anyon:2.09861228866811
embark:1.0
suffer:1.0
deep:1.0
megalomania:1.0
defect:1.0
cure:1.0
religi:1.6931471805599454
convers:1.0
tthe:1.6931471805599454
arguement:1.0
use:1.6931471805599454
sum:1.0
whether:1.0
jesu:2.09861228866811
god:1.6931471805599454
know:1.0
mani:2.9459101490553135
believ:1.6931471805599454
listen:1.6931471805599454
differ:2.09861228866811
perspect:2.09861228866811
someth:1.0
gain:1.0
other:1.0
bwahahahahahahahah:1.0
either:1.0
crazi:2.09861228866811
modern:1.0
day:1.6931471805599454
koresh:1.6931471805599454
actual:1.0
said:1.0
sigh:1.0
perhap:2.09861228866811
big:1.0
j:1.0
mistaken:1.0
claim:1.0
normal:1.0
insight:1.0
statement:1.0
attribut:1.0
made:1.0
put:1.0
mouth:1.0
later:1.0
author:1.0
possibl:1.6931471805599454
abound:1.0
sure:1.0
someon:2.09861228866811
serious:1.0
examin:1.6931471805599454
question:2.09861228866811
could:1.0
come:1.0
decent:1.0
list:1.0
altern:1.0
unless:1.6931471805599454
task:1.0
seriou:1.0
much:1.0
le:1.0
rather:1.0
salesmanship:1.0
tsome:1.6931471805599454
reason:1.0
follow:1.0
would:1.6931471805599454
die:2.386294361119891
lie:1.0
german:1.0
nazism:1.0
russian:1.0
name:1.0
proletarian:1.0
dictatorship:1.0
american:1.0
world:1.0
safe:1.0
democraci:1.0
silli:1.0
peopl:2.386294361119891
abl:1.0
tell:1.0
gather:1.6931471805599454
around:1.0
kept:1.0
hear:1.0
see:1.6931471805599454
heal:2.09861228866811
call:1.0
fool:1.6931471805599454
everyon:1.0
perform:1.0
tniether:1.0
entir:1.6931471805599454
nation:1.6931471805599454
drawn:1.6931471805599454
probabl:1.0
hard:1.0
draw:1.0
doubt:1.0
fact:1.0
redicul:1.0
exampl:1.0
david:1.0
obvious:1.0
logic:1.6931471805599454
away:1.0
ttherefor:1.0
sinc:1.0
must:1.0
convinc:1.0
laughabl:1.0
deserv:1.0
note:1.0
fulfil:1.6931471805599454
load:1.0
propheci:1.6931471805599454
psalm:1.0
isaiah:1.6931471805599454
elsewher:1.0
24:1.0
hr:1.0
alon:1.0
betray:1.0
crucifixion:1.0
bibl:1.0
moment:1.0
next:1.0
time:1.0
bother:1.0
eye:1.0
apologist:1.0
distort:1.0
mean:1.0
ot:1.0
