jaeger:2.386294361119891
buphi:1.6931471805599454
bu:2.09861228866811
edu:2.6094379124341005
gregg:2.09861228866811
subject:1.0
inimit:1.0
rushdi:2.09861228866811
organ:1.0
boston:1.0
univers:1.0
physic:1.0
depart:1.0
line:1.0
31:1.0
articl:1.6931471805599454
2bcc892b:1.0
21864:1.0
ic:1.6931471805599454
uci:1.6931471805599454
bvicker:1.0
brett:1.0
j:1.0
vicker:1.0
write:1.6931471805599454
115290:1.0
well:1.6931471805599454
see:1.0
muslim:2.386294361119891
sort:1.0
fatwa:1.6931471805599454
issu:2.386294361119891
khomeini:2.09861228866811
would:2.09861228866811
relev:2.386294361119891
understand:1.0
fear:1.0
persecut:1.0
share:1.0
even:1.0
howev:1.0
behavior:1.6931471805599454
complet:1.0
excus:2.386294361119891
anyon:2.09861228866811
live:1.0
iran:1.0
honest:1.0
learn:1.0
scholar:1.0
islam:2.09861228866811
contrari:1.0
law:1.6931471805599454
requir:1.0
respect:1.0
decid:1.0
whether:1.0
suffici:1.0
vers:1.0
capabl:1.0
reason:1.0
talk:1.0
weak:1.0
sen:1.6931471805599454
depend:1.0
mind:1.0
care:2.386294361119891
think:1.6931471805599454
inexcus:1.0
someon:1.0
opinion:1.0
import:1.0
obvious:1.6931471805599454
