healta:1.0
saturn:1.0
wwc:1.0
edu:2.9459101490553135
tammi:1.6931471805599454
r:1.0
heali:1.0
subject:1.6931471805599454
note:1.6931471805599454
bobbi:1.6931471805599454
line:1.6931471805599454
52:1.6931471805599454
organ:1.0
walla:1.6931471805599454
colleg:1.0
articl:2.09861228866811
1993apr14:1.6931471805599454
190904:1.0
21222:1.0
daffi:1.0
c:2.09861228866811
wisc:2.09861228866811
mccullou:1.6931471805599454
snake2:1.6931471805599454
mark:2.09861228866811
mccullough:1.6931471805599454
write:2.09861228866811
date:1.0
wed:1.0
14:1.0
apr:1.0
1993:1.0
19:1.0
09:1.0
04:1.0
gmt:1.0
131548:1.0
15938:1.0
monu6:1.0
cc:2.09861228866811
monash:2.09861228866811
au:2.09861228866811
daric:1.6931471805599454
yoyo:1.6931471805599454
fred:1.6931471805599454
rice:2.791759469228055
madhausc5ckip:1.0
21h:1.0
netcom:1.6931471805599454
com:1.6931471805599454
madhau:1.0
maddi:1.0
hausmann:1.0
much:1.0
realli:1.0
know:2.386294361119891
vegetarian:2.9459101490553135
diet:2.386294361119891
problem:1.6931471805599454
b:1.0
vitamin:2.09861228866811
balanc:1.0
protein:1.0
also:1.6931471805599454
one:2.386294361119891
obtain:1.0
non:1.0
anim:2.386294361119891
product:2.386294361119891
concern:1.0
vegan:2.386294361119891
eat:2.09861228866811
meat:1.0
dairi:1.6931471805599454
egg:2.386294361119891
believ:1.0
b12:3.4849066497880004
supplement:2.386294361119891
avail:1.0
ye:1.6931471805599454
come:1.6931471805599454
ovo:1.0
lacto:1.6931471805599454
issu:1.6931471805599454
see:1.0
origin:1.0
post:1.6931471805599454
consid:1.6931471805599454
sever:1.0
close:1.0
friend:1.0
devout:1.0
take:1.6931471805599454
think:1.6931471805599454
long:1.0
time:1.0
sinc:1.0
read:1.0
saw:1.0
talk:1.0
special:1.0
dietari:1.0
need:2.386294361119891
quot:1.0
full:1.0
number:1.0
nice:1.0
place:1.6931471805599454
whole:1.6931471805599454
grain:1.6931471805599454
understand:1.0
brand:1.0
australia:1.0
sure:1.6931471805599454
get:2.09861228866811
tablet:1.0
enrich:1.0
type:1.0
basic:1.0
soybean:1.0
almost:1.0
everyth:1.0
heard:1.0
thought:1.0
contribut:1.6931471805599454
differ:1.0
norm:1.0
program:1.0
thread:1.0
earlier:1.0
2:1.6931471805599454
taht:1.0
e:1.0
milk:1.6931471805599454
chees:1.0
etc:1.0
3:1.6931471805599454
year:1.6931471805599454
start:1.0
found:1.0
acut:1.0
bodi:1.6931471805599454
make:1.0
use:1.0
oveo:1.0
like:1.0
still:1.0
anyon:1.0
plea:1.0
nearli:1.0
contridict:1.0
mish:1.0
mash:1.0
knowledg:1.0
glean:1.0
