healta:2.09861228866811
saturn:2.09861228866811
wwc:2.09861228866811
edu:2.791759469228055
tammi:2.386294361119891
r:1.6931471805599454
heali:1.6931471805599454
subject:1.6931471805599454
judg:1.6931471805599454
bobbi:2.386294361119891
line:1.6931471805599454
38:1.6931471805599454
organ:1.0
walla:1.6931471805599454
colleg:1.0
articl:1.6931471805599454
1993apr14:1.0
213356:1.0
22176:1.0
ultb:2.09861228866811
isc:2.09861228866811
rit:2.09861228866811
snm6394:1.6931471805599454
n:1.6931471805599454
mozumd:2.09861228866811
write:1.6931471805599454
date:1.0
wed:1.0
14:1.0
apr:1.0
1993:1.0
21:1.0
33:1.0
56:1.6931471805599454
gmt:1.0
734556346:1.0
would:1.0
like:2.09861228866811
take:1.0
liberti:1.0
quot:2.09861228866811
christian:1.0
writer:1.0
name:1.0
ellen:1.6931471805599454
g:1.0
white:1.6931471805599454
hope:1.6931471805599454
said:1.0
help:1.0
edit:1.0
remark:1.0
group:1.0
futur:1.0
set:1.6931471805599454
standard:1.0
make:1.6931471805599454
opinion:1.0
view:1.6931471805599454
duti:1.0
interpret:1.0
scriptur:1.0
criterion:1.0
other:1.0
heart:1.0
condemn:1.6931471805599454
come:1.0
ideal:1.0
thought:1.0
fromth:1.0
mount:1.0
bless:1.0
p:1.0
124:1.0
atheist:2.09861228866811
gag:1.0
think:1.0
put:1.0
better:1.0
could:1.0
point:1.6931471805599454
peac:1.0
way:1.0
believ:1.6931471805599454
say:1.0
eveil:1.0
world:1.0
caus:1.0
atheism:1.0
ridicul:1.0
counterproduct:1.0
dialogu:1.0
newsgroup:1.6931471805599454
see:1.0
post:1.0
spirit:1.0
bacaus:1.0
exactli:1.0
tri:1.0
convert:1.0
fail:1.0
miser:1.0
want:1.0
posit:1.0
constantli:1.0
defend:1.0
agaist:1.0
insult:1.0
attack:1.0
seem:1.6931471805599454
sorri:1.0
blind:1.0
get:1.0
messga:1.0
everyon:1.0
el:1.0
