livesey:2.386294361119891
solntz:2.09861228866811
wpd:2.09861228866811
sgi:2.386294361119891
com:2.09861228866811
jon:2.09861228866811
subject:1.0
moral:3.5649493574615367
polit:1.0
atheist:1.0
organ:2.09861228866811
line:1.6931471805599454
93:1.0
distribut:1.0
world:1.0
nntp:1.0
post:1.6931471805599454
host:1.0
articl:1.0
1qlettinn8oi:1.0
gap:1.0
caltech:1.6931471805599454
edu:1.6931471805599454
keith:1.6931471805599454
cco:1.0
allan:1.0
schneider:1.0
write:1.6931471805599454
explain:1.0
instinct:2.6094379124341005
act:2.386294361119891
happi:1.0
listen:1.0
exampl:1.6931471805599454
murder:2.09861228866811
would:2.09861228866811
signific:2.791759469228055
sinc:1.6931471805599454
noth:1.6931471805599454
voluntari:1.6931471805599454
see:1.0
go:1.0
say:2.6094379124341005
think:2.9459101490553135
forc:1.0
someth:1.0
respons:1.0
anyway:1.0
human:1.0
abil:1.0
disregard:1.0
well:1.0
make:1.0
mind:1.0
intellig:1.6931471805599454
be:1.6931471805599454
even:1.6931471805599454
bahavior:1.0
mimic:1.0
start:1.0
get:1.0
point:1.0
mimicri:1.0
necessarili:1.6931471805599454
action:1.0
imit:1.0
parrot:1.0
pretti:1.0
polli:1.6931471805599454
comment:1.0
pulchritud:1.0
attach:1.0
mani:2.09861228866811
thing:1.0
term:1.0
let:1.0
tri:2.09861228866811
good:1.0
anim:3.0794415416798357
speci:2.386294361119891
kill:2.791759469228055
right:2.09861228866811
correct:1.0
one:1.0
anoth:1.0
machin:1.0
either:1.0
wrong:1.0
sigh:1.0
wonder:1.0
time:1.0
round:1.0
loop:1.0
bahaviour:1.0
quit:1.0
prepar:1.0
believ:1.0
higher:1.0
primat:1.0
begin:1.0
sen:1.0
seem:2.09861228866811
exhibit:1.0
self:1.6931471805599454
awar:1.6931471805599454
could:1.0
arbitarili:1.0
poster:1.0
given:1.0
exactli:1.0
short:1.0
memori:1.0
arbitrari:1.0
slay:1.0
relat:1.0
sort:1.0
mate:1.0
ritual:1.0
whatnot:1.0
natur:1.0
enough:1.0
like:1.0
must:1.6931471805599454
possibl:1.6931471805599454
tjust:1.6931471805599454
peopl:1.6931471805599454
talk:1.6931471805599454
consid:2.09861228866811
altern:1.6931471805599454
repli:1.0
ye:1.0
still:1.0
understand:1.0
distinct:1.0
mean:1.6931471805599454
small:1.0
child:1.0
gorilla:1.0
dolphin:1.0
platypu:1.0
drawn:1.0
need:1.0
blind:1.0
sentenc:1.0
impli:1.0
call:1.0
mechan:1.0
prevent:1.0
arbitrarili:1.0
find:1.6931471805599454
fact:1.6931471805599454
