daric:2.09861228866811
yoyo:2.09861228866811
cc:2.386294361119891
monash:2.6094379124341005
edu:2.386294361119891
au:2.386294361119891
fred:2.09861228866811
rice:2.09861228866811
subject:1.0
islam:1.0
scientif:1.6931471805599454
predict:1.0
genocid:1.0
caus:1.0
atheism:1.0
organ:1.0
univers:1.0
melb:1.0
australia:1.0
line:1.0
41:1.0
16bb4c522:1.0
i3150101:1.6931471805599454
dbstu1:1.6931471805599454
rz:1.6931471805599454
tu:1.6931471805599454
b:1.6931471805599454
de:1.6931471805599454
benedikt:1.0
rosenau:1.0
write:1.6931471805599454
articl:1.0
1993apr17:1.0
122329:1.0
21438:1.0
monu6:1.0
god:1.6931471805599454
almighti:1.0
creat:1.6931471805599454
night:1.6931471805599454
day:1.6931471805599454
sun:1.6931471805599454
earth:1.6931471805599454
celeti:1.0
bodi:1.6931471805599454
swim:1.0
along:1.0
round:2.09861228866811
cours:1.6931471805599454
holi:1.0
quran:1.0
21:1.0
33:1.6931471805599454
hmm:1.0
agre:1.0
ptolem:1.0
system:1.0
centr:1.0
planet:1.0
orbit:1.6931471805599454
copernicu:1.0
gallileo:1.0
wrong:1.0
read:1.0
care:1.0
look:1.0
see:1.0
say:1.0
anyth:1.0
circl:1.6931471805599454
anyway:1.0
move:1.0
oop:1.0
sorri:1.0
word:1.6931471805599454
qur:2.386294361119891
evid:1.0
everyth:1.0
goe:1.0
around:1.0
gener:1.0
sen:1.0
wishi:1.0
washi:1.0
statement:1.0
note:1.6931471805599454
celesti:1.0
vers:2.386294361119891
interpol:1.0
bracket:1.0
translat:1.6931471805599454
incorrect:1.0
imho:1.0
interpret:1.0
mauric:1.6931471805599454
bucail:1.6931471805599454
studi:1.0
arab:1.0
research:1.0
scienc:1.0
one:1.0
moon:1.0
travel:1.0
motion:1.0
posit:1.0
aspect:1.0
dr:1.0
geocentr:1.6931471805599454
commonli:1.0
accept:1.0
notion:1.6931471805599454
time:1.6931471805599454
long:1.0
afterward:1.0
anywher:1.0
