daric:2.09861228866811
yoyo:2.09861228866811
cc:2.386294361119891
monash:2.6094379124341005
edu:2.386294361119891
au:2.386294361119891
fred:2.09861228866811
rice:2.6094379124341005
subject:1.0
islam:1.6931471805599454
genocid:1.0
organ:1.0
univers:1.0
melb:1.0
australia:1.0
line:1.6931471805599454
49:1.0
2943927496:1.0
1:1.0
p00261:2.386294361119891
psilink:2.386294361119891
com:2.386294361119891
robert:1.6931471805599454
knowl:1.6931471805599454
write:2.09861228866811
date:1.0
14:1.0
apr:1.0
1993:1.0
23:1.0
52:1.0
11:1.0
gmt:1.0
frank:1.6931471805599454
dwyer:1.0
d012s658:1.0
uucp:1.0
articl:1.0
1993apr14:1.0
102810:1.0
6059:1.0
monu6:1.0
borrow:1.0
post:1.0
mr:1.6931471805599454
2943656910:1.0
0:1.0
sure:1.0
democraci:3.1972245773362196
drive:1.0
forc:2.09861228866811
behind:1.0
massacr:2.09861228866811
east:2.791759469228055
timor:2.6094379124341005
certainli:1.0
odd:1.6931471805599454
mani:1.0
world:1.0
occur:1.0
along:1.0
religi:1.6931471805599454
independ:1.0
claim:1.6931471805599454
democrat:1.0
form:1.0
govern:2.386294361119891
ireland:1.6931471805599454
northern:1.0
consid:1.0
would:1.0
attribut:1.0
problem:1.0
even:1.6931471805599454
though:1.0
motiv:2.386294361119891
religion:1.6931471805599454
point:2.09861228866811
fallaci:1.0
assert:1.6931471805599454
evil:1.6931471805599454
follow:1.0
caus:1.0
read:1.0
right:1.0
use:1.0
indonesian:2.791759469228055
kill:1.0
timores:1.0
result:1.0
bit:1.6931471805599454
weak:1.0
much:1.6931471805599454
anyth:1.0
indonesia:2.6094379124341005
rememb:1.0
former:1.6931471805599454
portgues:1.0
territori:1.0
forcibl:1.0
annex:1.0
last:1.0
heard:1.0
10:1.0
000:1.0
die:1.0
tri:1.0
keep:1.0
part:1.0
portugues:1.0
coloni:1.0
strong:1.0
cathol:1.0
influenc:1.0
recal:1.0
seem:1.0
yet:1.0
anoth:1.0
war:1.0
fought:1.0
peopl:1.6931471805599454
happen:1.0
differ:1.0
pure:1.0
coincident:1.0
guess:1.0
real:1.0
get:1.0
vote:1.0
make:1.6931471805599454
work:1.0
secess:1.6931471805599454
movement:2.09861228866811
aceh:1.0
also:1.0
brutal:1.0
dealt:1.6931471805599454
past:1.0
harshli:1.6931471805599454
secessionist:1.0
evid:1.0
appear:1.0
know:1.0
head:1.6931471805599454
arm:1.6931471805599454
long:1.6931471805599454
time:1.6931471805599454
benni:1.0
murdani:1.6931471805599454
christian:1.0
heavi:1.0
hand:1.0
gener:1.0
nation:1.0
interest:1.0
one:1.0
