frank:2.6094379124341005
d012s658:2.09861228866811
uucp:1.6931471805599454
dwyer:2.09861228866811
subject:1.0
societ:2.6094379124341005
accept:2.09861228866811
behavior:2.09861228866811
organ:1.0
siemen:1.0
nixdorf:1.0
ag:1.0
line:1.0
87:1.0
nntp:1.0
post:1.0
host:1.0
ap:1.6931471805599454
mchp:1.6931471805599454
sni:1.6931471805599454
de:1.6931471805599454
articl:1.6931471805599454
c5r9at:1.0
asv:1.0
news:1.6931471805599454
cso:1.6931471805599454
uiuc:2.386294361119891
edu:2.386294361119891
cobb:2.386294361119891
alexia:1.6931471805599454
li:1.6931471805599454
mike:1.6931471805599454
write:2.09861228866811
1qvabj:1.0
g1j:1.0
horu:1.0
c5qgm3:1.0
dl8:1.0
make:2.09861228866811
wrong:1.0
assumpt:1.0
basi:1.6931471805599454
moral:3.1972245773362196
come:2.386294361119891
question:2.6094379124341005
came:1.0
idea:1.0
heard:1.0
whatev:1.6931471805599454
mandat:1.0
one:1.6931471805599454
aspect:1.0
necessarili:1.0
crude:1.0
broad:1.0
brush:1.0
stuff:1.0
attempt:1.0
deal:1.0
necessari:2.9459101490553135
keep:1.6931471805599454
societi:3.0794415416798357
go:1.0
often:2.6094379124341005
littl:1.6931471805599454
enthusiast:1.0
individu:1.0
differ:1.6931471805599454
thing:1.6931471805599454
includ:1.0
more:1.0
troubl:1.0
stronger:1.0
exampl:1.6931471805599454
peopl:2.6094379124341005
vegetarian:1.0
though:1.0
eat:1.6931471805599454
meat:1.6931471805599454
may:2.09861228866811
perfectli:1.0
legal:2.09861228866811
mere:1.0
ethic:1.0
1:1.0
depend:1.6931471805599454
help:1.0
point:1.0
irrelev:1.0
answer:1.6931471805599454
rule:1.6931471805599454
yet:1.0
anoth:1.0
claim:1.0
either:1.6931471805599454
think:1.0
well:1.6931471805599454
ireland:1.0
like:1.0
u:1.0
system:1.6931471805599454
least:1.0
principl:1.0
2:1.0
defin:1.6931471805599454
certain:1.0
see:1.6931471805599454
ideal:1.0
must:1.0
consensu:1.6931471805599454
imo:1.6931471805599454
3:1.0
posit:1.6931471805599454
adopt:1.0
default:1.0
decis:1.0
none:1.0
busi:1.0
put:1.0
jail:1.6931471805599454
condemn:1.0
sometim:1.0
hard:1.0
trick:1.0
recognis:1.0
equal:1.0
importantli:1.0
interf:1.0
truli:1.0
would:1.0
right:1.6931471805599454
interfer:2.6094379124341005
e:1.0
forc:1.6931471805599454
variou:1.0
kind:1.0
degre:1.0
effect:1.0
deriv:1.0
difficult:1.0
sort:1.0
liar:1.0
paradox:1.6931471805599454
freedom:2.386294361119891
possibl:1.0
justif:1.0
wish:1.6931471805599454
take:1.6931471805599454
away:1.6931471805599454
object:1.0
taken:1.0
aris:1.0
activ:1.0
way:1.0
anyon:1.0
introduct:1.0
permiss:1.0
caus:1.0
problem:1.0
much:1.0
seem:1.0
agre:1.0
level:1.0
need:1.0
justic:1.0
even:1.0
term:1.0
guess:1.0
thu:2.09861228866811
get:1.0
situat:1.0
law:1.6931471805599454
allow:1.0
honour:1.0
forbid:1.0
believ:1.0
admit:1.0
understand:1.0
statement:1.0
mean:1.0
also:1.0
seen:1.0
immor:1.0
let:1.6931471805599454
hatch:1.0
odwyer:1.0
sse:1.0
ie:1.0
hen:1.0
evelyn:1.0
conlon:1.0
