edm:1.6931471805599454
twisto:1.6931471805599454
compaq:2.09861228866811
com:1.6931471805599454
ed:1.6931471805599454
mccreari:1.6931471805599454
subject:1.0
thought:1.6931471805599454
repli:1.0
healta:2.09861228866811
saturn:2.09861228866811
wwc:2.09861228866811
edu:2.09861228866811
messag:1.0
fri:1.6931471805599454
16:1.6931471805599454
apr:1.6931471805599454
1993:1.6931471805599454
02:1.6931471805599454
51:1.6931471805599454
29:1.6931471805599454
gmt:1.6931471805599454
organ:1.0
comput:1.0
corp:1.0
145:1.0
734928689:1.0
line:1.0
47:1.0
tammi:1.0
r:1.0
heali:1.0
said:1.0
trh:1.6931471805599454
hope:1.0
go:1.0
flame:1.0
plea:1.0
give:1.0
coutesi:1.0
given:1.0
courteou:1.0
therefor:1.0
receiv:1.0
courtesi:1.0
return:1.0
person:1.0
instead:1.0
post:1.0
one:1.6931471805599454
worst:1.0
argument:2.386294361119891
ever:1.0
seen:1.0
made:1.0
pro:1.0
christian:1.0
peopl:2.386294361119891
known:1.0
sever:1.6931471805599454
jesuit:1.0
would:2.09861228866811
laugh:1.0
face:1.0
present:1.0
let:1.6931471805599454
ignor:1.0
fact:1.0
true:1.0
trilemma:1.0
moment:1.0
nice:1.0
word:1.6931471805599454
maddi:1.0
origin:1.0
real:1.0
concentr:1.0
liar:2.09861228866811
lunat:1.6931471805599454
part:1.0
claim:1.0
follow:2.386294361119891
alon:1.0
thousand:1.6931471805599454
look:2.09861228866811
l:1.0
ron:1.0
hubbard:1.0
probabl:1.0
think:1.6931471805599454
mostli:1.0
con:1.0
artist:1.0
mani:1.6931471805599454
dianet:1.0
scientolog:1.0
baker:1.0
swaggert:1.0
along:1.0
televangelist:1.0
lie:1.0
time:1.0
number:1.0
best:1.0
exampl:1.0
hitler:1.0
obvious:1.6931471805599454
insan:1.0
advisor:1.0
certainli:1.0
yet:1.0
whole:1.0
countri:1.0
entral:1.0
came:1.0
close:1.0
rule:1.0
europ:1.0
german:1.0
gave:1.0
live:1.0
day:1.0
amaz:1.0
still:1.0
tri:1.0
use:1.0
wrong:1.0
laughter:1.0
tao:1.0
