mathew:2.09861228866811
manti:1.6931471805599454
co:1.0
uk:1.6931471805599454
subject:1.0
koresh:1.6931471805599454
god:1.0
organ:1.0
consult:1.0
cambridg:1.0
x:1.0
newsread:1.0
rusnew:1.0
v1:1.0
01:1.0
line:1.0
5:1.0
latest:1.0
news:1.0
seem:1.0
give:1.0
finish:1.0
write:1.0
sequel:1.0
bibl:1.0
