healta:1.0
saturn:1.0
wwc:1.0
edu:1.0
tammi:1.6931471805599454
r:1.0
heali:1.6931471805599454
subject:1.6931471805599454
studi:2.386294361119891
book:2.6094379124341005
mormon:2.9459101490553135
line:1.6931471805599454
31:1.6931471805599454
organ:1.0
walla:1.6931471805599454
colleg:1.0
articl:1.0
735023059snx:1.0
enkidu:2.386294361119891
mic:2.386294361119891
cl:2.386294361119891
agrino:2.09861228866811
andr:2.09861228866811
grino:2.09861228866811
brandt:2.09861228866811
write:1.0
date:1.0
sun:1.0
18:1.0
apr:1.0
1993:1.0
14:1.0
15:1.0
33:1.0
cst:1.0
hi:1.0
know:1.6931471805599454
much:1.6931471805599454
want:1.0
seriou:1.0
independ:1.0
buy:1.0
offici:1.0
stori:1.0
gold:1.6931471805599454
origin:1.0
taken:1.0
heaven:1.0
read:1.6931471805599454
work:1.0
learn:1.0
biblic:1.6931471805599454
hebrew:1.6931471805599454
appreci:1.0
comment:1.0
result:1.0
style:1.0
vocabulari:1.0
place:1.6931471805599454
name:1.0
intern:1.0
consist:1.0
exampl:1.0
evid:1.0
one:1.0
writer:1.6931471805599454
multipl:1.0
mention:1.0
event:1.0
histor:1.0
person:1.0
later:1.0
discov:1.0
archeologist:1.0
collen:1.0
casilla:1.0
14801:1.0
santiago:1.0
21:1.0
chile:1.0
hay:1.0
ma:1.0
realidad:1.6931471805599454
que:1.0
la:1.6931471805599454
razon:1.0
e:1.0
su:1.0
profeta:1.0
think:1.0
supposedli:1.0
translat:1.0
prophet:1.0
joseph:1.0
smith:1.0
traslat:1.0
tablet:1.0
sort:1.0
egyptian:1.0
ish:1.0
languag:1.0
former:1.0
plea:1.0
post:1.0
trim:1.0
