sandvik:2.09861228866811
newton:1.6931471805599454
appl:1.6931471805599454
com:1.6931471805599454
kent:1.6931471805599454
subject:1.0
islam:1.0
author:1.0
woman:1.0
organ:1.0
cookamunga:1.0
tourist:1.0
bureau:1.0
line:1.0
21:1.0
articl:1.0
1993apr19:1.0
120352:1.0
1574:1.0
monu6:1.0
cc:1.6931471805599454
monash:1.6931471805599454
edu:1.6931471805599454
au:1.6931471805599454
daric:1.0
yoyo:1.0
fred:1.0
rice:1.0
wrote:1.0
problem:1.0
argument:1.0
know:1.6931471805599454
real:2.09861228866811
believ:2.09861228866811
may:1.0
fake:1.0
someth:2.09861228866811
known:1.0
person:1.6931471805599454
god:2.09861228866811
assumpt:1.0
anyon:1.0
claim:1.0
necessarili:1.0
true:1.6931471805599454
still:1.6931471805599454
leav:1.0
door:1.0
total:1.0
open:1.0
khomeini:1.6931471805599454
hussein:1.0
et:1.0
rest:1.0
could:1.0
consid:1.0
muslim:1.6931471805599454
judg:1.0
appli:1.0
rule:1.0
well:1.0
atheist:1.6931471805599454
agnost:1.0
belief:1.0
hoopla:1.6931471805599454
human:1.0
be:1.0
cheer:1.0
alink:1.0
ksand:1.0
privat:1.0
activ:1.0
net:1.0
