jaeger:2.386294361119891
buphi:1.6931471805599454
bu:2.09861228866811
edu:2.09861228866811
gregg:2.09861228866811
subject:1.0
inimit:1.0
rushdi:1.0
anecdot:1.0
islam:3.0794415416798357
distribut:1.0
world:2.09861228866811
public:1.0
organ:1.0
boston:1.0
univers:1.0
physic:1.6931471805599454
depart:1.0
line:1.0
40:1.0
articl:1.6931471805599454
1993apr15:1.0
163317:1.0
20805:1.0
c:1.6931471805599454
nott:1.6931471805599454
ac:1.6931471805599454
uk:2.6094379124341005
eczcaw:1.0
mip:1.0
wainwright:1.0
write:1.6931471805599454
115437:1.0
author:1.6931471805599454
refer:1.0
commun:1.6931471805599454
point:1.6931471805599454
simpli:1.0
law:3.0794415416798357
appli:1.0
muslim:1.6931471805599454
wherev:1.0
despit:1.6931471805599454
fact:1.6931471805599454
may:2.09861228866811
enforc:2.09861228866811
non:1.0
countri:2.09861228866811
resid:1.0
decid:1.6931471805599454
tri:1.6931471805599454
whatev:1.0
rule:1.6931471805599454
legal:1.6931471805599454
consequ:1.6931471805599454
isl:1.0
realli:1.0
decis:1.0
obviou:1.0
judgment:2.6094379124341005
distinct:1.0
make:1.6931471805599454
take:1.0
exampl:1.0
court:1.0
intern:1.0
recogn:1.0
tribun:1.0
whose:1.0
often:1.0
econom:1.0
effect:1.0
import:1.0
person:1.6931471805599454
excommun:1.0
similar:1.0
mete:1.0
violent:1.0
fatwa:1.0
would:1.6931471805599454
break:1.0
liabl:1.0
prosecut:1.0
cours:1.6931471805599454
read:1.0
thread:1.6931471805599454
post:1.0
ignor:1.0
prefer:1.0
religi:1.0
indigen:1.0
question:1.0
absurd:1.0
arrog:1.0
notion:1.0
sort:1.0
anarch:1.6931471805599454
explicitli:1.0
thank:1.0
well:1.0
reason:1.0
respons:1.0
besid:1.0
