william:1.6931471805599454
vaughan:1.6931471805599454
uuserv:1.0
cc:1.0
utah:1.6931471805599454
edu:2.791759469228055
daniel:1.0
subject:1.6931471805599454
silli:1.6931471805599454
question:1.6931471805599454
x:1.6931471805599454
tianiti:1.6931471805599454
line:1.0
9:1.0
organ:1.0
univers:1.0
comput:1.0
center:1.0
articl:1.6931471805599454
pww:2.09861228866811
120493020107:1.0
spac:1.0
at1:1.0
59:1.0
rice:2.09861228866811
spacsun:1.6931471805599454
peter:1.6931471805599454
walker:1.6931471805599454
write:1.0
date:1.0
mon:1.0
12:1.0
apr:1.0
1993:1.0
07:1.0
06:1.0
33:1.0
gmt:1.0
1qaqi1inngj:1.0
gap:1.0
caltech:1.6931471805599454
werdna:1.0
cco:1.0
andrew:1.0
tong:1.0
wrote:1.0
