healta:2.09861228866811
saturn:2.09861228866811
wwc:2.09861228866811
edu:2.09861228866811
tammi:2.09861228866811
r:1.6931471805599454
heali:1.6931471805599454
subject:1.6931471805599454
islam:1.6931471805599454
clearer:1.6931471805599454
view:1.6931471805599454
line:1.6931471805599454
25:1.6931471805599454
organ:1.0
walla:1.6931471805599454
colleg:1.0
articl:1.6931471805599454
16bafc876:1.0
i3150101:2.09861228866811
dbstu1:2.09861228866811
rz:2.09861228866811
tu:2.09861228866811
b:2.09861228866811
de:2.09861228866811
benedikt:2.09861228866811
rosenau:1.6931471805599454
write:1.6931471805599454
date:1.0
tue:1.0
13:1.6931471805599454
apr:1.0
1993:1.0
15:1.0
18:1.0
gmt:1.0
60:1.0
734567658:1.0
sorri:1.0
gener:1.0
accept:1.6931471805599454
rise:1.0
inquisit:1.0
reason:1.0
tortur:1.0
introduc:1.0
outsid:1.0
roman:1.6931471805599454
countri:1.0
end:1.0
middl:1.0
age:1.0
word:1.0
holi:1.6931471805599454
mother:1.0
church:2.09861228866811
lead:1.6931471805599454
infal:2.09861228866811
ghost:1.0
spread:1.0
cathol:1.0
claim:1.6931471805599454
pope:2.09861228866811
rc:1.0
done:1.0
mani:1.0
wick:1.0
thing:1.0
xtian:1.0
non:1.0
believ:1.0
alik:1.0
rational:1.0
speak:1.0
ex:1.0
cathedra:1.0
base:1.0
dogma:1.0
jesuit:1.0
origin:1.0
mid:1.0
last:1.0
centuri:1.0
right:1.0
thank:1.0
enlighten:1.0
