edm:1.6931471805599454
twisto:1.6931471805599454
compaq:2.09861228866811
com:1.6931471805599454
ed:1.6931471805599454
mccreari:1.6931471805599454
subject:1.0
go:2.09861228866811
hell:1.6931471805599454
repli:1.0
messag:1.0
fri:1.6931471805599454
16:1.6931471805599454
apr:1.6931471805599454
1993:1.6931471805599454
15:1.6931471805599454
50:1.6931471805599454
02:1.6931471805599454
edt:1.6931471805599454
organ:1.0
comput:1.0
corp:1.0
line:1.0
11:1.0
jsn104:1.0
psuvm:1.0
psu:1.0
edu:1.0
said:1.0
j:1.6931471805599454
blashephem:1.0
believ:1.0
god:1.0
prepar:1.0
etern:1.0
damnat:1.0
hmm:1.0
got:1.0
mst3k:1.0
lunch:1.0
box:1.0
travel:1.0
scrabbl:1.0
coupl:1.0
keg:1.0
bass:1.0
ale:1.0
set:1.0
let:1.0
everybodi:1.0
laughter:1.0
would:1.0
tao:1.0
