qpliu:2.386294361119891
phoenix:2.09861228866811
princeton:2.9459101490553135
edu:3.0794415416798357
q:1.6931471805599454
p:1.6931471805599454
liu:1.6931471805599454
subject:1.0
free:1.0
moral:1.0
agenc:1.0
origin:1.0
news:1.0
nimast:1.0
nntp:1.0
post:1.0
host:1.0
repli:1.0
organ:1.0
univers:1.0
line:1.0
26:1.0
articl:1.6931471805599454
kmr4:1.6931471805599454
1575:1.0
734879106:1.0
po:1.6931471805599454
cwru:1.6931471805599454
keith:1.0
ryan:1.0
write:1.6931471805599454
1993apr15:1.0
000406:1.0
10984:1.0
faith:2.386294361119891
gift:1.0
obedi:2.09861228866811
make:2.09861228866811
possibl:1.0
obey:2.6094379124341005
differ:1.6931471805599454
believ:2.791759469228055
ti:1.0
still:1.0
wonder:1.0
idea:1.0
written:2.386294361119891
wholli:1.0
babbl:2.386294361119891
user:1.0
guid:1.0
invis:2.6094379124341005
pink:2.6094379124341005
unicorn:2.6094379124341005
grant:1.6931471805599454
must:2.09861228866811
read:1.0
way:1.0
lead:1.0
essenti:1.0
bit:1.0
circular:1.0
reason:1.0
beg:1.0
question:1.0
standard:1.0
opinion:1.6931471805599454
delta:1.0
correl:1.0
