jenk:1.6931471805599454
microsoft:2.09861228866811
com:1.6931471805599454
jen:1.6931471805599454
kilmer:1.0
subject:1.0
sex:2.6094379124341005
educ:1.6931471805599454
organ:1.0
corpor:1.0
line:1.0
44:1.0
articl:1.6931471805599454
mar:1.6931471805599454
26:1.6931471805599454
02:1.6931471805599454
54:1.0
1993:1.6931471805599454
8940:1.0
atho:1.6931471805599454
rutger:1.6931471805599454
edu:2.386294361119891
swansond:1.0
nextnet:1.0
cc:1.0
csu:1.0
denni:1.0
swanson:1.0
write:1.6931471805599454
22:1.0
52:1.0
49:1.0
330:1.0
heath:1.6931471805599454
athena:1.0
c:1.0
uga:1.0
terranc:1.0
program:1.0
spend:1.6931471805599454
half:1.0
time:1.6931471805599454
talk:1.6931471805599454
absitin:1.0
find:1.0
peopl:1.0
object:2.09861228866811
actual:2.386294361119891
teach:1.0
anyth:1.6931471805599454
abstinencn:1.0
imo:1.0
irrespons:1.0
comdom:1.0
use:2.09861228866811
impress:1.6931471805599454
ed:1.6931471805599454
instructor:1.0
polici:1.0
maker:1.0
make:1.0
pas:1.0
refer:1.0
abstin:2.09861228866811
wish:1.0
realist:1.0
choic:1.0
portion:1.0
high:1.0
school:1.6931471805599454
health:1.0
cours:1.0
took:1.0
1984:1.0
100:1.0
posit:1.0
way:1.0
get:1.0
pregnant:1.0
method:1.6931471805599454
contracept:1.0
discus:1.0
framework:1.0
chart:1.6931471805599454
show:1.0
expect:1.6931471805599454
failur:2.386294361119891
rate:2.386294361119891
theoret:1.0
assum:1.0
mistak:1.0
base:1.0
research:1.0
top:2.09861228866811
someth:1.0
like:1.0
0:1.6931471805599454
nfp:1.0
natur:1.0
famili:1.0
plan:1.0
bottom:1.6931471805599454
teacher:1.0
even:1.6931471805599454
said:1.0
student:1.0
tell:1.0
birth:1.0
control:1.0
cathol:1.6931471805599454
well:1.0
marri:1.0
practic:1.0
list:1.6931471805599454
slot:1.0
religi:1.0
safest:1.0
ye:1.0
public:1.0
dr:1.0
koop:1.0
fail:1.0
condom:1.0
statement:1.0
prevent:1.0
aid:1.0
includ:1.0
stdisclaim:1.0
msdo:1.0
test:1.0
