qtm2w:1.0
virginia:1.6931471805599454
edu:1.0
quinn:1.0
mccord:1.0
subject:1.0
seven:1.6931471805599454
castaway:1.0
w:1.0
gilligan:1.6931471805599454
deadli:1.0
sin:1.0
organ:1.0
univers:1.0
line:1.0
7:1.0
sloth:1.0
skipper:1.0
anger:1.0
thurston:1.0
howel:1.6931471805599454
iii:1.0
greed:1.0
lovey:1.0
gluttoni:1.0
ginger:1.0
lust:1.0
professor:1.0
pride:1.0
mari:1.0
ann:1.0
envi:1.0
