petch:1.6931471805599454
gvg47:1.0
gvg:1.0
tek:1.0
com:1.0
chuck:1.0
subject:1.0
daili:1.0
vers:1.0
organ:1.0
grass:1.6931471805599454
valley:1.6931471805599454
group:1.0
ca:1.0
line:1.0
4:1.6931471805599454
therefor:1.0
whoever:1.0
humbl:1.0
like:1.0
child:1.0
greatest:1.0
kingdom:1.0
heaven:1.0
matthew:1.0
18:1.0
