petch:1.6931471805599454
gvg47:1.0
gvg:1.0
tek:1.0
com:1.0
chuck:1.0
subject:1.0
daili:1.0
vers:1.0
organ:1.0
grass:1.6931471805599454
valley:1.6931471805599454
group:1.0
ca:1.0
line:1.0
4:1.0
devot:1.0
one:1.6931471805599454
anoth:1.6931471805599454
brotherli:1.0
love:1.0
honor:1.0
roman:1.0
12:1.0
10:1.0
