daniel:1.0
math:1.0
ufl:1.0
edu:1.0
tv:1.0
big:1.0
dealer:1.0
subject:1.0
prayer:1.6931471805599454
jesu:2.386294361119891
name:2.09861228866811
organ:1.0
line:1.0
5:1.0
thmm:1.0
make:1.0
wonder:1.0
whether:1.6931471805599454
mean:1.0
say:1.0
simpli:1.0
thing:1.0
attitud:1.0
belong:1.0
tfrank:1.0
