teama:1.0
bucknel:2.09861228866811
edu:1.6931471805599454
meyer:1.0
subject:1.0
doug:1.6931471805599454
sturm:1.6931471805599454
organ:1.0
univers:1.0
lewisburg:1.0
pa:1.0
line:1.0
3:1.0
anyon:1.0
familiar:1.0
plea:1.0
post:1.0
think:1.0
