mcovingt:1.6931471805599454
aisun3:1.0
ai:2.09861228866811
uga:1.6931471805599454
edu:1.6931471805599454
michael:1.6931471805599454
covington:1.6931471805599454
subject:1.0
hell:2.09861228866811
organ:1.0
program:1.6931471805599454
univers:1.6931471805599454
georgia:2.09861228866811
athen:1.6931471805599454
line:1.0
22:1.0
quoth:1.0
moder:1.0
say:1.0
qualm:1.0
give:1.0
explan:1.0
rais:1.0
addit:1.0
problem:1.0
god:2.386294361119891
sourc:1.6931471805599454
exist:2.09861228866811
complet:1.0
separ:1.6931471805599454
would:1.0
make:1.0
imposs:1.0
maintain:1.0
enough:1.0
connect:1.0
reject:1.0
keep:1.0
punish:1.0
short:1.0
poem:1.0
merci:1.6931471805599454
made:1.0
fix:1.0
pain:1.0
c:1.0
lewi:1.0
express:1.6931471805599454
idea:1.0
sure:1.0
current:1.0
among:1.0
other:1.0
abl:1.0
find:1.0
even:1.0
limit:1.0
amount:1.6931471805599454
henc:1.0
agoni:1.0
one:1.0
achiev:1.0
internet:1.0
artifici:1.0
intellig:1.0
phone:1.0
706:1.6931471805599454
542:1.6931471805599454
0358:1.0
fax:1.0
0349:1.0
30602:1.0
7415:1.0
u:1.0
amateur:1.0
radio:1.0
n4tmi:1.0
