jodfish:1.0
silver:1.0
uc:1.0
indiana:1.6931471805599454
edu:1.0
joseph:1.0
dale:1.0
fisher:1.6931471805599454
subject:1.0
salvat:1.6931471805599454
deed:1.0
organ:1.0
univers:1.0
line:1.0
3:1.0
anoth:1.0
guess:1.0
riddl:1.0
would:1.0
save:1.0
joe:1.0
