jodfish:1.0
silver:1.0
uc:1.0
indiana:1.6931471805599454
edu:1.6931471805599454
joseph:1.0
dale:1.0
fisher:1.6931471805599454
subject:1.0
revel:1.0
organ:1.0
univers:1.0
line:1.0
34:1.0
contradict:1.0
church:2.09861228866811
last:1.6931471805599454
time:1.0
howev:1.0
use:1.0
bolster:1.0
evid:1.0
mani:1.0
letter:1.6931471805599454
instanc:1.0
paul:1.0
talk:1.0
super:1.0
apostl:1.0
corinthian:1.6931471805599454
2:2.386294361119891
11:1.6931471805599454
12:1.6931471805599454
mention:1.0
peopl:1.0
led:1.0
away:1.0
miracl:1.0
sign:1.0
wonder:1.0
thessalonian:1.0
9:1.6931471805599454
tell:1.0
timothi:2.09861228866811
clear:1.0
abandon:1.0
faith:1.0
teach:1.6931471805599454
lie:1.0
1:2.386294361119891
4:2.791759469228055
3:2.09861228866811
search:1.0
teacher:1.0
suit:1.0
want:1.0
hear:1.0
passag:1.0
go:1.0
throughout:1.0
jesu:2.386294361119891
warn:1.0
matthew:1.6931471805599454
24:1.0
14:2.09861228866811
look:1.0
promis:1.0
part:1.0
vers:1.6931471805599454
gospel:1.0
kingdom:1.0
preach:1.0
whole:1.0
world:1.0
testimoni:1.0
nation:1.0
end:1.0
come:1.0
even:1.0
today:1.0
fals:1.0
name:1.0
two:1.0
well:1.6931471805599454
familiar:1.0
non:1.0
need:1.0
baptism:1.6931471805599454
pray:1.0
life:1.0
salvat:1.0
taught:1.6931471805599454
dead:1.0
wrong:1.0
taken:1.0
context:1.0
interpret:1.0
other:1.0
plain:1.0
made:1.0
way:1.0
given:1.0
luke:2.09861228866811
23:1.0
26:1.0
25:1.6931471805599454
33:1.0
command:1.0
28:1.0
18:1.0
20:1.0
found:1.0
though:1.0
aliv:1.0
persecut:1.6931471805599454
much:1.0
back:1.0
law:1.0
allow:1.0
yet:1.0
joe:1.0
peac:1.0
lou:1.6931471805599454
nunez:1.0
e:1.0
mail:1.0
lnunez:1.0
vaxa:1.0
steven:1.0
tech:1.0
p:1.6931471805599454
42:1.0
43:1.0
90:1.6931471805599454
91:1.0
5:1.0
6:1.0
dn:1.0
52:1.0
ml:1.0
ad:1.6931471805599454
altar:1.0
dei:1.0
deum:1.0
qui:1.0
laetificat:1.0
juventutem:1.0
meam:1.0
1cor:1.6931471805599454
15:1.0
mt:1.0
16:1.0
13:2.09861228866811
19:1.0
10:1.0
37:1.0
