dlecoint:1.6931471805599454
garnet:1.6931471805599454
acn:1.6931471805599454
fsu:1.6931471805599454
edu:2.386294361119891
dariu:1.6931471805599454
lecoint:1.6931471805599454
subject:1.0
easter:1.6931471805599454
name:1.6931471805599454
new:2.09861228866811
testament:1.0
doubl:1.0
standard:1.0
organ:1.0
florida:1.6931471805599454
state:2.09861228866811
univers:1.6931471805599454
line:1.0
63:1.0
seanna:1.6931471805599454
bnr:1.0
ca:1.0
watson:1.0
write:1.6931471805599454
sinc:1.6931471805599454
day:2.09861228866811
upon:1.6931471805599454
christian:2.386294361119891
celebr:3.0794415416798357
resurrect:2.6094379124341005
jesu:2.386294361119891
approach:1.0
thought:1.0
would:1.6931471805599454
comment:1.0
articl:1.0
mar:1.0
29:1.6931471805599454
03:1.0
23:1.0
31:1.0
1993:1.0
19711:1.0
atho:1.0
rutger:1.0
dsegard:1.0
nyx:1.0
c:1.0
du:1.0
daniel:1.0
segard:1.0
object:1.0
recal:1.0
command:2.09861228866811
scriptur:1.6931471805599454
u:1.6931471805599454
sole:1.0
reason:1.0
could:1.6931471805599454
quit:1.0
correct:1.0
biblic:1.0
teach:1.0
expect:1.0
christ:2.6094379124341005
year:1.0
everi:1.0
time:1.6931471805599454
someon:1.0
baptiz:1.0
col:1.0
2:1.6931471805599454
12:1.0
buri:1.6931471805599454
baptism:2.09861228866811
wherein:1.0
also:2.09861228866811
ye:1.0
risen:1.0
faith:2.6094379124341005
oper:1.0
god:2.386294361119891
hath:1.0
rais:1.6931471805599454
dead:1.6931471805599454
rom:1.6931471805599454
6:1.6931471805599454
4:2.09861228866811
therefor:1.0
death:1.0
like:1.0
glori:1.6931471805599454
father:1.0
even:1.0
walk:1.6931471805599454
life:1.6931471805599454
realli:1.0
want:2.09861228866811
necessari:1.0
pagan:1.0
goddess:1.0
process:1.0
see:1.6931471805599454
israel:2.386294361119891
observ:2.386294361119891
7th:1.6931471805599454
forev:1.0
gentil:2.09861228866811
believ:1.6931471805599454
messiah:1.6931471805599454
welcom:1.0
well:1.0
requir:2.386294361119891
adopt:1.6931471805599454
commonwealth:1.6931471805599454
graft:1.0
basic:1.0
given:2.09861228866811
came:1.0
abram:1.0
act:1.6931471805599454
15:2.09861228866811
place:1.0
come:1.6931471805599454
infer:1.0
differ:1.0
rule:1.6931471805599454
jewish:1.6931471805599454
descent:1.0
happen:1.0
neither:1.0
jew:1.0
greek:1.0
slave:1.0
free:1.0
male:1.0
femal:1.0
one:1.6931471805599454
messian:1.0
may:1.0
find:1.0
certain:1.6931471805599454
form:1.0
worship:1.0
disciplin:1.0
meaning:1.0
cultur:1.0
background:1.0
hard:1.0
understand:1.0
justif:1.0
appli:1.0
justifi:1.0
grace:1.0
paul:1.6931471805599454
answer:1.0
question:1.0
roman:1.0
9:1.0
v:1.6931471805599454
coven:1.0
give:1.6931471805599454
law:2.791759469228055
servic:1.0
promis:2.386294361119891
israelit:2.6094379124341005
packag:1.0
deal:1.6931471805599454
goe:1.0
identifi:1.0
true:1.6931471805599454
8:1.0
make:1.0
plain:1.0
born:1.6931471805599454
way:1.0
accept:1.0
continu:1.0
emphas:1.0
cor:1.0
11:1.0
22:1.0
gal:1.6931471805599454
3:1.6931471805599454
say:1.0
belong:1.0
abraham:1.0
seed:1.0
heir:1.0
noth:1.0
discard:1.0
part:1.0
certainli:1.0
husband:1.0
adulteri:1.0
longer:1.0
forbidden:1.0
btw:1.0
plea:1.6931471805599454
refer:1.0
statement:1.0
basi:1.0
commandm:1.0
list:1.0
circumcis:1.0
mose:1.0
ad:1.0
transgress:1.0
etern:1.0
19:1.0
got:1.0
ba:1.0
depart:1.0
educ:1.0
research:1.0
made:1.0
anew:1.0
get:1.0
phd:1.0
becom:1.0
tel:1.0
904:1.0
644:1.0
0706:1.0
patient:1.0
humbl:1.0
discipl:1.0
e:1.0
mail:1.0
