steve:1.6931471805599454
hay:1.0
f22:1.0
n7101:1.0
z5:1.0
fidonet:1.0
org:1.0
subject:1.0
sin:2.386294361119891
line:1.0
10:1.0
09:1.0
apr:1.0
93:1.0
jill:1.0
ann:1.0
daley:1.0
write:1.0
jad:1.6931471805599454
exactli:1.0
definit:1.0
exampl:1.0
person:1.0
know:1.0
commit:1.0
answer:1.0
briefli:1.0
fall:1.0
short:1.0
glori:1.0
god:1.0
roman:1.0
3:1.0
23:1.0
gold:1.0
2:1.0
40:1.0
