topcat:1.0
tom:2.09861228866811
tredysvr:1.0
tredydev:1.0
unisi:1.0
com:1.0
albrecht:1.6931471805599454
subject:1.0
revel:1.6931471805599454
organ:1.0
appli:1.0
presupposition:1.0
ltd:1.0
line:1.0
25:1.0
phil:1.6931471805599454
launchburi:1.6931471805599454
almac:1.0
co:1.0
uk:1.0
write:1.0
apost:1.0
church:2.6094379124341005
like:1.0
refer:2.6094379124341005
1st:1.0
centuri:1.0
jew:1.0
reject:1.0
messiah:1.0
crucifi:1.0
john:1.0
afraid:1.0
christ:1.0
found:1.0
mani:1.6931471805599454
time:1.0
warn:1.0
fall:1.0
away:1.0
heresi:2.09861228866811
apostl:1.6931471805599454
exampl:1.6931471805599454
look:1.0
parabl:1.6931471805599454
matthew:2.09861228866811
13:1.6931471805599454
31:1.0
33:1.0
kingdom:1.6931471805599454
heaven:1.0
process:1.0
corrupt:2.09861228866811
sorri:1.0
think:1.0
interpret:1.0
nonsens:1.0
e:1.0
yeast:1.6931471805599454
alway:1.0
stand:1.0
sin:1.6931471805599454
bewar:1.0
pharise:1.6931471805599454
16:1.0
12:1.0
explain:1.0
leaven:1.0
jesu:1.6931471805599454
simpli:1.0
teach:1.0
gave:1.0
key:1.0
said:1.0
gate:1.0
hell:1.0
would:1.0
prevail:1.0
