luom:1.6931471805599454
storm:1.6931471805599454
c:1.6931471805599454
orst:1.6931471805599454
edu:1.6931471805599454
luo:1.0
martha:1.0
baom:1.0
subject:1.0
summer:1.0
program:2.09861228866811
organ:1.0
comput:1.0
scienc:1.0
depart:1.0
oregon:1.6931471805599454
state:1.0
univers:1.0
line:1.0
8:1.0
anyon:1.0
know:1.0
good:1.0
decipleship:1.0
train:1.0
min:1.0
august:1.0
end:1.0
sept:1.0
missionari:1.6931471805599454
current:1.0
belong:1.0
allianc:1.0
church:1.0
plea:1.0
repli:1.0
mail:1.0
thank:1.0
