vic:1.6931471805599454
mmalt:1.0
guild:1.0
org:1.0
kulikauska:1.6931471805599454
subject:1.0
etern:1.0
hell:2.09861228866811
organ:1.0
home:1.0
line:1.0
11:1.0
moder:1.0
write:1.0
inclin:1.0
read:1.0
descript:1.0
lake:1.0
fire:1.0
indic:1.0
annihil:1.0
howev:1.0
minor:1.0
view:1.6931471805599454
person:1.0
denomin:1.0
know:1.0
hold:1.0
offici:1.0
jw:1.0
sda:1.0
find:1.0
refer:1.0
right:1.0
c:1.0
lewi:1.0
specul:1.0
somewher:1.0
might:1.0
state:1.0
human:1.0
soul:1.0
