king:1.6931471805599454
ctron:1.0
com:1.0
john:1.0
e:1.0
subject:1.0
etern:1.0
hell:1.6931471805599454
organ:1.0
cabletron:1.0
system:1.0
inc:1.0
line:1.0
8:1.0
db7n:1.0
andrew:1.6931471805599454
cmu:1.0
edu:1.0
byler:1.0
write:1.0
also:1.0
know:1.0
imposs:1.0
destroy:1.6931471805599454
soul:1.6931471805599454
hmmm:1.0
food:1.0
thought:1.0
rather:1.0
fear:1.0
bodi:1.0
gehenna:1.0
math:1.0
10:1.0
28:1.0
jack:1.0
