gifford:2.386294361119891
oasi:1.6931471805599454
dt:1.6931471805599454
navi:1.6931471805599454
mil:1.6931471805599454
barbara:2.09861228866811
subject:2.09861228866811
mysteri:1.6931471805599454
paradox:1.6931471805599454
repli:1.0
organ:1.0
carderock:1.0
divis:1.0
nswc:1.0
bethesda:1.0
md:1.0
line:1.0
9:1.0
look:1.0
book:1.6931471805599454
specif:1.0
address:1.0
god:1.0
read:1.6931471805599454
touch:1.0
chapter:1.0
would:1.0
like:1.0
detail:1.0
anyon:1.0
awar:1.0
deal:1.0
plea:1.0
e:1.0
mail:1.0
thank:1.0
