halat:2.386294361119891
panther:1.6931471805599454
bear:1.6931471805599454
jim:1.6931471805599454
subject:1.0
prophet:1.6931471805599454
warn:1.6931471805599454
new:1.0
york:1.0
citi:1.0
repli:1.0
line:1.0
8:1.0
start:1.0
read:1.0
group:1.0
wonder:1.0
someon:1.6931471805599454
could:1.0
post:1.0
exactli:1.0
nyc:1.0
thank:1.0
jh:1.0
suggest:1.0
send:1.0
via:1.0
email:1.0
cc:1.0
hold:1.0
file:1.0
case:1.0
el:1.0
need:1.0
clh:1.0
