oser:1.6931471805599454
fermi:1.0
wustl:1.0
edu:2.386294361119891
scott:1.6931471805599454
subject:1.0
realli:1.6931471805599454
rise:1.6931471805599454
organ:1.0
washington:1.0
univers:1.6931471805599454
astrophys:1.0
line:1.0
36:1.0
articl:1.0
apr:1.0
10:1.0
05:1.0
33:1.0
59:1.0
1993:1.0
14428:1.0
atho:1.0
rutger:1.0
mcovingt:1.6931471805599454
aisun3:1.0
ai:1.6931471805599454
uga:1.6931471805599454
michael:1.6931471805599454
covington:1.6931471805599454
write:1.0
two:1.6931471805599454
histor:1.0
fact:1.0
think:1.0
import:1.0
1:1.6931471805599454
jesu:2.386294361119891
dead:1.6931471805599454
must:1.0
done:1.0
someth:1.0
el:1.0
equal:1.0
impress:1.0
order:1.6931471805599454
creat:1.0
observ:1.0
amount:1.0
impact:2.386294361119891
2:1.6931471805599454
nobodi:1.0
ever:1.0
display:1.6931471805599454
bodi:2.386294361119891
even:1.0
though:1.0
jewish:1.0
roman:1.0
author:1.0
would:1.6931471805599454
gain:1.0
lot:1.0
discredit:1.0
christian:1.6931471805599454
internet:1.0
artifici:1.0
intellig:1.0
program:1.0
phone:1.0
706:1.6931471805599454
542:1.6931471805599454
0358:1.0
georgia:1.6931471805599454
fax:1.0
0349:1.0
athen:1.0
30602:1.0
7415:1.0
u:1.0
amateur:1.0
radio:1.0
n4tmi:1.0
simplest:1.0
refut:1.0
record:2.386294361119891
come:1.0
new:1.6931471805599454
testament:1.6931471805599454
guarante:1.0
book:1.0
least:1.0
accur:1.0
actual:1.0
happen:1.0
find:1.0
interest:1.0
contemporari:1.0
sourc:1.0
eclips:1.0
earthquak:1.0
templ:1.0
curtain:1.0
torn:1.0
etc:1.0
earliest:1.0
written:1.6931471805599454
claim:1.6931471805599454
resurrect:1.0
paulin:1.0
epistl:1.0
none:1.0
sooner:1.0
20:1.0
year:1.0
suppos:1.0
event:1.0
seem:1.6931471805599454
probabl:1.0
one:2.09861228866811
knew:1.0
person:1.0
believ:1.6931471805599454
like:1.6931471805599454
explan:1.0
stolen:1.6931471805599454
discipl:1.0
graverobb:1.0
bother:1.0
point:1.0
guard:1.6931471805599454
appear:1.0
gospel:1.0
exactli:1.0
sort:1.0
thing:1.0
earli:1.0
might:1.0
make:1.0
counter:1.0
grave:1.0
rob:1.0
charg:1.0
jew:1.0
could:1.0
effect:1.0
made:1.0
