morgan:2.386294361119891
soc:2.09861228866811
ut:2.09861228866811
edu:2.9459101490553135
au:2.09861228866811
subject:1.0
prophet:1.6931471805599454
warn:1.0
new:2.6094379124341005
york:1.0
citi:1.0
repli:1.0
organ:1.0
univers:1.6931471805599454
technolog:1.6931471805599454
sydney:2.09861228866811
line:1.0
49:1.0
articl:1.6931471805599454
apr:1.6931471805599454
9:1.0
01:1.6931471805599454
10:1.0
38:1.0
1993:1.6931471805599454
16892:1.0
atho:1.6931471805599454
rutger:1.6931471805599454
evensont:1.0
spot:1.0
colorado:1.0
evenson:1.0
thoma:1.0
randal:1.0
write:2.09861228866811
7:1.0
56:1.0
20:1.0
22789:1.0
reid:1.6931471805599454
c:1.0
uiuc:1.0
jon:1.0
deon:1.6931471805599454
strydom:1.6931471805599454
f7:1.0
n7104:1.0
z5:1.0
fidonet:1.0
org:1.0
bring:1.6931471805599454
around:1.6931471805599454
ask:1.0
open:2.386294361119891
question:1.0
bibl:1.0
close:2.09861228866811
book:1.0
scriptur:3.0794415416798357
okay:1.6931471805599454
u:1.6931471805599454
go:1.0
say:2.09861228866811
god:2.09861228866811
told:1.6931471805599454
jesu:1.0
impli:1.0
still:1.0
pour:1.0
revel:2.386294361119891
know:1.6931471805599454
peopl:1.6931471805599454
feel:1.0
concept:1.6931471805599454
canon:3.0794415416798357
would:2.09861228866811
certainli:1.0
cast:1.0
shadow:1.0
contemporari:1.0
hand:1.0
seem:1.6931471805599454
indic:1.0
sometim:1.0
let:1.0
get:2.09861228866811
back:1.0
basic:1.0
latin:1.0
mean:1.6931471805599454
rule:2.6094379124341005
made:1.0
broken:1.0
issu:1.0
also:2.09861228866811
measur:1.0
thu:1.0
word:2.09861228866811
spoken:1.0
need:1.0
compar:1.0
ad:1.0
necessari:2.09861228866811
topic:1.0
current:1.0
person:1.0
time:1.0
confus:1.6931471805599454
may:1.6931471805599454
speak:2.09861228866811
ie:1.0
today:1.0
sen:1.0
unchang:1.0
though:1.0
later:1.0
histor:1.0
interest:1.0
note:1.0
call:2.09861228866811
propheci:2.386294361119891
noth:1.0
rather:1.0
inspir:1.0
translat:1.0
right:1.0
mislead:1.0
knowledg:2.09861228866811
gift:1.0
excit:1.0
talk:1.0
hors:1.6931471805599454
agre:1.0
problem:1.0
meant:1.6931471805599454
encourag:1.0
exhort:1.0
correct:1.0
overlap:1.0
form:1.0
man:1.0
live:1.0
husband:1.0
yet:1.0
exact:1.0
expect:1.0
differ:1.0
motiv:1.0
deliveri:1.0
read:1.0
power:1.0
forc:1.0
regard:1.0
david:1.6931471805599454
po:1.0
box:1.0
123:1.0
broadway:1.6931471805599454
nsw:1.0
2007:1.0
ph:1.0
61:1.6931471805599454
2:1.6931471805599454
330:1.6931471805599454
1864:1.0
15:1.0
73:1.0
fax:1.0
1807:1.0
paid:1.0
good:1.0
money:1.0
opinion:1.0
free:1.0
v:1.0
