petch:1.6931471805599454
gvg47:1.0
gvg:1.0
tek:1.0
com:1.0
chuck:1.0
subject:1.0
daili:1.0
vers:1.0
organ:1.0
grass:1.6931471805599454
valley:1.6931471805599454
group:1.0
ca:1.0
line:1.0
4:1.0
much:1.0
better:1.0
get:1.0
wisdom:1.0
gold:1.0
choos:1.0
understand:1.0
rather:1.0
silver:1.0
proverb:1.0
16:1.6931471805599454
