caralv:2.6094379124341005
auto:2.09861228866811
trol:2.09861228866811
com:2.09861228866811
carol:2.386294361119891
alvin:2.386294361119891
subject:1.0
arrog:1.6931471805599454
christian:2.09861228866811
line:1.0
88:1.0
vbv:1.0
r2d2:1.0
eeap:1.0
cwru:1.0
edu:1.6931471805599454
virgilio:1.6931471805599454
dean:1.6931471805599454
b:1.6931471805599454
velasco:1.6931471805599454
jr:1.6931471805599454
write:2.386294361119891
articl:1.0
apr:1.0
13:1.0
00:1.0
08:1.0
35:1.0
1993:1.0
28412:1.0
atho:1.0
rutger:1.0
truth:3.70805020110221
also:1.0
absolut:3.6390573296152584
scriptur:2.791759469228055
therefor:1.6931471805599454
answer:1.0
question:1.0
ye:2.09861228866811
someth:1.6931471805599454
constant:1.6931471805599454
across:1.6931471805599454
time:2.386294361119891
cultur:1.6931471805599454
situat:1.0
etc:1.6931471805599454
true:1.6931471805599454
everi:1.6931471805599454
instanc:1.6931471805599454
possibl:1.0
agre:2.09861228866811
definit:1.6931471805599454
exampl:1.6931471805599454
woman:2.09861228866811
cover:1.6931471805599454
head:1.6931471805599454
speak:1.6931471805599454
hold:1.0
said:1.6931471805599454
howev:2.386294361119891
discern:1.0
exactli:2.09861228866811
jesu:1.0
paul:1.6931471805599454
compani:1.0
tri:2.386294361119891
say:2.09861228866811
alway:1.0
easi:1.0
believ:2.09861228866811
behav:1.0
way:1.0
rather:1.0
circumst:1.0
would:1.6931471805599454
best:1.0
avoid:1.0
volubl:1.0
maintain:1.6931471805599454
proper:1.0
wit:1.0
toward:1.0
other:1.0
rememb:1.0
number:1.0
relativist:1.0
statement:1.0
deriv:1.0
right:2.386294361119891
strive:1.0
peac:1.6931471805599454
rule:1.0
world:1.6931471805599454
resort:1.0
violenc:1.0
occas:1.0
opinion:1.0
principl:2.6094379124341005
learn:1.0
claim:2.6094379124341005
though:1.0
seem:1.0
impli:1.0
liter:1.0
read:1.0
bibl:2.386294361119891
interpret:2.791759469228055
necessari:1.0
may:2.09861228866811
lesson:1.0
glean:1.0
variou:1.0
passag:1.0
differ:2.09861228866811
person:2.386294361119891
mean:1.0
one:1.6931471805599454
wrong:2.09861228866811
god:2.386294361119891
transcend:1.0
simpl:1.0
mind:1.0
well:1.0
craft:1.0
intent:1.0
know:2.09861228866811
need:1.0
anyon:1.0
el:1.0
least:2.09861228866811
disput:1.0
must:1.0
rigid:1.0
evangel:2.09861228866811
clearli:1.0
take:1.6931471805599454
particular:1.0
part:1.0
plenti:1.0
reconcil:1.0
sure:1.0
preach:1.6931471805599454
sometim:1.6931471805599454
matter:2.09861228866811
confus:1.0
fundament:2.09861228866811
crystal:2.386294361119891
clear:2.386294361119891
come:2.09861228866811
play:1.0
sinc:1.0
mayb:2.09861228866811
rest:1.0
u:1.0
word:1.6931471805599454
either:1.0
think:2.09861228866811
establish:1.0
figur:1.6931471805599454
biblic:1.0
human:1.0
error:1.6931471805599454
prone:1.6931471805599454
yet:1.0
still:1.0
certain:1.0
segment:1.0
difficult:1.0
see:1.0
base:1.0
reveal:1.0
utterli:1.0
unavoid:1.0
peopl:1.0
whill:1.0
altern:1.0
practic:1.6931471805599454
anyth:1.0
misinterpret:1.0
especi:1.0
care:1.0
deni:1.0
support:1.0
posit:1.6931471805599454
much:1.0
effect:1.0
reliabl:1.0
determin:1.0
get:1.0
point:1.0
spend:1.0
defend:1.0
never:1.6931471805599454
act:1.0
upon:1.0
make:1.0
