jcj:2.09861228866811
tellab:1.6931471805599454
com:1.6931471805599454
subject:1.0
two:1.6931471805599454
peopl:1.6931471805599454
marri:2.09861228866811
organ:1.0
huh:1.0
whuzzat:1.0
line:1.0
14:1.0
jek:1.0
cu:1.0
nih:1.0
gov:1.0
write:1.0
essenti:1.0
ingredi:1.0
marriag:1.6931471805599454
mutual:1.6931471805599454
commit:1.0
person:1.0
consid:1.0
bound:1.0
promis:1.0
live:1.0
togeth:1.0
husband:1.0
wife:1.0
forsak:1.0
other:1.0
till:1.0
death:1.0
part:1.0
impli:1.0
take:1.0
vow:1.0
sincer:1.0
jeff:1.0
johnson:1.0
