drt:1.6931471805599454
athena:1.6931471805599454
mit:1.6931471805599454
edu:1.6931471805599454
david:1.6931471805599454
r:1.6931471805599454
tucker:1.6931471805599454
subject:1.0
question:1.0
jesu:3.70805020110221
alon:1.0
one:3.0794415416798357
organ:1.0
massachusett:1.0
institut:1.0
technolog:1.0
line:1.0
89:1.0
regard:1.6931471805599454
believ:2.386294361119891
moder:1.0
write:1.0
may:2.386294361119891
misunderstand:2.386294361119891
term:1.6931471805599454
agre:1.0
quit:1.0
like:2.09861228866811
actual:1.6931471805599454
origin:1.0
context:1.6931471805599454
baptism:3.70805020110221
folk:1.6931471805599454
done:2.09861228866811
formula:3.1972245773362196
mention:1.0
rather:1.6931471805599454
father:2.9459101490553135
son:2.791759469228055
holi:2.791759469228055
spirit:2.791759469228055
doctrin:2.6094379124341005
implic:1.0
far:1.0
know:1.0
mean:2.386294361119891
deni:1.0
exist:1.0
divin:1.0
right:1.6931471805599454
describ:1.0
theolog:2.09861228866811
fact:1.6931471805599454
think:2.09861228866811
sever:1.0
includ:1.0
would:2.09861228866811
classic:1.0
call:1.0
monophysit:1.0
arian:1.0
two:1.0
differ:2.09861228866811
view:1.6931471805599454
well:2.386294361119891
belief:1.6931471805599454
probabl:1.0
consist:2.09861228866811
trinitarian:2.791759469228055
standard:1.6931471805599454
use:3.0794415416798357
languag:1.6931471805599454
simpli:2.6094379124341005
biblic:2.09861228866811
clh:1.6931471805599454
make:1.6931471805599454
end:1.6931471805599454
matthew:1.0
28:2.09861228866811
18:2.09861228866811
came:1.0
said:1.6931471805599454
author:2.09861228866811
heaven:1.0
earth:1.0
given:1.0
19:1.0
go:1.6931471805599454
therefor:1.0
discipl:1.0
nation:1.0
baptiz:2.791759469228055
name:3.3978952727983707
20:1.0
teach:1.0
obey:1.0
everyth:1.0
command:2.09861228866811
rememb:1.0
alway:1.0
age:1.0
ancient:1.0
add:1.0
amen:1.0
nrsv:1.0
note:1.0
give:1.0
sen:1.0
emend:1.0
text:1.0
contradict:1.0
triniti:2.386294361119891
explan:1.6931471805599454
mayb:1.0
anyon:1.0
el:1.0
forc:1.0
read:1.0
group:2.6094379124341005
good:1.0
bibl:1.0
unabridg:1.0
dictionari:1.0
christian:2.09861228866811
realli:1.0
educ:1.0
tkg2:1.0
arrgggghhhh:1.0
talk:1.6931471805599454
peopl:1.0
reject:1.0
unbibl:1.0
speak:1.0
thing:1.6931471805599454
essen:1.0
three:2.791759469228055
person:1.0
obvious:1.0
fold:2.6094379124341005
point:1.0
normal:1.6931471805599454
refer:1.0
mat:2.6094379124341005
certainli:1.0
whose:1.0
full:1.0
formul:1.0
occur:1.6931471805599454
4th:1.0
5th:1.0
cent:1.6931471805599454
unlik:1.0
mind:1.6931471805599454
fulli:1.0
develop:1.0
inde:1.0
disagr:1.0
passag:2.386294361119891
act:2.09861228866811
2:1.0
38:1.0
coupl:1.0
leav:1.0
u:1.0
sort:1.0
problem:1.0
consid:1.6931471805599454
say:2.6094379124341005
ask:1.0
explain:1.6931471805599454
appear:1.0
also:1.0
odd:1.0
way:1.0
deal:1.0
idiomat:1.0
phrase:1.0
seem:1.6931471805599454
answer:1.0
suspect:1.6931471805599454
common:1.0
need:1.0
verbal:1.0
1st:1.0
contrast:1.0
john:1.0
jewish:1.0
cours:1.0
certain:1.0
parallel:1.0
suggest:1.0
could:1.0
requir:1.0
specif:1.0
character:1.0
follow:2.09861228866811
might:1.0
earli:1.0
church:1.0
long:1.0
great:1.0
damag:1.0
back:1.0
almost:1.0
recogn:1.0
mutual:1.0
someth:1.0
upset:1.0
interest:1.0
gospel:1.0
reinforc:1.0
