phs431d:1.6931471805599454
vaxc:1.6931471805599454
cc:1.6931471805599454
monash:2.386294361119891
edu:2.09861228866811
au:1.6931471805599454
subject:1.0
arrog:1.0
christian:3.0794415416798357
organ:1.0
univers:2.09861228866811
melbourn:1.6931471805599454
australia:1.6931471805599454
line:1.0
96:1.0
articl:1.6931471805599454
apr:1.0
19:1.0
05:1.0
11:1.0
41:1.0
1993:1.0
29112:1.0
atho:1.0
rutger:1.0
aa888:1.6931471805599454
freenet:1.6931471805599454
carleton:1.6931471805599454
ca:1.6931471805599454
mark:1.6931471805599454
baker:1.6931471805599454
write:1.0
ask:1.0
believ:2.6094379124341005
thing:2.09861228866811
visibl:1.6931471805599454
know:1.6931471805599454
blindli:1.0
sure:2.09861228866811
blind:1.0
come:2.09861228866811
deni:1.0
reason:3.833213344056216
inde:1.6931471805599454
insist:1.0
upon:1.0
draw:1.0
conclus:2.386294361119891
evid:4.044522437723423
decid:1.0
advanc:1.0
act:1.0
five:1.6931471805599454
physic:2.9459101490553135
sen:2.9459101490553135
cut:1.6931471805599454
possibl:1.0
reach:1.0
outsid:1.0
sphere:2.09861228866811
beyond:1.0
rather:1.0
provoc:1.0
inconclus:1.0
self:1.6931471805599454
explanatori:1.6931471805599454
say:2.9459101490553135
reli:1.6931471805599454
feel:2.09861228866811
experi:2.9459101490553135
sinc:2.09861228866811
sourc:1.6931471805599454
inform:1.0
left:1.0
u:2.386294361119891
convinc:1.0
somebodi:1.6931471805599454
correct:2.09861228866811
one:1.6931471805599454
show:1.6931471805599454
measur:1.0
effect:1.0
exist:2.09861228866811
god:2.9459101490553135
leav:1.0
go:1.6931471805599454
within:1.0
person:1.0
realiti:1.0
furthermor:1.0
troubl:1.6931471805599454
lead:1.0
astray:1.0
tragic:1.0
outcom:1.0
waco:1.0
illustr:1.0
mani:2.09861228866811
koresh:1.0
follow:1.0
realli:1.0
think:1.0
agre:1.6931471805599454
misl:1.0
final:1.0
earth:1.0
claim:2.791759469228055
receiv:1.0
differ:1.0
kind:1.0
call:1.0
faith:3.302585092994046
gift:1.0
choos:1.0
reveal:1.0
hide:1.0
tell:1.0
ting:1.0
help:1.6931471805599454
either:1.0
wholli:1.0
consist:1.0
part:1.0
revel:2.09861228866811
must:2.09861228866811
use:2.791759469228055
definit:1.0
familiar:1.0
someth:1.6931471805599454
other:1.6931471805599454
unambigu:1.0
true:1.0
howev:1.6931471805599454
belief:2.09861228866811
dieti:1.0
matter:1.6931471805599454
share:1.0
around:1.0
independantli:1.0
unfortun:1.0
explain:3.0794415416798357
put:1.0
impress:1.0
monopoli:1.0
far:1.0
previou:1.0
right:1.0
scienc:1.6931471805599454
prove:1.6931471805599454
anyth:1.0
alon:1.0
pictur:1.0
e:1.6931471805599454
g:1.6931471805599454
hinduism:1.0
le:1.0
valid:2.386294361119891
anoth:1.0
said:1.0
oppos:1.0
simpli:1.0
new:1.0
may:1.0
oper:1.0
clear:1.0
human:1.0
be:1.0
system:2.6094379124341005
similarli:1.0
provid:1.6931471805599454
religi:1.0
gener:1.0
particular:1.0
sift:1.0
clearer:1.0
understand:1.0
good:2.6094379124341005
also:1.0
posse:1.6931471805599454
best:1.6931471805599454
man:1.6931471805599454
risk:1.0
repeat:1.0
argument:1.6931471805599454
previous:1.0
moslem:1.0
buddhist:1.6931471805599454
jew:1.0
etc:1.0
read:1.6931471805599454
non:1.6931471805599454
case:1.0
disprov:1.0
alt:1.0
messian:1.0
place:1.0
see:1.6931471805599454
peopl:2.09861228866811
strong:1.0
doubt:1.0
newsgroup:1.0
ration:1.0
debat:1.0
aplenti:1.0
never:1.0
wish:1.0
make:1.6931471805599454
well:1.0
found:1.0
goe:1.0
without:1.0
blunder:1.0
expect:1.0
gone:1.0
process:1.0
remov:1.0
essenti:1.0
contradictori:1.0
bit:1.0
hope:1.0
made:1.0
progress:1.0
toward:1.0
truth:1.0
task:1.0
jungl:1.0
irrig:1.0
desert:1.0
c:1.0
lewi:1.0
low:1.0
depart:1.0
victoria:1.0
3168:1.0
