gchin:2.09861228866811
ssf:1.6931471805599454
eng:2.09861228866811
sun:2.6094379124341005
com:2.09861228866811
gari:1.6931471805599454
chin:1.6931471805599454
subject:1.0
christian:1.6931471805599454
church:2.09861228866811
member:1.6931471805599454
repli:1.0
organ:1.0
microsystem:1.6931471805599454
inc:1.0
line:1.0
13:1.0
year:1.0
met:1.0
associ:1.0
local:1.6931471805599454
issu:1.6931471805599454
may:1.0
person:1.0
import:1.0
bibl:1.0
say:1.0
encourag:1.0
friend:1.0
regard:1.0
staff:1.0
engin:1.0
mt:1.0
view:1.0
ca:1.0
