gchin:2.09861228866811
ssf:1.6931471805599454
eng:2.09861228866811
sun:2.6094379124341005
com:2.09861228866811
gari:1.6931471805599454
chin:1.6931471805599454
subject:1.0
nation:1.0
day:1.0
prayer:2.09861228866811
5:1.0
6:1.0
93:1.0
repli:1.0
organ:2.386294361119891
microsystem:1.6931471805599454
inc:1.0
line:1.0
20:1.0
annual:1.0
time:2.09861228866811
focu:1.0
famili:1.0
heard:1.0
christian:1.0
radio:1.0
station:1.0
local:1.6931471805599454
church:1.0
call:1.0
may:1.0
abl:1.0
give:1.0
inform:1.0
mani:1.0
citi:2.386294361119891
san:2.09861228866811
francisco:1.6931471805599454
bay:1.0
area:1.0
coordin:1.0
place:1.0
meet:1.6931471805599454
pray:1.0
oakland:1.0
berkeley:1.0
jose:1.0
peopl:1.0
12:1.0
15pm:1.0
hall:1.6931471805599454
last:1.0
year:1.0
attend:1.0
mountain:1.0
view:1.6931471805599454
quiet:1.0
meaning:1.0
staff:1.0
engin:1.0
mt:1.0
ca:1.0
