petch:1.6931471805599454
gvg47:1.0
gvg:1.0
tek:1.0
com:1.0
chuck:1.0
subject:1.0
daili:1.0
vers:1.0
organ:1.0
grass:1.6931471805599454
valley:1.6931471805599454
group:1.0
ca:1.0
line:1.0
4:1.6931471805599454
love:1.6931471805599454
deepli:1.0
cover:1.0
multitud:1.0
sin:1.0
ipet:1.0
8:1.0
