petch:1.6931471805599454
gvg47:1.0
gvg:1.0
tek:1.0
com:1.0
chuck:1.0
subject:1.0
daili:1.0
vers:1.0
organ:1.0
grass:1.6931471805599454
valley:1.6931471805599454
group:1.0
ca:1.0
line:1.0
6:1.0
someon:1.0
say:1.0
faith:2.09861228866811
deed:1.6931471805599454
show:1.6931471805599454
without:1.0
jame:1.0
2:1.0
18:1.0
