reedr:1.6931471805599454
cgsvax:1.6931471805599454
claremont:2.09861228866811
edu:2.386294361119891
subject:1.0
realli:1.0
rise:1.0
organ:1.0
graduat:1.0
school:1.0
line:1.0
65:1.0
articl:1.6931471805599454
apr:1.6931471805599454
21:1.0
03:1.0
26:1.0
15:1.0
1993:1.6931471805599454
1349:1.0
geneva:1.6931471805599454
rutger:1.6931471805599454
write:1.6931471805599454
basic:1.0
problem:2.09861228866811
argument:1.6931471805599454
total:1.0
complet:1.0
relianc:1.0
biblic:1.6931471805599454
text:1.0
luke:2.386294361119891
account:2.09861228866811
highli:1.0
suspect:1.6931471805599454
would:2.386294361119891
refer:1.0
hermeneia:1.0
commentari:1.0
act:1.6931471805599454
23:1.0
02:1.0
56:1.0
43:1.0
3174:1.0
ata:1.6931471805599454
hfsi:1.6931471805599454
com:1.0
john:2.386294361119891
even:2.386294361119891
independ:1.0
proof:1.6931471805599454
valid:1.0
find:1.0
strang:1.0
take:1.6931471805599454
negat:1.0
truth:1.0
without:1.6931471805599454
direct:1.6931471805599454
histor:1.0
evid:1.0
least:1.0
mention:1.0
back:1.6931471805599454
assert:1.6931471805599454
made:1.0
unequivoc:1.6931471805599454
christian:2.6094379124341005
ever:1.6931471805599454
suffer:2.09861228866811
faith:1.0
believ:2.09861228866811
resurrect:2.791759469228055
suggest:1.6931471805599454
otherwis:1.0
absenc:1.0
eyewit:1.0
claim:2.386294361119891
mistaken:1.0
taken:1.6931471805599454
one:1.6931471805599454
peic:1.0
respons:1.0
bother:1.0
connect:1.0
part:1.0
repeatedli:1.0
note:1.0
need:1.0
problemat:1.6931471805599454
historc:1.0
examin:2.09861228866811
work:1.0
domin:1.0
crossan:1.0
burton:1.0
mack:1.0
time:1.0
recent:1.0
develop:1.0
scholarship:1.0
think:2.09861228866811
grasp:1.0
clearli:1.6931471805599454
say:1.0
origin:1.6931471805599454
may:1.0
somewhat:1.0
limit:1.0
answer:1.0
wit:1.6931471805599454
lie:1.0
willign:1.0
belief:2.09861228866811
thu:1.0
necessari:1.0
show:2.09861228866811
rather:1.0
issu:1.6931471805599454
whether:1.6931471805599454
agre:1.0
post:1.0
respond:1.0
liber:1.0
well:1.0
conserv:1.0
dogmat:1.0
clh:1.0
certainli:1.0
situat:1.0
waco:1.6931471805599454
requir:1.0
peopl:2.09861228866811
will:2.09861228866811
die:2.386294361119891
true:1.6931471805599454
sure:1.0
david:1.0
koresh:1.0
son:1.0
god:1.0
spurriou:1.0
arguement:1.0
must:1.0
put:1.0
rest:1.0
monologocentr:1.0
big:1.0
deal:1.0
seem:1.0
either:1.0
q:1.0
thoma:1.0
certain:1.0
degre:1.0
lot:1.0
thing:1.0
earli:1.0
could:1.6931471805599454
togeth:1.0
worth:1.0
idea:1.0
mix:1.0
race:1.0
commun:1.0
brought:1.0
region:1.0
nation:1.0
boundari:1.0
name:1.0
koinonia:1.0
enough:1.0
radic:1.0
communti:1.0
e:1.6931471805599454
g:1.0
jonestown:1.0
warsaw:1.0
etc:1.0
point:1.6931471805599454
roman:1.6931471805599454
persecut:1.6931471805599454
document:1.0
carpent:1.0
came:1.0
dead:1.0
uniqu:1.0
particularli:1.0
abhor:1.0
greek:1.0
mind:1.0
avoid:1.0
militari:1.0
civic:1.0
duti:1.0
emperor:1.0
worship:1.0
much:1.0
noth:1.0
nero:1.0
use:1.0
human:1.0
torch:1.0
light:1.0
dinner:1.0
parti:1.0
risen:1.0
savior:1.0
supposedli:1.0
involv:1.0
incest:1.0
cannabl:1.0
martyr:1.0
stand:1.0
critic:1.0
randi:1.0
