reedr:1.0
cgsvax:1.0
claremont:1.6931471805599454
edu:1.0
subject:1.0
q:1.6931471805599454
lost:1.6931471805599454
gospel:1.6931471805599454
organ:1.0
graduat:1.0
school:1.0
line:1.0
5:1.0
finish:1.0
read:1.6931471805599454
burton:1.0
mack:1.0
new:1.0
book:1.0
christian:1.0
origin:1.0
thought:1.0
total:1.0
cool:1.0
anyon:1.0
el:1.0
want:1.0
talk:1.0
randi:1.0
