regy105:1.0
cantva:1.0
canterburi:1.6931471805599454
ac:1.0
nz:1.0
jame:1.6931471805599454
haw:1.0
subject:1.0
good:1.6931471805599454
electron:1.0
christian:1.6931471805599454
magazin:2.09861228866811
organ:1.0
univers:1.0
christchurch:1.0
new:1.0
zealand:1.0
line:1.0
9:1.0
hi:1.0
like:1.6931471805599454
subscrib:1.0
leadership:1.6931471805599454
wonder:1.0
one:1.0
disk:2.09861228866811
instead:1.0
paper:1.0
would:1.0
save:1.0
retyp:1.0
illustr:1.0
etc:1.0
word:1.0
processor:1.0
cut:1.0
past:1.0
medium:1.0
appreci:1.0
info:1.0
gratitud:1.0
