tedr:1.6931471805599454
athena:1.6931471805599454
c:1.6931471805599454
uga:1.6931471805599454
edu:1.6931471805599454
ted:1.6931471805599454
kalivoda:1.6931471805599454
subject:1.0
rom:1.0
9:1.6931471805599454
11:1.6931471805599454
articl:1.6931471805599454
readi:1.0
request:1.6931471805599454
organ:1.0
univers:1.6931471805599454
georgia:1.6931471805599454
athen:1.6931471805599454
line:1.0
14:1.6931471805599454
section:1.6931471805599454
richard:1.0
badena:1.6931471805599454
book:1.0
christ:1.0
end:1.0
law:1.0
roman:1.6931471805599454
10:1.0
paulin:1.0
perspect:1.0
contextu:1.0
set:1.0
mean:1.0
addit:1.0
111:1.0
endnot:1.0
sinc:1.0
file:1.0
long:1.0
reason:1.0
take:1.0
person:1.0
cours:1.0
believ:1.0
insight:1.0
true:1.0
quit:1.0
damag:1.0
tradit:1.0
augustinian:1.0
calvinist:1.0
view:1.0
ucn:1.0
institut:1.0
higher:1.0
ed:1.0
