oser:2.09861228866811
fermi:1.0
wustl:1.0
edu:1.0
scott:1.6931471805599454
subject:1.0
realli:1.0
rise:1.0
organ:1.0
washington:1.0
univers:1.0
astrophys:1.0
line:1.0
4:1.0
frank:1.0
got:1.0
mail:1.6931471805599454
earli:1.0
histor:1.0
refer:1.0
christian:1.0
like:1.0
respond:1.0
lost:1.0
address:1.0
plea:1.0
