abigail:2.386294361119891
ramsey:1.6931471805599454
c:2.09861228866811
laurentian:2.09861228866811
ca:1.6931471805599454
shawn:1.6931471805599454
subject:1.0
onlin:2.09861228866811
bibl:3.1972245773362196
studi:2.09861228866811
organ:1.0
dept:1.0
comput:1.0
scienc:1.0
univers:1.0
sudburi:1.0
line:1.0
54:1.0
apr:1.0
15:1.0
00:1.0
58:1.0
10:1.0
1993:1.0
28876:1.0
atho:1.0
rutger:1.0
edu:1.0
eng10205:1.0
nusunix1:1.0
nu:1.0
sg:1.0
ling:1.0
siew:1.0
wee:1.0
write:1.0
hello:1.0
embark:1.0
act:1.0
softwar:1.6931471805599454
would:1.0
like:1.0
know:2.09861228866811
background:1.0
author:2.09861228866811
variou:1.0
topic:1.6931471805599454
articl:2.09861228866811
peopl:2.09861228866811
new:2.09861228866811
testament:1.6931471805599454
need:1.0
realibl:1.0
specif:1.0
conveni:1.0
want:1.0
1:1.0
darbi:1.6931471805599454
translat:2.386294361119891
never:2.09861228866811
heard:2.09861228866811
one:1.6931471805599454
j:1.0
n:1.0
founder:1.0
plymouth:1.0
brother:1.6931471805599454
earli:1.0
support:1.0
dispensation:1.0
f:1.6931471805599454
bruce:1.0
highli:1.0
approv:1.0
also:1.6931471805599454
sever:1.0
languag:1.0
2:1.0
young:1.6931471805599454
liter:1.0
fellow:1.0
concord:1.6931471805599454
standard:2.09861228866811
refer:2.791759469228055
work:2.09861228866811
similar:1.0
strong:2.09861228866811
3:1.0
realiabl:2.09861228866811
hebrew:1.0
greek:1.0
lexicon:1.0
believ:1.0
follow:1.0
4:1.0
denomin:1.0
etc:1.0
modul:1.0
larri:1.0
pierc:1.0
baptist:1.0
think:1.0
thompson:1.0
chain:1.0
fame:1.0
presbyterian:1.0
5:1.0
treasuri:1.0
scriptur:1.0
knowleg:1.0
anoth:1.0
around:1.0
decad:1.0
version:1.0
releas:1.0
avail:1.6931471805599454
christian:1.0
book:1.0
distribut:1.0
6:1.0
comment:1.0
scofield:2.386294361119891
b:1.0
w:1.0
johnson:1.0
wrote:1.0
respect:1.0
creator:1.0
mani:1.0
note:1.0
strongli:1.0
dispens:1.0
7:1.0
number:1.6931471805599454
probabl:1.0
accur:1.0
