news:1.0
cbnewsk:1.0
att:1.0
com:1.0
subject:1.6931471805599454
bibl:1.0
unsuit:1.0
new:1.0
christian:1.0
organ:1.0
bell:1.0
lab:1.0
line:1.0
8:1.0
true:1.0
also:1.0
read:1.0
2:1.0
peter:1.6931471805599454
3:1.0
16:1.0
warn:1.0
scriptur:1.0
often:1.0
hard:1.0
understand:1.0
learn:1.0
joe:1.0
moor:1.0
