dohertyl:2.09861228866811
dc:1.6931471805599454
gla:1.6931471805599454
ac:1.6931471805599454
uk:2.09861228866811
subject:1.0
none:1.0
organ:1.0
glasgow:1.0
univers:1.0
comput:1.0
scienc:1.0
dept:1.0
distribut:1.0
return:1.0
path:1.0
x:1.0
mailer:1.0
mail:1.0
news:1.0
2:1.6931471805599454
0:1.0
5:1.0
line:1.0
satan:1.0
