mwhaefn:1.0
infonod:1.0
ingr:1.0
com:1.0
mark:1.6931471805599454
w:1.0
haefner:1.0
subject:1.0
accept:1.0
jesu:1.0
heart:1.0
organ:1.0
intergraph:1.0
corpor:1.0
huntsvil:1.0
al:1.0
line:1.0
10:1.0
religion:1.0
especi:1.6931471805599454
christian:2.09861228866811
noth:1.0
drug:1.6931471805599454
peopl:1.0
use:1.0
escap:1.0
realiti:1.0
inject:1.0
jeezu:1.0
live:1.0
high:1.0
would:1.0
say:1.0
