petch:1.6931471805599454
gvg47:1.0
gvg:1.0
tek:1.0
com:1.0
chuck:1.0
subject:1.0
daili:1.0
vers:1.0
organ:1.0
grass:1.6931471805599454
valley:1.6931471805599454
group:1.0
ca:1.0
line:1.0
4:1.0
let:1.0
u:1.0
becom:1.0
weari:1.0
good:1.0
proper:1.0
time:1.0
reap:1.0
harvest:1.0
give:1.0
galatian:1.0
6:1.0
9:1.0
