johnsd2:2.09861228866811
rpi:2.09861228866811
edu:2.791759469228055
dan:1.6931471805599454
johnson:1.6931471805599454
subject:1.0
accept:1.0
jeesu:1.0
heart:1.0
repli:1.0
organ:1.0
sun:1.0
microsystem:1.0
line:1.0
45:1.0
articl:2.09861228866811
29201:1.0
atho:2.09861228866811
rutger:2.09861228866811
seanna:1.6931471805599454
bnr:1.0
ca:1.0
watson:1.0
write:2.09861228866811
apr:1.0
14:1.0
03:1.0
07:1.0
38:1.0
1993:1.0
5420:1.0
28388:1.0
jayn:1.6931471805599454
mmalt:1.0
guild:1.0
org:1.0
kulikauska:1.0
effect:2.09861228866811
substanc:1.6931471805599454
abus:1.6931471805599454
recoveri:2.09861228866811
program:2.6094379124341005
involv:2.386294361119891
meet:1.0
peopl:2.386294361119891
spiritu:2.386294361119891
need:2.6094379124341005
might:2.09861228866811
want:1.0
provid:1.0
evid:1.0
next:1.0
time:1.0
make:1.6931471805599454
claim:1.0
like:1.6931471805599454
12:2.09861228866811
step:2.386294361119891
alcohol:1.0
anonym:1.0
one:1.6931471805599454
acknowled:1.0
higher:1.6931471805599454
power:1.6931471805599454
aa:1.0
acknowledg:1.6931471805599454
among:1.0
deletia:1.0
seem:1.0
rather:2.09861228866811
unclear:1.0
ask:1.0
plea:1.0
show:2.386294361119891
absur:1.0
meetinsg:1.0
mere:1.0
attempt:1.0
fill:1.6931471805599454
perciev:1.0
r:1.0
c:1.0
regular:1.0
snoopi:1.0
probabl:1.6931471805599454
defin:1.0
spritual:1.0
clear:1.0
thing:1.0
exist:1.0
annoth:1.6931471805599454
tack:1.0
take:1.0
say:1.0
fulfil:1.0
mean:1.0
sort:1.0
system:1.6931471805599454
requir:1.0
work:1.0
better:1.6931471805599454
otherwis:1.0
ident:1.0
correl:1.0
would:1.0
help:1.0
point:1.0
demonstr:1.0
swap:1.0
crutch:1.6931471805599454
howev:1.0
feel:1.0
religion:1.0
usual:1.6931471805599454
alchohol:1.0
poison:1.0
hope:1.0
clarif:1.0
question:1.6931471805599454
answer:1.0
actual:1.0
know:1.6931471805599454
tri:1.0
differ:1.0
god:1.0
said:1.0
jeez:1.0
dull:1.6931471805599454
genesi:1.0
0:1.6931471805599454
opinion:1.0
