schnitzi:1.6931471805599454
osceola:1.0
c:1.6931471805599454
ucf:1.6931471805599454
edu:2.09861228866811
mark:1.6931471805599454
schnitziu:1.6931471805599454
subject:1.0
atheist:2.386294361119891
hell:2.386294361119891
organ:1.0
univers:1.6931471805599454
central:1.6931471805599454
florida:1.6931471805599454
line:1.0
33:1.0
atterlep:1.0
vela:1.0
ac:1.0
oakland:1.0
cardin:1.0
ximenez:1.0
write:1.0
1:1.0
believ:2.386294361119891
die:2.9459101490553135
forev:1.0
2:1.0
god:1.0
would:1.6931471805599454
condemn:1.0
fail:1.0
etern:2.386294361119891
death:2.6094379124341005
unfair:1.0
see:1.0
problem:1.6931471805599454
christian:1.6931471805599454
definit:1.0
exactli:1.0
expect:1.0
well:1.0
think:1.0
concious:1.6931471805599454
somehow:1.0
continu:1.0
physic:1.6931471805599454
contradict:1.0
includ:1.0
name:1.0
contain:1.0
brain:1.6931471805599454
reason:1.0
especi:1.0
aw:1.0
peopl:1.0
bad:1.0
enough:1.0
fear:1.6931471805599454
pain:1.0
often:1.0
come:1.0
process:1.0
sinc:1.6931471805599454
around:1.0
worri:1.0
liter:1.0
interpret:1.0
bibl:1.6931471805599454
view:1.0
talk:1.0
fire:1.0
someth:1.0
alway:1.0
found:1.0
confus:1.0
nerv:1.0
end:1.0
bodi:1.0
flame:1.0
hurt:1.0
one:1.0
wail:1.0
gnash:1.0
teeth:1.6931471805599454
lung:1.0
eola:1.0
