mcovingt:1.6931471805599454
aisun3:1.0
ai:2.09861228866811
uga:1.6931471805599454
edu:2.386294361119891
michael:1.6931471805599454
covington:1.6931471805599454
subject:1.0
divin:1.6931471805599454
provid:1.0
v:1.0
murphi:2.386294361119891
law:2.386294361119891
organ:1.0
program:1.6931471805599454
univers:1.6931471805599454
georgia:2.09861228866811
athen:1.6931471805599454
line:1.0
19:1.6931471805599454
articl:1.0
apr:1.0
05:1.0
13:1.0
28:2.09861228866811
1993:1.0
29224:1.0
atho:1.0
rutger:1.0
rolf:1.6931471805599454
junior:1.0
dsu:1.0
tim:1.0
write:1.0
roman:1.6931471805599454
8:1.6931471805599454
rsv:1.0
know:1.0
everyth:1.0
god:1.0
work:1.0
good:1.0
love:1.0
call:1.0
accord:1.0
purpos:1.0
anyth:1.0
go:1.0
wrong:1.0
quit:1.0
familiar:1.0
amplif:1.0
commentari:1.0
harmon:1.0
matter:1.0
appropri:1.0
humor:1.0
contradict:1.0
scriptur:1.0
alway:1.0
taken:1.0
exhort:1.0
prudenc:1.0
observ:1.0
behavior:1.0
complex:1.0
system:1.0
rather:1.0
denial:1.0
benevol:1.0
associ:1.0
research:1.0
scientist:1.0
artifici:1.0
intellig:1.0
phone:1.0
706:1.0
542:1.0
0358:1.0
30602:1.0
7415:1.0
u:1.0
amateur:1.0
radio:1.0
n4tmi:1.0
