storr:2.791759469228055
eo:2.09861228866811
ncsu:2.09861228866811
edu:2.09861228866811
jerri:2.09861228866811
subject:1.0
march:2.09861228866811
jesu:1.6931471805599454
repli:1.0
organ:1.6931471805599454
north:1.6931471805599454
carolina:1.6931471805599454
state:1.6931471805599454
univers:1.6931471805599454
project:1.0
line:1.0
16:1.0
info:1.0
area:1.0
larg:1.0
leav:1.0
congrag:1.0
imo:1.0
mean:1.0
found:1.0
difficult:1.0
manag:1.6931471805599454
one:1.6931471805599454
feel:1.0
need:1.0
involv:1.6931471805599454
cast:1.0
stone:1.0
lord:1.0
includ:1.0
year:1.0
mayb:1.0
give:1.0
messag:1.0
lack:1.0
jl:1.0
l:1.0
system:1.0
u:2.791759469228055
got:2.09861228866811
2:2.09861228866811
b:2.09861228866811
tru:1.6931471805599454
dept:1.0
chemic:1.0
engin:1.0
livin:1.0
say:1.0
believ:1.0
raleigh:1.0
nc:1.0
27695:1.0
even:1.0
nobodi:1.0
watchin:1.0
919:1.0
515:1.0
6393:1.0
3465:1.0
fax:1.0
che:1.0
prefer:1.0
steven:1.0
curti:1.0
chapman:1.0
