jodfish:1.0
silver:1.0
uc:1.0
indiana:1.6931471805599454
edu:1.0
joseph:1.0
dale:1.0
fisher:1.6931471805599454
subject:1.0
go:1.0
perman:1.0
mail:1.0
organ:1.0
univers:1.0
line:1.0
8:1.0
well:1.0
time:1.0
year:1.0
iu:1.0
graduat:1.0
unfortun:1.0
mean:1.0
like:1.0
good:1.0
say:1.0
anoth:1.6931471805599454
usernam:1.0
even:1.0
ever:1.0
get:1.0
back:1.0
leav:1.0
part:1.0
ministri:1.0
brother:1.0
john:1.0
right:1.0
fun:1.0
rememb:1.0
flame:1.0
consid:1.0
slander:1.0
joe:1.0
