sml:1.0
rpsyc:1.0
nott:1.0
ac:1.0
uk:1.0
steve:1.6931471805599454
lang:1.6931471805599454
subject:1.6931471805599454
arrog:2.6094379124341005
christian:1.0
organ:1.0
nottingham:1.0
univers:1.0
line:1.0
60:1.0
articl:1.0
may:1.0
2:1.0
09:1.0
51:1.0
49:1.0
1993:1.0
11841:1.0
geneva:1.0
rutger:1.0
edu:1.0
wrote:1.0
geniu:1.0
scienc:3.1972245773362196
discov:1.0
enorm:1.0
progress:1.6931471805599454
knowledg:1.6931471805599454
could:1.0
made:1.6931471805599454
isol:1.0
studi:2.9459101490553135
physic:2.6094379124341005
interact:1.0
gener:1.0
area:1.0
proceed:1.0
logic:1.0
argument:1.0
experi:2.6094379124341005
scientif:2.6094379124341005
method:2.9459101490553135
hypothes:1.0
attempt:1.0
disprov:1.6931471805599454
hypothesi:1.6931471805599454
fail:1.6931471805599454
publish:1.0
other:1.0
accept:1.6931471805599454
work:1.0
theori:1.0
move:1.0
suitabl:1.0
object:2.6094379124341005
without:1.0
take:1.0
interest:1.0
via:1.0
experiment:1.0
philosophis:1.0
one:2.791759469228055
aim:1.6931471805599454
investig:1.0
valid:1.6931471805599454
hypthes:1.0
result:1.0
model:3.1972245773362196
produc:1.6931471805599454
think:2.09861228866811
process:1.6931471805599454
assumpt:2.791759469228055
mani:2.09861228866811
advoc:1.0
make:1.6931471805599454
seriou:1.0
lead:1.0
rather:1.0
belief:1.0
advantag:1.0
approach:1.0
explain:1.6931471805599454
world:3.1972245773362196
aris:1.0
sinc:2.09861228866811
thought:1.0
everyth:1.0
exist:2.6094379124341005
must:1.6931471805599454
sort:1.0
thing:1.0
either:1.0
way:1.0
known:1.0
anyth:1.6931471805599454
affect:2.09861228866811
exampl:1.0
part:1.0
includ:1.0
spirit:1.0
behaviour:1.0
observ:2.386294361119891
claim:2.09861228866811
non:1.6931471805599454
asumpt:1.0
natur:1.0
bad:1.0
believ:1.0
well:1.6931471805599454
illog:1.0
plain:1.0
sloppi:1.0
purpos:1.0
abl:1.0
past:1.0
predict:1.0
outcom:1.0
futur:1.0
carri:1.0
defin:1.0
ideal:1.0
scientist:1.6931471805599454
except:1.0
best:1.0
describ:1.0
realis:1.0
minim:1.0
number:1.0
moment:1.0
reli:1.0
spiritu:2.09861228866811
equal:1.0
power:1.0
assum:1.6931471805599454
fewer:1.0
current:1.0
never:1.0
present:1.0
correct:1.0
wherea:1.0
religion:1.0
repres:1.6931471805599454
truth:1.6931471805599454
theist:1.0
said:1.0
slang:1.0
sling:1.0
slink:1.0
slick:1.0
slack:1.0
shack:1.0
shank:1.0
thank:1.0
thick:1.0
