e:1.0
p:1.0
unl:1.0
edu:1.0
edgar:1.0
pearlstein:1.0
subject:1.0
legal:2.09861228866811
definit:2.09861228866811
religion:2.386294361119891
organ:1.0
univers:1.0
nebraska:1.0
lincoln:1.0
line:1.0
8:1.0
understand:1.0
u:1.0
suprem:1.0
court:1.6931471805599454
never:1.0
given:1.0
despit:1.0
mani:1.0
case:1.0
involv:1.0
come:1.0
anyon:1.0
verifi:1.0
falsifi:1.0
state:1.0
govern:1.0
tri:1.0
give:1.0
