hudson:2.09861228866811
athena:1.0
c:1.0
uga:1.0
edu:2.386294361119891
paul:1.0
jr:1.0
subject:1.0
homosexu:3.0794415416798357
issu:1.0
christian:1.6931471805599454
organ:1.0
univers:1.0
georgia:1.0
athen:1.0
line:1.0
35:1.6931471805599454
articl:1.6931471805599454
may:1.0
6:1.6931471805599454
00:1.0
17:1.0
1993:1.6931471805599454
15441:1.0
geneva:1.6931471805599454
rutger:1.6931471805599454
loisc:1.0
microsoft:1.0
com:1.0
loi:1.0
christiansen:1.0
write:1.0
apr:1.0
30:1.0
03:1.0
11:1.0
27:1.0
10101:1.0
fsspr:1.0
acad3:1.0
alaska:1.0
wrote:1.0
might:1.0
visit:1.0
congreg:1.0
happen:1.6931471805599454
spirit:2.6094379124341005
fill:1.0
believ:1.6931471805599454
gift:1.6931471805599454
seen:1.0
endors:1.0
one:1.6931471805599454
behavior:1.0
lot:1.0
peopl:2.09861228866811
suffer:1.0
similar:1.0
belief:1.0
jesu:2.09861228866811
said:1.0
would:2.09861228866811
come:1.6931471805599454
say:1.6931471805599454
lord:2.09861228866811
proclaim:1.0
miracul:1.0
work:1.6931471805599454
done:1.0
name:1.0
tell:1.0
worker:1.0
iniqu:1.0
know:1.0
depart:1.0
everyon:1.0
commit:1.0
sin:2.09861228866811
holi:1.6931471805599454
given:2.09861228866811
moral:1.6931471805599454
perfect:1.0
u:2.6094379124341005
god:2.09861228866811
forgiv:1.0
repent:1.0
care:1.0
think:1.6931471805599454
must:1.6931471805599454
okay:1.0
gay:1.0
danger:1.0
see:1.0
also:1.0
hebrew:1.0
partaken:1.0
power:1.0
world:1.0
commun:1.6931471805599454
ask:1.6931471805599454
chang:2.09861228866811
sexual:1.0
natur:2.09861228866811
lift:1.0
submit:1.0
hand:1.0
practic:1.6931471805599454
act:1.0
lust:1.0
violat:1.0
set:1.0
forth:1.0
ignor:1.6931471805599454
least:1.0
consid:1.6931471805599454
weak:1.0
faith:1.0
celeb:1.0
sake:1.0
worth:1.0
cost:1.0
soul:1.0
whether:1.0
link:1.0
