daniel:1.0
math:1.0
ufl:1.0
edu:1.0
tv:1.0
big:1.0
dealer:1.0
subject:1.0
variant:1.0
nt:1.0
text:1.6931471805599454
cont:1.0
organ:1.0
whatev:1.0
line:1.0
6:1.0
ti:1.0
wish:1.0
echo:1.0
andrew:1.0
kill:1.0
wrote:1.0
know:1.0
publish:1.0
form:1.0
english:1.0
type:1.6931471805599454
recens:1.0
act:1.0
cours:1.0
beza:1.6931471805599454
quit:1.0
bizarr:1.0
gospel:1.0
well:1.0
share:1.0
strang:1.0
read:1.0
way:1.0
stand:1.0
codex:1.0
claromontanu:1.0
elsewher:1.0
tfrank:1.0
