ab4z:1.0
virginia:1.6931471805599454
edu:1.0
andi:1.0
beyer:1.0
subject:1.0
translat:1.6931471805599454
organ:1.0
univers:1.0
line:1.0
2:1.0
version:1.0
bibl:1.0
consid:1.0
accur:1.0
