moy:1.6931471805599454
acf2:1.0
nyu:1.0
edu:1.0
subject:1.0
apolog:1.6931471805599454
organ:1.0
new:1.0
york:1.0
univers:1.0
line:1.0
3:1.0
respond:1.0
post:1.0
last:1.0
week:1.0
carri:1.0
somewhat:1.0
hostil:1.0
tone:1.0
intent:1.0
creat:1.0
contriversi:1.0
piss:1.0
peopl:1.0
offend:1.0
sorri:1.0
