daveshao:1.0
leland:1.0
stanford:1.6931471805599454
edu:2.09861228866811
david:1.0
shao:1.0
subject:1.0
divorc:3.0794415416798357
organ:1.0
dsg:1.0
univers:1.0
ca:1.0
94305:1.0
usa:1.0
line:1.0
72:1.0
delet:1.0
much:2.6094379124341005
follow:1.0
articl:1.6931471805599454
order:1.0
discus:1.6931471805599454
specif:1.6931471805599454
issu:1.0
whether:1.0
accept:2.386294361119891
may:1.0
7:1.0
01:1.0
10:1.0
03:1.0
1993:1.0
14583:1.0
atho:1.0
rutger:1.0
cr:1.0
carson:1.0
u:1.0
washington:1.0
cliff:1.0
slaughterbeck:1.0
write:1.0
along:1.0
way:1.0
marri:2.791759469228055
happili:1.0
wonder:1.6931471805599454
support:1.6931471805599454
husband:3.0794415416798357
gave:1.0
birth:1.0
two:1.0
son:1.0
still:1.6931471805599454
everyth:1.0
perfect:1.0
jane:2.386294361119891
sinc:1.6931471805599454
could:2.386294361119891
never:1.6931471805599454
open:1.0
deepest:1.0
part:2.09861228866811
soul:1.0
alway:1.0
found:2.09861228866811
closer:1.0
woman:2.09861228866811
friend:1.6931471805599454
good:1.6931471805599454
lo:1.0
might:1.0
struggl:1.0
age:1.6931471805599454
38:1.0
decid:1.6931471805599454
lesbian:1.0
came:1.0
home:1.6931471805599454
announc:1.0
understand:1.6931471805599454
told:1.0
come:2.09861228866811
sever:1.0
year:2.09861228866811
wait:1.0
realiz:1.0
time:2.386294361119891
child:2.09861228866811
9:1.0
11:1.0
also:1.0
extrem:1.0
youngest:1.0
put:1.0
mean:1.6931471805599454
love:1.6931471805599454
peopl:2.09861228866811
agre:1.0
remain:1.6931471805599454
consid:1.0
extend:1.0
famili:1.6931471805599454
day:1.0
one:2.09861228866811
interest:1.0
thing:1.6931471805599454
said:1.0
whole:2.09861228866811
homosexu:1.0
goe:1.0
bedroom:1.0
abl:1.0
deep:2.09861228866811
commit:1.6931471805599454
relationship:2.09861228866811
man:2.09861228866811
sex:1.0
mind:1.6931471805599454
key:1.0
interconnect:1.0
made:1.0
point:1.0
say:1.0
met:1.0
dozen:1.0
take:1.0
second:1.0
honestli:1.0
ponder:1.0
thought:1.6931471805599454
implic:1.6931471805599454
scari:1.0
gener:1.0
broken:1.0
men:1.0
okay:1.0
leav:1.0
wive:2.09861228866811
thrill:1.0
younger:1.0
attract:1.0
legitim:1.0
anyon:1.0
decis:1.0
someon:1.6931471805599454
marriag:1.6931471805599454
state:1.0
mutual:1.0
journey:1.0
life:1.6931471805599454
passiv:1.0
feel:1.6931471805599454
must:1.6931471805599454
activ:1.0
will:1.0
older:1.0
execut:1.0
dump:1.0
wife:1.6931471805599454
mani:1.0
stay:1.0
care:1.6931471805599454
happi:1.0
sexual:1.6931471805599454
unless:1.6931471805599454
beauti:1.0
young:1.0
blond:1.0
real:1.0
solut:1.0
coupl:2.09861228866811
make:1.6931471805599454
renew:1.0
effort:1.6931471805599454
hold:1.0
fast:1.0
faith:2.09861228866811
lord:2.386294361119891
repeatedli:1.0
compar:1.0
relat:1.6931471805599454
endur:1.0
learn:1.0
someth:1.0
mystic:1.0
trial:1.0
spous:1.0
brain:1.6931471805599454
tumor:1.6931471805599454
left:1.0
partial:1.0
paralyz:1.6931471805599454
resum:1.0
grow:1.6931471805599454
remiss:1.0
thank:1.0
god:1.0
perhap:1.0
would:1.6931471805599454
certainli:1.0
give:1.0
permiss:1.0
seek:1.0
el:1.0
satisfi:1.0
need:1.0
idea:1.0
alright:1.0
apart:1.0
seem:1.0
lead:1.0
monstrou:1.0
destruct:1.0
everi:1.0
avoid:1.0
hint:1.0
compromis:1.0
becom:1.6931471805599454
petti:1.0
small:1.0
threaten:1.0
lose:1.0
weight:1.0
prais:1.0
guid:1.0
anyway:1.0
despit:1.0
possibl:1.0
terribl:1.0
ill:1.0
turn:1.0
known:1.0
either:1.0
mayb:1.0
car:1.0
accid:1.0
tomorrow:1.0
neck:1.0
deal:1.0
situat:1.0
help:1.0
run:1.0
away:1.0
