lieuwen:1.6931471805599454
allegra:1.0
att:1.0
com:1.0
dan:1.6931471805599454
subject:1.0
obviou:1.0
polit:1.0
correct:1.0
organ:1.0
bell:1.0
laboratori:1.0
murray:1.0
hill:1.0
nj:1.0
line:1.0
5:1.0
last:1.0
state:1.0
church:1.0
massachusett:1.0
sam:1.0
adam:1.0
patriot:1.0
brewmast:1.0
tenur:1.0
governor:1.0
revolutionari:1.0
war:1.0
got:1.0
pas:1.0
believ:1.0
elimin:1.0
around:1.0
1820:1.0
