glang:1.0
slee01:1.6931471805599454
srl:1.6931471805599454
ford:2.09861228866811
com:1.6931471805599454
gordon:1.0
lang:1.0
subject:1.0
flame:1.6931471805599454
therapi:1.6931471805599454
articl:1.0
fmsrl7:1.0
1pqdfrinn88:1.0
organ:1.0
motor:1.0
compani:1.0
research:1.0
laboratori:1.0
line:1.0
5:1.0
nntp:1.0
post:1.0
host:1.0
x:1.0
newsread:1.0
tin:1.0
1:1.6931471805599454
pl5:1.0
think:1.0
would:1.0
great:1.0
idea:1.0
new:1.0
group:1.0
creat:1.0
comp:1.0
sy:1.0
ibm:1.0
pc:1.0
anybodi:1.0
agre:1.0
