stagger:1.6931471805599454
cup:2.09861228866811
hp:1.6931471805599454
com:1.6931471805599454
ken:1.6931471805599454
subject:1.0
warranti:2.791759469228055
extens:1.0
credit:2.09861228866811
compani:1.6931471805599454
appli:1.6931471805599454
phurchas:1.0
comput:2.386294361119891
articl:1.0
c51cv1:1.0
mll:1.0
distribut:1.0
usa:1.0
organ:1.0
hewlett:1.0
packard:1.0
line:1.0
20:1.0
nntp:1.0
post:1.6931471805599454
host:1.0
writer:1.0
x:1.0
newsread:1.0
tin:1.0
version:1.0
1:2.09861228866811
pl9:1.0
huayong:1.0
yang:1.6931471805599454
titan:1.0
uc:1.0
uma:1.0
edu:1.0
wrote:1.0
card:2.09861228866811
offer:1.0
doubl:2.09861228866811
one:2.09861228866811
year:1.6931471805599454
name:1.0
make:1.0
purchas:2.6094379124341005
get:1.6931471805599454
addit:1.0
wonder:1.0
anyon:1.0
use:2.09861228866811
catch:1.0
thank:1.0
advanc:1.0
result:1.0
big:1.0
key:1.0
point:1.0
abil:1.0
american:1.0
express:1.0
read:1.0
fine:1.0
print:1.0
polici:1.0
amex:2.09861228866811
citibank:2.09861228866811
visa:1.6931471805599454
sure:1.0
allow:1.0
maximum:1.0
claim:1.6931471805599454
250:1.6931471805599454
00:1.6931471805599454
could:1.0
imagin:1.0
tri:1.0
monitor:1.0
mother:1.0
board:1.0
fix:1.0
limit:1.0
rememb:1.0
must:1.6931471805599454
either:1.0
send:1.6931471805599454
copi:1.0
info:1.0
30:1.0
day:1.6931471805599454
call:1.0
pre:2.09861228866811
regist:1.6931471805599454
paperwork:1.0
within:1.0
90:1.0
pak:1.0
arriv:1.0
today:1.0
requir:1.0
registr:1.0
