dcoleman:2.6094379124341005
utxvm:2.386294361119891
cc:2.386294361119891
utexa:2.386294361119891
edu:2.9459101490553135
daniel:1.6931471805599454
coleman:1.6931471805599454
subject:1.0
gateway:2.09861228866811
2000:1.6931471805599454
ati:1.6931471805599454
lb:1.6931471805599454
problem:2.6094379124341005
line:1.6931471805599454
37:1.6931471805599454
nntp:1.0
post:1.0
host:1.0
gray:1.0
organ:1.0
univers:1.6931471805599454
texa:1.6931471805599454
austin:1.6931471805599454
articl:1.0
jmgree01:2.09861228866811
734040660:1.0
starbas:2.09861228866811
spd:2.09861228866811
louisvil:2.09861228866811
jude:1.6931471805599454
greer:1.6931471805599454
write:1.0
wonder:1.0
anyon:1.6931471805599454
486:1.0
33dx:1.0
vl:1.0
bu:1.0
system:1.0
graphic:1.0
ultra:1.0
pro:1.0
comput:2.09861228866811
resolut:1.0
800x600:2.09861228866811
everyth:1.6931471805599454
fine:1.0
whenev:1.6931471805599454
use:1.0
window:1.0
autocad:1.0
gif:1.0
screen:2.386294361119891
get:1.6931471805599454
1:1.6931471805599454
2:1.6931471805599454
inch:1.0
shorter:1.0
top:1.6931471805599454
bottom:1.6931471805599454
3:1.0
4:1.0
bar:1.0
black:1.0
cut:1.6931471805599454
squeez:1.0
smaller:1.0
space:1.0
mess:1.0
aspect:1.0
ratio:1.0
manual:1.6931471805599454
chang:1.0
v:1.0
size:1.6931471805599454
back:1.6931471805599454
pain:1.0
as:1.0
happen:1.0
anyway:1.0
call:1.0
numer:1.0
time:2.09861228866811
abl:1.0
help:1.0
two:1.0
differ:1.6931471805599454
sent:1.0
new:1.6931471805599454
card:2.791759469228055
work:1.6931471805599454
even:1.0
tri:2.09861228866811
bill:1.6931471805599454
first:1.0
coupl:1.0
day:1.0
told:1.0
phone:1.0
would:1.0
wait:1.0
week:1.0
custom:1.0
support:1.0
stori:1.0
plea:1.0
let:1.6931471805599454
know:2.386294361119891
hell:1.0
solut:1.0
one:1.0
thank:1.0
advanc:1.0
p:1.0
alreadi:1.0
go:1.0
mach:1.0
32:1.0
instal:1.0
program:1.0
set:1.0
ting:1.0
increas:1.0
vertic:1.0
start:1.0
mayb:1.0
monitor:1.6931471805599454
mention:1.0
swap:1.0
perhap:1.0
could:1.0
dan:1.0
matthew:1.0
internet:1.0
ccwf:1.0
decnet:1.0
electr:1.0
engin:1.0
bitnet:1.6931471805599454
