nshah:2.09861228866811
acs2:1.6931471805599454
bu:2.09861228866811
edu:2.09861228866811
subject:1.0
simm:2.386294361119891
sale:2.09861228866811
organ:1.0
boston:1.6931471805599454
univers:1.0
usa:1.0
line:1.6931471805599454
6:1.0
origin:1.0
1:1.0
4mx9:1.0
70n:1.6931471805599454
36pin:1.0
perfect:1.0
condit:1.0
work:1.0
system:1.0
requir:1.0
72:1.6931471805599454
pin:1.6931471805599454
would:1.0
like:1.0
get:1.0
paid:1.0
115:1.0
3:1.0
insur:1.0
ship:1.0
addit:1.0
4mb:1.0
eisa:1.0
p:1.0
2:1.0
type:1.0
drop:1.0
thank:1.0
nimesh:1.0
shah:1.0
ac:1.0
