glang:1.0
slee01:1.6931471805599454
srl:1.6931471805599454
ford:2.09861228866811
com:1.6931471805599454
gordon:1.0
lang:1.0
subject:1.0
shadow:1.6931471805599454
mask:1.6931471805599454
organ:1.0
motor:1.0
compani:1.0
research:1.0
laboratori:1.0
line:1.0
9:1.0
nntp:1.0
post:1.0
host:1.0
x:1.0
newsread:1.0
tin:1.0
1:1.6931471805599454
pl5:1.0
andrew:1.0
bw:1.0
colfelt:1.6931471805599454
ucsu:1.0
colorado:1.0
edu:1.0
wrote:1.0
put:1.0
face:1.0
main:1.0
memori:1.0
keep:1.0
day:1.0
job:1.0
