pschneid:1.6931471805599454
rzu:1.0
unizh:1.6931471805599454
ch:2.09861228866811
subject:1.0
problem:2.791759469228055
maxtor:2.6094379124341005
lxt340:1.6931471805599454
spin:1.6931471805599454
reason:1.6931471805599454
keyword:1.0
340:1.6931471805599454
adaptec:1.6931471805599454
1542:1.6931471805599454
scsi:2.09861228866811
organ:1.0
univers:1.0
zurich:2.09861228866811
switzerland:1.6931471805599454
x:1.0
newsread:1.0
tin:1.0
version:1.0
1:2.6094379124341005
pl8:1.0
line:1.0
53:1.0
plea:1.0
help:1.6931471805599454
follow:1.0
strang:1.0
drive:2.09861228866811
386:1.6931471805599454
clone:1.0
would:1.6931471805599454
time:2.09861228866811
obviou:1.0
complet:1.0
one:2.09861228866811
tell:1.0
sound:1.0
simpli:1.0
refus:1.0
access:1.6931471805599454
do:3.1972245773362196
react:1.0
error:1.6931471805599454
someth:1.0
like:2.09861228866811
unfortun:1.0
reproduc:1.0
sometim:1.6931471805599454
occur:1.0
often:1.0
le:1.0
last:1.0
happen:1.0
want:1.0
demonstr:1.0
softwar:1.0
colleagu:1.0
know:1.0
anybodi:1.0
experienc:1.0
similar:1.0
take:1.0
thing:1.0
dealer:1.0
told:1.0
noth:1.0
wrong:1.0
check:1.0
post:1.0
group:1.0
seem:1.0
howev:1.0
describ:1.0
also:1.0
differ:1.0
configur:1.0
thanx:1.0
advanc:1.0
e:2.09861228866811
mail:1.6931471805599454
peter:1.6931471805599454
list:1.0
equip:1.0
comput:1.0
mandax:1.0
mainboard:1.0
33:1.0
2mb:1.0
master:1.0
ii:1.0
hard:1.0
nec:1.0
cdr:1.0
83:1.0
cd:1.6931471805599454
rom:1.6931471805599454
reader:1.0
remain:1.0
remov:1.0
et4000:1.0
vga:1.0
card:1.0
config:1.0
sy:3.0794415416798357
file:1.0
30:1.0
devic:2.6094379124341005
c:3.5649493574615367
setver:1.0
exe:1.0
window:2.09861228866811
himem:1.0
system:2.09861228866811
aspi4do:1.0
aswcdnec:1.0
neccd:1.6931471805599454
high:1.0
countri:1.6931471805599454
041:1.0
display:1.0
con:2.09861228866811
ega:1.6931471805599454
autoex:1.0
bat:1.0
smartdriv:1.0
path:1.0
set:1.0
temp:1.0
mode:1.6931471805599454
codepag:1.6931471805599454
prepar:1.0
437:1.6931471805599454
cpi:1.0
select:1.0
keyb:1.0
sg:1.0
keyboard:1.0
mscdex:1.0
l:1.0
v:1.0
schneider:1.0
englisch:1.0
seminar:1.0
universitaet:1.0
phone:1.0
41:1.6931471805599454
257:1.0
3554:1.0
plattenstrass:1.0
47:1.0
fax:1.0
262:1.0
1204:1.0
8032:1.0
