hamilton:2.09861228866811
romulu:1.0
eh:1.0
uiuc:1.6931471805599454
edu:2.6094379124341005
wayn:1.0
subject:1.0
null:2.791759469228055
modem:3.0794415416798357
25:2.09861228866811
pin:2.9459101490553135
serial:1.0
articl:1.6931471805599454
news:1.0
c520g:1.0
dyw:1.0
organ:1.0
univers:1.0
illinoi:1.0
urbana:1.6931471805599454
line:1.0
57:1.0
x:1.0
newsread:1.0
tin:1.0
version:1.0
1:2.386294361119891
pl9:1.0
bruce:1.0
maynard:1.0
drac:1.0
uumem:1.0
chi:1.0
il:1.6931471805599454
u:1.0
wrote:1.0
93083:1.0
215554mal112:1.0
psuvm:2.09861228866811
psu:2.09861228866811
mitch:1.0
lewar:1.0
mal112:1.6931471805599454
write:1.0
someon:1.6931471805599454
give:1.0
spec:1.0
cabl:1.6931471805599454
ferget:1.0
get:1.0
cross:1.6931471805599454
easi:1.0
one:1.6931471805599454
carri:1.6931471805599454
straight:1.0
thru:1.6931471805599454
except:1.0
2:3.302585092994046
3:3.1972245773362196
el:1.0
alreadi:1.0
mention:1.0
23:1.0
plan:2.386294361119891
minim:1.0
tsg:2.386294361119891
7:3.0794415416798357
sg:2.386294361119891
ttd:2.386294361119891
rd:2.386294361119891
trd:2.386294361119891
td:2.386294361119891
transfer:2.09861228866811
file:1.0
betwen:1.0
pc:1.0
ought:1.0
work:1.0
unless:1.0
persnick:1.0
comm:1.6931471805599454
program:1.0
b:1.6931471805599454
control:2.09861228866811
tdcd:1.6931471805599454
8:2.386294361119891
dtr:2.386294361119891
20:2.386294361119891
tdtr:1.6931471805599454
dcd:2.386294361119891
softwar:1.6931471805599454
wait:1.0
anyth:1.0
rais:1.0
enabl:1.0
accept:1.0
call:1.0
side:1.0
drive:1.0
c:1.6931471805599454
hardwar:1.0
flow:1.6931471805599454
trt:1.6931471805599454
4:2.386294361119891
ct:1.6931471805599454
5:2.386294361119891
tct:1.6931471805599454
rt:1.6931471805599454
high:1.0
speed:1.0
want:1.0
delux:1.0
combin:1.0
ideal:1.0
leav:1.0
dsr:1.0
ri:1.0
rare:1.0
use:1.0
anymor:1.0
realli:1.0
paranoid:1.0
8th:1.0
wire:1.0
spend:1.0
might:1.0
add:1.0
tfg:1.0
fg:1.0
number:1.0
obvious:1.0
connector:1.0
9:1.0
pinout:1.0
handi:1.0
twayn:1.0
net:1.0
thamilton:1.0
osiri:1.0
cso:1.0
lowtek:1.0
tbox:1.0
476:1.0
61801:1.0
217:1.0
384:1.0
4310:1.0
voic:1.0
4311:1.0
bb:1.0
