robert:2.386294361119891
desonia:2.386294361119891
hal9k:2.09861228866811
ann:2.6094379124341005
arbor:2.6094379124341005
mi:2.09861228866811
u:2.09861228866811
subject:1.0
486dx:2.09861228866811
50:2.09861228866811
v:1.6931471805599454
486dx2:1.0
distribut:1.0
world:1.0
organ:1.0
hal:1.6931471805599454
9000:1.6931471805599454
bb:1.6931471805599454
w:1.6931471805599454
net:1.6931471805599454
hq:1.6931471805599454
michigan:1.0
usa:1.0
repli:1.0
line:1.0
30:1.0
ay:3.0794415416798357
mani:1.6931471805599454
recent:1.0
advertis:1.0
seen:1.0
base:1.0
system:1.6931471805599454
first:1.0
realli:1.0
exist:1.0
impli:1.0
circuitri:1.0
motherboard:1.0
work:2.386294361119891
speed:1.6931471805599454
opposit:1.0
latter:1.0
intern:1.6931471805599454
cpu:1.0
50mhz:2.6094379124341005
thanx:1.0
advanc:1.0
andrew:1.6931471805599454
ye:1.0
dx:2.09861228866811
dx2:1.6931471805599454
version:1.0
486:1.0
consid:1.0
buy:1.0
one:1.0
definit:1.0
go:1.0
nice:1.0
size:1.0
extern:1.0
cach:2.09861228866811
perform:1.0
far:1.0
greater:1.0
8k:1.0
potenti:1.0
much:1.0
larger:1.0
neither:1.0
could:1.0
actual:1.0
run:1.0
program:1.0
main:1.0
memori:1.0
sinc:1.6931471805599454
dram:1.0
still:1.0
slow:1.0
high:1.0
bu:1.0
60n:1.0
16:1.0
66mhz:1.0
rdd:1.0
winqwk:1.0
2:1.6931471805599454
0b:1.0
0:1.0
unregist:1.0
evalu:1.0
copi:1.0
kmail:1.6931471805599454
95d:1.0
1:1.6931471805599454
313:1.6931471805599454
663:2.09861228866811
4173:1.6931471805599454
3959:1.6931471805599454
qwk:1.0
usenet:1.6931471805599454
gateway:1.0
four:1.0
14400:1.0
32bi:1.0
dial:1.0
in:1.0
free:1.0
mail:1.0
200:1.0
newsgroup:1.0
pcboard:1.0
14:1.0
5am:1.0
uupcb:1.0
call:1.0
member:1.0
eff:1.0
asp:1.0
asad:1.0
1500mb:1.0
disk:1.0
serv:1.0
1988:1.0
