christen:1.6931471805599454
astro:2.09861228866811
oci:2.09861228866811
templ:2.6094379124341005
edu:2.09861228866811
carl:1.6931471805599454
christensen:1.6931471805599454
subject:1.0
8:2.386294361119891
card:2.9459101490553135
6:1.6931471805599454
motherboard:2.09861228866811
organ:1.0
univers:1.6931471805599454
line:1.0
16:2.09861228866811
nntp:1.0
post:1.0
host:1.0
x:1.0
newsread:1.0
tin:1.0
version:1.0
1:1.6931471805599454
pl8:1.0
may:1.0
dumbest:1.0
question:1.0
year:1.0
way:1.0
piggyback:1.0
expand:1.6931471805599454
slot:2.386294361119891
bit:2.09861228866811
get:1.6931471805599454
usual:1.0
case:1.0
like:1.0
scanner:1.0
alreadi:1.0
max:1.0
hope:1.0
simpl:1.0
solut:1.0
exist:1.0
e:1.0
g:1.0
adapt:1.0
turn:1.6931471805599454
one:1.0
three:1.0
mind:1.0
put:1.0
midi:1.0
soundblast:1.0
ide:1.0
floppi:1.0
svga:1.0
modem:1.0
screw:1.0
perform:1.0
everyth:1.0
el:1.0
hate:1.0
buy:1.0
new:1.0
dept:1.0
comput:1.0
scienc:1.0
curious:1.6931471805599454
lc:1.0
philadelphia:1.0
pa:1.0
usa:1.0
