volkert:2.09861228866811
kub:2.09861228866811
nl:2.09861228866811
subject:1.0
80486dx:1.6931471805599454
50:3.0794415416798357
v:1.6931471805599454
80586dx2:1.0
organ:1.0
tilburg:1.6931471805599454
univers:1.0
netherland:1.0
nntp:1.0
post:1.6931471805599454
host:1.0
itkdsh:1.0
line:1.0
19:1.0
anonym:1.0
saw:1.0
choic:1.6931471805599454
80486dx2:1.0
wonder:1.0
although:1.0
dx:1.6931471805599454
faster:1.6931471805599454
path:1.0
extern:1.0
cach:1.6931471805599454
dx2:1.6931471805599454
one:1.6931471805599454
made:1.0
work:1.0
properli:1.0
local:1.6931471805599454
bu:1.6931471805599454
mean:1.0
speed:1.6931471805599454
thing:1.0
block:1.0
video:1.0
get:1.0
will:1.0
specul:1.0
2:1.0
4:1.6931471805599454
time:1.0
fast:1.0
probabl:1.0
expens:1.0
cheap:1.0
regard:1.0
jv:1.0
name:1.0
j:1.0
meuldijk:1.0
address:1.0
gildelaar:1.0
4847:1.0
hw:1.0
teteringen:1.0
holland:1.0
e:1.0
mail:1.0
oooo:1.6931471805599454
