chau:1.0
hao:1.0
ucar:1.0
edu:1.0
nation:1.0
center:1.0
atmospher:1.0
research:1.0
subject:1.0
look:1.6931471805599454
book:2.09861228866811
distribut:1.0
na:1.0
organ:1.0
high:1.0
altitud:1.0
observatori:1.0
boulder:1.0
co:1.0
80303:1.0
line:1.0
3:1.0
hi:1.0
netter:1.0
ti:1.0
show:1.0
fix:1.0
hardwar:1.0
problem:1.0
tpleas:1.0
let:1.0
know:1.0
mind:1.0
thank:1.0
