tal:2.09861228866811
brownvm:2.386294361119891
brown:2.6094379124341005
edu:2.09861228866811
subject:1.0
ep:2.386294361119891
technolog:2.09861228866811
experi:1.0
anyon:2.09861228866811
organ:1.0
univers:1.6931471805599454
provid:1.0
rhode:1.0
island:1.0
usa:1.0
line:1.0
29:1.0
nntp:1.0
post:2.09861228866811
host:1.0
summari:1.0
486dx:1.6931471805599454
33mhz:1.6931471805599454
recommend:1.6931471805599454
x:2.09861228866811
news:1.0
softwar:1.0
bnn:1.6931471805599454
via:1.0
v1:1.0
0:1.6931471805599454
beta:1.0
rough:1.0
start:1.0
purchas:1.0
486:1.0
system:2.09861228866811
see:1.6931471805599454
earlier:1.0
tri:1.0
look:1.0
follow:1.0
offer:1.6931471805599454
w:2.09861228866811
256k:1.0
static:1.0
ram:2.09861228866811
cach:1.6931471805599454
ami:1.0
bio:1.0
3:2.386294361119891
32:1.6931471805599454
bit:2.6094379124341005
vesa:1.6931471805599454
local:1.6931471805599454
bu:1.6931471805599454
slot:2.09861228866811
16:1.0
1:2.6094379124341005
8:1.6931471805599454
teac:1.0
2:1.0
44:1.0
mb:2.09861228866811
floppi:1.0
drive:1.6931471805599454
maxtor:1.0
170:1.0
hard:1.0
15:1.6931471805599454
m:1.0
ide:1.0
64k:1.0
buffer:1.0
video:1.0
card:1.6931471805599454
1mb:1.0
1024:1.6931471805599454
768:1.6931471805599454
ni:1.6931471805599454
think:1.0
orchid:1.0
fahrenheit:1.0
1280:1.0
14:1.0
multisync:1.0
monitor:1.6931471805599454
101:1.0
keyboard:1.0
200:1.0
watt:1.0
power:1.0
suppli:1.0
window:1.0
mous:1.0
do:1.0
6:1.0
year:1.6931471805599454
limit:1.0
warranti:1.0
site:1.0
servic:1.6931471805599454
probabl:1.0
go:1.6931471805599454
add:1.0
125:1.0
flat:1.0
screen:1.0
digit:1.0
also:1.0
want:1.0
least:1.0
159:1.0
extra:1.0
bought:1.0
particularli:1.0
like:1.0
one:1.0
consid:1.0
especi:1.0
interest:1.0
warrante:1.0
compani:1.0
similar:1.0
packag:1.0
support:1.0
compar:1.0
price:1.0
fastmicro:1.0
thank:1.0
advanc:1.0
tobi:1.0
loftu:1.0
