dejesu:1.0
eniac:2.09861228866811
sea:2.09861228866811
upenn:2.09861228866811
edu:2.09861228866811
cavali:1.0
subject:1.0
help:1.6931471805599454
need:1.6931471805599454
organ:1.0
univers:1.0
pennsylvania:1.0
line:1.0
128:1.0
nntp:1.0
post:1.0
host:1.0
hello:1.0
hope:1.0
somebodi:1.0
current:1.6931471805599454
work:1.6931471805599454
project:1.0
tri:2.09861228866811
commun:1.6931471805599454
ibm:1.0
386:1.0
phoenix:1.0
bio:2.386294361119891
use:3.1972245773362196
c:2.9459101490553135
board:1.6931471805599454
made:1.0
intel:1.0
8085:1.6931471805599454
cpu:1.0
uart:2.791759469228055
chip:1.0
fine:1.0
transmit:1.6931471805599454
command:2.791759469228055
termin:1.0
emul:1.0
mode:1.0
kermit:1.0
seem:1.0
someth:1.6931471805599454
wrong:1.6931471805599454
initi:2.09861228866811
protocol:1.0
access:1.0
unit:1.0
built:1.0
sizabl:1.0
chunk:1.0
code:2.386294361119891
perform:1.0
calcul:1.0
oper:1.0
difficult:1.0
assembl:2.09861228866811
languag:1.6931471805599454
includ:3.0794415416798357
run:1.0
anyon:1.0
show:1.0
blatantli:1.0
incorrectli:1.0
miss:1.0
lack:1.0
knowledg:1.0
r:1.0
232:1.0
serial:1.0
plea:1.0
e:1.0
mail:1.0
wrote:1.0
wait:1.0
charact:3.1972245773362196
receiv:2.6094379124341005
check:1.6931471805599454
0x20:2.6094379124341005
led:2.09861228866811
indic:1.0
two:1.0
program:1.0
written:1.0
noth:1.0
set:2.09861228866811
com:1.0
port:2.386294361119891
2:2.09861228866811
send:2.09861228866811
one:1.0
bioscom:2.6094379124341005
function:1.6931471805599454
h:3.5649493574615367
softwar:1.0
interrupt:1.6931471805599454
int86:2.386294361119891
do:1.6931471805599454
tripl:1.0
baud:1.0
rate:1.0
2400:1.0
pariti:1.6931471805599454
none:1.0
stop:1.6931471805599454
bit:3.0794415416798357
1:2.386294361119891
length:1.0
8:2.386294361119891
call:1.0
0x14:2.09861228866811
loss:1.0
may:1.0
hardwar:1.0
guru:1.0
want:1.0
comment:1.0
tthank:1.0
alot:1.0
thubert:1.0
de:1.0
jesu:1.0
tdejesu:1.0
tintel:1.0
asm:1.0
equ:2.791759469228055
3000h:1.0
regist:3.70805020110221
8155:2.386294361119891
porta:2.09861228866811
3001h:1.0
timerlo:1.6931471805599454
3004h:1.0
high:1.6931471805599454
timer:2.6094379124341005
timerhi:1.6931471805599454
3005h:1.0
low:1.6931471805599454
uartdata:2.09861228866811
e000h:1.0
data:2.386294361119891
uartcmd:3.0794415416798357
e001h:1.0
org:1.0
4000h:1.0
sram:1.0
locat:1.0
mvi:3.1972245773362196
08h:1.0
sta:3.3978952727983707
40h:1.0
11111101b:1.0
start:2.09861228866811
enabl:1.6931471805599454
11h:1.0
display:1.6931471805599454
11:1.0
7:1.6931471805599454
segment:1.6931471805599454
00h:1.0
clear:1.0
01000000b:1.0
intern:1.0
reset:1.0
lda:2.09861228866811
remov:1.0
extran:1.0
01001111b:1.0
init:2.791759469228055
64x:1.0
async:1.0
00100111b:1.0
read:1.6931471805599454
statu:2.09861228866811
ani:1.0
02h:1.0
rxrdi:1.0
jz:1.0
loop:1.6931471805599454
cpi:1.0
jnz:1.0
22h:1.0
22:1.0
hlt:1.0
end:1.0
stdio:1.6931471805599454
stdlib:1.6931471805599454
defin:2.6094379124341005
0:1.6931471805599454
3:1.0
com2:2.6094379124341005
void:1.0
main:1.6931471805599454
char:1.0
abyt:2.6094379124341005
0xa3:1.0
printf:2.386294361119891
comm:1.0
0x4000:1.0
sent:1.6931471805599454
tc:1.0
union:1.0
reg:1.0
ah:1.6931471805599454
0x00:1.0
al:1.6931471805599454
0xa7:1.0
x:1.6931471805599454
dx:1.6931471805599454
0x01:2.09861228866811
