root:1.0
zeo:2.6094379124341005
com:1.0
superus:1.0
subject:1.0
vesa:2.386294361119891
video:2.6094379124341005
chang:1.6931471805599454
spec:1.0
organ:1.0
intern:1.0
ltd:1.0
line:1.0
61:1.0
know:1.0
recent:1.0
standard:1.6931471805599454
local:1.0
bu:1.0
card:2.791759469228055
ncr:2.791759469228055
base:1.6931471805599454
new:1.0
diamond:2.9459101490553135
stealth:2.791759469228055
24:2.6094379124341005
vlb:2.791759469228055
packag:1.6931471805599454
2:2.386294361119891
3:2.09861228866811
4:1.0
1:2.09861228866811
still:1.0
screamer:1.0
also:1.6931471805599454
ad:1.0
149:1.0
upgrad:1.6931471805599454
viper:2.6094379124341005
product:1.6931471805599454
list:1.6931471805599454
comparison:1.0
differ:1.0
configur:1.0
offer:1.0
64ox480:1.6931471805599454
color:2.791759469228055
16:3.70805020110221
256:3.3978952727983707
32k:2.6094379124341005
64k:2.6094379124341005
7m:2.09861228866811
8oox6oo:2.09861228866811
1024x768:2.386294361119891
1280x1024:1.0
processor:1.6931471805599454
77c22e:1.0
s3:2.09861228866811
86c805:1.0
weitek:1.0
power:1.0
9000:1.0
ram:2.6094379124341005
1m:2.09861228866811
max:1.0
address:1.6931471805599454
vid:1.0
3m:1.0
2m:2.09861228866811
type:1.0
dram:1.6931471805599454
vram:1.0
user:1.0
socket:1.6931471805599454
ye:3.6390573296152584
thru:1.0
refresh:2.6094379124341005
60:2.386294361119891
72:3.0794415416798357
hz:3.4849066497880004
56:2.09861228866811
44:1.0
70:1.0
43:2.6094379124341005
128oxl024:1.0
74:1.0
26:1.0
pin:1.0
featur:1.0
connector:1.0
conflict:2.386294361119891
x2e8:1.0
port:1.6931471805599454
addr:1.0
com4:1.0
driver:2.386294361119891
win:2.09861228866811
acad:1.6931471805599454
9:1.0
10:1.6931471805599454
11:1.0
12:1.6931471805599454
o:1.6931471805599454
winnt:1.0
winmark:1.0
5m:1.0
21:1.0
50m:1.0
l:1.0
give:1.0
1280xl:1.0
024:1.0
sinc:1.0
downward:1.0
compat:1.0
2e8:1.0
admit:1.0
exist:1.0
prelim:1.0
manual:1.0
incorrectli:1.0
autocad:1.0
current:2.09861228866811
avail:2.09861228866811
speedstar:1.0
24x:1.0
obtain:1.0
tech:1.6931471805599454
support:2.386294361119891
408:1.0
736:1.0
2000:1.0
bb:1.0
0:1.0
vga:1.0
svga:1.0
near:1.0
futur:1.0
window:1.0
nt:2.09861228866811
releas:1.6931471805599454
yet:1.0
hope:1.0
disk:1.0
test:1.6931471805599454
come:1.0
ran:1.0
depart:1.0
1024x768x256:1.0
dx2:1.6931471805599454
66:1.6931471805599454
result:1.6931471805599454
offici:1.0
7ohz:1.0
