kenni:1.6931471805599454
castl:1.6931471805599454
ed:1.6931471805599454
ac:1.6931471805599454
uk:2.09861228866811
k:1.0
j:1.0
macdonald:1.6931471805599454
subject:1.0
upgrad:1.6931471805599454
386sx:1.6931471805599454
25:2.386294361119891
386dx:2.6094379124341005
40:2.791759469228055
organ:1.0
edinburgh:1.6931471805599454
univers:1.6931471805599454
line:1.0
41:1.0
think:1.6931471805599454
splash:1.0
new:1.0
motherboard:1.0
pc:1.0
run:1.0
linux:1.0
main:1.0
o:1.6931471805599454
small:1.0
do:1.0
partit:1.0
left:1.0
flatmat:1.0
game:1.0
current:1.0
setup:1.0
amd:1.6931471805599454
387sx:1.0
itt:1.0
9:1.0
mbyte:1.6931471805599454
70n:1.0
simm:1.0
120:1.0
100:1.0
ide:1.0
basic:1.0
two:1.0
choic:1.0
1:1.6931471805599454
get:2.386294361119891
387dx:1.0
2:1.6931471805599454
sort:1.0
486:2.09861228866811
unfortun:1.0
live:1.0
comput:1.0
price:2.386294361119891
far:1.0
high:1.0
first:1.0
option:1.0
work:1.0
pound:1.0
200:1.0
board:2.386294361119891
start:1.0
sx:1.0
coupl:1.0
question:1.0
much:1.6931471805599454
improv:1.0
speed:1.0
notic:1.0
copro:2.09861228866811
rememb:1.0
use:1.0
32:1.0
bit:1.0
alot:1.0
float:1.0
point:1.0
oper:1.0
faster:1.0
would:1.0
486dx:1.0
33:1.0
wait:1.0
pentium:1.0
pressur:1.0
reduc:1.0
cost:1.0
tani:1.0
experi:1.0
help:1.0
tkenni:1.0
p:1.0
exampl:1.0
t386dx:1.0
270:1.0
t486dx33:1.0
tm:1.0
580:1.0
kenneth:1.0
te:1.0
mail:1.0
dept:1.0
geolog:1.0
geophys:1.0
tscotland:1.0
