biedig:1.6931471805599454
lonestar:1.6931471805599454
utsa:1.6931471805599454
edu:1.6931471805599454
david:1.6931471805599454
subject:1.0
tangent:2.09861228866811
comput:1.0
eisa:1.6931471805599454
lb:1.0
system:1.6931471805599454
nntp:1.0
post:1.0
host:1.0
organ:1.0
univers:1.0
texa:1.0
san:1.0
antonio:1.0
distribut:1.0
usa:1.0
line:1.0
9:1.0
anyon:1.6931471805599454
dealt:1.0
look:1.0
486:1.0
backplan:1.0
vesa:1.0
slot:1.0
video:1.0
scsi:1.0
contol:1.0
use:1.0
made:1.0
aorta:1.0
never:1.0
heard:1.0
brand:1.0
comment:1.0
control:1.0
thank:1.0
