rpao:2.09861228866811
mt:2.09861228866811
mivj:1.6931471805599454
ca:1.6931471805599454
u:1.6931471805599454
roger:1.6931471805599454
c:1.6931471805599454
pao:1.6931471805599454
subject:1.0
16mb:2.6094379124341005
isa:2.386294361119891
limit:1.6931471805599454
keyword:1.0
monitor:1.0
vga:1.0
question:1.0
organ:1.0
microtech:1.0
softwar:1.0
line:1.0
29:1.0
marka:1.0
ssd:1.0
csd:1.0
harri:1.0
com:1.0
mark:1.0
ashley:1.0
write:1.0
latest:1.0
pc:1.6931471805599454
magazin:1.0
pentium:1.0
isssu:1.0
editori:1.0
advantag:1.0
use:1.6931471805599454
eis:1.0
vesa:1.6931471805599454
lb:1.6931471805599454
rather:1.0
plain:1.0
supposedli:1.0
user:1.0
eventu:1.0
want:1.0
ram:2.386294361119891
howev:1.0
sinc:1.0
bu:2.386294361119891
24:1.0
bit:1.0
anyth:1.0
access:1.0
even:1.0
32mb:1.0
motherboard:1.6931471805599454
far:1.0
agre:1.0
argument:1.0
writer:1.0
claim:1.0
glitch:1.0
occur:1.0
system:2.386294361119891
part:1.0
understand:1.0
right:1.0
cpu:1.6931471805599454
problem:1.6931471805599454
talk:1.0
anybodi:1.0
explain:1.0
master:1.6931471805599454
address:1.0
first:1.0
memori:1.0
dma:1.0
actual:1.0
data:1.6931471805599454
transfer:1.6931471805599454
directli:1.0
rp93:1.0
gordiu:1.0
bagdad:1.0
pride386:1.0
