ted:2.9459101490553135
isgtec:2.386294361119891
com:2.6094379124341005
richard:2.09861228866811
subject:1.0
pc:3.0794415416798357
x:2.09861228866811
distribut:1.0
usa:1.0
organ:1.0
isg:1.6931471805599454
technolog:1.6931471805599454
inc:1.6931471805599454
mississauga:1.6931471805599454
ont:1.6931471805599454
canada:1.6931471805599454
line:2.386294361119891
43:1.0
newsread:1.0
tin:1.0
version:1.0
1:2.386294361119891
pl9:1.0
follow:1.0
note:1.0
wrote:1.6931471805599454
al:1.6931471805599454
devilbiss:1.0
col:1.0
hp:1.6931471805599454
look:2.386294361119891
like:2.09861228866811
everyth:1.0
work:1.6931471805599454
advertis:1.0
disappoint:1.0
speed:1.0
use:2.791759469228055
intel:1.0
400:1.0
intern:1.0
14:1.6931471805599454
4k:1.6931471805599454
modem:2.386294361119891
telebit:1.0
unix:2.09861228866811
end:1.0
current:1.0
limit:1.0
19:1.0
2kbit:1.0
link:1.6931471805599454
get:1.0
quantit:1.0
comparison:1.0
cat:2.386294361119891
file:2.6094379124341005
20:1.0
kbyte:1.0
uncompress:1.0
ascii:1.0
text:1.0
took:1.0
75:1.0
second:2.09861228866811
scroll:2.09861228866811
window:3.1972245773362196
270:1.0
char:1.6931471805599454
sec:2.9459101490553135
ident:1.0
hardwar:1.0
procomm:1.0
fw:1.0
take:1.0
11:1.6931471805599454
1820:1.0
btw:1.0
ncd:1.0
xview:2.386294361119891
everi:1.0
day:1.0
access:1.0
lan:1.6931471805599454
fine:1.0
2:3.0794415416798357
connect:1.0
tri:1.6931471805599454
experi:1.0
20261:1.0
byte:1.0
471:1.0
variou:1.0
scenario:1.0
do:2.6094379124341005
full:2.09861228866811
screen:2.09861228866811
o:2.791759469228055
1024x768x16:1.0
18:1.0
telix:2.09861228866811
1024xs768x256:1.0
107:1.0
standard:1.0
vga:1.0
3:1.6931471805599454
1024x768x256:2.09861228866811
30:1.6931471805599454
uw:2.09861228866811
win:2.09861228866811
seamless:1.6931471805599454
gave:1.6931471805599454
4:1.0
min:1.6931471805599454
faster:1.6931471805599454
pg:1.0
could:1.0
littl:1.0
keep:1.0
hit:1.0
space:1.0
bar:1.0
ati:1.0
wonder:1.0
xl:1.0
video:1.0
card:1.0
way:1.0
pretti:2.09861228866811
good:1.6931471805599454
desktop:1.0
pathet:1.0
although:1.0
page:1.0
redraw:1.0
normal:1.0
9x15bold:1.0
10x20:1.0
font:1.6931471805599454
small:1.0
differ:1.0
time:1.0
receiv:1.0
light:1.0
solidli:1.0
bottleneck:1.0
9600:1.0
baud:1.0
draw:1.0
uunet:1.0
ca:1.0
6509:1.0
airport:1.0
rd:1.0
l4v:1.0
1s7:1.0
