walker:2.386294361119891
thufir:1.6931471805599454
c:2.09861228866811
umn:2.09861228866811
edu:2.09861228866811
robert:1.6931471805599454
paul:1.0
subject:1.0
do:1.6931471805599454
board:2.09861228866811
16:1.6931471805599454
port:1.6931471805599454
nntp:1.0
post:2.09861228866811
host:1.0
organ:1.0
univers:1.6931471805599454
minnesota:1.6931471805599454
line:1.0
19:1.0
friend:1.0
run:1.0
bb:1.0
sure:1.0
window:1.0
interest:1.0
anoth:1.0
someon:1.6931471805599454
sugget:1.0
digiboard:1.0
much:1.0
info:1.0
could:1.0
give:1.0
inform:1.0
know:1.0
mention:1.0
configur:1.0
model:1.0
specif:1.0
price:1.0
manufactur:1.0
thank:1.0
rob:1.0
comput:1.0
scienc:1.0
dept:1.0
