jmarttila:2.6094379124341005
finabo:1.6931471805599454
abo:2.09861228866811
fi:2.386294361119891
fast:1.0
eddi:1.0
felson:1.0
subject:1.0
adaptec:1.6931471805599454
1542a:1.6931471805599454
problem:2.386294361119891
organ:1.0
turku:1.6931471805599454
school:1.0
econom:1.0
x:1.0
news:1.6931471805599454
reader:1.0
vm:1.0
1:1.6931471805599454
24:1.0
line:1.0
29:1.0
hello:1.0
recent:1.0
suffer:1.0
variou:1.0
concern:1.0
control:2.09861228866811
floppi:1.6931471805599454
disk:2.386294361119891
drive:1.6931471805599454
work:1.0
appar:1.0
least:1.0
two:1.6931471805599454
jumper:2.09861228866811
affect:1.6931471805599454
unfortun:1.0
locat:1.6931471805599454
one:1.0
lower:1.0
front:1.0
corner:1.0
would:1.0
like:1.0
know:1.0
possibl:1.0
2:1.0
hard:1.0
refus:1.0
boot:1.6931471805599454
scsi:1.0
hd:1.6931471805599454
rodim:1.0
miniscrib:1.0
get:2.09861228866811
messag:1.0
miss:1.0
oper:1.6931471805599454
system:1.6931471805599454
even:1.0
though:1.0
format:1.0
damn:1.0
sure:1.0
quantum:1.0
might:1.6931471805599454
far:1.0
m:1.0
do:1.0
version:1.0
inform:1.0
cours:1.0
due:1.0
incombat:1.0
memori:1.0
driver:1.0
could:1.0
caus:1.0
error:1.0
tthank:1.0
advanc:1.0
jouni:1.6931471805599454
marttila:1.0
yo:1.0
kyl:1.0
11:1.0
b:1.0
25:1.0
20540:1.0
finland:1.0
358:1.0
21:1.0
374624:1.0
abovax:1.0
jjmartti:1.0
utu:1.0
pgp:1.0
key:1.0
avail:1.0
via:1.0
finger:1.0
