gt5576b:1.6931471805599454
prism:1.0
gatech:1.6931471805599454
edu:1.6931471805599454
joe:1.6931471805599454
bleazard:1.6931471805599454
subject:1.0
refer:1.6931471805599454
need:1.6931471805599454
memori:2.09861228866811
manag:2.09861228866811
distribut:1.0
usa:1.0
organ:1.0
georgia:1.6931471805599454
institut:1.6931471805599454
technolog:1.6931471805599454
line:1.0
15:1.0
report:1.0
topic:2.09861228866811
advanc:1.6931471805599454
know:1.6931471805599454
good:1.6931471805599454
cover:1.6931471805599454
analyt:1.0
chemistri:1.0
class:1.0
instrument:1.0
analysi:1.0
could:1.6931471805599454
guess:1.0
extrem:1.0
thorough:1.0
extens:1.0
also:1.0
chemic:1.6931471805599454
engin:1.6931471805599454
much:1.0
anyon:1.0
help:1.0
point:1.0
direct:1.0
would:1.0
thank:1.6931471805599454
hydra:1.0
school:1.0
atlanta:1.0
ga:1.0
30332:1.0
0100:1.0
