ong:1.6931471805599454
mang:1.6931471805599454
iastat:1.6931471805599454
edu:1.6931471805599454
sleep:1.0
dragon:1.0
subject:1.0
want:1.6931471805599454
opinion:2.09861228866811
mag:2.09861228866811
17:2.6094379124341005
nanao:2.09861228866811
560i:2.09861228866811
monitor:2.791759469228055
summari:1.0
organ:1.0
iowa:1.0
state:1.0
univers:1.0
ame:1.0
ia:1.0
distribut:1.0
usa:1.0
line:1.0
15:1.0
hi:1.0
look:1.0
buy:2.09861228866811
soon:1.0
seem:1.0
decid:1.0
25:1.0
dpi:1.0
version:1.0
use:1.0
triniton:1.0
tube:1.0
mind:1.0
anyon:1.0
know:1.0
specif:1.0
problem:1.0
actual:1.0
relat:1.0
welcom:1.0
thank:1.0
advanc:1.0
