eugeneh:1.6931471805599454
phakt:1.6931471805599454
usc:2.09861228866811
edu:2.09861228866811
heug:1.6931471805599454
aka:1.6931471805599454
eugen:2.09861228866811
hsu:1.6931471805599454
subject:1.0
pc:1.6931471805599454
x:1.0
organ:1.0
univers:1.6931471805599454
southern:1.6931471805599454
california:1.6931471805599454
lo:1.0
angel:1.0
ca:1.6931471805599454
line:1.0
25:1.0
distribut:1.0
usa:1.0
nntp:1.0
post:1.0
host:1.6931471805599454
articl:1.0
4552:1.0
isgtec:2.6094379124341005
com:2.386294361119891
ted:2.6094379124341005
richard:1.6931471805599454
write:1.0
al:1.6931471805599454
devilbiss:1.0
col:1.0
hp:1.6931471805599454
wrote:1.0
brought:1.0
ncd:2.09861228866811
xview:1.0
window:1.0
version:1.0
use:1.0
modem:1.0
link:1.0
unix:1.6931471805599454
system:1.0
instal:1.0
easi:1.0
need:1.0
program:1.0
also:1.0
call:1.0
xremot:1.0
run:1.0
total:1.0
softwar:1.6931471805599454
cost:1.0
one:1.0
seat:1.0
200:1.0
anyon:1.0
know:1.0
educ:1.0
price:1.0
packag:1.0
u:1.0
strap:1.0
cash:1.0
thank:1.0
uunet:1.0
isg:1.0
technolog:1.0
inc:1.0
6509:1.0
airport:1.0
rd:1.0
mississauga:1.0
ont:1.0
canada:1.0
l4v:1.0
1s7:1.0
scf:1.0
electr:1.0
biomed:1.0
engin:1.0
ho:2.09861228866811
freak:1.0
yeah:1.6931471805599454
santa:1.0
next:1.0
victim:1.0
kroq:1.0
106:1.0
7:1.0
new:1.0
detect:1.0
goe:1.0
undercov:1.0
12:1.0
15:1.0
92:1.0
