wlsmith:1.0
valv:1.6931471805599454
heart:1.6931471805599454
rri:1.6931471805599454
uwo:1.6931471805599454
ca:1.6931471805599454
wayn:1.0
smith:1.0
subject:1.0
ide:2.9459101490553135
v:1.0
scsi:4.13549421592915
organ:1.0
john:1.0
p:1.0
robart:1.0
research:1.0
institut:1.0
london:1.0
ontario:1.0
nntp:1.0
post:1.0
host:1.0
line:1.0
54:1.0
articl:1.0
1qk7kvinnndk:1.0
dns1:1.0
nmsu:1.6931471805599454
edu:1.6931471805599454
bgrubb:1.0
dant:1.0
grubb:1.0
write:1.0
point:1.6931471805599454
view:1.0
advantag:1.0
come:2.6094379124341005
multi:1.6931471805599454
task:1.6931471805599454
data:2.791759469228055
could:1.0
anywher:1.0
drive:3.4849066497880004
find:1.0
faster:2.09861228866811
get:1.6931471805599454
comput:1.0
better:1.6931471805599454
cach:1.0
system:1.6931471805599454
thought:1.0
good:1.6931471805599454
manag:2.09861228866811
bu:2.386294361119891
multipl:1.0
devic:1.6931471805599454
attach:1.0
talk:1.6931471805599454
singl:2.09861228866811
explain:1.0
inher:1.0
hard:2.386294361119891
integr:1.0
electron:1.0
current:1.0
common:1.0
standard:1.6931471805599454
mainli:1.6931471805599454
use:2.09861228866811
medium:1.0
size:1.0
one:1.0
asynchron:2.09861228866811
transfer:1.0
5mb:1.0
max:1.0
start:1.0
spec:1.6931471805599454
sheet:1.0
isa:2.09861228866811
first:1.0
quot:1.0
till:1.0
blue:1.0
face:1.0
exceed:1.0
capabl:1.0
say:1.0
limit:1.0
5:2.09861228866811
meg:2.386294361119891
sec:2.09861228866811
vlb:1.0
anyon:1.0
know:1.6931471805599454
perform:1.0
lowest:1.0
set:1.0
2:2.386294361119891
interfac:2.09861228866811
1:1.0
mode:2.09861228866811
averag:1.0
put:2.09861228866811
maximum:1.0
full:1.0
blow:1.0
poor:1.0
window:1.0
street:1.0
garbag:1.0
impliment:1.6931471805599454
problem:1.0
becom:1.0
mechanisim:1.6931471805599454
keep:1.0
rate:1.0
bottleneck:1.0
cost:2.791759469228055
given:1.0
origin:2.09861228866811
question:1.0
control:1.0
necessari:1.0
least:1.0
mayb:1.0
10:1.0
choic:1.0
make:2.09861228866811
senc:1.0
200:1.0
400:1.0
self:1.0
fullil:1.0
prophisi:1.0
peopl:1.0
buy:1.6931471805599454
expenc:1.6931471805599454
pc:2.09861228866811
turn:1.0
convic:1.0
mass:1.0
produc:1.0
would:1.0
reduc:1.0
unwar:1.0
effect:1.0
rule:1.0
scale:1.0
item:2.09861228866811
sold:1.0
le:1.6931471805599454
bare:1.0
brunt:1.0
manufactur:1.0
cga:1.0
cart:1.0
back:1.0
84:1.0
300:1.0
think:1.0
ega:1.0
card:1.0
pga:1.0
800:1.0
stood:1.0
rel:1.0
alon:1.0
price:1.6931471805599454
sun:1.0
sparc:1.0
sgi:1.0
name:1.0
favorit:1.0
unix:1.0
workstat:1.0
million:1.0
decis:1.0
year:1.0
plenti:1.0
time:1.0
argu:1.0
well:1.0
highway:1.0
still:1.0
want:1.0
intrins:1.0
o:1.0
