gregof:1.0
jsp:1.0
umontr:1.0
ca:1.0
grego:1.0
filippo:1.0
subject:1.0
info:1.6931471805599454
want:1.0
tseng:1.6931471805599454
lab:1.6931471805599454
et4000:1.6931471805599454
vlb:1.6931471805599454
organ:1.0
universit:1.0
de:1.0
montreal:1.0
line:1.0
9:1.0
hi:1.0
fellow:1.0
netter:1.0
anybodi:1.0
card:2.09861228866811
price:1.0
speed:1.0
compat:1.0
exist:1.0
com:1.0
softwar:1.0
perform:1.0
compar:1.0
other:1.0
s3:1.0
base:1.0
thank:1.0
