kevin:2.6094379124341005
kosman:2.09861228866811
uucp:2.09861228866811
gorman:1.6931471805599454
subject:1.0
date:2.386294361119891
stuck:1.6931471805599454
organ:1.0
vital:1.6931471805599454
softwar:1.0
servic:1.0
oxnard:1.6931471805599454
ca:1.6931471805599454
line:1.0
15:1.0
anybodi:1.0
seen:1.0
get:1.6931471805599454
run:1.6931471805599454
m:1.0
do:2.09861228866811
5:1.0
0:1.0
menu:1.6931471805599454
system:2.09861228866811
aliv:1.0
time:2.09861228866811
machin:1.0
left:1.0
suddenli:1.0
longer:1.0
roll:1.0
reason:1.0
accur:1.0
allway:1.0
chang:1.0
hand:1.0
everi:1.0
morn:1.0
involv:1.0
exit:1.0
anyon:1.0
slightest:1.0
idea:1.0
even:1.0
clue:1.0
whether:1.0
hardwar:1.0
batteri:1.0
cmo:1.0
broken:1.0
nrc:1.0
com:1.0
voic:1.0
805:1.0
984:1.0
8042:1.0
comput:1.0
5115:1.0
beachcomb:1.0
93035:1.0
non:1.0
disclaim:1.0
bos:1.0
stand:1.0
behind:1.0
everyth:1.0
say:1.0
