bgrubb:1.0
dant:1.6931471805599454
nmsu:1.6931471805599454
edu:1.6931471805599454
grubb:1.0
subject:1.0
ide:3.0794415416798357
v:1.0
scsi:4.091042453358316
organ:1.0
new:1.0
mexico:1.0
state:1.0
univers:1.0
la:1.0
cruce:1.0
nm:1.0
line:1.6931471805599454
44:1.0
distribut:1.0
world:2.386294361119891
nntp:1.0
post:1.0
host:1.0
wlsmith:1.0
valv:1.0
heart:1.0
rri:1.0
uwo:1.0
ca:1.0
wayn:1.0
smith:1.0
write:1.0
200:1.0
400:1.0
meg:1.6931471805599454
5:2.09861228866811
sec:1.0
drive:3.3978952727983707
cost:1.6931471805599454
sinc:1.6931471805599454
quadra:1.0
mac:2.791759469228055
abl:1.0
deal:1.0
5mb:1.0
hard:2.386294361119891
start:1.0
160mb:1.0
idea:1.0
follow:1.0
extern:1.0
20mb:1.0
299:1.0
15:1.0
mb:3.0794415416798357
52mb:1.0
379:1.0
7:1.6931471805599454
3:1.6931471805599454
80mb:1.0
449:1.0
63:1.0
120mb:1.0
569:1.0
639:1.0
4:2.791759469228055
75:1.0
33:1.0
210mb:1.0
979:1.0
1029:1.0
67:1.0
90:1.0
320mb:1.0
1499:1.0
1549:1.0
68:1.0
84:1.0
510mb:1.0
1999:1.0
2119:1.0
92:1.0
31:1.0
etc:1.6931471805599454
1:1.0
2:1.6931471805599454
goe:1.6931471805599454
price:2.386294361119891
size:1.0
assum:1.0
pc:1.0
argu:1.0
standard:1.6931471805599454
make:1.6931471805599454
good:1.0
well:2.09861228866811
impliment:1.0
data:1.6931471805599454
highway:1.0
still:1.6931471805599454
want:1.0
know:1.0
intrins:1.0
better:1.0
isa:1.0
bu:1.0
come:1.0
multi:1.6931471805599454
task:1.6931471805599454
o:2.386294361119891
manag:1.0
singl:1.0
also:1.6931471805599454
floppi:2.09861228866811
interfac:2.791759469228055
intefac:1.0
non:1.6931471805599454
card:1.6931471805599454
modem:1.0
keyboard:1.0
devic:1.0
id:1.0
use:2.6094379124341005
call:1.6931471805599454
cpu:1.6931471805599454
identifi:1.0
allow:1.0
cross:1.0
fast:1.0
program:1.6931471805599454
handl:1.0
show:1.6931471805599454
best:1.0
quatra:1.0
ibm:1.0
happen:1.0
printer:1.0
scanner:1.0
expands:1.0
plu:1.0
nubu:1.0
cage:1.0
cd:1.0
rom:1.0
seem:1.6931471805599454
mainli:1.0
spec:1.0
nobodi:1.0
given:1.0
find:1.0
besid:1.0
advertiz:1.0
jack:1.0
trade:1.0
master:1.0
one:1.6931471805599454
alon:1.0
put:1.0
blow:1.0
water:1.0
rememb:1.0
high:2.386294361119891
machin:1.0
18:1.0
month:1.0
ago:1.0
came:1.6931471805599454
earth:1.0
rule:1.0
scale:1.0
play:1.0
remain:1.0
cheap:1.0
mean:1.0
chezzi:1.0
end:1.6931471805599454
comput:1.6931471805599454
time:1.0
anyth:1.0
el:1.0
proabli:1.0
kept:1.0
statospher:1.0
wise:1.0
multitask:1.0
part:1.0
next:1.0
could:1.0
choos:1.0
16:1.0
bit:2.386294361119891
32:1.0
mode:1.0
desin:1.0
8:1.6931471805599454
braindead:1.0
run:1.0
least:1.0
way:1.0
ugh:1.0
