balog:2.386294361119891
eniac:2.09861228866811
sea:2.09861228866811
upenn:2.09861228866811
edu:2.09861228866811
eric:1.6931471805599454
j:1.0
subject:1.0
floppi:2.386294361119891
drive:3.3978952727983707
problem:1.6931471805599454
help:1.6931471805599454
organ:1.0
univers:1.0
pennsylvania:1.0
line:1.0
25:1.6931471805599454
nntp:1.0
post:1.0
host:1.0
hi:1.0
effort:1.0
make:1.0
3:1.6931471805599454
5:2.09861228866811
normal:1.0
b:2.09861228866811
switch:1.6931471805599454
order:1.0
connect:1.0
cabl:1.6931471805599454
serial:1.0
card:1.0
ide:1.0
control:1.0
boot:1.6931471805599454
chang:1.0
cmo:1.6931471805599454
set:1.6931471805599454
reflect:1.0
light:1.6931471805599454
come:1.0
failur:1.0
tri:1.6931471805599454
read:1.0
back:1.0
origin:1.6931471805599454
posit:1.0
restor:1.0
came:1.0
process:1.0
stay:1.0
long:1.0
comput:1.0
see:1.0
disk:2.09861228866811
spin:1.0
yet:1.0
seem:1.0
access:1.0
msd:1.0
exe:1.0
norton:1.6931471805599454
si:1.6931471805599454
detect:1.0
get:1.0
detail:1.0
inform:1.0
tell:1.0
anyon:1.0
offer:1.0
suggest:1.0
desper:1.0
need:1.0
thank:1.0
time:1.0
