mohammad:1.6931471805599454
al:1.6931471805599454
ansari:1.6931471805599454
alansari:1.0
mango:1.0
uc:1.0
indiana:2.09861228866811
edu:1.6931471805599454
subject:1.0
17:2.791759469228055
monitor:2.791759469228055
organ:1.0
univers:1.6931471805599454
comput:1.6931471805599454
scienc:2.09861228866811
bloomington:1.0
line:1.0
30:1.0
articl:1.0
1993apr10:1.0
082253:1.0
19597:1.0
uxmail:2.09861228866811
ust:2.386294361119891
hk:2.386294361119891
c:2.6094379124341005
ngfo:2.09861228866811
forrest:1.6931471805599454
normandi:1.6931471805599454
write:1.0
want:1.0
buy:1.6931471805599454
comment:1.0
nanno:1.0
t560i:1.6931471805599454
nec:1.0
5fg:1.0
sii:1.0
thank:1.6931471805599454
lot:1.0
hong:1.6931471805599454
kong:1.6931471805599454
internet:1.0
stu:1.0
technolog:1.0
e:1.0
mail:1.0
depart:1.0
phone:1.0
852:1.0
358:1.0
8631:1.0
rm:1.6931471805599454
608:1.6931471805599454
page:1.0
1128635:1.0
4860:1.0
ug:1.0
hall:1.0
4:1.0
hkust:1.0
window:1.0
sourc:1.0
magazin:1.0
review:1.0
number:1.0
recent:1.0
said:1.6931471805599454
nanao:1.0
best:1.6931471805599454
get:1.0
money:1.0
also:1.6931471805599454
mitsubishi:1.6931471805599454
diamond:1.0
pro:1.0
next:1.0
choic:1.0
superb:1.0
pictur:1.0
qualiti:1.0
around:1.0
1070:1.0
anyon:1.0
actual:1.0
seen:1.0
think:1.6931471805599454
go:1.0
consid:1.0
rememb:1.0
correctli:1.0
view:1.0
area:1.0
16:1.0
measur:1.0
diagon:1.0
talansari:1.0
