kxn3796:1.0
hertz:1.6931471805599454
njit:2.09861228866811
edu:2.09861228866811
ken:2.09861228866811
nakata:2.09861228866811
ci:1.6931471805599454
stnt:1.0
subject:1.0
help:1.0
simm:1.6931471805599454
keyword:1.0
question:1.0
answer:1.6931471805599454
organ:1.0
new:1.0
jersey:1.0
institut:1.0
technolog:1.0
newark:1.0
n:1.6931471805599454
j:1.0
line:1.0
53:1.0
nntp:1.0
post:2.09861228866811
host:1.0
articl:2.09861228866811
c5fu1u:1.0
pxx:1.0
austin:1.6931471805599454
ibm:1.6931471805599454
com:2.386294361119891
guyd:1.0
guy:1.0
dawson:1.0
write:2.09861228866811
10998:1.0
lhdsy1:1.6931471805599454
lahabra:1.6931471805599454
chevron:1.6931471805599454
jjctc:1.0
jame:1.0
c:1.0
tsiao:1.0
1993apr12:1.0
172751:1.0
27270:1.0
fct:1.6931471805599454
unl:1.6931471805599454
pt:1.6931471805599454
fcm:1.0
diana:1.0
fernando:1.0
correia:1.0
martin:1.0
mei:1.0
1:1.0
spectr:1.6931471805599454
nmt:1.0
wrote:1.0
look:1.0
magazin:1.0
ad:1.0
say:1.0
delet:1.6931471805599454
exactli:1.6931471805599454
number:2.09861228866811
mean:2.386294361119891
e:1.6931471805599454
mb:1.0
60:1.6931471805599454
70:1.0
80:1.0
refer:1.0
nanosecond:1.0
could:1.0
someon:1.0
explain:1.0
time:3.772588722239781
spent:1.0
bettwen:1.0
processor:1.0
request:1.0
retriev:1.0
case:1.0
read:2.386294361119891
requir:1.0
memori:2.09861228866811
refresh:2.791759469228055
1x9:1.0
need:1.0
60n:1.0
readi:1.0
nope:1.0
taken:1.0
data:2.09861228866811
still:1.0
whole:1.0
phase:2.386294361119891
call:1.0
cycl:3.1972245773362196
twice:2.09861228866811
access:3.1972245773362196
sorri:1.0
misunderstand:1.0
dram:1.6931471805599454
usual:1.0
delay:1.0
fall:1.0
edg:1.0
raw:1.6931471805599454
address:2.09861228866811
strobe:1.0
ra:2.791759469228055
bu:1.0
driven:1.6931471805599454
chart:1.0
roughli:1.0
shown:1.0
follow:1.0
signal:1.0
intent:1.0
omit:1.0
addr:1.0
ca:2.386294361119891
column:1.0
high:1.0
low:1.0
float:1.0
either:1.6931471805599454
h:1.0
l:1.0
valid:1.6931471805599454
ye:1.0
done:1.0
trail:1.0
normal:1.0
individu:1.0
stuff:1.0
apolog:1.0
incorrect:1.0
rude:1.0
impolit:1.0
express:1.0
mail:1.0
intend:1.0
plea:1.0
consid:1.0
english:1.0
second:1.0
languag:1.0
full:1.0
understand:1.0
certain:1.0
word:1.0
nuanc:1.0
phrase:1.0
thank:1.0
student:1.0
