caton:2.09861228866811
compstat:2.09861228866811
wharton:2.09861228866811
upenn:2.09861228866811
edu:2.9459101490553135
toni:1.6931471805599454
subject:1.0
17:1.6931471805599454
monitor:1.6931471805599454
c5geh5:1.6931471805599454
n1d:1.6931471805599454
utdalla:2.386294361119891
organ:1.0
univers:1.0
pennsylvania:1.0
line:1.6931471805599454
14:1.6931471805599454
nntp:1.0
post:1.0
host:1.0
repli:1.0
goyal:2.09861228866811
messag:1.0
apr:1.0
93:1.0
03:1.0
28:1.0
gmt:1.0
articl:1.0
mohit:1.0
k:1.0
write:1.0
oh:1.0
yeah:1.0
read:1.0
anoth:1.0
newsgroup:1.0
t560i:1.0
use:1.0
high:1.6931471805599454
qualiti:1.0
trinitron:1.0
tube:1.0
soni:1.0
1604:1.0
exampl:1.0
extra:1.0
cost:1.0
come:2.09861228866811
also:1.6931471805599454
bandwidth:1.0
fantast:1.0
imag:1.6931471805599454
larg:1.0
size:1.0
etc:1.6931471805599454
two:1.6931471805599454
annoy:1.0
across:1.0
screen:1.0
one:1.0
third:1.6931471805599454
