dist:2.386294361119891
inf:1.6931471805599454
ethz:1.6931471805599454
ch:2.09861228866811
andrea:1.6931471805599454
reto:1.0
subject:1.0
s3:2.791759469228055
nntp:1.0
post:1.0
host:1.0
lillian:1.0
gw:1.0
organ:1.0
dept:1.0
informatik:1.0
swiss:1.0
feder:1.0
institut:1.6931471805599454
technolog:1.0
eth:1.6931471805599454
zurich:1.0
line:1.0
40:1.0
problem:1.0
initi:1.6931471805599454
describ:1.0
manual:1.0
follow:1.0
step:1.0
must:1.0
done:1.0
th:1.0
card:1.0
initdisplay:1.0
bio:1.0
call:1.0
twith:1.6931471805599454
ax:1.0
reg:1.6931471805599454
4f02h:1.0
bx:1.0
105h:1.0
1024:1.0
x:1.6931471805599454
768:1.0
256:1.0
resolut:1.0
tinterrupt:1.0
10h:1.0
unlock:2.386294361119891
regist:2.9459101490553135
lock:1.6931471805599454
1:2.09861228866811
cr38:1.0
access:1.6931471805599454
set:2.09861228866811
2:1.6931471805599454
cr39:1.0
syst:2.09861228866811
control:1.6931471805599454
extens:1.0
graphic:1.0
command:1.0
group:1.0
cr40:1.0
bit:1.6931471805599454
0:2.09861228866811
configur:1.0
advanc:1.0
display:1.0
function:1.6931471805599454
oper:1.0
fifo:1.0
stack:1.0
empti:1.6931471805599454
watch:1.0
statu:1.6931471805599454
graph:1.0
proc:1.0
alway:1.0
get:1.6931471805599454
valu:1.0
0fh:1.0
instead:1.0
0h:1.6931471805599454
full:1.0
would:1.6931471805599454
mean:1.6931471805599454
0ffh:1.0
8:1.0
place:1.6931471805599454
occupi:1.6931471805599454
possibl:1.0
read:1.0
two:1.0
differ:1.6931471805599454
way:1.0
time:1.0
result:1.0
machin:1.0
486:1.0
dx:1.0
eisa:1.0
bu:1.6931471805599454
86c805:1.0
local:1.0
idea:1.0
fuer:1.0
computersystem:1.0
zuerich:1.0
email:1.0
