spring:2.386294361119891
diku:1.6931471805599454
dk:1.6931471805599454
jesper:1.6931471805599454
honig:1.6931471805599454
subject:1.0
486:2.386294361119891
66dx2:1.6931471805599454
isa:1.6931471805599454
v:1.0
50dx2:1.6931471805599454
eisa:1.6931471805599454
organ:1.0
depart:1.0
comput:1.0
scienc:1.0
u:1.0
copenhagen:1.6931471805599454
line:1.0
18:1.0
hello:1.0
anyon:1.0
give:1.0
opinion:1.0
system:2.09861228866811
got:1.0
best:1.0
overal:1.0
perform:1.0
bu:1.6931471805599454
equal:1.0
area:1.0
thank:1.0
advanc:1.0
anim:1.0
believ:1.0
god:1.0
univers:1.0
denmark:1.0
devil:1.0
would:1.0
man:1.0
