allen:1.6931471805599454
gervai:1.6931471805599454
ttlg:1.0
uucp:1.0
subject:1.0
mountain:2.09861228866811
tape:1.6931471805599454
backup:1.6931471805599454
line:1.6931471805599454
18:1.0
dh:2.9459101490553135
anyon:1.6931471805599454
could:1.6931471805599454
compar:1.0
note:1.0
jumper:1.0
set:1.0
softwar:1.0
ect:1.0
know:1.0
contact:1.6931471805599454
maker:1.0
drive:1.0
network:1.0
solut:1.0
800:1.0
458:1.0
0300:1.0
gener:1.0
number:1.0
408:1.6931471805599454
438:1.6931471805599454
7897:1.0
tech:1.6931471805599454
support:1.0
2665:1.0
bb:2.09861228866811
thank:1.0
much:1.0
info:1.0
david:1.0
especi:1.0
get:1.0
go:1.0
bye:1.0
x:1.6931471805599454
slmr:1.0
2:1.0
1a:1.0
hobbi:1.6931471805599454
origin:1.0
keep:1.0
1:1.0
342:1.0
13:1.0
