l:2.09861228866811
h:2.09861228866811
wood:2.6094379124341005
lut:2.09861228866811
ac:2.09861228866811
uk:2.386294361119891
subject:1.0
8051:2.09861228866811
simul:2.6094379124341005
exampl:2.386294361119891
code:2.09861228866811
avail:1.6931471805599454
repli:1.0
lloyd:1.6931471805599454
organ:1.0
loughborough:1.0
univers:1.0
line:1.0
25:1.0
hello:1.0
world:1.0
attempt:1.0
write:1.6931471805599454
ibm:1.0
pc:1.0
teach:1.6931471805599454
purpos:1.6931471805599454
first:1.0
year:1.0
elec:1.0
eng:1.0
student:1.6931471805599454
see:1.6931471805599454
work:1.6931471805599454
microcontrol:1.6931471805599454
perform:1.0
oper:1.0
logic:1.6931471805599454
and:1.0
shown:1.0
bit:1.6931471805599454
basi:1.0
1:2.09861228866811
realli:1.0
mystic:1.0
process:1.0
total:1.0
everi:1.0
instruct:1.0
show:1.6931471805599454
alter:1.0
regist:1.0
memori:1.0
port:1.0
content:1.0
anyon:1.0
know:1.6931471805599454
freeli:1.0
pascal:1.0
modula:1.0
2:1.0
would:1.0
go:1.0
wrong:1.0
use:1.0
ayala:1.0
refer:1.0
suppli:1.0
packag:1.0
overkil:1.0
simpl:1.0
feel:1.0
sourc:1.0
help:1.6931471805599454
roll:1.0
plea:1.0
email:1.0
somewher:1.0
appropri:1.0
post:1.0
rare:1.0
scan:1.0
group:1.0
thank:1.0
