jschief:1.0
finbol:1.0
toppoint:1.0
de:1.0
joerg:1.6931471805599454
schlaeger:1.0
subject:1.0
differ:1.0
vlb:2.791759469228055
isa:1.0
eisa:1.6931471805599454
distribut:1.0
world:1.0
organ:1.0
line:1.0
24:1.0
hurley:1.0
epcot:1.0
spdc:1.6931471805599454
ti:1.6931471805599454
com:1.6931471805599454
write:1.0
articl:1.0
1993apr14:1.0
090534:1.0
6892:1.0
486dx50:1.0
local:1.0
bu:1.6931471805599454
still:1.0
run:1.6931471805599454
33mhz:1.6931471805599454
tri:1.0
50mhz:2.09861228866811
brian:1.0
hi:1.0
defin:1.0
3:1.0
card:1.6931471805599454
2:2.386294361119891
40mhz:1.0
design:1.6931471805599454
slot:1.6931471805599454
c:1.0
9:1.0
92:2.09861228866811
10:1.0
11:1.0
reali:1.0
difficult:1.0
better:1.0
os:1.0
o:1.0
ix:1.0
abl:1.0
handl:1.0
16mb:1.6931471805599454
dram:1.0
use:1.0
someon:1.0
experi:1.0
think:1.0
scsi:1.0
busmast:1.0
problem:1.0
16bit:1.0
floppi:1.0
dma:1.0
control:1.0
unabl:1.0
reach:1.0
