bgrubb:1.0
dant:1.6931471805599454
nmsu:1.6931471805599454
edu:2.386294361119891
grubb:1.0
subject:1.0
ide:2.6094379124341005
v:1.6931471805599454
scsi:4.931825632724326
organ:1.0
new:1.0
mexico:1.0
state:1.6931471805599454
univers:1.0
la:1.0
cruce:1.0
nm:1.0
line:1.0
49:1.0
distribut:1.0
world:2.09861228866811
nntp:1.0
post:1.0
host:1.0
dxb132:1.6931471805599454
psuvm:1.6931471805599454
psu:1.6931471805599454
write:1.0
rang:2.6094379124341005
0:2.09861228866811
5mb:2.09861228866811
ii:1.0
40mb:1.6931471805599454
8:3.1972245773362196
3mb:1.0
esdi:2.09861228866811
alway:1.0
1:4.258096538021482
25mb:1.0
although:1.0
non:1.6931471805599454
standard:1.0
version:1.6931471805599454
tell:2.386294361119891
proper:1.0
stori:1.0
bit:3.3978952727983707
asynchron:1.6931471805599454
ave:1.0
synchron:1.6931471805599454
max:1.6931471805599454
transfer:1.0
base:1.0
faster:2.09861228866811
requir:1.0
2:3.8903717578961645
control:2.9459101490553135
chip:3.3978952727983707
provid:1.0
16:2.386294361119891
speed:2.09861228866811
4:1.6931471805599454
6mb:1.6931471805599454
10mb:1.6931471805599454
burst:2.386294361119891
12mb:1.0
20mb:2.09861228866811
15:1.0
32:1.0
wide:2.6094379124341005
fast:2.6094379124341005
depend:1.0
port:2.386294361119891
design:1.0
quadra:2.09861228866811
support:1.0
o:1.0
manag:1.0
rewritten:1.0
sinc:1.6931471805599454
quarda:1.0
use:2.6094379124341005
articl:2.6094379124341005
pc:1.6931471805599454
mag:1.0
27:1.0
93:1.0
29:1.0
talk:1.6931471805599454
ten:1.0
10:1.0
devic:3.0794415416798357
nativ:1.6931471805599454
mode:2.386294361119891
outsid:1.0
behav:1.0
lot:1.0
like:1.0
7:1.0
slower:1.0
put:1.6931471805599454
figur:1.6931471805599454
inde:1.0
twice:1.0
point:1.0
20:1.6931471805599454
seem:1.6931471805599454
contol:1.0
mac:1.6931471805599454
get:1.0
far:1.0
excess:1.0
normal:1.0
output:1.0
120:1.0
3:1.0
9:1.0
96:1.0
near:1.6931471805599454
machin:1.6931471805599454
mix:1.0
fact:1.6931471805599454
allow:1.6931471805599454
shown:1.0
skew:1.0
data:1.0
test:1.0
agre:1.0
could:1.0
came:1.6931471805599454
mayb:1.0
editor:1.0
kill:1.0
deal:1.0
understand:1.0
effect:1.0
limit:1.0
5:1.0
mb:1.0
becom:1.0
common:1.0
produc:1.0
courc:1.0
prime:1.0
piec:1.0
wierd:1.0
accur:1.0
best:1.0
high:1.0
cheeper:1.0
cost:1.0
full:1.0
hardwar:1.0
electron:1.0
etc:1.0
expens:1.0
also:1.0
creat:1.0
logist:1.0
nightmar:1.0
goe:1.0
one:1.6931471805599454
know:1.6931471805599454
behind:1.0
number:1.0
realiz:1.0
even:1.6931471805599454
throw:1.0
squat:1.0
ignor:1.0
le:1.0
intend:1.0
