scip2060:1.6931471805599454
nusunix1:1.6931471805599454
nu:1.6931471805599454
sg:1.6931471805599454
sardjono:1.6931471805599454
insani:1.6931471805599454
subject:1.0
connect:1.6931471805599454
appl:1.6931471805599454
laserwrit:1.6931471805599454
ii:1.6931471805599454
ibm:1.0
pc:1.6931471805599454
organ:1.0
nation:1.0
univers:1.0
singapor:1.0
x:1.0
newsread:1.0
tin:1.0
version:1.0
1:1.6931471805599454
pl6:1.0
line:1.0
11:1.0
anyon:1.0
tri:1.0
need:1.0
special:1.0
control:1.0
card:1.0
softwar:1.0
thank:1.0
comment:1.0
