david:2.6094379124341005
od:1.6931471805599454
com:1.6931471805599454
engel:1.6931471805599454
subject:1.0
want:1.0
opinion:1.0
mag:2.09861228866811
17:2.386294361119891
nanao:1.6931471805599454
560i:1.6931471805599454
monitor:2.09861228866811
organ:1.0
optic:1.6931471805599454
data:1.6931471805599454
system:1.6931471805599454
inc:1.6931471805599454
x:1.0
newsread:1.0
tin:1.0
version:1.6931471805599454
1:1.6931471805599454
pl9:1.0
distribut:1.0
usa:1.0
line:1.0
sleep:1.0
dragon:1.0
ong:1.0
mang:1.0
iastat:1.0
edu:1.0
wrote:1.0
look:1.6931471805599454
buy:1.6931471805599454
soon:1.6931471805599454
seem:1.0
decid:1.0
25:1.0
dpi:1.0
use:1.0
triniton:1.0
tube:1.6931471805599454
mind:1.0
good:1.0
luck:1.0
find:1.0
mx17:1.6931471805599454
around:1.0
back:1.0
decemb:1.0
januari:1.0
produc:1.0
get:2.09861228866811
soni:1.0
ask:1.0
expect:1.0
restart:1.0
product:1.0
will:1.0
wait:1.0
month:1.0
said:1.0
time:1.0
wound:1.0
t560i:1.0
extrem:1.0
happi:1.0
1101:1.0
e:1.0
arapaho:1.0
road:1.0
214:1.0
234:1.0
6400:1.0
richardson:1.0
tx:1.0
75081:1.0
