delman:2.6094379124341005
mipg:2.09861228866811
upenn:2.09861228866811
edu:2.09861228866811
lee:1.6931471805599454
subject:1.0
tandberg:2.791759469228055
3600:1.6931471805599454
futur:2.6094379124341005
domain:2.6094379124341005
tmc:2.09861228866811
1660:2.09861228866811
seagat:2.6094379124341005
st:1.6931471805599454
21m:1.6931471805599454
problem:1.0
distribut:1.0
comp:1.0
organ:1.0
univers:1.6931471805599454
pennsylvania:1.6931471805599454
usa:1.0
line:1.0
37:1.0
nntp:1.0
post:1.0
host:1.0
mipgsun:1.0
tri:1.0
get:1.0
system:3.0794415416798357
work:1.0
mfm:2.386294361119891
control:2.09861228866811
boot:2.09861228866811
disconnect:1.0
cours:1.6931471805599454
scsi:2.09861228866811
devic:1.6931471805599454
found:1.6931471805599454
remov:1.0
card:1.6931471805599454
report:1.0
find:1.0
3660:1.0
bu:1.0
stop:1.0
hard:1.0
disk:1.0
hang:1.6931471805599454
three:1.0
look:1.0
like:1.0
conflict:1.6931471805599454
funni:1.0
thing:1.0
connect:1.0
check:1.0
bio:1.0
address:1.0
irq:1.0
port:1.0
miss:1.0
anyth:1.0
lost:1.0
suggest:1.0
welcom:1.0
thank:1.0
advanc:1.0
tel:1.0
1:1.6931471805599454
215:1.6931471805599454
662:1.0
6780:1.0
medic:1.0
imag:1.0
process:1.0
group:1.0
fax:1.0
898:1.0
9145:1.0
4:1.0
f:1.0
blockley:1.0
hall:1.0
418:1.0
servic:1.0
drive:1.0
philadelphia:1.0
pa:1.0
19104:1.0
6021:1.0
u:1.0
internet:1.0
