guyd:2.386294361119891
austin:2.6094379124341005
ibm:2.6094379124341005
com:2.09861228866811
guy:2.09861228866811
dawson:1.6931471805599454
subject:1.0
ide:2.386294361119891
v:1.0
scsi:3.0794415416798357
origin:1.0
pal500:1.0
organ:1.0
line:1.0
35:1.0
articl:2.09861228866811
1qlbrlinn7rk:1.0
dns1:1.0
nmsu:1.6931471805599454
edu:1.6931471805599454
bgrubb:1.0
dant:1.0
grubb:1.0
write:1.0
pc:1.6931471805599454
magazin:1.0
april:1.0
27:1.0
1993:1.0
29:1.0
although:1.0
twice:1.0
fasst:1.0
esdi:1.0
20:1.0
faster:1.0
support:1.0
7:1.6931471805599454
devic:1.6931471805599454
accept:1.0
long:1.0
stall:1.0
incompat:1.0
problem:1.0
instal:1.0
headach:1.0
note:1.0
site:1.6931471805599454
factor:1.0
price:1.0
premium:1.0
approx:1.0
200:1.0
control:1.0
nice:1.0
abl:1.0
run:2.09861228866811
hard:1.0
disk:1.6931471805599454
tape:1.0
drive:1.0
cd:1.0
rom:1.0
scanner:1.0
one:2.09861228866811
dma:1.0
channel:1.0
interupt:1.0
make:1.6931471805599454
sen:1.6931471805599454
go:1.0
load:1.6931471805599454
machin:1.0
want:1.0
standard:2.09861228866811
box:2.09861228866811
window:1.6931471805599454
use:1.6931471805599454
unix:1.0
do:1.0
mean:1.0
486:1.0
4:1.0
8mb:1.0
ram:1.0
200mh:1.0
s3:1.0
video:1.0
int:1.0
eh:1.0
would:1.0
get:1.6931471805599454
plug:2.09861228866811
play:2.09861228866811
seem:1.0
1:1.6931471805599454
sinc:1.0
2:1.0
full:1.0
impliment:1.0
ten:1.0
beleiv:1.0
last:1.0
bit:1.0
plain:1.0
wrong:1.0
intergr:1.0
anoth:1.0
part:1.0
microsoft:1.0
program:1.0
hoskyn:2.09861228866811
group:1.0
plc:1.0
co:1.0
uk:1.6931471805599454
tel:1.6931471805599454
71:1.0
251:1.0
2128:1.0
usa:1.0
512:1.0
838:1.0
3377:1.0
