balog:2.386294361119891
eniac:2.09861228866811
sea:2.09861228866811
upenn:2.09861228866811
edu:2.09861228866811
eric:1.6931471805599454
j:1.0
subject:1.0
switch:2.09861228866811
3:2.386294361119891
5:3.0794415416798357
organ:1.0
univers:1.0
pennsylvania:1.0
line:1.0
39:1.0
nntp:1.0
post:1.0
host:1.0
hi:1.0
like:1.0
floppi:1.0
drive:2.791759469228055
b:2.09861228866811
becom:1.6931471805599454
25:2.386294361119891
problem:1.0
though:1.0
know:1.0
ribbon:1.0
cabl:1.0
must:1.0
well:1.0
cmo:1.0
set:1.0
reflect:1.0
chang:1.6931471805599454
think:1.0
done:1.0
correctli:1.6931471805599454
howev:1.0
oper:1.0
configur:1.0
c:1.6931471805599454
prompt:1.0
type:1.6931471805599454
light:1.6931471805599454
come:1.6931471805599454
jumper:1.0
label:1.0
origin:1.0
po:1.6931471805599454
ds0:1.6931471805599454
tds1:1.6931471805599454
tds2:1.6931471805599454
tds3:1.6931471805599454
tio:1.0
tms1:1.0
td:1.0
r:1.0
tms2:1.0
tfg:1.0
tmm:1.0
tdc:1.0
tmd:1.0
tttl:1.0
mo8:1.0
help:1.0
suggest:1.0
would:1.0
greatli:1.0
appreci:1.0
thank:1.0
advanc:1.0
