doug:2.386294361119891
oke:2.386294361119891
mindlink:1.6931471805599454
bc:1.6931471805599454
ca:1.6931471805599454
subject:1.0
memori:1.6931471805599454
access:1.0
time:2.09861228866811
sram:2.386294361119891
simm:1.0
4:1.0
sale:1.0
organ:1.6931471805599454
mind:1.0
link:1.0
british:1.0
columbia:1.0
canada:1.6931471805599454
line:1.0
41:1.6931471805599454
ben:2.09861228866811
elliston:1.6931471805599454
write:1.0
msg:1.0
id:1.0
734606726:1.0
aa00887:1.0
f262:1.0
n620:1.0
z3:1.0
fidonet:1.6931471805599454
org:1.0
post:1.0
mon:1.0
12:1.0
apr:1.0
1993:1.0
10:1.0
0:1.0
compact:1.6931471805599454
solut:1.6931471805599454
canberra:2.386294361119891
act:1.6931471805599454
australia:1.6931471805599454
64k:1.0
25n:1.6931471805599454
way:1.0
think:1.6931471805599454
michael:1.0
could:1.0
static:1.0
ram:1.0
speed:1.0
rate:1.0
need:1.0
refresh:1.6931471805599454
make:1.0
fast:1.0
dram:1.0
chip:1.0
would:1.0
take:1.0
return:1.0
valid:1.0
data:1.0
issu:1.0
address:1.0
none:1.0
point:1.0
differ:1.0
paramet:1.0
gener:1.0
refer:1.0
except:1.0
motherboard:1.0
design:1.0
cheer:1.0
bachelor:1.0
engin:1.6931471805599454
comput:1.0
univers:1.0
email:1.0
tp923021:1.0
jarrah:1.0
edu:1.0
au:1.6931471805599454
uucp:1.0
uunet:1.0
munnari:1.0
sserv:1.0
adfa:1.0
oz:1.0
compsol:1.0
root:1.0
3:1.6931471805599454
620:1.6931471805599454
262:1.6931471805599454
train:1.6931471805599454
station:1.0
stop:1.0
workstat:1.0
origin:1.0
vancouv:1.0
