adyk:2.09861228866811
jpradley:1.0
jpr:1.6931471805599454
com:2.09861228866811
al:1.6931471805599454
dyke:1.6931471805599454
subject:1.0
need:1.6931471805599454
definit:1.6931471805599454
spec:1.6931471805599454
dhryston:1.6931471805599454
benchmark:1.6931471805599454
organ:1.0
unix:1.0
nyc:1.0
distribut:1.0
na:1.0
line:1.0
15:1.0
background:1.0
materi:1.0
would:1.0
also:1.0
welcom:1.0
anyoneand:1.0
email:1.0
someth:1.0
point:1.0
anonym:1.0
ftp:1.0
server:1.0
appreci:1.0
thank:1.0
ad:1.0
