nigel:2.386294361119891
cnw01:1.6931471805599454
storesi:1.6931471805599454
cole:2.386294361119891
oz:1.6931471805599454
au:1.6931471805599454
harwood:1.6931471805599454
subject:1.0
adaptec:2.6094379124341005
asw:2.09861228866811
410:2.09861228866811
soni:2.386294361119891
cdu:2.09861228866811
641:2.09861228866811
organ:1.0
supermarket:1.6931471805599454
line:1.0
24:1.0
two:1.0
month:1.0
ago:1.0
purchas:1.0
driver:2.6094379124341005
use:1.6931471805599454
cd:2.09861228866811
rom:2.09861228866811
drive:2.09861228866811
time:1.0
seem:1.6931471805599454
thing:1.0
document:1.0
scsi:1.6931471805599454
control:1.0
said:1.0
sinc:1.0
learn:1.0
date:1.0
major:1.0
way:1.0
upgrad:2.09861228866811
deal:1.0
go:1.0
next:1.0
think:1.0
call:1.0
ezi:1.0
someth:1.0
fuss:1.0
541:1.0
find:1.0
audio:1.0
mode:1.0
work:1.6931471805599454
assum:1.0
handl:1.0
correctli:1.0
chase:1.0
anyon:1.0
know:1.0
fax:1.6931471805599454
number:1.0
assist:1.0
appreci:1.0
regard:1.0
btw:1.0
everyth:1.0
el:1.0
fine:1.0
certainli:1.0
caught:1.0
rest:1.0
post:1.0
po:1.0
box:1.0
480:1.0
glen:1.0
iri:1.0
3146:1.0
australia:1.0
phone:1.0
61:1.6931471805599454
3:1.6931471805599454
829:1.6931471805599454
6090:1.0
e:1.0
mail:1.0
6886:1.0
