wbarn:1.6931471805599454
sura:2.09861228866811
net:2.09861228866811
bill:1.0
barn:1.6931471805599454
subject:1.0
help:2.386294361119891
instal:1.6931471805599454
second:1.6931471805599454
ide:2.386294361119891
drive:3.302585092994046
organ:1.0
suranet:1.6931471805599454
colleg:1.0
park:1.0
md:1.0
usa:1.0
na:1.0
earth:1.0
milki:1.0
way:1.0
line:1.0
44:1.0
nntp:1.0
post:1.0
host:1.0
azathoth:1.0
recent:1.0
cousin:1.0
got:1.6931471805599454
intern:1.0
seagat:1.6931471805599454
210mb:1.6931471805599454
look:1.6931471805599454
model:1.6931471805599454
number:1.6931471805599454
import:1.0
tri:2.09861228866811
vest:1.0
interest:1.0
sinc:1.0
machin:1.0
bust:1.0
use:1.0
get:2.386294361119891
mine:1.0
fix:1.0
alreadi:1.6931471805599454
85mb:2.09861228866811
hd:1.6931471805599454
forget:1.0
find:1.0
anyway:1.0
seem:1.0
bloodi:1.0
thing:2.6094379124341005
manag:1.0
one:2.791759469228055
disconnect:1.0
time:1.0
whenev:1.0
hang:1.0
bootup:1.0
never:1.0
past:1.0
system:1.0
test:1.0
control:2.6094379124341005
instruct:1.0
sheet:1.0
say:1.0
support:1.0
two:2.386294361119891
think:2.386294361119891
configur:1.6931471805599454
cmo:2.09861228866811
correctli:1.0
power:1.0
plug:1.0
properli:1.6931471805599454
even:1.0
learn:1.0
master:2.6094379124341005
slave:2.6094379124341005
relationship:1.0
suppos:1.0
know:1.0
pc:1.0
8:1.0
jumper:1.0
new:1.0
mayb:1.0
cabl:1.6931471805599454
wrong:1.0
sever:1.0
combin:1.0
none:1.0
work:1.0
unfortun:1.0
other:1.6931471805599454
anoth:1.0
possibl:1.0
partit:1.0
seper:1.0
c:1.6931471805599454
ask:1.0
setup:1.6931471805599454
info:1.6931471805599454
rather:1.0
1:1.0
2:1.0
like:1.6931471805599454
seen:1.0
could:1.0
confus:1.0
need:1.0
came:1.0
bereft:1.0
doc:1.0
except:1.0
littl:1.0
piec:1.0
paper:1.6931471805599454
size:1.0
index:1.0
card:1.0
cannib:1.0
connector:1.0
end:1.0
middl:1.0
serial:1.0
connect:1.0
lost:1.0
mani:1.6931471805599454
thank:1.0
advanc:1.0
practic:1.0
emerg:1.0
monday:1.0
william:1.0
tsuranet:1.0
oper:1.0
301:1.6931471805599454
982:1.6931471805599454
4600:1.0
voic:1.0
4605:1.0
fax:1.0
disclaim:1.0
speak:1.6931471805599454
