ab245:1.0
cleveland:1.6931471805599454
freenet:1.0
edu:1.6931471805599454
sam:1.0
latonia:1.0
subject:1.0
help:1.0
monitor:1.0
die:1.0
organ:1.0
case:1.0
western:1.0
reserv:1.0
univers:1.0
ohio:1.0
usa:1.0
line:1.0
5:1.0
nntp:1.0
post:1.0
host:1.0
slc10:1.0
in:1.0
cwru:1.0
sound:1.0
like:1.0
magnavox:1.0
sick:1.0
flyback:1.0
way:1.0
gosh:1.0
think:1.0
instal:1.0
viru:1.0
call:1.0
m:1.0
dos6:1.0
copi:1.0
floppi:1.0
burn:1.0
love:1.0
window:1.0
crash:1.0
