simon:2.386294361119891
moscow:2.09861228866811
uidaho:2.09861228866811
edu:2.386294361119891
mike:1.6931471805599454
subject:1.0
plea:1.6931471805599454
help:1.0
identifi:1.6931471805599454
old:1.6931471805599454
3com:1.6931471805599454
ethernet:2.09861228866811
card:2.386294361119891
articl:1.6931471805599454
c5l5c5:1.0
gtm:1.0
organ:1.0
univers:1.0
idaho:1.0
c:1.6931471805599454
dept:1.0
line:1.6931471805599454
21:1.0
nntp:1.0
post:1.6931471805599454
host:1.0
leopard:1.0
1qhvuninnhau:1.0
emori:1.6931471805599454
mathc:1.0
splee:1.0
pd:1.0
org:1.0
seng:1.0
poh:1.0
lee:1.0
speedi:1.0
write:1.0
pc:1.6931471805599454
bu:1.0
came:1.0
apollo:1.6931471805599454
workstat:1.0
tri:1.0
order:1.0
use:2.09861228866811
assembl:1.0
number:1.0
4008:1.0
00:1.0
rev:1.0
2:1.0
16:1.0
bit:1.0
circa:1.0
1985:1.0
aui:1.0
port:1.0
well:1.0
bnc:1.0
coax:1.0
connect:1.0
select:1.0
address:1.0
bio:1.0
io:1.0
dma:1.0
irq:1.0
locat:1.0
via:1.0
berg:1.0
jumper:1.0
also:1.6931471805599454
appear:1.6931471805599454
intel:1.6931471805599454
80186:1.0
processor:1.0
board:1.0
presum:1.0
buffer:1.0
chip:2.09861228866811
82586:1.0
48:1.0
pin:1.6931471805599454
dip:1.0
packag:1.0
equival:1.0
8390:1.0
68:1.0
plcc:1.0
call:1.0
link:1.0
e:1.0
mail:1.0
think:1.0
gener:1.6931471805599454
interest:1.6931471805599454
least:1.0
favorit:1.0
last:1.0
um:1.0
prepar:1.0
retir:1.0
22:1.0
look:1.0
way:1.0
recycl:1.0
part:1.0
