joker:1.6931471805599454
diku:1.6931471805599454
dk:2.09861228866811
morten:1.0
christian:2.09861228866811
holmgreen:1.6931471805599454
subject:1.0
17:1.0
monitor:1.6931471805599454
organ:1.0
depart:1.0
comput:1.6931471805599454
scienc:1.6931471805599454
u:1.0
copenhagen:1.6931471805599454
line:1.6931471805599454
23:1.0
caton:1.6931471805599454
compstat:1.0
wharton:1.0
upenn:1.0
edu:2.09861228866811
toni:1.0
write:1.6931471805599454
articl:1.0
c5geh5:1.0
n1d:1.0
utdalla:1.6931471805599454
goyal:1.6931471805599454
mohit:1.0
k:1.0
oh:1.0
yeah:1.0
read:1.0
anoth:1.0
newsgroup:1.0
t560i:1.0
use:2.09861228866811
high:1.6931471805599454
qualiti:1.0
trinitron:1.0
tube:1.0
soni:1.0
1604:1.0
exampl:1.0
extra:1.0
cost:1.0
come:2.09861228866811
also:1.6931471805599454
bandwidth:1.0
fantast:1.0
imag:1.6931471805599454
larg:1.0
size:1.0
etc:1.6931471805599454
two:1.6931471805599454
annoy:2.09861228866811
across:1.0
screen:1.0
one:2.386294361119891
third:1.6931471805599454
actual:1.0
talk:1.0
sit:1.0
right:1.0
must:1.0
say:1.0
never:1.0
notic:1.0
ye:1.0
cours:1.0
see:1.0
look:1.0
way:1.0
mochmch:1.0
ut:1.0
uni:1.0
c:1.0
sc:1.0
student:1.0
univers:1.0
dept:1.0
human:1.6931471805599454
error:1.0
avoid:1.6931471805599454
