organ:1.0
penn:1.0
state:1.0
univers:1.0
greg:1.0
spath:1.0
gks101:1.0
psuvm:1.0
psu:1.0
edu:1.0
subject:1.0
soundblast:1.0
irq:2.791759469228055
port:1.0
set:1.0
distribut:1.0
inet:1.0
1993apr16:1.6931471805599454
105809:1.6931471805599454
22218:1.6931471805599454
walter:1.6931471805599454
cray:2.09861228866811
com:2.09861228866811
s106275:2.09861228866811
734980377:1.6931471805599454
ee:2.09861228866811
tut:2.09861228866811
fi:2.09861228866811
line:1.0
12:1.0
articl:1.0
anssi:1.0
saari:1.0
say:1.0
huot:1.6931471805599454
tom:1.0
write:1.0
would:1.0
also:1.0
like:1.0
explan:1.0
anyon:1.0
explain:1.0
sb:1.6931471805599454
pro:1.0
lpt:1.0
1:1.0
share:1.6931471805599454
plea:1.0
think:1.0
simpli:1.0
do:1.6931471805599454
use:2.09861228866811
anyth:1.0
o:1.6931471805599454
2:1.6931471805599454
correct:1.0
7:1.6931471805599454
printer:1.0
