ren:2.9459101490553135
ccwf:2.09861228866811
cc:2.6094379124341005
utexa:2.6094379124341005
edu:2.6094379124341005
hoek:2.09861228866811
subject:1.0
number:1.6931471805599454
prong:2.09861228866811
chip:2.386294361119891
organ:1.0
univers:1.0
texa:1.0
austin:1.6931471805599454
tx:1.0
line:1.0
11:1.0
distribut:1.0
usa:1.0
repli:1.0
nntp:1.0
post:1.0
host:1.0
flubber:1.6931471805599454
origin:1.0
one:1.6931471805599454
tell:1.0
basic:1.0
20:1.6931471805599454
realiz:1.0
chunk:1.0
miss:1.0
orient:1.0
correctli:1.0
use:1.0
hole:1.0
guid:1.0
count:1.0
find:1.0
plea:1.0
help:1.0
internet:1.0
crazi:1.0
mad:1.0
