satam:2.9459101490553135
saathi:2.09861228866811
ncst:1.6931471805599454
ernet:2.09861228866811
kirtikumar:1.6931471805599454
g:1.6931471805599454
subject:1.0
pc:2.09861228866811
scanner:2.6094379124341005
organ:1.6931471805599454
usr:1.0
userc:1.0
rt:1.0
line:1.0
30:1.0
hello:1.0
look:1.6931471805599454
good:1.6931471805599454
gray:1.0
scale:1.0
color:1.0
connect:1.0
ibm:1.0
compat:1.0
also:1.0
automat:1.6931471805599454
tray:1.0
feed:1.6931471805599454
must:1.0
somebodi:1.0
point:1.0
thing:1.0
one:1.0
purchas:1.0
want:1.0
hand:1.0
held:1.0
preliminari:1.0
requir:1.0
1:1.0
75:1.0
300:1.0
400:1.6931471805599454
dpi:1.0
2:1.0
dither:1.0
half:1.0
tone:1.0
variou:1.0
pattern:1.0
3:1.0
driver:1.0
do:1.0
window:1.0
4:1.0
standard:1.0
file:1.0
format:1.0
5:1.0
6:1.0
anyth:1.0
ti:1.0
compar:1.0
surveri:1.0
byte:1.0
mag:1.0
issu:1.0
plea:1.0
e:1.0
mail:1.0
summer:1.0
scientist:1.0
network:1.0
divis:1.0
nation:1.0
center:1.0
softwar:1.0
technolog:1.0
juhu:1.0
bombay:1.0
049:1.0
tel:1.0
91:1.6931471805599454
22:1.6931471805599454
620:1.0
1606:1.0
tfax:1.0
621:1.0
0139:1.0
