thorf:1.0
csa:1.0
bu:1.0
edu:1.0
thor:1.0
farrish:1.0
subject:1.0
maxtor:1.0
drive:1.0
geometri:1.0
jumper:1.0
distribut:1.0
usa:1.6931471805599454
organ:1.0
comput:1.0
scienc:1.0
depart:1.0
boston:1.6931471805599454
univers:1.0
line:1.0
1:1.0
