subject:1.0
conner:1.6931471805599454
cp30061g:1.6931471805599454
info:1.6931471805599454
plea:1.6931471805599454
michael:2.386294361119891
pcmith:1.0
rk:1.0
se:1.0
thurbin:1.6931471805599454
organ:1.0
sommarvagen:1.6931471805599454
1:1.6931471805599454
352:1.6931471805599454
37:1.6931471805599454
vaxjo:1.6931471805599454
sweden:1.6931471805599454
line:1.0
14:1.0
disk:1.6931471805599454
model:1.0
200mb:1.0
thing:1.0
know:1.0
normal:1.6931471805599454
use:1.6931471805599454
compaq:1.0
machin:1.0
send:1.0
inform:1.0
switch:1.0
set:1.0
geometri:1.0
look:1.0
like:1.0
ide:1.6931471805599454
possibl:1.0
standard:1.0
control:1.0
tphone:1.0
46:1.6931471805599454
0:1.6931471805599454
47021340:1.0
tfax:1.0
47048978:1.0
