richard:2.791759469228055
solomon:2.6094379124341005
colospg:1.6931471805599454
ncr:2.6094379124341005
com:1.6931471805599454
subject:1.6931471805599454
jumper:1.6931471805599454
set:1.6931471805599454
omti:1.6931471805599454
8610:1.6931471805599454
esdi:1.6931471805599454
control:1.6931471805599454
organ:1.0
microelectron:1.6931471805599454
line:1.0
12:1.0
say:1.0
look:1.0
sm:1.0
bu:1.0
card:1.0
thank:1.0
advanc:1.0
1635:1.0
aeroplaza:1.0
drive:1.0
colorado:1.0
spring:1.0
co:1.0
80916:1.0
uunet:1.0
ncrcom:1.0
mpd:1.0
719:1.0
573:1.0
3227:1.0
