subject:1.0
look:1.0
replac:2.09861228866811
jvc:1.6931471805599454
disk:2.6094379124341005
michael:2.791759469228055
pcmith:1.6931471805599454
rk:1.6931471805599454
se:1.6931471805599454
thurbin:2.09861228866811
organ:1.0
sommarvagen:1.6931471805599454
1:2.09861228866811
352:1.6931471805599454
37:1.6931471805599454
vaxjo:1.6931471805599454
sweden:1.6931471805599454
line:1.0
22:1.0
hi:1.0
got:1.0
hold:1.0
old:1.0
zenith:1.6931471805599454
286:1.0
laptop:1.0
model:1.6931471805599454
zwl:1.0
183:1.0
45:1.0
hard:1.0
dead:1.0
rest:1.0
seem:1.0
work:1.0
took:1.0
apart:1.0
found:1.0
strang:1.0
wich:1.0
tri:1.0
mark:1.0
jd3824r00:1.0
anyon:1.0
spec:1.0
suggest:1.0
find:1.0
cheap:1.0
thank:1.0
help:1.0
tphone:1.0
46:1.6931471805599454
0:1.6931471805599454
47021340:1.0
tfax:1.0
47048978:1.0
