august1:1.0
server:1.0
uwindsor:1.0
ca:1.0
augustyn:1.0
robert:1.6931471805599454
subject:1.0
address:1.6931471805599454
interliv:2.09861228866811
organ:1.0
univers:1.0
windsor:1.0
ontario:1.0
canada:1.0
line:1.0
4:1.0
memmori:1.0
modul:1.0
thank:1.0
advanc:1.0
info:1.0
