august1:1.0
server:1.0
uwindsor:1.0
ca:1.0
augustyn:1.0
robert:1.6931471805599454
subject:1.0
data:2.6094379124341005
path:2.09861228866811
width:2.09861228866811
16:1.6931471805599454
32:1.6931471805599454
bit:1.6931471805599454
speed:2.09861228866811
le:1.0
doubl:1.6931471805599454
organ:1.0
univers:1.0
windsor:1.0
ontario:1.0
canada:1.0
line:1.0
5:1.0
evolut:1.0
80:1.0
x86:1.0
8:1.0
t0:1.0
process:1.6931471805599454
increas:1.0
rate:1.0
question:1.0
relationship:1.0
bettween:1.0
thank:1.0
advanc:1.0
input:1.0
