schew:1.6931471805599454
fraser:1.6931471805599454
sfu:1.0
ca:1.6931471805599454
tim:1.0
subject:1.0
25:1.6931471805599454
00:1.6931471805599454
network:2.386294361119891
summari:1.0
keyword:1.0
organ:1.0
simon:1.0
univers:1.0
burnabi:1.0
b:1.0
c:1.0
canada:1.0
line:1.0
8:1.0
heard:1.0
someth:1.0
call:1.0
allow:1.0
two:1.0
pc:1.0
join:1.0
serial:1.0
port:1.0
someon:1.0
know:1.0
anyth:1.0
would:1.0
greatli:1.0
appreci:1.0
e:1.0
mail:1.0
thank:1.0
tschew:1.0
first:1.0
etc:1.0
bc:1.0
wq:1.0
