wlsmith:1.6931471805599454
valv:2.09861228866811
heart:2.09861228866811
rri:2.09861228866811
uwo:2.09861228866811
ca:2.09861228866811
wayn:1.6931471805599454
smith:1.6931471805599454
subject:1.0
ide:1.0
v:1.0
scsi:3.772588722239781
organ:1.0
john:1.0
p:1.0
robart:1.0
research:1.0
institut:1.0
london:1.0
ontario:1.0
nntp:1.0
post:1.0
host:1.0
line:1.0
27:1.0
articl:1.0
1qpu0uinnbt1:1.0
dns1:1.0
nmsu:1.6931471805599454
edu:1.6931471805599454
bgrubb:1.0
dant:1.0
grubb:1.0
write:1.6931471805599454
sinc:1.0
mac:2.09861228866811
use:1.0
1:2.09861228866811
hard:1.0
drive:1.6931471805599454
ye:1.0
figur:2.09861228866811
includ:1.0
hundr:1.0
driver:1.0
sloppi:1.0
peopl:1.6931471805599454
dumb:1.0
group:2.09861228866811
ok:1.0
spec:1.6931471805599454
list:1.6931471805599454
talk:2.09861228866811
pc:2.386294361119891
unix:1.0
box:1.0
isa:1.6931471805599454
bu:1.6931471805599454
possibl:1.0
eisa:1.6931471805599454
vlb:1.6931471805599454
isin:1.6931471805599454
comp:1.0
periph:1.0
tell:1.0
perform:1.6931471805599454
singl:1.0
theoret:1.0
relev:1.0
debat:1.0
sure:1.0
platform:1.0
handl:1.0
40:1.0
meg:1.0
sec:1.0
xyz:1.0
wide:1.0
n:1.0
fast:1.0
one:1.0
continu:1.0
thread:1.0
state:1.0
clearli:1.0
2:1.6931471805599454
make:1.0
differ:1.0
well:1.0
mayb:1.6931471805599454
design:1.0
act:1.0
togeth:1.0
would:1.0
built:1.0
port:1.0
