michael:2.6094379124341005
jester:1.6931471805599454
gun:1.6931471805599454
de:1.6931471805599454
gerhard:1.6931471805599454
distribut:1.0
world:1.0
subject:1.0
com:2.386294361119891
port:2.6094379124341005
modem:2.386294361119891
mous:2.09861228866811
conflict:1.0
realli:1.6931471805599454
x:1.0
newsread:1.0
tin:1.0
version:1.0
1:2.09861228866811
pl8:1.0
organ:1.0
privat:1.0
coher:1.6931471805599454
system:1.0
line:1.0
20:1.0
phil:1.6931471805599454
hunt:1.0
howtek:1.0
mv:1.0
wrote:1.0
kind:1.0
new:1.0
pc:1.0
stuff:1.0
machin:1.0
4:2.09861228866811
serial:1.0
and3:1.0
2:1.0
share:1.0
irq:3.0794415416798357
mean:1.0
plug:1.0
com1:1.6931471805599454
com3:2.09861228866811
expect:1.0
work:1.6931471805599454
o:1.0
etc:1.0
abl:1.0
drive:1.0
one:1.6931471805599454
poll:1.0
mode:1.0
without:1.0
use:2.386294361119891
exampl:1.0
access:1.6931471805599454
reboot:1.0
answer:1.0
chang:2.09861228866811
differ:1.0
matter:1.0
set:1.0
ye:1.0
depend:1.0
hardwar:1.0
irq4:1.0
com2:1.0
irq3:1.0
printerport:1.0
irq7:1.0
irq5:1.0
normal:1.0
2nd:1.0
printer:1.0
com4:1.0
assign:1.0
irq2:1.0
free:1.0
far:1.0
know:1.0
card:1.0
16bit:1.0
caould:1.0
8:1.0
preussenstrass:1.0
59:1.0
germani:1.0
4040:1.0
neuss:1.0
voic:1.0
49:1.0
2131:1.0
82238:1.0
