drp:1.6931471805599454
camelot:2.09861228866811
bradley:2.6094379124341005
edu:2.09861228866811
dougla:2.09861228866811
pokorni:1.6931471805599454
subject:1.0
isa:2.386294361119891
bu:2.09861228866811
pin:2.09861228866811
question:1.6931471805599454
diamond:1.6931471805599454
speedstar:2.09861228866811
24x:2.09861228866811
nntp:1.0
post:1.0
host:1.0
organ:1.0
univers:1.6931471805599454
line:2.09861228866811
33:1.0
today:1.0
reciev:1.0
warranti:1.0
replac:1.0
card:1.6931471805599454
notic:1.0
chang:1.0
mostli:1.0
new:1.0
jumper:2.09861228866811
label:1.0
jp5:1.0
revis:1.6931471805599454
5a:1.0
detect:1.0
work:1.0
shown:1.0
simpli:1.0
connect:1.0
disconnect:1.0
bale:1.6931471805599454
64:1.0
part:1.0
simpl:1.6931471805599454
peopl:1.0
manual:1.6931471805599454
claim:1.0
anyon:1.0
refer:1.6931471805599454
function:1.0
relat:1.0
note:1.0
ftp:1.0
site:1.0
contain:1.0
descript:1.0
motherboard:1.0
signal:1.0
name:1.0
chart:1.0
r:1.0
c:1.0
major:1.0
geisert:1.0
hall:1.0
resid:1.0
conveni:1.0
locat:1.0
armpit:1.0
illinoi:1.0
peoria:1.0
