yuri:2.6094379124341005
atmo:2.791759469228055
washington:2.9459101490553135
edu:2.791759469228055
subject:1.6931471805599454
100:2.791759469228055
simm:2.09861228866811
sipp:2.09861228866811
1mb:2.09861228866811
need:2.09861228866811
organ:1.6931471805599454
univers:1.0
line:1.0
24:1.0
nntp:1.0
post:1.0
host:1.0
windi:1.0
misc:2.791759469228055
entrepreneur:1.0
want:1.0
pnw:1.0
forsal:2.9459101490553135
uw:2.09861228866811
pc:1.6931471805599454
ibm:1.0
seattl:1.0
comput:1.6931471805599454
clone:1.0
co:1.0
omput:1.0
distribut:1.0
world:1.0
repli:1.0
keyword:1.0
ti:1.0
price:1.0
around:1.0
17:1.0
20:1.0
piec:1.0
wait:1.0
offer:1.0
tyuri:1.0
yulaev:1.0
t6553:1.0
38th:1.0
ave:1.0
ne:1.0
tseattl:1.0
wa:1.0
98115:1.0
206:2.09861228866811
524:2.09861228866811
2806:1.0
9547:1.0
home:1.0
685:1.0
3793:1.0
work:1.0
7218:1.0
fax:1.0
internet:1.0
uucp:1.0
beaver:1.0
