ssa:1.6931471805599454
uniti:1.6931471805599454
ncsu:1.6931471805599454
edu:1.6931471805599454
alavi:1.6931471805599454
subject:1.0
look:1.6931471805599454
larg:1.0
mono:1.6931471805599454
color:1.0
vga:1.0
monitor:1.6931471805599454
organ:1.0
nc:1.0
state:1.0
univers:1.0
line:1.0
12:1.0
ti:1.6931471805599454
17:1.0
larger:1.0
could:1.0
1024x748:1.0
twith:1.0
8514:1.0
card:1.0
ps2:1.0
70:1.0
guess:1.0
would:1.0
prefer:1.0
19:1.0
later:1.0
becuas:1.0
lower:1.0
price:1.6931471805599454
tpleas:1.0
email:1.0
brand:1.0
model:1.0
condit:1.0
ask:1.0
plea:1.0
includ:1.0
messag:1.0
refer:1.0
919:1.6931471805599454
467:1.0
7909:1.0
h:1.0
515:1.0
8063:1.0
w:1.0
