eyal:2.386294361119891
fir:1.0
canberra:2.09861228866811
edu:2.386294361119891
au:1.6931471805599454
lebedinski:1.6931471805599454
subject:1.0
int15h:2.09861228866811
joystick:3.5649493574615367
slow:2.386294361119891
organ:1.0
info:1.0
sci:1.0
eng:1.0
univers:1.0
australia:1.0
line:1.0
89:1.0
1ql6i3inn8uh:1.0
name:1.0
nerdc:1.0
ufl:1.6931471805599454
lioness:1.0
oak:1.0
circa:1.0
write:1.0
use:2.791759469228055
read:3.302585092994046
hideous:1.0
someth:1.0
like:1.6931471805599454
90:1.6931471805599454
cpu:1.0
time:2.09861228866811
spent:1.0
program:1.6931471805599454
noth:1.0
printf:1.0
joyread:1.0
print:1.0
reason:1.6931471805599454
stuff:1.0
take:1.0
even:1.0
effici:1.0
problem:1.0
lot:1.0
trap:1.0
smartdrv:1.0
hell:1.0
interfac:1.0
port:2.791759469228055
safe:1.0
fashion:1.0
via:1.0
poll:1.6931471805599454
platform:1.0
clockspe:1.0
specif:1.0
truth:1.0
int:3.6390573296152584
15h:1.0
directli:1.6931471805599454
hardwar:1.6931471805599454
note:1.0
expo:1.0
intermitt:1.0
disturb:1.0
interrupt:1.6931471805599454
may:1.6931471805599454
want:1.0
say:1.0
twice:1.0
row:1.0
keep:1.0
lower:1.0
result:1.0
turn:1.0
prove:1.0
detriment:1.0
health:1.0
high:1.0
speed:1.0
comm:1.0
devic:1.0
exampl:1.6931471805599454
joy:2.791759469228055
c:1.0
pc:1.0
inp:1.6931471805599454
outp:1.0
byte:1.0
access:1.0
timeout:1.0
count:2.791759469228055
0:2.386294361119891
zero:1.0
sampl:1.0
one:1.0
present:1.0
b:2.6094379124341005
comment:1.0
merg:1.0
two:1.0
either:1.0
connect:1.0
need:1.6931471805599454
optim:1.0
routin:1.0
sinc:1.0
run:1.0
long:1.0
circuitri:1.0
written:1.0
ise:1.0
includ:2.09861228866811
stdio:1.0
h:2.09861228866811
stdlib:1.0
conio:1.0
extern:1.0
readjoy:2.09861228866811
x:2.791759469228055
b1:2.791759469228055
b2:2.791759469228055
defin:2.791759469228055
joyport:2.09861228866811
t0x201:1.0
txjoy:1.0
t0x01:1.0
0x04:1.0
tyjoy:1.0
t0x02:1.0
0x08:1.0
xymask:2.09861228866811
xjoy:1.6931471805599454
yjoy:1.6931471805599454
tbut1:1.0
t0x10:1.0
0x40:1.0
tbut2:1.0
t0x20:1.0
0x80:1.0
return:1.0
ok:1.0
tregist:1.6931471805599454
tcount:1.6931471805599454
char:2.09861228866811
ttemp:2.09861228866811
toutp:1.0
set:1.0
trigger:1.0
tdo:1.0
tif:1.6931471805599454
temp:2.09861228866811
but1:1.0
but2:1.0
treturn:1.0
main:1.6931471805599454
demonstr:1.0
tint:1.0
trc:1.6931471805599454
tprintf:1.6931471805599454
hit:1.0
key:1.0
exit:1.0
twhile:1.0
kbhit:1.0
r:1.0
3d:1.6931471805599454
rc:1.0
