schwabam:1.0
columbia:1.0
dsu:1.0
edu:1.0
michael:1.0
schwabauer:1.0
subject:1.0
tseng:1.6931471805599454
lab:1.6931471805599454
video:2.09861228866811
card:2.09861228866811
problem:1.6931471805599454
line:1.6931471805599454
7:2.09861228866811
organ:1.0
dakota:1.0
state:1.0
univers:1.0
give:1.0
anyth:1.0
super:1.0
vga:1.0
mode:1.0
checkit:1.0
v3:1.0
0:1.0
report:1.0
page:1.6931471805599454
frame:1.6931471805599454
address:1.0
error:1.0
mean:1.0
could:1.0
fix:1.0
say:1.0
et4000ax:1.0
thank:1.0
