impster:1.6931471805599454
umcc:2.791759469228055
umich:1.6931471805599454
edu:2.386294361119891
charl:1.6931471805599454
budensiek:1.6931471805599454
subject:1.0
lead:2.386294361119891
edg:2.386294361119891
comput:2.6094379124341005
buy:1.0
organ:1.0
ann:1.0
arbor:1.0
mi:1.0
line:1.0
49:1.0
nntp:1.0
post:1.0
host:1.0
articl:1.0
1993apr18:1.0
023428:1.0
17605:1.0
cronkit:1.0
oci:1.6931471805599454
templ:1.6931471805599454
u083s121:1.0
astro:1.0
cis083:1.0
sec001:1.0
spr93:1.0
write:1.0
saw:1.0
follow:1.0
store:1.6931471805599454
want:2.386294361119891
know:1.6931471805599454
good:1.6931471805599454
someon:1.0
see:1.0
someth:1.0
wrong:1.0
also:1.0
would:2.386294361119891
like:2.09861228866811
stuff:1.0
delet:1.0
model:1.0
pc4170e:1.0
intel:1.6931471805599454
486sx:1.0
25:2.386294361119891
mhz:1.0
cpu:1.0
support:1.0
overdr:1.0
clock:1.0
doubl:1.0
processor:1.0
upgrad:1.6931471805599454
486dx2:1.0
66:1.0
4:2.09861228866811
mb:2.791759469228055
ram:1.6931471805599454
32:1.0
8:1.0
kb:1.0
intern:1.0
cach:1.0
1:2.6094379124341005
2:2.09861228866811
5:2.386294361119891
44:1.0
3:2.09861228866811
disk:1.0
drive:2.09861228866811
213:1.0
hard:1.0
1024:1.0
x:1.0
768:1.0
vga:1.0
video:2.386294361119891
resolut:1.0
256:1.0
color:1.0
6:1.0
avail:1.0
16:1.6931471805599454
bit:1.6931471805599454
isa:1.6931471805599454
expans:1.0
slot:1.0
one:2.386294361119891
local:1.0
bu:1.0
socket:1.0
compat:1.6931471805599454
bay:1.0
extern:1.0
pin:2.09861228866811
centron:1.0
type:1.0
parallel:1.0
port:2.09861228866811
r:1.0
232c:1.0
serial:1.0
9:1.0
15:1.0
analog:1.0
connector:1.0
p:1.0
mous:1.6931471805599454
200:1.0
watt:1.0
power:1.0
suppli:1.0
101:1.0
key:1.0
keyboard:1.0
includ:1.6931471805599454
softwar:1.0
window:2.09861228866811
do:1.0
0:1.0
microsoft:1.0
work:1.6931471805599454
1200:1.0
without:1.0
monitor:1.6931471805599454
price:1.0
thank:1.0
recent:1.0
bought:1.0
80386dx:1.0
33:1.0
mini:1.0
tower:1.0
case:1.0
everyth:1.0
fine:1.0
seem:1.0
decent:1.6931471805599454
brand:1.0
tend:1.0
say:1.0
deal:1.0
thing:1.6931471805599454
might:1.0
wari:1.0
l:1.0
e:1.0
back:1.0
plane:1.0
mount:1.0
motherboard:1.6931471805599454
ie:1.0
card:1.6931471805599454
plug:1.0
backplan:1.0
peopl:1.0
configur:1.6931471805599454
second:1.0
whoever:1.0
set:1.0
factori:1.0
realli:1.0
instal:1.0
driver:1.0
even:1.0
take:1.0
advantag:1.0
svga:1.0
look:1.0
forward:1.0
system:1.0
optim:1.0
anyon:1.0
coat:1.0
hanger:1.0
brain:1.0
itch:1.0
ai:1.0
org:1.0
turnip:1.0
rever:1.0
worship:1.0
deserv:1.0
ph:1.0
ask:1.0
