bs:1.6931471805599454
brucep:1.6931471805599454
vd:1.6931471805599454
seqeb:1.6931471805599454
gov:1.6931471805599454
au:2.386294361119891
bruce:1.6931471805599454
powel:1.6931471805599454
subject:1.0
esdi:2.6094379124341005
ide:2.9459101490553135
ye:1.0
possibl:2.09861228866811
organ:1.0
south:1.0
east:1.0
queensland:1.0
electr:1.0
board:1.0
line:1.0
27:1.0
articl:1.6931471805599454
1993apr16:1.0
033802:1.0
6605:1.0
monu6:1.0
cc:1.0
monash:1.6931471805599454
edu:1.6931471805599454
els390r:1.0
fawlty1:1.0
eng:1.0
g:1.0
chow:1.0
write:1.6931471805599454
1qegfd:1.0
dqi:1.0
wsinis03:1.6931471805599454
info:1.6931471805599454
win:2.09861228866811
tue:2.09861228866811
nl:2.09861228866811
monti:1.6931471805599454
guido:2.09861228866811
leender:1.0
hi:1.0
use:2.09861228866811
control:2.9459101490553135
hdd:1.0
togeth:1.0
harddisk:1.0
one:1.0
isa:1.0
system:1.0
read:1.0
stuff:1.0
secondari:1.0
trick:1.6931471805599454
work:2.09861228866811
thanx:1.0
advanc:1.0
question:1.0
drive:2.386294361119891
master:2.09861228866811
slave:1.6931471805599454
definitili:1.0
say:1.0
rll:2.386294361119891
upgrad:1.0
machin:1.0
200mb:1.0
custom:1.0
mdl:1.0
ci:1.0
1010:1.0
extend:1.0
maintain:1.0
wren:1.0
support:1.0
4:1.0
coexist:1.0
exist:1.0
mfm:1.0
scsi:1.0
accord:1.0
document:1.0
assur:1.0
temail:1.0
