vg:1.0
volkmar:2.09861228866811
stollmann:1.6931471805599454
de:1.6931471805599454
grote:1.6931471805599454
subject:1.0
ibm:1.6931471805599454
p:1.6931471805599454
1:1.6931471805599454
v:1.0
teac:2.09861228866811
fd:2.09861228866811
distribut:1.0
world:1.0
organ:1.6931471805599454
line:1.0
21:1.0
hello:1.0
alreadi:1.6931471805599454
tri:1.6931471805599454
nation:1.0
news:1.0
group:1.0
without:1.0
success:1.0
replac:1.0
friend:1.0
origin:1.0
floppi:1.0
disk:1.6931471805599454
pc:1.6931471805599454
normal:1.6931471805599454
drive:1.6931471805599454
identifi:1.0
power:1.0
suppli:1.0
pin:2.09861228866811
3:1.6931471805599454
5v:1.0
6:1.6931471805599454
12v:1.0
short:1.0
5:1.6931471805599454
25:1.0
switch:1.0
insert:1.6931471805599454
pullup:1.0
resistor:1.0
2k2:1.0
8:1.0
26:1.0
28:1.0
30:1.0
34:1.0
comput:1.0
complain:1.0
miss:1.6931471805599454
light:1.0
stay:1.0
time:1.0
spin:1.0
k:1.0
access:1.0
work:1.0
fine:1.0
point:1.0
thank:1.0
tvolkmar:1.0
