hhaldr:1.6931471805599454
stacken:1.6931471805599454
kth:1.6931471805599454
se:1.6931471805599454
heikki:1.6931471805599454
haldr:1.6931471805599454
subject:1.0
q:1.0
conner:1.6931471805599454
hd:1.6931471805599454
spec:1.0
organ:1.0
utexa:1.6931471805599454
mail:1.0
news:1.0
gateway:1.0
line:1.0
6:1.0
nntp:1.0
post:1.0
host:1.0
c:1.0
edu:1.0
anybodi:1.0
send:1.0
cp:1.0
321:1.0
harddisk:1.0
specif:1.0
612:1.0
cyl:1.0
4:1.0
intrest:1.0
time:1.0
valu:1.0
precomp:1.0
etc:1.0
internet:1.0
sune:1.0
