richk:1.6931471805599454
grebyn:2.09861228866811
com:1.6931471805599454
richard:1.6931471805599454
krehbiel:1.6931471805599454
subject:1.0
ide:3.302585092994046
v:1.0
scsi:2.386294361119891
repli:1.0
wlsmith:1.6931471805599454
valv:1.6931471805599454
heart:1.6931471805599454
rri:1.6931471805599454
uwo:2.09861228866811
ca:2.09861228866811
messag:1.0
sat:1.0
17:1.6931471805599454
apr:1.0
1993:1.0
20:1.0
42:1.0
47:1.0
gmt:1.0
line:1.0
30:1.0
organ:1.0
timeshar:1.0
inc:1.0
articl:1.6931471805599454
1993apr17:1.0
204247:1.0
6741:1.0
julian:1.0
wayn:2.09861228866811
smith:1.6931471805599454
write:1.6931471805599454
02uv:1.0
amtow:1.6931471805599454
spacecoast:1.6931471805599454
org:1.0
orgx:1.0
newssoftwar:1.0
grn:1.0
1:1.0
16f:1.0
10:1.0
92:1.0
mike:1.0
schwartz:1.0
michael:1.0
b:1.0
still:1.0
want:1.0
know:1.0
intrins:1.0
better:1.0
isa:2.09861228866811
bu:2.09861228866811
come:1.6931471805599454
multi:1.0
task:1.0
o:1.6931471805599454
manag:1.0
data:2.6094379124341005
singl:1.0
hard:2.09861228866811
drive:2.09861228866811
control:2.6094379124341005
transfer:1.0
dma:3.302585092994046
allow:1.0
cpu:1.6931471805599454
request:1.0
continu:1.0
work:2.09861228866811
get:1.0
move:2.09861228866811
memori:2.09861228866811
also:2.09861228866811
use:2.386294361119891
techniqu:1.0
believ:1.0
floppi:1.0
board:1.0
big:1.0
deal:1.0
noth:1.0
directli:1.0
like:1.0
te:1.0
pc:1.0
disk:1.0
interfac:1.0
sector:1.0
buffer:1.6931471805599454
card:1.0
main:1.0
need:1.0
way:1.0
compat:1.0
heck:1.0
hear:1.0
kind:1.6931471805599454
complaint:1.0
system:1.0
16m:1.6931471805599454
ram:1.0
address:1.0
limit:1.0
would:1.6931471805599454
troubl:1.0
btw:1.0
enabl:1.0
signal:1.0
cabl:1.0
spec:1.0
last:1.0
report:1.0
heard:1.0
never:1.0
implement:1.0
requir:1.0
differ:1.6931471805599454
adapt:1.0
driver:1.0
2:1.6931471805599454
0:1.0
amigado:1.0
386:1.0
along:1.0
