skcgoh:1.6931471805599454
tartaru:2.09861228866811
uwa:2.09861228866811
edu:2.09861228866811
au:2.09861228866811
shaw:1.0
goh:1.0
subject:1.6931471805599454
1:2.09861228866811
44mb:1.0
f:1.0
want:1.0
organ:1.0
univers:1.0
western:1.0
australia:1.0
line:1.0
2:1.0
nntp:1.0
post:1.0
host:1.0
x:1.0
newsread:1.0
tin:1.0
pl5:1.0
say:1.0
plea:1.0
email:1.0
soon:1.0
