harter5255:1.0
iscsvax:1.0
uni:1.0
edu:1.0
subject:1.0
help:2.09861228866811
hand:2.386294361119891
scanner:3.1972245773362196
want:1.0
organ:1.0
univers:1.0
northern:1.0
iowa:1.0
line:1.0
30:1.0
fellow:1.0
netter:1.0
market:1.0
howev:1.0
know:2.09861228866811
anyon:1.0
one:1.6931471805599454
eye:1.0
two:1.0
choic:1.0
dexxa:1.6931471805599454
avail:2.09861228866811
wal:1.0
mart:1.0
90:1.6931471805599454
includ:1.0
graywork:1.0
softwar:1.6931471805599454
provid:1.0
400:1.6931471805599454
dpi:2.386294361119891
32:1.0
grayscal:1.6931471805599454
think:1.0
ocr:1.6931471805599454
catchword:1.0
mail:2.09861228866811
order:1.6931471805599454
also:2.09861228866811
mustek:2.09861228866811
gray:1.0
artist:1.0
window:1.0
offer:1.6931471805599454
256:1.0
accord:1.0
cad:1.6931471805599454
graphic:1.6931471805599454
800:1.6931471805599454
169:1.0
come:1.0
perceiv:1.0
pictur:1.0
publish:1.0
le:1.0
look:1.0
geniu:1.0
b105:1.0
basic:1.6931471805599454
except:1.0
resolut:1.0
price:2.09861228866811
149:1.0
would:2.791759469228055
like:1.0
recommend:1.6931471805599454
buy:2.09861228866811
heard:1.0
logitech:1.0
make:1.0
best:1.6931471805599454
manufactur:1.0
realli:1.0
output:1.0
better:1.6931471805599454
hp:1.0
laserjet:1.0
iii:1.0
canon:1.0
bj:1.0
200:1.0
300x300:1.0
360x360:1.0
lean:1.0
toward:1.0
featur:1.0
middl:1.0
term:1.0
plea:1.6931471805599454
let:1.0
whether:1.0
anoth:1.0
within:1.0
rang:1.0
225:1.0
deal:1.0
e:1.0
greatli:1.0
appreci:1.0
kevin:1.0
harter:1.0
