yee:2.386294361119891
nimio:2.09861228866811
eng:2.09861228866811
mcmaster:2.386294361119891
ca:2.09861228866811
paul:1.6931471805599454
subject:1.0
boot:2.386294361119891
b:2.6094379124341005
drive:2.386294361119891
summari:1.0
sorri:1.0
done:1.0
ami:2.09861228866811
bio:2.386294361119891
nntp:1.0
post:1.0
host:1.0
organ:1.0
commun:1.0
research:1.0
laboratori:1.0
univers:1.0
line:1.0
30:1.0
articl:1.0
khan0095:2.09861228866811
735001731:1.0
nova:2.09861228866811
gmi:1.6931471805599454
edu:2.386294361119891
mohammad:1.6931471805599454
razi:1.0
khan:1.6931471805599454
write:1.6931471805599454
glang:1.0
slee01:1.0
srl:1.0
ford:1.0
com:1.0
gordon:1.6931471805599454
lang:1.6931471805599454
david:1.0
weisberg:1.0
djweisb:1.0
unix:1.0
amherst:1.0
wrote:1.0
5:1.0
1:1.6931471805599454
4:1.0
make:1.0
system:1.0
3:1.0
2:1.0
intermedi:1.0
repli:1.0
suggest:1.0
cabl:1.0
switch:1.0
delet:1.0
poke:1.0
around:1.0
tri:1.6931471805599454
somewher:1.0
say:1.0
c:2.6094379124341005
would:1.0
assum:1.0
could:1.0
probabl:1.0
slip:1.6931471805599454
althoug:1.0
mess:1.0
cmo:1.0
unless:1.0
know:1.0
hate:1.0
burst:1.0
bubbl:1.0
particular:1.0
set:2.09861228866811
allow:1.0
order:1.0
floppi:1.0
respect:1.0
primari:1.0
hd:1.0
e:1.0
check:1.6931471805599454
first:1.0
r:1.0
juli:1.0
93:1.0
plea:1.0
send:1.0
mail:1.0
mkhan:1.0
nyx:1.0
du:1.0
regard:1.0
