nsl:1.6931471805599454
doe:1.6931471805599454
carleton:2.09861228866811
ca:1.6931471805599454
nelson:1.6931471805599454
lup:1.0
shun:1.0
liu:1.0
subject:1.0
conner:2.09861228866811
cp3204f:1.6931471805599454
info:1.0
plea:1.6931471805599454
keyword:1.0
organ:1.0
dept:1.0
electron:1.0
univers:1.0
line:1.0
11:1.0
look:1.0
inform:1.0
drive:1.0
switch:1.0
set:1.0
geometri:1.0
etc:1.0
repli:1.0
via:1.0
e:1.0
mail:1.0
mani:1.0
thank:1.0
advanc:1.0
