bgrubb:1.0
dant:1.6931471805599454
nmsu:1.6931471805599454
edu:1.6931471805599454
grubb:1.0
subject:1.0
ide:2.386294361119891
v:1.6931471805599454
scsi:4.433987204485146
organ:1.0
new:1.0
mexico:1.0
state:1.0
univers:1.0
la:1.0
cruce:1.0
nm:1.0
line:1.0
39:1.0
distribut:1.0
world:1.0
nntp:1.0
post:1.0
host:1.0
richk:1.0
grebyn:1.0
com:1.0
richard:1.0
krehbiel:1.0
write:1.0
stuff:1.0
connect:1.0
ida:1.6931471805599454
deleat:1.0
8mhz:1.0
clock:1.0
16:2.09861228866811
bit:3.1972245773362196
width:1.0
5mb:1.6931471805599454
sec:1.0
speed:2.791759469228055
come:1.6931471805599454
8:2.791759469228055
3mb:1.6931471805599454
sight:1.0
complex:1.0
way:1.0
industri:1.0
use:1.6931471805599454
talk:1.0
three:1.0
key:1.0
differ:1.6931471805599454
control:2.09861228866811
chip:2.6094379124341005
port:2.791759469228055
softwar:3.1972245773362196
let:1.0
u:1.0
look:1.0
stand:1.0
point:1.0
1:2.9459101490553135
asynchron:2.386294361119891
synchron:2.386294361119891
mode:2.791759469228055
driver:2.791759469228055
slower:1.6931471805599454
0:1.6931471805599454
reach:1.0
divic:1.0
rewrit:1.0
case:1.0
mac:1.6931471805599454
quadra:1.6931471805599454
2:3.70805020110221
main:1.0
sourc:1.0
confus:1.0
machin:1.6931471805599454
pc:1.6931471805599454
call:1.0
fast:2.6094379124341005
produc:1.0
inspit:1.0
even:1.0
averag:1.0
4:1.0
6mb:1.0
8mb:1.0
see:1.0
higher:1.6931471805599454
end:1.0
allow:1.0
burst:2.09861228866811
rate:1.0
10:1.0
mb:1.0
two:2.09861228866811
version:2.09861228866811
wide:2.6094379124341005
requir:2.09861228866811
thing:1.6931471805599454
extern:1.0
devic:1.6931471805599454
also:2.09861228866811
reciev:1.6931471805599454
devi:1.0
support:1.0
12mb:1.0
20mb:1.6931471805599454
32:1.6931471805599454
know:1.0
expect:1.0
expenc:1.0
15:1.0
40mb:1.0
said:1.0
simpl:1.0
seven:1.0
seper:1.6931471805599454
standar:1.0
drop:1.0
five:1.0
hardwar:1.0
