im14u2c:1.6931471805599454
camelot:2.09861228866811
bradley:2.09861228866811
edu:2.09861228866811
joe:1.0
zbiciak:1.6931471805599454
subject:1.0
boot:1.6931471805599454
b:1.0
drive:1.6931471805599454
nntp:1.0
post:1.0
host:1.0
organ:1.0
happi:1.0
camper:1.0
usa:1.0
line:1.0
25:2.09861228866811
c5nvvx:1.0
n:1.0
mt:1.6931471805599454
mivj:1.6931471805599454
ca:1.6931471805599454
u:1.6931471805599454
rpao:1.0
roger:1.0
c:1.0
pao:1.0
write:1.0
much:1.0
discus:1.0
switch:1.0
5:2.791759469228055
3:2.09861228866811
remov:1.0
anoth:1.6931471805599454
albeit:1.0
strang:1.0
option:1.0
use:1.6931471805599454
program:1.6931471805599454
like:1.0
800:1.6931471805599454
ii:1.6931471805599454
avail:2.09861228866811
via:1.6931471805599454
anonym:1.6931471805599454
ftp:1.6931471805599454
mani:2.386294361119891
major:1.6931471805599454
site:1.0
fdformat:1.6931471805599454
also:1.6931471805599454
allow:1.0
format:2.386294361119891
25hd:1.0
disk:2.9459101490553135
1:1.6931471805599454
44meg:1.0
hd:1.0
2meg:1.0
along:1.0
diskcopi:2.09861228866811
ye:1.0
broken:1.0
messi:1.0
do:1.6931471805599454
onto:1.0
vice:1.0
versa:1.0
techniqu:1.0
non:1.0
self:1.0
game:1.0
old:1.0
tandi:1.0
1000:1.0
work:1.0
name:1.0
teledisk:1.6931471805599454
sharewar:1.0
bb:1.0
make:1.0
weird:1.0
provid:1.0
instal:1.0
properli:1.0
readili:1.0
proper:1.0
least:1.0
softwar:1.0
solut:1.0
hardwar:1.0
bio:1.0
defici:1.0
eh:1.0
joseph:1.0
disclaim:1.0
believ:1.0
check:1.0
head:1.0
nuke:1.0
whale:1.0
