mikey:1.6931471805599454
sgi:2.09861228866811
com:2.386294361119891
mike:1.6931471805599454
yang:1.6931471805599454
subject:1.0
17:1.0
monitor:1.0
nntp:1.0
post:1.0
host:1.0
eukanuba:1.0
wpd:1.0
organ:1.0
silicon:1.6931471805599454
graphic:1.6931471805599454
inc:1.6931471805599454
line:1.0
12:1.0
articl:1.0
1qslf:1.0
bm1:1.0
access:1.6931471805599454
digex:1.6931471805599454
net:1.0
rash:1.6931471805599454
wayn:1.0
write:1.0
also:1.0
review:1.0
new:1.6931471805599454
nanao:1.0
f550iw:2.09861228866811
releas:1.0
differ:1.0
f550i:1.6931471805599454
buy:1.0
gateway:1.0
system:1.0
go:1.0
take:1.0
upgrad:1.0
get:1.0
instead:1.0
415:1.0
390:1.0
1786:1.0
