palli:1.6931471805599454
server:1.0
uwindsor:1.0
ca:1.0
dimitrio:1.0
subject:1.0
shop:1.0
new:1.6931471805599454
nec:1.6931471805599454
monitor:1.0
line:1.0
9:1.0
well:1.6931471805599454
peopl:1.0
recomend:1.0
non:1.0
flat:1.6931471805599454
screen:1.6931471805599454
hype:1.0
nonsens:1.0
3d:1.0
plu:1.0
advantag:1.0
one:1.0
tube:1.0
oversensit:1.0
fragil:1.0
break:1.0
often:1.0
15:1.0
heavi:1.0
duti:1.0
rug:1.0
set:1.0
insist:1.0
proven:1.0
reliabl:1.0
technolog:1.0
jim:1.0
