blean:1.6931471805599454
rwb:1.0
esd:1.0
sgi:1.0
com:1.0
bob:1.6931471805599454
subject:1.0
high:1.6931471805599454
perform:2.09861228866811
vlb:1.0
video:1.0
card:3.6390573296152584
organ:1.0
silicon:1.0
graphic:2.09861228866811
line:1.0
33:1.0
articl:1.0
1993apr16:1.0
230319:1.0
28437:1.0
spartan:1.6931471805599454
ac:1.6931471805599454
brocku:1.6931471805599454
ca:1.6931471805599454
tmc:1.0
tim:1.0
ciceran:1.0
write:1.0
pc:1.6931471805599454
magazin:1.0
anoth:1.0
review:2.6094379124341005
end:1.0
acceler:1.0
around:1.6931471805599454
window:2.09861228866811
do:1.0
cad:1.0
go:1.0
ati:2.386294361119891
ultra:1.0
pro:1.0
done:1.0
two:1.6931471805599454
last:1.0
three:1.0
month:1.0
rank:1.0
editor:1.0
choic:1.0
seem:1.0
beat:1.0
pick:1.0
issu:1.0
mag:1.0
april:1.0
13:1.0
check:1.0
recent:1.6931471805599454
shown:1.6931471805599454
p9000:2.386294361119891
significantli:1.6931471805599454
faster:1.6931471805599454
vga:2.791759469228055
look:1.6931471805599454
slower:1.0
1:1.0
2:1.0
speed:1.6931471805599454
recal:1.0
big:1.0
question:1.0
orchid:2.386294361119891
v9000:1.6931471805599454
test:1.0
far:1.0
w5186:1.0
one:1.0
know:2.09861228866811
ami:1.6931471805599454
use:1.6931471805599454
w5286:1.0
reportedli:1.0
would:1.6931471805599454
like:1.6931471805599454
whether:1.0
fast:1.0
appear:1.0
formid:1.0
competitor:1.0
advertis:1.0
price:1.0
someon:1.0
group:1.0
post:1.0
littl:1.0
back:1.0
get:1.0
arriv:1.0
benchmark:1.0
also:1.0
base:1.0
real:1.0
