sreck:1.6931471805599454
rebox:2.09861228866811
berlin:2.386294361119891
de:1.6931471805599454
stefan:2.09861228866811
reck:1.6931471805599454
subject:1.0
adaptec:1.6931471805599454
acb:1.6931471805599454
2322:1.6931471805599454
distribut:1.0
world:1.0
organ:1.0
host:1.0
germani:1.6931471805599454
line:1.0
14:1.0
x:1.0
newsread:1.0
nwreader:1.0
version:1.0
3:1.0
02:1.0
wright:1.6931471805599454
lims01:1.0
lerc:1.0
nasa:1.0
gov:1.0
ted:1.0
write:1.0
rev:1.0
b:1.0
disk:1.0
control:2.09861228866811
come:1.0
hand:1.0
document:1.0
esdi:1.6931471805599454
mfm:1.0
rll:1.0
someth:1.0
el:1.0
bio:1.0
date:1.0
1987:1.0
help:1.6931471805599454
think:1.0
need:1.0
doco:1.0
inet:1.0
