goyal:1.6931471805599454
utdalla:1.6931471805599454
edu:1.6931471805599454
mohit:1.0
k:1.0
subject:1.0
17:1.0
monitor:1.6931471805599454
nntp:1.0
post:1.0
host:1.0
csclass:1.0
organ:1.0
univ:1.0
texa:1.0
dalla:1.0
line:1.0
10:1.0
mitsubishi:1.0
also:1.0
review:1.6931471805599454
new:1.6931471805599454
nanao:1.0
f550iw:1.0
releas:1.0
last:1.0
year:1.0
may:1.0
92:1.0
issu:1.0
window:1.0
spec:1.0
chang:1.0
f550i:1.0
know:1.0
go:1.0
t560i:1.0
soon:1.0
t560iw:1.0
thank:1.0
