goyal:1.6931471805599454
utdalla:1.6931471805599454
edu:1.6931471805599454
mohit:1.0
k:1.0
subject:1.0
ide:1.0
v:1.0
scsi:2.09861228866811
nntp:1.0
post:1.0
host:1.0
csclass:1.0
organ:1.0
univ:1.0
texa:1.0
dalla:1.0
line:1.0
30:1.0
bu:2.09861228866811
master:1.0
isa:2.6094379124341005
initi:1.0
dma:3.5649493574615367
xfer:2.386294361119891
serious:1.0
busmast:2.386294361119891
adapt:1.0
abil:1.0
use:2.791759469228055
motherboard:1.0
board:1.0
much:1.0
slower:1.0
arbitr:1.0
two:1.0
card:2.386294361119891
1:1.6931471805599454
system:2.791759469228055
tri:1.0
channel:2.6094379124341005
lock:1.0
crash:1.0
forget:1.0
8:1.6931471805599454
0:2.09861228866811
7:1.6931471805599454
3:1.0
bit:1.6931471805599454
4:1.0
16:1.0
soundblast:1.0
could:1.0
buy:1.0
xga:1.6931471805599454
2:1.6931471805599454
video:1.0
ha:1.6931471805599454
order:1.0
work:1.0
properli:1.0
would:1.0
find:1.0
simpli:1.0
configur:1.0
differ:1.0
know:1.6931471805599454
multipl:1.0
go:1.0
time:1.0
sure:1.0
eisa:1.6931471805599454
either:1.0
mca:1.0
allow:1.0
bm:1.0
thank:1.0
