subject:1.0
trident:1.6931471805599454
8900:1.6931471805599454
switch:3.0794415416798357
set:2.9459101490553135
someon:1.0
archiv:1.0
j3gum:1.6931471805599454
vax1:1.6931471805599454
mankato:2.09861228866811
msu:1.6931471805599454
edu:1.6931471805599454
organ:1.0
state:1.0
univers:1.0
line:1.0
109:1.0
t8900dip:1.0
txt:1.0
jeffrey:1.0
e:1.0
hundstad:1.0
8900c:1.0
9:2.6094379124341005
xx:2.386294361119891
8:4.465735902799727
1:3.833213344056216
6:3.1972245773362196
10:2.386294361119891
4:3.772588722239781
2:3.8903717578961645
j1:2.6094379124341005
j2:2.6094379124341005
3:3.833213344056216
5:3.3978952727983707
7:2.09861228866811
vga:2.6094379124341005
graphic:2.386294361119891
adapt:2.09861228866811
layout:2.6094379124341005
dram:3.3978952727983707
j3:2.791759469228055
11:2.6094379124341005
dip:1.6931471805599454
db:1.6931471805599454
15:1.0
connector:2.386294361119891
analog:1.0
monitor:1.6931471805599454
ttl:1.0
note:1.6931471805599454
jumer:1.0
j4:2.09861228866811
video:2.09861228866811
bio:1.0
basic:1.0
input:1.0
ouput:1.0
system:1.6931471805599454
tvga:1.0
chip:1.6931471805599454
edg:1.0
ibm:1.0
pc:1.6931471805599454
xt:1.0
compat:1.0
1mb:1.0
featur:1.6931471805599454
special:1.0
applic:1.0
dac:1.0
jumper:1.6931471805599454
block:1.0
jp1:1.0
jp2:1.0
board:1.6931471805599454
hardwar:1.0
option:1.0
present:1.0
version:1.0
box:1.0
figur:1.0
scan:1.0
rate:1.0
le:1.0
48khz:1.0
default:2.386294361119891
38:1.0
49khz:1.0
fast:1.6931471805599454
slow:1.6931471805599454
address:2.09861228866811
decod:2.09861228866811
16:1.6931471805599454
bit:2.09861228866811
data:2.09861228866811
path:2.09861228866811
irq9:1.0
xxx:2.386294361119891
def:1.6931471805599454
bu:1.0
size:1.0
detect:1.0
x:2.386294361119891
autodetect:1.0
standard:1.0
interfac:1.0
configur:1.0
two:1.6931471805599454
four:1.0
eight:1.0
clock:1.0
select:1.0
40:1.0
mhz:1.6931471805599454
48:1.0
sw1:1.6931471805599454
sw2:1.6931471805599454
swich:1.0
sete:1.0
mode:2.386294361119891
ega:1.0
cga:1.0
mda:1.0
hercul:1.0
