subject:1.0
wangtek:1.6931471805599454
tape:1.6931471805599454
control:1.6931471805599454
card:2.6094379124341005
revis:1.6931471805599454
e:1.6931471805599454
address:1.6931471805599454
irq:1.6931471805599454
want:1.0
system:2.386294361119891
codewk:1.0
nacjack:1.0
gen:1.0
nz:1.0
wayn:1.6931471805599454
mcdougal:1.6931471805599454
organ:1.0
code:1.0
work:1.0
limit:1.0
po:1.0
box:1.0
10:1.6931471805599454
155:1.0
auckland:1.6931471805599454
new:1.6931471805599454
zealand:1.0
line:1.0
26:1.0
use:1.6931471805599454
syto:1.0
backup:1.6931471805599454
take:1.0
friend:1.0
crash:1.0
attempt:1.0
restor:1.0
unfortun:1.0
document:1.0
ancient:1.0
lost:1.0
mist:1.0
time:1.6931471805599454
need:1.0
know:1.0
dma:1.0
anyon:1.0
suggest:1.0
could:1.0
determin:1.0
thing:1.0
bank:1.0
dip:1.0
switch:1.0
set:1.0
1:1.0
2:1.0
3:1.0
4:1.0
5:1.0
6:1.0
7:1.0
8:1.0
9:1.0
upupup:1.6931471805599454
upup:1.6931471805599454
open:1.0
thank:1.0
tthi:1.0
post:1.0
definit:1.0
bljeghb:1.0
chugh:1.0
vaj:1.0
blhegh:1.0
keeper:1.0
list:1.0
show:1.0
better:1.0
star:1.0
trek:1.0
tm:1.0
ask:1.0
festiv:1.0
mission:1.0
18:1.0
25:1.0
april:1.0
1993:1.0
alway:1.0
chang:1.0
mind:1.0
evid:1.0
avail:1.0
method:1.0
