charl:1.6931471805599454
gremlin:1.0
muug:1.0
mb:1.0
ca:1.0
subject:1.0
multiport:1.0
com:2.09861228866811
board:1.6931471805599454
info:1.6931471805599454
need:1.6931471805599454
organ:1.0
haunt:1.0
unix:1.0
box:1.0
line:1.0
10:1.0
4:1.0
port:1.6931471805599454
avail:1.0
pc:1.0
want:1.0
standard:1.0
mention:1.0
expens:1.0
coprocess:1.0
one:1.0
either:1.0
abl:1.6931471805599454
share:1.0
irq:1.6931471805599454
use:1.0
8:1.0
15:1.0
thank:1.0
