wil:1.6931471805599454
shell:1.6931471805599454
portal:2.09861228866811
com:1.6931471805599454
vill:1.6931471805599454
v:1.6931471805599454
walveranta:1.6931471805599454
subject:1.0
digit:1.6931471805599454
tablet:1.6931471805599454
question:1.0
nntp:1.0
post:1.0
host:1.0
jobe:1.0
organ:1.0
commun:1.0
compani:1.0
x:1.0
newsread:1.0
tin:1.0
version:1.0
1:2.09861228866811
pl8:1.0
line:1.0
15:1.0
rithea:1.6931471805599454
hong:1.6931471805599454
r0h7630:1.6931471805599454
tamut:1.6931471805599454
tamu:1.6931471805599454
edu:1.6931471805599454
wrote:1.0
market:1.0
small:1.0
12x12:1.0
would:1.0
like:1.0
comment:1.0
main:1.0
name:1.0
see:1.0
calcomp:1.0
summagraph:1.0
kurta:1.0
major:1.0
differ:1.0
particular:1.0
prefer:1.0
also:1.0
look:1.0
avoid:1.0
thank:1.0
input:1.0
provid:1.0
tel:1.0
fax:1.6931471805599454
510:1.6931471805599454
420:1.6931471805599454
0729:1.6931471805599454
96:1.0
linda:1.0
ave:1.0
apt:1.0
5:1.0
finland:1.0
990:1.0
oakland:1.0
ca:1.0
94611:1.0
4838:1.0
automat:1.0
recogn:1.0
usa:1.0
email:1.0
