joedal:2.09861228866811
dfi:2.09861228866811
aau:2.09861228866811
dk:2.09861228866811
lar:1.6931471805599454
subject:1.0
80386:2.386294361119891
80486:2.09861228866811
differ:2.09861228866811
nntp:1.0
post:1.6931471805599454
host:1.0
organ:1.0
aarhu:1.6931471805599454
univers:1.6931471805599454
denmark:1.6931471805599454
line:1.0
31:1.0
except:1.0
clock:1.0
frequenc:1.0
variou:1.0
type:1.0
386:1.0
486:1.0
processor:2.09861228866811
follow:1.0
list:1.0
know:1.6931471805599454
perhap:1.0
think:1.0
anybodi:1.0
extend:1.6931471805599454
correct:2.09861228866811
true:1.6931471805599454
32:1.6931471805599454
bit:2.09861228866811
cach:1.6931471805599454
80386sx:1.0
emul:1.0
16:1.0
bu:1.0
intern:1.6931471805599454
mathemat:1.0
coprocessor:1.0
big:1.0
instruct:1.0
set:1.0
way:1.0
80486sx:1.0
probabl:1.6931471805599454
sorta:1.6931471805599454
like:1.6931471805599454
80486dx:1.0
well:1.0
much:1.0
sure:1.0
lot:1.6931471805599454
peopl:1.0
add:1.0
inform:1.0
email:1.6931471805599454
prefer:1.0
j:1.0
dal:1.0
q:1.0
quantum:1.6931471805599454
mechan:2.09861228866811
auto:1.0
physic:1.0
student:1.0
get:1.0
car:1.0
garag:1.0
without:1.0
open:1.0
door:1.0
david:1.0
kra:1.0
