richard:2.386294361119891
soderberg:2.09861228866811
mic:2.791759469228055
ki:2.386294361119891
se:2.386294361119891
subject:1.0
disk:1.0
drive:1.6931471805599454
x:2.09861228866811
xxmessag:1.0
id:1.0
a7f8983a43017a15:1.0
bart:1.6931471805599454
xxdate:1.0
mon:1.0
19:1.0
apr:1.0
93:1.0
16:1.0
56:1.0
10:1.0
gmt:1.0
nntp:1.0
post:1.0
host:1.0
organ:1.0
kibic:1.6931471805599454
karolinska:1.6931471805599454
institut:1.6931471805599454
sweden:1.6931471805599454
userag:1.0
nuntiu:1.0
v1:1.0
1:1.6931471805599454
1d17:1.0
line:1.0
14:1.0
sw:1.0
deliv:1.0
often:1.0
alway:1.0
get:1.0
360:1.0
k:1.0
diskett:1.6931471805599454
opt:1.0
5:1.0
4:1.0
inch:1.0
format:1.0
big:1.0
tage:1.0
exist:1.0
pc:1.0
xt:1.0
ps2:1.0
low:1.0
capac:1.0
station:1.0
ooo:1.6931471805599454
md:1.0
system:1.0
analyst:1.0
voic:1.0
8:1.6931471805599454
46:1.6931471805599454
728:1.0
80:1.0
00:1.0
librari:1.0
fax:1.0
33:1.0
04:1.0
81:1.0
medic:1.0
inform:1.0
center:1.0
snail:1.0
po:1.0
box:1.0
602:1.0
01:2.09861228866811
doktorsringen:1.0
21:1.0
c:1.0
104:1.6931471805599454
stockholm:1.6931471805599454
email:1.0
micb:1.0
