e2:1.0
icf:1.0
hrb:1.6931471805599454
com:1.0
eric:1.6931471805599454
sebastian:1.6931471805599454
subject:1.0
question:1.0
fastmicro:1.6931471805599454
organ:1.0
system:1.0
inc:1.0
line:1.0
6:1.0
thought:1.0
read:1.0
financi:1.0
difficulti:1.0
true:1.0
seem:1.0
find:1.0
post:1.0
wonder:1.0
someon:1.0
confirm:1.0
thank:1.0
