mikey:2.09861228866811
eukanuba:1.6931471805599454
wpd:1.6931471805599454
sgi:2.386294361119891
com:2.6094379124341005
mike:1.6931471805599454
yang:1.6931471805599454
subject:1.0
17:1.0
monitor:1.6931471805599454
repli:1.0
organ:1.0
silicon:1.6931471805599454
graphic:1.6931471805599454
inc:1.6931471805599454
line:1.0
15:1.0
nntp:1.0
post:1.0
host:1.0
articl:1.0
1qulqa:1.0
hp2:1.0
access:1.6931471805599454
digex:1.6931471805599454
net:1.0
rash:1.6931471805599454
wayn:1.0
write:1.0
f550iw:1.6931471805599454
optim:1.0
window:1.0
power:1.6931471805599454
screen:1.0
blanker:1.0
appear:1.0
turn:1.0
comput:1.0
meet:1.0
swedish:1.0
standard:1.0
also:1.0
protect:1.0
emi:1.0
adjac:1.0
thank:1.0
info:1.0
person:1.0
think:1.0
f550i:1.0
bang:1.0
buck:1.0
right:1.0
much:1.0
cost:1.0
415:1.0
390:1.0
1786:1.0
