ebd:1.6931471805599454
fang:1.0
att:2.09861228866811
com:2.09861228866811
elliot:2.386294361119891
b:1.0
dierksen:2.6094379124341005
subject:1.0
help:2.09861228866811
dtk:1.6931471805599454
plu:1.6931471805599454
ii:1.6931471805599454
card:2.09861228866811
need:1.0
repli:1.0
e:1.6931471805599454
organ:1.0
tax:1.0
system:1.0
develop:1.0
maitland:1.0
fl:1.0
line:1.0
36:1.0
tri:1.6931471805599454
friend:1.0
mine:1.0
get:1.6931471805599454
second:2.09861228866811
serial:2.386294361119891
port:2.9459101490553135
work:1.6931471805599454
want:1.0
cooper:1.0
document:1.0
exampl:1.0
say:1.6931471805599454
chang:1.0
com2:1.6931471805599454
com1:1.6931471805599454
move:1.6931471805599454
jumper:2.6094379124341005
2:1.6931471805599454
bank:2.386294361119891
first:1.6931471805599454
one:1.0
label:2.09861228866811
follow:1.6931471805599454
c1:1.6931471805599454
c2:1.6931471805599454
s2:1.6931471805599454
p2:1.6931471805599454
p1:1.6931471805599454
g:1.6931471805599454
irq:2.09861228866811
5c:1.0
5:1.0
4:1.0
3:1.6931471805599454
2c:1.0
determin:1.0
tell:2.09861228866811
address:1.0
use:1.6931471805599454
printer:1.0
lpt1:1.0
lpt2:1.0
guess:1.0
enabl:1.6931471805599454
game:1.0
numer:1.0
set:1.0
without:1.0
success:1.0
assum:1.0
must:1.0
know:1.0
suggest:1.0
would:1.0
greatli:1.0
appreci:1.0
real:1.0
poncho:2.09861228866811
mean:1.0
mexican:1.0
sear:1.0
hmmm:1.0
foolin:1.0
f:1.0
zappa:1.0
w:1.0
407:1.6931471805599454
660:1.0
3377:1.0
h:1.0
alfr:1.0
uucp:1.0
290:1.0
9744:1.0
