rlb534:1.0
ibm:1.0
03:1.0
nwscc:1.0
sea06:1.0
navi:1.0
mil:1.0
subject:1.0
fastmicro:1.6931471805599454
busi:1.6931471805599454
organ:1.0
utexa:1.6931471805599454
mail:1.0
news:1.0
gateway:1.0
line:1.0
2:1.0
nntp:1.0
post:1.0
host:1.0
c:1.0
edu:1.0
heard:1.0
went:1.0
true:1.0
answer:1.0
800:1.6931471805599454
number:1.0
821:1.0
9000:1.0
