j:1.6931471805599454
man:2.386294361119891
csc32:1.6931471805599454
enet:1.6931471805599454
dec:1.6931471805599454
com:1.6931471805599454
john:2.09861228866811
subject:1.0
mitsumi:2.09861228866811
sb:2.791759469228055
pro:2.791759469228055
organ:1.0
digit:1.6931471805599454
equip:1.6931471805599454
corpor:1.0
distribut:1.0
usa:1.0
line:2.09861228866811
18:1.0
hi:1.0
bought:1.0
cd:2.6094379124341005
rom:2.09861228866811
drive:1.0
soundcard:1.0
pin:1.6931471805599454
out:1.0
consid:1.0
take:1.0
rca:1.0
output:1.0
jack:1.0
interfac:1.0
card:1.0
rout:1.0
input:1.0
work:1.0
multi:1.0
medium:1.0
softwar:1.0
use:1.0
need:1.0
go:1.0
thank:1.0
opinion:1.0
express:1.0
repres:1.0
