ihno:2.9459101490553135
gener:2.09861228866811
ka:2.09861228866811
sub:2.09861228866811
org:2.09861228866811
krumreich:2.09861228866811
subject:1.0
cd:2.386294361119891
rom:2.386294361119891
drive:2.09861228866811
summari:1.6931471805599454
hit:1.0
list:1.6931471805599454
sold:1.0
without:1.0
scsi:1.6931471805599454
interfac:1.6931471805599454
keyword:1.0
organ:1.0
synerix:2.09861228866811
gmbh:2.09861228866811
karlsruh:1.6931471805599454
line:1.0
23:1.0
someon:1.0
known:1.0
much:1.0
present:1.0
market:1.0
plea:1.0
mail:1.0
direcktli:1.0
reguarli:1.0
read:1.0
group:1.0
post:1.0
want:1.0
thank:1.0
phone:1.6931471805599454
49:2.09861228866811
721:2.09861228866811
955:1.6931471805599454
253:1.6931471805599454
0:1.6931471805599454
u:3.4849066497880004
n:3.4849066497880004
iii:2.09861228866811
x:3.5649493574615367
email:1.6931471805599454
nn:2.09861228866811
bach:1.0
strass:1.0
24:1.0
fax:1.0
59:1.0
02:1.0
11:1.0
w7500:1.0
21:1.0
uuu:1.0
