fragant:1.6931471805599454
unixg:1.6931471805599454
ubc:1.6931471805599454
ca:1.6931471805599454
gv:1.0
subject:1.0
winjet:1.6931471805599454
acceler:1.0
card:2.09861228866811
organ:1.0
univers:1.0
british:1.0
columbia:1.0
line:1.0
5:1.0
nntp:1.0
post:1.0
host:1.0
anyon:1.0
familiar:1.0
video:1.6931471805599454
chipset:1.6931471805599454
use:1.0
s3:1.6931471805599454
market:1.0
vlg:1.0
best:1.0
among:1.0
cirru:1.0
logic:1.0
tseng:1.0
lab:1.0
ati:1.0
question:1.0
expens:1.0
thank:1.0
