brinton:2.6094379124341005
icd:2.09861228866811
teradyn:2.6094379124341005
com:2.09861228866811
chri:1.6931471805599454
subject:1.0
recommend:1.0
local:2.386294361119891
bu:2.6094379124341005
cach:1.6931471805599454
repli:1.0
organ:1.0
inc:1.6931471805599454
boston:1.0
line:1.0
38:1.0
articl:1.0
6819:1.0
sol:1.0
ctr:1.0
columbia:1.0
edu:2.386294361119891
penev:2.386294361119891
rockefel:1.6931471805599454
penio:1.6931471805599454
write:1.0
15:1.0
apr:1.0
1993:1.0
20:1.6931471805599454
14:1.0
gmt:1.0
divya:1.0
sundaram:1.6931471805599454
egr:1.0
msu:1.0
wrote:1.0
would:1.6931471805599454
like:1.0
hear:1.0
net:1.6931471805599454
wisdom:1.0
opinion:1.6931471805599454
ide:2.791759469228055
control:3.1972245773362196
liek:1.0
get:2.09861228866811
card:1.0
vlb:1.6931471805599454
dx2:2.09861228866811
66:2.09861228866811
motherboard:1.0
good:1.0
option:1.0
prefer:1.0
200:1.0
must:1.0
also:2.09861228866811
work:1.0
o:1.0
2:1.6931471805599454
compat:1.0
stacker:1.0
disk:2.09861228866811
compress:1.0
w:1.6931471805599454
maxtor:1.6931471805599454
212mb:1.0
isa:2.09861228866811
although:1.6931471805599454
machin:1.0
save:1.6931471805599454
transfer:2.09861228866811
rate:2.09861228866811
0:1.0
647:1.0
mb:1.6931471805599454
regardless:1.0
variat:1.0
speed:1.6931471805599454
test:1.0
5:1.0
5mhz:1.0
8:1.0
33mhz:1.0
differ:1.0
problem:1.0
interfac:1.6931471805599454
memori:1.6931471805599454
advic:1.0
buy:1.0
4meg:1.0
ram:1.0
70:1.0
enjoy:1.0
perform:1.6931471805599454
x7423:1.0
212:1.6931471805599454
327:1.0
7423:1.0
internet:1.0
venezia:1.0
disclaim:1.0
oppinion:1.0
mine:1.0
gener:1.0
985:1.0
kb:1.6931471805599454
tri:1.0
swap:1.0
went:1.0
830:1.0
spec:1.0
drive:1.0
show:1.0
maximum:1.0
platter:1.0
83:1.0
dont:1.0
know:1.0
got:1.0
littl:1.0
certainli:1.0
much:1.0
hope:1.0
look:1.0
way:1.0
improv:1.0
im:2.09861228866811
convinc:1.0
bottleneck:1.0
will:1.0
entertain:1.0
possibl:1.0
alreadi:1.0
run:1.0
big:1.0
main:1.0
realli:1.0
interest:1.0
solut:1.0
either:1.0
welcom:1.0
