dcoleman:2.6094379124341005
ccwf:1.6931471805599454
cc:2.386294361119891
utexa:2.386294361119891
edu:2.386294361119891
daniel:1.6931471805599454
coleman:1.6931471805599454
subject:1.0
diamond:1.6931471805599454
stealth:1.6931471805599454
24:1.6931471805599454
give:2.09861228866811
9:1.6931471805599454
4:1.0
winmark:2.386294361119891
organ:1.0
univers:1.6931471805599454
texa:2.09861228866811
austin:2.09861228866811
line:1.0
25:1.0
nntp:1.0
post:1.0
host:1.0
flubber:1.0
articl:1.0
westesc5qvap:1.0
bgj:1.0
netcom:1.6931471805599454
com:1.6931471805599454
west:1.0
est:1.0
write:1.0
instal:1.0
isa:1.0
card:2.09861228866811
486dx2:1.0
66:1.0
system:1.0
256k:1.0
cach:1.0
16:1.6931471805599454
meg:1.0
memori:1.0
get:2.09861228866811
126:1.0
si:1.0
6:1.0
0:1.0
cpu:1.0
benchmark:1.0
rate:2.09861228866811
use:1.6931471805599454
1024x768x16:1.0
color:1.0
driver:1.0
window:1.0
winbench:2.386294361119891
5:1.6931471805599454
million:2.386294361119891
sinc:1.0
heard:1.0
other:1.0
15:1.6931471805599454
assum:1.0
someth:1.0
wrong:1.0
setup:1.0
possibl:1.0
caus:1.0
slow:1.0
like:1.0
importantli:1.0
version:2.09861228866811
local:1.0
bu:1.0
ati:1.0
graphic:1.0
ultra:1.0
pro:1.0
gotten:1.0
variou:1.0
score:1.6931471805599454
8:1.0
31:1.0
depend:1.0
2:1.0
optimist:1.0
3:1.0
11:1.0
least:1.0
meaningless:1.0
without:1.0
correspond:1.0
number:1.0
dan:1.0
matthew:1.0
internet:1.0
utxvm:2.09861228866811
decnet:1.0
electr:1.0
comput:1.0
engin:1.0
bitnet:1.6931471805599454
