sextonm:1.0
univr:1.6931471805599454
decnet:1.0
lockhe:2.386294361119891
com:2.09861228866811
subject:1.0
get:2.09861228866811
1280x1024:2.6094379124341005
work:1.0
w:1.0
2m:2.09861228866811
ati:2.386294361119891
ultra:1.6931471805599454
pro:1.6931471805599454
line:1.0
25:1.0
nntp:1.0
post:1.0
host:1.0
rdd:1.0
lmsc:1.0
organ:1.0
palo:1.0
alto:1.0
research:1.0
lab:1.0
articl:1.0
1993apr19:1.0
144814:1.0
17736:1.0
aio:1.0
jsc:1.6931471805599454
nasa:1.6931471805599454
gov:1.6931471805599454
mancu:1.6931471805599454
sweetpea:1.0
keith:1.6931471805599454
write:1.0
unabl:1.0
gateway:1.6931471805599454
486dx2:1.0
66:1.0
run:1.6931471805599454
window:2.6094379124341005
order:1.0
pretti:1.0
sure:1.0
realli:1.0
select:1.6931471805599454
1024x768x65536:1.0
matter:1.0
flex:2.386294361119891
program:2.09861228866811
group:1.0
remain:1.0
ghost:1.6931471805599454
3:1.0
1:1.0
build:1.0
59:1.0
driver:1.6931471805599454
do:1.0
5:1.0
0:1.0
instal:1.0
perhap:1.0
file:1.0
miss:1.0
hard:1.0
drive:1.0
1024x768:1.6931471805599454
fine:1.0
go:1.0
desktop:1.6931471805599454
sometim:1.0
refus:1.0
time:1.6931471805599454
accept:1.0
hit:1.0
ok:1.0
enter:1.6931471805599454
back:1.0
unghost:1.0
main:1.0
help:1.6931471805599454
problem:1.0
256:1.6931471805599454
color:1.6931471805599454
stuck:1.0
16:1.0
even:1.0
though:1.0
stuff:1.0
said:1.0
1024:1.0
solv:1.0
advanc:1.0
pannel:1.0
chang:1.0
palett:1.0
sorri:1.0
vaug:1.0
hope:1.0
btw:1.0
gw2000:1.0
66v:1.0
1m:1.0
gup:1.0
matt:1.0
sexton:1.6931471805599454
clae:1.0
space:1.0
