west:1.6931471805599454
netcom:1.6931471805599454
com:1.6931471805599454
est:1.6931471805599454
subject:1.0
util:1.6931471805599454
switch:2.09861228866811
cap:2.09861228866811
lock:2.09861228866811
ctrl:2.09861228866811
key:2.386294361119891
organ:1.0
mail:1.0
group:1.0
x:1.0
newsread:1.0
tin:1.0
version:1.0
1:1.6931471805599454
pl8:1.0
line:1.0
9:1.0
big:1.0
fan:1.0
offici:1.0
ibm:1.6931471805599454
keyboard:1.6931471805599454
p:1.0
2:1.0
attach:1.0
clone:1.0
comput:1.0
want:1.0
know:1.0
softwar:1.0
use:1.6931471805599454
locat:1.0
even:1.0
better:1.0
third:1.0
parti:1.0
make:1.0
replac:1.0
visual:1.0
well:1.0
tinternet:1.0
