michael:2.6094379124341005
jester:1.6931471805599454
gun:1.6931471805599454
de:1.6931471805599454
gerhard:1.6931471805599454
distribut:1.0
world:1.0
subject:1.0
diff:1.0
mous:2.791759469228055
sy:2.791759469228055
com:2.791759469228055
x:1.0
newsread:1.0
tin:1.0
version:1.0
1:1.6931471805599454
pl8:1.0
organ:1.0
privat:1.0
coher:1.0
system:1.0
line:1.0
20:1.0
x90sanson:1.0
gw:1.0
wmich:1.0
edu:1.0
wrote:1.0
differ:1.6931471805599454
load:2.9459101490553135
autoexec:2.09861228866811
bat:2.09861228866811
devic:1.0
config:2.09861228866811
time:1.0
driver:2.791759469228055
get:1.0
therefor:1.0
command:1.6931471805599454
one:1.6931471805599454
better:1.0
could:2.09861228866811
start:1.0
commandlin:1.0
boot:1.0
perhap:1.0
unload:1.0
work:1.0
total:1.0
ran:1.0
do:1.0
prefer:1.0
program:1.0
run:1.0
choos:1.6931471805599454
need:1.0
startup:1.0
drdos6:1.0
advantag:1.0
gone:1.0
drdo:1.0
let:1.0
preussenstrass:1.0
59:1.0
germani:1.0
4040:1.0
neuss:1.0
voic:1.0
49:1.0
2131:1.0
82238:1.0
