taybh:1.6931471805599454
hpsgm2:1.6931471805599454
sgp:1.6931471805599454
hp:2.09861228866811
com:1.6931471805599454
beng:1.6931471805599454
hang:1.6931471805599454
tay:1.6931471805599454
subject:1.0
vl:2.09861228866811
bu:2.09861228866811
hdd:2.386294361119891
fdd:2.6094379124341005
control:2.9459101490553135
ide:2.09861228866811
organ:1.0
singapor:2.6094379124341005
note:1.0
server:1.0
line:1.0
20:1.0
hi:1.0
ti:1.0
buy:1.0
quantum:1.0
lps240at:1.0
245:1.0
mb:1.0
hardisk:1.0
decid:1.0
thdd:1.0
32:1.0
bit:1.6931471805599454
faster:1.0
tthan:1.0
16:1.0
card:1.0
hear:1.0
tthe:1.0
slower:1.0
twhich:1.0
one:1.0
true:1.0
tpleas:1.0
shed:1.0
light:1.0
email:1.0
post:1.0
tthank:1.0
lot:1.0
best:1.0
regard:1.0
telnet:1.0
520:1.0
8732:1.6931471805599454
network:1.0
oper:1.0
phone:1.0
65:1.6931471805599454
279:1.0
hewlett:1.0
packard:1.0
pte:1.0
ltd:1.0
fax:1.0
272:1.0
2780:1.0
1150:1.0
depot:1.0
road:1.0
internet:1.0
0410:1.0
republ:1.0
