tcking:1.6931471805599454
uswnvg:1.6931471805599454
com:1.6931471805599454
tim:1.6931471805599454
king:1.6931471805599454
subject:1.0
gateway:2.09861228866811
2000:1.0
boot:2.09861228866811
floppi:2.09861228866811
organ:1.0
ground:1.0
zero:1.0
line:1.0
17:1.0
x:1.0
newsread:1.0
tin:1.0
1:1.6931471805599454
pl5:1.0
4dx:1.0
33v:1.0
3:1.0
5:1.0
inch:1.0
drive:1.6931471805599454
accident:1.0
discov:1.0
one:1.6931471805599454
particular:1.0
box:1.6931471805599454
diskettet:1.0
rather:1.0
get:1.6931471805599454
non:1.0
system:2.09861228866811
diskett:1.0
messag:1.0
machin:1.0
hang:1.0
cmo:1.6931471805599454
overwritten:1.0
luckili:1.0
send:1.0
print:1.0
standard:1.0
set:1.0
happen:1.0
pre:1.0
format:1.6931471805599454
fuji:1.6931471805599454
disk:2.386294361119891
caus:1.0
problem:2.09861228866811
goe:1.0
away:1.0
viru:1.6931471805599454
scan:1.6931471805599454
v1:1.0
02:1.0
found:1.0
noth:1.0
anyon:1.0
idea:1.0
go:1.0
hardwar:1.0
detect:1.0
read:1.0
garbag:1.0
sector:1.0
