cs1442au:2.386294361119891
news:1.0
uta:2.09861228866811
edu:3.3978952727983707
subject:1.6931471805599454
reboot:1.6931471805599454
problem:2.386294361119891
organ:1.0
univers:1.0
texa:1.0
arlington:1.0
line:1.0
38:1.0
x51948b1:2.386294361119891
usma1:2.9459101490553135
usma:3.0794415416798357
tue:2.386294361119891
apr:2.386294361119891
20:2.791759469228055
10:1.0
28:1.0
47:1.0
1993:1.0
receiv:1.6931471805599454
trotter:1.0
4:1.6931471805599454
1:1.6931471805599454
smi:1.0
eef:1.6931471805599454
tid:1.6931471805599454
aa01628:1.0
93:2.09861228866811
11:2.09861228866811
27:1.0
50:1.0
edt:2.09861228866811
5:1.6931471805599454
51:1.0
25:1.0
aa03219:1.6931471805599454
18:1.0
messag:1.0
id:1.0
9304201520:1.0
date:1.0
17:1.0
peckham:1.6931471805599454
david:1.6931471805599454
cdt:1.0
decster:1.6931471805599454
statu:1.0
run:1.0
unisi:1.0
pw2:1.0
386sx20:1.0
do:1.6931471805599454
6:1.0
even:1.0
0:1.0
emm386:1.0
load:1.0
ctl:1.0
alt:1.0
del:1.0
comput:1.0
beep:1.0
time:1.0
rapidli:1.0
hang:1.0
use:1.0
obscur:1.0
reset:1.0
requir:1.0
screwdriv:1.0
pencil:1.0
power:1.0
switch:1.0
anyon:1.0
solut:1.0
e:1.0
mail:1.0
dave:1.6931471805599454
thank:1.0
internet:1.0
u:1.0
militari:1.0
academi:1.0
jason:1.0
brown:1.0
fav:1.0
player:1.0
ruben:1.0
sierra:1.0
