mulvey:2.09861228866811
blurt:1.6931471805599454
oswego:2.6094379124341005
edu:1.6931471805599454
allen:1.0
suni:1.6931471805599454
ny:1.6931471805599454
subject:1.0
set:1.6931471805599454
com4:1.6931471805599454
distribut:1.0
usa:1.0
organ:1.0
colleg:1.0
line:1.0
28:1.0
articl:1.0
c5rajn:1.0
67:1.0
cbnewsh:2.09861228866811
cb:1.6931471805599454
att:2.386294361119891
com:3.3978952727983707
k4bnc:1.6931471805599454
john:1.6931471805599454
siegel:1.6931471805599454
write:1.6931471805599454
unabl:1.0
get:1.6931471805599454
4:1.6931471805599454
work:2.386294361119891
diagnost:1.0
program:2.386294361119891
msd:1.0
show:1.0
noth:1.0
instal:1.6931471805599454
think:1.0
softwar:1.6931471805599454
option:1.0
ok:1.0
known:1.0
hardwar:1.0
conflict:1.0
workaround:1.0
problemand:1.0
cd:1.0
rom:1.0
system:1.0
g2k:1.0
486dx2:1.0
66:1.0
tower:1.0
ati:1.0
video:1.0
card:1.6931471805599454
port:3.0794415416798357
follow:1.0
board:1.6931471805599454
coma:1.0
com1:1.0
irq4:1.0
extern:1.0
devic:1.6931471805599454
intern:1.0
modem:1.6931471805599454
3:1.0
irq5:1.0
dfio:1.0
primari:1.0
2:1.0
irq3:1.0
mous:1.0
b:1.0
irq:1.0
9:1.0
run:1.6931471805599454
boot:1.0
disk:1.0
command:1.0
elimin:1.0
suggest:1.0
call:1.6931471805599454
technic:1.0
support:1.0
ja:1.0
hrolli:1.0
hr:1.0
problem:1.0
time:1.0
ago:1.0
bios:1.0
automat:1.0
com3:1.0
tabl:1.6931471805599454
like:1.0
directli:1.0
fine:1.0
anyth:1.0
use:1.0
bio:1.6931471805599454
fail:1.0
find:1.0
bb:1.0
ftp:1.0
site:1.0
copi:1.0
finder:1.0
put:1.0
pf:2.09861228866811
sy:1.6931471805599454
config:1.0
autoexec:1.0
bat:1.0
littl:1.0
locat:1.0
exist:1.0
make:1.0
sure:1.0
updat:1.0
great:1.0
also:1.6931471805599454
let:1.0
swap:1.0
valu:1.0
tallen:1.0
tmulvey:1.0
