pastor:2.09861228866811
vfl:1.6931471805599454
paramax:1.6931471805599454
com:2.386294361119891
jon:1.6931471805599454
subject:1.6931471805599454
32:1.6931471805599454
bit:1.6931471805599454
box:1.0
gateway:2.09861228866811
nntp:1.0
post:1.0
host:1.0
athansor:1.0
organ:1.0
much:1.0
line:1.6931471805599454
20:1.0
got:1.0
gw2000:1.0
aol:1.6931471805599454
x:1.0
mailer:1.6931471805599454
america:1.0
onlin:1.0
disk:1.0
access:1.6931471805599454
date:1.0
mon:1.0
29:1.0
mar:1.0
93:1.0
14:1.0
26:1.0
45:1.0
est:1.0
messag:1.0
id:1.0
9303291426:1.0
tn05643:1.0
statu:1.0
ro:1.0
get:1.0
32bit:1.0
window:1.0
edit:1.0
system:1.0
ini:1.0
look:1.0
386enhanc:1.0
section:1.0
add:1.0
32bitdiskaccess:1.6931471805599454
give:1.0
need:1.0
thank:1.0
regard:1.0
scot:1.0
oehlerk:1.0
g2kscooter:1.0
2000:1.0
