west:1.6931471805599454
netcom:1.6931471805599454
com:1.6931471805599454
est:1.6931471805599454
subject:1.0
mount:2.386294361119891
cpu:3.1972245773362196
cooler:2.386294361119891
vertic:1.6931471805599454
case:1.6931471805599454
organ:1.0
mail:1.0
group:1.0
x:1.0
newsread:1.0
tin:1.0
version:1.0
1:2.09861228866811
pl8:1.0
line:1.0
13:1.0
instal:1.0
dx2:1.0
66:1.0
clone:1.0
motherboard:1.6931471805599454
tri:1.0
chip:1.0
2:1.0
hour:1.0
weight:1.6931471805599454
enough:1.0
dislodg:1.0
end:1.6931471805599454
bend:1.0
pin:1.0
luckili:1.0
power:1.0
yet:1.0
press:1.0
deepli:1.0
socket:1.6931471805599454
put:1.0
back:1.0
far:1.0
good:1.0
other:1.0
problem:1.0
ensur:1.0
fan:1.0
heatsink:1.0
eventu:1.0
work:1.0
tinternet:1.0
