andrew:2.6094379124341005
frip:2.09861228866811
wv:2.09861228866811
tek:2.09861228866811
com:2.09861228866811
klossner:1.6931471805599454
subject:1.0
soundblast:1.6931471805599454
irq:1.0
port:1.0
set:1.0
repli:1.0
organ:1.0
tektronix:1.0
color:1.0
printer:1.0
wilsonvil:1.0
oregon:1.0
line:1.0
19:1.0
lpt1:1.6931471805599454
com1:1.0
disk:1.6931471805599454
control:1.0
call:1.0
devic:2.386294361119891
tdevic:1.0
requir:1.6931471805599454
exclus:1.6931471805599454
interrupt:2.791759469228055
ownership:1.6931471805599454
eg:1.6931471805599454
tcontrol:1.0
i6:1.0
keyboard:1.0
i1:1.0
also:1.0
tdoe:1.0
ie:1.0
share:2.09861228866811
tinterrupt:1.0
anoth:1.6931471805599454
standard:1.0
isa:1.6931471805599454
bu:2.386294361119891
one:1.0
almost:1.0
non:1.0
laptop:1.0
pc:1.6931471805599454
use:1.0
two:1.6931471805599454
separ:1.0
interfac:1.0
card:2.09861228866811
due:1.0
screwup:1.0
design:1.0
exampl:1.0
want:1.6931471805599454
drive:1.0
number:1.6931471805599454
7:1.6931471805599454
must:1.0
hold:1.0
certain:1.0
wire:1.0
0:1.0
1:1.0
time:1.0
depend:1.0
whether:1.0
preclud:1.0
let:1.0
assert:1.0
implement:1.0
singl:1.0
