ryvg90:1.6931471805599454
email:2.09861228866811
sp:1.6931471805599454
mot:1.6931471805599454
com:1.6931471805599454
koji:2.09861228866811
kodama:1.6931471805599454
subject:1.0
want:1.6931471805599454
opinion:2.09861228866811
insight:2.386294361119891
talon:1.6931471805599454
ta:2.9459101490553135
1000:2.09861228866811
2000:2.386294361119891
multimedia:2.09861228866811
kit:2.9459101490553135
nntp:1.0
post:1.0
host:1.0
223:1.0
7:1.0
248:1.0
49:1.0
organ:1.0
motorola:2.09861228866811
inc:2.09861228866811
austin:1.0
texa:1.0
line:1.6931471805599454
47:1.0
might:2.09861228866811
familiar:1.6931471805599454
distribut:1.0
network:1.0
serious:1.0
consid:1.6931471805599454
buy:1.0
mm:1.0
bundl:1.6931471805599454
cd:2.386294361119891
rom:1.6931471805599454
drive:2.386294361119891
265:1.0
280m:1.6931471805599454
access:1.0
time:1.0
300kb:1.0
dtr:1.0
multispin:1.0
multi:1.0
session:1.0
photo:1.6931471805599454
capabl:1.6931471805599454
etc:2.09861228866811
pa:1.0
16:1.0
sound:1.0
card:1.0
know:1.0
mean:1.0
believ:1.0
either:1.0
texel:1.6931471805599454
265m:1.0
nec:1.6931471805599454
clear:1.0
one:2.09861228866811
actual:1.6931471805599454
part:1.0
least:1.0
two:1.0
sale:1.0
peopl:1.0
give:1.0
straight:1.0
answer:1.0
ah:1.0
ye:1.0
drawback:1.0
oem:1.0
question:1.0
excus:1.0
ignor:1.0
reput:1.0
maker:1.0
market:1.0
think:1.6931471805599454
better:1.0
bottom:1.0
worth:1.0
money:1.0
current:1.0
449:1.0
699:1.0
altern:1.0
overkil:1.0
use:2.386294361119891
howev:1.0
full:1.0
stuff:1.0
educ:1.0
program:1.0
kid:1.0
lower:1.0
end:1.0
differ:1.0
around:1.0
250:1.0
00:1.0
get:1.0
someth:1.0
el:1.0
like:1.6931471805599454
tape:1.0
back:1.0
unit:1.0
basic:1.0
would:1.0
hear:1.0
whatev:1.0
pro:1.0
con:1.0
advis:1.0
prefer:1.0
directli:1.0
address:1.0
thank:1.0
2:1.0
nippon:1.0
ltd:1.0
note:1.0
express:1.0
herein:1.0
mine:1.0
reflect:1.0
polici:1.0
affili:1.0
