kushmer:1.6931471805599454
bnlux1:1.6931471805599454
bnl:1.6931471805599454
gov:1.6931471805599454
christoph:1.0
kushmerick:1.6931471805599454
subject:1.0
hot:2.09861228866811
cpu:1.6931471805599454
organ:1.0
brookhaven:1.0
nation:1.0
laboratori:1.0
distribut:1.0
na:1.0
line:1.0
15:1.0
486:1.0
33:1.0
dx:1.0
machin:1.0
current:1.0
get:1.0
hold:1.0
finger:1.0
0:1.0
5:1.0
keep:1.0
big:1.0
fan:1.0
blow:1.0
consid:1.0
use:1.0
heat:1.0
sink:1.0
advic:1.0
chri:1.0
found:1.0
nich:1.0
life:1.0
fit:1.0
