korenek:2.386294361119891
nmti:1.6931471805599454
com:1.6931471805599454
gari:1.6931471805599454
subject:1.0
hint:2.386294361119891
486:1.6931471805599454
vlb:1.6931471805599454
isa:2.6094379124341005
eisa:3.1972245773362196
motherboard:2.9459101490553135
keyword:1.0
organ:1.0
network:1.6931471805599454
manag:1.6931471805599454
technolog:1.6931471805599454
inc:1.0
distribut:1.0
usa:1.0
line:1.0
26:1.0
articl:1.0
c5ovwv:1.0
lmo:1.0
news:1.0
iastat:1.6931471805599454
edu:1.6931471805599454
schauf:1.0
brian:1.6931471805599454
j:1.6931471805599454
schaufenbuel:1.6931471805599454
write:1.0
look:1.6931471805599454
buy:1.0
companion:1.0
brand:1.0
chipset:1.6931471805599454
anybodi:1.0
experi:1.0
board:1.0
good:1.0
bad:1.0
inform:1.0
would:1.6931471805599454
help:1.0
thank:1.0
believ:1.0
vl:1.6931471805599454
use:1.6931471805599454
limit:2.09861228866811
24:1.0
bit:2.09861228866811
dma:2.386294361119891
real:1.0
32:1.6931471805599454
16:1.0
mb:1.0
ram:1.0
address:1.0
reason:1.6931471805599454
pas:1.0
one:1.0
hawk:1.0
ing:1.0
replac:1.0
exactli:1.0
plea:1.0
doubl:1.0
check:1.0
word:1.0
call:1.0
manufactur:1.0
ask:1.0
support:1.0
true:1.0
work:1.0
quit:1.0
well:1.0
mine:1.0
do:1.0
5:1.0
window:1.0
3:1.0
1:1.0
unix:1.0
s5r3:1.0
2:1.0
also:1.0
adaptec:1.0
1742a:1.0
scsi:1.0
host:1.0
adapt:1.0
incorpor:1.0
sugar:1.0
land:1.0
texa:1.0
713:1.0
274:1.0
5357:1.0
