ccmb:1.6931471805599454
musica:1.0
mcgill:2.09861228866811
ca:1.6931471805599454
subject:1.0
dma:1.6931471805599454
system:1.6931471805599454
use:1.6931471805599454
line:1.0
10:1.0
nntp:1.0
post:1.0
host:1.0
vm1:1.0
organ:1.0
univers:1.0
hello:1.0
small:1.0
problem:1.0
sound:1.0
blaster:1.0
pro:1.0
game:1.0
util:1.0
would:1.0
tell:1.0
thank:1.0
mark:1.0
brown:1.0
