sundbo:1.0
bgibm1:1.6931471805599454
nho:2.09861228866811
hydro:2.386294361119891
com:2.09861228866811
terj:1.6931471805599454
thoegersen:1.0
subject:1.0
problem:2.09861228866811
toshiba:1.6931471805599454
3401:2.09861228866811
cdrom:2.6094379124341005
organ:1.0
norsk:1.0
line:1.0
26:1.0
distribut:1.0
world:1.0
repli:1.0
hktth:1.0
nntp:1.0
post:1.6931471805599454
host:1.0
articl:1.0
1993apr20:1.0
191255:1.0
10115:1.0
news:1.0
columbia:1.6931471805599454
edu:1.6931471805599454
imj1:1.0
cunixa:1.0
cc:1.0
imad:1.0
jureidini:1.0
write:1.0
hi:1.6931471805599454
ti:1.0
recent:1.0
purchas:1.0
adaptec:2.09861228866811
1542b:1.0
scsi:1.6931471805599454
card:1.0
far:1.0
fail:1.0
get:1.6931471805599454
work:1.6931471805599454
do:1.6931471805599454
well:1.0
o:1.0
2:1.0
know:1.0
drive:2.6094379124341005
faulti:1.0
config:1.6931471805599454
sy:2.6094379124341005
aspi3do:1.0
aspidisk:1.0
aspicd:1.6931471805599454
autoexec:1.6931471805599454
bat:1.6931471805599454
mscdex:1.6931471805599454
came:1.0
6:1.0
0:1.0
seem:1.6931471805599454
find:1.0
instal:1.0
f:1.0
switch:1.0
tri:1.0
dir:1.0
error:1.0
messag:1.0
tell:1.0
readi:1.0
someth:1.6931471805599454
like:1.0
lock:1.0
util:1.0
recogn:1.0
point:1.0
tha:1.0
anyon:1.6931471805599454
ever:1.0
abviou:1.0
miss:1.0
final:1.0
wonder:1.0
use:1.0
setup:1.0
could:1.0
kindli:1.0
one:1.0
aspi:1.0
driver:1.0
think:1.0
support:1.0
norst:1.0
paramt:1.0
mean:1.0
reset:1.0
bu:1.0
load:1.0
fix:1.0
friend:1.0
mine:1.0
tosh:1.0
regard:1.0
