jbuddenberg:1.6931471805599454
vax:1.6931471805599454
cn:1.6931471805599454
muskingum:2.386294361119891
edu:1.6931471805599454
jimmi:1.6931471805599454
buddenberg:1.6931471805599454
subject:1.0
get:1.0
vesa:1.6931471805599454
control:1.6931471805599454
card:1.6931471805599454
organ:1.0
colleg:1.6931471805599454
line:1.0
9:1.0
486dx:1.0
25mhz:1.0
local:1.0
bu:1.0
would:1.0
see:1.0
much:1.0
increas:1.0
speed:1.0
drive:1.0
got:1.0
ide:1.0
need:1.0
advic:1.0
internet:1.0
