dcoleman:2.6094379124341005
utxvm:2.386294361119891
cc:2.386294361119891
utexa:2.6094379124341005
edu:2.6094379124341005
daniel:1.6931471805599454
coleman:1.6931471805599454
subject:1.6931471805599454
2mb:1.6931471805599454
ati:2.386294361119891
ultra:2.386294361119891
pro:2.386294361119891
16:2.791759469228055
24:2.791759469228055
bit:3.0794415416798357
window:2.791759469228055
driver:2.9459101490553135
work:2.6094379124341005
line:1.6931471805599454
47:1.6931471805599454
nntp:1.0
post:1.0
host:1.0
ecru:1.0
organ:1.0
univers:1.6931471805599454
texa:1.6931471805599454
austin:1.6931471805599454
articl:1.0
87402:1.0
ut:1.0
emx:1.0
uucp:1.0
reza:1.0
magellan:1.0
ae:1.0
alireza:1.0
vali:1.0
write:1.0
hi:1.0
bought:1.0
486:1.6931471805599454
dx2:1.6931471805599454
66:1.6931471805599454
gateway:2.6094379124341005
system:2.386294361119891
2:1.0
meg:1.6931471805599454
video:1.0
card:1.6931471805599454
everyth:1.6931471805599454
seem:1.0
fine:1.0
except:1.0
800x600:1.6931471805599454
1024x768:1.0
mode:2.386294361119891
font:1.0
icon:1.0
start:1.0
deterior:1.0
startup:1.0
within:1.0
minut:1.0
use:2.09861228866811
screen:1.0
total:1.0
unintellig:1.0
natur:1.0
call:1.6931471805599454
tech:1.0
support:1.0
inquir:1.0
technician:1.0
ask:1.0
told:1.6931471805599454
version:1.6931471805599454
1:2.386294361119891
5:1.6931471805599454
build:1.6931471805599454
59:1.6931471805599454
simpli:1.6931471805599454
true:1.0
amaz:1.0
could:1.0
strang:1.0
thing:1.0
would:1.0
expect:1.0
see:1.6931471805599454
discus:1.0
unless:1.0
made:1.0
faq:1.0
one:1.0
suspici:1.0
point:1.0
came:1.0
later:1.0
state:1.0
none:1.0
acceler:1.0
board:1.0
3:1.6931471805599454
easili:1.0
challeng:1.0
run:1.0
diamond:1.6931471805599454
24x:1.0
15:1.0
home:1.0
4:1.0
month:1.0
test:1.0
well:1.6931471805599454
back:1.0
said:1.0
much:1.0
longer:1.0
anyway:1.0
want:1.0
anyon:1.0
el:1.0
troubl:1.0
feedback:1.0
appreci:1.0
configur:1.0
local:2.09861228866811
bu:2.09861228866811
ram:1.0
scsi:2.09861228866811
hd:1.0
cd:1.0
rom:1.0
ultrastor:1.0
34f:1.0
control:1.0
vram:1.0
do:1.0
6:1.0
0:1.0
mach:1.0
32:1.0
abl:1.0
success:1.0
color:1.0
although:1.0
setup:1.0
le:1.0
complic:1.0
sound:1.0
may:1.0
hardwar:1.0
conflict:1.0
problem:1.0
memori:1.0
apertur:1.0
16m:1.0
heard:1.0
rumor:1.0
incompat:1.0
varieti:1.0
give:1.0
hell:1.0
help:1.0
fix:1.0
dan:1.0
matthew:1.0
internet:1.0
ccwf:1.0
decnet:1.0
electr:1.0
comput:1.0
engin:1.0
bitnet:1.6931471805599454
