organ:1.0
univers:1.0
illinoi:1.0
chicago:1.0
academ:1.0
comput:1.0
center:1.0
alan:1.6931471805599454
hind:1.6931471805599454
u32472:1.0
uicvm:1.0
uic:1.0
edu:1.0
subject:1.0
disk:2.6094379124341005
data:2.09861228866811
compress:1.6931471805599454
interleav:2.09861228866811
line:1.0
5:1.0
anyon:1.0
enough:1.0
experi:1.0
report:1.0
whether:1.0
effect:1.0
optim:1.0
sector:1.6931471805599454
offhand:1.0
expect:1.0
time:1.0
requir:1.0
decompress:1.0
would:1.0
increas:1.0
optimum:1.0
