dwayn:2.386294361119891
stratsft:1.6931471805599454
uucp:1.6931471805599454
bailey:1.6931471805599454
subject:1.0
need:1.6931471805599454
help:2.09861228866811
identifi:1.0
serial:2.6094379124341005
board:2.6094379124341005
organ:1.0
strateg:1.6931471805599454
softwar:1.6931471805599454
redford:1.6931471805599454
michigan:1.6931471805599454
line:1.0
26:1.0
multi:1.6931471805599454
port:2.09861228866811
unknown:1.0
origin:1.0
hope:1.0
someon:1.0
know:1.0
even:1.0
better:1.0
variou:1.0
switch:2.6094379124341005
jumber:1.0
use:1.0
anyway:1.0
descript:1.0
card:1.6931471805599454
16:1.6931471805599454
bit:1.6931471805599454
although:1.0
notic:1.0
none:1.0
contact:1.0
extens:1.0
connect:1.6931471805599454
anyth:1.0
4:2.6094379124341005
ns16550an:1.0
chip:1.0
socket:1.0
correspond:1.0
label:1.0
com1:1.0
com4:1.0
also:1.0
extern:1.0
femal:1.0
connector:1.0
37:1.0
pin:1.0
8:2.386294361119891
bank:1.6931471805599454
2:1.6931471805599454
7:1.0
jumper:1.0
believ:1.0
determin:1.0
follow:1.6931471805599454
trace:1.0
sw5:2.09861228866811
sw6:1.6931471805599454
12:1.0
control:1.0
interrupt:1.0
level:1.0
com:1.0
1:1.6931471805599454
irq3:1.0
5:1.0
irq4:1.0
irq5:1.0
beyond:1.0
meager:1.0
abil:1.0
identif:1.0
print:1.0
across:1.0
bottom:1.0
box:1.6931471805599454
number:1.6931471805599454
blank:1.0
immedi:1.0
word:1.0
left:1.0
n:1.0
1990:1.0
anyon:1.0
clue:1.0
greatli:1.0
appreci:1.0
way:1.0
make:1.0
scream:1.0
intel:1.0
advertis:1.0
june:1.0
1989:1.0
doctor:1.0
dobb:1.0
journal:1.0
