anisko:2.386294361119891
usdtsg:2.09861228866811
daytonoh:1.6931471805599454
ncr:2.09861228866811
com:1.6931471805599454
subject:1.0
atari:2.6094379124341005
mono:2.09861228866811
vga:3.0794415416798357
repli:1.0
uucp:1.0
distribut:1.0
world:1.0
organ:1.0
corpor:1.0
dayton:1.0
line:1.0
35:1.0
articl:1.6931471805599454
19apr199322421085:1.0
oregon:1.6931471805599454
uoregon:1.6931471805599454
edu:1.6931471805599454
arosborn:1.0
alan:1.0
osborn:1.0
write:1.6931471805599454
1993apr19:1.0
090707:1.0
3686:1.0
tdb:1.6931471805599454
uu:1.6931471805599454
se:1.6931471805599454
m88max:1.0
max:1.0
brant:1.0
anybodi:1.0
succed:1.0
convert:1.6931471805599454
monomchrom:1.0
monitor:3.1972245773362196
plea:1.6931471805599454
let:1.0
know:1.0
exactli:1.0
graphic:1.6931471805599454
card:2.09861228866811
use:2.6094379124341005
wish:1.0
could:1.0
help:1.0
post:1.6931471805599454
similar:1.0
question:1.0
two:1.0
week:1.0
ago:1.0
got:1.0
respons:1.0
ask:1.6931471805599454
local:1.0
friendli:1.0
store:1.0
told:1.0
possibl:1.0
idea:1.0
might:2.09861228866811
done:1.0
particularli:1.0
care:1.0
investig:1.0
anyon:1.0
suggest:1.0
tri:1.6931471805599454
one:1.6931471805599454
comp:1.6931471805599454
sy:1.6931471805599454
ibm:1.6931471805599454
echo:1.0
best:1.0
may:1.6931471805599454
pc:1.6931471805599454
hardwar:1.0
say:1.0
convers:1.6931471805599454
seem:1.0
gear:1.0
toward:1.0
user:1.6931471805599454
want:2.09861228866811
alreadi:1.0
unless:1.0
mayb:1.0
realli:1.0
go:2.09861228866811
wild:1.0
falcon:1.6931471805599454
assum:1.0
modifi:1.0
adapt:1.0
handl:1.0
signal:1.0
probabl:1.6931471805599454
abl:1.0
least:1.0
re:1.0
around:1.0
640x400:1.0
would:1.0
guess:1.0
trobert:1.0
tanisko:1.0
price:1.0
anyway:1.0
cheaper:1.0
rout:1.0
besid:1.0
beyond:1.0
svga:1.0
multisync:1.0
way:1.0
