spart:2.09861228866811
c:2.09861228866811
uq:2.09861228866811
oz:2.09861228866811
au:2.09861228866811
geoff:1.6931471805599454
green:1.6931471805599454
subject:1.0
multi:1.6931471805599454
card:2.6094379124341005
16550:2.09861228866811
uart:1.6931471805599454
repli:1.0
organ:1.0
depart:1.0
comput:1.0
scienc:1.0
univers:1.0
queensland:1.0
line:1.0
18:1.0
possibl:1.0
buy:1.6931471805599454
serial:2.09861228866811
built:1.0
rather:1.0
separ:1.0
socket:1.0
current:1.0
use:1.0
8250:1.0
correct:1.0
number:1.0
braindead:1.0
one:1.6931471805599454
anyway:1.0
also:1.6931471805599454
control:2.09861228866811
two:1.6931471805599454
floppi:1.0
drive:1.6931471805599454
ide:2.09861228866811
hard:1.6931471805599454
ideal:1.0
like:1.0
get:1.6931471805599454
new:1.0
2:1.6931471805599454
port:1.6931471805599454
could:1.6931471805599454
anoth:1.0
hd:1.0
would:1.0
configur:1.0
address:1.0
co:1.0
exist:2.09861228866811
beast:1.0
part:1.0
australia:1.0
prefer:1.0
brisban:1.0
thank:1.0
