walli:2.09861228866811
auspex:2.09861228866811
com:1.6931471805599454
bass:1.6931471805599454
subject:1.0
date:3.1972245773362196
stuck:1.0
organ:1.0
system:2.9459101490553135
santa:1.0
clara:1.0
line:1.0
35:1.0
nntp:1.0
post:1.0
host:1.0
alpha1:1.0
e5:1.0
articl:1.0
1993apr19:1.0
055039:1.0
29715:1.0
oec4:1.6931471805599454
orbit:1.6931471805599454
dialix:1.6931471805599454
oz:1.6931471805599454
au:1.6931471805599454
oecjtb:1.0
john:1.0
bongiovanni:1.0
write:1.0
stuff:1.0
delet:1.0
hear:1.0
order:1.6931471805599454
advanc:2.09861228866811
someth:1.0
like:1.0
clock:2.791759469228055
make:1.0
get:2.9459101490553135
call:3.302585092994046
appar:1.0
hardwar:1.0
interrupt:1.0
bio:3.0794415416798357
automat:1.0
notic:1.6931471805599454
midnight:2.09861228866811
reset:1.6931471805599454
flag:1.0
set:1.6931471805599454
anybodi:1.6931471805599454
info:1.0
two:1.0
problem:1.0
1:1.6931471805599454
tod:1.0
routin:1.0
updat:1.6931471805599454
use:2.386294361119891
bit:1.0
day:2.791759469228055
increment:2.09861228866811
second:1.0
wrap:2.9459101490553135
past:1.0
lost:2.09861228866811
one:1.0
read:1.6931471805599454
meantim:1.0
2:1.0
indic:2.791759469228055
first:1.6931471805599454
unless:1.0
done:1.0
do:3.1972245773362196
kernel:1.6931471805599454
part:1.0
know:1.0
normal:1.0
guess:1.0
kevin:1.0
menu:2.6094379124341005
display:1.0
time:2.386294361119891
henc:1.6931471805599454
entiti:1.0
caus:1.6931471805599454
even:1.0
think:1.0
non:1.0
zero:1.0
valu:1.0
al:1.0
realli:1.0
particularli:1.0
good:1.0
way:1.0
tell:1.0
would:1.6931471805599454
process:1.0
properli:1.0
possibl:1.0
though:1.0
easili:1.0
reentrant:1.0
perhap:1.0
ofter:1.0
occur:1.0
insid:1.0
