twa2:1.0
ra:1.6931471805599454
msstate:1.6931471805599454
edu:1.6931471805599454
todd:1.0
w:1.0
anderson:1.0
subject:1.0
diamond:1.0
stealth:1.6931471805599454
24:1.6931471805599454
give:1.0
9:1.6931471805599454
4:1.6931471805599454
winmark:1.6931471805599454
nntp:1.0
post:1.0
host:1.0
organ:1.0
mississippi:1.0
state:1.0
univers:1.0
line:1.0
486dx33:1.0
vlb:1.0
get:1.0
11:1.6931471805599454
ver:1.0
3:1.0
