montuno:2.09861228866811
physic:2.09861228866811
su:1.6931471805599454
oz:1.6931471805599454
au:1.6931471805599454
lino:1.6931471805599454
subject:1.0
cpu:2.6094379124341005
temperatur:1.6931471805599454
v:1.0
activ:1.0
nntp:1.0
post:1.0
host:1.0
organ:1.0
school:1.0
univers:1.0
sydney:1.0
australia:1.0
line:1.0
8:1.0
may:1.0
naiv:1.0
question:1.0
basi:1.0
claim:1.6931471805599454
get:1.0
hotter:1.0
comput:1.6931471805599454
intens:1.6931471805599454
job:1.6931471805599454
run:1.6931471805599454
friend:1.0
littl:1.0
differ:1.0
idl:1.0
