wow:1.6931471805599454
cup:1.6931471805599454
portal:2.09861228866811
com:1.6931471805599454
wallac:1.0
oti:1.0
waggon:1.6931471805599454
subject:1.0
2:1.6931471805599454
smc:1.6931471805599454
270e:1.6931471805599454
arcnet:1.6931471805599454
car:1.0
sale:1.6931471805599454
50ea:1.0
organ:1.0
system:1.0
tm:1.0
distribut:1.0
world:1.0
line:1.0
4:1.0
new:1.6931471805599454
card:1.0
brand:1.0
50:1.0
walli:1.0
