etobkkc:2.09861228866811
etn:2.386294361119891
ericsson:2.6094379124341005
se:2.386294361119891
karlsen:1.0
bjorn:1.0
subject:1.0
loopback:2.386294361119891
connector:2.791759469228055
made:1.0
repli:1.6931471805599454
35002:1.6931471805599454
4401:1.6931471805599454
uwovax:1.6931471805599454
uwo:1.6931471805599454
ca:1.6931471805599454
messag:1.0
mon:1.0
19:1.0
apr:1.0
1993:1.0
17:2.09861228866811
26:1.0
28:1.0
gmt:1.0
nntp:1.0
post:1.0
host:1.0
aliboat:1.0
hisoy:1.6931471805599454
organ:1.0
line:1.0
27:1.0
write:1.0
need:2.09861228866811
know:1.0
pin:2.9459101490553135
connect:2.386294361119891
make:1.6931471805599454
serial:2.386294361119891
port:2.6094379124341005
build:1.0
one:1.0
use:2.09861228866811
test:1.6931471805599454
thank:1.0
help:1.0
recent:1.0
byte:1.0
magazin:1.0
got:1.0
follow:1.0
question:1.0
part:1.0
answer:1.0
delet:1.0
handi:1.0
solder:1.0
iron:1.0
plug:1.0
easi:1.0
r:1.6931471805599454
232:1.6931471805599454
nine:1.0
femal:1.6931471805599454
db:2.09861228866811
9:1.6931471805599454
1:2.09861228866811
7:1.6931471805599454
8:1.6931471805599454
2:2.09861228866811
3:1.6931471805599454
4:1.6931471805599454
6:1.6931471805599454
25:2.6094379124341005
5:1.0
11:1.6931471805599454
20:1.0
22:1.0
15:1.6931471805599454
23:1.0
18:1.0
centron:1.0
parallel:1.0
13:1.0
10:1.0
16:1.0
12:1.0
14:1.0
male:1.0
stan:1.0
wszola:1.0
tri:1.0
risk:1.0
kkc:1.0
