kjetilk:1.0
stud:1.0
c:1.0
uit:1.0
kjetil:1.0
kolin:1.6931471805599454
subject:1.0
protect:2.09861228866811
mode:2.09861228866811
organ:1.0
univers:1.0
tromso:1.0
line:1.0
6:1.0
anybodi:1.0
point:1.6931471805599454
right:1.0
direct:1.0
inform:1.0
also:1.0
interest:1.0
view:1.6931471805599454
o:1.0
tthank:1.0
advanc:1.0
tkjetil:1.0
