sjp:1.6931471805599454
ogr:1.6931471805599454
apana:1.6931471805599454
org:1.6931471805599454
au:1.6931471805599454
steven:1.6931471805599454
pemberton:1.6931471805599454
subject:1.0
info:1.6931471805599454
cyrix:1.6931471805599454
486dru2:1.0
chip:2.09861228866811
distribut:1.0
world:1.0
organ:1.0
home:1.6931471805599454
sweet:1.0
line:1.0
16:1.6931471805599454
releas:1.0
386:2.09861228866811
pin:1.0
conpat:1.0
486:2.09861228866811
clone:1.0
design:1.0
upgrad:1.6931471805599454
old:1.0
20mhz:1.6931471805599454
also:1.0
clockdoubl:1.0
thu:1.0
16mhz:1.6931471805599454
transform:1.0
32mhz:1.0
singl:1.0
unfortun:1.0
australia:1.0
dru2:1.0
sell:1.0
700a:1.0
1000a:1.0
1:1.0
5x:1.0
price:1.0
486dx33:1.0
motherboard:1.0
two:1.0
vlb:1.0
slot:1.0
much:1.0
thing:1.0
cost:1.0
state:1.0
well:1.0
work:1.0
thank:1.0
notebook:1.0
o:1.0
2:1.6931471805599454
0:1.0
