david:2.386294361119891
c:2.386294361119891
cat:2.386294361119891
uucp:1.0
dave:1.0
subject:1.0
cent:2.09861228866811
keystrok:1.0
organ:1.0
intergalact:1.0
rest:1.0
area:1.0
weari:1.0
travel:1.0
line:1.0
14:1.6931471805599454
keyboard:1.0
key:1.0
like:1.0
2:1.0
worth:1.0
0:1.0
02:1.0
boar:1.0
china:1.0
bb:1.0
sed:1.0
csc:1.0
com:1.0
301:1.0
604:1.0
5976:1.0
1200:1.0
400:1.0
8n1:1.0
uunet:1.0
mimsi:1.0
anagld:1.0
