pburri:2.09861228866811
manit:1.0
cse:2.09861228866811
dnd:2.09861228866811
ca:2.09861228866811
paul:1.6931471805599454
burri:1.6931471805599454
subject:1.0
ide:1.0
v:1.0
scsi:2.791759469228055
organ:1.0
canadian:1.0
system:1.0
secur:1.0
centr:1.0
line:1.0
15:1.0
articl:2.09861228866811
c5l6e7:1.0
2dz4:1.0
austin:1.6931471805599454
ibm:1.6931471805599454
com:1.6931471805599454
guyd:1.0
guy:1.0
dawson:1.0
write:1.0
int:1.0
eh:1.0
pc:1.0
would:1.6931471805599454
get:1.6931471805599454
plug:1.6931471805599454
play:1.6931471805599454
seem:1.0
1:1.0
sinc:1.0
2:1.6931471805599454
full:1.0
impliment:1.0
ten:1.0
7:1.6931471805599454
devic:1.6931471805599454
beleiv:1.0
last:1.0
bit:1.0
plain:1.0
wrong:1.0
believ:1.0
right:1.0
support:1.0
8:1.6931471805599454
bu:1.0
normal:1.0
host:1.0
control:1.0
target:1.0
may:1.0
logic:1.0
unit:1.0
lun:1.0
voic:1.0
613:1.6931471805599454
991:1.6931471805599454
7325:1.0
tinternet:1.0
fax:1.0
7323:1.0
tuucp:1.0
uunet:1.0
cunew:1.0
