randi:2.09861228866811
lynx:1.0
msc:1.6931471805599454
cornel:2.09861228866811
edu:2.791759469228055
uucp:1.0
randal:1.0
jay:1.0
ellingson:1.0
199:1.0
clark:1.0
55915:1.0
subject:1.0
ide:2.9459101490553135
v:2.09861228866811
scsi:3.833213344056216
origin:1.0
msc2:1.0
organ:1.0
materi:1.0
scienc:1.0
center:1.0
line:2.09861228866811
47:1.0
articl:1.6931471805599454
1qq7i1inndqc:1.0
dns1:1.6931471805599454
nmsu:2.386294361119891
bgrubb:1.6931471805599454
dant:1.6931471805599454
grubb:1.6931471805599454
wlsmith:1.6931471805599454
valv:1.6931471805599454
heart:1.6931471805599454
rri:1.6931471805599454
uwo:1.6931471805599454
ca:1.6931471805599454
wayn:1.6931471805599454
smith:1.6931471805599454
write:2.09861228866811
1qpu0uinnbt1:1.0
sinc:1.0
mac:2.09861228866811
use:1.6931471805599454
1:1.0
hard:2.386294361119891
drive:2.6094379124341005
ye:1.0
figur:1.0
includ:1.0
hundr:1.0
driver:1.6931471805599454
sloppi:1.0
peopl:1.6931471805599454
dumb:1.0
group:1.6931471805599454
nice:1.0
delet:1.6931471805599454
responc:1.0
item:1.0
prompt:1.0
whit:1.0
bought:1.6931471805599454
quantum:1.0
240:1.0
home:1.0
paid:1.0
369:1.0
ton:1.0
stuff:1.0
question:1.6931471805599454
wow:1.0
guy:1.0
realli:1.6931471805599454
go:1.0
wild:1.0
thing:1.0
think:2.09861228866811
great:1.0
like:2.09861228866811
lot:1.0
increas:1.0
data:1.0
transfer:2.09861228866811
rate:1.6931471805599454
right:1.6931471805599454
15m:1.6931471805599454
210mb:1.0
seagat:1.0
1239a:1.0
would:2.791759469228055
say:1.0
standard:1.0
special:1.0
cach:1.6931471805599454
believ:1.6931471805599454
control:1.6931471805599454
card:1.6931471805599454
isa:2.09861228866811
486:1.0
50:1.0
current:1.0
ad:1.0
anoth:1.0
hd:2.9459101490553135
300mb:1.0
500mb:1.0
rang:1.0
hear:1.0
gear:1.0
grind:1.0
head:1.0
buy:1.6931471805599454
futur:1.0
benefit:1.0
get:1.0
someth:1.0
890kb:1.0
sec:1.6931471805599454
accord:1.0
nu:1.0
number:1.0
compar:1.0
state:1.6931471805599454
art:1.6931471805599454
pc:1.0
wail:1.0
est:1.0
system:1.6931471805599454
could:2.386294361119891
hope:1.0
obvious:1.0
money:1.0
factor:1.0
choic:1.0
well:1.0
want:1.0
much:1.6931471805599454
cost:1.6931471805599454
along:1.0
kind:1.0
see:1.0
top:1.0
200mb:1.0
actual:1.6931471805599454
pa:1.6931471805599454
16:1.6931471805599454
wast:1.0
guess:1.0
hook:1.6931471805599454
port:2.386294361119891
yield:1.0
optimum:1.0
690kb:1.0
borrow:1.0
12m:1.0
fujitsu:1.6931471805599454
trantor:1.0
2:2.09861228866811
tell:1.0
2623a:1.0
thank:1.0
comment:1.0
rephras:1.0
