ehung:1.0
ampex:1.6931471805599454
com:1.6931471805599454
eric:1.6931471805599454
hung:1.0
subject:1.0
comment:1.0
video:2.6094379124341005
blaster:2.09861228866811
creativ:1.0
lab:1.0
nntp:1.0
post:1.0
host:1.0
dct3:1.0
organ:1.0
corpor:1.0
redwood:1.0
citi:1.0
ca:1.0
line:1.0
41:1.0
articl:2.09861228866811
794:1.0
wpsun4:2.09861228866811
uucp:1.6931471805599454
mikgr:2.09861228866811
michael:1.6931471805599454
grant:1.6931471805599454
write:2.09861228866811
1993apr14:1.0
062219:1.0
11573:1.0
ultb:1.0
isc:1.6931471805599454
rit:1.6931471805599454
edu:2.791759469228055
mej0381:1.0
ritvax:1.0
115080:1.0
bu:2.386294361119891
heiser:1.6931471805599454
acs2:1.0
bill:1.0
c4rdy0:1.0
fw9:1.0
chinet:1.6931471805599454
chi:1.6931471805599454
il:1.6931471805599454
u:1.6931471805599454
randi:1.6931471805599454
sue:1.0
w:1.0
rite:1.0
work:2.6094379124341005
ati:1.0
graphic:1.0
ultra:1.0
pro:1.0
15m:1.0
system:1.0
ram:1.0
seriou:1.0
use:1.0
16mb:1.0
486:1.0
33:1.0
altern:1.0
remov:1.0
memori:1.0
get:1.0
better:1.0
one:1.0
how:1.0
win:1.6931471805599454
tv:2.6094379124341005
thing:1.0
wailer:1.0
gate:1.0
dawn:1.0
banshe:2.09861228866811
cat:1.0
ucsc:1.6931471805599454
call:1.0
froofroo:1.0
head:1.0
od:1.0
0667:1.0
friend:1.0
beast:1.0
ucscb:1.6931471805599454
2:1.0
3:1.0
5:1.0
7:1.0
13:1.0
17:1.6931471805599454
19:1.0
31:1.0
61:1.0
89:1.0
107:1.0
127:1.0
521:1.0
607:1.0
bitnet:1.0
good:1.6931471805599454
perfer:1.0
watchit:2.09861228866811
run:1.6931471805599454
do:1.0
window:2.09861228866811
sorri:1.0
still:1.0
local:1.6931471805599454
high:1.0
reolut:1.0
mode:1.0
either:1.0
peopl:1.0
make:1.6931471805599454
card:1.6931471805599454
assur:1.0
avail:1.0
june:1.0
support:1.0
hi:1.0
re:1.0
btw:1.0
anyon:1.0
know:1.0
name:1.0
compani:1.0
phone:1.0
bb:1.0
internet:1.0
thank:1.0
wordperfect:1.0
uunet:1.0
uu:1.0
net:1.0
promovi:1.0
spectrum:1.0
seem:1.0
nice:1.0
setup:1.0
386:1.0
25:1.0
m:1.0
hd:1.0
pa:1.0
16:1.0
orchid:1.0
f:1.0
va:1.0
board:1.0
could:1.0
handl:1.0
15:1.0
frame:1.0
