davec:1.0
autodesk:1.6931471805599454
com:1.0
dave:1.6931471805599454
cooper:1.0
subject:1.0
sale:1.0
h:1.6931471805599454
1:2.09861228866811
500:2.09861228866811
organ:1.0
inc:1.0
sausalito:1.0
ca:1.0
usa:1.0
line:1.0
13:1.0
1975:1.0
brand:1.0
new:1.0
top:1.0
end:1.0
chamber:1.0
clean:1.0
black:1.0
paul:1.0
510:1.0
839:1.0
2161:1.0
plea:1.0
contact:1.6931471805599454
email:1.0
address:1.0
seller:1.0
cheer:1.0
