randi:2.791759469228055
megatek:2.791759469228055
com:2.6094379124341005
davi:1.6931471805599454
subject:1.0
miracl:1.0
california:1.6931471805599454
articl:1.6931471805599454
1993apr5:1.0
223941:1.0
11539:1.0
repli:1.0
organ:1.0
corpor:1.0
san:1.0
diego:1.0
line:1.0
15:1.0
1ppvof:1.0
92a:1.0
seven:1.0
east:1.6931471805599454
sun:1.6931471805599454
egreen:1.0
write:1.0
biker:2.09861228866811
wave:2.386294361119891
world:1.0
whether:1.0
harley:2.09861228866811
rider:2.386294361119891
one:1.0
favorit:1.0
flame:1.6931471805599454
war:1.0
happi:1.0
say:1.0
area:1.0
better:1.6931471805599454
ride:1.0
lowli:1.0
sport:1.6931471805599454
bike:1.6931471805599454
le:1.6931471805599454
girlfriend:1.0
recipi:1.0
twenti:1.6931471805599454
group:1.6931471805599454
least:1.0
five:1.0
lead:1.0
four:1.0
time:1.0
fj1200:1.0
cbr900rr:1.0
vfr750:1.0
initi:1.0
perfect:1.0
day:1.0
friendli:1.0
despit:1.0
brand:1.0
differ:1.0
made:1.0
email:1.0
zx:1.0
11:1.0
00072:1.0
pilot:1.0
uunet:1.0
ucsd:1.0
dod:1.0
0013:1.0
