infant:2.09861228866811
acpub:1.6931471805599454
duke:2.09861228866811
edu:2.386294361119891
andrew:1.0
subject:1.0
counterst:1.6931471805599454
faq:2.386294361119891
plea:2.09861228866811
post:2.386294361119891
organ:1.0
univers:1.0
durham:1.0
n:1.0
c:1.0
line:1.0
37:1.0
nntp:1.0
host:1.0
north1:1.0
articl:1.6931471805599454
05apr93:1.0
02678944:1.0
0049:1.0
unbvm1:1.0
csd:1.0
unb:1.6931471805599454
ca:1.6931471805599454
c70a:1.0
c70a000:1.0
write:1.6931471805599454
c4zkcl:1.0
fgc:1.0
ux1:1.6931471805599454
cso:1.6931471805599454
uiuc:1.6931471805599454
eric:1.0
93cbr900rr:1.0
would:1.6931471805599454
someon:1.6931471805599454
aw:1.0
time:1.0
debat:1.0
push:2.09861228866811
right:2.386294361119891
handl:1.6931471805599454
motorcycl:1.0
foward:1.0
turn:2.09861228866811
left:2.09861228866811
explain:1.0
well:1.0
least:1.0
happen:1.0
help:1.0
need:1.6931471805599454
convert:1.0
ummm:1.0
bike:2.6094379124341005
speed:1.0
methink:1.6931471805599454
problem:1.0
realli:1.6931471805599454
someth:1.0
wrong:1.0
perhap:1.0
meant:1.0
pull:1.0
side:1.0
handlebar:1.0
send:1.6931471805599454
wonder:1.0
sure:1.0
other:1.0
take:1.0
slack:1.0
andi:1.0
sometim:1.0
wish:1.0
peopl:1.0
put:1.0
littl:1.0
emphasi:1.0
71:1.0
bmw:1.0
r60:1.0
5:1.0
upon:1.6931471805599454
observ:1.0
law:1.0
dod:1.0
2426:1.0
enforc:1.0
calvin:1.0
coolidg:1.0
opinion:1.0
dammit:1.0
noth:1.0
anyon:1.0
el:1.0
