essbaum:1.6931471805599454
rchland:1.6931471805599454
vnet:1.0
ibm:2.386294361119891
com:1.6931471805599454
alexand:1.0
subject:1.0
counterst:1.6931471805599454
faq:2.09861228866811
plea:2.09861228866811
post:2.6094379124341005
disclaim:1.0
repres:1.0
poster:1.0
view:1.0
necessarili:1.0
nntp:1.0
host:1.0
florida:1.0
organ:1.0
rochest:1.0
line:1.0
18:1.0
articl:2.09861228866811
12739:1.0
news:1.0
duke:1.6931471805599454
edu:2.386294361119891
infant:1.6931471805599454
acpub:1.0
andrew:1.0
write:2.09861228866811
05apr93:1.0
02678944:1.0
0049:1.0
unbvm1:1.0
csd:1.0
unb:1.6931471805599454
ca:1.6931471805599454
c70a:1.0
c70a000:1.0
c4zkcl:1.0
fgc:1.0
ux1:1.6931471805599454
cso:1.6931471805599454
uiuc:1.6931471805599454
eric:1.0
93cbr900rr:1.0
would:1.0
someon:1.6931471805599454
aw:1.0
time:1.0
debat:1.0
push:2.09861228866811
right:2.09861228866811
handl:1.6931471805599454
motorcycl:1.0
foward:1.0
turn:1.6931471805599454
left:2.09861228866811
explain:1.0
well:1.0
least:1.0
happen:1.0
help:1.0
need:1.0
convert:1.0
ummm:1.0
bike:2.09861228866811
speed:1.0
methink:1.0
problem:1.0
side:1.0
handlebar:1.0
send:1.0
sure:1.6931471805599454
other:1.0
take:1.0
slack:1.0
oh:1.0
ye:1.0
quit:1.0
axel:1.0
