mjmuis:1.6931471805599454
1302:1.6931471805599454
watstar:1.6931471805599454
uwaterloo:1.6931471805599454
ca:1.6931471805599454
mike:2.09861228866811
muis:1.6931471805599454
subject:1.0
drink:3.302585092994046
ride:1.6931471805599454
line:1.0
19:1.0
organ:1.0
waterloo:1.6931471805599454
engin:1.6931471805599454
articl:1.0
c4wkbp:1.0
b9w:1.0
eskimo:1.6931471805599454
com:1.6931471805599454
maven:1.0
norman:1.0
hamer:1.0
write:1.0
gener:1.6931471805599454
rule:1.0
thumb:1.0
sobrieti:1.0
cycl:1.0
coupl:1.0
hour:2.09861228866811
feel:1.0
sober:1.0
work:1.6931471805599454
tonight:1.0
tomorrow:1.0
1:1.6931471805599454
hr:1.6931471805599454
first:1.0
4:1.0
5:2.09861228866811
next:1.0
6:1.0
2:1.0
rest:1.0
fairli:1.0
cautiou:1.0
guidelin:1.0
even:1.0
happen:1.0
low:1.0
toler:1.0
bodi:1.0
mass:1.0
think:1.0
cop:1.0
dare:1.0
drive:1.0
tm:1.0
commerci:1.0
usual:1.0
say:1.0
1hr:1.0
could:1.0
well:1.0
legal:1.0
limit:1.0
watch:1.0
quot:1.0
joke:1.0
electr:1.0
univers:1.0
disclaim:1.0
fear:1.0
