subject:1.6931471805599454
tool:2.6094379124341005
behanna:2.791759469228055
phoenix:1.6931471805599454
syl:2.09861228866811
nj:2.09861228866811
nec:2.6094379124341005
com:2.09861228866811
chri:2.09861228866811
organ:1.0
system:1.0
laboratori:1.0
inc:1.0
line:1.0
29:1.0
articl:1.0
c51105:1.0
98c:1.0
1:3.1972245773362196
c:1.6931471805599454
cmu:1.6931471805599454
edu:1.6931471805599454
jfriedl:1.0
write:2.09861228866811
twhile:1.0
anyon:1.6931471805599454
el:1.0
notic:1.0
2:3.0794415416798357
deep:2.09861228866811
well:2.386294361119891
craftsman:1.0
60:1.0
sae:1.0
set:1.0
small:1.0
fit:2.09861228866811
bolt:2.386294361119891
nut:2.09861228866811
twhen:1.0
took:1.6931471805599454
socket:2.386294361119891
exchang:1.0
everi:1.0
one:1.0
rack:1.0
exact:1.0
problem:1.0
impli:1.0
sinc:1.0
mention:1.0
measur:1.0
size:1.0
test:1.0
callip:1.0
three:1.0
cross:1.6931471805599454
length:1.0
seen:1.0
head:1.6931471805599454
even:1.0
got:1.0
slightli:1.0
thicker:1.0
toward:1.0
basa:1.0
sort:1.0
trapizodi:1.0
section:1.0
tthat:1.0
howev:1.0
sampl:1.0
store:1.0
rather:1.0
follow:1.0
open:1.0
end:1.6931471805599454
wrench:1.6931471805599454
box:1.0
12:1.0
point:1.6931471805599454
normal:1.0
take:1.0
mean:1.6931471805599454
sever:1.0
peopl:1.0
note:1.0
faq:1.0
case:1.0
want:1.6931471805599454
lifetim:1.0
guarante:1.0
necessiarli:1.0
better:1.0
tyup:1.0
6:1.0
thing:1.0
later:1.0
tdod:1.0
114:1.0
1983:1.0
h:1.0
fxwg:1.0
wide:1.0
glide:1.0
jubile:1.0
red:1.0
ladi:1.0
1975:1.0
cb360t:1.0
babi:1.0
bike:1.0
disclaim:1.0
would:1.0
1991:1.0
zx:1.0
11:1.0
pend:1.0
deliveri:1.0
agre:1.0
anyway:1.0
rais:1.0
pack:1.0
wild:1.0
corn:1.0
dog:1.0
