bgardner:1.6931471805599454
bambam:1.6931471805599454
e:1.6931471805599454
com:2.386294361119891
blain:1.6931471805599454
gardner:1.6931471805599454
subject:1.0
protect:1.6931471805599454
gear:1.6931471805599454
articl:1.6931471805599454
dsd:1.6931471805599454
1993apr6:1.0
042624:1.0
22937:1.0
organ:1.0
evan:1.6931471805599454
sutherland:1.6931471805599454
comput:1.0
corpor:1.0
line:1.0
13:1.0
nntp:1.0
post:1.0
host:1.0
c4wkf:1.0
bc1:1.0
eskimo:1.6931471805599454
maven:1.0
norman:1.0
hamer:1.0
write:1.0
question:1.0
day:1.0
import:1.0
got:1.0
good:1.6931471805599454
helmet:1.0
shoei:1.0
rf200:1.0
thick:1.0
jacket:1.0
leather:2.09861228866811
gold:1.0
pair:1.0
realli:1.0
cheap:1.0
glove:1.6931471805599454
next:1.0
purchas:1.0
better:1.0
boot:1.0
pant:1.0
favorit:1.0
bodi:1.0
part:1.0
