deni:2.386294361119891
apldbio:1.6931471805599454
com:1.6931471805599454
concordel:1.6931471805599454
subject:1.0
sale:1.6931471805599454
1988:1.6931471805599454
husqvarna:1.6931471805599454
510te:1.0
distribut:1.0
ba:1.0
ca:1.0
organ:1.0
appli:1.0
biosystem:1.0
inc:1.0
line:1.0
42:1.0
model:1.6931471805599454
510:1.0
te:1.0
enduro:1.0
year:1.0
engin:2.386294361119891
500:1.0
cc:1.0
four:1.6931471805599454
stroke:2.386294361119891
extra:1.0
1992:1.6931471805599454
ignit:1.6931471805599454
easi:1.6931471805599454
start:2.09861228866811
suspens:2.386294361119891
aftershock:1.6931471805599454
custom:1.6931471805599454
carbon:1.6931471805599454
fiber:1.0
kevlar:1.6931471805599454
skid:1.6931471805599454
plate:1.6931471805599454
quick:1.6931471805599454
steer:2.386294361119891
geometri:1.0
stock:1.0
epa:1.0
legal:1.0
quiet:1.0
exhaust:1.0
system:1.0
bark:1.0
buster:1.0
hand:1.0
guard:1.0
motion:1.0
pro:1.0
clutch:1.0
cabl:1.0
price:1.0
2200:1.0
contact:1.0
e:1.0
mail:1.0
mabel:1.0
415:1.6931471805599454
570:1.0
6667:1.0
work:1.0
494:1.0
7109:1.0
home:1.0
sell:1.6931471805599454
trusti:1.0
huski:2.09861228866811
hope:1.0
buy:1.6931471805599454
husaberg:1.6931471805599454
good:1.6931471805599454
dirt:1.0
bike:2.386294361119891
maintain:1.0
perfectli:1.0
never:1.0
problem:1.0
4:1.0
valv:1.0
liquid:1.0
cool:1.0
heavier:1.0
250:1.0
2:1.6931471805599454
still:1.0
lighter:1.6931471805599454
honda:1.0
xr600:1.0
lot:1.0
better:2.09861228866811
ohlin:1.0
shock:1.0
fork:1.0
xr:1.0
casual:1.0
non:1.0
competit:1.0
rider:1.6931471805599454
much:1.0
two:1.0
easili:1.0
lug:1.0
hill:1.0
blast:1.0
trail:1.0
minimum:1.0
gear:1.0
chang:1.0
care:1.0
tune:1.6931471805599454
carbur:1.0
make:1.0
first:1.0
kick:1.0
cold:1.0
hot:1.0
made:1.0
light:1.0
1:1.0
pound:1.6931471805599454
wrap:1.0
around:1.0
protect:1.0
case:1.0
water:1.0
pump:1.0
angl:1.0
reduc:1.0
degre:1.0
increas:1.0
phil:1.0
dougla:1.0
multipl:1.0
time:1.0
isd:1.0
give:1.0
ride:1.0
plush:1.0
respons:1.0
head:1.0
shake:1.0
gee:1.0
want:1.0
25:1.0
tad:1.0
