jlevin:1.0
rd:1.0
hydro:2.09861228866811
ca:2.386294361119891
jodi:2.09861228866811
levin:2.09861228866811
subject:1.0
drink:2.9459101490553135
ride:1.6931471805599454
eww:1.0
gross:1.0
organ:1.0
ontario:1.6931471805599454
research:1.0
divis:1.0
line:1.0
16:1.0
articl:1.0
mjmuis:1.6931471805599454
38:1.0
733926270:1.0
1302:1.6931471805599454
watstar:1.6931471805599454
uwaterloo:1.6931471805599454
mike:1.0
muis:1.0
write:1.0
1:1.6931471805599454
hr:1.0
first:1.6931471805599454
4:1.0
5:1.0
hour:1.6931471805599454
next:1.0
6:1.0
2:1.0
rest:1.0
case:1.0
goe:1.0
four:1.0
fifth:1.0
one:1.0
usual:1.0
make:1.0
throw:1.0
last:1.6931471805599454
two:1.0
needle:1.0
say:1.0
much:1.0
anymor:1.0
time:1.0
happen:1.0
second:1.0
year:1.0
undergrad:1.0
silli:1.0
edu:1.0
breath:1.6931471805599454
pretti:1.0
bad:1.0
bike:1.0
like:1.0
dod:1.0
275:1.0
kv:1.0
got:1.0
pf:1.0
p:1.0
toronto:1.0
canada:1.0
