rbemben:1.6931471805599454
timewarp:1.6931471805599454
prime:1.6931471805599454
com:2.386294361119891
rich:1.6931471805599454
bemben:1.6931471805599454
subject:1.0
april:2.6094379124341005
1:1.6931471805599454
faq:1.0
dod:1.6931471805599454
expir:1.0
30:1.0
apr:1.0
93:1.0
05:1.0
00:1.6931471805599454
gmt:1.0
organ:1.0
computervis:1.0
corp:1.0
bedford:1.0
line:1.0
31:1.0
articl:1.0
9901221:1.0
hpfcso:1.6931471805599454
fc:1.6931471805599454
hp:1.6931471805599454
jld:1.0
jeff:1.6931471805599454
deeney:1.6931471805599454
write:1.6931471805599454
rec:1.0
motorcycl:1.0
vike:1.0
iastat:1.0
edu:1.0
dan:1.0
sorenson:1.0
last:1.6931471805599454
year:2.09861228866811
believ:1.6931471805599454
post:2.09861228866811
sinc:1.0
come:1.0
recogn:1.0
ultim:1.0
fool:2.09861228866811
ever:2.09861228866811
particularli:1.0
nice:1.0
sever:1.0
peopl:2.09861228866811
quit:1.0
worri:1.0
fault:1.0
effect:1.0
base:1.0
numer:1.0
input:1.0
unprint:1.0
deem:1.0
time:1.0
kinder:1.0
gentler:1.0
someth:1.0
realli:1.0
sick:1.6931471805599454
twist:2.09861228866811
readi:1.0
perhap:1.0
next:1.0
person:1.0
think:1.0
jeffi:1.6931471805599454
poo:1.0
still:1.0
smart:1.0
third:1.0
degre:1.0
burn:1.6931471805599454
suffer:1.6931471805599454
1st:1.0
rather:1.0
suppos:1.0
joke:1.6931471805599454
grant:1.0
one:1.6931471805599454
taken:1.0
certainli:1.6931471805599454
concern:1.0
piss:1.0
pull:1.0
thing:1.6931471805599454
made:1.0
known:1.0
would:1.0
also:1.0
go:1.0
record:1.0
say:1.0
best:1.0
orchestr:1.0
seen:1.0
suck:1.0
lot:1.0
8:2.6094379124341005
group:1.0
could:1.0
accus:1.0
tip:1.0
lid:1.0
thee:1.0
0044:1.0
1977:1.0
750:1.0
triumph:1.0
bonnevil:1.0
617:1.0
275:1.0
1800:1.0
x:1.0
4173:1.0
fear:1.0
evil:2.09861228866811
men:1.6931471805599454
name:1.6931471805599454
heaven:1.0
protect:1.0
u:1.0
good:1.0
