jpolito:1.6931471805599454
sysgem1:1.6931471805599454
encor:2.6094379124341005
com:2.9459101490553135
jonathan:1.6931471805599454
polito:1.6931471805599454
subject:1.0
stolen:2.09861228866811
aarghhhh:1.0
organ:1.0
comput:1.6931471805599454
corp:1.6931471805599454
repli:1.0
ericm:1.6931471805599454
microun:2.386294361119891
messag:1.0
thu:1.0
15:1.0
apr:1.0
1993:1.0
00:1.0
22:1.6931471805599454
gmt:1.0
1993apr15:1.6931471805599454
002222:1.6931471805599454
23057:1.6931471805599454
nntp:1.0
post:1.0
host:1.0
line:1.0
23:1.0
articl:1.0
eric:1.0
murray:1.0
write:1.0
watch:1.0
often:1.0
scumbag:1.0
steal:2.6094379124341005
cover:1.6931471805599454
mean:1.0
look:1.0
bike:2.6094379124341005
case:1.0
fade:1.0
bmw:2.09861228866811
r100r:1.0
stash:1.0
apart:1.6931471805599454
carport:1.0
visibl:1.0
street:1.0
evid:1.0
decid:1.0
beemer:1.0
worth:1.0
tri:1.0
next:1.6931471805599454
night:1.0
honda:1.0
hurrican:1.0
600:1.0
park:1.0
build:1.0
neighbor:1.0
heard:1.6931471805599454
wheel:1.0
call:1.0
cop:1.0
know:1.0
set:1.0
actual:1.0
one:1.6931471805599454
thing:1.0
realli:1.0
good:1.0
account:1.0
practic:1.0
probabl:1.0
similar:1.0
moto:1.0
guzzi:1.0
rel:1.0
exot:1.0
sinc:1.0
larg:1.0
demand:1.0
part:1.0
would:1.0
much:1.0
easier:1.0
track:1.0
seem:1.0
harley:1.0
600cc:1.0
jap:1.0
sport:1.0
e:1.0
internet:1.0
901:1.0
kildair:1.0
farm:1.0
rd:1.0
cari:1.0
nc:1.0
27511:1.0
usa:1.0
919:1.0
481:1.6931471805599454
3730:1.0
voic:1.0
t919:1.0
3868:1.0
fax:1.0
