rdc8:1.6931471805599454
cunixf:2.09861228866811
cc:2.09861228866811
columbia:2.386294361119891
edu:2.09861228866811
robert:1.0
castro:1.6931471805599454
subject:1.0
flash:2.09861228866811
anyon:1.0
keyword:1.0
nntp:1.0
post:1.0
host:1.0
organ:1.0
univers:1.0
line:1.0
23:1.0
hello:1.0
bike:1.0
hazard:1.6931471805599454
light:1.0
front:1.0
back:1.6931471805599454
turn:1.0
signal:1.0
sinc:1.0
live:2.09861228866811
nj:1.0
commut:1.0
nyc:1.6931471805599454
number:1.0
toll:2.09861228866811
one:1.0
must:1.0
pay:1.6931471805599454
rout:1.0
arriv:1.0
booth:1.6931471805599454
switch:1.0
thisto:1.0
warn:1.0
motorist:1.0
take:2.386294361119891
longer:1.0
2:1.6931471805599454
1:1.6931471805599454
second:1.0
make:2.09861228866811
transact:2.09861228866811
glove:1.6931471805599454
get:1.6931471805599454
money:1.0
coin:1.0
changer:1.0
pocket:1.0
put:1.0
littl:1.0
time:1.0
averag:1.0
cager:1.6931471805599454
also:1.0
notic:1.0
tend:1.6931471805599454
messag:1.0
usual:1.0
go:1.0
anoth:1.0
question:1.0
good:1.0
bad:1.0
thing:1.0
other:1.0
curiou:1.0
rob:1.0
email:1.0
today:1.6931471805599454
1983:1.0
kz550ltd:1.0
phone:1.0
212:1.0
854:1.0
7617:1.0
dod:1.0
new:1.6931471805599454
york:1.6931471805599454
usa:1.0
rc:1.0
tm:1.0
