bgardner:1.6931471805599454
pebbl:1.0
e:1.6931471805599454
com:1.6931471805599454
blain:1.6931471805599454
gardner:1.6931471805599454
subject:1.0
motorcycl:1.6931471805599454
detail:1.6931471805599454
tip:2.09861228866811
18:1.0
nntp:1.0
post:1.0
host:1.0
130:1.0
187:1.0
85:1.0
70:1.0
organ:1.0
evan:1.6931471805599454
sutherland:1.6931471805599454
comput:1.0
corpor:1.0
line:1.0
33:1.0
articl:1.0
1993apr15:1.0
000851:1.0
17731:1.0
bnr:1.6931471805599454
ca:1.6931471805599454
mbeav:1.0
write:1.6931471805599454
hate:1.0
speedo:1.0
tach:1.0
bike:1.6931471805599454
start:1.6931471805599454
cloud:1.0
nasti:1.0
sunshin:1.0
week:1.0
use:1.6931471805599454
rub:1.6931471805599454
compound:1.6931471805599454
moisten:1.0
rag:1.0
appli:1.0
work:2.386294361119891
transluc:1.0
previous:1.0
transpar:1.0
materi:1.0
minut:1.0
plastic:3.0794415416798357
face:2.386294361119891
dial:1.0
clear:1.0
glass:1.0
coupl:1.0
1:1.0
make:1.0
habit:1.0
park:1.0
instrument:1.0
away:1.0
sun:1.0
2:1.0
meguiar:1.6931471805599454
mirror:1.6931471805599454
glaze:1.6931471805599454
polish:2.386294361119891
cleaner:2.09861228866811
cue:1.0
can:1.0
product:1.0
plug:1.0
2543:1.0
roi:1.6931471805599454
sumax:1.0
seattleu:1.0
edu:1.0
linda:1.0
ok:1.0
novic:1.0
question:1.0
anyth:1.0
clean:1.0
shield:1.0
also:1.0
remov:1.6931471805599454
abras:1.6931471805599454
one:1.6931471805599454
see:1.0
better:1.0
want:1.0
mild:1.0
meant:1.0
scratch:1.6931471805599454
fine:1.0
bigger:1.0
finish:1.0
stuff:1.6931471805599454
5:1.0
8:1.0
buck:1.0
per:1.0
bottl:1.6931471805599454
auto:1.0
part:1.0
store:1.0
choke:1.0
price:1.0
much:1.0
sinc:1.0
probabl:1.0
last:1.0
10:1.0
year:1.0
great:1.0
watch:1.0
crystal:1.0
compact:1.0
disc:1.0
dsd:1.0
