ba7116326:1.0
ntuvax:1.0
ntu:1.6931471805599454
ac:1.6931471805599454
sg:1.6931471805599454
subject:1.0
v:1.6931471805599454
max:1.6931471805599454
handl:1.6931471805599454
request:1.0
line:1.0
5:1.0
nntp:1.0
post:1.0
host:1.0
v9001:1.0
organ:1.0
nanyang:1.0
technolog:1.0
univers:1.0
singapor:1.0
hello:1.0
ican:1.0
anyon:1.0
handson:1.0
experi:1.0
ride:1.0
yamaha:1.0
pl:1.0
kindli:1.0
comment:1.0
