rdc8:2.09861228866811
cunixf:2.386294361119891
cc:2.386294361119891
columbia:2.6094379124341005
edu:2.386294361119891
robert:1.6931471805599454
castro:2.09861228866811
subject:1.0
contact:1.6931471805599454
person:1.0
boot:2.386294361119891
keyword:1.0
combat:1.6931471805599454
nntp:1.0
post:1.0
host:1.0
repli:1.0
organ:1.0
univers:1.0
line:1.0
16:1.0
would:1.6931471805599454
anyon:1.6931471805599454
dodland:1.0
abl:1.0
help:1.6931471805599454
give:1.0
purchas:1.0
pair:1.0
militari:1.0
air:1.0
born:1.0
9:1.0
1:1.6931471805599454
2:1.0
size:1.0
read:1.0
rec:1.0
moto:1.0
calf:1.0
height:1.0
use:1.0
velcro:1.0
enclosur:1.0
phone:1.6931471805599454
around:1.0
nobodi:1.0
seem:1.0
carri:1.6931471805599454
item:1.6931471805599454
admit:1.0
gone:1.0
deepest:1.0
bowel:1.0
nyc:1.6931471805599454
yet:1.0
search:1.0
made:1.0
call:1.0
sever:1.0
bigger:1.0
armi:1.0
navi:1.0
type:1.0
store:1.0
luck:1.0
know:1.0
place:1.0
well:1.0
mail:1.0
order:1.0
appreci:1.0
rob:1.0
email:1.0
live:1.6931471805599454
today:1.6931471805599454
1983:1.0
kz550ltd:1.0
212:1.0
854:1.0
7617:1.0
dod:1.0
new:1.6931471805599454
york:1.6931471805599454
usa:1.0
rc:1.0
tm:1.0
