keithh:1.6931471805599454
bnr:1.6931471805599454
ca:1.6931471805599454
keith:1.6931471805599454
hanlan:1.6931471805599454
subject:1.0
ggrrrrrr:1.0
cage:1.0
doubl:1.0
park:1.0
motorcycl:2.09861228866811
piss:1.0
nntp:1.0
post:1.0
host:1.0
bcarh10f:1.0
organ:1.0
bell:1.6931471805599454
northern:1.6931471805599454
research:1.6931471805599454
ltd:1.0
ottawa:1.6931471805599454
line:1.0
8:1.0
articl:1.0
lsp0mginnud:1.0
cash:1.0
c:1.6931471805599454
utexa:1.6931471805599454
edu:1.6931471805599454
mcguir:1.6931471805599454
tommi:1.0
marcu:1.0
write:1.0
howev:1.6931471805599454
noth:1.6931471805599454
unless:1.6931471805599454
consid:1.6931471805599454
vw:1.0
bike:1.6931471805599454
amazona:1.0
canada:1.0
613:1.0
765:1.0
4645:1.0
