cervi:2.791759469228055
oasi:2.09861228866811
dt:2.09861228866811
navi:2.09861228866811
mil:2.09861228866811
mark:1.6931471805599454
subject:1.0
bike:2.09861228866811
sold:1.6931471805599454
net:1.0
600:1.0
mile:1.0
away:1.0
organ:1.0
nswc:1.6931471805599454
carderock:1.0
divis:1.0
annapoli:1.6931471805599454
md:1.6931471805599454
usa:1.0
line:1.0
15:1.0
articl:1.0
6130331:1.0
hplsla:1.6931471805599454
hp:1.6931471805599454
com:1.6931471805599454
ken:1.6931471805599454
snyder:1.0
write:1.0
long:1.0
distanc:1.0
love:1.0
hear:1.0
bought:1.0
moto:2.09861228866811
guzzi:2.09861228866811
univ:1.0
va:1.0
grad:1.0
student:1.0
charlottesvil:1.0
last:1.0
spring:1.0
w:1.6931471805599454
410:1.6931471805599454
267:1.6931471805599454
2147:1.6931471805599454
dod:1.0
0603:1.0
mgnoc:1.0
12998:1.0
87:1.0
sp:1.0
ii:1.0
kinda:1.0
italian:1.0
tmark:1.0
carderockdiv:1.0
code:1.0
852:1.0
21402:1.0
