chrispi:1.0
microsoft:1.6931471805599454
com:1.6931471805599454
chri:1.6931471805599454
pirih:1.0
subject:1.0
live:1.0
free:1.0
quietli:1.0
die:1.0
organ:1.0
corpor:1.0
line:1.0
8:1.0
rec:1.0
motorcycl:1.0
egreen:1.0
east:1.0
sun:1.0
write:1.0
rev:1.0
throttl:1.0
requir:1.0
either:1.0
di:1.0
engag:1.0
clutch:1.0
acceler:1.0
harley:1.0
