joe:2.6094379124341005
rider:2.6094379124341005
cactu:2.6094379124341005
org:2.6094379124341005
senner:1.6931471805599454
subject:1.0
shaft:1.6931471805599454
drive:1.6931471805599454
wheeli:1.6931471805599454
repli:1.0
distribut:1.0
rec:1.0
organ:1.0
line:1.0
9:1.0
xlyx:1.6931471805599454
vax5:1.6931471805599454
cit:1.6931471805599454
cornel:1.6931471805599454
edu:1.6931471805599454
write:1.0
possibl:1.0
motorcycl:1.0
ye:1.0
austin:1.0
area:1.0
ride:1.6931471805599454
mail:1.6931471805599454
list:1.6931471805599454
texa:1.0
splatterfest:1.0
fest:1.0
