rwf2:1.0
ns1:1.0
cc:1.0
lehigh:1.6931471805599454
edu:2.6094379124341005
robert:1.0
william:1.0
fusi:1.0
subject:1.0
recommend:1.6931471805599454
front:2.791759469228055
tire:2.6094379124341005
organ:1.0
univers:1.0
line:1.0
37:1.0
articl:1.6931471805599454
c5hrxj:1.0
ace:1.0
unix:2.386294361119891
amherst:2.386294361119891
nrmendel:1.6931471805599454
nathaniel:2.09861228866811
endel:1.0
write:1.6931471805599454
ken:1.0
orr:2.09861228866811
epcot:1.6931471805599454
spdc:1.6931471805599454
ti:1.6931471805599454
com:1.6931471805599454
wrote:1.6931471805599454
c5g7hv:1.0
c:1.0
mendel:1.0
steve:1.6931471805599454
mansfield:1.6931471805599454
smm:1.6931471805599454
rodan:1.0
uu:1.6931471805599454
net:1.6931471805599454
ye:1.6931471805599454
dead:1.0
minim:1.0
tread:1.0
left:1.0
time:1.0
new:1.6931471805599454
one:1.6931471805599454
good:1.6931471805599454
ride:1.0
almost:1.0
brand:1.0
me55a:1.0
back:1.6931471805599454
system:1.0
learn:1.0
say:1.0
equal:1.0
la:1.0
w:1.0
uunet:1.0
street:1.0
realiti:1.0
weak:1.0
poor:1.0
fall:1.0
1983:1.0
suzuki:1.0
gs550e:1.0
let:1.0
tip:1.0
power:1.0
balanc:1.0
tear:1.0
crown:1.0
dod:2.09861228866811
1718:1.0
educ:1.0
mass:1.0
burn:1.0
white:1.0
hous:1.0
queensrych:1.0
speak:1.0
word:1.0
best:1.0
thing:1.0
match:1.6931471805599454
given:1.0
99a:1.0
perfect:1.6931471805599454
go:1.0
me99a:1.0
rear:1.0
me33:1.0
laser:1.0
306:1.0
k:1.0
ama:1.0
615088:1.0
yeah:1.0
said:1.0
zx:1.0
10:1.0
0812:1.0
definit:1.0
need:1.0
motorcycl:1.0
grin:1.0
