ranck:2.386294361119891
joesbar:1.6931471805599454
cc:1.6931471805599454
vt:2.09861228866811
edu:2.386294361119891
wm:1.0
l:1.0
subject:1.0
bdi:1.0
experi:1.0
organ:1.0
virginia:2.09861228866811
tech:1.0
blacksburg:1.6931471805599454
line:1.6931471805599454
21:1.0
nntp:1.0
post:1.0
host:1.0
x:1.0
newsread:1.0
tin:1.0
version:1.0
1:1.6931471805599454
pl9:1.0
kent:1.6931471805599454
polk:1.0
swrind:1.0
nde:1.0
swri:1.0
wrote:1.0
also:1.0
watch:1.0
mirror:1.0
time:1.0
turn:3.0794415416798357
anoth:1.0
close:1.0
one:2.386294361119891
last:1.0
night:1.0
prepar:1.0
right:2.9459101490553135
two:1.0
lane:2.791759469228055
road:1.0
signal:1.6931471805599454
start:2.09861228866811
ladi:1.0
behind:1.0
hit:1.0
throttl:1.0
pas:1.6931471805599454
happen:1.6931471805599454
twice:1.0
often:1.0
enough:1.0
alway:2.09861228866811
look:1.6931471805599454
ride:1.6931471805599454
work:1.0
morn:1.0
come:1.0
stop:2.09861228866811
light:1.0
3:1.0
direct:1.0
left:1.6931471805599454
straight:1.0
clearli:1.6931471805599454
mark:1.6931471805599454
plu:1.0
bicycl:1.6931471805599454
see:1.0
make:1.0
red:1.0
move:1.0
discov:1.0
idiot:1.0
pull:1.0
bike:1.6931471805599454
tri:1.0
grrr:1.0
head:1.0
check:1.0
bill:1.6931471805599454
703:1.0
231:1.0
9503:1.0
comput:1.0
center:1.0
polytchn:1.0
inst:1.0
state:1.0
univ:1.0
va:1.0
