na4:1.0
vax5:1.0
cit:1.0
cornel:1.6931471805599454
edu:1.0
subject:1.0
aerostitch:2.09861228866811
1:1.6931471805599454
2:1.6931471805599454
piec:2.09861228866811
distribut:1.0
rec:1.0
organ:1.0
univers:1.0
line:1.0
11:1.0
request:1.0
opinion:1.0
better:1.6931471805599454
one:1.0
two:1.0
look:1.0
well:1.0
pc:1.6931471805599454
versatil:1.0
protect:1.0
thank:1.0
advanc:1.0
nadin:1.0
