mj:3.302585092994046
sy:2.09861228866811
uea:2.386294361119891
ac:2.09861228866811
uk:2.386294361119891
mike:2.791759469228055
sixsmith:1.6931471805599454
subject:1.0
counterst:3.70805020110221
faq:1.0
plea:1.0
post:1.6931471805599454
organ:1.0
school:1.0
inform:1.0
system:1.0
norwich:1.0
line:1.0
86:1.0
nntp:1.0
host:1.0
zen:1.0
leavitt:3.0794415416798357
c:1.6931471805599454
umd:1.6931471805599454
edu:1.6931471805599454
mr:1.6931471805599454
bill:2.386294361119891
write:2.09861228866811
also:1.6931471805599454
imho:1.6931471805599454
tell:2.09861228866811
newbi:2.09861228866811
er:1.0
counter:1.0
product:1.0
co:1.0
confus:2.09861228866811
rode:2.09861228866811
around:1.6931471805599454
quit:1.0
happili:1.0
10:2.09861228866811
year:2.6094379124341005
know:2.6094379124341005
noth:1.0
say:1.6931471805599454
ride:2.09861228866811
differ:1.6931471805599454
interpret:1.0
mean:1.0
repres:1.0
everi:1.0
motorcyclist:2.09861228866811
world:1.0
eh:1.0
rather:2.386294361119891
presumpt:1.0
humbl:1.0
opinion:1.0
time:2.386294361119891
learn:2.791759469228055
techniqu:1.0
first:2.6094379124341005
start:1.6931471805599454
develop:1.6931471805599454
bad:2.09861228866811
habit:2.386294361119891
five:1.0
take:2.09861228866811
cours:2.09861228866811
msf:1.6931471805599454
erc:1.0
eight:1.0
later:1.0
still:1.0
conscious:1.0
steer:2.386294361119891
old:1.0
die:1.0
hard:1.0
even:1.0
harder:1.0
sorri:1.6931471805599454
complet:1.0
bollock:1.0
bike:2.6094379124341005
natur:1.6931471805599454
intuit:1.0
go:2.09861228866811
kick:1.6931471805599454
5mph:1.0
stone:1.0
one:1.0
enough:1.0
sake:1.6931471805599454
argument:1.6931471805599454
conced:1.0
teach:1.0
told:1.0
alreadi:1.0
valu:1.6931471805599454
said:1.6931471805599454
big:1.6931471805599454
1:1.0
happen:2.09861228866811
make:2.386294361119891
especi:1.0
extrem:1.6931471805599454
case:1.0
emerg:1.6931471805599454
swerv:1.6931471805599454
2:1.0
let:2.09861228866811
whatev:1.0
turn:1.6931471805599454
knew:1.0
precis:1.0
abruptli:1.0
command:1.6931471805599454
avoid:1.6931471805599454
abil:1.6931471805599454
improv:1.6931471805599454
tenfold:1.0
mention:1.0
normal:1.0
corner:2.386294361119891
much:1.0
profici:1.0
motorcycl:2.791759469228055
rememb:1.0
cognit:1.0
run:1.0
whereupon:1.0
return:1.0
origin:1.6931471805599454
comment:1.0
better:1.6931471805599454
right:2.386294361119891
charg:1.0
mere:1.0
along:1.0
kid:1.0
firstli:1.0
rider:2.09861228866811
secondli:1.0
adhes:1.0
tyre:1.0
road:1.0
suspens:1.0
geometri:1.0
ground:1.0
clearanc:1.0
dictat:1.0
quickli:1.0
obstacl:1.0
knowledg:2.386294361119891
physic:1.6931471805599454
ear:1.0
serious:1.0
suggest:1.0
enabl:1.0
faster:1.6931471805599454
compet:1.0
could:1.0
manag:1.0
otherwis:1.0
gratifi:1.0
affin:1.0
prowess:1.0
formal:2.386294361119891
train:2.386294361119891
total:1.6931471805599454
wast:1.0
assum:1.0
come:1.0
simpli:1.0
read:1.0
rec:1.0
howev:1.0
90:1.0
discus:1.0
educ:1.0
regard:1.0
experi:1.6931471805599454
overwhelmingli:1.0
posit:1.0
regardless:1.0
amount:1.0
brought:1.0
rang:1.0
minut:1.0
countri:1.0
far:1.6931471805599454
awar:1.0
includ:1.6931471805599454
theori:1.6931471805599454
found:1.0
six:1.0
ago:1.0
lectur:1.0
believ:1.0
left:1.0
went:1.0
analys:1.0
close:1.0
realiz:1.0
interest:1.6931471805599454
bit:1.6931471805599454
lot:1.0
fun:1.0
sinc:1.0
other:1.0
sceptic:1.0
claim:1.0
essenti:1.6931471805599454
biker:1.0
result:1.0
absurd:1.0
view:1.0
absolut:1.0
abl:1.0
properli:1.0
safe:1.0
peopl:1.0
unnecessarili:1.0
import:1.0
matter:1.0
point:1.0
