jeq:1.6931471805599454
lachman:2.386294361119891
com:2.791759469228055
jonathan:1.6931471805599454
e:1.6931471805599454
quist:1.6931471805599454
subject:1.0
bike:1.6931471805599454
v:1.0
hors:1.0
insect:1.0
impact:1.0
f:1.0
nntp:1.0
post:1.0
host:1.0
birdi:1.0
i88:1.0
isc:1.0
organ:1.0
technolog:1.6931471805599454
incorpor:1.6931471805599454
napervil:1.6931471805599454
il:1.6931471805599454
line:1.0
21:1.0
articl:2.09861228866811
txd:1.6931471805599454
734810267:1.0
abl:1.0
mkt:1.0
3com:1.6931471805599454
esd:1.0
tom:1.0
dietrich:1.0
write:1.6931471805599454
previou:1.0
egreen:1.0
east:1.0
sun:1.0
ed:1.0
green:1.0
pixel:1.0
cruncher:1.0
say:1.0
lot:1.0
thing:1.0
none:1.0
quot:1.0
rgu:1.0
usenet:1.0
in:1.0
cwru:1.0
edu:1.6931471805599454
ai598:1.0
cleveland:1.0
freenet:1.0
mike:1.0
sturdev:1.0
think:1.0
averag:1.0
dirt:1.0
biker:1.0
jump:1.6931471805599454
3:1.0
foot:1.6931471805599454
log:2.09861228866811
18:1.6931471805599454
suspend:1.6931471805599454
ground:1.6931471805599454
matter:1.0
4:1.0
2:1.0
5:1.0
oh:1.0
ye:1.0
littl:1.6931471805599454
imagin:1.0
lay:1.0
slide:1.0
dod:1.0
094:1.0
kotpp:1.0
kotcf:1.0
71:1.0
cl450:1.0
k4:1.0
gleep:1.0
noth:1.0
quit:1.0
like:1.0
pitter:1.0
patter:1.0
follow:1.0
word:1.0
daddi:1.0
yay:1.0
