mj:1.6931471805599454
sy:2.09861228866811
uea:2.09861228866811
ac:2.09861228866811
uk:2.09861228866811
mike:1.6931471805599454
sixsmith:1.6931471805599454
subject:1.0
counterst:2.386294361119891
faq:1.0
plea:1.0
post:1.0
organ:1.0
univers:1.0
east:2.09861228866811
anglia:1.0
line:1.6931471805599454
78:1.0
egreen:1.6931471805599454
sun:1.6931471805599454
com:1.6931471805599454
ed:2.09861228866811
green:1.6931471805599454
pixel:1.6931471805599454
cruncher:1.6931471805599454
write:2.09861228866811
articl:1.0
735207403:1.0
zen:1.0
1:1.0
u:1.0
argu:1.0
gyroscop:1.0
etc:1.0
throughli:1.0
understand:2.386294361119891
techniqu:2.6094379124341005
includ:1.0
one:1.6931471805599454
think:1.6931471805599454
way:1.6931471805599454
corner:1.0
underli:1.0
physic:1.6931471805599454
differ:1.0
matter:1.0
need:1.6931471805599454
taught:1.6931471805599454
beginn:1.0
agre:1.6931471805599454
develop:2.09861228866811
maxim:1.0
effect:1.0
emerg:1.0
avoid:1.6931471805599454
manuv:1.0
realli:1.0
thing:1.6931471805599454
disagre:1.6931471805599454
mayb:1.0
still:1.0
tell:1.0
newbi:1.6931471805599454
steer:1.0
left:1.0
turn:1.0
right:1.0
unnecessarili:1.0
confus:1.0
anyway:1.0
get:1.0
bike:1.0
ride:1.0
damn:1.0
2:1.0
know:2.09861228866811
exactli:1.6931471805599454
happen:1.0
git:1.0
clue:1.0
traction:2.9459101490553135
fine:1.0
see:1.0
detail:1.0
theori:1.0
like:1.0
place:1.6931471805599454
motorcyl:1.0
train:1.0
cours:1.0
maximum:2.09861228866811
obtain:1.0
tyre:1.6931471805599454
begin:1.6931471805599454
slide:2.6094379124341005
road:1.0
violent:1.0
disagr:1.0
state:1.0
true:1.0
insuffici:1.0
form:1.0
manag:1.6931471805599454
polici:1.6931471805599454
avail:2.09861228866811
increas:2.09861228866811
appli:2.09861228866811
normal:1.0
forc:1.6931471805599454
ie:1.0
front:2.09861228866811
wheel:1.6931471805599454
weight:2.386294361119891
shift:2.09861228866811
brake:3.302585092994046
correspondingli:1.0
decreas:1.0
rear:2.386294361119891
thu:1.0
ea:1.0
pressur:1.0
best:1.0
learn:1.0
jeez:1.0
start:1.0
talk:1.0
thought:1.0
make:1.0
weird:1.0
refer:1.0
look:1.0
railway:1.0
locomot:1.0
offici:1.0
though:1.0
doubt:1.0
first:1.0
follow:1.0
idea:1.0
lock:1.0
transfer:1.0
take:1.0
practic:1.0
suspect:1.0
peopl:1.0
describ:1.0
say:1.0
tire:1.6931471805599454
next:1.0
useless:1.0
advic:1.0
go:1.6931471805599454
find:1.6931471805599454
also:1.0
give:1.0
zero:1.0
inform:1.0
chang:1.0
correspond:1.0
whether:1.0
achiev:1.0
suggest:2.09861228866811
alway:1.0
aim:1.6931471805599454
hard:1.0
possibl:1.0
want:1.0
limit:1.0
machin:1.0
beyond:1.0
case:1.0
keep:1.0
point:1.0
