na4:1.0
vax5:1.0
cit:1.0
cornel:1.6931471805599454
edu:1.0
subject:1.0
kreme:1.6931471805599454
distribut:1.0
rec:1.0
organ:1.0
univers:1.0
line:1.0
8:1.0
hi:1.0
folk:1.0
recent:1.0
saw:1.0
one:2.09861228866811
post:1.0
bad:1.0
idea:1.0
man:1.0
opinion:1.0
el:1.0
experi:1.0
stuff:1.0
