kirji:1.0
strix:1.6931471805599454
udac:1.6931471805599454
uu:1.6931471805599454
se:1.6931471805599454
jonathan:1.0
yuen:1.0
subject:1.0
european:1.0
c:1.0
insur:1.0
organ:1.0
uppsala:1.0
univers:1.0
line:1.0
5:1.0
nntp:1.0
post:1.0
host:1.0
move:1.0
sweden:1.0
take:1.0
test:1.0
written:1.0
road:1.0
even:1.0
though:1.0
valid:1.0
u:1.6931471805599454
licens:1.6931471805599454
12:1.0
year:1.0
cours:1.0
becam:1.6931471805599454
resid:1.6931471805599454
could:1.0
drive:1.0
know:1.0
itali:1.0
differ:1.0
eec:1.0
