svoboda:2.791759469228055
rtsg:3.0794415416798357
mot:3.0794415416798357
com:3.0794415416798357
david:1.6931471805599454
subject:1.0
edu:1.0
breath:1.0
nntp:1.0
post:1.0
host:1.0
corolla18:1.0
organ:1.0
motorola:1.0
inc:1.0
cellular:1.0
infrastructur:1.0
group:1.0
line:1.0
29:1.0
articl:2.09861228866811
1993apr15:1.6931471805599454
214910:1.0
5676:1.0
declrckd:1.6931471805599454
dan:1.6931471805599454
j:1.6931471805599454
declerck:1.6931471805599454
write:2.09861228866811
003749:1.0
15710:1.0
1993apr14:1.0
220252:1.0
14731:1.0
differ:2.9459101490553135
opinion:1.6931471805599454
motorcycl:2.791759469228055
sport:2.386294361119891
bike:2.9459101490553135
rider:2.9459101490553135
cruiser:2.386294361119891
mind:2.09861228866811
certain:1.0
close:1.6931471805599454
individu:1.6931471805599454
best:1.0
time:1.0
hi:1.0
eddi:1.0
yet:1.0
ride:1.0
anyth:1.0
continu:1.0
forum:1.0
street:1.0
find:1.0
quit:1.0
ye:2.09861228866811
slightli:1.0
everi:1.6931471805599454
one:1.6931471805599454
u:1.6931471805599454
natur:1.0
peopl:1.6931471805599454
beauti:1.0
view:1.6931471805599454
like:1.0
dislik:1.0
exactli:1.0
singl:1.0
hold:1.6931471805599454
veiw:1.0
cours:1.0
could:1.0
possibl:1.0
plea:1.0
quantifi:1.0
gener:1.0
care:1.0
tri:1.0
pigeonhol:1.0
whole:1.0
bunch:1.0
dave:1.6931471805599454
void:1.0
get:1.0
tire:1.0
90:1.0
concour:1.0
1000:1.0
mmmmmmmmmm:1.0
beat:1.0
84:1.0
rz:1.0
350:1.0
ring:1.0
ding:1.0
woop:1.0
never:1.0
learn:1.0
ama:1.0
583905:1.0
dod:1.0
0330:1.0
cog:1.0
939:1.0
chicago:1.0
beth:1.0
bruiser:1.0
dixon:1.0
