moseley:2.386294361119891
u:1.6931471805599454
washington:2.386294361119891
edu:2.09861228866811
steve:2.09861228866811
l:1.6931471805599454
subject:1.0
observ:1.0
helmet:2.791759469228055
organ:1.0
microbi:1.0
pathogenesi:1.0
motorcycl:1.0
mainten:1.0
line:1.0
20:1.0
distribut:1.0
world:1.0
nntp:1.0
post:1.0
host:1.0
microb0:1.0
biostat:1.0
articl:1.0
1qk5oi:1.0
d0i:1.0
sixgun:1.0
east:1.6931471805599454
sun:1.6931471805599454
com:1.6931471805599454
egreen:1.0
ed:1.0
green:1.0
pixel:1.0
cruncher:1.0
write:1.0
primari:1.6931471805599454
concern:1.6931471805599454
protect:1.0
passeng:1.0
event:1.0
crash:1.0
fit:1.0
size:1.0
compli:1.6931471805599454
stupid:1.0
law:2.09861228866811
carri:1.6931471805599454
real:1.0
big:2.09861228866811
spare:1.0
put:1.0
small:1.6931471805599454
head:1.0
one:1.0
want:1.0
intellig:1.0
comment:1.0
way:1.0
impli:1.0
support:1.6931471805599454
infer:1.0
promis:1.6931471805599454
microbiolog:1.0
sc:1.0
42:1.0
phone:1.0
206:1.6931471805599454
543:1.6931471805599454
2820:1.0
univers:1.0
fax:1.0
8297:1.0
seattl:1.0
wa:1.0
98195:1.0
