grunci:1.0
c:1.6931471805599454
strath:1.6931471805599454
ac:1.6931471805599454
uk:1.6931471805599454
gillian:1.0
e:1.0
runci:1.0
cs92:1.0
subject:1.0
fortun:1.0
guzzler:1.0
bar:1.6931471805599454
organ:1.0
comp:1.0
sci:1.0
dept:1.0
strathclyd:1.0
univ:1.0
glasgow:1.0
scotland:1.6931471805599454
line:1.0
2:1.0
nntp:1.0
post:1.0
host:1.0
lister:1.0
06:1.0
okay:1.0
perfectli:1.0
welcom:1.0
come:1.0
know:1.0
