c70a000:1.0
c70a:1.6931471805599454
unb:1.6931471805599454
ca:1.6931471805599454
subject:1.0
recommend:1.6931471805599454
front:2.791759469228055
tire:2.6094379124341005
line:1.0
15:1.0
organ:1.0
univers:1.6931471805599454
new:2.386294361119891
brunswick:1.6931471805599454
articl:1.0
1qfkqhinn1s7:1.0
rodan:1.6931471805599454
uu:1.6931471805599454
net:1.6931471805599454
smm:1.0
steve:1.0
mansfield:1.0
write:1.0
ye:1.0
dead:1.0
minim:1.0
tread:1.0
left:1.0
time:1.0
one:1.0
good:1.0
ride:1.0
almost:1.0
brand:1.0
me55a:1.0
back:1.0
stick:1.0
me33:1.0
got:1.0
laser:1.0
gpz:1.6931471805599454
fantast:1.0
best:1.0
ever:1.0
graem:1.0
weir:1.0
dod:1.0
9191:1.0
fido:1.0
1:1.0
255:1.0
14:1.0
4:1.0
fredericton:1.0
nb:1.0
canada:1.0
damn:1.0
box:1.0
jockey:1.0
full:1.0
speed:1.0
ahead:1.0
live:1.6931471805599454
flame:1.6931471805599454
84:1.0
1100:1.0
76:1.6931471805599454
kz900:1.0
kz750:1.0
91:1.0
trek:1.0
8000:1.0
mtb:1.0
