xlyx:1.0
vax5:1.0
cit:1.0
cornel:1.6931471805599454
edu:1.0
subject:1.0
shaft:1.6931471805599454
drive:1.6931471805599454
wheeli:1.6931471805599454
distribut:1.0
rec:1.0
organ:1.0
univers:1.0
line:1.0
4:1.0
possibl:1.0
motorcycl:1.0
mike:1.0
terri:1.0
82:1.0
virago:1.0
