jlevin:1.0
rd:1.0
hydro:2.09861228866811
ca:1.6931471805599454
jodi:2.09861228866811
levin:2.09861228866811
subject:1.0
counterst:2.791759469228055
faq:1.0
plea:1.0
post:1.0
organ:1.0
ontario:1.6931471805599454
research:1.0
divis:1.0
line:1.0
37:1.0
articl:1.6931471805599454
1993apr19:1.0
155551:1.0
227:1.0
c:1.6931471805599454
cornel:1.6931471805599454
edu:1.6931471805599454
karr:1.6931471805599454
david:1.0
write:1.6931471805599454
mj:1.6931471805599454
735230272:1.0
zen:1.0
sy:1.6931471805599454
uea:1.6931471805599454
ac:1.6931471805599454
uk:1.6931471805599454
mike:1.0
sixsmith:1.0
say:1.0
even:1.6931471805599454
need:1.0
tell:1.0
peopl:1.0
techniqu:1.6931471805599454
co:1.0
intuit:1.0
first:1.6931471805599454
time:1.0
tri:1.6931471805599454
go:1.0
round:1.0
corner:1.0
other:1.0
steer:2.386294361119891
tuchus:1.0
know:1.0
much:1.0
teach:1.0
beginn:1.6931471805599454
cours:2.6094379124341005
realli:1.0
help:1.0
tuchu:1.6931471805599454
steerer:1.0
one:1.0
guess:1.0
alway:1.0
bicycl:1.0
way:1.0
got:1.6931471805599454
hang:1.0
normal:2.09861228866811
ride:2.6094379124341005
could:2.09861228866811
swerv:1.6931471805599454
problem:1.0
start:1.0
use:1.0
decid:1.0
turn:2.09861228866811
speed:1.0
ramp:1.0
like:1.6931471805599454
lot:1.0
difficult:1.0
knew:1.6931471805599454
work:1.6931471805599454
although:1.0
current:1.0
debat:1.0
definit:1.0
figur:1.0
later:1.0
data:1.0
point:1.0
think:1.0
bad:1.0
idea:1.6931471805599454
bring:1.0
best:1.0
let:1.0
everyon:1.0
lesson:1.6931471805599454
two:1.0
learn:1.0
shift:1.6931471805599454
gear:1.0
worri:1.0
proper:1.0
handlebar:1.0
fact:1.0
experienc:1.0
rider:1.6931471805599454
instructor:2.386294361119891
claim:1.0
get:1.0
behind:1.0
new:1.0
make:1.6931471805599454
bike:2.386294361119891
whichev:1.0
side:1.0
want:1.0
weight:1.0
around:1.0
oper:1.0
opposit:1.0
direct:1.0
admit:1.0
never:1.0
actual:1.0
seen:1.0
passeng:1.6931471805599454
train:1.0
sometim:1.0
would:2.09861228866811
hop:1.0
back:1.0
student:1.6931471805599454
take:1.0
give:1.0
sack:1.0
potato:1.0
speech:1.0
gener:1.0
nuisanc:1.0
amus:1.0
watch:1.0
happi:1.0
happen:1.0
dod:1.0
275:1.0
kv:1.0
pf:1.0
p:1.0
toronto:1.0
canada:1.0
