npet:1.6931471805599454
bnr:2.386294361119891
ca:1.6931471805599454
nick:2.09861228866811
pettefar:1.6931471805599454
subject:1.0
happi:1.0
easter:1.0
nntp:1.0
post:1.0
host:1.0
bmdhh299:1.0
organ:1.0
europ:1.0
ltd:1.0
maidenhead:1.6931471805599454
uk:1.6931471805599454
x:1.0
newsread:1.0
tin:1.0
version:1.0
1:1.6931471805599454
pl8:1.0
line:1.0
37:1.0
kevinh:1.6931471805599454
tue:1.0
20:1.6931471805599454
apr:1.0
1993:1.0
13:1.0
23:1.0
01:1.0
gmt:1.0
wibbl:1.0
articl:2.09861228866811
1993apr19:1.0
154020:1.0
24818:1.0
i88:1.6931471805599454
isc:1.6931471805599454
com:2.791759469228055
jeq:1.6931471805599454
lachman:1.6931471805599454
jonathan:1.6931471805599454
e:2.09861228866811
quist:1.6931471805599454
write:2.09861228866811
2514:1.0
tekgen:1.0
bv:1.0
tek:1.6931471805599454
davet:1.0
interceptor:1.0
cd:1.6931471805599454
dave:1.0
tharp:1.0
1993apr15:1.0
171757:1.0
10890:1.0
roll:1.0
royc:1.0
own:2.791759469228055
non:1.6931471805599454
british:2.09861228866811
firm:1.0
ye:1.6931471805599454
god:1.0
would:1.6931471805599454
end:1.0
civil:1.0
know:1.0
ford:1.6931471805599454
aston:1.0
martin:1.0
jaguar:2.09861228866811
gener:1.0
motor:1.0
lotu:1.6931471805599454
vauxhal:1.0
rover:1.0
honda:1.0
minor:1.0
blasphemi:1.0
u:1.0
compani:2.6094379124341005
like:1.0
sob:1.0
outright:1.0
sacrileg:1.0
rr:2.386294361119891
ownership:1.0
fundament:1.0
thing:1.0
think:1.6931471805599454
legal:1.0
claus:1.0
name:1.6931471805599454
regardless:1.0
must:1.0
owner:1.0
ba:1.6931471805599454
sell:1.0
hasler:1.0
ascom:1.0
ch:1.0
believ:1.0
anyth:1.0
seper:1.0
aero:1.0
engin:1.0
govern:1.6931471805599454
stake:1.6931471805599454
unfortun:1.0
decid:1.0
make:1.0
quick:1.0
buck:1.0
sold:1.0
bastard:1.0
definit:1.0
ultim:1.0
arthur:1.0
daley:1.0
cynic:1.0
biker:1.0
dod:1.0
1069:1.0
concis:1.0
oxford:1.0
leaki:1.0
gearbox:1.0
lud:1.0
contractor:1.0
larg:1.0
teneo:1.0
tuu:1.0
intervallum:1.0
cuurrent:1.0
incarcer:1.0
86:1.0
bmw:1.0
k100r:1.0
kay:1.0
unit:1.0
kingdom:1.0
pre:1.0
pbwasoh:1.0
b:1.0
0002:1.0
