egreen:1.6931471805599454
east:2.386294361119891
sun:2.6094379124341005
com:2.386294361119891
ed:2.386294361119891
green:2.09861228866811
pixel:1.0
cruncher:1.0
subject:1.0
counterst:1.6931471805599454
faq:1.0
plea:1.0
post:1.6931471805599454
organ:1.0
microsystem:1.0
rtp:1.0
nc:1.0
line:1.0
26:1.0
distribut:1.0
world:1.0
repli:1.0
nntp:1.0
host:1.0
laser:1.0
articl:1.0
l2a:1.0
well:1.6931471805599454
sf:1.6931471805599454
ca:1.6931471805599454
u:1.6931471805599454
pstone:1.0
philip:1.0
k:1.0
stone:1.0
write:1.0
hey:1.0
explain:1.0
fact:1.0
pull:2.386294361119891
hors:2.9459101490553135
rein:3.4849066497880004
left:2.386294361119891
go:2.386294361119891
confus:1.0
two:1.6931471805599454
thread:1.0
three:1.0
actual:1.0
believ:1.0
discus:1.0
basic:1.0
way:1.0
steer:2.386294361119891
plow:2.386294361119891
neck:2.9459101490553135
keep:1.0
separ:1.0
direct:1.6931471805599454
wish:1.6931471805599454
hold:1.0
togeth:1.0
one:1.6931471805599454
hand:1.0
train:1.0
techniqu:1.0
cross:1.0
thu:1.0
right:1.6931471805599454
side:1.6931471805599454
bit:1.0
use:1.0
day:1.0
sorri:1.0
ask:1.0
yet:1.0
former:1.0
ninjait:1.0
drink:1.0
last:1.0
night:1.0
biker:1.0
show:1.0
pictur:1.0
said:1.0
dod:1.0
0111:1.0
919:1.0
460:1.0
8302:1.0
get:1.0
know:1.0
like:1.6931471805599454
grate:1.0
dead:1.0
seem:1.0
least:1.0
could:1.0
