jjb:1.0
dtc:1.6931471805599454
hp:2.09861228866811
com:1.6931471805599454
jim:1.0
brewer:1.0
subject:1.0
uh:1.0
der:1.0
whassa:1.0
deltabox:1.0
nntp:1.0
post:1.0
host:1.0
moosehead:1.0
organ:1.0
design:1.0
technolog:1.0
center:1.0
santa:1.0
clara:1.0
ca:2.09861228866811
line:1.0
6:1.0
articl:1.0
c5kxal:1.0
izc:1.0
ccu:1.6931471805599454
umanitoba:1.6931471805599454
klinger:1.6931471805599454
jorg:1.0
write:1.0
beleiv:1.0
call:1.0
dentabox:1.0
frame:1.0
noth:1.0
putti:1.0
paint:1.0
fix:1.0
someon:1.0
ride:1.0
gsxr:1.0
gutsi:1.0
