sturg:2.6094379124341005
oasi:1.6931471805599454
dt:1.6931471805599454
navi:1.6931471805599454
mil:1.6931471805599454
richard:1.6931471805599454
subject:1.0
help:1.6931471805599454
bike:2.6094379124341005
short:2.09861228866811
repli:1.0
organ:1.0
carderock:1.6931471805599454
divis:1.6931471805599454
nswc:1.6931471805599454
bethesda:1.0
md:1.0
line:1.0
23:1.0
rec:1.0
motorcycl:1.6931471805599454
bean:1.6931471805599454
ra:1.0
cgd:1.0
ucar:1.0
edu:1.0
gregori:1.0
write:1.0
got:1.0
friend:1.0
shop:1.0
first:1.0
great:1.6931471805599454
unfortun:1.0
need:1.0
28:1.0
seat:1.0
far:1.0
thing:1.0
found:1.0
old:1.0
unhappi:1.0
look:1.0
kz440:1.6931471805599454
thought:1.0
best:1.0
100:1.0
ever:1.6931471805599454
ridden:1.6931471805599454
mind:1.0
mani:1.6931471805599454
seem:1.0
rememb:1.0
thread:1.6931471805599454
point:1.6931471805599454
similar:1.0
pas:1.0
sever:1.0
month:1.0
ago:1.0
anybodi:1.0
keep:1.0
list:1.0
must:1.0
mistaken:1.0
group:1.0
serious:1.0
style:1.0
much:1.0
money:1.0
5:1.0
3:1.0
ride:1.0
cb1:1.0
hawk:1.0
gt:1.0
ea:1.0
cruiser:1.0
low:1.0
slung:1.0
ysr50:1.0
real:1.0
rich:1.0
h:1.0
703:1.0
536:1.0
4443:1.0
w:1.0
301:1.0
227:1.0
1670:1.0
speak:1.0
one:1.0
el:1.0
listen:1.0
