bclark:1.6931471805599454
galaxi:1.6931471805599454
gov:1.6931471805599454
bc:2.09861228866811
ca:1.6931471805599454
subject:1.0
buy:2.09861228866811
first:1.6931471805599454
bike:2.386294361119891
etc:1.6931471805599454
organ:1.0
system:1.0
corpor:1.0
line:1.0
8:1.0
lot:1.0
post:1.6931471805599454
late:1.0
wan:1.0
na:1.0
gsxr:1.0
zx:1.0
cbr:1.0
fzr:1.0
good:1.0
learn:1.0
think:1.0
go:1.0
put:1.0
togeth:1.0
faq:1.0
new:1.0
ravi:1.0
use:1.0
one:1.0
time:1.0
bruce:1.0
clark:1.0
b:1.0
c:1.0
environ:1.0
e:1.0
mail:1.0
