alanf:2.09861228866811
eng:2.386294361119891
tridom:2.6094379124341005
com:2.791759469228055
alan:2.09861228866811
fleme:1.6931471805599454
subject:1.0
new:1.6931471805599454
motorcycl:1.6931471805599454
nntp:1.0
post:1.0
host:1.0
tigger:1.0
repli:1.0
organ:1.0
engin:1.0
line:1.0
22:1.0
articl:1.6931471805599454
1993apr20:1.6931471805599454
163315:1.0
8876:1.0
adob:1.6931471805599454
cjackson:1.0
curti:1.0
jackson:1.0
write:1.6931471805599454
131800:1.0
16136:1.0
alw:1.0
nih:1.6931471805599454
gov:1.6931471805599454
gregh:1.0
niagara:1.0
dcrt:1.0
gregori:1.0
humphrey:1.0
1:1.0
1200:1.0
1300:1.0
work:1.6931471805599454
would:1.0
cover:1.0
everyth:1.0
bike:1.0
helmet:1.6931471805599454
anyth:1.0
el:1.0
ignor:1.0
know:1.0
need:1.0
buy:1.0
follow:1.0
number:1.0
approxim:1.0
doubt:1.0
get:1.0
flame:1.0
cheap:1.6931471805599454
100:1.6931471805599454
jacket:1.0
use:1.0
glove:1.0
noth:1.0
special:1.0
20:1.0
safeti:1.0
foundat:1.0
ride:1.0
cours:1.6931471805599454
must:1.0
140:1.0
wow:1.0
georgia:1.0
much:1.0
cheaper:1.0
85:1.0
list:1.0
look:1.0
good:1.0
also:1.0
add:1.0
heavi:1.0
boot:1.0
hike:1.0
combat:1.0
similar:1.0
45:1.0
think:1.0
peac:1.0
kotbbbb:1.0
1988:1.0
gsxr1100j:1.0
ama:1.0
634578:1.0
dod:1.0
4210:1.0
pgp:1.0
key:1.0
avail:1.0
