nuet:1.6931471805599454
ke:1.6931471805599454
pt:1.6931471805599454
mot:1.6931471805599454
com:1.6931471805599454
keith:1.0
nuetzman:1.0
x3153:1.0
p7625:1.0
subject:1.0
help:1.0
bike:1.6931471805599454
short:1.0
nntp:1.0
post:1.0
host:1.0
145:1.0
4:1.0
54:1.0
110:1.0
repli:1.0
organ:1.0
page:1.0
wireless:1.0
data:1.0
group:1.0
line:1.0
3:1.0
sure:1.0
older:1.0
yamaha:1.0
virago:1.0
535:1.0
spec:1.0
seat:1.0
height:1.0
27:1.6931471805599454
6:1.0
honda:1.0
shadow:1.0
2:1.0
