michaelb:1.0
compnew:1.6931471805599454
co:1.6931471805599454
uk:2.09861228866811
michael:1.0
burton:1.0
subject:1.0
perform:1.0
bike:1.0
frenzi:1.6931471805599454
cadwel:1.6931471805599454
organ:1.0
comput:1.0
newspap:1.0
servic:1.0
howden:1.0
line:1.0
7:1.0
nntp:1.0
post:1.0
host:1.0
cassia:1.0
x:1.0
newsread:1.0
tin:1.0
1:1.6931471805599454
pl4:1.0
anyon:1.0
go:1.6931471805599454
p:1.0
b:1.0
park:1.0
may:1.0
watch:1.0
twhen:1.0
ask:1.0
would:1.0
want:1.0
tri:1.0
said:1.0
death:1.0
