brian:2.09861228866811
vaughan:2.09861228866811
um:1.0
cc:1.0
umich:2.09861228866811
edu:2.09861228866811
subject:1.0
sale:1.6931471805599454
kawasaki:1.6931471805599454
ex500:1.0
michigan:2.09861228866811
organ:1.0
univers:1.0
line:1.0
13:1.0
distribut:1.0
world:1.0
nntp:1.0
post:1.6931471805599454
host:1.0
dss1:1.0
ui:1.0
itd:1.0
ann:1.0
arbor:1.0
1988:1.0
ex:1.0
500:1.0
6682:1.0
mile:1.0
cherri:1.0
red:1.0
excel:1.0
condit:1.0
ask:1.0
2300:1.0
contact:1.0
313:1.6931471805599454
747:1.0
1604:1.0
day:1.0
434:1.0
7284:1.0
even:1.0
weekend:1.0
e:1.0
mail:1.0
repli:1.0
