nbetz:1.0
csi:1.0
compuserv:1.6931471805599454
com:1.0
nathan:1.6931471805599454
betz:1.0
subject:1.0
first:1.6931471805599454
bike:1.6931471805599454
honda:1.6931471805599454
ascot:1.6931471805599454
organ:1.0
incorpor:1.0
line:1.0
10:1.0
hi:1.0
folk:1.0
go:1.0
buy:1.0
consid:1.0
82:1.0
ft500:1.0
le:1.0
5k:1.0
mile:1.0
sound:1.0
like:1.0
reason:1.0
choic:1.0
anyth:1.0
special:1.0
need:1.0
know:1.0
thank:1.0
