raibl:2.09861228866811
na:2.09861228866811
nasa:2.09861228866811
gov:1.6931471805599454
eric:1.6931471805599454
subject:1.0
need:1.6931471805599454
advic:1.6931471805599454
ride:2.791759469228055
someon:1.6931471805599454
pillion:1.6931471805599454
repli:1.6931471805599454
rwert:1.6931471805599454
well:2.09861228866811
sf:2.386294361119891
ca:2.09861228866811
u:2.09861228866811
messag:1.0
21:1.0
apr:1.0
93:1.0
01:1.0
07:1.0
56:1.0
gmt:1.0
organ:1.0
appli:1.0
research:1.6931471805599454
offic:1.0
ame:1.0
center:1.0
distribut:1.0
line:1.0
22:1.0
articl:1.0
c5t759:1.0
dsc:1.0
bob:1.0
wert:1.0
write:1.0
750:1.0
ninja:1.0
first:1.6931471805599454
time:1.6931471805599454
taken:1.0
anyon:1.0
extend:1.0
read:1.0
farther:1.0
around:1.0
block:1.0
twisti:1.0
fairli:1.0
bumpi:1.0
road:2.386294361119891
mine:1.6931471805599454
mt:1.6931471805599454
hamilton:1.6931471805599454
loop:1.0
bay:1.0
arean:1.0
say:1.0
bad:1.0
idea:1.0
start:1.0
someth:1.6931471805599454
much:1.0
mellow:1.0
neither:1.0
one:1.0
get:1.0
head:1.0
particular:1.0
requir:1.0
full:1.0
concentr:1.0
sort:1.0
thing:1.0
want:1.6931471805599454
take:1.0
passeng:1.0
decid:1.0
like:1.6931471805599454
togeth:1.0
longer:1.0
challeng:1.0
go:1.6931471805599454
hard:1.0
core:1.0
case:1.0
moral:1.0
respons:1.0
make:1.0
sure:1.0
proper:1.0
gear:1.0
fit:1.0
especi:1.0
sport:1.0
