moseley:2.386294361119891
u:1.6931471805599454
washington:2.386294361119891
edu:2.09861228866811
steve:2.09861228866811
l:1.6931471805599454
subject:1.0
neck:3.1972245773362196
rein:3.4849066497880004
counterst:1.6931471805599454
faq:1.0
plea:1.0
post:1.6931471805599454
organ:1.0
microbi:1.0
pathogenesi:1.0
motorcycl:1.6931471805599454
mainten:1.0
line:1.0
25:1.0
distribut:1.0
world:1.0
nntp:1.0
host:1.0
microb0:1.0
biostat:1.0
articl:1.0
1qmetg:1.0
g2n:1.0
sixgun:1.0
east:1.6931471805599454
sun:1.6931471805599454
com:1.6931471805599454
egreen:1.0
ed:1.0
green:1.0
pixel:1.0
cruncher:1.0
write:1.0
basic:1.0
two:1.0
way:1.0
steer:2.386294361119891
hors:2.791759469228055
plow:2.386294361119891
keep:1.0
separ:1.0
pull:2.09861228866811
direct:1.6931471805599454
wish:1.6931471805599454
go:2.09861228866811
hold:1.0
togeth:1.0
one:1.6931471805599454
hand:1.0
train:1.0
techniqu:1.0
cross:1.0
thu:1.0
left:2.09861228866811
right:2.386294361119891
side:2.09861228866811
bit:1.0
use:1.0
day:1.0
learn:1.0
ride:1.0
bareback:1.0
kid:1.0
palm:1.6931471805599454
reign:1.0
push:1.0
turn:1.0
lot:1.0
like:1.0
came:1.0
pretti:1.0
easi:1.0
transit:1.0
took:1.0
howev:1.0
break:1.0
habit:1.0
kick:1.0
rear:1.0
fender:1.0
heel:1.0
faster:1.0
microbiolog:1.0
sc:1.0
42:1.0
phone:1.0
206:1.6931471805599454
543:1.6931471805599454
2820:1.0
univers:1.0
fax:1.0
8297:1.0
seattl:1.0
wa:1.0
98195:1.0
