wayn:1.6931471805599454
orwig:1.6931471805599454
atlantaga:1.6931471805599454
ncr:2.09861228866811
com:1.6931471805599454
subject:1.0
cb750:1.6931471805599454
c:1.0
flame:1.6931471805599454
exhaust:2.09861228866811
line:1.0
21:1.0
nntp:1.0
post:1.0
host:1.0
worwig:1.0
organ:1.0
corpor:1.0
x:1.0
newsread:1.0
ftpnuz:1.0
do:1.0
v1:1.0
0:1.0
articl:1.0
c5quw0:1.0
btq:1.0
ux1:1.6931471805599454
cso:1.6931471805599454
uiuc:1.6931471805599454
edu:1.6931471805599454
mikeh:1.0
mike:1.6931471805599454
hollyman:1.6931471805599454
say:1.0
hi:1.0
82:1.0
custom:1.0
replac:1.0
cylind:1.6931471805599454
head:1.0
gasket:1.0
put:1.0
back:1.0
togeth:1.0
idl:1.6931471805599454
run:1.6931471805599454
2:1.6931471805599454
3:1.0
would:1.0
backfir:1.0
spit:1.0
right:1.0
side:1.0
4:1.0
mac:1.0
bought:1.0
new:1.0
plug:1.0
today:1.0
rough:1.0
still:1.0
quit:1.0
sure:1.0
fine:1.6931471805599454
tune:1.0
knob:1.0
carb:1.6931471805599454
mess:1.0
check:1.0
time:1.6931471805599454
advanc:1.6931471805599454
littl:1.0
help:1.0
assum:1.0
need:1.0
synch:1.0
buy:1.0
kit:1.6931471805599454
best:1.0
price:1.0
suggest:1.0
thank:1.0
sound:1.0
like:1.0
got:1.0
cam:1.0
