harmon:2.386294361119891
wv:1.6931471805599454
tek:1.6931471805599454
com:1.6931471805599454
sommer:1.6931471805599454
subject:1.0
counterst:1.0
faq:1.0
plea:1.0
post:1.0
line:1.0
15:1.0
sender:1.0
repli:1.0
gyro:1.0
distribut:1.0
organ:1.6931471805599454
usr:1.0
en:1.0
etc:1.0
keyword:1.0
hey:1.0
ed:1.0
explain:1.0
fact:1.0
pull:1.0
hors:1.6931471805599454
rein:2.09861228866811
left:2.386294361119891
go:1.6931471805599454
confus:1.0
two:1.0
thread:1.0
unless:1.0
taught:1.0
neck:1.6931471805599454
brought:1.0
bear:1.0
side:1.0
right:1.0
equestrian:1.0
counter:1.0
steer:1.0
