lisa:2.09861228866811
alex:2.386294361119891
com:1.6931471805599454
rowland:1.6931471805599454
return:1.0
path:1.0
news:1.0
subject:1.0
paint:1.6931471805599454
job:1.6931471805599454
uk:1.0
nntp:1.0
post:1.0
host:1.0
baldrick:1.0
organ:1.0
technolog:1.6931471805599454
ltd:1.6931471805599454
london:1.6931471805599454
england:1.0
line:1.0
11:1.0
anyon:1.0
recommend:1.0
good:1.0
place:1.0
reason:1.0
price:1.0
bike:1.0
prefer:1.0
essenti:1.0
area:1.0
thank:1.0
tcp:1.0
hous:1.0
t97:1.0
107:1.0
uxbridg:1.0
road:1.0
tel:1.0
44:1.6931471805599454
0:1.6931471805599454
81:1.6931471805599454
566:1.6931471805599454
2307:1.0
teal:1.0
fax:1.0
2308:1.0
tlondon:1.0
email:1.0
tlisa:1.0
tw5:1.0
5lt:1.0
