nelson:2.386294361119891
seahunt:2.386294361119891
imat:2.09861228866811
com:2.09861228866811
michael:2.09861228866811
subject:1.0
boom:1.0
dog:1.0
attack:1.0
nntp:1.0
post:1.0
host:1.0
organ:1.0
san:1.0
francisco:1.0
ca:1.0
line:1.0
15:1.0
articl:1.0
9426:1.0
97:1.0
uupcb:1.0
compdyn:1.6931471805599454
questor:1.6931471805599454
org:1.6931471805599454
ryan:1.6931471805599454
cousineau:1.6931471805599454
write:1.0
interestingli:1.0
one:1.6931471805599454
thing:1.0
never:1.6931471805599454
happen:1.0
bike:1.6931471805599454
move:1.6931471805599454
cours:2.09861228866811
tunfortun:1.0
neg:1.0
impair:1.0
tabov:1.0
sentenc:1.0
say:1.0
believ:1.0
toff:1.0
1993:1.0
cbr900rr:1.0
internet:1.0
dod:1.0
0735:1.0
