lotto:2.791759469228055
laura:1.6931471805599454
harvard:2.791759469228055
edu:2.386294361119891
jerri:2.09861228866811
subject:1.0
counterst:1.6931471805599454
know:1.6931471805599454
question:1.0
organ:1.0
chemistri:1.6931471805599454
dept:1.6931471805599454
univers:1.0
line:1.0
32:1.0
distribut:1.0
net:1.0
nntp:1.0
post:1.0
host:1.0
repli:1.0
mj:1.6931471805599454
sy:1.6931471805599454
uea:1.6931471805599454
ac:1.6931471805599454
uk:1.6931471805599454
messag:1.0
wed:1.6931471805599454
21:1.6931471805599454
apr:1.6931471805599454
1993:1.6931471805599454
12:1.6931471805599454
30:2.386294361119891
gmt:1.6931471805599454
mike:3.0794415416798357
sixsmith:1.0
said:1.0
husc4:1.0
write:1.0
understand:1.6931471805599454
abil:2.09861228866811
swerv:2.791759469228055
essenti:1.0
absent:1.6931471805599454
among:1.0
accid:1.6931471805599454
involv:1.0
rider:2.6094379124341005
hurt:2.386294361119891
studi:2.09861228866811
would:1.0
agre:1.0
entir:1.0
three:1.0
paragraph:1.0
make:1.0
distinct:1.0
failur:1.0
ye:1.0
specif:2.386294361119891
techniqu:1.0
made:1.0
lot:1.0
progress:1.0
educ:1.6931471805599454
respons:1.0
last:1.0
ten:1.0
twenti:1.0
year:1.6931471805599454
still:1.0
amaz:1.0
anytim:1.0
teach:1.0
erc:1.0
mani:1.6931471805599454
peopl:1.0
ride:1.6931471805599454
experi:1.0
discov:1.0
corner:1.6931471805599454
everyth:1.0
el:1.0
hard:1.0
brake:1.6931471805599454
tend:1.0
mutual:1.0
exclus:1.0
manouvr:1.0
draw:1.0
conclus:1.0
one:1.0
gener:1.0
prefer:1.0
recommand:1.0
cite:1.0
formal:1.0
street:1.0
strategi:1.0
like:1.0
sipd:1.0
exampl:1.0
import:1.0
compon:1.0
curriculum:1.0
skill:1.0
emerg:1.0
must:1.0
taught:1.0
practic:1.0
well:1.0
signific:1.6931471805599454
35:1.0
noth:1.0
confront:1.0
potenti:1.0
anoth:1.0
third:1.0
collid:1.0
fell:1.0
result:1.0
error:1.0
choic:1.0
maneuv:1.0
much:1.0
le:1.0
outcom:1.0
earli:1.0
detect:1.0
proper:1.0
execut:1.0
effect:1.0
countermeasur:1.0
lhasa:1.0
msfci:1.0
hogssc:1.0
bcso:1.0
ama:1.0
dod:1.0
18:1.0
univ:1.0
harley:1.0
want:1.0
