ray:2.386294361119891
unisql:2.386294361119891
uucp:1.0
shea:1.6931471805599454
subject:1.0
cat:1.0
dog:2.09861228866811
organ:1.0
inc:1.6931471805599454
austin:1.0
texa:1.0
usa:1.0
line:1.0
17:1.0
articl:1.6931471805599454
1993apr14:1.0
200933:1.0
15362:1.0
cbnewsj:1.6931471805599454
cb:1.6931471805599454
att:1.6931471805599454
com:2.386294361119891
jimb:1.0
jame:1.0
bessett:1.0
write:1.6931471805599454
6130328:1.0
hplsla:1.6931471805599454
hp:1.6931471805599454
ken:1.6931471805599454
snyder:1.0
p:1.0
also:2.09861228866811
heard:1.0
breeder:1.6931471805599454
chain:1.0
bicycl:1.0
motorcycl:1.0
produc:1.0
high:1.0
frequenc:1.0
squeak:1.0
love:1.0
chase:1.6931471805599454
ask:1.0
bmw:1.6931471805599454
squeaki:1.0
rider:1.0
wound:1.0
like:1.0
effect:1.0
method:1.0
leah:1.0
c:1.0
utexa:1.0
edu:1.0
day:1.0
miss:1.0
boon:1.0
real:1.0
bad:1.0
dod:1.0
0372:1.0
team:1.0
twinki:1.0
88:1.0
hawk:1.0
gt:1.0
