neal:2.386294361119891
cmptrc:1.6931471805599454
lonestar:1.6931471805599454
org:1.6931471805599454
howard:1.6931471805599454
subject:1.0
splitfir:3.3978952727983707
help:1.6931471805599454
spagthorp:1.0
diesel:1.0
keyword:1.0
use:2.09861228866811
plug:2.9459101490553135
perform:2.386294361119891
distribut:1.0
rec:1.0
motorcycl:1.0
organ:1.0
computrac:2.09861228866811
inc:1.6931471805599454
richardson:1.6931471805599454
tx:1.6931471805599454
line:1.0
34:1.0
articl:1.0
c5jf22:1.0
djr:1.0
news:1.0
cso:1.6931471805599454
uiuc:1.6931471805599454
edu:1.6931471805599454
wcd82671:1.0
uxa:1.0
daniel:1.0
warren:1.0
c:1.0
write:1.0
earlier:1.0
read:1.0
net:1.0
one:1.6931471805599454
guy:1.6931471805599454
think:1.6931471805599454
almost:1.0
everybodi:1.0
shot:1.0
hell:1.0
well:2.386294361119891
saw:1.0
someon:1.0
said:1.0
show:1.0
team:1.0
split:1.0
fire:1.0
addit:1.0
insight:1.0
theori:1.0
boost:2.09861228866811
u:1.6931471805599454
opposs:1.0
cage:1.6931471805599454
origin:1.0
made:1.0
burn:1.0
fuel:1.0
effici:1.0
increas:1.6931471805599454
power:1.0
4x4:1.0
know:1.6931471805599454
tri:1.6931471805599454
catch:1.0
somebodi:1.0
twin:1.6931471805599454
work:1.6931471805599454
mainli:1.0
provid:1.0
le:1.0
unshroud:1.0
spark:1.6931471805599454
combust:1.6931471805599454
chamber:1.6931471805599454
engin:1.0
cylind:1.0
head:1.6931471805599454
design:1.0
benefit:1.0
yield:1.0
slight:1.0
notic:1.6931471805599454
lower:1.0
rpm:1.0
rang:1.0
torqu:1.0
diddli:1.0
squat:1.0
1992:1.0
gmc:1.0
pickup:1.0
4:1.0
3l:1.0
v6:1.0
give:1.0
1991:1.0
harley:1.6931471805599454
sportster:1.6931471805599454
1200:1.6931471805599454
best:1.0
friend:1.6931471805599454
1986:1.0
883:1.0
folk:1.0
1340:1.0
evo:1.6931471805599454
motor:1.0
tell:1.0
plain:1.0
interest:1.0
sinc:1.6931471805599454
xlh:1.6931471805599454
big:1.0
pretti:1.0
much:1.0
shape:1.0
differ:1.0
size:1.0
two:1.0
shovelhead:1.6931471805599454
swear:1.0
dual:1.6931471805599454
instead:1.0
respond:1.0
enough:1.0
make:1.0
machin:1.0
extra:1.0
ignit:1.0
system:1.0
worth:1.0
expens:1.0
plu:1.0
look:1.0
realli:1.0
cool:1.0
side:1.0
91:1.0
dod:1.0
686:1.0
doh:1.0
0000001200:1.0
355o33:1.0
std:1.0
disclaim:1.0
opinion:1.0
mine:1.0
let:1.0
learn:1.6931471805599454
dream:1.0
gentleman:1.0
perhap:1.0
shall:1.0
truth:1.0
august:1.0
kekul:1.0
1890:1.0
