nuet:1.6931471805599454
ke:1.6931471805599454
pt:1.6931471805599454
mot:1.6931471805599454
com:1.6931471805599454
keith:1.0
nuetzman:1.0
x3153:1.0
p7625:1.0
subject:1.0
test:1.6931471805599454
nntp:1.0
post:1.0
host:1.0
145:1.0
4:1.0
54:1.0
110:1.0
repli:1.0
organ:1.0
page:1.0
wireless:1.0
data:1.0
group:1.0
line:1.0
2:1.0
