cdm:1.6931471805599454
pmafir:2.09861228866811
inel:2.09861228866811
gov:2.09861228866811
dale:2.09861228866811
cook:2.09861228866811
subject:1.0
sexual:2.6094379124341005
proposit:2.791759469228055
harass:2.09861228866811
organ:1.0
winco:1.0
line:1.0
59:1.0
articl:1.6931471805599454
1pkkidinnsrj:1.0
senat:1.0
bedfellow:1.0
mit:1.6931471805599454
edu:1.6931471805599454
wdstarr:1.0
athena:1.0
william:1.0
decemb:1.0
starr:1.0
write:1.0
1993mar30:1.0
181636:1.0
22756:1.0
said:1.6931471805599454
real:1.0
world:1.0
data:1.0
point:1.0
person:2.386294361119891
much:1.6931471805599454
stronger:1.0
legal:1.0
claim:1.0
harrass:2.09861228866811
otherwis:1.0
make:2.6094379124341005
clear:1.0
offend:1.6931471805599454
behaviour:2.386294361119891
unwant:2.791759469228055
persist:2.09861228866811
easier:1.0
demonstr:1.0
due:1.0
fact:2.09861228866811
knew:1.0
argument:1.0
origin:1.6931471805599454
queri:1.0
regard:1.0
question:1.6931471805599454
first:1.0
made:1.0
b:2.09861228866811
would:1.6931471805599454
consid:1.6931471805599454
mani:1.0
peopl:2.6094379124341005
assum:2.09861228866811
cours:1.6931471805599454
exist:1.0
power:1.0
relationship:1.0
carri:1.0
strong:1.0
implic:1.0
extort:1.0
right:1.0
word:1.6931471805599454
one:2.09861228866811
say:2.09861228866811
wrong:1.0
mean:1.0
irrit:1.0
torment:1.0
hardli:1.0
time:1.0
fall:1.0
definit:1.0
addit:1.0
basi:1.0
unlik:1.0
illeg:2.6094379124341005
think:1.6931471805599454
offer:1.0
money:1.6931471805599454
sex:2.09861228866811
inargu:1.0
activ:2.6094379124341005
could:2.09861228866811
presum:2.09861228866811
averag:2.09861228866811
citizen:2.09861228866811
take:1.0
issu:1.0
viewpoint:1.6931471805599454
given:1.0
prostitut:1.6931471805599454
victimless:2.09861228866811
crime:1.6931471805599454
liter:1.0
million:1.0
american:1.0
particip:1.6931471805599454
sort:1.6931471805599454
state:2.09861228866811
defin:1.0
crimin:1.0
e:1.6931471805599454
g:1.0
obscen:1.0
gambl:1.0
use:1.0
certain:2.09861228866811
recreat:1.0
drug:1.0
non:1.0
mercenari:1.0
spous:1.0
unnatur:1.0
regardless:1.0
marit:1.0
statu:1.0
exchang:1.0
etc:1.0
idea:1.0
may:1.0
mere:1.0
sophistri:1.6931471805599454
judg:1.0
indulg:2.09861228866811
straight:1.6931471805599454
face:1.6931471805599454
speak:1.6931471805599454
law:2.09861228866811
student:1.0
read:1.0
share:1.0
judici:1.0
opinion:1.6931471805599454
realiti:1.0
deni:1.0
actual:1.0
invert:1.0
order:1.6931471805599454
univers:1.0
conform:1.0
writer:1.0
polit:1.0
legalist:1.0
true:1.0
littl:1.0
sen:1.0
manag:1.0
assumpt:1.0
reason:1.6931471805599454
certainli:1.0
need:1.0
preponder:1.0
evid:1.0
side:1.0
proposition:1.0
belief:1.0
welcom:1.6931471805599454
number:1.6931471805599454
notwithstand:1.0
reamin:1.0
simpli:1.0
larg:1.0
type:1.0
lawyer:1.0
town:1.0
church:1.0
bar:1.0
seriou:1.0
social:1.0
problem:1.0
edward:1.0
abbey:1.0
mine:1.0
employ:1.0
