jim:1.6931471805599454
specialix:1.6931471805599454
com:1.0
maurer:1.0
subject:1.0
50:1.0
000:1.0
reward:1.0
organ:1.0
inc:1.0
line:1.0
10:1.0
ajteel:1.0
dendrit:1.0
c:1.6931471805599454
colorado:1.0
edu:1.0
j:1.0
teel:1.0
write:1.0
tif:1.0
unit:1.0
state:2.791759469228055
citizen:2.6094379124341005
resid:1.6931471805599454
citizenship:1.0
thu:1.0
14th:1.0
amend:1.0
live:2.09861228866811
peopl:1.0
one:1.0
49:1.0
sinc:1.0
california:1.0
