cramer:3.1972245773362196
optilink:2.791759469228055
com:2.09861228866811
clayton:3.0794415416798357
subject:1.0
ca:1.6931471805599454
pedophilia:2.09861228866811
law:2.9459101490553135
articl:2.09861228866811
15216:1.0
organ:1.6931471805599454
corpor:2.09861228866811
petaluma:1.0
line:1.0
91:1.0
1993apr3:1.0
201408:1.0
4999:1.0
hobb:1.6931471805599454
kzoo:2.09861228866811
edu:2.386294361119891
k044477:1.6931471805599454
jami:1.6931471805599454
r:1.6931471805599454
mccarthi:2.09861228866811
write:2.386294361119891
unfortun:1.0
homosexu:2.09861228866811
believ:2.386294361119891
concept:1.0
freedom:1.6931471805599454
right:2.791759469228055
forc:2.09861228866811
peopl:2.9459101490553135
hire:2.6094379124341005
rent:1.0
busi:1.6931471805599454
regardless:1.0
feel:1.0
belief:1.0
person:1.6931471805599454
allow:1.0
point:1.0
unfairli:1.0
lump:1.6931471805599454
entir:1.0
class:1.0
one:1.0
complet:1.0
dive:1.0
abyss:1.0
queer:1.0
world:1.0
think:1.6931471805599454
differ:1.6931471805599454
child:1.0
molest:1.0
advoc:1.0
minor:1.0
soc:1.0
mot:1.0
even:1.0
notic:1.0
start:1.0
sentenc:1.0
refer:1.0
million:1.0
irrelev:1.0
want:1.6931471805599454
togeth:1.0
group:1.6931471805599454
stop:1.0
insist:1.0
treat:1.0
member:1.0
dreitman:1.0
oregon:1.0
uoregon:1.0
daniel:1.0
reitman:1.0
attorney:1.0
requir:1.0
give:2.09861228866811
fair:1.6931471805599454
look:2.09861228866811
ye:1.6931471805599454
decid:1.6931471805599454
guy:1.0
wear:1.6931471805599454
nambla:1.6931471805599454
shirt:1.6931471805599454
file:1.0
lawsuit:1.0
lose:1.0
pedophil:1.6931471805599454
well:1.0
sexual:2.791759469228055
orient:2.791759469228055
defin:1.0
anti:1.0
discrimin:2.6094379124341005
pas:1.6931471805599454
last:1.0
year:1.0
let:1.0
describ:1.0
see:1.6931471805599454
accur:1.0
appli:2.09861228866811
job:2.386294361119891
comput:1.0
compani:1.6931471805599454
adorn:1.0
dunno:1.0
mayb:1.0
silenc:1.0
death:1.0
pin:1.0
someth:2.09861228866811
turn:1.0
darn:1.0
thing:1.0
go:1.0
somewher:1.0
el:1.0
correct:1.0
assum:1.0
wholeheartedli:2.09861228866811
approv:1.0
action:2.09861228866811
least:1.0
support:2.6094379124341005
take:1.6931471805599454
unless:1.0
like:2.09861228866811
black:1.6931471805599454
man:1.6931471805599454
bank:2.386294361119891
base:2.09861228866811
statist:1.0
would:2.09861228866811
steal:1.0
money:1.0
deni:1.0
explain:1.0
engag:1.0
sodomi:1.0
consent:1.6931471805599454
adult:1.0
wrong:1.0
repeatedli:1.0
said:1.0
california:1.6931471805599454
statut:1.0
classifi:1.0
basi:1.0
illeg:1.0
true:1.6931471805599454
frankli:1.0
amaz:1.0
trust:1.0
whole:1.0
stori:1.0
someon:1.0
clarifi:1.0
whether:2.09861228866811
sort:1.0
talk:1.0
hous:1.0
hate:1.0
crime:1.0
effect:1.0
realli:1.0
daycar:1.0
admit:1.0
tinternet:1.0
tapplelink:1.0
j:1.0
sign:1.0
governor:1.0
state:1.0
enact:1.0
follow:1.0
1:2.09861228866811
section:2.386294361119891
purpos:1.0
act:1.0
codifi:1.0
2:1.6931471805599454
exist:1.0
case:1.0
determin:1.0
gay:1.0
student:1.0
v:1.6931471805599454
3:1.0
pacif:1.0
telephon:1.0
telegraph:1.0
24:1.0
cal:1.6931471805599454
3d:1.6931471805599454
458:1.0
1979:1.0
4:1.0
soroka:1.0
dayton:1.0
hudson:1.0
corp:1.0
235:1.0
app:1.0
654:1.0
5:1.0
1991:1.0
prohibit:1.6931471805599454
6:1.0
7:1.0
sec:1.0
1102:2.09861228866811
ad:1.0
labor:1.0
code:1.0
8:1.0
read:1.0
9:1.0
1101:1.0
10:1.0
dispar:1.0
treatment:1.0
term:1.0
11:1.0
condit:1.0
employ:1.0
actual:1.0
12:1.0
perceiv:1.0
13:1.0
b:1.0
shall:1.0
religi:1.6931471805599454
14:1.0
associ:1.0
privat:1.0
15:1.0
profit:1.0
incorpor:1.0
public:1.0
16:1.0
benefit:1.0
e:1.0
uunet:1.0
pyramid:1.0
opinion:1.0
mine:1.0
relat:1.0
mutual:1.0
