decay:1.0
cbnewsj:1.0
cb:1.0
att:1.0
com:2.386294361119891
dean:1.6931471805599454
kaflowitz:1.6931471805599454
subject:1.0
thought:1.0
commerci:1.0
advertis:1.0
allow:1.0
organ:1.0
distribut:1.0
na:1.0
line:1.0
65:1.0
articl:1.6931471805599454
c50sma:1.0
3gk:1.0
voder:1.0
nsc:1.6931471805599454
matt:2.09861228866811
galaxi:1.0
freivald:1.0
x8043:1.0
write:1.6931471805599454
164871:1.0
talk:1.0
polit:1.0
misc:1.0
margoli:1.6931471805599454
watson:1.0
ibm:1.0
larri:2.09861228866811
would:1.6931471805599454
suggest:1.6931471805599454
legal:2.386294361119891
preced:1.6931471805599454
defin:1.0
human:2.386294361119891
e:1.0
person:1.6931471805599454
whose:1.0
right:1.6931471805599454
protect:1.6931471805599454
constitut:1.0
law:1.6931471805599454
someon:1.0
function:1.0
brain:2.386294361119891
want:1.0
use:1.6931471805599454
take:1.6931471805599454
look:1.6931471805599454
model:1.6931471805599454
penal:1.6931471805599454
code:2.386294361119891
mani:1.6931471805599454
state:1.0
base:1.6931471805599454
crimin:1.0
apolog:1.0
unclear:1.0
tri:1.0
start:1.0
statutori:1.0
debat:1.0
sinc:1.0
case:1.0
conflict:2.09861228866811
statut:2.09861228866811
book:1.0
mere:1.0
paradigm:1.6931471805599454
might:1.0
make:2.09861228866811
sen:2.09861228866811
pro:2.09861228866811
choicer:1.6931471805599454
imho:1.0
cite:1.0
one:1.6931471805599454
keep:1.0
assert:1.0
support:1.0
yet:1.0
speak:1.0
definit:1.6931471805599454
post:1.6931471805599454
delet:1.0
also:1.6931471805599454
made:1.0
perfect:1.0
perhap:1.0
confus:1.6931471805599454
still:1.0
clearli:1.6931471805599454
indic:1.0
fetu:1.0
like:1.0
plea:1.0
either:1.6931471805599454
lifer:1.0
pretti:1.0
clear:1.0
medic:1.0
concept:1.6931471805599454
death:1.6931471805599454
method:1.0
decid:1.0
known:1.0
dead:1.0
analog:1.0
birth:1.0
coin:1.0
may:1.0
object:1.0
treatment:1.0
life:2.6094379124341005
statutorili:1.0
consist:2.09861228866811
circular:1.0
argument:1.0
usual:1.0
3:1.0
parent:2.791759469228055
choos:1.0
respons:1.6931471805599454
child:3.0794415416798357
penalti:1.0
abandon:1.6931471805599454
last:1.0
question:1.0
irrelev:1.0
someth:1.0
non:1.0
sequitur:1.0
establish:1.0
relev:1.0
even:1.6931471805599454
point:1.0
unborn:1.0
toward:2.09861228866811
forc:1.0
suppli:1.0
bodili:1.6931471805599454
resourc:1.6931471805599454
necessari:1.0
save:1.6931471805599454
action:1.6931471805599454
inact:1.6931471805599454
run:1.0
front:1.0
bu:1.0
requir:1.0
feed:1.0
desir:1.0
disappear:1.0
suit:1.0
need:1.0
principl:2.386294361119891
versu:1.0
much:1.0
suddenli:1.0
recogn:1.0
claim:1.0
depend:1.0
circumst:1.0
conevni:1.0
