mcartwr:1.6931471805599454
auvm:2.6094379124341005
american:2.6094379124341005
edu:2.9459101490553135
martina:2.09861228866811
cartwright:1.6931471805599454
subject:1.0
concentr:1.0
child:1.0
molest:1.0
articl:2.09861228866811
93096:1.0
030733mcartwr:1.0
1993mar28:1.0
022903:1.0
13575:1.0
ncsu:1.0
93087:1.6931471805599454
042722mcartwr:1.0
mar28:1.0
195002:1.0
34060:1.0
yuma:1.0
acn:1.0
colost:1.0
190106mcartwr:1.0
7166:1.6931471805599454
pdxgate:1.6931471805599454
uucp:1.6931471805599454
1993apr5:1.6931471805599454
233224:1.6931471805599454
10069:1.6931471805599454
lmpsbb:1.6931471805599454
organ:1.6931471805599454
univers:1.6931471805599454
comput:1.0
center:1.0
line:1.0
53:1.0
comm:1.0
mot:1.6931471805599454
com:1.6931471805599454
bhv:1.0
areaplg2:1.0
corp:1.0
broni:1.0
vidugiri:1.0
say:1.0
a0cb:1.0
rigel:1.0
c:2.386294361119891
pdx:1.0
chri:1.6931471805599454
bertholf:1.0
write:1.6931471805599454
offici:1.0
legal:1.0
term:1.0
rape:3.0794415416798357
crime:1.6931471805599454
forc:1.6931471805599454
femal:2.791759469228055
submit:1.6931471805599454
sexual:2.09861228866811
intercours:2.09861228866811
plea:1.0
suppli:1.0
refer:1.6931471805599454
awar:1.0
state:2.6094379124341005
word:1.0
statut:2.386294361119891
sure:1.0
other:1.0
surpris:1.0
well:1.0
know:1.0
that:1.0
work:1.0
practic:1.0
nice:1.0
n:2.09861228866811
fair:1.0
unawar:1.0
appli:1.0
uniformli:1.0
throughout:1.0
u:1.0
agre:1.0
mostli:1.0
unfortun:1.0
imo:1.0
true:1.0
fbi:1.0
figur:1.0
base:1.0
uniform:1.6931471805599454
report:1.6931471805599454
howev:1.0
illinoi:1.0
tabluat:1.0
refus:1.0
compli:1.0
sexist:1.0
definit:1.0
worm:2.09861228866811
crawl:1.6931471805599454
post:1.0
net:1.0
account:1.0
insofar:1.0
sever:1.0
liber:1.0
jurisdict:1.6931471805599454
concern:1.0
essenti:1.0
element:1.0
gender:1.0
neutral:1.0
nonetheless:1.0
decid:1.0
provid:1.0
number:1.0
support:1.0
origin:1.0
argument:1.0
black:1.0
law:2.386294361119891
dictionari:1.0
everi:1.0
student:1.0
lawyer:1.0
friend:1.0
defin:1.6931471805599454
unlaw:1.6931471805599454
without:1.0
consent:1.0
knowledg:1.0
woman:1.0
man:1.0
forcibl:1.0
model:1.0
penal:1.6931471805599454
code:2.791759469228055
propos:1.0
nation:1.0
confer:1.0
commission:1.0
adopt:1.0
legislatur:1.0
male:1.0
wife:1.0
guilti:1.0
compel:1.0
threat:1.0
immin:1.0
death:1.0
mpc:1.6931471805599454
213:1.0
1:2.09861228866811
inde:1.0
follow:1.0
similar:1.0
alabama:1.0
ala:1.0
13a:1.0
6:1.6931471805599454
61:1.0
1992:2.791759469228055
arkansa:1.0
ark:1.0
stat:1.6931471805599454
ann:2.09861228866811
5:1.0
14:1.6931471805599454
103:1.0
1993:2.386294361119891
district:1.0
columbia:1.0
22:1.0
2801:1.0
georgia:1.0
f:1.0
g:1.0
16:1.0
idaho:1.6931471805599454
18:1.0
6101:1.0
maryland:1.0
md:1.0
art:1.0
27:1.6931471805599454
462:1.0
mississippi:1.0
miss:1.0
97:1.0
3:1.0
71:1.0
new:1.0
york:1.0
check:1.0
case:1.0
l:1.6931471805599454
130:1.0
35:1.0
north:1.0
carolina:1.0
gen:1.0
2:1.0
puerto:1.0
rico:1.0
p:1.0
r:1.0
4062:1.0
ta:1.0
