bernard:1.6931471805599454
siriu:1.0
gte:2.09861228866811
com:1.6931471805599454
silver:1.6931471805599454
subject:1.0
bill:1.0
conklin:1.6931471805599454
et:1.6931471805599454
al:1.0
letter:2.09861228866811
1993apr3:2.09861228866811
231858:1.6931471805599454
27507:1.6931471805599454
midway:1.6931471805599454
uchicago:2.386294361119891
edu:2.791759469228055
organ:1.0
laboratori:1.6931471805599454
incorpor:1.0
line:1.0
27:1.0
repli:1.0
thf2:1.6931471805599454
kimbark:1.6931471805599454
messag:1.0
3:1.0
apr:1.0
93:1.0
23:1.0
18:1.0
58:1.0
gmt:1.0
articl:1.6931471805599454
ted:1.0
frank:1.0
write:1.6931471805599454
223215:1.0
20655:1.0
colorado:1.6931471805599454
ajteel:1.0
dendrit:1.0
c:1.0
j:1.0
teel:1.6931471805599454
twell:1.0
two:1.0
nifti:1.0
give:1.6931471805599454
concret:1.0
proof:1.0
incom:1.0
tax:1.6931471805599454
voluntari:1.0
specif:1.0
procedur:1.0
stop:1.0
withhold:1.0
cetera:1.0
tthere:1.0
refut:1.6931471805599454
date:1.0
nay:1.0
sayer:1.0
final:1.0
given:1.0
defeat:1.0
sure:1.0
would:1.0
like:1.0
hear:1.0
reason:1.0
disbelief:1.0
point:2.09861228866811
probabl:1.0
yet:1.0
respond:1.0
post:2.09861228866811
bad:1.0
enough:1.0
b:1.0
even:1.6931471805599454
wors:1.0
tri:1.0
defend:1.6931471805599454
get:1.0
torn:1.0
piec:1.0
one:2.09861228866811
look:1.0
gloat:1.0
fact:1.0
contrari:1.0
sever:1.0
delud:1.0
mind:1.0
found:1.0
interest:1.0
6:1.0
case:1.6931471805599454
ir:1.6931471805599454
assum:1.0
realli:1.0
exist:1.0
anyon:1.0
check:1.0
may:1.0
noth:1.0
major:1.0
claim:1.0
fought:1.0
deduct:1.6931471805599454
seem:1.0
puni:1.0
believ:1.0
need:1.0
file:1.0
first:1.0
place:1.0
tbernard:1.0
tgte:1.0
tbsilver:1.0
617:1.0
466:1.0
2663:1.0
