an030:1.6931471805599454
cleveland:2.09861228866811
freenet:1.6931471805599454
edu:2.791759469228055
broward:1.6931471805599454
horn:1.6931471805599454
subject:1.0
top:1.6931471805599454
ten:1.6931471805599454
respons:1.0
ed:1.0
list:1.0
organ:1.0
case:1.0
western:1.0
reserv:1.0
univers:1.0
oh:1.0
usa:1.0
line:1.0
16:1.0
repli:1.0
nntp:1.0
post:1.0
host:1.0
hela:1.0
in:1.0
cwru:1.0
previou:1.0
articl:1.6931471805599454
mconner:1.0
magnu:1.0
ac:1.0
ohio:1.0
state:1.0
michael:1.0
r:1.0
conner:1.0
say:1.0
c4zreh:1.0
c7:1.0
news:1.0
udel:1.6931471805599454
robi:1.6931471805599454
chopin:1.0
scott:1.0
w:1.0
write:1.0
real:1.6931471805599454
question:1.6931471805599454
fed:1.6931471805599454
bail:1.6931471805599454
steve:1.0
job:2.386294361119891
next:1.0
la:1.6931471805599454
chrysler:1.6931471805599454
import:1.6931471805599454
manufactur:1.6931471805599454
lost:1.6931471805599454
ibm:1.0
80k:1.0
could:1.0
part:1.0
bill:1.0
