bhayden:1.6931471805599454
teal:1.6931471805599454
csn:2.09861228866811
org:2.09861228866811
bruce:1.6931471805599454
hayden:1.6931471805599454
subject:1.0
hate:2.9459101490553135
crime:3.1972245773362196
law:2.09861228866811
nntp:1.0
post:1.0
host:1.0
organ:1.0
colorado:1.0
supernet:1.0
inc:1.0
line:1.0
59:1.0
thf2:1.0
kimbark:1.0
uchicago:1.0
edu:2.6094379124341005
ted:1.0
frank:1.0
write:2.386294361119891
articl:2.09861228866811
1993apr5:1.0
050127:1.0
22304:1.0
news:1.6931471805599454
acn:2.386294361119891
nwu:2.386294361119891
dmeier:1.6931471805599454
casbah:1.6931471805599454
dougla:1.6931471805599454
meier:1.6931471805599454
1993apr4:1.0
011042:1.0
24938:1.0
isc:2.09861228866811
br:2.09861228866811
com:1.6931471805599454
steveh:1.0
thor:1.0
steve:1.0
hendrick:1.0
1993apr3:1.0
211910:1.0
21908:1.0
someon:1.6931471805599454
beat:2.09861228866811
homosexu:1.6931471805599454
get:1.6931471805599454
charg:2.6094379124341005
assault:1.6931471805599454
batteri:1.0
must:1.0
add:1.0
gay:1.6931471805599454
bash:1.6931471805599454
list:1.0
sort:1.0
doubl:2.09861228866811
jeopardi:1.6931471805599454
fascist:1.0
deter:1.6931471805599454
epidem:1.0
ought:1.0
make:1.0
illeg:1.0
straight:1.0
advoc:1.0
aim:1.0
motiv:1.0
act:2.6094379124341005
like:1.6931471805599454
premedit:1.0
homicid:1.6931471805599454
treat:1.0
stricter:1.0
heat:1.0
passion:1.0
still:1.0
troubl:1.0
exampl:1.0
often:1.0
violenc:1.0
question:1.6931471805599454
anoth:1.0
gang:1.0
member:1.0
better:1.0
person:1.0
differnt:1.0
color:1.0
also:1.0
realist:1.0
declar:1.0
wors:1.0
gross:1.0
neglig:1.0
random:1.0
drive:1.0
shoot:1.6931471805599454
shooter:1.0
know:1.0
go:2.09861228866811
hit:1.0
crowd:1.0
singl:2.386294361119891
may:1.6931471805599454
lead:1.0
multipl:2.09861228866811
think:1.0
meant:1.0
say:1.0
current:1.6931471805599454
mutat:1.0
u:1.6931471805599454
constitut:1.0
polic:1.0
state:1.0
time:1.0
one:2.386294361119891
victim:1.0
right:1.0
shade:1.0
never:1.0
merit:1.0
set:1.0
bomb:2.09861228866811
world:1.6931471805599454
trade:1.6931471805599454
center:1.6931471805599454
murder:1.6931471805599454
five:1.0
death:1.6931471805599454
extens:1.0
properti:1.6931471805599454
damag:1.6931471805599454
first:1.6931471805599454
heard:1.0
today:1.0
good:1.0
chanc:1.6931471805599454
instead:1.0
new:1.0
york:1.0
bomber:1.6931471805599454
mean:1.0
capit:1.0
punish:1.0
secondli:1.0
jepardi:1.0
help:1.0
keep:1.0
govern:1.0
next:1.0
etc:1.0
sovereign:1.6931471805599454
essenti:1.0
fact:1.0
pattern:1.0
probabl:1.0
tri:1.6931471805599454
well:1.6931471805599454
conspiraci:1.0
cours:1.0
discov:1.0
rodney:1.0
king:1.0
case:1.0
two:1.0
neither:1.0
twice:1.0
e:1.0
303:1.0
758:1.0
8400:1.0
