zippi:1.6931471805599454
hairbal:1.6931471805599454
ecst:2.09861228866811
csuchico:2.09861228866811
edu:2.09861228866811
pinhead:1.0
subject:1.0
formal:1.0
rebutt:1.0
presumpt:1.0
jurisdict:2.09861228866811
1993apr5:1.6931471805599454
144853:1.6931471805599454
3842:1.6931471805599454
cae:2.386294361119891
prd:2.386294361119891
cdx:2.386294361119891
mot:2.386294361119891
com:2.386294361119891
organ:1.0
california:1.6931471805599454
state:1.0
univers:1.0
chico:1.0
line:1.0
21:1.0
nntp:1.0
post:1.0
host:1.0
repli:1.0
dan:2.09861228866811
messag:1.0
05:1.0
apr:1.0
1993:1.0
06:1.0
48:1.0
53:1.0
pst:1.0
articl:1.0
breslau:1.0
write:1.6931471805599454
amaz:1.0
illustr:1.0
disconnect:1.0
realiti:1.6931471805599454
glad:1.0
see:1.0
agre:1.6931471805599454
current:1.0
govern:1.0
retic:1.0
admit:1.0
sovereignti:1.0
peopl:1.0
speak:1.0
person:1.0
experi:1.0
judg:1.6931471805599454
illeg:1.0
assum:1.0
even:1.0
demand:1.0
da:1.6931471805599454
prove:1.0
record:1.0
stood:1.0
mute:1.0
also:1.0
appel:1.6931471805599454
court:1.6931471805599454
uphold:1.0
action:1.0
hide:1.0
behind:1.0
rule:1.6931471805599454
106:1.0
depart:1.0
shall:1.0
requir:1.0
opinion:1.0
case:1.0
decid:1.0
may:1.0
whenev:1.0
deem:1.0
advis:1.0
public:1.0
interest:1.0
ronald:1.0
cole:1.0
e:1.0
mail:1.0
senior:1.0
softwar:1.0
engin:1.0
phone:1.0
1:1.0
916:1.0
899:1.0
2100:1.0
optx:1.0
intern:1.0
bill:1.0
right:1.0
void:1.0
prohibit:1.0
law:1.0
