thf2:2.09861228866811
kimbark:1.6931471805599454
uchicago:2.09861228866811
edu:2.9459101490553135
ted:1.6931471805599454
frank:1.6931471805599454
subject:1.0
hate:1.6931471805599454
crime:2.09861228866811
law:2.386294361119891
articl:2.386294361119891
midway:1.6931471805599454
1993apr6:1.0
043935:1.0
27366:1.0
repli:1.0
organ:1.0
univers:1.0
chicago:1.0
line:1.0
40:1.0
1993apr5:1.0
050127:1.0
22304:1.0
news:1.6931471805599454
acn:2.386294361119891
nwu:2.386294361119891
dmeier:1.6931471805599454
casbah:1.6931471805599454
dougla:2.09861228866811
meier:2.09861228866811
write:2.09861228866811
1993apr4:1.0
011042:1.0
24938:1.0
isc:2.09861228866811
br:2.09861228866811
com:1.6931471805599454
steveh:1.0
thor:1.0
steve:1.0
hendrick:1.0
1993apr3:1.0
211910:1.0
21908:1.0
someon:1.6931471805599454
beat:2.09861228866811
homosexu:1.6931471805599454
get:1.0
charg:2.6094379124341005
assault:1.6931471805599454
batteri:1.0
must:1.0
add:1.0
gay:1.6931471805599454
bash:1.6931471805599454
list:1.0
sort:1.0
doubl:1.6931471805599454
jeopardi:1.6931471805599454
fascist:1.0
deter:1.6931471805599454
epidem:1.0
ought:1.0
make:1.0
illeg:1.0
straight:1.0
advoc:1.0
aim:1.0
motiv:1.0
act:2.6094379124341005
like:1.0
premedit:1.0
homicid:1.6931471805599454
treat:1.0
stricter:1.0
heat:1.0
passion:1.0
singl:2.09861228866811
may:1.6931471805599454
lead:1.0
multipl:2.09861228866811
think:1.0
meant:1.0
say:1.0
current:1.6931471805599454
mutat:1.0
u:1.6931471805599454
constitut:1.0
polic:1.0
state:1.0
time:1.0
one:1.6931471805599454
victim:1.0
question:1.0
right:1.0
shade:1.0
never:1.0
merit:1.0
set:1.0
bomb:1.6931471805599454
world:1.0
trade:1.0
center:1.0
murder:1.0
five:1.0
death:1.0
extens:1.0
properti:1.0
damag:1.0
c:1.6931471805599454
play:1.0
electro:1.0
magnet:1.0
golf:1.0
howev:1.0
teel:1.0
mention:1.0
though:1.0
advic:1.0
legal:1.6931471805599454
sound:1.0
follow:1.0
school:1.0
probabl:1.0
wind:1.0
jail:1.0
standard:1.0
disclaim:1.0
jame:1.0
donald:1.0
misc:1.0
