zippi:1.6931471805599454
hairbal:1.6931471805599454
ecst:2.09861228866811
csuchico:2.09861228866811
edu:3.3978952727983707
pinhead:1.0
subject:1.6931471805599454
50:1.0
000:1.0
reward:1.0
1993apr4:2.09861228866811
104122:1.0
11197:1.0
colorado:2.386294361119891
105514:1.6931471805599454
11664:1.6931471805599454
5apr199313494915:1.6931471805599454
oregon:2.386294361119891
uoregon:2.386294361119891
organ:1.0
california:1.0
state:1.0
univers:1.0
chico:1.0
line:1.6931471805599454
51:1.0
nntp:1.0
post:1.0
host:1.0
repli:1.0
dreitman:1.6931471805599454
messag:1.0
05:1.0
apr:1.0
1993:1.0
12:1.0
49:1.0
00:1.0
pst:1.0
articl:1.6931471805599454
daniel:1.0
r:1.0
reitman:1.0
attorney:1.0
write:1.6931471805599454
ajteel:1.0
dendrit:1.0
c:2.386294361119891
j:1.0
teel:1.0
tno:1.0
definit:1.0
resid:3.70805020110221
specif:1.0
thing:1.0
alien:1.0
look:1.0
rememb:1.0
common:1.0
usag:1.0
word:1.6931471805599454
alway:1.0
legal:2.09861228866811
mean:2.791759469228055
got:1.0
ta:1.0
see:2.386294361119891
author:1.0
black:1.0
law:1.6931471805599454
dictionari:1.0
revis:1.0
4th:1.0
ed:1.0
page:1.0
1473:1.0
factual:1.0
place:2.9459101490553135
abod:1.0
live:2.09861228866811
particular:1.6931471805599454
local:2.386294361119891
rees:1.6931471805599454
v:2.6094379124341005
179:1.0
misc:2.09861228866811
665:1.0
40:1.0
n:2.6094379124341005
2d:2.9459101490553135
468:1.0
472:1.0
zimmerman:1.0
175:1.0
585:1.0
155:1.0
p:2.09861228866811
293:1.0
295:1.0
requir:2.09861228866811
bodili:2.09861228866811
presenc:2.09861228866811
inhabit:1.6931471805599454
campbel:1.0
guardianship:1.0
216:1.0
minn:1.0
113:1.0
11:1.0
w:1.6931471805599454
786:1.0
789:1.0
domicil:3.1972245773362196
usual:1.0
frequent:1.0
use:1.0
ident:1.6931471805599454
term:1.6931471805599454
person:1.0
may:1.6931471805599454
two:1.0
citi:1.0
countri:1.0
one:2.09861228866811
intent:2.09861228866811
make:1.6931471805599454
fix:1.0
perman:1.0
home:1.0
simpli:1.0
given:1.0
also:2.09861228866811
riley:1.0
266:1.0
209:1.0
148:1.0
588:1.0
demand:1.0
le:1.0
intim:1.0
tie:1.0
allow:1.0
absenc:1.0
indefinit:1.0
period:1.0
return:1.0
remain:1.0
immigr:1.0
act:1.0
1917:1.0
sec:1.6931471805599454
3:1.0
8:1.0
u:1.0
136:1.0
e:2.09861228866811
transatlantica:1.0
italiana:1.0
elt:1.0
74:1.0
f:1.0
732:1.0
733:1.0
ward:1.6931471805599454
115:1.0
va:1.0
429:1.0
176:1.0
708:1.0
709:1.0
southwestern:1.0
greyhound:1.0
craig:1.0
182:1.0
okl:1.0
610:1.0
80:1.0
221:1.0
224:1.0
hold:1.0
synonym:1.0
depend:1.6931471805599454
context:1.6931471805599454
purpos:1.0
statut:1.6931471805599454
jone:1.0
341:1.0
pa:1.0
329:1.0
19:1.0
280:1.0
282:1.0
variabl:1.0
matter:1.0
kemp:1.6931471805599454
16:1.0
26:1.0
34:1.0
172:1.0
738:1.0
tenant:1.0
oblig:1.0
lord:1.0
land:1.0
depart:1.0
call:1.0
homm:1.0
levant:1.0
et:1.0
couchant:1.0
normandi:1.0
resseant:1.0
du:1.0
fief:1.0
ronald:1.0
cole:1.0
mail:1.0
senior:1.0
softwar:1.0
engin:1.0
phone:1.0
1:1.0
916:1.0
899:1.0
2100:1.0
optx:1.0
intern:1.0
bill:1.0
right:1.0
void:1.0
prohibit:1.0
