cogsdel:1.0
mentor:1.6931471805599454
cc:1.0
purdu:1.6931471805599454
edu:1.0
toni:1.0
c:1.6931471805599454
subject:1.0
guilti:1.6931471805599454
comparit:1.0
fault:1.0
law:1.0
articl:1.0
c51uai:1.0
586:1.0
organ:1.0
univers:1.0
comput:1.0
center:1.0
line:1.0
6:1.0
thank:1.6931471805599454
everyon:1.0
sent:1.0
repli:1.0
regard:1.0
case:1.0
inform:1.0
help:1.0
much:1.0
