batwood:1.6931471805599454
su1ab:1.6931471805599454
harri:2.386294361119891
atd:1.0
com:2.09861228866811
brett:1.0
atwood:1.0
subject:1.0
thought:1.0
commerci:1.0
advertis:1.0
allow:1.6931471805599454
nntp:1.0
post:1.0
host:1.0
es:1.6931471805599454
distribut:1.0
world:1.0
repli:1.0
su1b:1.0
organ:1.0
govern:1.0
commun:1.0
system:1.0
divis:1.0
line:1.0
4:1.0
debat:1.0
delet:1.0
ti:1.0
guess:1.0
