kevin:2.6094379124341005
rotag:1.6931471805599454
mi:1.6931471805599454
org:1.6931471805599454
darci:1.6931471805599454
subject:1.0
conserv:1.0
organ:1.0
line:1.0
31:1.0
articl:1.6931471805599454
1993apr5:1.0
005204:1.0
29158:1.0
mnemosyn:1.6931471805599454
c:2.386294361119891
du:2.386294361119891
edu:2.386294361119891
mcochran:1.6931471805599454
nyx:1.6931471805599454
mark:2.386294361119891
cochran:1.6931471805599454
write:2.09861228866811
1993apr2:1.0
155820:1.0
16998:1.0
sc:1.0
allow:1.0
restrict:1.0
viabil:2.9459101490553135
term:1.0
never:1.0
medic:2.09861228866811
defin:1.6931471805599454
physician:2.09861228866811
make:1.0
reason:1.0
stab:1.0
determin:2.386294361119891
whether:1.0
given:1.0
fetu:1.6931471805599454
viabl:1.0
qualifi:1.6931471805599454
perform:1.6931471805599454
abort:1.6931471805599454
kebbin:1.0
show:1.0
know:1.6931471805599454
differ:1.0
individu:1.0
provid:1.0
univers:1.6931471805599454
accept:1.0
definit:2.09861228866811
discus:1.0
post:1.0
plea:1.0
refrain:1.0
drag:1.0
irrelev:1.0
agre:1.0
statement:1.0
unqualifi:1.0
sinc:1.0
obvious:1.0
employ:1.0
case:1.6931471805599454
basi:1.0
rel:1.0
easi:1.0
good:1.0
enough:1.0
law:1.0
keep:1.0
whine:1.6931471805599454
purpos:1.0
serv:1.0
