k044477:2.09861228866811
hobb:1.6931471805599454
kzoo:2.09861228866811
edu:2.09861228866811
jami:2.09861228866811
r:1.6931471805599454
mccarthi:2.386294361119891
subject:1.0
ca:1.6931471805599454
pedophilia:2.386294361119891
law:2.9459101490553135
organ:1.6931471805599454
kalamazoo:1.0
colleg:1.0
line:1.0
79:1.0
cramer:1.6931471805599454
optilink:1.0
com:1.0
clayton:1.0
write:1.6931471805599454
complet:1.0
dive:1.0
abyss:1.0
believ:1.6931471805599454
queer:1.0
world:1.0
think:1.0
differ:1.0
child:1.0
molest:1.0
advoc:1.0
minor:1.0
soc:1.0
mot:1.0
even:1.6931471805599454
notic:1.0
start:1.0
sentenc:1.0
refer:1.0
million:1.0
peopl:1.6931471805599454
irrelev:1.0
want:1.0
lump:1.0
togeth:1.0
group:2.09861228866811
stop:1.0
insist:1.6931471805599454
treat:1.6931471805599454
member:1.6931471805599454
plea:1.0
point:1.0
said:1.0
much:1.6931471805599454
le:1.6931471805599454
ask:1.0
upon:1.0
sexual:3.0794415416798357
orient:3.0794415416798357
defin:2.09861228866811
anti:1.0
discrimin:2.09861228866811
pas:1.6931471805599454
last:1.0
year:1.0
wait:1.0
minut:1.0
claim:1.0
quit:1.0
accord:1.0
state:2.09861228866811
posit:1.0
specif:1.0
exclud:1.0
know:1.0
damn:1.0
well:1.0
go:2.6094379124341005
happen:1.0
guy:1.0
nambla:1.6931471805599454
shirt:1.6931471805599454
appli:2.09861228866811
day:1.0
care:1.0
turn:1.6931471805599454
take:1.6931471805599454
court:2.09861228866811
rule:1.0
homosexu:1.6931471805599454
heterosexu:1.0
bisexu:1.0
unless:1.6931471805599454
decid:1.6931471805599454
busi:1.0
say:1.0
silenc:1.0
death:1.0
pin:1.0
someth:2.09861228866811
wholeheartedli:1.0
support:2.09861228866811
right:2.386294361119891
action:1.0
like:1.6931471805599454
despit:1.0
fact:1.0
lie:1.0
bastard:1.0
black:1.6931471805599454
man:1.6931471805599454
job:1.6931471805599454
bank:2.09861228866811
base:2.09861228866811
statist:1.0
person:1.0
would:1.6931471805599454
steal:1.0
money:1.0
deni:1.0
freedom:1.0
deletia:1.6931471805599454
ah:1.0
exampl:1.0
oppos:1.0
civil:1.0
act:2.09861228866811
1964:1.0
sign:1.0
governor:1.0
california:1.0
enact:1.0
follow:1.0
1:2.09861228866811
section:2.6094379124341005
purpos:1.6931471805599454
codifi:1.0
2:1.6931471805599454
exist:1.0
case:1.0
determin:1.0
gay:1.0
student:1.0
v:1.6931471805599454
3:1.0
pacif:1.0
telephon:1.0
telegraph:1.0
24:1.0
cal:1.6931471805599454
3d:1.6931471805599454
458:1.0
1979:1.0
4:1.0
soroka:1.0
dayton:1.0
hudson:1.0
corp:1.0
235:1.0
app:1.0
654:1.0
5:1.0
1991:1.0
prohibit:1.6931471805599454
6:1.0
7:1.0
sec:1.0
1102:2.09861228866811
ad:1.0
labor:1.0
code:1.0
8:1.0
read:1.0
9:1.0
1101:1.0
10:1.0
dispar:1.0
treatment:1.0
term:1.6931471805599454
11:1.0
condit:1.0
employ:1.0
actual:1.0
12:1.0
perceiv:1.0
13:1.0
b:1.0
shall:1.0
religi:1.6931471805599454
14:1.0
associ:1.0
corpor:1.6931471805599454
privat:1.0
15:1.0
profit:1.0
whether:1.0
incorpor:1.0
public:1.0
16:1.0
benefit:1.0
definit:1.0
anywher:1.0
run:1.0
congress:1.0
acceler:1.0
schedul:1.0
tinternet:1.0
tapplelink:1.0
j:1.0
