cramer:3.0794415416798357
optilink:2.9459101490553135
com:2.6094379124341005
clayton:2.386294361119891
subject:1.0
professor:3.6390573296152584
whine:1.0
pay:1.0
distribut:1.0
usa:1.0
organ:1.6931471805599454
corpor:1.0
petaluma:1.0
ca:1.0
line:1.0
53:1.0
articl:2.386294361119891
1qf2kqinnrkd:1.0
elroy:1.6931471805599454
jpl:2.6094379124341005
nasa:2.6094379124341005
gov:2.6094379124341005
fogarti:2.791759469228055
sir:2.09861228866811
c:2.09861228866811
tim:2.09861228866811
write:2.386294361119891
15320:1.0
1q4k3binne6k:1.0
15307:1.0
2:1.0
get:1.6931471805599454
summer:2.09861228866811
industri:1.0
employe:1.0
primari:1.6931471805599454
purpos:1.0
univers:3.1972245773362196
publish:2.6094379124341005
teach:2.9459101490553135
secondari:1.0
abl:1.0
research:1.0
requir:1.0
paper:1.0
told:1.0
advisor:1.0
emphasi:1.0
mani:1.0
cal:2.386294361119891
state:2.791759469228055
system:1.6931471805599454
prefer:1.0
pressur:1.0
discus:1.0
issu:1.0
help:1.0
particip:1.0
use:1.6931471805599454
definit:1.6931471805599454
although:1.0
rare:1.0
occur:1.0
usenet:1.0
term:1.0
think:1.0
bachelor:1.0
master:1.6931471805599454
phd:2.386294361119891
program:1.0
believ:1.0
school:2.09861228866811
call:1.0
colleg:1.0
uc:1.6931471805599454
univeristi:1.0
number:1.0
one:1.0
goal:1.6931471805599454
offer:1.6931471805599454
bachlor:1.0
degre:1.6931471805599454
ph:1.0
opposit:1.0
speak:1.0
nearli:1.0
though:1.0
wife:1.0
coupl:1.0
friend:1.0
instructor:1.0
minist:1.0
cultur:1.0
black:1.0
panther:1.0
anyway:1.0
bad:1.0
habit:1.0
usual:1.0
show:1.6931471805599454
class:2.6094379124341005
final:1.0
quit:1.0
disgust:1.0
racism:1.0
expect:1.0
assist:1.0
ta:2.09861228866811
slave:1.0
labor:1.0
graduat:1.0
student:1.6931471805599454
got:1.0
tuition:1.0
paid:1.0
hundr:1.0
month:1.0
live:1.0
expens:1.0
exchang:1.0
grunt:1.0
work:1.0
taught:1.6931471805599454
lectur:1.0
100:1.0
500:1.0
per:2.09861228866811
lab:1.0
20:1.6931471805599454
30:1.6931471805599454
sonoma:1.6931471805599454
typic:1.0
size:1.0
sometim:1.0
actual:1.0
happen:1.0
best:1.6931471805599454
u:1.0
equival:1.0
ucla:1.0
usc:1.0
e:1.0
uunet:1.0
pyramid:1.0
opinion:1.0
mine:1.0
relat:1.0
peopl:1.0
mutual:1.0
consent:1.0
