dave:2.386294361119891
alex:1.6931471805599454
uchicago:1.6931471805599454
edu:1.6931471805599454
griffith:1.6931471805599454
subject:1.0
temper:1.0
tantrum:1.0
1960:1.0
organ:1.0
univers:1.6931471805599454
chicago:1.6931471805599454
distribut:1.0
usa:1.0
line:1.0
14:1.0
articl:1.6931471805599454
1993apr14:1.0
231117:1.0
21872:1.0
poni:1.0
ingr:1.6931471805599454
com:2.386294361119891
garrett:1.0
write:1.6931471805599454
philc5ht1t:1.0
gwa:1.0
netcom:1.6931471805599454
phil:1.6931471805599454
ronzon:1.0
along:1.0
normal:1.6931471805599454
relat:1.6931471805599454
prc:1.6931471805599454
cambodia:1.6931471805599454
must:1.0
joke:1.0
sponsor:1.0
overthrow:1.0
cambodian:1.0
govern:1.0
repeat:1.0
fail:1.0
attempt:1.0
cours:1.0
peopl:1.0
republ:1.0
china:1.0
go:1.0
play:1.0
inform:1.0
resourc:1.0
depart:1.0
surgeri:1.0
bsd:1.0
brain:1.0
damag:1.6931471805599454
chromosom:1.0
gravi:1.0
