organ:1.0
citi:1.0
univers:1.0
new:1.0
york:1.0
f36si:1.0
cunyvm:1.0
bitnet:1.0
subject:1.0
recent:1.6931471805599454
u:1.0
n:1.0
member:1.0
line:1.0
4:1.0
179:1.0
czech:1.0
republ:1.6931471805599454
180:1.0
slovakia:1.0
admit:1.6931471805599454
earli:1.0
year:1.0
liechenstein:1.0
also:1.6931471805599454
san:1.0
marino:1.0
within:1.0
last:1.0
12:1.0
month:1.0
incred:1.0
pas:1.0
nation:1.0
sta:1.0
state:1.0
nowaday:1.0
