jason:2.791759469228055
ab20:1.6931471805599454
larc:2.386294361119891
nasa:2.6094379124341005
gov:2.386294361119891
austin:2.6094379124341005
subject:1.0
poll:2.6094379124341005
top:1.0
ten:1.0
excus:1.0
slick:1.0
willi:1.0
record:1.0
set:1.0
disapprov:1.6931471805599454
rati:1.0
organ:1.0
langley:1.0
research:1.0
center:1.0
hampton:1.0
va:1.0
line:1.0
37:1.0
repli:1.6931471805599454
c:2.386294361119891
j:1.6931471805599454
nntp:1.0
post:1.0
host:1.0
libwca:1.6931471805599454
emori:2.09861228866811
edu:2.09861228866811
messag:1.0
14:1.0
apr:1.0
93:1.0
20:1.0
31:1.0
09:1.0
gmt:1.0
articl:1.0
2680:1.0
emoryu1:1.0
cc:1.0
bill:1.6931471805599454
anderson:1.0
write:1.0
taccord:1.0
cnn:2.09861228866811
key:1.0
reason:1.6931471805599454
clinton:2.09861228866811
low:1.6931471805599454
approv:2.09861228866811
rate:1.6931471805599454
peopl:1.6931471805599454
angri:1.0
move:1.6931471805599454
fast:1.6931471805599454
enough:1.6931471805599454
gay:2.09861228866811
militari:2.09861228866811
burst:1.0
laugh:1.0
heard:1.0
planet:1.0
live:1.0
anyway:1.0
dunno:1.0
man:1.0
sound:1.0
pretti:1.0
damn:1.0
unlik:1.0
although:1.0
certainli:1.0
one:1.0
piss:1.0
mayb:1.0
sampl:1.0
taken:1.0
entir:1.0
fellow:1.0
memeb:1.0
cultur:1.0
elit:1.0
quot:1.0
question:2.386294361119891
thank:1.0
v:1.0
ti:1.6931471805599454
never:1.0
seen:1.0
give:1.0
air:1.0
sent:1.0
letter:1.0
ask:1.0
might:1.6931471805599454
get:1.0
guess:1.0
part:1.0
session:1.0
look:1.0
perform:1.0
answer:1.6931471805599454
due:1.0
issu:1.0
ye:1.0
conclus:1.0
think:1.0
group:1.0
truli:1.0
dedic:1.0
report:1.0
news:1.6931471805599454
would:1.0
use:1.0
manufactur:1.0
like:1.0
