dowdi:1.6931471805599454
tochtli:1.6931471805599454
biochem:1.6931471805599454
nwu:1.6931471805599454
edu:3.0794415416798357
jackson:1.0
subject:1.0
swim:1.0
pool:1.0
defens:1.0
nntp:1.0
post:1.0
host:1.0
organ:1.0
northwestern:1.0
univers:1.0
evanston:1.0
illinoi:1.0
line:1.0
23:1.0
articl:2.09861228866811
kbanaian:1.6931471805599454
488:1.0
735081194:1.0
bernard:1.6931471805599454
pitzer:1.6931471805599454
claremont:1.6931471805599454
king:1.0
banaian:1.0
write:2.09861228866811
1993apr17:1.0
201310:1.0
13693:1.0
midway:1.0
uchicago:1.6931471805599454
thf2:1.0
kimbark:1.0
ted:1.0
frank:1.0
dasmith:1.6931471805599454
734719640:1.0
husc:1.0
harvard:1.6931471805599454
husc8:1.0
david:1.0
smith:1.0
grant:1.0
simpl:1.0
fact:1.0
hold:2.386294361119891
job:2.6094379124341005
improv:1.0
kid:2.791759469228055
chanc:1.6931471805599454
get:1.0
anoth:1.0
futur:1.0
inner:2.386294361119891
citi:2.386294361119891
would:1.6931471805599454
want:1.6931471805599454
one:1.0
minimum:2.09861228866811
wage:2.09861228866811
much:1.6931471805599454
money:1.6931471805599454
made:1.6931471805599454
deal:1.6931471805599454
drug:1.6931471805599454
suburban:1.0
yet:1.0
somehow:1.0
surburban:1.0
give:1.0
reason:1.0
think:1.0
incap:1.0
legitim:1.0
work:1.0
suppos:1.0
correct:1.0
answer:1.0
famili:2.09861228866811
valu:1.6931471805599454
pose:1.0
never:1.0
mind:1.0
sorri:1.0
assum:1.0
sure:1.0
hope:1.0
