kaldi:2.6094379124341005
romulu:1.0
rutger:2.6094379124341005
edu:2.09861228866811
theodor:1.6931471805599454
subject:1.0
la:1.6931471805599454
burn:2.09861228866811
yet:1.6931471805599454
organ:1.0
univ:1.0
new:1.0
brunswick:1.0
n:1.0
j:1.0
line:1.0
18:1.0
articl:1.0
4892:1.0
master:1.0
cna:1.6931471805599454
tek:1.6931471805599454
com:1.6931471805599454
mikeq:1.0
freddi:1.0
write:1.0
hear:1.6931471805599454
juri:1.0
reach:1.0
verdict:1.6931471805599454
seem:1.0
miss:1.0
l:1.0
regardless:1.0
near:1.0
radio:1.0
count:1.0
bless:1.0
view:1.6931471805599454
express:1.0
herein:1.0
serious:1.0
remu:1.6931471805599454
believ:1.0
major:1.0
univers:1.0
would:1.0
hold:1.0
