organ:1.0
citi:1.0
univers:1.0
new:1.0
york:1.0
f36si:1.0
cunyvm:1.0
bitnet:1.0
subject:1.0
unit:1.0
nation:1.0
gettin:1.0
busi:1.0
line:1.0
4:1.0
chapter:1.6931471805599454
7:1.6931471805599454
oper:1.0
somlia:1.0
almost:1.0
cambodia:1.0
yugo:1.0
bout:1.0
time:1.0
un:1.0
start:1.0
use:1.0
forc:1.0
make:1.0
peac:1.0
happen:1.0
hope:1.0
soon:1.0
world:1.0
econom:1.0
