ervan:2.9459101490553135
rice:2.6094379124341005
edu:2.791759469228055
darnel:2.09861228866811
subject:1.0
limit:1.0
govt:1.0
employ:1.0
concentr:1.0
origin:1.6931471805599454
dawn:1.0
c:1.6931471805599454
repli:1.0
organ:1.0
univers:1.0
line:1.0
35:1.0
articl:2.09861228866811
1993apr18:1.0
172531:1.0
10946:1.0
isc:2.791759469228055
br:2.791759469228055
com:2.386294361119891
steveh:1.6931471805599454
thor:1.6931471805599454
steve:1.6931471805599454
hendrick:2.09861228866811
write:2.09861228866811
16apr199317110543:1.0
rigel:1.6931471805599454
tamu:1.6931471805599454
gmw0622:1.0
mr:1.6931471805599454
grinch:1.0
1993apr15:1.0
170731:1.0
8797:1.0
cours:1.0
one:2.386294361119891
face:1.0
question:1.0
circumscrib:1.6931471805599454
govern:2.386294361119891
power:1.6931471805599454
keep:1.0
complex:1.0
societi:1.0
interest:1.0
neither:1.0
capitalist:1.0
consum:1.0
refrain:1.0
use:1.0
end:1.6931471805599454
apart:2.09861228866811
littl:1.0
conundrum:1.0
difficult:1.0
problem:1.6931471805599454
obvious:1.0
good:1.0
solut:1.0
approach:1.6931471805599454
simpli:1.0
tri:1.6931471805599454
move:1.0
polit:1.6931471805599454
opinion:1.0
hope:1.0
new:1.0
libertarian:2.6094379124341005
consensu:2.386294361119891
last:1.0
anoth:1.6931471805599454
amend:2.09861228866811
constitut:1.6931471805599454
restrain:1.6931471805599454
u:1.6931471805599454
econom:1.0
intervent:1.0
100:1.6931471805599454
150:1.0
year:1.6931471805599454
depend:1.0
want:1.0
count:1.0
first:1.0
though:1.6931471805599454
weaken:1.0
mani:1.6931471805599454
way:1.0
still:1.0
particularli:1.0
state:1.0
local:1.0
even:1.0
particular:1.0
issu:1.0
major:1.0
favor:1.0
censorship:1.0
think:1.6931471805599454
would:2.386294361119891
happi:1.0
restraint:1.0
via:1.0
two:1.6931471805599454
like:1.0
happen:1.0
necessarili:1.0
poster:1.0
seem:1.0
see:1.0
stabl:1.0
might:1.0
true:1.0
object:1.0
per:1.0
se:1.0
form:1.0
decad:1.0
fall:1.0
back:1.0
unlik:1.0
case:1.0
social:1.0
socialist:1.6931471805599454
held:1.0
fell:1.0
leav:1.0
instead:1.0
lot:1.0
bureaucraci:1.0
hard:1.0
get:1.0
rid:1.0
tyranni:1.0
condit:1.0
strong:1.0
