blh:1.0
uibois:1.6931471805599454
idbsu:1.6931471805599454
edu:1.6931471805599454
broward:1.0
l:1.0
horn:1.0
subject:1.0
nation:2.09861228866811
sale:2.09861228866811
tax:2.9459101490553135
movi:1.0
x:2.791759469228055
receiv:2.09861228866811
usenet:2.09861228866811
pa:1.6931471805599454
dec:1.6931471805599454
com:1.6931471805599454
id:2.09861228866811
aa08871:1.0
thu:1.6931471805599454
15:1.6931471805599454
apr:2.09861228866811
93:2.09861228866811
07:1.6931471805599454
42:1.6931471805599454
23:1.0
0700:1.6931471805599454
inet:1.0
gw:1.0
2:1.6931471805599454
aa05233:1.0
12:1.0
16:1.6931471805599454
6:1.0
aa27601:1.0
wed:1.0
14:1.0
10:1.6931471805599454
02:1.0
0600:1.0
talk:1.0
polit:1.6931471805599454
misc:1.0
cc:1.0
alt:1.0
clinton:2.386294361119891
mailer:1.0
elm:1.0
revis:1.0
66:1.0
25:1.0
line:1.0
54:1.0
well:1.0
seem:1.0
gotten:1.0
cnn:1.0
news:1.0
logo:1.0
cool:1.0
mean:1.0
see:1.0
often:1.0
man:1.0
sure:1.0
glad:1.0
quit:1.0
work:1.0
take:2.09861228866811
serious:1.0
1990:1.0
kept:1.0
bust:1.0
as:1.0
watch:1.6931471805599454
time:1.0
go:1.0
frustrat:1.0
pretti:1.0
damn:1.0
mad:1.0
yeah:1.6931471805599454
free:1.0
health:1.0
care:1.0
oh:1.0
yeeaaaahhhh:1.0
heh:1.6931471805599454
bill:1.6931471805599454
make:1.0
feel:1.0
like:1.0
danc:1.6931471805599454
amaz:1.0
predict:2.09861228866811
incred:1.6931471805599454
bromeist:1.6931471805599454
back:1.0
feburari:1.0
20th:1.0
1:1.6931471805599454
000:1.0
per:1.0
middl:2.09861228866811
class:2.09861228866811
taxpay:1.0
new:1.0
aammmaaaazzzzzziinnnnggggg:1.0
nst:2.09861228866811
rais:2.386294361119891
3:1.0
5:1.6931471805599454
1996:1.6931471805599454
ooop:1.0
alreadi:1.0
okay:1.0
7:1.0
ii:1.0
unemploy:1.0
rise:1.0
iii:1.0
revenu:1.0
declin:1.0
deficit:1.6931471805599454
increas:1.0
get:1.0
anoth:1.0
reduct:1.0
packag:1.0
1997:1.0
everyon:1.0
sing:1.0
yup:1.0
gon:1.0
na:1.0
glanc:1.0
bail:1.0
pm:1.0
ambl:1.0
lake:1.0
hang:1.0
sit:1.0
sun:1.0
easi:1.0
wish:1.0
e:1.0
mail:1.0
address:1.0
total:1.0
gumbi:1.0
say:1.0
propos:1.0
paraphras:1.6931471805599454
hilari:1.0
pay:1.6931471805599454
program:1.6931471805599454
