lfoard:1.6931471805599454
hopper:1.6931471805599454
virginia:2.09861228866811
edu:2.6094379124341005
lawrenc:1.6931471805599454
c:1.6931471805599454
foard:1.6931471805599454
subject:1.0
new:1.6931471805599454
studi:2.6094379124341005
gay:1.0
percentag:1.0
organ:1.0
itc:1.0
uva:1.0
commun:1.0
access:1.0
unix:1.0
internet:1.0
project:1.0
line:1.0
61:1.0
articl:1.6931471805599454
apr:1.0
17:1.0
06:1.0
54:1.0
41:1.0
1993:1.0
15825:1.0
romulu:1.6931471805599454
rutger:1.6931471805599454
kaldi:1.6931471805599454
theodor:1.0
write:1.6931471805599454
c5k5lc:1.0
cyf:1.0
murdoch:1.0
acc:1.0
1:2.09861228866811
bolster:1.0
content:1.0
mani:1.6931471805599454
homosexu:1.6931471805599454
liar:1.6931471805599454
prove:1.6931471805599454
wrong:1.0
heterosexu:1.0
unlik:1.0
propaganda:1.0
spout:1.0
far:1.0
right:1.6931471805599454
ten:1.0
percent:1.0
figur:1.0
back:1.0
best:1.0
avail:1.0
time:1.6931471805599454
hardli:1.6931471805599454
certain:1.0
correct:1.0
sinc:1.0
even:2.6094379124341005
enough:1.0
doubl:1.0
check:1.0
happen:1.0
alan:1.0
guttmach:1.0
institut:1.0
btw:1.6931471805599454
fund:1.6931471805599454
plan:1.6931471805599454
parenthood:1.6931471805599454
qualifi:1.0
bastion:1.0
conservat:1.0
famili:1.0
valu:1.0
cours:1.6931471805599454
found:1.0
10:2.09861228866811
would:2.386294361119891
invalid:1.0
2:2.09861228866811
interest:1.0
see:1.0
reaction:1.0
5million:1.0
queer:1.6931471805599454
gather:1.0
washington:1.0
dc:1.6931471805599454
6million:1.0
u:1.0
event:1.0
unprecid:2.09861228866811
histori:2.09861228866811
preassum:1.0
5:1.0
million:2.09861228866811
show:1.6931471805599454
april:1.0
25th:1.0
anywher:1.0
near:1.0
go:1.6931471805599454
ahead:1.0
make:1.0
day:1.6931471805599454
promot:1.0
number:2.09861228866811
way:2.09861228866811
sure:1.0
much:1.6931471805599454
greater:1.0
embarrass:1.0
slap:1.0
face:1.0
activist:1.0
crowd:1.0
smaller:1.0
one:1.6931471805599454
point:1.0
still:1.0
stand:1.0
get:1.0
6th:1.0
given:1.0
popul:1.0
place:1.0
rais:1.0
seriou:1.0
doubt:1.0
indic:1.0
resolv:1.0
human:1.0
notic:1.6931471805599454
slick:1.0
willi:1.0
town:1.0
target:1.0
march:1.6931471805599454
presid:1.0
often:1.0
speak:1.0
civil:1.0
nice:1.0
howev:1.0
republican:1.0
conserv:1.0
democrat:1.0
well:1.0
take:1.0
join:1.6931471805599454
pythagorean:2.386294361119891
reform:2.386294361119891
church:2.386294361119891
repent:1.6931471805599454
evil:1.6931471805599454
irrat:1.6931471805599454
bean:1.6931471805599454
eat:1.6931471805599454
accept:1.6931471805599454
heart:1.6931471805599454
call:1.6931471805599454
bb:1.6931471805599454
508:1.6931471805599454
793:1.6931471805599454
9568:1.6931471805599454
smack:1.0
antihispan:1.0
bigotri:1.0
quit:1.0
amus:1.0
obvious:1.0
know:1.0
noth:1.0
math:1.0
