sent:1.6931471805599454
dixi:1.6931471805599454
com:1.0
jeff:1.6931471805599454
subject:1.0
top:1.6931471805599454
ten:1.6931471805599454
sign:1.6931471805599454
age:1.6931471805599454
aquariu:1.6931471805599454
pennsylvania:1.6931471805599454
avenu:1.6931471805599454
organ:1.0
commun:1.0
public:1.0
access:1.0
mouth:1.0
south:1.0
line:1.0
19:1.0
paolucci:1.6931471805599454
spot:1.0
colorado:1.0
edu:1.0
paul:1.0
write:1.6931471805599454
articl:1.0
c5gpto:1.0
kq0:1.0
newsserv:1.0
technet:1.6931471805599454
sg:1.6931471805599454
ipser:2.09861228866811
solomon:1.0
ed:1.0
bias:1.0
decidedli:1.0
funni:1.0
dave:1.0
stuff:1.6931471805599454
delet:1.6931471805599454
sure:1.0
hope:1.0
someon:1.0
somewher:1.0
enjoy:1.0
list:1.0
clinton:1.0
fan:1.6931471805599454
simpli:1.0
stop:1.6931471805599454
read:1.0
intend:1.0
flame:1.0
post:1.0
remind:1.0
old:1.0
joke:1.0
patient:1.0
doctor:1.6931471805599454
hurt:1.0
regard:1.0
