gmw0622:1.6931471805599454
venu:2.386294361119891
tamu:2.386294361119891
edu:2.386294361119891
mr:2.09861228866811
grinch:2.09861228866811
subject:1.0
limit:1.0
govt:1.0
employ:1.0
concentr:1.0
organ:1.0
grinchco:1.0
line:1.0
29:1.0
distribut:1.0
world:1.6931471805599454
nntp:1.0
post:1.0
host:1.0
summari:1.0
fail:2.386294361119891
govern:2.09861228866811
news:1.0
softwar:1.0
vax:1.0
vm:1.0
vnew:1.0
1:1.0
41:1.0
articl:2.09861228866811
1993apr18:1.6931471805599454
200255:1.0
13012:1.0
isc:2.9459101490553135
br:2.9459101490553135
com:2.6094379124341005
steveh:2.09861228866811
thor:2.09861228866811
steve:2.386294361119891
hendrick:2.09861228866811
write:2.09861228866811
18apr199314034390:1.0
172531:1.0
10946:1.0
would:2.386294361119891
seem:1.6931471805599454
societi:1.6931471805599454
ideal:2.386294361119891
set:1.0
libertarian:1.0
implement:1.0
suppos:1.0
never:1.6931471805599454
occur:1.0
see:1.0
feel:1.0
way:1.6931471805599454
first:1.6931471805599454
place:1.6931471805599454
constant:1.0
combat:1.0
particularli:1.0
conduc:1.0
intellectu:1.0
theoriz:1.0
also:1.0
tend:1.0
get:1.0
invad:1.0
come:1.0
anyth:1.0
like:1.6931471805599454
stabl:1.0
anyway:1.0
reason:1.0
soviet:1.0
union:1.0
achiev:1.0
pure:1.0
commun:1.0
hostil:1.0
surround:1.0
capitalist:1.0
nation:1.0
uh:1.0
huh:1.0
somehow:1.0
sound:1.0
familiar:1.0
utopian:1.0
dream:1.0
confront:1.0
real:1.0
domain:1.0
one:1.0
suggest:1.0
prove:1.6931471805599454
ground:1.6931471805599454
felt:1.0
quit:1.0
contrari:1.0
think:1.0
better:1.0
someplac:1.6931471805599454
alreadi:1.0
governemnt:1.0
prevent:1.0
outright:1.0
act:1.0
agress:1.0
yet:1.0
strong:1.0
spirit:1.0
individu:1.0
initi:1.0
texa:1.0
