kaldi:2.6094379124341005
romulu:1.0
rutger:2.6094379124341005
edu:2.09861228866811
theodor:1.6931471805599454
subject:1.0
mani:1.0
homosexu:1.0
distribut:1.0
usa:1.0
organ:1.0
univ:1.0
new:1.6931471805599454
brunswick:1.0
n:1.0
j:1.0
line:1.0
7:1.0
perhap:1.0
1:1.0
like:1.0
2:1.0
studi:1.0
discredit:1.0
kinsey:1.0
say:1.0
view:1.6931471805599454
express:1.0
herein:1.0
serious:1.0
remu:1.6931471805599454
believ:1.0
major:1.0
univers:1.0
would:1.0
hold:1.0
