ian:2.386294361119891
nasser:1.0
eec:2.09861228866811
nwu:1.6931471805599454
edu:1.6931471805599454
sutherland:1.6931471805599454
subject:1.0
limit:2.6094379124341005
govt:1.6931471805599454
employ:1.0
concentr:1.0
organ:1.0
depart:1.0
northwestern:1.0
univers:1.0
line:1.0
40:1.0
articl:1.6931471805599454
1993apr15:1.6931471805599454
170731:1.0
8797:1.0
isc:2.386294361119891
br:2.386294361119891
com:2.09861228866811
steveh:1.6931471805599454
thor:1.6931471805599454
steve:1.6931471805599454
hendrick:1.6931471805599454
write:2.09861228866811
013651:1.0
11353:1.0
tijc02:1.6931471805599454
uucp:1.6931471805599454
pjs269:1.0
paul:1.0
schmidt:1.0
note:1.0
anoth:1.0
thread:1.0
problem:1.0
libertarian:2.9459101490553135
face:1.0
insur:1.0
govern:2.791759469228055
seek:1.0
becom:2.09861228866811
tool:2.386294361119891
privat:2.09861228866811
interest:2.09861228866811
pursu:2.09861228866811
agenda:2.09861228866811
failur:1.0
ideolog:1.0
provid:1.6931471805599454
reason:1.0
way:1.0
restrain:1.0
action:1.0
utopian:1.0
dream:1.0
seem:1.6931471805599454
say:1.0
opportun:1.0
use:1.0
ask:1.0
prove:1.0
happen:1.0
offer:1.0
proof:1.0
pretti:1.0
damn:1.0
plausibl:1.0
regul:1.0
particular:1.0
area:1.6931471805599454
rather:1.0
suspect:1.6931471805599454
sort:1.0
like:1.0
mani:1.0
instanc:1.0
marxism:1.0
fail:1.6931471805599454
specifi:1.0
pure:1.0
commun:1.0
achiev:1.0
state:1.6931471805599454
wither:1.0
away:1.0
frequent:1.0
show:1.0
weaken:1.0
power:1.0
result:1.0
improv:1.6931471805599454
human:1.6931471805599454
condit:1.6931471805599454
defin:1.0
primari:2.09861228866811
goal:2.09861228866811
would:1.0
impress:1.0
elimin:1.0
coercion:1.0
except:1.0
case:1.0
san:1.0
peur:1.0
