clinton:2.386294361119891
hq:1.0
campaign92:1.0
org:1.0
gore:1.0
92:1.0
subject:1.0
press:2.09861228866811
releas:2.09861228866811
usia:2.386294361119891
appoint:1.6931471805599454
organ:1.6931471805599454
project:1.0
gnu:1.0
free:1.0
softwar:1.0
foundat:1.6931471805599454
675:1.0
mass:1.0
ave:1.0
cambridg:1.0
02139:1.0
usa:1.0
1:1.0
617:1.0
876:1.0
3296:1.0
line:1.0
101:1.0
nntp:1.0
post:1.6931471805599454
host:1.0
life:1.0
ai:1.0
mit:1.0
edu:1.0
white:1.0
hous:1.6931471805599454
offic:1.0
secretari:2.386294361119891
immedi:1.0
april:1.0
15:1.0
1993:1.0
american:2.791759469228055
univers:3.1972245773362196
presid:3.4849066497880004
joseph:2.09861228866811
duffey:3.5649493574615367
name:1.6931471805599454
head:1.6931471805599454
mica:2.6094379124341005
chair:1.0
board:2.791759469228055
intern:2.6094379124341005
broadcast:2.6094379124341005
washington:1.6931471805599454
c:1.6931471805599454
today:1.0
announc:1.0
intent:1.0
nomin:1.0
former:1.6931471805599454
state:2.9459101490553135
depart:2.09861228866811
assist:2.09861228866811
director:1.0
unit:2.386294361119891
inform:1.6931471805599454
agenc:2.386294361119891
also:1.0
design:1.0
daniel:1.6931471805599454
chairman:2.791759469228055
joe:1.0
expertis:1.0
field:1.0
educ:2.6094379124341005
commun:1.0
foreign:2.6094379124341005
affair:2.386294361119891
vast:1.0
serv:3.4849066497880004
well:1.0
take:1.0
helm:1.0
work:1.0
promot:1.6931471805599454
ideal:1.0
democraci:1.6931471805599454
freedom:1.0
abroad:2.09861228866811
said:1.6931471805599454
sinc:2.6094379124341005
1991:2.6094379124341005
previous:1.0
nine:1.0
year:1.6931471805599454
chancellor:1.6931471805599454
massachusett:2.09861228866811
amherst:1.6931471805599454
1977:2.09861228866811
cultur:2.386294361119891
nation:2.9459101490553135
endow:1.6931471805599454
human:1.6931471805599454
carter:1.0
reagan:1.6931471805599454
1978:1.0
1980:1.6931471805599454
deleg:1.6931471805599454
gener:1.0
confer:1.6931471805599454
scientif:1.0
joint:1.0
u:2.09861228866811
observ:1.0
elect:1.0
ethiopia:1.0
celebr:1.0
40th:1.0
anniversari:1.0
independ:1.0
within:1.0
execut:1.0
branch:1.0
explain:1.0
support:1.0
polici:1.0
secur:1.0
interest:1.0
wide:1.0
rang:1.0
program:2.09861228866811
among:1.0
fulbright:1.0
academ:1.0
voic:1.0
america:1.0
worldnet:1.0
satellit:1.0
televis:1.0
system:1.0
network:1.0
oversea:1.0
librari:1.0
center:1.0
210:1.0
140:1.0
countri:1.0
pg:1.0
2:1.0
becom:1.0
member:2.09861228866811
dan:1.0
done:1.0
excel:1.0
job:1.0
expect:1.0
continu:1.0
caus:1.0
biograph:1.0
sketch:1.0
appointe:1.0
follow:1.0
prior:1.0
tenur:1.6931471805599454
1982:1.6931471805599454
91:1.0
guest:1.0
scholar:1.0
brook:1.0
institut:1.0
82:1.0
hold:1.0
14:1.0
honorari:1.0
degre:1.0
colleg:1.0
command:1.0
order:1.0
crown:1.0
king:1.0
belgium:1.0
council:1.0
relat:1.6931471805599454
1979:1.6931471805599454
receiv:1.0
ba:1.0
marshal:1.0
1954:1.0
bd:1.0
andov:1.0
newton:1.0
theolog:1.0
school:1.0
1958:1.0
stm:1.0
yale:1.0
1963:1.0
ph:1.0
harvard:1.0
seminari:1.0
1969:1.0
busi:1.0
higher:1.0
forum:1.0
founder:1.0
co:1.0
western:1.0
econom:1.0
develop:1.0
marri:1.0
ann:1.0
wexler:1.0
four:1.0
son:1.0
repres:1.6931471805599454
14th:1.0
district:1.0
florida:1.0
congress:1.0
89:1.0
committe:1.0
congression:1.0
30:2.09861228866811
