timr:1.6931471805599454
sco:1.0
com:2.09861228866811
tim:1.6931471805599454
ruckl:1.0
subject:1.0
rich:3.1972245773362196
professor:2.09861228866811
whine:1.0
pay:1.0
organ:1.0
gift:1.0
damn:1.0
summari:1.0
soak:1.0
em:1.6931471805599454
got:1.6931471805599454
keyword:1.0
line:1.6931471805599454
79:1.0
candid:1.0
clinton:2.09861228866811
promis:1.0
tax:1.6931471805599454
folk:1.6931471805599454
thought:1.0
pretti:1.0
nifti:1.0
idea:1.0
presid:1.0
said:1.0
want:1.0
famili:2.09861228866811
make:3.0794415416798357
100:1.0
000:3.0794415416798357
bear:1.0
70:1.0
new:1.0
burden:1.0
mani:1.0
quick:1.0
complain:1.0
six:1.6931471805599454
figur:1.6931471805599454
incom:2.791759469228055
one:2.09861228866811
well:2.09861228866811
particularli:1.0
iron:1.0
tradit:1.0
liber:1.0
enclav:1.0
bay:2.6094379124341005
area:2.6094379124341005
academia:1.0
wealthi:1.0
struggl:1.0
fit:1.0
mantl:1.0
regular:1.0
work:2.386294361119891
class:3.0794415416798357
nobodi:1.0
ever:1.0
admit:1.0
everybodi:1.0
middl:2.791759469228055
throw:1.0
stat:1.0
1990:1.0
censu:1.6931471805599454
let:1.0
judg:1.0
va:1.0
negvpyr:1.0
mzimmersc5e1qk:1.0
fn9:1.0
netcom:1.6931471805599454
mzimmer:1.0
michael:1.0
zimmer:1.0
jevgrf:1.0
articl:1.0
1qcdvbinn5ti:1.0
elroy:1.0
jpl:1.6931471805599454
nasa:1.6931471805599454
gov:1.6931471805599454
fogarti:1.6931471805599454
sir:1.0
c:1.0
write:1.0
would:1.6931471805599454
55:1.0
65:2.09861228866811
thousand:1.0
u:1.6931471805599454
tenur:1.0
expect:1.0
phd:1.6931471805599454
say:1.6931471805599454
10:1.6931471805599454
year:2.09861228866811
experi:1.0
lot:1.0
le:1.0
could:1.0
industri:1.0
oh:1.0
12:1.0
veteran:1.0
silicon:1.0
valley:1.0
seen:1.0
preciou:1.0
employ:1.6931471805599454
ad:1.0
call:1.6931471805599454
65k:1.0
hardli:1.0
chump:1.0
chang:1.0
median:1.0
household:2.6094379124341005
state:1.0
averag:2.6094379124341005
mid:1.0
40:1.6931471805599454
rang:1.0
nation:2.386294361119891
31:1.6931471805599454
889:1.0
nearli:1.0
twice:2.09861228866811
9:1.6931471805599454
1:2.09861228866811
v:1.0
4:1.6931471805599454
8:1.6931471805599454
cost:1.0
live:1.0
may:1.0
high:1.0
think:1.0
lo:1.6931471805599454
angel:1.6931471805599454
modest:1.6931471805599454
home:1.0
price:1.0
500:1.6931471805599454
squar:1.0
foot:1.0
tract:1.0
hous:1.0
neighborhood:1.0
goe:1.0
250:1.0
doubt:1.0
market:1.0
differ:1.0
appear:1.0
definit:2.09861228866811
perhap:1.0
bit:1.0
immoder:1.0
cheaper:1.0
gain:1.0
california:2.09861228866811
upper:2.386294361119891
depend:1.0
upon:1.0
clearli:1.0
two:1.0
third:1.6931471805599454
seem:1.0
belong:1.0
unreason:1.0
note:1.0
spous:1.0
earn:1.0
35:1.0
becom:1.0
breakdown:1.0
30k:1.0
30:1.6931471805599454
50k:1.6931471805599454
50:1.6931471805599454
100k:2.386294361119891
49:1.0
24:1.0
23:1.0
bureau:1.0
weird:1.0
ca:1.0
41:1.0
26:1.6931471805599454
7:1.0
round:1.0
like:1.0
5:1.0
ba:1.0
34:1.0
25:1.0
add:1.0
littl:1.0
prespect:1.0
minimum:1.0
wage:1.0
earner:1.0
hour:1.0
week:1.0
840:1.0
poverti:1.0
four:1.0
15:1.0
171:1.0
govern:1.0
consid:1.0
poor:1.6931471805599454
decid:1.0
lower:1.0
bout:1.0
annual:1.0
000k:1.0
filthi:1.0
bill:1.0
gate:1.0
sen:1.0
noth:1.0
surer:1.0
get:1.6931471805599454
poorer:1.0
meantim:1.0
time:1.0
fun:1.0
raymond:1.0
egan:1.0
