rscharfi:1.0
magnu:2.386294361119891
ac:2.09861228866811
ohio:2.6094379124341005
state:2.6094379124341005
edu:2.386294361119891
ryan:1.6931471805599454
c:2.09861228866811
scharfi:1.0
subject:1.0
clinton:1.6931471805599454
immun:2.791759469228055
program:2.09861228866811
nntp:1.0
post:1.0
host:1.0
magnusug:1.0
organ:1.0
univers:1.6931471805599454
line:1.0
33:1.0
articl:2.09861228866811
c5jobh:1.0
7zt:1.0
apollo:1.6931471805599454
hp:1.6931471805599454
com:2.09861228866811
goykhman:1.0
red:1.0
her:1.0
writ:1.0
e:1.0
1993apr14:1.0
122758:1.0
11467:1.0
jlinder:1.0
jeffrey:1.0
linder:1.0
write:1.6931471805599454
c5fjsl:1.0
6i:1.0
ncratl:1.6931471805599454
atlantaga:1.6931471805599454
ncr:1.6931471805599454
mwilson:1.0
om:1.0
mark:1.0
wilson:1.0
news:1.0
last:1.0
night:1.0
bash:1.0
republican:1.0
stonewal:1.0
call:1.0
stimulu:1.0
packag:1.6931471805599454
seem:1.0
one:1.6931471805599454
small:1.0
item:1.0
within:1.0
go:1.6931471805599454
pay:1.0
free:2.09861228866811
poor:1.0
kid:1.6931471805599454
child:2.09861228866811
countri:1.0
alreadi:1.6931471805599454
care:2.791759469228055
done:1.6931471805599454
problem:1.0
cost:1.0
irrespon:1.0
parent:2.09861228866811
stupid:1.0
lazi:1.0
case:1.0
notic:1.0
clintonit:1.0
push:1.0
health:2.6094379124341005
access:1.6931471805599454
mean:1.0
folk:1.0
give:1.0
damn:1.0
servic:1.6931471805599454
deliv:1.0
doorstep:1.0
excus:1.0
stick:1.0
nose:1.0
allreadi:1.0
especi:1.0
deserv:1.6931471805599454
frig:1.0
dime:1.0
tax:1.6931471805599454
money:1.0
public:1.0
know:1.0
come:1.0
nation:1.0
issu:1.6931471805599454
slightli:1.0
seper:1.0
anybodi:1.0
help:1.6931471805599454
