kennej:1.0
c:1.0
okstat:1.0
edu:1.0
kennedi:1.6931471805599454
jame:1.0
scot:1.0
subject:1.0
drug:3.302585092994046
use:3.302585092994046
younger:2.09861228866811
age:1.6931471805599454
organ:1.0
oklahoma:1.0
state:1.0
univers:1.6931471805599454
comput:1.0
scienc:1.0
stillwat:1.0
keyword:1.0
youth:1.0
lsd:2.791759469228055
inhal:2.386294361119891
line:1.0
62:1.0
articl:1.0
follow:1.6931471805599454
taken:1.0
wednesday:1.0
april:1.0
14:1.0
1993:1.0
issu:1.0
usa:1.0
today:1.0
mike:1.0
snider:1.0
p:1.0
1a:1.0
rise:1.0
among:2.6094379124341005
kid:1.6931471805599454
young:1.0
eighth:2.386294361119891
grader:3.0794415416798357
usual:1.0
13:1.0
like:1.0
glue:1.0
air:1.0
freshen:1.0
say:2.386294361119891
new:1.6931471805599454
survey:2.09861228866811
annual:1.0
nation:1.0
high:1.6931471805599454
school:1.6931471805599454
senior:2.09861228866811
abus:1.0
find:1.0
statist:1.0
signific:1.0
increas:1.0
mani:1.0
includ:1.0
marijuana:2.6094379124341005
cocain:2.6094379124341005
crack:1.0
may:1.0
danger:1.0
lose:1.0
hard:1.0
ground:1.0
reduc:1.6931471805599454
naiv:1.0
gener:1.0
youngster:1.0
enter:1.0
adolesc:1.0
lloyd:1.0
johnston:1.0
michigan:1.0
chief:1.0
research:1.0
studi:1.6931471805599454
sponsor:1.0
depart:1.0
health:1.6931471805599454
human:1.0
servic:1.0
continu:1.0
decad:1.0
long:1.0
declin:1.6931471805599454
50:1.0
000:1.0
student:1.6931471805599454
show:1.6931471805599454
percentag:1.0
tri:2.09861228866811
30:1.0
day:1.0
poll:1.0
8th:1.0
alcohol:2.09861228866811
26:1.0
cigarett:2.09861228866811
16:1.0
4:1.0
0:1.6931471805599454
7:1.6931471805599454
10th:1.0
40:1.0
22:1.0
8:1.0
12th:1.6931471805599454
51:1.0
28:1.0
12:1.0
1:1.0
3:1.0
year:2.09861228866811
2:1.0
last:1.6931471805599454
24:1.0
1991:1.0
highest:1.0
point:1.0
sinc:1.0
1982:1.0
6:1.0
requir:1.0
differ:1.0
kind:1.0
strategi:1.0
secretari:1.0
donna:1.0
shalala:1.6931471805599454
part:1.0
overal:1.0
ill:1.0
prevent:1.0
plan:1.0
easier:1.0
get:1.0
fewer:1.0
disapprov:1.0
scari:1.0
dealer:1.0
focus:1.0
vulner:1.0
scott:1.0
brewer:1.0
patriot:1.0
david:1.0
koresh:1.0
cheap:1.6931471805599454
thug:1.6931471805599454
interpret:1.6931471805599454
bibl:1.0
barrel:1.6931471805599454
gun:1.6931471805599454
atf:1.6931471805599454
spokesman:1.0
constitut:1.0
