clinton:2.09861228866811
hq:1.0
campaign92:1.0
org:1.0
gore:2.386294361119891
92:1.0
subject:1.0
vp:1.0
join:2.09861228866811
student:2.791759469228055
orlando:3.0794415416798357
1st:1.0
kid:2.9459101490553135
earth:2.791759469228055
summit:2.6094379124341005
organ:1.0
project:2.09861228866811
gnu:1.0
free:1.0
softwar:1.0
foundat:1.0
675:1.0
mass:1.0
ave:1.0
cambridg:1.0
02139:1.0
usa:1.0
1:1.0
617:1.0
876:1.0
3296:1.0
line:1.0
102:1.0
nntp:1.0
post:1.0
host:1.6931471805599454
life:1.0
ai:1.0
mit:1.0
edu:1.0
white:1.0
hous:1.0
offic:1.0
vice:3.302585092994046
presid:3.302585092994046
immedi:1.0
releas:1.0
contact:1.6931471805599454
heidi:1.0
kuki:1.0
thursday:1.0
april:2.386294361119891
15:1.6931471805599454
1993:2.09861228866811
202:1.6931471805599454
456:1.6931471805599454
7035:1.0
julia:1.0
payn:1.0
7036:1.0
first:1.6931471805599454
take:2.09861228866811
part:2.09861228866811
special:2.386294361119891
town:2.6094379124341005
meet:2.791759469228055
environ:2.6094379124341005
saturday:2.386294361119891
17:2.386294361119891
florida:2.791759469228055
wasington:1.0
across:1.6931471805599454
unit:1.0
state:1.0
around:2.09861228866811
world:2.9459101490553135
ever:1.0
al:1.0
travel:1.0
4:1.6931471805599454
particip:1.0
hall:2.386294361119891
linda:2.09861228866811
ellerbe:2.09861228866811
broadcast:1.0
nickelodeon:2.6094379124341005
hear:1.6931471805599454
young:2.386294361119891
peopl:2.386294361119891
concern:1.6931471805599454
share:1.0
idea:1.0
council:2.386294361119891
plan:2.09861228866811
planet:1.6931471805599454
2:1.6931471805599454
5:1.6931471805599454
pm:2.6094379124341005
edt:2.6094379124341005
tour:1.6931471805599454
display:1.6931471805599454
environment:2.386294361119891
videotap:1.0
discus:1.6931471805599454
deleg:2.386294361119891
sound:1.0
futur:2.09861228866811
moder:1.0
tape:1.0
news:1.0
edit:1.0
air:1.0
sunday:1.0
18:1.0
8:1.0
sponsor:1.0
child:1.0
fund:1.0
care:1.0
know:1.0
affect:1.0
countri:1.0
speak:1.0
challeng:1.0
face:1.0
identifi:1.0
problem:1.0
think:1.0
solut:1.0
demand:1.0
action:1.0
leader:1.0
said:1.6931471805599454
three:1.0
day:1.0
save:1.0
energi:1.6931471805599454
switch:1.0
renew:1.0
follow:1.0
format:1.0
goal:1.0
took:1.0
place:1.0
last:1.0
year:1.0
rio:1.0
de:1.0
janeiro:1.0
led:1.0
senat:1.0
look:1.0
forward:1.0
say:1.0
insight:1.0
u:1.0
import:1.0
x0c:1.0
schedul:1.0
studio:1.6931471805599454
3:1.0
30:1.0
depart:1.0
washington:1.0
c:1.0
note:1.0
press:1.0
wish:1.0
attend:1.0
eileen:1.0
paris:1.0
marti:1.0
von:1.0
ruden:1.0
407:1.0
352:1.0
7589:1.0
