mwalker:2.09861228866811
novel:2.6094379124341005
com:2.09861228866811
mel:1.6931471805599454
walker:1.6931471805599454
subject:1.0
top:1.6931471805599454
ten:1.6931471805599454
way:1.6931471805599454
slick:1.6931471805599454
willi:1.6931471805599454
could:1.6931471805599454
improv:1.6931471805599454
stand:1.6931471805599454
american:1.6931471805599454
nntp:1.0
post:1.6931471805599454
host:1.0
npd:1.0
provo:1.0
organ:1.0
inc:1.6931471805599454
line:1.0
23:1.0
articl:1.6931471805599454
c5kmz5:1.0
hy4:1.0
newsserv:1.0
technet:1.6931471805599454
sg:1.6931471805599454
ipser:2.09861228866811
solomon:1.0
ed:1.6931471805599454
wrote:1.0
delet:1.0
good:1.0
reason:1.0
sure:1.0
guess:1.0
0:1.0
enact:1.0
law:1.0
ban:1.0
peopl:1.0
without:1.6931471805599454
sen:1.0
humor:1.6931471805599454
allegedli:1.0
item:1.0
think:1.0
approv:1.0
rate:1.0
would:1.0
go:1.0
roof:1.0
copyright:1.0
c:1.0
edward:1.0
jr:1.0
1993:1.0
mean:1.0
quot:1.0
permiss:1.0
use:1.0
list:1.0
sig:1.0
folk:1.0
opinion:1.0
express:1.0
author:1.0
respons:1.0
content:1.0
