brian:2.386294361119891
gab:1.6931471805599454
unt:2.09861228866811
edu:1.6931471805599454
drakula:1.0
stone:1.6931471805599454
subject:1.0
new:1.0
studi:1.0
gay:2.6094379124341005
percentag:1.0
line:1.0
39:1.6931471805599454
organ:1.0
colleg:1.0
art:1.0
scienc:1.0
articl:1.0
also:1.0
contain:1.0
number:2.09861228866811
sexual:1.6931471805599454
partner:2.09861228866811
median:1.0
men:3.1972245773362196
20:1.0
7:1.0
3:1.0
compar:1.0
tabl:1.0
alreadi:1.0
post:1.0
master:1.0
johnson:1.0
kolodni:1.0
show:1.6931471805599454
male:2.09861228866811
homosexu:2.386294361119891
appar:1.0
dramat:1.6931471805599454
promiscu:2.386294361119891
gener:1.0
popul:1.0
shame:1.0
breakdown:1.0
straight:1.0
v:1.0
bi:1.6931471805599454
would:1.6931471805599454
even:1.0
much:1.0
funni:1.0
someon:2.09861228866811
seem:1.6931471805599454
know:1.0
noth:1.6931471805599454
use:1.0
flaw:1.0
imho:1.0
sourc:1.0
inform:1.0
pas:1.0
jusgement:1.0
bisexu:1.0
logic:1.0
say:1.0
sinc:1.0
heterosexu:1.6931471805599454
group:1.6931471805599454
larger:1.6931471805599454
chanc:1.0
well:1.0
opinion:1.0
orient:1.0
like:1.0
sex:1.6931471805599454
three:1.0
time:1.0
life:2.09861228866811
man:1.0
virgin:1.0
whose:1.0
mean:1.6931471805599454
moral:1.0
look:1.6931471805599454
world:1.0
statist:1.0
alon:1.0
prove:1.0
crimin:1.0
default:1.0
hetero:1.0
close:1.0
person:1.0
flame:1.0
ignor:1.0
later:1.0
ca:1.0
tech:1.0
support:1.0
without:1.6931471805599454
touch:1.0
hard:1.0
unthink:1.0
