ihorton:1.6931471805599454
cch:1.0
coventri:1.6931471805599454
ac:1.6931471805599454
uk:1.6931471805599454
dr:2.09861228866811
zippi:2.386294361119891
subject:1.0
sexual:1.6931471805599454
proposit:1.0
harass:1.0
nntp:1.0
post:1.0
host:1.0
cc:1.0
sysh:1.0
organ:1.0
psycho:1.0
surgeri:1.0
line:1.0
13:1.0
articl:1.0
930316:1.0
144130:1.0
lynn:2.09861228866811
pcgeo23:1.0
granitt:1.0
uio:1.0
malcolm:1.0
write:1.0
tesrt:1.0
spell:1.0
eh:1.0
tdr:1.0
proof:1.0
dum:1.0
blond:1.0
woman:1.0
titl:1.0
cck:1.0
