rolandi:2.6094379124341005
hssc:2.09861228866811
scarolina:2.09861228866811
edu:2.386294361119891
walter:1.6931471805599454
subject:1.0
itali:1.6931471805599454
next:1.0
domino:1.0
fall:1.0
organ:1.0
usc:1.0
depart:1.0
comput:1.0
scienc:1.0
line:1.0
13:1.0
hagenjd:1.0
wfu:1.0
jeff:1.0
hagen:1.0
write:1.0
good:1.0
two:1.0
parti:1.0
system:1.0
bring:1.0
effici:1.0
account:1.0
govern:1.0
yeah:1.0
like:1.0
u:1.0
g:1.0
usenet:1.0
andi:1.0
internet:1.0
hsscl:1.0
