fpa1:1.6931471805599454
ra:1.6931471805599454
msstate:2.09861228866811
edu:2.386294361119891
fletcher:1.6931471805599454
p:1.6931471805599454
adam:1.6931471805599454
subject:1.0
pork:2.9459101490553135
c:3.3978952727983707
17:2.791759469228055
5:2.6094379124341005
abolish:1.0
select:1.0
servic:1.0
oaniz:1.0
mississippi:1.6931471805599454
state:1.6931471805599454
univers:1.6931471805599454
nntp:1.0
post:1.0
host:1.0
organ:1.0
line:1.6931471805599454
30:1.0
muellerm:1.0
vuse:1.0
vanderbilt:1.0
marc:1.6931471805599454
mueller:1.6931471805599454
write:1.6931471805599454
trumpet:1.0
cc:1.0
elimin:1.0
transport:1.0
wrong:1.0
need:1.0
capabl:1.6931471805599454
sure:1.0
problem:1.0
read:2.386294361119891
aviat:1.0
week:1.6931471805599454
reopen:1.0
would:1.6931471805599454
deliv:1.0
year:1.0
earlier:1.0
cost:1.0
billion:1.0
le:2.09861228866811
program:1.0
polit:1.0
though:1.0
popular:1.0
av:1.0
rememb:1.0
could:1.0
suppli:1.0
date:1.0
magazin:1.0
v:1.0
carri:1.0
much:1.0
land:1.0
smaller:1.0
airfield:1.0
depend:1.0
whether:2.09861228866811
job:1.6931471805599454
reli:1.0
california:1.0
right:1.0
say:1.0
sinc:1.0
due:1.0
peac:1.0
dividend:1.0
mani:1.0
peopl:1.0
work:1.0
question:1.6931471805599454
aspin:1.6931471805599454
clinton:1.6931471805599454
abl:1.6931471805599454
face:1.6931471805599454
happi:2.09861228866811
congress:1.6931471805599454
huh:1.0
social:1.0
fpa:1.0
