rscharfi:1.0
magnu:1.6931471805599454
ac:1.6931471805599454
ohio:2.09861228866811
state:2.09861228866811
edu:1.6931471805599454
ryan:1.6931471805599454
c:1.0
scharfi:1.0
subject:1.0
new:1.6931471805599454
studi:2.386294361119891
gay:1.6931471805599454
percentag:1.0
nntp:1.0
post:1.0
host:1.0
magnusug:1.0
organ:1.0
univers:1.0
line:1.0
43:1.0
articl:1.6931471805599454
1993apr16:1.0
121720:1.0
13017:1.0
hemlock:1.0
cray:1.6931471805599454
com:2.386294361119891
rja:1.0
mahogany126:1.0
rus:1.0
anderson:1.0
write:1.6931471805599454
15378:1.0
optilink:1.6931471805599454
cramer:1.6931471805599454
clayton:1.0
santa:1.0
rosa:1.0
cal:1.0
press:1.0
democrat:1.0
april:1.0
15:1.0
1993:1.0
p:1.0
b2:1.0
male:1.6931471805599454
sex:2.09861228866811
survey:2.386294361119891
activ:1.0
low:1.0
naton:1.0
sexual:1.6931471805599454
behavior:1.0
thorough:1.0
examin:1.0
american:1.0
men:2.09861228866811
practic:1.0
publish:1.6931471805599454
sinc:1.6931471805599454
kinsey:2.09861228866811
report:2.09861228866811
four:1.0
decad:1.0
ago:1.6931471805599454
show:1.6931471805599454
2:1.6931471805599454
percent:2.6094379124341005
engag:1.6931471805599454
homosexu:2.9459101490553135
1:1.6931471805599454
consid:1.6931471805599454
exclus:1.6931471805599454
actual:1.6931471805599454
said:1.6931471805599454
ye:1.0
cours:1.0
taken:1.0
50:1.0
year:1.0
much:1.0
liber:1.0
time:1.0
regard:1.6931471805599454
point:1.6931471805599454
peopl:1.0
say:1.0
acut:1.0
may:1.0
differ:1.6931471805599454
interest:1.0
clip:1.0
newspap:1.0
mention:1.0
mayb:1.0
conserv:1.0
medium:1.0
bia:1.0
smart:1.0
enough:1.0
realiz:1.0
argument:1.0
would:1.6931471805599454
appli:1.0
everi:1.0
therefor:1.0
look:1.0
stupid:1.0
idid:1.0
see:1.0
bryant:1.0
gumbl:1.0
bring:1.0
hee:1.6931471805599454
figur:1.6931471805599454
releas:1.0
wednesday:1.0
alan:1.0
guttmach:1.0
institut:1.0
significantli:1.0
lower:1.0
10:1.0
part:1.0
convent:1.0
wisdom:1.0
