dougb:2.6094379124341005
comm:2.09861228866811
mot:2.09861228866811
com:2.09861228866811
doug:1.6931471805599454
bank:1.6931471805599454
subject:1.0
blood:1.0
cholesterol:2.09861228866811
gabe:1.0
mirkin:1.0
advic:1.0
repli:1.0
ec:1.6931471805599454
organ:1.0
motorola:1.6931471805599454
land:1.0
mobil:1.0
product:1.0
sector:1.6931471805599454
nntp:1.0
post:1.0
host:1.0
145:1.0
1:1.0
146:1.0
35:1.6931471805599454
line:1.0
29:1.0
articl:1.0
1pka0uinnnqa:1.0
mojo:1.0
eng:1.6931471805599454
umd:1.6931471805599454
edu:2.386294361119891
georgec:1.0
georg:1.0
b:1.0
clark:1.0
write:1.0
forget:1.0
total:1.0
ass:1.0
health:1.0
risk:2.09861228866811
factor:1.0
instead:1.0
use:1.0
relationship:1.0
ldl:2.386294361119891
hdl:2.386294361119891
need:1.0
least:1.0
90:1.0
100:1.0
45:1.0
110:1.0
50:1.6931471805599454
120:1.0
55:1.0
130:1.0
60:1.6931471805599454
140:1.0
70:1.0
gee:1.0
23:1.0
25:1.0
must:1.0
someth:1.0
high:1.0
triglycerid:1.0
300:1.0
30:1.0
drug:1.6931471805599454
choic:1.0
gemfibrozil:1.0
lopid:1.0
taken:1.0
600mg:1.0
tablet:1.0
thirti:1.0
minut:1.0
morn:1.0
even:1.0
meal:1.0
exercis:1.0
low:1.0
fat:1.0
diet:1.0
long:1.0
term:1.0
effect:1.0
privat:1.0
system:1.0
divis:1.0
commun:1.0
nwu:1.6931471805599454
schaumburg:1.0
illinoi:1.0
casbah:1.0
acn:1.0
708:1.0
576:1.0
8207:1.0
