lawrenc:1.0
curcio:1.0
lc2b:1.0
andrew:1.6931471805599454
cmu:1.6931471805599454
edu:1.6931471805599454
subject:1.0
analges:1.0
diuret:1.6931471805599454
organ:1.0
doctor:1.0
student:1.0
public:1.0
polici:1.0
manag:1.0
carnegi:1.0
mellon:1.0
pittsburgh:1.0
pa:1.0
line:1.0
6:1.0
nntp:1.0
post:1.0
host:1.0
po2:1.0
sometim:1.0
see:1.0
otc:1.0
prepar:1.0
muscl:1.0
ach:1.6931471805599454
back:1.0
combin:1.0
aspirin:1.0
idea:1.0
seem:1.0
reduc:1.0
inflamm:1.0
get:1.0
rid:1.0
fluid:1.0
actual:1.0
work:1.0
thank:1.0
larri:1.0
c:1.0
