kxgst1:1.0
pitt:1.0
edu:2.09861228866811
kenneth:1.6931471805599454
gilbert:1.6931471805599454
subject:1.0
smoker:2.09861228866811
lung:2.6094379124341005
articl:1.6931471805599454
blue:1.0
7934:1.0
organ:1.0
univers:1.6931471805599454
pittsburgh:1.6931471805599454
line:1.0
21:1.0
1993apr5:1.0
123315:1.0
48837:1.0
kuhub:1.6931471805599454
cc:1.6931471805599454
ukan:1.6931471805599454
bennett:1.0
write:1.0
long:1.0
take:1.6931471805599454
clear:1.0
tar:1.0
quit:1.6931471805599454
chanc:1.0
get:1.6931471805599454
cancer:2.09861228866811
decreas:1.0
quickli:1.0
consider:1.0
amount:1.0
time:2.09861228866811
happen:1.0
answer:1.6931471805599454
first:1.0
question:1.6931471805599454
rather:1.6931471805599454
difficult:1.0
without:1.0
lot:1.0
autopsi:1.0
second:1.0
someth:1.0
known:1.0
appear:1.0
within:1.0
15:1.0
year:1.6931471805599454
smoke:2.386294361119891
person:2.09861228866811
risk:2.09861228866811
develop:1.0
drop:1.0
never:1.0
assum:1.0
interim:1.0
someon:1.0
equival:1.0
pack:1.0
per:1.0
day:1.0
40:1.0
around:1.0
20:1.0
high:1.0
non:1.0
still:1.0
low:1.0
overal:1.0
signific:1.6931471805599454
concern:1.0
heart:1.0
diseas:1.0
secondari:1.0
much:1.0
common:1.0
even:1.0
small:1.0
increas:1.0
gener:1.0
intern:1.0
medicin:1.0
dammit:1.0
programm:1.0
