julkunen:2.386294361119891
messi:1.6931471805599454
uku:1.6931471805599454
fi:1.6931471805599454
antero:1.6931471805599454
subject:1.0
sci:2.09861228866811
med:2.09861228866811
chemistri:2.09861228866811
organ:1.0
univers:1.6931471805599454
kuopio:1.6931471805599454
finland:1.6931471805599454
line:1.0
10:1.0
newsgroup:1.6931471805599454
physic:1.0
quit:1.0
lot:1.0
discus:1.0
group:1.0
mani:1.0
chemic:1.0
item:1.0
e:1.6931471805599454
g:1.0
prolactin:1.0
cholesterol:1.0
tsh:1.0
etc:1.0
also:1.0
dept:1.0
clinic:1.0
mail:1.0
phone:1.0
358:1.6931471805599454
71:1.6931471805599454
162680:1.0
fax:1.0
162020:1.0
