bmdelan:1.6931471805599454
quad:1.0
uchicago:1.6931471805599454
edu:1.6931471805599454
brian:1.6931471805599454
man:1.0
delaney:1.0
subject:1.0
brain:1.0
tumor:1.0
treatment:1.6931471805599454
thank:2.386294361119891
repli:1.0
midway:1.0
organ:1.0
univers:1.0
chicago:1.0
line:1.0
12:1.0
peopl:1.0
respond:1.0
request:1.0
info:1.0
astrocytoma:1.0
email:1.0
directli:1.0
mail:1.0
bounc:1.0
prob:1.0
sean:1.0
debra:1.0
sharon:1.0
thought:1.0
publicli:1.0
everyon:1.0
sure:1.0
glad:1.0
accident:1.0
hit:1.0
rn:1.0
instead:1.0
rm:1.0
tri:1.0
delet:1.0
file:1.0
last:1.0
septemb:1.0
hmmm:1.0
news:1.0
