shafer:2.6094379124341005
rigel:2.09861228866811
dfrf:1.6931471805599454
nasa:2.6094379124341005
gov:1.6931471805599454
mari:1.6931471805599454
subject:1.0
inner:2.09861228866811
ear:2.9459101490553135
problem:3.0794415416798357
much:1.6931471805599454
fli:2.6094379124341005
articl:1.0
93apr6095951:1.0
organ:1.0
dryden:1.6931471805599454
edward:1.6931471805599454
cal:1.0
line:1.0
33:1.0
repli:1.0
vida:3.0794415416798357
mdavcr:1.6931471805599454
mda:1.6931471805599454
ca:2.09861228866811
messag:1.0
5:2.09861228866811
apr:1.6931471805599454
93:1.6931471805599454
23:1.6931471805599454
27:1.6931471805599454
26:1.6931471805599454
gmt:1.6931471805599454
morkuna:1.0
said:1.0
one:1.0
develop:1.0
hear:1.0
pilot:2.09861228866811
steward:1.0
es:1.0
limit:2.6094379124341005
maximum:1.0
number:1.0
hour:1.6931471805599454
main:1.0
associ:1.0
mani:1.0
long:1.0
haul:1.0
4:1.0
trip:1.0
crew:2.791759469228055
rest:2.09861228866811
requir:1.6931471805599454
prevent:1.0
undu:1.0
fatigu:1.0
cockpit:1.0
somewhat:1.0
stringent:1.0
cabin:1.6931471805599454
reason:1.0
address:1.0
amount:1.0
time:1.6931471805599454
duti:1.6931471805599454
plu:1.0
tire:1.0
accid:1.0
prone:1.0
know:1.6931471805599454
militari:1.0
aircraft:1.0
frequent:1.0
unpressur:1.0
le:1.0
reliabl:1.0
pressur:1.6931471805599454
abl:1.0
clear:2.386294361119891
render:1.0
aircrew:1.0
member:1.0
dnif:1.0
involv:1.0
ground:1.0
accentu:1.0
big:1.0
chang:1.6931471805599454
may:1.6931471805599454
got:1.0
zip:1.0
000:1.6931471805599454
6:1.0
ft:1.0
usual:1.6931471805599454
altitud:1.0
airlin:1.0
back:1.0
sea:1.0
level:1.0
discov:1.0
readili:1.0
allergi:1.0
cold:1.0
infect:1.0
anatom:1.0
last:1.0
first:1.0
three:1.0
medic:1.0
decongest:1.0
antihistimin:1.0
help:1.6931471805599454
chew:1.0
gum:1.0
suck:1.0
hard:1.0
candi:1.0
bottl:1.0
babi:1.0
yawn:1.0
four:1.0
caus:1.0
dod:1.0
0362:1.0
kotfr:1.0
flight:1.0
research:1.0
facil:1.0
cours:1.0
speak:1.0
mig:1.6931471805599454
six:1.0
better:1.0
unknown:1.0
u:1.0
fighter:1.0
