jmetz:2.09861228866811
austin:2.09861228866811
ibm:2.09861228866811
com:1.6931471805599454
subject:1.0
twitch:1.0
eye:1.0
origin:1.0
organ:1.0
line:1.0
4:1.0
one:1.0
time:1.0
attribut:1.0
lack:1.0
sleep:1.0
sinc:1.0
disappear:1.0
night:1.0
good:1.0
zzz:1.0
