vida:1.6931471805599454
mdavcr:1.0
mda:1.0
ca:1.0
morkuna:1.0
subject:1.0
inner:1.6931471805599454
ear:1.6931471805599454
problem:2.09861228866811
much:1.6931471805599454
fli:2.09861228866811
organ:1.0
macdonald:1.0
dettwil:1.0
13800:1.0
commerc:1.0
parkway:1.0
richmond:1.0
bc:1.0
canada:1.0
v6v:1.0
2j3:1.0
line:1.0
6:1.0
one:1.0
develop:1.0
hear:1.0
pilot:1.0
steward:1.0
es:1.0
limit:1.6931471805599454
maximum:1.0
number:1.0
hour:1.6931471805599454
main:1.0
associ:1.0
mani:1.0
long:1.0
haul:1.0
4:1.0
trip:1.0
frequent:1.0
flyer:1.0
