geb:2.09861228866811
c:1.6931471805599454
pitt:2.386294361119891
edu:2.6094379124341005
gordon:2.09861228866811
bank:2.09861228866811
subject:1.0
3:1.0
aid:1.6931471805599454
relat:1.0
question:1.0
articl:1.6931471805599454
19407:1.0
repli:1.0
organ:1.0
univ:1.0
pittsburgh:1.0
comput:1.0
scienc:1.0
line:1.0
29:1.0
93087:1.0
011308pxf3:1.0
psuvm:1.6931471805599454
psu:1.6931471805599454
pxf3:1.0
paula:1.0
ford:1.0
write:1.0
friend:1.0
mine:1.0
regular:1.0
volunt:1.0
blood:2.791759469228055
donor:1.0
surgeri:1.6931471805599454
given:1.0
five:1.0
unit:1.0
suitabl:1.0
recoveri:1.0
time:1.0
went:1.0
donat:1.0
bloodmobil:1.0
hiv:1.0
know:1.0
red:2.386294361119891
cross:2.386294361119891
notifi:1.0
regist:1.0
letter:1.0
counsel:2.09861228866811
noth:1.0
die:1.6931471805599454
two:1.0
year:1.6931471805599454
ago:2.09861228866811
week:1.0
left:1.0
behind:1.0
long:1.6931471805599454
said:1.0
get:1.6931471805599454
meant:1.0
practic:1.0
vari:1.0
agenc:1.6931471805599454
gear:1.0
provid:1.6931471805599454
wife:1.6931471805599454
four:1.0
old:1.0
son:1.0
mani:1.0
peopl:1.6931471805599454
suggest:1.0
sue:1.0
would:1.6931471805599454
say:1.0
without:1.0
transfus:2.09861228866811
good:1.6931471805599454
need:1.6931471805599454
everyon:1.0
su:1.0
commun:1.0
servic:1.0
test:1.6931471805599454
fool:1.0
proof:1.0
fact:1.0
got:1.6931471805599454
realli:1.0
mean:1.0
screw:1.0
prior:1.0
1983:1.0
lot:1.0
bad:1.0
fault:1.0
n3jxp:1.0
skeptic:1.0
chastiti:1.0
intellect:1.0
cadr:1.0
dsl:1.0
shame:1.0
surrend:1.0
soon:1.0
