km:2.09861228866811
c:1.6931471805599454
pitt:2.09861228866811
edu:1.6931471805599454
ken:1.6931471805599454
mitchum:1.6931471805599454
subject:1.0
lung:1.6931471805599454
disord:1.6931471805599454
club:3.5649493574615367
finger:1.0
articl:1.6931471805599454
19424:1.0
repli:1.0
organ:1.0
univ:1.0
pittsburgh:1.0
comput:1.0
scienc:1.0
line:1.0
36:1.0
slagl:1.6931471805599454
93mar26205915:1.0
sgi417:1.0
msd:1.0
lmsc:1.6931471805599454
lockhe:1.6931471805599454
com:1.6931471805599454
write:1.0
anyon:1.0
enlighten:1.0
relationship:1.0
swell:1.0
widen:1.0
fingertip:2.09861228866811
mechan:1.0
would:1.6931471805599454
physician:1.0
call:1.0
chest:1.6931471805599454
xray:1.6931471805599454
diagnos:1.6931471805599454
caus:2.386294361119891
purist:1.0
often:1.6931471805599454
distinguish:1.0
true:2.09861228866811
pseudo:1.6931471805599454
differ:1.0
angl:1.6931471805599454
nail:1.0
view:1.0
side:1.0
constantli:1.0
neg:1.6931471805599454
proceed:1.0
distal:1.6931471805599454
toward:1.0
initi:1.0
posit:1.0
normal:1.0
situat:1.0
real:1.0
internist:1.6931471805599454
talk:1.0
hour:1.0
limit:1.0
coupl:1.0
minut:1.0
whether:1.0
distinct:1.0
anyth:1.0
realiti:1.0
entir:1.0
unclear:1.6931471805599454
one:1.6931471805599454
thing:1.6931471805599454
love:1.0
paw:1.0
round:1.0
supposedli:1.0
associ:2.09861228866811
diseas:2.386294361119891
problem:1.6931471805599454
list:1.0
quit:1.6931471805599454
long:1.0
includ:1.0
congenit:1.6931471805599454
condit:1.0
acquir:1.0
sinc:1.0
mani:1.6931471805599454
cardiopulmonari:1.0
lead:1.0
right:1.0
left:1.0
shunt:1.0
chronic:1.0
hypoxemia:1.0
reason:1.0
get:1.0
howev:1.6931471805599454
abnorm:1.6931471805599454
cardiac:1.0
catheter:1.0
presum:1.0
relat:1.0
factor:1.0
blood:1.0
vessel:1.0
dilat:1.0
examin:1.6931471805599454
tipoff:1.0
extens:1.0
appar:1.0
