geb:2.09861228866811
c:1.6931471805599454
pitt:2.386294361119891
edu:2.09861228866811
gordon:2.09861228866811
bank:2.09861228866811
subject:1.0
breath:1.0
articl:2.386294361119891
19440:1.0
repli:1.0
organ:1.0
univ:1.0
pittsburgh:1.0
comput:1.0
scienc:1.6931471805599454
line:1.0
23:1.0
1993mar29:1.0
204003:1.0
26952:1.0
tijc02:1.6931471805599454
uucp:1.6931471805599454
pjs269:1.0
paul:1.0
schmidt:1.0
write:1.0
think:2.09861228866811
import:1.0
verifi:1.0
procedur:1.0
proper:1.0
studi:1.0
show:1.0
worthi:1.0
risk:1.0
read:2.09861228866811
interest:1.0
tidbit:1.0
80:1.0
medic:1.6931471805599454
treatment:2.791759469228055
unproven:1.6931471805599454
base:1.6931471805599454
scientif:1.6931471805599454
fact:1.0
exampl:1.0
mani:1.0
prostat:1.6931471805599454
cancer:1.6931471805599454
may:1.0
danger:1.0
diseas:1.0
accord:1.0
true:1.6931471805599454
although:1.0
difficult:1.0
prove:1.0
anyth:1.0
certitud:1.0
thing:1.0
found:1.0
work:1.6931471805599454
good:1.0
explan:1.0
almost:1.0
everyth:1.0
rational:1.0
common:1.0
probabl:1.0
hormon:1.0
therapi:1.0
proven:1.6931471805599454
radiat:1.0
chemotherapi:1.0
say:1.0
n3jxp:1.0
skeptic:1.0
chastiti:1.0
intellect:1.0
cadr:1.0
dsl:1.0
shame:1.0
surrend:1.0
soon:1.0
