geb:2.09861228866811
c:1.6931471805599454
pitt:2.09861228866811
edu:2.09861228866811
gordon:2.09861228866811
bank:2.09861228866811
subject:1.0
fingernail:1.6931471805599454
moon:1.0
repli:1.6931471805599454
organ:1.0
univ:1.0
pittsburgh:1.0
comput:1.0
scienc:1.0
line:1.0
16:1.0
articl:1.0
733196190:1.0
aa00076:1.0
calcom:1.6931471805599454
socal:1.6931471805599454
com:1.6931471805599454
daniel:1.6931471805599454
princ:1.6931471805599454
f129:1.0
n102:1.0
z1:1.0
write:1.0
lunula:1.6931471805599454
thumb:1.0
medic:1.0
signific:1.0
find:1.6931471805599454
thank:1.0
advanc:1.0
tri:1.0
peel:1.6931471805599454
skin:1.0
back:1.6931471805599454
base:1.0
hard:1.0
want:1.0
hurt:1.0
nice:1.0
littl:1.0
enough:1.0
n3jxp:1.0
skeptic:1.0
chastiti:1.0
intellect:1.0
cadr:1.0
dsl:1.0
shame:1.0
surrend:1.0
soon:1.0
