bshelley:1.0
uc:1.6931471805599454
indiana:2.09861228866811
edu:1.6931471805599454
subject:1.0
xanax:1.6931471805599454
plea:1.0
provid:1.6931471805599454
info:1.0
nntp:1.0
post:1.0
host:1.0
jh224:1.0
718622:1.0
organ:1.0
univers:1.0
line:1.0
9:1.0
current:1.0
group:1.0
research:1.0
project:1.0
drug:1.0
would:1.0
exponenti:1.0
graciou:1.0
receiv:1.0
inform:1.6931471805599454
could:1.0
regard:1.0
usag:1.0
histori:1.0
mechan:1.0
reaction:1.0
side:1.0
effect:1.0
pertin:1.0
care:1.0
long:1.0
short:1.0
respons:1.0
thank:1.0
advanc:1.0
brent:1.0
e:1.0
shelley:1.0
