eb3:2.09861228866811
world:2.386294361119891
std:2.09861228866811
com:2.09861228866811
edwin:2.09861228866811
barkdol:2.386294361119891
subject:1.0
blindsight:1.0
organ:1.0
public:1.0
access:1.0
unix:1.0
brooklin:1.0
line:1.0
64:1.0
articl:2.6094379124341005
19382:1.0
pitt:2.386294361119891
uucp:1.6931471805599454
geb:1.6931471805599454
c:1.6931471805599454
edu:2.6094379124341005
gordon:1.6931471805599454
bank:1.6931471805599454
write:1.6931471805599454
werner:2.09861228866811
240393161954:1.0
tol7mac15:1.0
soe:1.6931471805599454
berkeley:1.6931471805599454
john:1.0
19213:1.0
wrote:1.0
explain:1.0
thought:1.0
3:1.6931471805599454
type:1.6931471805599454
cone:3.302585092994046
equival:1.0
rgb:1.0
basic:1.0
right:1.0
think:1.0
2:1.6931471805599454
one:1.0
sensit:2.791759469228055
red:1.6931471805599454
green:1.6931471805599454
blue:1.6931471805599454
yellow:1.6931471805599454
two:2.09861228866811
common:1.6931471805599454
kind:1.0
color:3.1972245773362196
blind:1.0
ye:1.0
rememb:1.0
well:1.0
case:2.09861228866811
inde:1.0
contrari:1.0
origin:2.09861228866811
respond:2.6094379124341005
claim:1.0
ti:1.6931471805599454
sure:1.0
reiter:1.0
particular:1.0
portion:1.6931471805599454
spectrum:2.386294361119891
rod:2.386294361119891
certain:2.09861228866811
part:1.6931471805599454
visibl:1.0
bluegreen:1.0
reddish:1.0
amphibia:1.0
hosesho:1.0
crab:1.0
limulu:1.0
polyphemu:1.0
photoreceptor:1.6931471805599454
etc:1.0
misconcept:1.0
confound:1.0
wavelength:1.6931471805599454
specif:1.0
howev:1.0
synonym:1.0
tso:1.0
sum:1.0
beat:1.0
dead:1.0
hors:1.0
1:1.0
output:2.09861228866811
match:1.0
number:1.0
absorb:1.6931471805599454
photon:2.09861228866811
irrespect:1.0
indistinguish:1.0
simpli:1.0
detector:1.0
differ:1.6931471805599454
spectral:1.0
ommatidium:1.0
vision:2.386294361119891
aris:1.0
receptor:1.0
sampl:1.0
process:1.0
central:1.0
handwav:1.0
intent:1.0
work:1.0
publish:1.0
research:1.0
10:1.0
year:1.0
adher:1.0
belief:1.0
detect:1.6931471805599454
frustrat:1.0
take:1.0
word:1.0
repost:1.0
excel:1.0
togeth:1.0
rather:1.0
good:1.0
oldish:1.0
text:1.6931471805599454
robert:1.0
boynton:1.0
1979:1.0
human:1.0
holt:1.0
rhiehart:1.0
winston:1.0
leo:1.0
hurvich:1.0
1981:1.0
sinauer:1.0
associ:1.0
baylor:1.6931471805599454
hodgkin:1.0
1973:1.0
resolut:1.0
visual:1.6931471805599454
stimulus:1.0
turtl:1.0
phoreceptor:1.0
j:2.09861228866811
physiol:2.09861228866811
234:1.0
pp163:1.0
198:1.0
lamb:1.0
yau:1.0
1978:1.0
repons:1.0
retin:1.0
singl:1.0
288:1.0
pp613:1.0
634:1.0
schnapf:1.0
et:1.0
al:1.0
1990:1.0
transduct:1.0
monkey:1.0
macaca:1.0
fasciculari:1.0
427:1.0
pp681:1.0
713:1.0
lepomi:1.0
psych:1.0
upenn:1.0
