ladi:2.791759469228055
uhunix:2.386294361119891
uhcc:2.09861228866811
hawaii:2.6094379124341005
edu:2.791759469228055
lee:1.6931471805599454
subject:1.0
scienc:3.5649493574615367
methodolog:2.09861228866811
summari:1.0
mere:2.6094379124341005
avoid:2.09861228866811
mistak:2.09861228866811
get:2.09861228866811
anywher:1.6931471805599454
organ:1.0
univers:1.0
mathemat:1.0
dept:1.0
expir:1.0
mon:1.0
10:1.6931471805599454
may:1.0
1993:1.0
00:1.6931471805599454
gmt:1.0
line:1.0
57:1.0
articl:1.6931471805599454
1993apr11:1.0
015518:1.0
21198:1.0
sbc:1.0
sunysb:1.6931471805599454
mhollowa:1.0
ic:1.0
michael:1.0
holloway:1.0
write:1.6931471805599454
c552jv:1.0
ggb:1.0
news:1.0
would:2.09861228866811
also:1.0
like:1.6931471805599454
point:1.6931471805599454
argument:2.09861228866811
sci:1.6931471805599454
med:1.0
psycholog:2.09861228866811
etc:1.0
case:2.09861228866811
peopl:1.0
reject:1.0
scientif:2.6094379124341005
evid:1.6931471805599454
proof:1.6931471805599454
adequ:1.0
research:2.09861228866811
done:2.09861228866811
quit:1.0
bit:1.0
format:1.0
fit:1.0
doctrinair:1.0
concept:1.0
indic:1.0
confus:1.0
process:2.09861228866811
make:2.09861228866811
precis:1.0
one:2.6094379124341005
want:1.6931471805599454
fulli:1.0
agre:1.0
big:1.0
distinct:1.0
end:1.6931471805599454
result:2.09861228866811
object:1.6931471805599454
verifi:1.0
noth:1.6931471805599454
good:1.6931471805599454
empir:2.6094379124341005
show:1.0
merit:1.0
homeopath:1.0
remedi:1.0
certainli:1.0
valuabl:1.0
inform:1.0
still:1.0
mean:1.0
homeopathi:1.0
qualifi:1.0
disagre:1.0
turpin:1.6931471805599454
order:1.0
must:1.0
theoret:1.0
structur:1.0
sen:1.0
collect:1.6931471805599454
valid:1.0
random:1.0
hypothes:2.386294361119891
experi:1.0
studi:2.09861228866811
import:1.6931471805599454
part:2.09861228866811
culmin:1.0
true:1.0
think:2.386294361119891
without:1.0
worth:1.0
test:1.6931471805599454
leap:1.0
look:1.6931471805599454
enough:1.0
data:1.0
simpli:1.6931471805599454
come:1.0
flash:1.0
day:1.0
shave:1.0
window:1.0
least:1.0
unless:1.0
lot:1.0
realli:1.6931471805599454
beforehand:1.0
differ:1.0
nobel:1.0
prize:1.0
level:1.0
scientist:1.6931471805599454
mediocr:1.0
lie:1.0
qualiti:1.6931471805599454
depend:1.0
bother:1.6931471805599454
mani:1.6931471805599454
graduat:1.0
student:1.0
seem:2.09861228866811
believ:1.0
conduct:1.0
even:1.0
field:1.0
certain:1.0
ad:1.0
hoc:1.0
especi:1.0
offend:1.0
russel:1.0
repeat:1.0
assert:1.0
amount:1.0
behaviorist:1.0
cognitivist:1.0
le:1.0
compet:1.0
religi:1.0
sect:1.0
bitnet:1.0
