wsun:1.0
jeev:1.6931471805599454
ucsd:1.6931471805599454
edu:1.6931471805599454
fiberman:1.0
subject:1.0
erythromycin:1.6931471805599454
organ:1.0
univers:1.0
california:1.0
san:1.0
diego:1.0
line:1.0
4:1.0
nntp:1.0
post:1.0
host:1.0
effect:1.0
treat:1.0
pneumonia:1.0
fm:1.0
