sasghm:2.386294361119891
theseu:2.386294361119891
unx:2.386294361119891
sa:3.0794415416798357
com:2.386294361119891
gari:1.6931471805599454
merril:1.6931471805599454
subject:1.0
scienc:2.09861228866811
methodolog:2.09861228866811
homeopathi:1.0
tradit:1.0
origin:1.0
nntp:1.0
post:1.0
host:1.0
organ:1.0
institut:1.6931471805599454
inc:1.6931471805599454
line:1.0
16:1.0
articl:1.0
1993apr15:1.0
161112:1.0
21772:1.0
c:2.09861228866811
rochest:1.6931471805599454
edu:1.6931471805599454
fulk:1.6931471805599454
mark:1.0
write:1.0
think:1.0
extra:2.6094379124341005
scientif:1.0
use:1.6931471805599454
phrase:1.6931471805599454
discus:1.0
boundari:1.0
except:1.0
propos:1.0
definien:1.0
ration:2.386294361119891
better:1.0
fact:1.0
quit:1.0
number:1.0
well:1.6931471805599454
known:1.0
case:1.6931471805599454
consider:1.0
drive:1.0
direct:1.6931471805599454
yeah:1.0
problem:1.0
hold:1.0
exampl:1.0
exemplar:1.0
refut:1.0
found:1.0
run:1.0
smack:1.0
unus:1.0
lysenko:1.0
curio:1.0
guid:1.0
h:1.0
princip:1.0
system:1.0
develop:1.6931471805599454
compil:1.0
campu:1.0
dr:1.0
cari:1.0
nc:1.0
27513:1.0
919:1.0
677:1.0
8000:1.0
mcnc:1.0
