fulk:2.6094379124341005
c:2.386294361119891
rochest:2.791759469228055
edu:2.386294361119891
mark:2.09861228866811
subject:1.0
scienc:2.9459101490553135
methodolog:2.09861228866811
homeopathi:1.0
tradit:1.0
organ:1.0
univers:1.0
articl:1.6931471805599454
c5je94:1.0
krl:1.0
unx:1.6931471805599454
sa:1.6931471805599454
com:1.6931471805599454
sasghm:1.0
theseu:1.0
gari:1.0
merril:1.0
write:1.6931471805599454
1993apr15:1.0
161112:1.0
21772:1.0
think:2.09861228866811
extra:2.6094379124341005
scientif:1.0
use:1.6931471805599454
phrase:1.6931471805599454
discus:1.0
boundari:1.0
except:1.0
propos:1.0
definien:1.0
ration:2.6094379124341005
better:2.386294361119891
fact:1.0
quit:1.0
number:1.0
well:1.6931471805599454
known:1.0
case:1.6931471805599454
consider:1.0
drive:1.0
direct:2.6094379124341005
yeah:1.0
problem:1.0
hold:1.6931471805599454
exampl:1.6931471805599454
exemplar:1.0
refut:1.0
found:1.0
run:1.0
smack:1.0
unus:1.0
lysenko:2.09861228866811
curio:1.0
guid:1.0
note:1.0
distinct:1.0
motiv:2.386294361119891
method:1.0
experiment:1.6931471805599454
result:2.6094379124341005
accept:2.386294361119891
unless:2.09861228866811
describ:1.0
suffici:2.09861228866811
detail:1.6931471805599454
replic:2.386294361119891
inde:1.0
reproduc:1.0
theoret:2.386294361119891
argument:1.6931471805599454
present:1.0
follow:1.0
reason:1.6931471805599454
knowleg:1.0
peopl:1.6931471805599454
agre:1.6931471805599454
forc:1.0
logic:1.0
tri:2.09861228866811
experi:2.9459101490553135
pursu:1.0
sort:2.09861228866811
crazi:1.6931471805599454
irrat:2.09861228866811
curious:1.0
larg:1.0
part:2.386294361119891
histori:1.0
coupl:1.0
neg:1.0
point:1.6931471805599454
make:1.0
1:1.0
theori:3.302585092994046
qi:2.9459101490553135
could:2.09861228866811
conceiv:1.0
becom:1.0
without:1.0
verif:1.6931471805599454
exist:2.09861228866811
quark:1.0
standard:1.0
model:1.0
physic:1.0
would:2.09861228866811
need:1.0
base:1.6931471805599454
predict:2.6094379124341005
medic:1.0
realiti:1.0
altern:1.0
central:1.0
claim:1.0
lie:1.0
forev:1.0
beyond:1.0
long:1.6931471805599454
bodi:1.0
data:1.6931471805599454
breath:1.0
wait:1.0
triumph:1.0
though:1.0
even:2.09861228866811
coher:1.6931471805599454
much:1.6931471805599454
le:1.0
explain:1.0
anyth:1.6931471805599454
modern:1.0
biolog:1.0
hard:1.0
imagin:1.0
way:1.0
rather:1.6931471805599454
directli:1.0
verifi:1.0
2:1.0
histor:1.0
progress:1.0
sequenc:1.0
carri:1.0
interpret:1.0
pre:1.0
framework:1.0
controversi:1.0
day:1.0
determin:1.6931471805599454
get:2.09861228866811
done:1.6931471805599454
overal:1.0
huge:1.0
messi:1.0
affair:1.0
person:1.0
jealousi:1.0
petti:1.0
hatr:1.0
like:1.6931471805599454
comput:1.6931471805599454
keep:1.0
go:1.0
forward:1.0
critic:1.0
function:1.0
count:1.0
whole:1.0
system:1.0
mechan:1.0
gener:1.6931471805599454
test:1.6931471805599454
total:1.0
work:1.0
properli:1.0
pasteur:1.6931471805599454
believ:1.0
whatev:1.0
chemic:1.6931471805599454
activ:1.0
crystal:1.6931471805599454
mitscherlich:1.0
racem:1.0
acid:1.6931471805599454
hand:1.0
separ:1.0
handed:1.0
two:1.0
rotat:1.6931471805599454
polar:1.0
light:1.0
opposit:1.0
right:1.0
version:1.0
indistinguish:1.0
tartar:1.0
led:1.0
import:1.0
creationist:1.6931471805599454
etc:1.0
fail:1.0
usual:1.0
produc:1.0
contradict:1.0
conced:1.0
modifi:1.0
suppress:1.0
divert:1.0
attent:1.0
evid:1.0
support:1.0
posit:1.0
tunivers:1.0
depart:1.0
tfulk:1.0
