snichol:1.6931471805599454
adob:2.386294361119891
com:2.09861228866811
sherri:1.6931471805599454
nichol:1.6931471805599454
subject:1.0
exercis:2.386294361119891
migrain:2.386294361119891
articl:1.6931471805599454
1993apr15:1.6931471805599454
224049:1.0
15516:1.0
organ:1.0
system:1.0
incorpor:1.0
line:1.0
12:1.0
163133:1.0
25634:1.0
ntmtv:1.6931471805599454
janet:1.6931471805599454
jaksti:1.0
write:1.0
first:1.0
time:1.0
occur:1.0
wonder:1.6931471805599454
anyon:1.0
el:1.0
experi:1.0
trigger:1.0
situat:1.0
heat:1.0
buildup:1.0
dehydr:1.0
give:1.0
tenni:1.0
anyth:1.0
besid:1.0
get:1.0
shape:1.0
play:1.0
high:1.0
noon:1.0
prevent:1.0
gotten:1.0
though:1.0
seem:1.0
relat:1.0
without:1.0
eaten:1.0
recent:1.0
