sasghm:2.386294361119891
theseu:2.386294361119891
unx:2.386294361119891
sa:3.0794415416798357
com:2.386294361119891
gari:1.6931471805599454
merril:1.6931471805599454
subject:2.09861228866811
scienc:2.9459101490553135
methodolog:1.0
homeopathi:1.0
tradit:1.0
origin:1.0
nntp:1.0
post:1.0
host:1.0
organ:1.0
institut:1.6931471805599454
inc:1.6931471805599454
line:1.0
43:1.0
articl:1.0
1993apr15:1.0
200344:1.0
28013:1.0
c:2.09861228866811
rochest:1.6931471805599454
edu:1.6931471805599454
fulk:1.6931471805599454
mark:1.0
write:1.0
2:1.0
histor:1.0
progress:1.6931471805599454
sort:1.6931471805599454
ration:2.386294361119891
experi:2.386294361119891
data:1.0
theori:2.09861228866811
sequenc:1.0
carri:1.0
interpret:1.0
pre:1.0
exist:1.0
theoret:1.6931471805599454
framework:1.0
controversi:1.0
day:1.0
determin:1.6931471805599454
get:1.6931471805599454
done:1.6931471805599454
overal:1.0
huge:1.0
messi:1.0
affair:1.0
person:1.0
jealousi:2.09861228866811
crazi:1.0
motiv:1.0
petti:2.09861228866811
hatr:2.09861228866811
like:1.0
comput:1.0
keep:1.0
go:1.6931471805599454
forward:1.6931471805599454
critic:2.386294361119891
function:2.386294361119891
result:1.6931471805599454
count:1.0
unless:1.0
replic:1.6931471805599454
whole:1.0
system:1.6931471805599454
mechan:1.0
gener:2.6094379124341005
test:1.6931471805599454
part:2.09861228866811
total:1.6931471805599454
irrat:1.6931471805599454
long:1.0
work:1.0
properli:1.0
think:1.0
agre:1.0
much:1.0
howev:1.0
paragraph:1.0
seem:1.6931471805599454
repeat:1.0
uncrit:1.0
standard:1.0
kuhn:1.0
lakato:1.0
feyerabend:1.6931471805599454
view:2.386294361119891
sinc:1.0
address:1.0
issu:1.0
newsgroup:1.0
distant:1.0
past:1.0
wrong:1.0
observ:1.0
explicitli:1.0
give:1.0
impress:1.0
may:1.0
fact:1.0
hold:1.0
common:1.0
perhap:1.0
even:1.6931471805599454
correct:1.0
approach:1.0
scientist:1.0
follow:1.0
sit:1.0
around:1.0
flight:1.0
fanci:1.0
scheme:1.0
basi:1.0
least:1.0
implicitli:1.0
advanc:1.0
posit:1.0
goe:1.6931471805599454
clear:1.0
mean:1.0
given:1.0
context:1.0
occur:1.0
complet:1.0
non:1.6931471805599454
random:1.0
way:1.6931471805599454
plethora:1.0
hypothes:1.6931471805599454
weed:1.0
via:1.0
though:1.0
le:1.0
forc:1.0
mysteri:1.0
experiment:1.0
design:1.0
creation:1.0
construct:1.0
must:1.0
equal:1.0
true:1.6931471805599454
applic:1.0
concern:1.6931471805599454
lead:1.0
one:1.6931471805599454
ala:1.0
anyth:1.0
typic:1.0
anecdot:1.0
instanc:1.0
hypothesi:1.0
dream:1.0
polit:1.0
simpli:1.0
well:1.0
actual:1.0
histori:1.0
h:1.0
princip:1.0
develop:1.6931471805599454
compil:1.0
campu:1.0
dr:1.0
cari:1.0
nc:1.0
27513:1.0
919:1.0
677:1.0
8000:1.0
mcnc:1.0
