sdbsd5:1.0
cislab:1.0
pitt:2.09861228866811
edu:1.0
stephen:1.0
brener:2.386294361119891
subject:1.0
intens:2.791759469228055
japanes:3.833213344056216
keyword:1.0
san:1.0
francisco:1.0
distribut:1.0
usa:1.0
organ:1.0
univers:3.302585092994046
pittsburgh:2.791759469228055
line:1.0
112:1.0
articl:1.0
c5kxix:1.0
5ct:1.0
cbnewsd:1.6931471805599454
cb:1.6931471805599454
att:1.6931471805599454
com:1.6931471805599454
rcj2:1.0
ray:1.0
c:1.0
jender:1.0
write:1.0
ti:1.0
kind:1.0
half:1.0
watch:1.6931471805599454
street:1.0
stori:1.0
last:1.0
night:1.0
tand:1.0
one:2.386294361119891
segment:1.0
doctor:1.0
t:1.0
f:1.0
provid:1.6931471805599454
servic:1.0
investig:1.0
treatment:1.0
tfor:1.0
variou:1.0
diseas:1.0
pretti:1.0
sure:1.0
name:1.6931471805599454
tdr:1.0
mark:1.0
rennig:1.0
sp:1.0
close:1.0
tdid:1.0
anyon:1.0
el:1.0
like:1.0
get:1.0
tcorrect:1.0
address:1.6931471805599454
phone:1.6931471805599454
number:1.6931471805599454
possibl:1.6931471805599454
tthank:1.0
summer:1.6931471805599454
offer:1.6931471805599454
two:1.0
languag:3.0794415416798357
cours:3.1972245773362196
elementari:1.0
intermedi:1.0
ten:1.6931471805599454
week:1.6931471805599454
credit:1.0
equival:1.0
full:1.0
year:1.6931471805599454
studi:1.6931471805599454
begin:1.0
june:1.6931471805599454
7:1.0
end:1.0
august:1.0
13:1.0
meet:1.0
five:1.6931471805599454
day:1.6931471805599454
per:2.09861228866811
hour:1.0
flat:1.0
rate:1.0
tuition:1.6931471805599454
charg:1.0
1600:1.0
fellowship:1.6931471805599454
avail:2.09861228866811
scienc:2.6094379124341005
engin:2.386294361119891
student:2.09861228866811
contact:1.6931471805599454
steven:1.6931471805599454
program:3.302585092994046
manag:2.9459101490553135
technolog:2.9459101490553135
interest:1.6931471805599454
individu:1.6931471805599454
encourag:1.6931471805599454
appli:1.6931471805599454
limit:1.0
new:1.6931471805599454
announc:1.0
jstmp:2.09861228866811
jointli:1.0
develop:2.386294361119891
pittsbugh:1.0
carnegi:1.0
mellon:1.6931471805599454
profession:2.09861228866811
scientif:1.0
communitit:1.0
class:1.0
commenc:1.0
1993:1.0
januari:1.0
1994:1.0
object:1.6931471805599454
intend:1.0
promot:1.0
transfer:1.0
japan:2.6094379124341005
unit:1.6931471805599454
state:1.6931471805599454
also:1.0
design:2.09861228866811
let:1.0
scientist:1.6931471805599454
experi:1.0
proceed:1.0
facilit:1.0
extend:1.0
internship:2.09861228866811
research:1.6931471805599454
facil:1.6931471805599454
laboratori:1.0
particip:2.386294361119891
opportun:1.6931471805599454
long:1.0
term:1.0
relationship:1.0
counterpart:1.0
fulfil:1.0
requir:1.0
advanc:1.6931471805599454
capabl:1.0
deep:1.6931471805599454
understand:1.6931471805599454
cultur:2.6094379124341005
correspondingli:1.0
consist:1.0
three:1.0
major:1.0
compon:1.0
1:1.0
train:1.6931471805599454
sever:1.0
includ:1.6931471805599454
expedit:1.0
prepar:1.0
rel:1.0
short:1.0
time:1.0
2:1.0
educ:1.6931471805599454
busi:1.0
social:1.0
particular:1.0
enphasi:1.0
place:1.0
attain:1.0
basi:1.0
approach:1.0
manufactur:1.6931471805599454
inform:1.6931471805599454
varieti:1.0
depart:1.0
throughout:1.0
anthropolog:1.0
sociolog:1.0
histori:1.0
polit:1.0
moreov:1.0
seminar:1.0
colloquium:1.0
conduct:1.0
field:1.0
trip:1.0
schedul:1.0
3:1.0
mission:1.0
upon:1.0
complet:1.0
cmu:1.0
go:1.0
observ:1.0
gener:1.0
run:1.0
howev:1.6931471805599454
shorter:1.0
cover:1.0
well:1.0
stipend:1.0
live:1.0
expens:1.0
applic:1.0
materi:1.0
tsusi:1.0
brown:1.0
tcarnegi:1.0
gsia:1.0
tpittsburgh:1.0
pa:1.6931471805599454
15213:1.0
3890:1.0
4e25:1.0
forb:1.0
quadrangl:1.0
ttelephon:1.0
412:2.386294361119891
268:1.6931471805599454
7806:1.0
15260:1.0
tfax:1.0
8163:1.0
telephon:1.0
648:1.6931471805599454
7414:1.0
fax:1.0
2199:1.0
compani:1.0
institut:1.0
respond:1.0
mail:1.6931471805599454
plea:1.6931471805599454
inquir:1.0
via:1.0
e:1.0
note:1.0
direct:1.0
grad:1.0
undergrad:1.0
consid:1.0
fund:1.0
restict:1.0
u:1.6931471805599454
citizen:1.0
perman:1.0
resid:1.0
steve:1.0
