turner:1.6931471805599454
reed:2.386294361119891
edu:2.791759469228055
havok:1.0
imperson:1.0
subject:1.6931471805599454
msg:1.6931471805599454
sensit:1.0
superstit:1.0
articl:2.09861228866811
1993apr16:1.0
170752:1.0
6312:1.0
organ:1.0
colleg:1.0
portland:1.0
line:1.0
35:1.0
1qlgdrinn79b:1.0
gap:1.0
caltech:1.6931471805599454
carl:1.0
sol1:1.0
gp:1.0
write:1.6931471805599454
1993apr15:1.0
173902:1.0
66278:1.0
cc:1.6931471805599454
usu:1.6931471805599454
slyx0:1.0
surpris:1.6931471805599454
differ:2.791759469228055
peopl:2.791759469228055
react:1.6931471805599454
thing:1.6931471805599454
one:1.6931471805599454
slightli:1.0
case:1.0
point:1.0
brother:2.09861228866811
got:2.09861228866811
stung:2.09861228866811
bee:2.791759469228055
know:1.0
allerg:2.09861228866811
sting:2.09861228866811
reaction:2.791759469228055
sever:1.0
local:1.0
swell:1.0
anaphylact:2.09861228866811
shock:2.09861228866811
could:2.09861228866811
convinc:1.0
doctor:1.6931471805599454
howev:1.0
written:1.0
littl:1.0
rule:1.0
book:1.0
cours:1.0
venom:1.0
singl:1.0
chemic:1.0
compon:1.0
caus:1.0
hmmm:1.0
last:1.0
time:2.791759469228055
experienc:1.0
first:1.0
poster:1.0
went:1.0
see:1.0
worri:1.0
fact:1.0
foot:1.0
3:1.0
normal:1.0
size:1.0
itch:1.0
ow:1.0
basic:1.0
said:1.0
allergi:1.6931471805599454
someth:1.6931471805599454
tend:1.0
get:2.09861228866811
aclimat:1.0
progress:1.0
wors:1.0
gener:1.0
next:1.0
go:1.0
admittedli:1.0
mani:1.0
year:1.0
ago:1.0
young:1.0
sinc:1.0
make:1.0
sure:1.0
also:1.0
carri:1.0
kit:1.0
scientif:1.0
proof:1.0
would:1.0
lead:1.0
believ:1.0
degre:1.0
work:1.0
way:1.0
variou:1.0
sort:1.0
like:1.6931471805599454
diabet:1.0
monitor:1.6931471805599454
diet:2.09861228866811
other:1.6931471805599454
use:2.386294361119891
insulin:1.6931471805599454
sometim:1.0
watch:1.0
hawk:1.0
regularli:1.0
think:1.0
probabl:1.0
similar:1.0
ferment:1.0
soy:1.0
sauc:1.0
chine:1.0
centuri:1.0
necessarili:1.0
mean:1.0
safe:1.0
everyon:1.0
tjohanna:1.0
