mark:1.0
tarbel:1.6931471805599454
suit:2.386294361119891
com:1.6931471805599454
subject:1.0
amniocentesi:1.6931471805599454
et:1.0
al:1.0
organ:1.0
softwar:1.0
line:1.0
7:1.0
repli:1.0
uunet:1.0
uu:1.0
net:1.0
nntp:1.0
post:1.0
host:1.0
gilgamesh:1.0
differ:1.6931471805599454
purpos:1.0
behind:1.0
chorion:1.0
villus:1.0
sampl:1.0
sound:1.0
similar:1.0
intend:1.0
detect:1.0
thing:1.0
thank:1.0
x03:1.0
