spp:1.0
zabriski:1.0
berkeley:2.09861228866811
edu:1.6931471805599454
steve:1.6931471805599454
pope:1.0
subject:1.0
msg:1.6931471805599454
sensit:1.0
superstit:1.0
organ:1.0
u:1.0
c:1.0
erl:1.0
line:1.0
13:1.0
distribut:1.0
world:1.0
nntp:1.0
post:1.0
host:1.0
zion:1.0
carl:1.0
lydick:1.0
condemn:1.0
one:1.0
particular:1.0
ingredi:1.6931471805599454
without:1.0
evid:1.6931471805599454
react:1.0
believ:1.0
mass:1.0
anectdot:1.0
combin:1.0
lack:1.0
properli:1.0
construct:1.0
scientif:1.0
experi:1.0
disprov:1.0
hypothesi:1.6931471805599454
make:1.0
reaction:1.0
like:1.0
explan:1.0
event:1.0
