mhollowa:1.6931471805599454
ic:2.09861228866811
sunysb:2.09861228866811
edu:2.09861228866811
michael:1.6931471805599454
holloway:1.6931471805599454
subject:1.0
homeopathi:1.6931471805599454
respect:1.0
medic:1.0
tradit:1.0
keyword:1.0
ye:1.6931471805599454
scienc:3.6390573296152584
stupid:1.0
nntp:1.0
post:1.0
host:1.0
engws5:1.0
organ:1.0
state:1.0
univers:1.6931471805599454
new:2.09861228866811
york:1.0
stoni:1.0
brook:1.0
line:1.0
75:1.0
articl:1.0
c5hlbu:1.0
i3a:1.0
tripo:1.6931471805599454
com:1.6931471805599454
homer:1.6931471805599454
webster:1.0
write:2.09861228866811
error:1.6931471805599454
realli:1.6931471805599454
think:2.386294361119891
show:1.6931471805599454
confus:1.0
part:1.6931471805599454
drum:1.0
roll:1.0
plea:1.0
much:2.6094379124341005
gather:2.09861228866811
evid:1.0
support:1.0
assert:1.0
read:1.0
hypothesi:2.6094379124341005
empir:2.386294361119891
observ:3.1972245773362196
order:1.0
make:2.9459101490553135
convinc:1.0
final:1.0
product:1.6931471805599454
made:2.6094379124341005
taint:1.0
theori:2.791759469228055
mind:1.6931471805599454
absolut:1.0
though:2.09861228866811
gener:1.6931471805599454
sen:1.0
human:2.09861228866811
be:1.0
therefor:1.0
variou:1.0
bias:1.0
messag:1.0
leav:1.0
talk:1.0
get:1.6931471805599454
back:1.0
equat:1.0
busi:1.6931471805599454
end:1.0
result:1.6931471805599454
gizmo:1.0
produc:1.0
work:1.6931471805599454
well:1.0
develop:2.09861228866811
within:1.0
paradigm:2.9459101490553135
poor:1.0
deal:1.0
shift:1.0
novel:1.6931471805599454
explain:1.0
chine:1.0
medicin:2.386294361119891
spontan:1.6931471805599454
combust:1.0
use:1.0
way:2.09861228866811
prove:1.0
disprov:1.0
point:1.0
whether:1.0
come:2.09861228866811
modern:1.6931471805599454
bodi:1.0
reduc:1.0
set:1.0
essenti:1.6931471805599454
mechan:1.6931471805599454
oper:1.0
wherein:1.0
diseas:1.0
seen:1.0
malfunct:1.0
machineri:1.0
old:1.6931471805599454
newtonian:1.6931471805599454
model:1.6931471805599454
world:2.09861228866811
seem:2.09861228866811
like:1.6931471805599454
base:1.6931471805599454
upon:1.0
give:1.0
complet:1.0
discript:1.0
heal:1.6931471805599454
etc:1.0
inde:1.0
recogn:1.6931471805599454
import:1.6931471805599454
psycholog:1.6931471805599454
compon:1.0
perhap:1.6931471805599454
admit:1.0
oversimplif:1.0
topic:1.0
philosophi:1.0
also:2.09861228866811
summar:1.0
popular:1.6931471805599454
misconcept:1.0
biomed:1.0
research:2.386294361119891
basic:1.0
assumpt:1.0
disciplin:1.6931471805599454
scientif:1.6931471805599454
form:1.0
test:2.09861228866811
biochemistri:1.6931471805599454
doubt:1.0
mani:1.6931471805599454
psychologist:1.0
would:1.0
appreci:1.0
put:1.0
outsid:1.0
view:1.0
spoon:1.0
bend:1.0
distinguish:1.0
reason:2.09861228866811
may:1.0
non:1.0
methodolog:1.0
aristotl:1.6931471805599454
frog:1.0
came:1.0
mud:1.0
one:1.0
hop:1.0
puddl:1.0
oversimplifi:1.0
cours:1.0
good:1.6931471805599454
exampl:1.0
observa:1.0
tion:1.6931471805599454
eventu:1.0
found:1.6931471805599454
want:1.0
meantim:1.0
folk:1.0
continu:1.0
believ:1.0
anim:1.0
life:1.0
noth:1.0
surpris:1.0
knowledg:1.0
probabl:1.0
thing:1.0
molecular:1.0
biolog:1.0
total:1.6931471805599454
even:1.0
idiot:1.0
someon:1.6931471805599454
futur:1.6931471805599454
peopl:2.09861228866811
relev:1.0
suddenli:1.0
gone:1.0
zen:1.0
vision:1.0
lsd:1.0
trip:1.0
thought:1.0
someth:1.0
bit:1.0
relish:1.0
misrepres:1.0
wrap:1.0
around:1.0
creativ:1.0
process:1.6931471805599454
factual:1.0
turn:1.6931471805599454
head:1.0
tommorrow:1.0
defin:1.0
mean:1.0
often:1.0
involv:1.0
portray:1.6931471805599454
medium:1.0
collect:1.0
immut:1.0
fact:1.0
pronounc:1.0
truth:1.0
big:1.0
gold:1.0
letter:1.0
silli:1.0
go:1.0
lab:1.0
stone:1.0
transcript:1.0
regula:1.0
interest:1.0
