young:2.791759469228055
serum:2.791759469228055
kodak:2.791759469228055
com:2.386294361119891
rich:1.6931471805599454
subject:1.0
blood:3.302585092994046
glucos:2.791759469228055
test:2.6094379124341005
strip:2.09861228866811
origin:1.0
sasquatch:1.6931471805599454
nntp:1.0
post:1.0
host:1.0
repli:1.0
organ:1.0
clinic:1.6931471805599454
diagnost:1.0
divis:1.0
eastman:1.0
compani:1.0
line:1.0
38:1.0
articl:1.6931471805599454
1993apr12:1.0
151035:1.0
22555:1.0
omen:1.6931471805599454
uucp:1.6931471805599454
caf:1.0
chuck:1.0
forsberg:1.0
wa7kgx:1.0
write:1.6931471805599454
1993apr11:1.0
192644:1.0
29219:1.0
clpd:1.0
thuman:1.6931471805599454
70:1.0
110:1.0
mg:2.386294361119891
dl:2.386294361119891
fast:1.6931471805599454
2:1.0
number:1.6931471805599454
whole:3.0794415416798357
plasma:2.386294361119891
tserum:1.0
actual:1.0
tnumber:1.0
human:1.6931471805599454
tend:2.09861228866811
somewhat:1.0
lower:2.386294361119891
roughli:1.6931471805599454
5:1.6931471805599454
10:1.6931471805599454
tpercent:1.6931471805599454
find:1.0
follow:1.0
rang:1.0
tfundament:1.0
chemistri:1.0
n:1.0
w:1.6931471805599454
teitz:1.6931471805599454
editor:1.0
b:1.0
tsaunder:1.0
1987:1.0
level:2.791759469228055
60:1.0
95:1.0
calibr:1.0
obvious:1.0
measur:1.6931471805599454
tinde:1.0
although:1.0
ta:1.6931471805599454
accur:1.0
done:1.0
laboratori:1.6931471805599454
one:1.0
problem:1.0
tthat:1.0
cell:1.6931471805599454
sampl:1.6931471805599454
continu:1.0
metabol:1.6931471805599454
tsampl:1.6931471805599454
drawn:1.0
reduc:1.0
appar:1.0
accord:1.0
thowev:1.0
result:1.6931471805599454
compar:1.0
reason:1.0
well:1.6931471805599454
talthough:1.0
valu:1.6931471805599454
80:1.0
twherea:1.0
240:1.0
errat:1.0
convers:1.6931471805599454
factor:1.6931471805599454
pin:1.0
prick:1.0
concentr:1.0
state:1.0
fresh:1.0
affect:1.6931471805599454
twhole:1.0
howev:1.0
believ:1.0
tdefin:1.0
sinc:1.0
vari:1.0
degre:1.0
much:1.0
tprefer:1.0
except:1.0
gener:1.0
ball:1.0
park:1.0
opinion:1.0
