mmm:1.0
cup:1.0
portal:1.6931471805599454
com:1.0
mark:1.0
robert:1.0
thorson:1.0
subject:1.0
food:1.0
relat:1.0
seizur:1.6931471805599454
organ:1.0
system:1.0
tm:1.0
distribut:1.0
world:1.0
line:1.0
6:1.0
rememb:1.6931471805599454
hear:1.0
year:1.0
back:1.6931471805599454
new:1.0
therapi:1.0
hyperact:1.0
involv:1.0
aggress:1.0
elimin:1.0
artifici:1.0
color:1.0
flavor:1.0
diet:1.6931471805599454
theori:1.0
interest:1.0
anecdot:1.0
result:1.0
certain:1.0
peopl:1.6931471805599454
way:1.0
sensit:1.0
chemic:1.0
connect:1.0
made:1.0
certainli:1.0
hurt:1.0
tri:1.0
natur:1.0
