aldridg:1.6931471805599454
netcom:1.6931471805599454
com:1.0
jacquelin:1.0
subject:1.0
problem:1.6931471805599454
nutrasweet:2.09861228866811
aspartam:2.09861228866811
organ:1.0
line:1.6931471805599454
commun:1.0
servic:1.0
408:1.0
241:1.0
9760:1.0
guest:1.0
36:1.0
hbloom:1.0
moo:1.0
uvm:1.0
edu:1.0
heather:1.6931471805599454
write:1.0
synthet:1.0
sweeten:1.0
coupl:1.0
thousand:1.0
time:1.0
sweeter:1.0
sugar:2.09861228866811
peopl:2.386294361119891
concern:1.0
chemic:1.0
bodi:2.6094379124341005
produc:2.09861228866811
degrad:1.6931471805599454
thought:1.0
form:1.0
formaldehyd:1.6931471805599454
known:1.6931471805599454
methanol:1.6931471805599454
degred:1.0
pathway:1.0
use:2.386294361119891
elimin:1.6931471805599454
substanc:1.0
real:1.0
issu:1.0
whether:1.0
level:1.6931471805599454
high:1.6931471805599454
enough:1.0
caus:1.6931471805599454
signific:1.0
damag:1.6931471805599454
toxic:1.6931471805599454
live:1.0
cell:1.6931471805599454
say:1.0
consum:1.0
phenylalanin:2.09861228866811
noth:1.0
worri:1.0
amino:1.0
acid:1.0
everyon:1.0
small:1.0
quantiti:1.0
protein:1.0
synthesi:1.0
diseas:1.0
phenylketoneurea:1.0
miss:1.0
enzym:1.0
necessari:1.0
compound:1.0
accumul:1.0
grow:1.0
nerv:1.0
therefor:1.0
major:1.0
young:1.0
child:1.6931471805599454
around:1.0
age:1.0
10:1.0
woman:1.0
pregnant:1.6931471805599454
disord:1.0
lead:1.0
brain:1.0
infant:1.6931471805599454
easili:1.6931471805599454
detect:1.0
birth:1.0
one:2.386294361119891
must:1.0
simpli:1.0
avoid:1.6931471805599454
comsumpt:1.0
rememb:1.0
rightli:1.0
pku:1.6931471805599454
syndrom:1.0
1:1.6931471805599454
1200:1.0
lack:1.6931471805599454
two:1.0
gene:2.09861228866811
suppos:2.386294361119891
56:1.0
person:1.0
natur:1.0
occur:1.6931471805599454
underproduc:1.0
whatev:1.0
le:1.0
toler:1.0
methol:1.0
formaldahyd:1.0
thing:1.0
heat:1.0
drink:2.386294361119891
figur:1.0
made:1.0
reason:1.0
quickli:1.0
satiat:1.0
hungri:1.0
need:1.0
calori:1.0
easi:1.0
water:1.0
six:1.0
pack:1.0
aday:1.0
soda:1.0
even:1.0
coke:1.0
day:1.0
