kfl:1.6931471805599454
access:2.6094379124341005
digex:2.09861228866811
com:2.386294361119891
keith:1.6931471805599454
f:2.9459101490553135
lynch:1.6931471805599454
subject:1.0
glutam:2.09861228866811
organ:1.0
express:1.0
public:1.0
unix:1.0
greenbelt:1.0
maryland:1.0
usa:1.0
line:1.0
10:1.0
nntp:1.0
post:1.0
host:1.0
net:1.0
articl:1.0
lso15qinnkpr:1.0
news:1.0
bbn:1.6931471805599454
sher:1.6931471805599454
lawrenc:1.0
write:1.0
n:1.0
e:1.0
j:1.0
med:1.0
editori:1.0
dicarboxyl:1.0
amino:2.09861228866811
acid:2.09861228866811
essenti:1.6931471805599454
peopl:1.0
surviv:1.0
quit:1.0
well:1.0
without:1.0
ever:1.0
eat:1.0
p:2.386294361119891
2:2.09861228866811
3:1.6931471805599454
q:2.6094379124341005
1:1.6931471805599454
x:1.6931471805599454
w:1.0
8:1.6931471805599454
