ruegg:2.09861228866811
med:2.09861228866811
unc:2.386294361119891
edu:2.09861228866811
robert:1.0
g:1.0
subject:1.6931471805599454
eugen:2.791759469228055
keyword:1.0
gene:3.6390573296152584
pool:2.386294361119891
wisdom:2.6094379124341005
virtu:2.6094379124341005
nntp:1.0
post:1.6931471805599454
host:1.0
napl:1.0
organ:1.0
ch:1.0
school:1.0
medicin:1.0
line:1.0
84:1.0
gordon:1.0
bank:1.0
write:1.0
probabl:1.6931471805599454
within:1.0
50:1.0
year:1.0
new:2.386294361119891
type:1.0
possibl:2.09861228866811
mayb:1.0
even:1.6931471805599454
sooner:1.0
map:1.0
human:1.6931471805599454
genom:1.6931471805599454
start:1.6931471805599454
work:1.0
manipul:1.0
use:2.791759469228055
genet:2.09861228866811
engin:1.0
abl:1.6931471805599454
insert:2.09861228866811
whatev:1.6931471805599454
want:1.6931471805599454
breed:1.0
hybrid:1.0
etc:2.09861228866811
ethic:1.0
question:1.6931471805599454
two:1.0
past:1.0
problem:2.9459101490553135
1:1.0
reduc:2.09861228866811
2:1.6931471805599454
defin:1.0
statu:2.09861228866811
would:2.6094379124341005
seem:1.0
unless:1.0
later:1.6931471805599454
becam:1.0
transmiss:1.0
progeni:1.0
may:3.0794415416798357
crowd:1.0
garbag:2.09861228866811
futur:1.6931471805599454
becom:1.0
awar:1.0
need:2.09861228866811
maintain:1.0
hope:2.09861228866811
mean:1.0
provis:1.0
made:1.0
save:1.0
come:1.6931471805599454
handi:1.0
evid:1.6931471805599454
sickl:1.0
cell:1.0
diseas:1.6931471805599454
equatori:1.0
africa:1.0
diabet:1.0
hopi:1.0
promot:1.0
surviv:2.9459101490553135
condit:1.0
realli:1.6931471805599454
know:1.6931471805599454
hold:1.0
environ:1.0
wilder:1.0
capac:1.0
rel:1.0
inbr:1.0
domest:1.0
anim:1.0
mind:1.0
vulcan:1.0
nuclear:1.6931471805599454
winter:1.0
ice:1.0
age:1.0
meteor:1.0
impact:1.0
microbiolog:1.0
threat:1.0
famin:1.0
global:1.6931471805599454
warm:1.6931471805599454
conceiv:1.0
therefor:1.0
mani:2.386294361119891
avail:1.0
good:1.6931471805599454
strategi:1.0
speci:1.0
cours:1.0
alter:2.09861228866811
individu:1.0
differ:1.0
anyon:1.0
el:1.6931471805599454
could:2.09861228866811
make:2.09861228866811
philosoph:1.0
king:1.6931471805599454
great:1.6931471805599454
bodi:1.0
long:2.386294361119891
live:1.0
give:1.0
elev:1.0
roman:1.0
without:1.0
benefit:1.0
race:1.6931471805599454
eventu:1.0
realiz:1.0
dealt:1.0
caus:1.6931471805599454
orwel:1.0
introduc:1.0
u:2.09861228866811
notion:1.0
might:1.0
happen:1.0
person:1.6931471805599454
menial:1.0
task:1.0
noth:1.0
sun:1.0
treat:1.0
slave:1.0
way:2.386294361119891
millennium:1.0
1984:1.0
see:1.0
inher:1.0
therapi:1.0
avoid:1.6931471805599454
least:1.0
alway:1.6931471805599454
troubl:1.0
power:3.1972245773362196
fall:1.0
hand:1.0
end:1.0
time:1.0
stop:1.0
whole:1.0
yet:1.0
civil:1.6931471805599454
die:2.09861228866811
inabl:1.0
adapt:1.0
environment:1.0
chang:1.0
howev:1.0
also:1.0
abus:1.0
one:2.09861228866811
learn:1.0
lesson:1.0
fate:1.0
other:1.6931471805599454
better:1.6931471805599454
choic:1.6931471805599454
turn:1.0
came:1.0
think:1.6931471805599454
wipe:1.0
face:1.0
earth:1.0
endless:1.0
suffer:1.0
still:1.6931471805599454
real:1.6931471805599454
issu:1.6931471805599454
man:1.6931471805599454
enough:2.791759469228055
pull:1.6931471805599454
next:1.0
challeng:1.0
last:1.0
eugenist:1.0
reservoir:1.0
peopl:1.6931471805599454
backwat:1.0
otherwis:1.0
discard:1.0
believ:1.6931471805599454
accept:2.09861228866811
input:2.09861228866811
spirit:2.09861228866811
god:2.09861228866811
overcom:1.0
lack:1.0
area:1.0
men:1.6931471805599454
listen:1.0
obey:1.0
small:1.0
voic:1.0
heart:1.0
begin:1.0
reciev:1.0
escap:1.0
consequ:1.0
poor:1.0
reason:1.0
societi:1.0
fail:1.0
safe:1.0
develop:1.0
destroy:1.0
often:1.0
process:1.0
self:1.0
today:1.0
either:1.0
wise:1.0
mistak:1.0
thu:1.0
far:1.0
summari:1.0
say:1.0
whether:1.0
technolog:1.0
ancient:1.6931471805599454
answer:1.6931471805599454
hard:1.0
easi:1.0
sorri:1.0
got:1.0
carri:1.0
away:1.0
bob:1.0
