markmc:1.6931471805599454
halcyon:1.6931471805599454
com:2.09861228866811
mark:1.6931471805599454
mcwiggin:1.6931471805599454
subject:1.0
barbecu:1.0
food:1.0
health:1.6931471805599454
risk:1.0
organ:1.0
northwest:1.0
nexu:1.0
inc:1.0
line:1.0
5:1.0
nntp:1.0
post:1.0
host:1.0
nwfocu:1.0
wa:1.6931471805599454
also:1.0
forget:1.0
better:1.0
enjoy:1.0
steak:1.0
resent:1.0
sprout:1.0
herm:1.0
associ:1.0
1:1.6931471805599454
206:1.6931471805599454
632:1.6931471805599454
1905:1.0
voic:1.0
box:1.0
31356:1.0
seattl:1.0
98103:1.0
1356:1.0
1738:1.0
fax:1.0
