daniel:1.6931471805599454
princ:1.6931471805599454
f129:1.0
n102:1.0
z1:1.0
calcom:1.0
socal:1.0
com:1.0
subject:1.0
placebo:2.09861228866811
effect:3.1972245773362196
line:1.0
17:1.0
know:1.0
patient:1.6931471805599454
feel:1.6931471805599454
better:2.386294361119891
even:1.0
get:1.6931471805599454
belief:1.0
medicin:2.6094379124341005
doctor:2.386294361119891
administ:1.0
also:1.0
anti:1.0
dislik:1.0
distrust:1.0
therefor:1.0
spite:1.0
believ:1.6931471805599454
strongli:1.0
see:2.09861228866811
improv:2.09861228866811
none:1.0
call:1.6931471805599454
revers:1.0
le:1.0
would:1.0
ever:1.0
studi:1.0
common:1.6931471805599454
thank:1.0
advanc:1.0
repli:1.0
inform:1.6931471805599454
valuabl:1.0
di:1.0
much:1.0
