dyer:2.791759469228055
spdcc:2.09861228866811
com:1.6931471805599454
steve:1.6931471805599454
subject:1.0
food:1.0
relat:1.6931471805599454
seizur:1.6931471805599454
organ:1.0
p:1.0
comput:1.0
consult:1.0
cambridg:1.0
comment:1.0
feingold:1.0
diet:1.0
relev:1.0
daughter:1.0
purport:1.0
frostedflak:1.0
imagin:1.0
includ:1.0
ursa:1.0
major:1.0
aka:1.0
ima:1.0
harvard:1.0
rayssd:1.0
linu:1.0
m2c:1.0
