wsun:1.0
jeev:1.6931471805599454
ucsd:1.6931471805599454
edu:1.6931471805599454
fiberman:1.0
subject:1.0
msg:2.09861228866811
sensit:1.0
superstit:1.0
keyword:1.0
glu:1.0
organ:1.0
univers:1.0
california:1.0
san:1.0
diego:1.0
line:1.0
5:1.0
nntp:1.0
post:1.0
host:1.0
heard:1.0
epilept:1.0
patient:1.0
go:1.0
seizur:1.0
eat:1.0
anyth:1.0
ad:1.0
may:1.0
someth:1.0
excitotox:1.0
neuron:1.0
fm:1.0
