subject:1.0
knot:2.09861228866811
ng4:1.6931471805599454
husc11:1.6931471805599454
harvard:2.09861228866811
edu:2.09861228866811
ho:1.6931471805599454
leung:1.6931471805599454
ng:1.6931471805599454
nntp:1.0
post:1.0
host:1.0
line:1.0
8:1.0
exactli:1.0
sore:1.0
tight:1.0
spot:1.0
muscl:1.0
certain:1.0
kind:1.0
massag:1.0
peopl:1.0
tri:1.0
break:1.0
realli:1.0
help:1.0
husc:1.0
