rick:2.09861228866811
ysub:1.6931471805599454
ysu:2.09861228866811
edu:2.09861228866811
marsico:1.0
subject:1.0
proventil:1.6931471805599454
inhal:1.6931471805599454
organ:1.0
youngstown:1.0
state:1.0
univers:1.0
line:1.0
5:1.0
nntp:1.0
post:1.0
host:1.0
asthma:1.0
relief:1.0
fall:1.0
steroid:1.0
nonsteroid:1.0
categori:1.0
look:1.0
product:1.0
literatur:1.0
clear:1.0
