jhoskin:1.0
magnu:1.6931471805599454
ac:1.6931471805599454
ohio:2.09861228866811
state:2.09861228866811
edu:1.6931471805599454
jame:1.0
hoskin:1.0
subject:1.0
cost:1.6931471805599454
roxon:1.6931471805599454
nntp:1.0
post:1.0
host:1.0
photon:1.0
organ:1.0
univers:1.0
distribut:1.0
na:1.0
line:1.0
5:1.0
anyon:1.0
know:1.0
approxim:1.0
prescript:1.0
250:1.0
ml:1.0
bottl:1.0
morphin:1.0
thank:1.0
