mmatusev:1.0
radford:1.6931471805599454
vak12:1.0
edu:1.0
melissa:1.0
n:1.0
matusevich:1.0
subject:1.0
paxil:1.6931471805599454
request:1.0
organ:1.0
virginia:1.0
public:1.0
educ:1.0
network:1.0
line:1.0
5:1.0
know:1.0
much:1.0
fact:1.0
ask:1.0
question:1.0
doctor:1.0
told:1.0
cleaner:1.0
sri:1.0
produc:1.0
fewer:1.0
side:1.0
effect:1.0
comparison:1.0
zoloft:1.0
prozac:1.0
abl:1.0
rememb:1.0
said:1.0
differ:1.0
two:1.0
drug:1.0
sorri:1.0
