berryh:1.0
huey:1.6931471805599454
udel:1.6931471805599454
edu:1.6931471805599454
john:1.6931471805599454
berryhil:1.6931471805599454
ph:1.0
subject:1.0
krillean:1.0
photographi:1.6931471805599454
nntp:1.0
post:1.0
host:1.0
organ:1.0
littl:1.6931471805599454
scrap:1.0
paper:1.0
mostli:1.0
line:1.0
10:1.0
think:1.0
mean:1.0
girli:1.0
good:1.0
place:1.6931471805599454
find:1.0
non:1.0
descript:1.0
usual:1.0
say:1.0
book:1.0
outsid:1.0
build:1.0
black:1.0
white:1.0
