bls101:1.6931471805599454
keat:1.0
anu:1.6931471805599454
edu:2.791759469228055
au:1.6931471805599454
new:1.6931471805599454
improv:1.0
brian:1.6931471805599454
scearc:1.0
subject:1.6931471805599454
krillean:2.386294361119891
photographi:2.791759469228055
organ:2.09861228866811
australian:1.0
nation:1.0
univers:1.6931471805599454
line:1.6931471805599454
44:1.0
nntp:1.0
post:1.0
host:1.0
150:1.0
203:1.0
126:1.0
9:1.0
repli:1.6931471805599454
todamhyp:2.09861228866811
charl:2.09861228866811
unlv:2.386294361119891
messag:1.6931471805599454
mon:1.6931471805599454
19:1.6931471805599454
apr:1.6931471805599454
93:1.6931471805599454
20:1.6931471805599454
56:1.6931471805599454
15:1.6931471805599454
gmt:1.6931471805599454
newsgroup:1.0
sci:2.791759469228055
energi:2.6094379124341005
imag:1.0
process:1.0
anthropolog:1.0
alt:1.6931471805599454
physic:1.0
theori:1.0
skeptic:1.0
med:1.0
alien:1.0
visitor:1.0
refer:1.0
1993apr19:1.0
205615:1.0
1013:1.0
distribut:1.0
text:1.0
follow:1.0
huey:1.0
write:1.0
look:1.0
inform:1.0
suppli:1.0
allow:1.0
yourself:1.0
take:1.6931471805599454
pictur:2.09861228866811
think:1.0
educ:1.0
supplier:1.0
school:1.6931471805599454
might:1.6931471805599454
appartu:1.0
sale:1.0
know:2.09861228866811
compani:1.0
info:1.0
greatli:1.0
appreci:1.0
case:1.0
best:1.0
knowledg:1.0
involv:1.0
time:1.6931471805599454
object:2.791759469228055
charg:1.0
plate:1.0
show:1.0
pattern:1.6931471805599454
spike:1.6931471805599454
around:1.0
photograph:1.6931471805599454
depend:1.0
type:1.0
vari:1.0
one:1.0
extrapol:1.0
say:1.0
prove:1.0
everi:1.0
within:1.0
signatur:1.6931471805599454
number:1.0
scientif:1.0
paper:1.6931471805599454
peer:1.0
review:1.0
journal:1.0
publish:1.0
kirlian:2.09861228866811
earli:1.0
1970:1.0
sorri:1.0
specif:1.0
long:1.0
sinc:1.0
read:1.0
would:1.0
describ:1.0
need:1.0
set:1.0
apparatu:1.0
demonstr:1.0
aura:1.6931471805599454
obtain:1.6931471805599454
complet:1.0
explain:1.0
effect:1.0
electr:1.0
current:1.0
use:1.0
moistur:1.0
noth:1.0
scienc:1.0
project:1.0
high:1.0
abl:1.0
wonder:1.0
rock:1.0
pebbl:1.0
like:1.0
first:1.0
dunk:1.0
water:1.0
barbara:1.0
syseng:1.0
gener:1.0
avoid:1.0
temptat:1.0
unless:1.0
resist:1.0
mae:1.0
west:1.0
