billc:1.0
col:1.6931471805599454
hp:2.09861228866811
com:1.6931471805599454
bill:1.6931471805599454
claussen:1.6931471805599454
subject:1.0
angri:1.0
doctor:1.0
organ:1.0
colorado:1.0
spring:1.0
divis:1.0
line:1.0
5:1.0
distribut:1.0
na:1.0
nntp:1.0
post:1.0
host:1.0
hpcspe17:1.0
report:1.0
local:1.0
bbb:1.0
better:1.0
busi:1.0
bureau:1.0
