ghica:2.09861228866811
fig:1.0
citib:1.0
com:1.0
renato:1.0
subject:1.0
seek:1.0
sed:1.6931471805599454
inform:1.0
origin:1.0
cyclop:1.0
organ:1.0
citibank:1.0
ibism:1.0
line:1.0
11:1.0
one:1.0
heard:1.0
call:1.0
rhoepnol:1.0
made:1.0
larouch:1.0
believ:1.0
info:1.0
side:1.0
effect:1.0
equival:1.0
tranquil:1.0
thank:1.0
take:1.0
minut:1.0
90:1.0
done:1.0
work:1.0
machin:1.0
