dsc:1.6931471805599454
gemini:1.6931471805599454
gsfc:2.09861228866811
nasa:1.6931471805599454
gov:1.6931471805599454
doug:1.6931471805599454
caprett:1.6931471805599454
subject:1.0
c:1.6931471805599454
chemic:2.09861228866811
agent:1.6931471805599454
organ:1.0
cdp:1.0
vlbi:1.0
line:1.0
10:1.0
anyon:1.0
provid:1.0
inform:1.0
tear:1.0
ga:1.0
use:1.0
recent:1.0
waco:1.0
effect:1.0
bodi:1.0
regard:1.0
hugh:1.0
stx:1.0
code:1.0
926:1.0
9:1.0
lanham:1.0
maryland:1.0
greenbelt:1.0
md:1.0
20771:1.0
path:1.0
laid:1.0
one:1.0
stone:1.0
time:1.0
giant:1.0
