mcg2:1.6931471805599454
ns1:2.09861228866811
cc:2.09861228866811
lehigh:2.6094379124341005
edu:2.386294361119891
marc:2.386294361119891
gabriel:2.09861228866811
subject:1.0
diagnos:2.09861228866811
lyme:2.09861228866811
realli:1.0
organ:1.0
univers:1.6931471805599454
line:1.0
44:1.0
x:1.0
newsread:1.0
tin:1.0
version:1.0
1:1.6931471805599454
pl9:1.0
gordon:1.6931471805599454
bank:1.0
geb:1.0
c:2.09861228866811
pitt:1.0
wrote:1.0
articl:1.0
1993apr12:1.0
201056:1.0
20753:1.0
write:1.0
say:1.6931471805599454
cultur:2.09861228866811
best:1.0
way:1.0
hard:1.0
bb:1.0
case:2.09861228866811
point:1.0
dr:2.386294361119891
n:2.386294361119891
develop:1.6931471805599454
feel:1.0
ld:3.302585092994046
come:1.0
year:2.09861228866811
experi:1.0
serolog:1.0
match:1.0
unfortun:1.0
would:1.6931471805599454
call:1.6931471805599454
quack:2.09861228866811
accus:1.0
tri:1.0
make:1.0
quick:1.0
buck:1.0
think:1.0
poo:1.6931471805599454
lab:1.6931471805599454
test:1.6931471805599454
believ:1.0
seen:1.0
mani:1.0
time:1.0
accur:1.0
treat:2.09861228866811
also:1.0
practic:1.6931471805599454
almost:1.0
exclus:1.6931471805599454
devot:1.0
patient:2.9459101490553135
know:1.6931471805599454
orthoped:1.0
surgeon:1.0
fit:1.0
pattern:1.0
usual:1.0
gp:2.09861228866811
howev:1.0
part:1.0
countri:1.0
need:1.0
known:1.0
specialist:2.386294361119891
see:1.6931471805599454
larg:1.0
number:1.0
walk:1.0
offic:1.0
given:1.0
huge:1.0
problem:1.6931471805599454
underdiagnosi:1.0
orthopedist:1.6931471805599454
encount:1.0
late:1.6931471805599454
manifest:1.6931471805599454
diseas:1.0
everi:1.6931471805599454
day:1.0
regular:1.0
told:1.0
last:1.0
sent:1.0
2:1.6931471805599454
5:1.0
week:1.6931471805599454
town:2.09861228866811
let:1.0
peopl:1.6931471805599454
per:1.0
actual:1.0
mean:1.0
minimum:1.0
104:1.0
immedi:1.6931471805599454
area:1.0
stage:1.0
add:1.0
folk:1.0
neurologist:1.0
rheumatologist:1.0
etc:1.0
kind:1.0
wonder:1.0
everybodi:1.0
person:1.0
refer:1.0
extrem:1.0
put:1.0
medic:1.0
minim:1.0
damag:1.0
knee:1.0
correct:1.0
state:1.0
u:1.0
box:1.0
545:1.0
215:1.0
882:1.0
0138:1.0
