tron:2.09861228866811
fafnir:1.0
la:1.0
locu:2.09861228866811
com:1.6931471805599454
michael:1.0
trofimoff:1.0
subject:1.0
request:1.0
gyro:1.6931471805599454
souvlaki:1.6931471805599454
sauc:1.6931471805599454
organ:1.0
comput:1.0
corpor:1.0
lo:1.0
angel:1.0
california:1.0
distribut:1.0
usa:1.0
line:1.0
12:1.0
hi:1.0
would:1.0
anyon:1.0
net:1.0
land:1.0
happen:1.0
authent:1.0
sure:1.0
fire:1.0
way:1.0
make:1.0
great:1.0
use:1.0
adorn:1.0
thank:1.0
e:1.0
mail:1.0
vidi:1.0
vici:1.0
veni:1.0
