melewitt:1.6931471805599454
c:2.09861228866811
sandia:2.6094379124341005
gov:1.6931471805599454
martin:1.6931471805599454
e:1.6931471805599454
lewitt:2.09861228866811
subject:1.0
altitud:2.386294361119891
adjust:1.0
articl:1.6931471805599454
1993apr22:1.0
055958:1.0
2377:1.0
organ:1.0
ncube:1.6931471805599454
park:1.6931471805599454
nm:1.6931471805599454
line:1.0
31:1.0
4159:1.0
mdavcr:1.6931471805599454
mda:1.6931471805599454
ca:1.6931471805599454
vida:1.6931471805599454
morkuna:1.0
write:1.0
live:1.6931471805599454
sea:1.6931471805599454
level:1.6931471805599454
call:1.0
upon:1.0
travel:1.6931471805599454
high:1.0
citi:2.09861228866811
quit:1.0
frequent:1.0
busi:1.0
question:1.0
7000:1.0
9000:1.0
foot:1.0
one:1.0
especi:1.0
pollut:1.0
often:1.0
feel:1.6931471805599454
faint:1.0
first:1.0
two:1.6931471805599454
three:1.6931471805599454
day:1.6931471805599454
lighthead:1.0
heart:1.0
seem:1.6931471805599454
pound:1.0
lot:1.6931471805599454
also:1.0
dri:1.0
tend:1.0
drink:1.6931471805599454
water:1.0
keep:1.0
away:1.0
dehydr:1.0
contain:1.0
caffein:1.0
alcohol:1.0
thing:1.0
still:1.0
symptom:1.0
ensur:1.0
short:1.0
trip:1.0
usual:1.0
week:1.0
acclimat:1.0
comfort:1.0
possibl:1.0
someth:1.0
el:1.0
could:1.6931471805599454
saw:1.0
lifetim:1.0
medic:1.0
televis:1.0
show:1.0
month:1.0
back:1.0
medicin:1.0
briefli:1.0
mention:1.0
drug:2.09861228866811
start:1.0
get:2.09861228866811
assist:1.0
acclimitaz:1.0
unfortun:1.0
recal:1.0
stimul:1.6931471805599454
breath:1.0
night:1.0
know:1.6931471805599454
make:1.0
sen:1.0
new:1.0
red:1.0
blood:1.0
cell:1.0
product:1.0
would:1.0
logic:1.0
approach:1.0
erythropoiten:1.0
sp:1.0
ala:1.0
record:1.0
program:1.0
wish:1.0
sinc:1.0
7000ft:1.0
mother:1.0
sick:1.0
visit:1.0
plea:1.0
let:1.0
inform:1.0
respons:1.0
phone:1.0
505:1.0
845:1.0
7561:1.0
opinion:1.0
domain:1.0
com:1.0
p:1.0
box:1.0
513:1.0
87047:1.0
0513:1.0
employ:1.0
