ta:1.0
pegasu:2.09861228866811
com:1.0
len:1.6931471805599454
howard:1.6931471805599454
subject:1.0
foreskin:1.6931471805599454
troubl:1.0
summari:1.0
dorsal:1.6931471805599454
slit:1.6931471805599454
oper:1.0
articl:1.6931471805599454
1993apr22:1.0
221111:1.0
9678:1.0
organ:1.0
honolulu:1.0
line:1.0
11:1.0
1993apr18:1.0
042100:1.0
2720:1.0
radford:1.6931471805599454
vak12:1.6931471805599454
edu:1.6931471805599454
mmatusev:1.0
melissa:1.6931471805599454
n:1.0
matusevich:1.0
write:1.0
done:1.0
short:1.0
circumcis:2.09861228866811
adult:1.0
male:1.0
whose:1.0
retract:1.0
simpler:1.6931471805599454
procedur:1.0
call:1.0
realli:1.0
first:1.0
step:1.0
usual:1.0
quicker:1.0
pain:1.0
anesthet:1.0
wear:1.0
aesthet:1.0
result:1.0
post:1.0
heal:1.0
good:1.0
see:1.0
friendli:1.0
urologist:1.0
detail:1.0
