heart:1.0
access:2.09861228866811
digex:1.6931471805599454
com:1.0
g:2.09861228866811
subject:1.0
cholistasi:1.0
sp:1.0
fat:3.3978952727983707
free:1.0
diet:3.302585092994046
pregnanc:2.6094379124341005
organ:1.0
express:1.0
onlin:1.0
commun:1.0
greenbelt:1.0
md:1.0
usa:1.0
line:1.0
80:1.0
nntp:1.0
post:1.0
host:1.0
net:1.0
hi:1.0
return:1.0
visit:1.6931471805599454
ob:1.0
gyn:1.0
concern:2.386294361119891
mayb:1.0
help:1.6931471805599454
see:2.09861228866811
everi:2.09861228866811
4:2.09861228866811
week:3.3978952727983707
past:1.0
month:1.0
28:1.6931471805599454
last:1.0
2:2.6094379124341005
gain:2.791759469228055
9:1.6931471805599454
1:2.09861228866811
pound:2.09861228866811
said:2.791759469228055
unaccept:1.0
period:1.0
stand:1.0
thu:1.6931471805599454
far:1.6931471805599454
26:1.0
also:2.386294361119891
say:1.6931471805599454
though:1.6931471805599454
babi:2.09861228866811
size:1.6931471805599454
27:1.6931471805599454
think:2.386294361119891
mention:1.0
inch:1.0
top:1.0
fundu:1.0
13:1.0
14:1.0
must:2.09861228866811
add:1.0
oper:1.6931471805599454
year:1.0
ago:1.0
endometriosi:2.09861228866811
problem:2.09861228866811
appar:1.0
caus:1.6931471805599454
pain:1.6931471805599454
pelvic:1.0
region:1.0
difficult:1.0
time:1.6931471805599454
move:1.6931471805599454
doc:1.6931471805599454
recommend:1.6931471805599454
walk:1.0
unless:1.0
littl:1.6931471805599454
handicap:1.0
sticker:1.0
need:1.6931471805599454
go:2.09861228866811
anyway:2.386294361119891
situat:1.0
almost:1.0
begin:1.0
get:2.09861228866811
sick:1.6931471805599454
throw:1.0
3:1.0
day:1.6931471805599454
mostli:1.0
bile:1.6931471805599454
elimin:1.0
told:1.0
know:1.6931471805599454
eat:2.791759469228055
much:2.386294361119891
due:1.0
nausea:1.0
could:1.0
result:1.0
well:1.0
still:1.6931471805599454
relat:1.0
addit:1.0
begun:1.0
feel:1.6931471805599454
movement:1.0
near:1.0
upper:1.0
right:2.386294361119891
abdomen:1.6931471805599454
breast:1.0
usual:1.0
lie:1.0
side:1.6931471805599454
began:1.0
wors:1.6931471805599454
start:1.6931471805599454
hurt:1.6931471805599454
lay:1.0
matter:1.0
posit:1.0
next:1.0
notic:1.0
ate:1.6931471805599454
greasi:1.0
fatti:1.6931471805599454
food:3.0794415416798357
felt:1.0
like:1.6931471805599454
entir:1.6931471805599454
turn:1.0
stone:1.0
area:1.0
got:1.0
howev:1.0
sauerkraut:1.0
vinegar:1.0
someth:1.6931471805599454
cut:1.0
doctor:1.0
cholistati:1.6931471805599454
avoid:2.09861228866811
make:1.0
sen:1.0
alreadi:1.0
awar:1.0
seem:1.6931471805599454
effect:1.0
relationship:1.0
abl:1.6931471805599454
ricotta:1.0
chees:1.6931471805599454
instanc:1.0
low:2.09861228866811
want:2.09861228866811
non:1.6931471805599454
mean:1.0
meat:1.0
except:1.0
fish:1.0
chicken:1.0
w:1.0
skin:1.0
nut:1.0
fri:1.0
etc:1.0
allow:1.0
skim:1.0
milk:1.0
anyth:1.0
sweet:1.0
e:1.0
banana:1.0
one:2.09861228866811
serv:1.0
high:1.6931471805599454
carbohydr:1.6931471805599454
potato:1.0
pasta:1.0
rice:1.0
even:1.6931471805599454
cook:1.0
veget:2.09861228866811
bit:1.0
oil:1.0
raw:1.0
steam:1.0
understand:1.6931471805599454
digest:1.0
process:1.0
take:1.6931471805599454
expect:1.0
store:1.0
restrict:1.0
clear:1.0
base:1.0
weight:1.6931471805599454
find:1.6931471805599454
inform:1.0
origin:1.0
20:1.6931471805599454
sinc:1.6931471805599454
lb:1.6931471805599454
overweight:1.0
sister:1.0
60:1.0
taken:1.0
ask:1.0
member:1.0
famili:1.0
obes:1.0
none:1.0
overli:1.0
punish:1.0
sever:1.0
may:1.0
temporari:1.0
reason:1.0
would:1.0
tri:1.6931471805599454
realli:1.6931471805599454
assum:1.0
use:1.0
energi:1.0
opinion:1.0
info:1.0
experi:1.0
appreci:1.0
truli:1.0
stark:1.0
rave:1.0
mad:1.0
meet:1.0
new:1.0
strict:1.0
fruit:1.0
system:1.0
minut:1.0
end:1.0
constantli:1.0
satisfi:1.0
thank:1.0
