eulenbrg:1.0
carson:1.6931471805599454
u:1.6931471805599454
washington:2.09861228866811
edu:1.6931471805599454
julia:1.0
eulenberg:1.0
subject:1.0
arythmia:1.0
articl:1.0
shelley:1.0
1r7mfbinnhvu:1.0
organ:1.0
univers:1.0
line:1.0
2:1.0
nntp:1.0
post:1.0
host:1.0
alexi:1.0
perri:1.0
ask:1.0
low:1.0
blood:1.0
potassium:1.0
could:1.0
danger:1.0
ye:1.0
zz:1.0
