mmatusev:1.0
radford:1.6931471805599454
vak12:1.0
edu:1.0
melissa:1.0
n:1.0
matusevich:1.0
subject:1.0
help:1.0
inject:2.09861228866811
organ:1.0
virginia:1.0
public:1.0
educ:1.0
network:1.0
line:1.0
5:1.0
accord:1.0
previou:1.0
poster:1.0
one:1.6931471805599454
seek:1.0
doctor:1.0
assist:1.0
sumatriptin:1.0
sp:1.0
oneself:1.0
immedi:1.0
upon:1.0
onset:1.0
migrain:1.0
