choueiri:2.386294361119891
liasun1:1.6931471805599454
epfl:2.09861228866811
ch:2.386294361119891
berth:1.6931471805599454
subject:1.0
french:1.6931471805599454
english:2.09861228866811
translat:1.6931471805599454
medic:2.386294361119891
term:1.6931471805599454
organ:1.0
ecol:1.6931471805599454
polytechniqu:1.6931471805599454
federal:1.6931471805599454
de:1.6931471805599454
lausann:2.09861228866811
line:1.0
41:2.386294361119891
nntp:1.0
post:1.6931471805599454
host:1.0
dear:1.0
netter:1.0
sure:1.0
whether:1.0
right:1.0
place:1.0
queri:1.0
thought:1.0
may:1.6931471805599454
bilingu:1.0
physician:1.0
newsgroup:1.6931471805599454
could:1.0
help:1.6931471805599454
plea:1.6931471805599454
excus:1.0
overload:1.0
bandwidth:1.0
tri:1.0
build:1.0
resourc:1.0
alloc:1.0
program:1.0
manag:1.0
surgic:1.0
oper:1.6931471805599454
unit:1.0
hospit:1.0
user:1.0
interfac:1.0
howev:1.0
specialti:1.0
given:1.0
dictionari:1.0
handi:1.0
mine:1.0
technic:1.0
univers:1.6931471805599454
need:1.0
get:1.0
one:1.0
follow:1.0
word:1.0
refer:1.0
categori:1.0
room:1.0
theater:1.0
admit:1.0
use:1.0
1:1.0
sceptiqu:1.0
2:1.0
orl:1.0
3:1.0
brulur:1.0
brule:1.0
4:1.0
ne:1.6931471805599454
onat:1.0
5:1.0
pre:1.6931471805599454
natal:1.0
6:1.0
matur:1.0
7:1.0
neurochirurgi:1.0
neuro:1.0
surgeri:1.0
8:1.0
chirurgi:1.6931471805599454
ge:1.0
rale:1.0
9:1.0
plastiqu:1.0
10:1.0
urologi:1.0
urolog:1.0
thank:1.0
cheer:1.0
lia:1.6931471805599454
di:1.6931471805599454
ecublen:1.0
1015:1.0
switzerland:1.0
voic:1.0
21:2.09861228866811
693:2.09861228866811
52:1.6931471805599454
77:1.0
66:1.0
78:1.0
tfax:1.0
25:1.0
p:1.0
repli:1.0
e:1.0
mail:1.0
possibl:1.0
sinc:1.0
scan:1.0
quickli:1.0
messag:1.0
