ffujita:1.0
psych:1.0
uiuc:1.0
edu:1.0
frank:1.6931471805599454
fujita:1.6931471805599454
subject:1.0
choler:1.6931471805599454
great:1.0
nt:1.0
nf:1.0
semant:1.0
war:1.0
organ:1.0
univers:1.0
illinoi:1.0
urbana:1.0
line:1.0
6:1.0
also:1.0
rememb:1.0
peopl:1.0
map:1.0
sanguin:1.0
melenchol:1.0
phlegmat:1.0
divis:1.0
onto:1.0
extravers:1.0
neurotic:1.6931471805599454
dimens:1.0
like:1.0
eysenck:1.0
mbti:1.0
deal:1.0
costa:1.0
mccrae:1.0
