paulson:2.6094379124341005
tab00:1.0
larc:2.6094379124341005
nasa:3.0794415416798357
gov:2.791759469228055
sharon:2.09861228866811
subject:1.0
food:1.0
relat:1.0
seizur:2.386294361119891
organ:1.6931471805599454
langley:1.6931471805599454
research:2.09861228866811
center:1.6931471805599454
hampton:1.6931471805599454
va:1.0
usa:1.0
line:1.6931471805599454
48:1.0
c5uq9b:2.09861228866811
lrj:2.09861228866811
toad:2.09861228866811
pgh:2.09861228866811
pa:2.09861228866811
u:2.386294361119891
c5x3l0:1.6931471805599454
3r8:1.6931471805599454
athena:2.386294361119891
c:2.386294361119891
uga:3.1972245773362196
edu:3.70805020110221
nntp:1.6931471805599454
post:2.09861228866811
host:1.6931471805599454
cmb00:1.6931471805599454
repli:1.0
mcovingt:2.6094379124341005
aisun3:2.6094379124341005
ai:2.9459101490553135
messag:1.0
fri:1.6931471805599454
23:1.6931471805599454
apr:1.6931471805599454
1993:1.6931471805599454
03:1.6931471805599454
41:1.6931471805599454
24:1.6931471805599454
gmt:1.6931471805599454
articl:2.386294361119891
michael:2.09861228866811
covington:2.09861228866811
write:2.09861228866811
newsgroup:1.0
sci:1.0
med:1.0
path:1.0
news:1.0
saimiri:1.0
primat:1.0
wisc:1.0
sdd:1.0
hp:1.0
com:1.6931471805599454
elroy:1.0
jpl:1.0
swrind:1.0
zaphod:1.0
mp:1.0
ohio:1.0
state:1.0
howland:1.0
reston:1.0
an:1.0
net:1.0
europa:1.0
eng:1.0
gtefsd:1.0
emori:1.0
sender:1.0
usenet:1.0
program:1.6931471805599454
univers:1.6931471805599454
georgia:2.09861228866811
athen:1.6931471805599454
refer:1.0
93apr19081647:1.0
116305:1.6931471805599454
bu:2.09861228866811
date:1.0
27:1.0
geb:1.0
pitt:1.0
gordon:1.6931471805599454
bank:1.6931471805599454
dozonoff:1.0
david:1.0
ozonoff:1.0
mani:1.0
cereal:1.6931471805599454
corn:3.0794415416798357
base:1.6931471805599454
look:1.0
literatur:1.0
locat:1.0
two:1.6931471805599454
implic:1.0
contain:1.0
tryptophan:1.0
idea:1.0
diet:1.0
might:1.0
potenti:1.0
alreadi:1.0
exist:1.0
latent:1.0
disord:1.0
caus:1.0
check:1.0
see:1.0
kellog:1.0
interest:1.0
year:1.0
ago:1.0
intern:1.0
obes:1.0
young:1.0
woman:1.0
brought:1.0
er:1.0
comatos:1.0
report:1.0
grand:1.0
mal:1.0
attend:1.0
festiv:1.0
pump:1.0
stomach:1.0
obtain:1.0
seem:1.0
like:1.0
coupl:1.0
liter:1.0
much:1.0
intact:1.0
kernal:1.0
hour:1.0
woke:1.0
fine:1.0
tempt:1.0
sign:1.0
acut:1.0
intox:1.0
n3jxp:1.0
skeptic:1.0
chastiti:1.0
intellect:1.0
contamin:1.0
e:1.0
g:1.0
aflatoxin:1.6931471805599454
associ:1.0
scientist:1.0
artifici:1.0
intellig:1.0
phone:1.0
706:1.0
542:1.0
0358:1.0
30602:1.0
7415:1.0
amateur:1.0
radio:1.0
n4tmi:1.0
bldg:1.0
1192d:1.0
mailstop:1.0
156:1.0
work:1.0
804:1.6931471805599454
864:1.0
2241:1.0
virginia:1.0
23681:1.0
home:1.0
596:1.0
2362:1.0
