rind:2.386294361119891
enterpris:2.09861228866811
bih:2.09861228866811
harvard:2.791759469228055
edu:2.9459101490553135
david:1.6931471805599454
subject:1.0
arrhythmia:2.09861228866811
organ:1.0
beth:1.0
israel:1.0
hospit:1.0
medic:1.6931471805599454
school:1.0
boston:1.0
mass:1.0
usa:1.0
line:1.0
26:1.0
nntp:1.0
post:1.0
host:1.0
articl:1.6931471805599454
1993apr22:1.6931471805599454
205509:1.0
23198:1.0
husc3:1.0
perry1:1.0
husc10:1.0
alexi:1.0
perri:1.0
write:1.6931471805599454
031423:1.0
1:1.0
vaxc:1.6931471805599454
steven:1.6931471805599454
tech:1.6931471805599454
u96:1.0
averba:1.0
doctor:1.6931471805599454
said:1.0
could:2.09861228866811
die:1.0
caus:1.0
ti:1.0
seriou:2.09861228866811
ekg:1.6931471805599454
often:1.0
come:1.0
back:1.0
irregular:1.6931471805599454
beat:2.09861228866811
anoth:1.0
question:1.0
low:2.6094379124341005
blood:1.6931471805599454
potassium:2.386294361119891
level:2.6094379124341005
bad:1.0
seem:1.6931471805599454
concern:1.0
tend:1.0
worri:1.0
much:1.6931471805599454
gener:1.0
term:1.0
usual:1.0
use:1.0
encompass:1.0
wide:1.0
rang:1.0
abnorm:1.0
heart:1.6931471805599454
rhythm:1.0
cardiac:1.0
dysrhythmia:1.0
other:1.0
complet:1.0
benign:1.0
depend:1.0
occur:1.0
signific:1.0
probabl:1.0
predispos:1.0
peopl:1.0
underli:1.0
diseas:1.0
develop:1.0
clearli:1.0
danger:1.0
clear:1.0
problem:1.0
end:1.0
normal:1.6931471805599454
lot:1.0
cardiologist:1.0
treat:1.0
anyon:1.0
even:1.0
mildli:1.0
