jenk:2.09861228866811
microsoft:2.386294361119891
com:2.09861228866811
jen:2.09861228866811
kilmer:1.6931471805599454
subject:1.0
sex:1.6931471805599454
educ:1.0
organ:1.0
corpor:1.0
line:1.0
27:1.0
articl:1.0
apr:1.6931471805599454
7:1.0
23:1.6931471805599454
20:1.0
08:1.0
1993:1.6931471805599454
14209:1.0
atho:1.6931471805599454
rutger:1.6931471805599454
edu:2.09861228866811
mprc:1.0
troi:1.0
cc:1.0
rochest:1.0
price:1.0
write:1.6931471805599454
5:1.0
31:1.0
32:1.0
23904:1.0
method:1.0
expect:1.0
actual:1.0
failur:1.6931471805599454
rate:1.6931471805599454
abstin:2.09861228866811
0:1.6931471805599454
figur:1.0
seem:1.0
take:1.0
account:1.0
rape:1.6931471805599454
woman:1.0
consid:1.0
abstain:1.0
longer:1.0
textbook:1.0
defin:1.0
someth:1.0
like:1.0
contact:1.0
peni:1.0
vagina:1.6931471805599454
vulva:2.386294361119891
area:1.6931471805599454
immedi:1.0
surround:1.6931471805599454
transfer:1.0
semen:1.0
discus:1.0
outsid:1.0
marriag:1.0
moral:1.6931471805599454
wrong:1.0
keep:1.0
sperm:1.0
away:1.0
ovum:1.0
concept:1.0
imposs:1.0
question:1.0
recal:1.0
teacher:1.0
ask:1.0
okay:1.0
creat:1.0
child:1.0
abl:1.0
good:1.0
parent:1.0
yet:1.0
includ:1.0
stdisclaim:1.0
msdo:1.0
test:1.0
