xx155:1.6931471805599454
yfn:1.6931471805599454
ysu:1.6931471805599454
edu:1.6931471805599454
famili:1.6931471805599454
magazin:1.6931471805599454
sysop:1.6931471805599454
subject:1.0
wit:2.6094379124341005
proof:1.6931471805599454
christ:3.9444389791664403
resurrect:3.0794415416798357
repli:1.0
organ:1.0
st:1.0
elizabeth:1.0
hospit:1.0
youngstown:1.0
oh:1.0
line:1.0
143:1.0
immmmmmmmmmmmmmmmmmmmmmmmmmmmmmmmmmmmmmmmmmmmmmmmmmmmmmmmmmm:1.0
h:2.09861228866811
e:2.9459101490553135
w:1.0
n:1.6931471805599454
p:1.0
r:2.791759469228055
f:2.09861228866811
j:1.0
u:1.6931471805599454
c:1.6931471805599454
hmmmmmmmmmmmmmmmmmmmmmmmmmmmmmmmmmmmmmmmmmmmmmmmmmmmmmmmmmmm:1.0
lord:1.0
jesu:3.1972245773362196
mark:2.386294361119891
8:1.6931471805599454
31:1.6931471805599454
began:1.0
teach:1.6931471805599454
son:1.6931471805599454
man:2.386294361119891
must:2.09861228866811
suffer:2.09861228866811
mani:1.6931471805599454
thing:1.0
reject:1.0
elder:1.0
chief:1.0
priest:1.0
scribe:1.0
kill:2.6094379124341005
three:2.09861228866811
day:2.791759469228055
rise:3.1972245773362196
9:2.09861228866811
discipl:2.09861228866811
tell:1.0
deliv:2.09861228866811
hand:1.0
men:1.6931471805599454
later:1.6931471805599454
10:1.6931471805599454
34:1.0
mock:1.0
spit:1.0
upon:1.6931471805599454
scourg:1.6931471805599454
12:1.6931471805599454
26:2.09861228866811
regard:1.0
fact:1.6931471805599454
dead:3.5649493574615367
read:1.0
book:1.0
mose:1.0
passag:1.0
burn:1.0
bush:1.0
god:3.302585092994046
spoke:1.0
say:2.09861228866811
abraham:1.0
isaac:1.0
jacob:1.0
luke:1.6931471805599454
18:1.6931471805599454
33:1.0
third:2.09861228866811
24:1.6931471805599454
46:1.0
said:1.6931471805599454
thu:1.0
written:1.0
john:1.6931471805599454
11:1.6931471805599454
25:1.6931471805599454
life:1.6931471805599454
believ:2.386294361119891
shall:1.6931471805599454
live:1.0
even:2.6094379124341005
die:2.09861228866811
20:2.386294361119891
yet:1.6931471805599454
understand:1.0
scriptur:2.09861228866811
act:1.0
17:1.6931471805599454
3:2.09861228866811
explain:1.0
give:1.0
evid:1.0
proclaim:1.0
apostl:2.386294361119891
paul:1.0
1:2.386294361119891
corinthian:1.0
15:1.6931471805599454
make:1.0
known:1.0
brother:1.6931471805599454
gospel:1.0
preach:2.6094379124341005
also:3.1972245773362196
receiv:1.6931471805599454
stand:1.6931471805599454
2:1.6931471805599454
save:1.0
hold:1.0
fast:1.0
word:1.0
unless:1.0
vain:2.386294361119891
first:2.09861228866811
import:1.0
sin:1.6931471805599454
accord:1.6931471805599454
4:1.6931471805599454
buri:1.0
rais:3.3978952727983707
5:1.6931471805599454
appear:2.386294361119891
cepha:1.0
twelv:1.0
6:1.0
five:1.0
hundr:1.0
one:1.6931471805599454
time:1.0
remain:1.0
fallen:1.6931471805599454
asleep:2.09861228866811
7:1.0
jame:1.0
last:1.6931471805599454
untim:1.0
born:1.0
least:1.0
fit:1.0
call:1.0
persecut:1.0
church:1.0
grace:2.09861228866811
toward:1.0
prove:1.0
labor:1.0
whether:1.0
among:1.0
13:1.0
14:1.0
faith:1.6931471805599454
moreov:1.0
found:1.0
fals:1.0
16:1.0
worthless:1.0
still:1.0
perish:1.0
19:1.0
hope:1.0
piti:1.0
fruit:1.6931471805599454
21:1.0
sinc:1.0
came:1.6931471805599454
death:1.6931471805599454
22:1.0
adam:1.0
made:1.0
aliv:1.0
23:1.0
order:1.0
come:1.6931471805599454
end:1.0
kingdom:1.0
father:1.0
abolish:1.6931471805599454
rule:1.0
author:1.0
power:1.0
reign:1.0
put:1.0
enemi:2.09861228866811
foot:1.0
logic:1.0
would:2.09861228866811
stolen:2.09861228866811
bodi:2.386294361119891
perpetr:1.6931471805599454
opposit:1.0
desir:1.0
could:1.0
pontiu:1.0
pilat:1.0
establish:1.0
guard:1.0
watch:1.0
tomb:1.0
lest:1.0
sadli:1.0
iron:1.0
risen:1.0
nearli:1.6931471805599454
centuri:1.6931471805599454
ever:1.0
produc:1.0
refut:1.0
assert:1.0
inde:1.0
probabl:1.0
abl:1.0
hoax:1.0
success:1.0
entir:1.0
world:1.0
astronom:1.0
neg:1.0
