jodfish:1.0
silver:1.0
uc:1.0
indiana:1.6931471805599454
edu:1.0
joseph:1.0
dale:1.0
fisher:1.6931471805599454
subject:1.0
ancient:1.0
book:1.0
organ:1.0
univers:1.0
line:1.0
8:1.0
cours:1.0
still:1.0
recommend:1.0
michael:1.6931471805599454
read:1.0
true:1.0
reason:1.0
dougla:1.0
jacobi:1.0
joe:1.0
oh:1.0
wait:1.0
see:1.0
dent:1.0
armor:1.0
faith:1.0
waver:1.0
sinc:1.0
day:1.0
becam:1.0
discipl:1.0
may:1.0
want:1.0
tri:1.0
sometim:1.0
life:1.0
chang:1.0
