mhsu:1.0
lonestar:1.0
utsa:1.0
edu:1.6931471805599454
melinda:1.0
hsu:1.0
subject:1.0
arrog:2.09861228866811
christian:3.3978952727983707
organ:1.0
univers:1.0
texa:1.0
san:1.6931471805599454
antonio:1.6931471805599454
line:1.0
74:1.0
like:1.6931471805599454
share:1.0
thought:1.0
topic:1.6931471805599454
look:1.0
forward:1.0
respons:1.0
encount:1.0
find:1.6931471805599454
dismay:1.0
belief:2.09861228866811
faith:2.386294361119891
total:1.0
truth:2.6094379124341005
accord:1.0
come:1.0
bibl:1.6931471805599454
word:1.0
god:1.6931471805599454
thu:1.0
know:2.6094379124341005
stanc:1.0
make:1.0
difficult:1.0
discus:2.386294361119891
hesit:1.0
see:2.386294361119891
way:2.6094379124341005
aris:1.0
will:1.0
choic:2.386294361119891
believ:2.386294361119891
particular:1.0
part:1.6931471805599454
reason:1.0
seem:2.09861228866811
remind:1.0
schoolyard:1.0
grade:1.0
school:1.0
kid:1.6931471805599454
would:1.0
say:2.386294361119891
policeman:1.0
jerk:1.0
ask:1.0
daddi:1.6931471805599454
told:1.0
right:2.386294361119891
alway:1.0
well:1.6931471805599454
argument:1.0
usual:1.0
stop:1.0
end:1.0
grope:1.0
author:1.0
declar:1.0
besid:1.0
fals:2.09861228866811
third:1.0
time:1.0
brow:1.0
newsgroup:1.0
apolog:1.0
cover:1.0
tire:1.0
old:1.0
ground:1.0
piqu:1.0
interest:1.6931471805599454
welcom:1.0
comment:1.0
loui:1.0
j:1.0
kim:1.0
ph:1.0
512:1.6931471805599454
522:1.6931471805599454
5556:1.0
southwest:1.0
research:1.0
institut:1.0
fax:1.0
3042:1.0
post:1.0
offic:1.0
drawer:1.0
28510:1.0
lkim:1.0
swri:1.0
tx:1.0
78228:1.0
0510:1.0
76450:1.0
2231:1.0
compuserv:1.0
com:1.0
sort:2.09861228866811
mystifi:1.0
might:1.0
respond:1.0
understand:1.6931471805599454
critic:1.0
enough:1.6931471805599454
evid:2.386294361119891
good:1.0
religion:2.386294361119891
agre:1.0
clearli:1.0
plenti:1.0
intellig:1.0
peopl:2.6094379124341005
convinc:1.0
point:1.0
rather:1.6931471805599454
upset:1.0
true:1.0
also:2.09861228866811
thing:2.791759469228055
contradict:1.6931471805599454
suggest:1.0
model:1.6931471805599454
spiritu:2.386294361119891
differ:1.0
one:2.09861228866811
sound:1.0
existentialist:1.0
view:1.0
choos:1.6931471805599454
valu:1.0
follow:1.0
actual:2.09861228866811
independ:1.0
realiti:1.6931471805599454
specif:1.6931471805599454
uniqu:1.0
sen:1.0
modif:1.0
anoth:1.0
may:2.09861228866811
appropri:1.0
essen:1.0
histor:1.0
base:1.0
concept:1.6931471805599454
entiti:1.0
interven:1.0
histori:1.6931471805599454
mundan:1.0
world:1.0
free:1.0
work:1.0
drop:1.0
someth:1.0
fall:1.0
asid:1.0
defin:1.0
situat:1.0
matter:1.6931471805599454
extern:1.0
hope:1.0
honest:1.0
claim:1.0
perfect:1.0
think:2.09861228866811
everyth:1.0
confid:1.0
impli:1.0
el:1.0
could:1.0
proceed:1.0
result:1.0
certainli:1.0
talk:1.0
teach:1.0
even:1.6931471805599454
respect:1.6931471805599454
fellow:1.0
human:1.0
be:1.0
got:1.0
possibl:1.0
wrong:1.6931471805599454
mayb:1.0
disaster:1.0
clh:1.0
