vbv:1.6931471805599454
r2d2:1.6931471805599454
eeap:1.6931471805599454
cwru:2.09861228866811
edu:2.09861228866811
virgilio:2.09861228866811
dean:2.09861228866811
b:1.6931471805599454
velasco:2.09861228866811
jr:2.09861228866811
subject:1.0
arrog:1.6931471805599454
christian:2.6094379124341005
organ:1.0
case:1.0
western:1.0
reserv:1.0
univ:1.0
cleveland:1.0
ohio:1.0
usa:1.0
line:1.0
56:1.0
articl:1.0
apr:1.0
10:1.0
05:1.0
32:1.0
29:1.0
1993:1.0
14388:1.0
atho:1.0
rutger:1.0
caralv:1.6931471805599454
auto:1.0
trol:1.0
com:1.0
carol:1.0
alvin:1.0
write:1.6931471805599454
imo:1.0
mr:1.6931471805599454
stowel:1.6931471805599454
miss:1.0
point:1.0
affirm:1.0
absolut:3.70805020110221
scriptur:2.386294361119891
moralist:1.0
believ:2.09861228866811
god:1.6931471805599454
truth:3.3978952727983707
reveal:1.0
word:1.0
therefor:1.6931471805599454
hold:1.0
preciou:1.0
strateg:1.0
import:1.0
seem:1.0
jump:1.0
rather:1.0
strang:1.0
see:1.0
necessarili:1.0
follow:1.0
also:1.0
answer:1.6931471805599454
either:1.0
question:1.6931471805599454
perhap:1.0
explain:1.0
determin:1.0
part:1.0
ye:1.0
true:2.6094379124341005
inspir:1.0
evid:1.0
claim:2.09861228866811
discus:1.0
ad:1.0
nauseum:1.0
group:1.6931471805599454
similarli:1.0
inde:1.6931471805599454
non:1.0
contradict:2.09861228866811
term:1.6931471805599454
someth:1.0
alway:1.6931471805599454
obvious:1.6931471805599454
mani:1.0
peopl:1.6931471805599454
world:1.6931471805599454
statement:2.09861228866811
terribl:1.0
self:1.0
contradictori:1.0
let:1.0
put:1.0
way:1.0
conclud:1.0
one:1.6931471805599454
reason:1.0
defi:1.0
univers:1.6931471805599454
hardli:1.0
consensu:1.0
even:1.0
evangel:2.09861228866811
mention:1.0
rest:1.0
regard:1.0
biblic:1.0
interpret:1.0
sometim:1.0
disagre:1.0
negat:1.0
fact:1.0
howev:1.0
still:1.6931471805599454
moreov:1.0
least:1.0
profess:1.6931471805599454
certain:1.0
man:2.09861228866811
sin:1.6931471805599454
need:1.0
salvat:1.0
jesu:1.0
propiti:1.0
mankind:1.0
name:1.0
accur:1.0
call:1.0
depart:1.0
electr:1.0
eng:1.0
g:1.0
appli:1.0
physic:1.0
graduat:1.0
student:1.0
roboticist:1.0
train:1.0
q:1.0
wannabe:1.0
bullwinkl:1.0
intimid:1.0
refere:1.0
bos:1.0
well:1.0
look:1.0
like:1.0
jewish:1.0
carpent:1.0
