bocherc:1.0
hartwick:1.0
edu:1.0
subject:1.0
god:1.6931471805599454
love:1.6931471805599454
line:1.0
5:1.0
simpli:1.0
wish:1.0
thank:1.0
dave:1.6931471805599454
mielk:1.0
bnr:1.0
ca:1.0
share:1.0
tract:1.0
concern:1.0
welcom:1.0
great:1.0
sourc:1.0
comfort:1.0
carol:1.0
bocher:1.0
