caralv:2.6094379124341005
auto:2.09861228866811
trol:2.09861228866811
com:2.09861228866811
carol:2.09861228866811
alvin:2.09861228866811
subject:1.0
arrog:1.0
christian:2.386294361119891
line:1.0
72:1.0
vbv:1.0
r2d2:1.0
eeap:1.0
cwru:1.0
edu:1.6931471805599454
virgilio:1.0
dean:1.0
b:1.0
velasco:1.0
jr:1.0
write:1.6931471805599454
articl:1.0
apr:1.0
10:1.0
05:1.0
32:1.0
29:1.0
1993:1.0
14388:1.0
atho:1.0
rutger:1.0
truth:3.302585092994046
also:1.0
absolut:4.091042453358316
scriptur:3.0794415416798357
therefor:1.6931471805599454
answer:1.6931471805599454
either:1.0
question:1.6931471805599454
perhap:1.6931471805599454
explain:1.0
determin:2.386294361119891
part:1.6931471805599454
ye:1.0
differ:1.0
definit:2.09861228866811
someth:2.09861228866811
constant:1.0
across:1.0
time:1.0
cultur:1.0
situat:1.0
etc:1.6931471805599454
true:2.6094379124341005
everi:1.0
instanc:1.0
possibl:1.0
agre:1.6931471805599454
think:1.6931471805599454
similarli:1.0
inde:1.6931471805599454
non:1.0
contradict:2.09861228866811
term:1.6931471805599454
alway:1.6931471805599454
obvious:1.6931471805599454
simpl:1.0
exampl:1.6931471805599454
new:1.0
testament:1.0
sorri:1.0
bibl:1.6931471805599454
work:1.0
provid:1.0
refer:1.0
woman:2.386294361119891
instruct:1.0
silent:1.0
cover:1.6931471805599454
head:2.386294361119891
church:2.6094379124341005
speak:2.09861228866811
seem:1.0
come:2.09861228866811
bare:1.6931471805599454
intoler:1.0
evangel:2.6094379124341005
yet:1.0
clearli:1.6931471805599454
least:1.0
case:1.0
grew:1.0
take:1.0
particular:1.0
plenti:1.0
reconcil:1.0
mani:1.0
peopl:1.6931471805599454
claim:2.6094379124341005
world:1.6931471805599454
statement:1.6931471805599454
terribl:1.0
self:1.0
contradictori:1.0
let:1.0
put:1.0
way:1.0
conclud:1.0
though:1.0
difficult:1.6931471805599454
one:1.0
reason:1.0
defi:1.0
univers:1.6931471805599454
hardli:1.0
consensu:1.0
even:1.0
mention:1.0
rest:1.0
regard:1.0
biblic:1.0
interpret:2.6094379124341005
sometim:1.0
disagre:1.0
negat:1.0
fact:1.6931471805599454
howev:1.0
still:1.0
deriv:1.0
see:1.0
base:1.0
deni:1.6931471805599454
background:1.0
educ:1.0
prejudic:1.0
play:1.0
read:1.0
passsag:1.0
