darndt:1.6931471805599454
nic:1.6931471805599454
gac:1.6931471805599454
edu:1.6931471805599454
david:1.0
arndt:1.6931471805599454
subject:1.6931471805599454
johnni:1.6931471805599454
hart:1.6931471805599454
b:1.6931471805599454
c:1.6931471805599454
comic:1.6931471805599454
strip:2.09861228866811
mail:1.6931471805599454
address:1.6931471805599454
organ:1.0
gustavu:1.0
adolphu:1.0
colleg:1.0
line:1.0
17:1.0
pretti:1.0
much:1.0
say:1.0
look:1.6931471805599454
creator:1.0
stip:1.0
seen:1.0
take:1.0
good:1.0
friday:1.0
easter:1.0
sunday:1.0
remark:1.0
wit:1.0
anyon:1.0
help:1.6931471805599454
get:1.6931471805599454
touch:1.0
realli:1.0
appreci:1.0
contact:1.0
paper:1.0
carri:1.0
back:1.0
thank:1.0
dave:1.0
st:1.6931471805599454
peter:1.6931471805599454
evangel:1.0
lutheran:1.0
church:1.0
mn:1.0
56082:1.0
