johnsd2:1.6931471805599454
rpi:1.6931471805599454
edu:2.386294361119891
dan:1.6931471805599454
johnson:1.6931471805599454
subject:1.0
accept:1.6931471805599454
jeesu:1.0
heart:1.6931471805599454
repli:1.0
organ:1.0
sun:1.0
microsystem:1.0
line:1.0
95:1.0
articl:1.0
28388:1.0
atho:1.0
rutger:1.0
jayn:1.6931471805599454
mmalt:1.0
guild:1.0
org:1.0
kulikauska:1.0
write:1.6931471805599454
gsu0033:1.0
uxa:1.0
ecn:1.0
bgu:1.0
eric:2.791759469228055
mola:1.6931471805599454
firstli:1.0
atheist:2.6094379124341005
post:1.6931471805599454
immatur:1.0
flame:1.0
start:1.0
rather:1.0
express:1.0
opinion:2.386294361119891
intend:1.0
audienc:1.0
delet:1.0
anim:1.0
need:1.6931471805599454
sleep:1.0
food:1.0
reproduc:1.0
die:1.0
meant:1.0
defend:1.0
find:1.0
somewhat:1.0
annoy:1.6931471805599454
someon:1.0
pop:1.0
alt:1.0
atheism:1.0
tell:1.0
u:1.0
usual:1.0
belief:1.6931471805599454
certainli:1.6931471805599454
see:1.6931471805599454
christian:2.09861228866811
might:1.6931471805599454
like:2.09861228866811
point:1.6931471805599454
thing:2.09861228866811
glad:1.0
seem:1.0
tragic:1.0
peopl:1.6931471805599454
choos:2.09861228866811
meaningless:1.0
exist:2.09861228866811
mean:2.6094379124341005
god:2.9459101490553135
view:1.0
want:2.09861228866811
life:2.9459101490553135
get:2.09861228866811
go:1.6931471805599454
make:2.09861228866811
free:2.09861228866811
gift:1.0
never:1.0
quit:2.09861228866811
understood:1.0
give:1.6931471805599454
actual:1.0
say:1.6931471805599454
x:1.0
purpos:1.0
care:1.0
digress:1.0
terribl:1.6931471805599454
live:2.6094379124341005
one:1.6931471805599454
fear:1.0
death:1.0
would:2.09861228866811
trueli:1.0
miser:1.0
doubt:1.0
endur:1.0
enjoy:1.0
purposeful:1.0
someth:1.6931471805599454
done:1.0
endeavour:1.0
otherwis:1.0
feel:1.0
sorri:1.0
yet:1.6931471805599454
attempt:1.0
share:1.0
joy:2.386294361119891
consid:1.0
evid:2.09861228866811
infecti:1.0
natur:1.0
probabl:1.6931471805599454
true:1.0
remeb:1.0
almost:1.0
particular:1.0
illus:1.0
mayb:1.0
bad:1.0
human:2.386294361119891
person:1.6931471805599454
think:2.6094379124341005
love:1.6931471805599454
creat:1.6931471805599454
forev:1.6931471805599454
ah:1.0
begin:1.0
diverg:1.0
anyon:1.0
either:1.0
welcom:1.0
matter:1.0
christ:1.6931471805599454
kind:1.0
drug:2.09861228866811
tend:1.0
agre:1.0
unlik:1.0
religion:1.0
normal:1.6931471805599454
part:1.0
societi:1.0
outliv:1.0
useful:1.0
ordinari:1.0
prove:1.0
lethal:1.0
replac:1.0
empti:1.0
spot:1.0
shape:1.6931471805599454
hole:1.6931471805599454
must:1.0
ea:1.0
pain:1.0
heard:1.0
claim:1.6931471805599454
time:1.6931471805599454
anybodi:1.0
know:2.09861228866811
first:1.0
came:1.0
busi:1.0
effect:1.0
substanc:1.0
abus:1.0
recoveri:1.0
program:1.0
involv:1.0
meet:1.0
spiritu:1.0
provid:1.0
next:1.0
thank:1.0
help:1.0
appreci:1.0
much:1.0
bless:1.0
hope:1.0
someday:1.0
fill:1.6931471805599454
abund:1.6931471805599454
wise:1.0
assum:1.0
le:1.0
hold:1.0
certain:1.0
said:1.0
jeez:1.0
dull:1.6931471805599454
genesi:1.0
0:1.6931471805599454
show:1.0
