vbv:1.6931471805599454
r2d2:1.6931471805599454
eeap:1.6931471805599454
cwru:2.09861228866811
edu:2.386294361119891
virgilio:2.09861228866811
dean:2.09861228866811
b:1.6931471805599454
velasco:2.09861228866811
jr:2.09861228866811
subject:1.0
arrog:1.0
christian:2.09861228866811
organ:1.0
case:1.0
western:1.0
reserv:1.0
univ:1.0
cleveland:1.0
ohio:1.0
usa:1.0
line:1.0
72:1.0
articl:1.6931471805599454
apr:1.6931471805599454
13:1.0
00:1.0
08:1.0
35:1.0
1993:1.6931471805599454
28412:1.0
atho:1.6931471805599454
rutger:1.6931471805599454
caralv:2.386294361119891
auto:1.6931471805599454
trol:1.6931471805599454
com:1.6931471805599454
carol:1.6931471805599454
alvin:1.6931471805599454
write:2.09861228866811
10:1.0
05:1.0
32:1.0
29:1.0
14388:1.0
truth:3.5649493574615367
also:1.0
absolut:3.70805020110221
scriptur:2.6094379124341005
therefor:1.6931471805599454
answer:1.6931471805599454
either:1.0
question:1.6931471805599454
perhap:1.6931471805599454
explain:1.0
determin:1.0
part:1.6931471805599454
ye:2.09861228866811
differ:1.0
definit:2.386294361119891
someth:2.09861228866811
constant:1.0
across:1.0
time:1.6931471805599454
cultur:1.6931471805599454
situat:1.0
etc:1.6931471805599454
true:2.386294361119891
everi:1.0
instanc:1.6931471805599454
possibl:1.0
agre:1.6931471805599454
think:1.0
similarli:1.0
inde:1.0
non:1.0
contradict:1.6931471805599454
term:2.09861228866811
alway:2.386294361119891
obvious:1.0
use:1.0
rather:1.6931471805599454
decept:1.0
admit:1.0
simpl:1.0
exampl:1.6931471805599454
new:1.0
testament:1.0
sorri:1.0
bibl:2.09861228866811
work:1.0
provid:1.0
refer:1.0
woman:2.09861228866811
instruct:1.0
silent:1.0
cover:1.6931471805599454
head:1.6931471805599454
church:1.0
hold:1.0
said:1.6931471805599454
howev:2.386294361119891
discern:1.0
exactli:1.6931471805599454
jesu:1.0
paul:1.6931471805599454
compani:1.0
tri:2.386294361119891
say:2.09861228866811
easi:1.0
believ:1.0
behav:1.0
way:1.0
circumst:1.0
speak:1.6931471805599454
would:1.0
best:1.0
avoid:1.0
volubl:1.0
maintain:1.6931471805599454
proper:1.0
wit:1.0
toward:1.0
other:1.0
rememb:1.0
number:1.0
relativist:1.0
statement:1.0
deriv:1.0
right:1.6931471805599454
strive:1.0
peac:1.6931471805599454
rule:1.0
world:1.6931471805599454
resort:1.0
violenc:1.0
occas:1.0
opinion:1.0
evangel:1.6931471805599454
clearli:1.0
take:1.0
particular:1.6931471805599454
plenti:1.0
reconcil:1.0
sure:1.0
preach:1.6931471805599454
sometim:2.386294361119891
matter:1.6931471805599454
confus:1.0
fundament:1.0
principl:1.0
crystal:1.0
clear:1.6931471805599454
least:1.0
everyon:1.0
e:1.0
g:1.6931471805599454
baptism:1.0
full:1.0
immers:1.0
larg:1.0
explicitli:1.0
spell:1.0
whether:1.0
writer:1.0
whole:1.0
scholarship:1.0
studi:1.0
biblic:1.0
context:1.0
come:2.09861228866811
difficult:1.0
see:1.0
claim:1.0
base:1.0
interpret:1.6931471805599454
god:1.0
reveal:1.0
word:1.0
utterli:1.0
unavoid:1.0
peopl:1.0
whill:1.0
altern:1.0
practic:1.0
anyth:1.0
misinterpret:1.0
especi:1.0
wrong:1.0
care:1.0
deni:1.0
depart:1.0
electr:1.0
eng:1.0
appli:1.0
physic:1.0
graduat:1.0
student:1.0
roboticist:1.0
train:1.0
q:1.0
wannabe:1.0
bullwinkl:1.0
man:1.0
intimid:1.0
refere:1.0
bos:1.0
well:1.0
look:1.0
like:1.0
one:1.0
jewish:1.0
carpent:1.0
