maridai:1.0
comm:1.0
mot:1.0
com:1.0
marida:1.6931471805599454
ignacio:1.0
subject:1.0
everi:1.0
lent:1.0
suffer:1.0
save:1.0
u:1.0
organ:1.0
trunk:1.0
fix:1.0
line:1.0
17:1.0
correct:1.0
stori:1.0
relat:1.0
one:1.0
seven:1.0
apparit:1.0
approv:1.0
church:1.0
worthi:1.0
belief:1.0
happen:1.0
la:1.6931471805599454
sall:1.0
franc:1.6931471805599454
salett:1.0
1846:1.0
must:1.0
admit:1.0
geographi:1.0
fort:1.0
lamb:1.0
succe:1.0
spread:1.0
god:1.0
word:1.0
action:1.0
mother:1.0
teresa:1.0
