aaronc:1.0
athena:1.0
mit:1.0
edu:1.0
aaron:1.0
bryce:1.0
cardena:1.0
subject:1.0
question:1.0
newbi:1.0
organ:1.0
massachusett:1.0
institut:1.0
technolog:1.0
line:1.0
7:1.0
jerri:1.0
kaufman:1.0
write:1.0
bibl:1.0
say:1.6931471805599454
look:1.0
heart:1.6931471805599454
final:1.6931471805599454
measur:1.0
perspect:1.0
grade:1.0
context:1.0
test:1.6931471805599454
true:1.0
one:1.0
might:1.0
also:1.0
life:1.0
open:1.0
book:1.0
