bassili:2.09861228866811
c:1.6931471805599454
arizona:1.6931471805599454
edu:1.6931471805599454
amgad:1.0
z:1.0
subject:1.0
need:1.0
book:1.6931471805599454
line:1.0
4:1.0
appreci:1.0
anyon:1.0
point:1.0
good:1.0
dead:1.0
sea:1.0
scroll:1.0
qumran:1.0
thank:1.0
advanc:1.0
plea:1.0
repli:1.0
e:1.0
mail:1.0
