petch:1.6931471805599454
gvg47:1.0
gvg:1.0
tek:1.0
com:1.0
chuck:1.0
subject:1.0
daili:1.0
vers:1.0
organ:1.0
grass:1.6931471805599454
valley:1.6931471805599454
group:1.0
ca:1.0
line:1.0
4:1.0
overcom:1.0
inherit:1.0
god:1.0
son:1.0
revel:1.0
21:1.0
7:1.0
