jodfish:1.0
silver:1.0
uc:1.0
indiana:1.6931471805599454
edu:2.09861228866811
joseph:1.0
dale:1.0
fisher:1.6931471805599454
subject:1.0
etern:3.70805020110221
hell:3.0794415416798357
organ:1.0
univers:1.0
line:1.0
98:1.0
articl:1.0
apr:1.0
13:1.6931471805599454
00:1.0
09:1.0
04:1.0
1993:1.0
28448:1.0
atho:1.0
rutger:1.0
dlecoint:1.0
garnet:1.0
acn:1.0
fsu:1.0
dariu:1.6931471805599454
lecoint:1.0
write:1.0
insert:1.0
delet:1.0
unnecessari:1.0
quot:1.6931471805599454
notion:1.0
god:2.6094379124341005
take:2.09861228866811
sort:1.6931471805599454
pleasur:1.6931471805599454
punish:2.9459101490553135
peopl:3.302585092994046
purpos:1.0
destroy:1.6931471805599454
devil:2.6094379124341005
angel:2.6094379124341005
first:1.0
merci:1.6931471805599454
compass:1.6931471805599454
ex:1.0
33:1.0
19:1.6931471805599454
howev:1.0
enjoy:1.0
send:2.09861228866811
would:1.6931471805599454
jesu:1.0
seek:1.0
save:1.0
lost:1.0
luke:1.6931471805599454
10:2.09861228866811
earlier:1.0
poster:1.0
tri:1.0
support:1.0
theori:2.09861228866811
fact:1.6931471805599454
fallen:1.0
rememb:1.0
bibl:1.6931471805599454
teach:1.0
reserv:1.0
day:1.6931471805599454
judgement:2.09861228866811
soon:1.0
come:1.0
let:1.0
suggest:1.0
mayb:1.0
believ:1.0
provid:1.0
biblic:1.0
evid:1.0
find:1.0
stay:1.6931471805599454
away:1.0
human:1.6931471805599454
account:1.0
refer:1.6931471805599454
ask:1.0
2:3.302585092994046
peter:1.6931471805599454
4:1.6931471805599454
ff:1.6931471805599454
talk:3.1972245773362196
ungodli:1.0
matthew:1.6931471805599454
25:1.6931471805599454
31:1.6931471805599454
46:1.6931471805599454
also:1.0
clear:1.0
righteou:1.0
eye:1.0
sent:1.0
thessalonian:2.386294361119891
1:1.6931471805599454
6:2.386294361119891
state:1.0
caus:1.0
troubl:1.0
discipl:1.0
everlast:2.09861228866811
destruct:2.9459101490553135
shut:1.0
presenc:1.0
lord:1.0
9:2.6094379124341005
12:2.09861228866811
refus:1.0
love:1.0
truth:1.0
condemn:1.0
revel:2.386294361119891
21:2.09861228866811
8:2.386294361119891
differ:2.09861228866811
overcom:1.0
list:1.0
vers:1.0
fieri:1.0
lake:1.0
burn:1.6931471805599454
sulfur:1.6931471805599454
14:2.09861228866811
give:1.0
indic:1.0
follow:1.6931471805599454
beast:1.6931471805599454
torment:2.6094379124341005
rest:1.0
night:1.0
psalm:1.6931471805599454
17:1.6931471805599454
wick:1.0
return:1.0
grave:1.0
nation:1.0
forget:1.0
think:2.09861228866811
suffici:1.0
prove:1.0
point:1.6931471805599454
joe:1.0
mostli:1.0
play:1.0
advoc:1.6931471805599454
either:2.386294361119891
posit:1.0
concern:1.6931471805599454
understand:2.6094379124341005
possibl:2.791759469228055
see:2.386294361119891
passag:1.6931471805599454
way:2.6094379124341005
rev:1.6931471805599454
often:1.0
use:2.09861228866811
term:1.6931471805599454
second:2.09861228866811
death:2.09861228866811
obviou:1.0
seem:1.0
final:2.09861228866811
extinct:1.6931471805599454
problem:1.0
nt:1.0
speak:1.0
e:1.0
understood:1.6931471805599454
convinc:1.0
one:1.6931471805599454
view:1.0
help:1.0
wide:1.0
enough:1.0
varieti:1.0
imag:1.0
tom:1.0
albrecht:1.0
comment:2.09861228866811
primari:1.0
best:1.6931471805599454
keep:1.0
fire:2.9459101490553135
whatev:1.0
detail:1.0
make:1.0
thing:1.0
interest:1.6931471805599454
20:2.09861228866811
35:1.0
impli:1.0
damn:1.0
get:1.0
resurrect:1.0
presum:1.6931471805599454
dead:1.0
ye:1.0
awar:1.0
non:1.0
liter:1.0
hold:1.0
cur:1.0
prepar:1.6931471805599454
mean:1.0
last:1.0
flame:1.0
forev:2.386294361119891
particularli:1.0
well:1.0
say:2.6094379124341005
fals:1.0
prophet:1.0
thrown:1.0
sound:1.0
like:1.0
effect:1.0
supernatur:1.0
entiti:1.0
similarli:1.0
necessarili:1.0
clearli:1.0
least:1.0
contrast:1.0
kind:1.0
occur:1.6931471805599454
life:1.0
probabl:1.0
even:1.0
explicitli:1.0
suffer:1.0
smoke:1.0
respit:1.0
anyth:1.0
relev:1.0
issu:1.0
clh:1.0
