sliew:1.6931471805599454
ee:2.09861228866811
mu:1.6931471805599454
oz:1.6931471805599454
au:1.6931471805599454
selbyn:1.6931471805599454
liew:1.6931471805599454
subject:1.6931471805599454
agnost:1.0
question:2.09861228866811
organ:1.0
dept:1.6931471805599454
e:1.6931471805599454
eng:1.0
u:1.6931471805599454
line:1.0
79:1.0
articl:1.0
apr:1.0
17:1.0
01:1.0
11:1.0
16:1.0
1993:1.0
2265:1.0
geneva:1.0
rutger:1.0
edu:1.0
jdt:1.0
voodoo:1.0
ca:1.0
boe:1.0
com:1.0
jim:1.0
tomlinson:1.0
jimt:1.0
ii:1.0
write:1.0
good:2.09861228866811
within:1.0
power:1.0
complic:1.0
one:2.09861228866811
best:1.6931471805599454
friend:2.6094379124341005
becom:1.0
fundamentalist:2.386294361119891
would:1.6931471805599454
normal:1.0
non:1.6931471805599454
issu:1.0
hello:1.0
firstli:1.0
exactli:1.0
mean:2.386294361119891
time:1.6931471805599454
assum:1.0
believ:1.0
bibl:1.6931471805599454
god:2.386294361119891
word:1.0
mankind:1.0
suspect:1.0
happen:1.0
call:1.6931471805599454
born:1.0
anyway:1.0
recent:1.0
answer:1.0
ye:1.0
quit:2.09861228866811
understand:1.6931471805599454
howev:2.386294361119891
imo:1.0
ld:1.0
rather:1.0
give:1.6931471805599454
advic:2.09861228866811
think:2.386294361119891
someth:1.6931471805599454
similar:1.0
thing:2.9459101490553135
say:1.6931471805599454
basic:1.0
problem:1.0
tri:2.386294361119891
commun:1.0
differ:1.6931471805599454
worldview:1.0
talk:1.0
obviou:2.09861228866811
secondli:1.0
may:2.386294361119891
persuas:1.0
point:1.6931471805599454
view:1.6931471805599454
side:2.386294361119891
fenc:1.0
turn:1.6931471805599454
two:1.0
agreeabl:1.0
see:1.6931471805599454
suddenli:1.6931471805599454
new:2.09861228866811
world:1.0
realiti:1.6931471805599454
open:1.0
like:2.09861228866811
discoveri:1.0
let:1.0
contin:1.0
planet:1.0
got:1.6931471805599454
tell:2.386294361119891
seen:1.0
much:1.6931471805599454
wonder:1.0
better:1.6931471805599454
realis:1.6931471805599454
well:2.09861228866811
eventhough:1.0
end:1.0
offend:1.0
worth:1.0
risk:1.0
nevertheless:1.0
realli:2.6094379124341005
respect:1.0
stand:1.6931471805599454
listen:1.0
moment:1.0
difficult:1.6931471805599454
either:1.0
excit:1.6931471805599454
feel:1.6931471805599454
urgent:1.0
keep:1.6931471805599454
quiet:1.0
put:1.0
convinc:2.386294361119891
left:1.0
undiscuss:1.0
preserv:1.0
area:1.0
religi:2.09861228866811
belief:2.09861228866811
great:1.0
friendship:1.6931471805599454
beyond:2.09861228866811
save:1.6931471805599454
thank:1.0
far:1.0
explain:1.0
christian:2.6094379124341005
part:2.09861228866811
life:1.0
enthusiast:1.0
faith:1.0
scare:1.0
truth:1.0
unfortun:1.0
person:2.09861228866811
agnostic:1.0
also:1.6931471805599454
sinc:1.6931471805599454
inevit:1.0
odd:1.0
anyth:1.0
otherwis:1.0
touchi:1.0
matter:1.6931471805599454
take:1.0
make:1.0
work:1.0
mayb:1.0
nice:1.0
abl:1.0
dig:1.0
concern:1.0
nonsens:1.0
real:2.6094379124341005
insult:1.6931471805599454
care:1.6931471805599454
said:1.0
wish:1.6931471805599454
could:1.6931471805599454
admit:1.0
similarli:1.0
becam:1.0
way:1.6931471805599454
done:1.0
littl:1.0
blabber:1.0
away:1.0
found:1.0
know:1.6931471805599454
crazi:1.6931471805599454
thought:1.0
probabl:1.0
mind:1.0
help:1.0
anyhow:1.0
challeng:1.0
face:1.0
convict:1.0
nobodi:1.0
except:1.0
devil:1.0
host:1.0
regard:1.0
engin:1.0
univers:1.0
melbourn:1.0
victoria:1.0
3052:1.0
australia:1.0
email:1.0
mullian:1.0
ph:1.0
61:1.6931471805599454
3:1.6931471805599454
3447976:1.0
fax:1.0
3446678:1.0
