sfp:1.0
lemur:1.0
cit:1.6931471805599454
cornel:1.6931471805599454
edu:1.0
sheila:1.6931471805599454
patterson:1.6931471805599454
subject:1.0
lose:1.0
temper:1.0
christian:2.09861228866811
trait:1.0
organ:1.0
univers:1.0
line:1.0
10:1.0
hooray:1.0
alway:1.6931471805599454
suspect:1.0
human:1.0
desir:1.0
like:1.6931471805599454
christ:2.09861228866811
often:1.0
caus:1.0
critic:1.0
suppos:1.0
grow:1.0
matur:1.0
endeavour:1.0
far:2.09861228866811
perfect:1.0
build:1.0
bodi:1.0
tear:1.0
includ:1.0
jesu:1.0
love:1.0
way:1.0
today:1.0
tomorrow:1.0
thank:1.0
god:1.0
