tom:1.6931471805599454
milligan:1.6931471805599454
rainbow:1.0
mentorg:1.0
com:1.0
subject:1.0
anyon:1.6931471805599454
l:2.09861228866811
abri:2.09861228866811
experi:2.09861228866811
organ:1.0
mentor:1.0
graphic:1.0
corpor:1.0
line:1.0
6:1.0
curiou:1.0
net:1.0
land:1.0
spent:1.0
time:1.0
hous:1.0
throughout:1.0
world:1.0
like:1.0
affect:1.0
etc:1.0
especi:1.0
interest:1.0
would:1.0
origin:1.0
switzerland:1.0
person:1.0
interact:1.0
franci:1.0
edith:1.0
schaeffer:1.0
