tedr:1.0
athena:1.0
c:1.0
uga:1.0
edu:1.6931471805599454
ted:1.6931471805599454
kalivoda:1.6931471805599454
subject:1.0
atheist:1.6931471805599454
view:1.0
christian:1.6931471805599454
accept:1.6931471805599454
jeesu:1.0
heart:1.0
organ:1.0
univers:1.0
georgia:1.0
ucn:1.0
line:1.0
32:1.0
articl:1.0
apr:1.0
19:1.0
05:1.0
13:1.0
48:1.0
1993:1.0
29266:1.0
atho:1.0
rutger:1.0
kempmp:1.0
phoenix:1.0
oulu:1.0
fi:1.0
petri:1.0
pihko:1.0
wrote:1.6931471805599454
jason:1.6931471805599454
smith:1.0
atlastel:1.0
com:1.0
anoth:1.0
answer:2.386294361119891
god:3.0794415416798357
sourc:2.6094379124341005
exist:3.70805020110221
sound:1.6931471805599454
much:1.0
better:1.6931471805599454
tempt:1.0
ask:1.0
mean:2.09861228866811
term:1.0
human:1.6931471805599454
time:1.0
alway:2.09861228866811
argument:1.0
like:1.6931471805599454
meta:1.6931471805599454
perspect:1.0
creat:1.6931471805599454
think:1.0
actual:1.0
nonsolut:1.0
mere:1.0
twist:1.0
word:1.0
be:1.6931471805599454
problemat:1.0
put:1.0
includ:1.0
one:1.0
would:1.0
came:1.0
noth:1.0
concept:2.386294361119891
alien:1.0
theism:1.0
understand:2.09861228866811
classic:1.0
necessari:1.0
conting:1.6931471805599454
necessarili:1.0
coher:1.6931471805599454
solut:1.0
long:1.0
best:1.0
heard:1.0
reason:1.6931471805599454
incap:1.0
question:1.0
sinc:1.0
method:1.0
good:1.0
someth:1.6931471805599454
null:1.0
realiti:1.0
