seanna:2.386294361119891
bnr:2.09861228866811
ca:1.6931471805599454
watson:1.6931471805599454
subject:1.6931471805599454
accept:1.0
jeesu:1.0
heart:1.0
organ:1.0
bell:1.6931471805599454
northern:1.6931471805599454
research:1.6931471805599454
ottawa:1.6931471805599454
canada:1.6931471805599454
line:1.0
38:1.0
dan:1.6931471805599454
johnson:1.6931471805599454
ask:2.09861228866811
evid:1.6931471805599454
effect:2.09861228866811
abus:1.6931471805599454
recoveri:2.09861228866811
program:2.386294361119891
involv:2.09861228866811
meet:1.0
peopl:2.6094379124341005
spiritu:3.1972245773362196
need:3.0794415416798357
respond:1.0
12:1.6931471805599454
step:2.09861228866811
like:1.0
alcohol:1.0
anonym:1.0
one:1.0
acknowled:1.0
higher:1.0
power:1.0
aa:1.0
acknowledg:1.0
among:1.0
clarifi:1.0
plea:1.0
show:1.0
substanc:1.0
absur:1.0
meetinsg:1.0
rather:1.0
mere:1.0
attempt:1.0
fill:2.386294361119891
perciev:1.0
r:1.0
c:1.0
regular:1.0
snoopi:1.0
provid:1.0
object:1.6931471805599454
proof:1.0
exist:2.09861228866811
god:2.6094379124341005
never:1.0
claim:1.0
abl:1.0
fact:1.0
believ:1.0
possibl:1.0
consid:1.0
premis:1.6931471805599454
assumpt:2.386294361119891
underli:1.0
philosophi:1.6931471805599454
life:1.6931471805599454
come:1.0
matter:1.6931471805599454
faith:1.0
christian:1.0
would:1.0
agnost:1.0
suffici:1.0
justifi:1.0
sustain:1.0
relationship:1.0
assum:1.0
univers:1.0
everyth:1.0
materi:1.0
ie:1.0
answer:1.0
question:1.0
appar:1.6931471805599454
find:2.09861228866811
consist:1.0
subsequ:1.0
observat:1.0
ion:1.0
prove:1.6931471805599454
differ:1.0
imagin:1.0
real:1.6931471805599454
anoth:1.0
person:1.0
pray:1.0
end:1.0
live:1.0
ontario:1.0
creed:1.0
busi:1.0
opinion:2.09861228866811
oh:1.0
plant:1.0
tree:1.0
sow:1.0
seed:1.0
mine:1.0
knew:1.0
left:1.0
somewher:1.0
fred:1.0
kaan:1.0
