bluelobst:1.6931471805599454
cmu:1.6931471805599454
edu:1.6931471805599454
david:1.6931471805599454
hunt:1.6931471805599454
subject:1.0
serbian:2.09861228866811
genocid:2.09861228866811
work:2.791759469228055
god:2.6094379124341005
organ:1.0
carnegi:1.6931471805599454
mellon:1.6931471805599454
pittsburgh:1.0
pa:1.0
line:1.0
24:1.0
23:1.6931471805599454
apr:1.6931471805599454
93:1.6931471805599454
user:1.6931471805599454
jame:1.6931471805599454
sledd:1.6931471805599454
ssdc:1.6931471805599454
sa:1.6931471805599454
upe:1.6931471805599454
write:1.6931471805599454
govern:1.0
unit:1.0
state:1.0
europ:1.0
move:1.0
end:1.0
ethnic:1.0
clean:1.0
serb:1.6931471805599454
target:1.0
muslim:1.0
bingo:1.0
oil:1.0
hmm:1.0
doubli:1.0
glad:1.0
worship:1.0
graduat:1.0
slave:1.0
mind:1.0
toward:1.6931471805599454
mechan:1.0
engin:1.6931471805599454
idea:1.0
opinion:1.0
palestinian:1.0
univers:1.0
use:1.0
golden:1.0
rule:1.0
v2:1.0
0:1.0
jewish:1.0
homeland:1.0
h:1.6931471805599454
e:2.386294361119891
r:2.09861228866811
n:1.6931471805599454
g:1.6931471805599454
email:1.0
pile:1.0
higher:1.0
deeper:1.0
great:1.0
day:1.0
scientist:1.0
money:1.6931471805599454
need:1.0
religion:1.0
beg:1.0
pay:1.0
priest:1.0
