robp:1.6931471805599454
landru:1.6931471805599454
network:2.386294361119891
com:2.09861228866811
rob:1.6931471805599454
peglar:1.0
subject:1.6931471805599454
realli:1.0
rise:1.0
repli:1.0
organ:1.0
system:1.6931471805599454
corpor:2.09861228866811
line:1.0
71:1.0
articl:1.0
1373:1.0
geneva:1.0
rutger:1.0
edu:1.0
parkin:2.09861228866811
eng:1.0
sun:1.0
michael:1.6931471805599454
write:1.0
anoth:1.0
issu:1.0
import:1.0
crucif:2.09861228866811
god:3.833213344056216
tragic:1.6931471805599454
mistak:1.6931471805599454
believ:1.0
never:2.386294361119891
accomplish:1.0
disbelief:1.0
man:1.0
finish:1.0
read:1.0
good:1.0
book:1.0
weatherhead:2.386294361119891
help:1.0
appli:1.0
thought:1.0
broke:1.0
three:1.0
distinct:1.0
part:1.0
intent:2.791759469228055
circumstanci:1.6931471805599454
ultim:2.6094379124341005
also:1.0
refut:1.0
last:1.0
statement:1.6931471805599454
quit:1.0
nice:1.0
summar:1.0
despit:1.6931471805599454
failur:1.6931471805599454
humankind:2.6094379124341005
defeat:1.6931471805599454
may:1.0
interf:1.0
even:1.6931471805599454
temporarili:1.0
brought:1.0
circumst:2.09861228866811
reconcil:1.0
stop:1.0
time:2.386294361119891
use:1.0
cross:2.09861228866811
best:1.0
descript:1.0
process:1.0
work:1.6931471805599454
point:1.0
paraphras:1.0
1:1.0
jesu:2.9459101490553135
christ:1.6931471805599454
live:2.791759469228055
full:1.0
life:1.0
perform:1.0
2:1.0
sin:1.0
devious:1.0
frustrat:1.0
son:1.0
3:1.0
reveal:1.0
willingli:1.0
lord:1.0
die:1.0
redempt:1.0
utterli:1.0
triumphant:1.0
overcom:1.0
cruel:1.0
world:2.386294361119891
build:1.0
kingdom:2.09861228866811
heaven:2.09861228866811
earth:2.6094379124341005
desper:1.0
want:1.6931471805599454
jewish:2.09861228866811
peopl:2.09861228866811
accept:1.6931471805599454
messiah:2.09861228866811
could:2.09861228866811
pray:1.0
cup:1.0
pas:1.0
weak:1.0
mani:1.0
men:1.6931471805599454
woman:1.6931471805599454
given:1.0
countri:1.0
nobl:1.0
caus:1.0
le:1.0
knew:1.0
thu:1.0
enabl:1.0
victori:1.0
establish:1.6931471805599454
head:1.0
right:1.0
like:1.0
expect:1.0
happen:1.0
2000:1.6931471805599454
year:1.6931471805599454
ago:1.0
imagin:1.0
kind:1.0
would:2.09861228866811
today:1.0
differ:1.0
eactli:1.0
age:1.0
save:1.0
follow:1.6931471805599454
sinless:1.0
lineag:1.0
continu:1.0
reign:1.0
ascens:1.0
spiritu:1.0
wait:1.0
return:2.386294361119891
recogn:1.0
find:1.0
faith:1.0
almost:1.0
know:1.0
neither:1.0
place:1.0
thief:1.0
night:1.0
peac:1.0
legal:1.0
mumbo:1.0
jumbo:1.0
mail:1.0
post:1.0
reflect:1.6931471805599454
opinion:1.6931471805599454
poster:1.0
author:1.0
manner:1.0
polici:1.0
express:1.0
