ss6349:2.09861228866811
csc:1.6931471805599454
albani:2.6094379124341005
edu:1.6931471805599454
steven:1.6931471805599454
h:1.6931471805599454
schimmrich:1.6931471805599454
subject:1.0
look:1.0
christian:1.6931471805599454
urbana:1.6931471805599454
illinoi:1.6931471805599454
distribut:1.0
usa:1.0
organ:1.0
depart:1.6931471805599454
geolog:1.6931471805599454
scienc:1.6931471805599454
suni:1.0
line:1.0
12:1.0
apolog:1.0
post:1.0
entir:1.0
appropri:1.0
newsgroup:1.0
would:1.6931471805599454
like:1.0
correspond:1.6931471805599454
attend:1.0
univers:1.6931471805599454
champaign:1.0
transfer:1.0
august:1.0
complet:1.0
ph:1.0
thought:1.0
nice:1.0
peopl:1.0
move:1.0
non:1.0
semper:1.0
state:1.0
new:1.6931471805599454
york:1.6931471805599454
ea:1.0
sunt:1.0
quae:1.0
albnyvm:1.0
bitnet:1.0
12222:1.0
518:1.0
442:1.0
4466:1.0
videntur:1.0
