cs89mcd:1.6931471805599454
brunel:2.09861228866811
ac:1.6931471805599454
uk:2.09861228866811
michael:1.6931471805599454
c:1.6931471805599454
davi:1.6931471805599454
subject:1.0
love:1.6931471805599454
europ:1.6931471805599454
organ:1.0
univers:1.0
uxbridg:1.0
line:1.0
4:1.0
reader:1.0
r:1.0
go:1.0
congress:1.0
germani:1.0
juli:1.0
