sdittman:1.6931471805599454
liberti:1.0
uc:1.0
wlu:1.6931471805599454
edu:2.09861228866811
scott:1.6931471805599454
dittman:1.6931471805599454
subject:1.0
question:1.6931471805599454
new:2.386294361119891
christian:2.6094379124341005
organ:1.0
washington:1.6931471805599454
lee:1.6931471805599454
univers:2.09861228866811
line:1.0
21:1.0
steven:1.0
r:1.0
hoskin:1.0
18669:1.0
bach:1.0
udel:1.0
wrote:1.0
hi:1.0
newsgroup:1.0
also:2.09861228866811
fairli:1.0
realiz:1.0
ignor:1.0
much:1.0
bibl:2.09861228866811
quit:1.0
possibl:1.0
hold:1.0
true:1.0
tri:1.0
rectifi:1.0
read:2.09861228866811
cours:1.0
would:2.09861228866811
help:1.0
good:1.6931471805599454
interpret:1.0
commentari:1.0
relev:1.0
aspect:1.0
faith:2.09861228866811
one:1.6931471805599454
like:1.0
ask:1.0
anyon:1.0
recommend:1.6931471805599454
list:1.0
theolog:1.0
work:1.0
intend:1.0
lay:1.0
person:1.0
mcdowel:1.0
evid:1.6931471805599454
demand:1.0
verdict:1.0
book:1.0
3:1.0
think:1.0
manfr:1.0
brauch:1.0
hard:1.6931471805599454
say:1.6931471805599454
paul:1.0
may:1.0
done:1.0
jesu:1.0
focu:1.0
struggl:1.0
encourag:1.0
histor:1.0
especi:1.0
come:1.0
background:1.0
emphas:1.0
knowabl:1.0
email:1.0
registrar:1.0
talk:1.0
703:1.6931471805599454
463:1.6931471805599454
8455:1.0
fax:1.0
8024:1.0
snail:1.0
mail:1.0
lexington:1.0
virginia:1.0
24450:1.0
