jono:1.0
mac:1.0
ak:1.0
24:1.0
rtsg:1.0
mot:1.0
com:1.0
jon:1.6931471805599454
ogden:1.0
subject:1.0
help:2.386294361119891
organ:1.0
motorola:1.0
lpa:1.0
develop:1.0
line:1.0
87:1.0
commit:1.0
christian:1.6931471805599454
battl:1.0
problem:1.0
know:1.0
roman:1.6931471805599454
talk:2.09861228866811
save:2.6094379124341005
faith:3.70805020110221
deed:1.6931471805599454
yet:1.0
hebrew:1.0
jame:1.6931471805599454
say:2.09861228866811
without:1.0
useless:1.6931471805599454
fool:1.0
still:1.0
think:1.0
believ:1.6931471805599454
enough:1.0
stuff:1.0
delet:1.0
opinion:1.0
alon:1.6931471805599454
taught:1.0
squar:1.0
mind:1.0
teach:1.0
conjunct:1.0
lukewarm:1.0
spat:1.0
anyon:1.0
realli:2.09861228866811
bother:1.0
lot:1.0
discus:1.0
go:2.09861228866811
r:1.0
c:1.0
b:1.0
make:1.0
case:1.0
though:1.6931471805599454
tri:1.6931471805599454
8:2.09861228866811
grace:1.6931471805599454
ye:2.791759469228055
gift:1.0
god:1.6931471805599454
9:2.386294361119891
work:2.386294361119891
lest:1.0
man:1.6931471805599454
boast:1.0
ephesian:1.0
2:1.0
howev:1.0
15:2.09861228866811
love:2.09861228866811
keep:1.6931471805599454
command:2.6094379124341005
john:1.6931471805599454
14:1.0
christ:2.6094379124341005
per:1.0
se:1.0
demonstr:1.0
also:2.09861228866811
6:1.6931471805599454
spake:1.0
parabl:1.6931471805599454
certain:1.0
fig:1.6931471805599454
tree:2.09861228866811
plant:1.0
vineyard:1.6931471805599454
came:1.0
sought:1.0
fruit:3.302585092994046
thereon:1.0
found:1.0
none:1.6931471805599454
7:1.0
said:1.6931471805599454
unto:1.6931471805599454
dresser:1.0
behold:1.0
three:1.0
year:1.6931471805599454
come:1.6931471805599454
seek:1.0
find:1.0
cut:1.6931471805599454
cumbereth:1.0
ground:1.6931471805599454
answer:1.0
lord:1.0
let:1.0
till:1.0
shall:2.09861228866811
dig:1.0
dung:1.0
bear:1.6931471805599454
well:1.6931471805599454
thou:1.0
shalt:1.0
luke:1.0
13:1.0
16:1.6931471805599454
chosen:1.6931471805599454
ordain:1.0
bring:1.6931471805599454
forth:1.6931471805599454
remain:1.0
whatsoev:1.0
ask:2.386294361119891
father:1.0
name:1.0
may:1.0
give:1.6931471805599454
clear:1.0
vers:1.0
call:1.0
paul:1.0
speak:1.6931471805599454
spirit:1.0
joy:1.0
peac:1.0
patienc:1.0
etc:1.0
thing:1.6931471805599454
manifest:1.0
action:2.6094379124341005
carri:1.0
person:1.6931471805599454
claim:1.0
jesu:1.0
dare:1.0
import:2.09861228866811
like:2.09861228866811
blade:1.0
pair:1.0
scissor:1.0
leg:1.0
pant:1.0
good:1.0
result:1.0
true:1.0
requir:1.0
allegor:1.0
produc:1.0
uproot:1.0
dead:1.0
behind:1.0
prove:1.0
show:1.0
genuin:1.0
sit:1.6931471805599454
day:1.6931471805599454
fact:1.0
much:1.0
abil:1.6931471805599454
jump:1.6931471805599454
build:1.0
hit:1.0
word:1.6931471805599454
tell:1.0
long:1.0
fli:1.0
unless:1.0
will:1.0
roof:1.0
take:1.0
test:1.0
mean:1.0
noth:1.0
could:1.0
scriptur:1.0
peopl:1.0
want:1.0
suffici:1.0
hope:1.0
sig:1.0
file:1.0
broken:1.0
plea:1.0
later:1.0
