jodfish:1.0
silver:1.0
uc:1.0
indiana:1.6931471805599454
edu:1.0
joseph:1.0
dale:1.0
fisher:1.6931471805599454
subject:1.6931471805599454
arrog:1.0
christian:1.0
organ:1.0
univers:1.0
line:1.0
13:1.0
read:1.0
carol:1.0
respons:1.0
get:1.0
got:1.0
vers:1.0
interpret:2.09861228866811
say:1.6931471805599454
2:1.6931471805599454
peter:1.0
1:1.6931471805599454
20:1.0
21:1.6931471805599454
timothi:1.0
3:1.0
16:1.0
17:1.6931471805599454
galatian:1.0
11:1.0
12:1.6931471805599454
also:1.0
base:1.6931471805599454
fact:1.0
jesu:2.09861228866811
word:2.386294361119891
incarn:1.0
judg:2.09861228866811
peopl:1.0
follow:1.0
see:1.6931471805599454
act:1.0
29:1.0
31:1.0
john:1.6931471805599454
5:1.0
27:1.0
reject:1.0
teach:1.0
spoke:1.0
47:1.0
50:1.0
true:1.0
need:1.0
would:1.0
god:1.0
joe:1.0
