caralv:2.09861228866811
auto:1.6931471805599454
trol:1.6931471805599454
com:1.6931471805599454
carol:2.09861228866811
alvin:1.6931471805599454
subject:2.09861228866811
arrog:1.0
christian:2.09861228866811
line:1.0
54:1.0
read:2.386294361119891
respons:1.0
get:1.0
got:1.0
vers:1.6931471805599454
interpret:3.3978952727983707
say:2.386294361119891
joe:1.0
caus:1.0
necesarili:1.0
make:1.0
text:1.0
2:2.386294361119891
peter:1.6931471805599454
1:2.386294361119891
20:2.09861228866811
21:2.09861228866811
timothi:1.6931471805599454
3:1.6931471805599454
16:1.6931471805599454
17:2.09861228866811
galatian:1.0
11:1.6931471805599454
12:2.09861228866811
know:1.6931471805599454
first:1.0
propheci:1.6931471805599454
scriptur:2.386294361119891
matter:1.0
one:1.0
ever:1.0
made:1.0
act:1.6931471805599454
human:1.0
men:1.0
move:1.0
holi:1.0
spirit:1.0
spoke:1.6931471805599454
god:2.386294361119891
studi:1.0
note:1.0
bibl:1.0
offer:1.0
three:1.0
possibl:1.6931471805599454
mean:1.6931471805599454
apparantli:1.0
clear:1.6931471805599454
charl:1.0
ryri:1.0
inspir:1.0
profit:1.0
teach:1.6931471805599454
reproof:1.0
correct:1.6931471805599454
train:1.0
righteous:1.0
man:2.09861228866811
may:1.6931471805599454
adequ:1.0
equip:1.0
everi:1.6931471805599454
good:1.0
work:1.0
galat:1.0
would:1.6931471805599454
brother:1.0
gospel:1.0
preach:1.0
accord:1.0
neither:1.0
receiv:1.0
taught:1.0
receiev:1.0
revel:1.0
jesu:2.386294361119891
christ:1.0
passag:1.0
immedi:1.0
phrase:1.0
meant:1.0
stop:1.0
think:2.09861228866811
connot:1.0
word:2.791759469228055
intent:1.0
author:1.0
wonder:1.0
translat:1.0
use:1.0
english:1.0
convey:1.0
want:1.0
believ:1.0
probabl:1.0
noth:1.0
chang:1.0
mind:1.0
naiv:1.0
cultur:1.0
experi:1.0
educ:1.0
affect:1.0
everyth:1.0
also:1.0
base:1.6931471805599454
fact:1.0
incarn:1.0
judg:2.09861228866811
peopl:1.0
follow:1.0
see:1.6931471805599454
29:1.0
31:1.0
john:1.6931471805599454
5:1.0
27:1.0
reject:1.0
47:1.0
50:1.0
true:1.0
need:1.0
colleg:1.0
took:1.0
entir:1.0
cours:1.0
biblic:1.0
go:1.0
bookstor:1.0
score:1.0
book:1.0
understand:1.0
unnecessari:1.0
aw:1.0
lot:1.6931471805599454
misguid:1.0
wast:1.0
time:1.0
energi:1.0
