jodfish:1.0
silver:1.0
uc:1.0
indiana:1.6931471805599454
edu:1.0
joseph:1.0
dale:1.0
fisher:1.6931471805599454
subject:1.0
cell:1.6931471805599454
church:1.6931471805599454
discus:1.0
group:1.6931471805599454
organ:1.0
univers:1.0
line:1.0
5:1.0
definit:1.0
would:1.0
iu:1.0
whole:1.0
get:1.0
togeth:1.0
indianapoli:1.0
950:1.0
everi:1.0
week:1.0
attend:1.0
joe:1.0
