shimpei:2.6094379124341005
leland:2.09861228866811
stanford:2.6094379124341005
edu:2.09861228866811
yamashita:1.6931471805599454
subject:1.0
survey:2.386294361119891
faith:1.6931471805599454
v:1.0
reason:2.09861228866811
organ:1.0
dsg:1.0
univers:1.6931471805599454
ca:1.0
94305:1.0
usa:1.0
line:1.0
55:1.0
follow:1.0
conduct:1.0
term:1.0
project:2.09861228866811
philosophi:1.0
class:1.0
meant:1.0
give:1.6931471805599454
u:1.6931471805599454
anyth:1.0
interest:2.09861228866811
statist:1.0
want:1.0
hear:2.09861228866811
kind:1.6931471805599454
voic:1.0
ask:1.6931471805599454
full:1.0
blown:1.0
essay:1.0
plea:2.6094379124341005
read:1.6931471805599454
group:1.0
often:1.0
email:2.386294361119891
respons:1.6931471805599454
mail:1.0
account:1.0
infinit:1.0
delet:1.0
question:2.386294361119891
number:1.0
answer:2.6094379124341005
write:1.0
back:1.0
would:2.9459101490553135
realli:1.0
appreci:1.0
sinc:1.0
like:2.6094379124341005
start:1.0
analyz:1.0
result:1.0
soon:1.0
possibl:1.0
april:1.6931471805599454
30:1.6931471805599454
absolut:1.6931471805599454
make:2.09861228866811
though:1.6931471805599454
still:1.6931471805599454
liken:1.0
anyon:1.6931471805599454
final:1.6931471805599454
send:1.6931471805599454
note:2.09861228866811
effect:1.6931471805599454
better:1.0
yet:1.0
includ:1.0
along:1.0
tri:1.0
probabl:1.0
late:1.0
may:1.0
1:1.0
ever:2.09861228866811
troubl:2.09861228866811
reconcil:1.0
exampl:1.0
unsur:1.0
whether:1.0
creation:1.0
evolution:1.0
hold:1.0
truth:1.0
practic:1.0
tarot:1.0
card:1.0
palm:1.0
divin:1.0
conflict:2.09861228866811
scientif:1.0
knowledg:1.0
world:1.0
religion:1.0
requir:1.0
ignor:1.0
physic:1.0
realiti:1.0
seen:1.0
logic:1.0
sen:1.0
basic:1.0
know:1.0
believ:1.0
someth:1.0
tell:1.0
wrong:1.0
2:1.0
resolv:1.0
3:1.0
think:1.0
set:1.0
guidelin:1.0
use:1.0
solv:1.0
problem:1.0
thank:1.0
much:1.0
time:1.6931471805599454
three:1.0
mathematician:1.0
count:1.0
seem:1.0
year:1.0
rememb:1.0
respond:1.0
clh:1.0
