ta:1.0
pegasu:1.6931471805599454
com:1.0
len:1.6931471805599454
howard:1.6931471805599454
subject:1.0
sin:2.791759469228055
block:2.6094379124341005
prayer:3.302585092994046
organ:1.0
honolulu:1.0
line:1.0
24:1.0
articl:1.0
apr:1.0
12:1.0
03:1.0
45:1.0
11:1.0
1993:1.0
18872:1.0
atho:1.0
rutger:1.0
edu:1.6931471805599454
jayn:2.386294361119891
mmalt:1.6931471805599454
guild:1.6931471805599454
org:1.6931471805599454
kulikauska:1.6931471805599454
write:1.6931471805599454
mike:1.6931471805599454
boulder:1.0
snsc:1.0
unr:1.0
mccormick:1.0
honor:1.6931471805599454
wive:1.0
caus:1.6931471805599454
hinder:2.386294361119891
may:1.6931471805599454
peter:1.0
3:1.0
7:1.0
one:1.6931471805599454
interpret:1.0
heard:1.0
vers:1.6931471805599454
refer:1.0
physic:1.6931471805599454
abus:1.0
wife:1.6931471805599454
husband:1.0
usual:1.0
stronger:1.0
permit:1.0
use:1.0
domin:1.0
must:1.0
sister:1.0
christ:1.0
would:2.09861228866811
therefor:1.0
exampl:1.0
specif:1.6931471805599454
bit:1.0
look:1.0
regard:1.0
troubl:1.0
think:2.09861228866811
god:1.6931471805599454
allow:1.0
anyth:1.6931471805599454
access:1.0
especi:1.0
pray:1.0
forgivenenss:1.0
see:1.0
howev:1.0
life:1.0
might:1.0
concentr:1.0
happen:1.0
thu:1.0
action:1.0
transmiss:1.0
recept:1.0
shalom:1.0
