phs431d:1.0
vaxc:1.0
cc:1.0
monash:2.09861228866811
edu:1.6931471805599454
au:1.0
subject:1.0
arrog:1.6931471805599454
christian:2.791759469228055
organ:1.0
univers:1.6931471805599454
melbourn:1.6931471805599454
australia:1.6931471805599454
line:2.09861228866811
41:1.0
articl:1.0
apr:1.0
13:1.0
00:1.0
08:1.0
47:1.0
1993:1.0
28427:1.0
atho:1.0
rutger:1.0
hayesstw:1.0
risc1:1.0
unisa:1.0
ac:1.0
za:1.0
steve:1.6931471805599454
hay:1.6931471805599454
write:1.0
say:1.6931471805599454
exampl:1.0
peopl:2.6094379124341005
live:1.6931471805599454
volcan:1.0
island:2.09861228866811
group:2.09861228866811
geologist:1.6931471805599454
determin:1.0
volcano:1.0
immin:1.0
warn:2.386294361119891
danger:2.6094379124341005
leav:1.0
given:1.0
task:1.0
other:2.6094379124341005
believ:2.9459101490553135
real:1.0
may:1.0
mean:1.6931471805599454
first:1.0
necessarili:1.0
belief:1.0
correct:1.6931471805599454
fals:1.0
wrong:1.0
non:1.6931471805599454
exist:1.0
analog:1.6931471805599454
push:1.0
argument:1.6931471805599454
far:1.0
side:2.09861228866811
melinda:1.6931471805599454
assum:1.0
premis:1.6931471805599454
use:1.6931471805599454
set:1.0
respect:1.0
true:1.0
thu:1.6931471805599454
conclus:1.0
aris:1.0
import:1.0
point:2.09861228866811
note:1.0
differ:1.6931471805599454
direct:1.0
come:1.0
know:1.6931471805599454
truth:2.6094379124341005
right:1.0
duti:1.0
tell:1.0
get:1.6931471805599454
offend:1.6931471805599454
self:1.0
evid:1.0
claim:1.0
btw:1.0
goe:1.0
anyon:1.6931471805599454
bag:1.0
neither:1.0
realli:1.0
reconcil:1.0
unless:1.0
one:1.0
parti:1.0
chang:1.0
mind:1.6931471805599454
argu:1.0
along:1.0
approach:1.0
discus:1.0
particular:1.0
faith:1.0
person:1.0
long:1.0
allow:1.0
mine:1.0
peac:1.0
depart:2.09861228866811
missiolog:1.0
editori:1.0
low:1.0
physic:1.0
victoria:1.0
3168:1.0
