whitsebd:1.6931471805599454
nextwork:1.6931471805599454
rose:2.09861228866811
hulman:2.09861228866811
edu:1.6931471805599454
bryan:1.6931471805599454
whitsel:1.6931471805599454
subject:1.0
accept:1.0
jesu:1.0
heart:1.0
repli:1.0
organ:1.0
comput:1.0
scienc:1.0
depart:1.0
line:1.0
7:1.0
told:1.0
seem:1.0
smug:1.0
post:1.0
appolig:1.0
anyon:1.0
felt:1.0
way:1.6931471805599454
desir:1.0
come:1.0
across:1.0
tri:1.0
express:1.0
understand:1.0
logic:1.0
wish:1.0
best:1.0
life:1.0
christ:1.0
love:1.0
