aa888:2.09861228866811
freenet:2.386294361119891
carleton:2.09861228866811
ca:2.09861228866811
mark:2.09861228866811
baker:2.09861228866811
subject:1.0
natur:1.0
god:3.1972245773362196
environment:1.0
pagan:1.0
repli:1.0
organ:1.0
nation:1.0
capit:1.0
line:1.0
31:1.0
previou:1.0
articl:1.6931471805599454
mcovingt:1.0
aisun2:1.0
ai:1.0
uga:1.6931471805599454
edu:2.09861228866811
michael:1.0
covington:1.0
say:1.0
apr:1.0
13:1.6931471805599454
00:1.0
08:1.0
44:1.0
1993:1.0
28424:1.0
atho:1.0
rutger:1.0
heath:1.6931471805599454
athena:1.0
c:1.6931471805599454
terranc:1.0
write:1.0
necessarili:1.0
unorthodox:1.0
christian:1.0
call:1.0
father:2.09861228866811
use:1.6931471805599454
metaphor:1.6931471805599454
bibl:1.0
one:1.0
place:1.0
refer:1.6931471805599454
like:1.0
mother:2.791759469228055
neither:1.0
liter:1.0
sen:1.0
attribut:1.0
usual:1.0
peopl:1.0
time:1.0
le:1.0
mislead:1.0
two:1.0
possibl:1.0
know:1.0
passag:2.09861228866811
often:1.6931471805599454
seen:1.0
cite:1.0
exampl:1.0
imag:2.09861228866811
isaiah:1.0
49:1.0
15:1.0
woman:1.0
forget:2.09861228866811
suck:1.0
child:1.6931471805599454
compass:1.0
son:1.0
womb:1.0
even:1.0
may:1.0
yet:1.0
best:1.0
human:1.0
constanc:1.6931471805599454
show:1.0
contrast:1.0
figur:1.0
repres:1.0
mankind:1.0
task:1.0
cut:1.0
jungl:1.0
irrig:1.0
desert:1.0
lewi:1.0
luke:1.0
34:1.0
jerusalem:1.6931471805599454
kill:1.0
prophet:1.0
stone:1.0
sent:1.0
would:1.6931471805599454
gather:1.6931471805599454
togeth:1.0
hen:1.0
brood:1.0
wing:1.0
clh:1.0
