brownli:1.6931471805599454
ohsu:2.09861228866811
edu:2.09861228866811
lian:1.6931471805599454
brown:1.6931471805599454
subject:1.0
doctrin:2.386294361119891
god:4.258096538021482
organ:1.0
oregon:1.6931471805599454
health:1.0
scienc:1.0
univers:1.0
line:1.0
111:1.0
post:1.0
gener:1.0
outlin:1.0
person:2.9459101490553135
studi:1.6931471805599454
godhead:2.9459101490553135
scriptur:2.386294361119891
import:1.6931471805599454
bibl:2.386294361119891
pre:1.0
emin:1.0
revel:1.6931471805599454
therefor:1.0
first:1.0
object:1.0
know:2.386294361119891
believ:3.0794415416798357
teach:1.6931471805599454
three:2.386294361119891
triniti:1.0
father:2.6094379124341005
son:1.6931471805599454
lord:2.6094379124341005
jesu:1.6931471805599454
christ:2.791759469228055
holi:2.386294361119891
spirit:2.386294361119891
individu:1.6931471805599454
one:1.0
natur:2.386294361119891
mean:1.0
ident:1.0
posse:1.0
divin:1.0
attribut:1.6931471805599454
also:1.6931471805599454
equal:1.0
worthi:1.0
worship:1.0
trust:1.0
obedi:1.0
cf:3.9444389791664403
matt:1.0
28:1.0
19:1.0
2:2.9459101490553135
cor:2.386294361119891
13:2.386294361119891
14:2.791759469228055
john:3.1972245773362196
8:2.9459101490553135
9:1.0
16:2.791759469228055
17:2.09861228866811
ii:1.0
characterist:1.0
reveal:1.0
name:1.0
taken:1.0
jehovah:1.0
live:2.09861228866811
etern:1.6931471805599454
unchang:1.0
without:2.09861228866811
begin:2.09861228866811
end:2.09861228866811
isa:1.6931471805599454
42:1.0
b:2.386294361119891
4:2.386294361119891
24:1.0
c:1.6931471805599454
love:1.0
1:3.9444389791664403
graciou:1.0
merci:1.0
good:1.0
faith:1.0
patient:1.0
full:1.0
lovingkind:1.0
psa:1.6931471805599454
89:1.0
103:1.0
nahum:1.0
7:2.09861228866811
righteou:1.0
absolut:1.6931471805599454
sin:2.386294361119891
incap:1.0
though:1.0
word:1.0
action:1.0
ex:1.0
15:2.09861228866811
11:1.6931471805599454
6:1.0
3:3.1972245773362196
e:1.6931471805599454
omnipres:1.0
everywher:1.0
present:1.6931471805599454
time:1.6931471805599454
complet:2.09861228866811
omnisci:1.0
thing:1.6931471805599454
infinit:1.6931471805599454
wise:1.0
omnipot:1.0
almighti:1.0
sovereign:1.6931471805599454
unlimit:1.0
power:1.6931471805599454
creation:2.09861228866811
presenc:1.0
wisdom:1.0
convict:1.6931471805599454
work:3.1972245773362196
day:1.0
becom:1.0
man:1.6931471805599454
center:1.6931471805599454
peopl:2.791759469228055
church:1.0
littl:1.0
need:1.6931471805599454
understand:1.6931471805599454
affair:1.6931471805599454
nation:1.6931471805599454
carri:1.6931471805599454
purpos:1.0
regard:1.0
salvat:3.302585092994046
iii:1.0
activ:2.09861228866811
creat:1.0
sustain:1.0
order:1.6931471805599454
cours:1.0
human:1.0
well:1.0
gen:1.0
col:1.6931471805599454
heb:2.09861228866811
necessari:1.0
origin:1.0
member:1.0
determin:1.0
past:1.0
would:2.09861228866811
condit:1.0
could:1.0
save:1.6931471805599454
even:1.0
elect:1.0
recogn:1.0
eph:1.6931471805599454
thess:1.0
birth:1.6931471805599454
virgin:1.0
mari:1.0
came:2.09861228866811
earth:1.0
accomplish:1.0
two:1.0
final:1.0
provid:1.0
chosen:1.0
death:1.0
cross:1.0
bodili:1.0
resurrect:1.0
intercessori:1.0
heaven:1.0
u:1.0
return:1.0
rom:1.0
5:2.09861228866811
10:1.0
25:1.0
author:1.0
theme:1.0
redempt:1.6931471805599454
plan:1.0
follow:1.0
way:1.0
regener:1.0
known:1.0
new:1.0
indwel:1.0
fulfil:1.0
sanctif:1.0
seal:1.0
everi:2.09861228866811
thu:1.0
make:1.0
secur:1.0
baptiz:1.0
bodi:1.0
12:1.6931471805599454
f:1.0
truth:1.0
26:1.6931471805599454
g:1.0
bestow:1.0
spiritu:1.0
gift:1.0
ministri:1.0
h:1.0
restrain:1.0
gal:1.0
empow:1.0
servic:1.0
act:1.0
internet:1.0
portland:1.0
