cmgrawbu:1.6931471805599454
eo:2.09861228866811
ncsu:1.6931471805599454
edu:1.6931471805599454
christoph:1.6931471805599454
grawburg:1.6931471805599454
subject:1.0
helphelp:1.0
part2:1.0
repli:1.0
organ:1.0
north:1.0
carolina:1.0
state:1.6931471805599454
univers:1.0
project:1.0
line:1.0
52:1.0
hello:1.0
back:1.0
would:2.09861228866811
first:2.09861228866811
like:1.6931471805599454
thank:1.6931471805599454
everi:1.6931471805599454
person:1.0
sent:1.6931471805599454
respons:1.6931471805599454
posit:1.0
neg:1.0
one:2.386294361119891
read:2.09861228866811
letter:2.09861228866811
thought:1.0
got:1.0
sort:1.0
marri:2.09861228866811
noth:1.0
ever:1.0
bibl:1.6931471805599454
lot:2.09861228866811
prayer:1.6931471805599454
decid:1.6931471805599454
today:1.0
told:1.6931471805599454
realli:1.0
seriou:1.6931471805599454
move:1.0
away:1.0
home:1.0
anoth:1.0
anyth:1.6931471805599454
get:2.6094379124341005
nc:2.09861228866811
tri:1.0
find:1.0
new:1.0
store:1.0
plan:1.0
built:1.0
tell:2.09861228866811
marraig:2.09861228866811
comment:1.0
gon:1.0
na:1.0
call:1.0
propos:1.0
caus:1.0
still:1.0
know:2.09861228866811
total:1.6931471805599454
joke:1.0
le:1.0
said:1.6931471805599454
well:1.6931471805599454
transfer:1.0
talk:1.0
hope:1.0
could:1.0
interpret:1.0
either:1.0
way:1.0
needle:1.0
say:1.0
pray:1.6931471805599454
done:1.0
dead:1.0
yet:1.0
simpli:1.0
b:1.0
c:1.0
far:1.0
point:1.0
christian:1.0
work:1.0
w:1.0
god:2.09861228866811
figur:1.0
wanr:1.0
go:1.6931471805599454
kept:1.0
u:1.0
touch:1.0
10:1.0
year:1.0
handl:1.0
want:1.6931471805599454
happen:1.6931471805599454
june:1.0
meetinf:1.0
rel:1.0
see:1.0
befo:1.0
look:1.0
forward:1.0
guess:1.0
wait:1.0
folk:1.6931471805599454
sure:1.0
ask:1.0
everyon:1.6931471805599454
wrote:1.6931471805599454
plea:1.6931471805599454
keep:1.0
situat:1.0
final:1.0
el:1.0
email:1.0
address:1.0
week:1.0
anyht:1.0
curiou:1.0
think:1.0
thanx:1.0
chri:1.0
