stephen:2.09861228866811
mont:1.0
c:1.0
missouri:1.6931471805599454
edu:2.6094379124341005
montgomeri:1.0
smith:1.0
subject:1.0
latest:1.0
branch:1.6931471805599454
davidian:2.386294361119891
organ:1.0
univers:1.0
line:1.0
63:1.0
apr:1.6931471805599454
22:1.0
00:1.0
55:1.0
06:1.0
1993:1.6931471805599454
2048:1.0
geneva:1.6931471805599454
rutger:1.6931471805599454
aaron:1.6931471805599454
binah:1.0
cc:1.0
brandei:1.0
scott:1.0
write:1.0
articl:1.0
20:1.0
03:1.0
02:1.0
42:1.0
3815:1.0
conditt:1.6931471805599454
tsd:1.0
arlut:1.0
utexa:1.0
paul:1.0
wrote:1.0
think:2.386294361119891
realli:1.0
sad:1.0
mani:1.0
peopl:2.09861228866811
put:1.6931471805599454
faith:1.0
mere:1.0
man:2.386294361119891
even:2.09861228866811
claim:1.0
son:1.6931471805599454
god:1.6931471805599454
prophet:1.0
pose:1.0
question:2.09861228866811
got:2.386294361119891
distinguish:1.6931471805599454
true:2.09861228866811
religion:2.09861228866811
cult:2.386294361119891
speak:1.0
gener:1.0
specifi:1.0
christian:2.6094379124341005
jerri:1.0
falwel:1.0
good:2.386294361119891
morn:1.0
america:1.0
tuesday:1.0
ostens:1.0
answer:2.09861228866811
basic:1.6931471805599454
said:1.0
follow:2.791759469228055
messag:2.386294361119891
wherea:1.0
person:2.6094379124341005
jesu:2.9459101490553135
exampl:1.0
presbyterian:1.0
church:1.0
doctrin:1.0
differ:2.09861228866811
imho:1.0
use:1.0
far:1.0
see:1.0
one:1.6931471805599454
big:1.0
sometim:1.0
tri:2.09861228866811
foot:1.0
discipl:1.0
gave:1.0
lot:1.0
career:1.0
possibl:1.6931471805599454
famili:1.0
well:1.0
whole:1.0
bunch:1.6931471805599454
quit:1.6931471805599454
plain:1.0
david:1.0
koresh:1.0
problem:1.6931471805599454
legisl:1.0
bad:2.09861228866811
term:1.0
principl:1.6931471805599454
instanc:1.0
thousand:1.0
law:1.0
u:2.09861228866811
govern:1.0
legal:1.6931471805599454
often:1.0
hard:1.0
bring:1.0
justic:2.6094379124341005
find:1.0
way:1.0
could:1.6931471805599454
trust:1.0
judg:2.09861228866811
tell:2.09861228866811
administ:1.0
fairli:1.0
would:1.0
sinc:1.0
alway:1.0
get:1.0
right:2.09861228866811
complic:1.0
system:1.6931471805599454
involv:1.0
preced:1.0
stuff:1.0
attempt:1.0
make:1.0
imperfect:1.0
someth:1.0
perfect:1.0
hear:1.0
opposit:1.0
also:1.0
tend:1.0
present:2.09861228866811
materi:1.0
might:1.0
consid:1.0
rant:1.0
eloqu:1.0
anoth:1.0
goe:1.0
along:1.0
american:1.0
desir:1.0
protect:1.0
constitut:1.0
cost:1.0
allow:1.0
thing:1.0
import:1.6931471805599454
fals:1.0
ever:1.6931471805599454
mild:1.0
manner:1.0
perform:1.0
tremend:1.0
disservic:1.0
know:1.0
rambl:1.0
guess:1.0
say:1.0
look:1.0
wrong:2.09861228866811
worship:1.0
choos:2.09861228866811
simpl:1.0
anyon:1.0
el:2.09861228866811
begotten:1.0
nobodi:1.6931471805599454
without:1.0
sin:1.0
