kilroy:1.6931471805599454
gboro:1.6931471805599454
rowan:1.6931471805599454
edu:1.6931471805599454
subject:2.09861228866811
certainti:1.6931471805599454
arrog:2.9459101490553135
line:1.6931471805599454
112:1.0
last:1.6931471805599454
articl:1.0
includ:1.0
quot:1.6931471805599454
substanti:1.0
number:1.6931471805599454
talk:1.6931471805599454
religion:2.09861228866811
misc:1.6931471805599454
reader:1.0
read:1.0
wittgenstein:1.6931471805599454
60:1.0
post:1.0
would:2.6094379124341005
disappear:1.6931471805599454
understood:1.0
98:1.0
michael:1.0
l:1.0
siemon:1.6931471805599454
someon:1.6931471805599454
call:1.6931471805599454
boundari:2.386294361119891
wrote:2.09861228866811
seem:1.0
littl:1.6931471805599454
think:3.1972245773362196
convent:1.0
smiley:1.6931471805599454
look:1.6931471805599454
like:1.6931471805599454
suppos:2.09861228866811
sideway:1.0
face:1.0
indic:1.0
preced:1.0
comment:1.0
funni:1.0
note:1.0
particip:1.0
five:1.0
year:1.0
say:2.9459101490553135
mr:2.386294361119891
far:1.0
8:1.0
meat:1.0
repli:1.6931471805599454
serv:1.0
excel:1.0
exampl:2.09861228866811
meant:1.0
way:2.791759469228055
loop:1.0
human:1.0
brain:1.0
infest:1.0
sin:1.0
trust:2.09861228866811
limit:1.6931471805599454
circumst:1.6931471805599454
beg:1.0
differ:2.386294361119891
properli:2.386294361119891
form:2.6094379124341005
conscienc:2.6094379124341005
virtual:1.0
time:1.6931471805599454
move:1.0
problem:1.6931471805599454
back:1.0
one:2.09861228866811
level:1.6931471805599454
tell:2.386294361119891
presuppos:1.0
capabl:1.0
judg:1.0
ness:1.0
word:1.0
sure:1.0
assum:1.6931471805599454
evalu:1.0
conclus:1.0
save:1.0
lot:2.09861228866811
grant:1.0
valid:1.0
reason:2.09861228866811
unless:1.0
infal:2.791759469228055
judgement:1.0
certain:2.791759469228055
therefor:1.6931471805599454
possibl:1.6931471805599454
whatev:1.0
mean:1.0
give:1.6931471805599454
anoth:1.6931471805599454
paradigm:1.0
hit:1.0
purpos:1.0
church:2.09861228866811
necess:1.6931471805599454
interpret:1.6931471805599454
divin:1.6931471805599454
revel:1.6931471805599454
without:1.0
christian:2.386294361119891
noth:1.0
bunch:1.0
divis:1.0
sect:1.0
know:1.6931471805599454
presum:1.0
believ:1.6931471805599454
argument:1.6931471805599454
contain:1.0
mistak:1.0
write:1.0
although:1.0
mind:1.0
finit:1.0
suscept:1.0
error:1.6931471805599454
compet:1.0
arriv:1.0
induct:1.0
insight:1.0
confid:2.9459101490553135
abil:1.6931471805599454
distinguish:1.6931471805599454
true:2.386294361119891
even:1.6931471805599454
area:1.0
experiment:1.0
method:1.0
huge:1.0
thing:1.6931471805599454
absolut:2.386294361119891
long:1.0
discus:1.6931471805599454
claim:1.6931471805599454
realli:1.0
go:2.09861228866811
check:1.0
significantli:1.0
invit:1.6931471805599454
peopl:1.6931471805599454
ask:1.0
except:1.0
dismiss:1.0
idea:2.09861228866811
fallibl:2.09861228866811
yet:1.0
meet:1.0
anyon:1.0
knowabl:1.0
sourc:1.0
truth:1.6931471805599454
admit:1.6931471805599454
everi:1.0
result:1.0
convinc:1.0
darren:1.0
f:1.0
provin:1.0
particular:1.0
may:1.6931471805599454
entir:1.0
relev:1.0
origin:1.6931471805599454
critic:2.09861228866811
get:2.09861228866811
feel:1.6931471805599454
poster:1.0
regard:1.6931471805599454
right:1.0
wrong:2.386294361119891
answer:1.0
etern:1.6931471805599454
consequ:1.6931471805599454
hell:2.09861228866811
least:2.09861228866811
signific:1.0
danger:1.0
end:1.6931471805599454
process:1.0
use:1.0
reach:1.0
thu:1.0
principl:1.0
could:1.0
basic:1.0
fact:1.0
clearli:1.0
enough:1.0
taught:1.0
bibl:1.0
unlik:1.0
misinterpret:1.0
order:1.0
tri:1.0
frame:1.0
statement:1.0
suffici:1.0
care:1.0
sidestep:1.0
controversi:1.0
issu:1.0
said:1.0
non:1.0
definit:1.0
attempt:1.0
describ:1.0
detail:1.0
view:1.0
intoler:1.0
though:1.0
acknowledg:1.0
chanc:1.0
genuin:1.0
often:1.0
u:1.0
justifi:1.0
case:1.0
constitut:1.0
blame:1.0
messeng:1.0
univers:1.0
set:1.6931471805599454
decis:1.0
fault:1.0
god:1.0
immor:1.0
critiqu:1.0
find:1.0
difficult:1.0
respond:1.0
clh:1.0
