eugen:1.6931471805599454
bigelow:1.6931471805599454
ebay:1.6931471805599454
sun:2.09861228866811
com:1.6931471805599454
geno:1.0
subject:1.0
arrog:3.1972245773362196
christian:2.791759469228055
repli:1.0
organ:1.0
microsystem:1.0
inc:1.0
line:1.0
40:1.0
think:2.386294361119891
belief:2.9459101490553135
right:1.6931471805599454
everyon:1.6931471805599454
el:2.09861228866811
wrong:2.791759469228055
simpli:1.0
mean:1.6931471805599454
unfortunatli:1.0
seem:1.0
taught:1.6931471805599454
come:1.6931471805599454
religion:1.6931471805599454
take:2.09861228866811
extrem:1.0
say:2.09861228866811
one:2.09861228866811
accept:1.0
teach:1.0
save:1.6931471805599454
quit:1.0
bit:1.6931471805599454
claim:1.0
know:1.0
god:2.6094379124341005
want:1.0
especi:1.0
base:1.0
upon:1.0
interpret:1.0
book:1.0
logic:1.0
statement:1.0
faulti:1.0
assum:1.0
two:2.386294361119891
peopl:2.386294361119891
differ:2.09861228866811
correct:1.6931471805599454
percept:1.0
exactli:1.0
alik:1.0
perceiv:1.6931471805599454
everyth:1.0
way:1.0
believ:2.9459101490553135
truth:2.6094379124341005
call:2.6094379124341005
univers:1.0
present:1.0
look:1.6931471805599454
see:2.791759469228055
prayer:1.0
medit:1.0
inspir:1.0
ation:1.0
dream:1.0
whatev:1.0
may:1.0
exampl:1.0
question:1.0
glass:1.0
half:1.6931471805599454
empti:1.0
full:1.0
answer:1.0
contradictori:1.0
yet:1.0
true:1.0
requir:1.0
person:1.0
convinc:1.0
evid:1.0
hard:1.0
critic:1.6931471805599454
could:2.09861228866811
hardli:1.0
let:1.0
closer:1.0
suppos:1.0
combin:1.0
prophet:1.6931471805599454
messiah:1.0
u:2.09861228866811
thing:1.0
anyth:1.6931471805599454
exclus:1.6931471805599454
add:1.0
anybodi:1.0
damn:1.0
well:1.0
case:1.0
messag:1.6931471805599454
etc:1.0
mayb:1.6931471805599454
world:1.0
soft:1.0
place:1.0
certain:1.6931471805599454
choic:1.0
actual:1.0
etern:1.0
consequ:1.0
sen:1.6931471805599454
though:1.0
law:1.0
gravit:1.0
give:1.0
option:1.0
whether:1.0
fall:1.0
jump:1.0
build:1.0
pas:1.0
given:1.0
complaint:1.0
make:1.0
1:1.0
2:1.0
clh:1.0
