jcj:2.09861228866811
tellab:1.6931471805599454
com:1.6931471805599454
subject:1.0
lose:1.0
temper:1.0
christian:2.09861228866811
trait:1.0
organ:1.0
huh:1.0
whuzzat:1.0
line:1.0
12:1.0
sheila:1.0
patterson:1.0
write:1.0
alway:1.0
suspect:1.0
human:1.6931471805599454
desir:1.0
like:1.6931471805599454
christ:1.6931471805599454
often:1.0
caus:1.0
critic:1.0
remind:1.0
peopl:1.0
wither:1.0
fig:1.0
tree:1.0
jesu:1.0
drive:1.0
money:1.0
changer:1.0
et:1.0
al:1.0
templ:1.0
think:1.0
two:1.0
instanc:1.0
show:1.0
anger:1.0
part:1.0
side:1.0
jeff:1.0
johnson:1.0
