rolf:2.6094379124341005
junior:1.6931471805599454
dsu:2.09861228866811
edu:2.09861228866811
tim:1.6931471805599454
subject:1.0
divin:1.0
provid:1.0
v:1.0
murphi:2.09861228866811
law:2.09861228866811
line:1.0
12:1.0
roman:1.6931471805599454
8:1.6931471805599454
28:1.6931471805599454
rsv:1.0
know:1.0
everyth:1.0
god:1.0
work:1.0
good:1.0
love:1.0
call:1.0
accord:1.0
purpos:1.0
anyth:1.0
go:1.0
wrong:1.0
quit:1.0
familiar:1.0
amplif:1.0
commentari:1.0
harmon:1.0
matter:1.0
appropri:1.0
humor:1.0
contradict:1.0
scriptur:1.0
dsuvax:1.0
