s0612596:1.6931471805599454
let:1.6931471805599454
rug:1.6931471805599454
nl:2.09861228866811
zwart:1.6931471805599454
subject:1.0
cathol:1.6931471805599454
church:2.386294361119891
poland:1.6931471805599454
organ:1.0
faculteit:1.0
der:1.0
letteren:1.0
rijksuniversiteit:1.0
groningen:1.0
line:1.0
10:1.0
hello:1.0
write:1.0
paper:1.0
role:1.6931471805599454
1989:1.0
anyon:1.0
tell:1.0
fill:1.0
recent:1.0
book:1.0
articl:1.0
english:1.0
german:1.0
french:1.0
import:1.0
concern:1.0
abort:1.0
law:1.0
religi:1.0
educ:1.0
school:1.0
birth:1.0
control:1.0
relat:1.0
state:1.0
govern:1.0
thanx:1.0
masja:1.0
