futon:1.6931471805599454
webo:1.6931471805599454
dg:2.09861228866811
com:2.09861228866811
taber:2.386294361119891
subject:1.0
soc:1.0
religion:2.09861228866811
christian:1.6931471805599454
arrog:1.6931471805599454
line:1.0
50:1.0
previou:1.0
messag:1.0
aa888:1.0
freenet:1.0
carleton:1.0
ca:1.0
mark:1.0
baker:1.0
write:1.0
think:1.0
belief:3.6390573296152584
right:1.0
everyon:1.0
el:2.09861228866811
wrong:2.09861228866811
simpli:1.0
mean:1.6931471805599454
stuff:1.6931471805599454
delet:1.0
seem:1.0
pretti:1.0
arog:1.0
definit:1.0
thing:2.386294361119891
find:2.09861228866811
true:1.0
base:1.6931471805599454
experi:3.0794415416798357
world:1.0
includ:1.0
studi:2.386294361119891
may:2.09861228866811
experienc:2.386294361119891
directli:1.6931471805599454
even:2.09861228866811
understand:2.386294361119891
extent:1.0
relat:1.6931471805599454
back:1.0
god:2.386294361119891
tri:2.09861228866811
make:2.09861228866811
sen:1.6931471805599454
read:1.0
bibl:1.0
echo:1.0
alreadi:1.0
build:1.0
also:1.0
match:1.6931471805599454
fals:1.0
mayb:1.6931471805599454
later:1.0
know:1.0
chang:2.09861228866811
someon:2.09861228866811
differ:2.386294361119891
mine:1.6931471805599454
neither:1.0
u:1.0
necessarili:1.0
set:1.0
though:1.0
explan:1.0
talk:1.0
might:1.0
discov:1.6931471805599454
underli:1.0
similar:1.0
peopl:1.0
approach:1.6931471805599454
truth:1.0
exist:1.0
one:1.0
form:1.0
usual:1.0
singl:1.0
revel:1.0
dogmat:1.0
inflex:1.0
system:1.0
appear:1.0
outsid:1.0
anoth:1.0
possibl:1.0
howev:1.0
mysteri:2.09861228866811
solv:1.0
look:1.0
evid:2.09861228866811
avail:1.0
arriv:1.0
best:1.6931471805599454
new:1.6931471805599454
caus:1.0
encount:1.0
threat:1.0
opportun:1.0
perhap:1.0
someth:1.0
never:1.0
fulli:1.0
comprehend:1.0
peac:1.0
william:1.0
opinion:1.0
express:1.0
data:1.0
gener:1.0
corp:1.0
alon:1.0
westboro:1.0
mass:1.0
01580:1.0
without:1.0
notic:1.0
dream:1.0
laid:1.0
rest:1.0
get:1.6931471805599454
second:1.0
tbut:1.0
hard:1.0
enough:1.0
tdavid:1.0
wilcox:1.0
