mussack:2.09861228866811
austin:1.6931471805599454
ibm:1.6931471805599454
com:1.0
christoph:1.0
subject:1.0
sabbath:1.0
admiss:1.0
5of5:1.0
organ:1.0
line:1.0
12:1.0
gener:1.0
question:1.0
sinc:1.0
world:1.0
discov:1.0
round:1.0
definit:1.0
saturday:1.0
ambigu:1.0
least:1.0
arbitrari:1.6931471805599454
would:1.0
someon:1.0
answer:1.0
also:1.0
calendar:1.6931471805599454
chang:2.386294361119891
gregorian:1.0
julian:1.0
day:2.09861228866811
week:1.0
date:1.6931471805599454
point:1.0
chri:1.0
7:1.0
weekli:1.0
cycl:1.0
month:1.0
clh:1.0
