david:1.6931471805599454
bernard:2.09861228866811
central:1.6931471805599454
sun:2.09861228866811
com:2.09861228866811
dave:1.0
subject:1.0
question:1.0
virgin:1.0
mari:1.0
repli:1.0
organ:1.0
microsystem:1.0
line:1.0
9:1.0
articl:1.0
28782:1.0
atho:1.0
rutger:1.0
edu:1.0
revdak:1.0
netcom:1.0
andrew:1.0
kill:1.0
write:1.0
observ:1.0
although:1.0
bodili:1.0
assumpt:1.0
basi:1.0
bibl:1.0
carl:1.0
jung:1.6931471805599454
declar:1.0
one:1.0
import:1.0
pronounc:1.0
church:1.0
recent:1.0
year:1.0
impli:1.0
inclus:1.0
feminin:1.0
godhead:1.6931471805599454
mean:1.0
