bjorn:2.791759469228055
b:2.6094379124341005
larsen:2.6094379124341005
delab:2.6094379124341005
sintef:2.386294361119891
subject:1.0
bibl:2.6094379124341005
avail:1.6931471805599454
everi:1.6931471805599454
languag:2.9459101490553135
satan:1.0
toung:1.0
repli:1.0
organ:1.6931471805599454
line:1.0
31:1.0
articl:1.0
may:1.0
5:1.0
02:1.0
53:1.0
10:1.0
1993:1.0
28880:1.0
atho:1.0
rutger:1.0
edu:1.6931471805599454
koberg:1.6931471805599454
spot:1.0
colorado:1.0
allen:1.0
write:2.09861228866811
tongu:2.09861228866811
concept:1.6931471805599454
use:1.0
pentecost:1.0
seem:1.0
outdat:1.0
nearli:1.0
missionari:1.6931471805599454
church:1.0
need:1.0
guess:1.6931471805599454
least:1.0
peopl:1.0
abl:1.6931471805599454
support:1.6931471805599454
claim:1.0
still:2.09861228866811
lot:1.0
without:1.0
part:1.0
mani:1.0
simpli:1.0
written:1.0
version:1.0
yet:1.0
defin:1.6931471805599454
one:1.6931471805599454
main:1.0
goal:1.0
wycliff:1.0
translat:1.0
rule:1.0
grammar:1.0
rest:1.0
world:1.6931471805599454
see:1.0
reason:1.0
becom:1.0
unemploy:1.0
forese:1.0
futur:1.0
provid:1.0
get:1.0
neccessari:1.0
3:1.0
largest:1.0
mail:1.6931471805599454
e:1.0
n:1.0
7034:1.0
trondheim:1.0
tel:1.0
47:1.6931471805599454
7:1.6931471805599454
592682:1.0
592600:1.0
norway:1.0
fax:1.0
591039:1.0
594302:1.0
