mcovingt:1.6931471805599454
aisun3:1.0
ai:2.09861228866811
uga:1.6931471805599454
edu:2.386294361119891
michael:2.09861228866811
covington:2.09861228866811
subject:1.0
nation:2.386294361119891
repent:2.09861228866811
repli:1.0
jwaugh:1.6931471805599454
magnu:1.6931471805599454
ac:1.6931471805599454
ohio:2.09861228866811
state:2.09861228866811
organ:1.0
program:1.6931471805599454
univers:2.09861228866811
georgia:2.09861228866811
athen:1.6931471805599454
line:1.0
29:1.0
concern:1.0
christian:1.6931471805599454
pray:1.0
copor:1.6931471805599454
forgiv:2.09861228866811
sin:1.6931471805599454
claim:1.6931471805599454
follow:1.0
c:1.6931471805599454
lewi:2.386294361119891
made:1.0
point:1.0
essay:2.09861228866811
world:1.6931471805599454
war:1.6931471805599454
ii:1.6931471805599454
leader:1.0
britain:1.0
urg:1.0
horror:1.0
associ:1.6931471805599454
research:1.6931471805599454
scientist:1.0
artifici:1.0
intellig:1.0
phone:1.0
706:1.0
542:1.0
0358:1.0
30602:1.0
7415:1.0
u:1.6931471805599454
amateur:1.0
radio:1.0
n4tmi:1.0
surpris:1.0
heard:1.0
kind:1.0
remark:1.0
fellow:1.0
grad:1.0
student:1.0
know:1.6931471805599454
especi:1.0
sinc:1.0
seminari:1.0
train:1.0
read:1.0
find:1.0
make:1.6931471805599454
rather:1.0
condemn:1.6931471805599454
use:1.0
prayer:1.0
effort:1.0
platform:1.6931471805599454
polit:1.6931471805599454
jab:1.0
oppon:1.0
feign:1.0
confess:1.0
guilt:1.0
ie:1.0
lord:1.0
plea:1.6931471805599454
allow:1.0
insert:1.0
issu:1.0
idea:1.0
exist:1.0
countri:1.0
wrong:1.0
ask:1.0
would:1.0
interest:1.0
part:1.0
feel:1.0
quot:1.0
jonathan:1.0
waugh:1.0
graduat:1.0
pulmonari:1.0
medicin:1.0
div:1.0
samp:1.0
rm:1.0
431:1.0
1583:1.0
perri:1.0
st:1.0
columbu:1.0
oh:1.0
43210:1.0
