rowland:2.6094379124341005
pocomoco:1.6931471805599454
nosubdomain:1.0
nodomain:1.0
jon:2.09861228866811
subject:1.0
gray:1.0
level:2.386294361119891
screen:3.1972245773362196
nntp:1.0
post:1.0
host:1.0
hc:1.6931471805599454
ti:1.6931471805599454
com:2.386294361119891
repli:1.0
organ:1.0
texa:1.0
instrument:1.0
spdc:1.0
dsp:1.0
technolog:1.0
branch:1.0
dalla:1.0
line:1.0
51:1.0
articl:1.6931471805599454
1pp991:1.0
t63:1.0
cc:1.6931471805599454
tut:1.6931471805599454
fi:1.6931471805599454
jk87377:1.0
lehtori:1.0
kouhia:1.0
juhana:1.0
write:1.6931471805599454
1993apr5:1.0
040819:1.0
14943:1.0
kpc:1.6931471805599454
hollasch:1.6931471805599454
steve:1.0
think:1.6931471805599454
propos:1.0
would:1.0
work:1.6931471805599454
get:2.09861228866811
extra:2.09861228866811
one:1.6931471805599454
mayb:1.6931471805599454
two:1.0
bit:3.0794415416798357
color:2.09861228866811
resolut:1.0
howev:1.0
display:2.6094379124341005
chould:1.0
zero:1.0
full:1.0
intens:1.6931471805599454
primari:1.0
great:1.0
equival:1.0
24:1.6931471805599454
photograph:1.0
suggest:1.0
wrote:1.6931471805599454
problem:2.386294361119891
clearli:1.0
visibl:1.6931471805599454
7:1.0
b:1.6931471805599454
w:1.6931471805599454
imag:2.9459101490553135
mention:1.0
descript:1.0
experi:1.6931471805599454
delet:1.6931471805599454
1:2.09861228866811
view:1.0
quickli:1.0
sync:1.0
100:1.0
could:1.6931471805599454
better:1.0
dunno:1.0
case:1.0
black:1.0
slow:1.0
machin:1.0
tri:1.0
8:1.0
know:1.0
render:1.0
pixel:2.09861228866811
x:1.0
constant:1.0
time:2.09861228866811
recal:1.0
doubl:1.0
buffer:1.0
help:1.0
either:1.0
dump:1.0
photo:1.6931471805599454
low:1.0
code:1.0
year:1.0
ago:1.0
friend:1.0
took:2.6094379124341005
256:1.6931471805599454
grey:1.0
mac:1.6931471805599454
plu:1.0
use:1.6931471805599454
method:1.0
synchron:1.0
60hz:1.0
10:1.6931471805599454
second:1.6931471805599454
differ:1.6931471805599454
apertur:1.0
set:1.0
bright:1.0
found:1.0
rang:1.0
well:1.0
give:1.0
respect:1.0
contrast:1.6931471805599454
qualiti:1.0
pretti:1.0
good:1.0
band:1.0
minim:1.0
exposur:1.0
program:1.0
built:1.0
255:1.6931471805599454
frame:2.09861228866811
first:1.0
contain:1.0
dot:1.0
valu:1.6931471805599454
254:1.0
etc:1.0
store:1.0
spar:1.0
data:1.0
structur:1.0
fast:1.0
onto:1.0
sequenc:1.0
creat:1.0
sometim:1.0
5:1.0
minut:1.0
old:1.0
camera:1.0
shutter:1.0
close:1.0
anyway:1.0
ye:1.0
directli:1.0
memori:1.0
mea:1.0
culpa:1.0
biggest:1.0
small:1.0
top:1.0
left:1.0
corner:1.0
instead:1.0
center:1.6931471805599454
week:1.0
film:1.0
develop:1.0
print:1.6931471805599454
processor:1.0
troubl:1.0
manual:1.0
move:1.0
guess:1.0
regard:1.0
