situnaya:1.0
ibm3090:1.6931471805599454
bham:1.6931471805599454
ac:1.6931471805599454
uk:1.6931471805599454
subject:1.0
help:1.0
want:1.0
dmorf:1.6931471805599454
organ:1.0
univers:1.0
birmingham:1.0
unit:1.0
kingdom:1.0
line:1.0
6:1.0
nntp:1.0
post:1.6931471805599454
host:1.0
plea:1.6931471805599454
bear:1.0
new:1.0
game:1.0
apolog:1.0
unreservedli:1.0
hav:1.0
e:1.0
anoth:2.09861228866811
messag:1.0
earlier:1.0
mistak:1.0
digress:1.0
could:1.0
anyon:1.0
th:1.0
ere:1.0
explain:1.0
exactli:1.0
dtax:1.0
exe:1.0
simpli:1.0
fade:1.0
one:1.6931471805599454
bitmap:1.6931471805599454
reshap:1.0
excus:1.0
ignor:1.0
anc:1.0
