palli:1.6931471805599454
server:1.0
uwindsor:1.0
ca:1.0
dimitrio:1.0
subject:1.0
genoa:1.6931471805599454
blitz:1.0
24:1.0
hit:1.0
1600x1200x256:1.0
ni:1.0
line:1.0
3:1.0
sorri:1.0
card:1.0
noth:1.0
ati:1.6931471805599454
ultra:1.0
plu:1.6931471805599454
2mb:1.0
cost:1.0
330:1.0
u:1.0
street:1.0
price:1.0
