sloan:2.791759469228055
ci:2.791759469228055
uab:2.6094379124341005
edu:2.386294361119891
kenneth:2.09861228866811
subject:1.0
surfac:1.0
normal:1.0
orient:1.0
articl:1.6931471805599454
1993apr6:1.6931471805599454
181509:1.0
1973:1.0
organ:1.0
univers:1.6931471805599454
alabama:1.6931471805599454
birmingham:2.09861228866811
line:1.0
16:1.0
175117:1.0
1848:1.0
write:1.0
brilliant:1.0
algorithm:1.0
serious:1.0
correct:1.0
sign:1.0
chang:1.0
flaw:1.0
obviou:1.0
therefor:1.0
shown:1.0
sorri:1.0
comput:1.0
inform:1.0
scienc:1.0
205:1.6931471805599454
934:1.6931471805599454
2213:1.0
115a:1.0
campbel:1.0
hall:1.0
station:1.0
5473:1.0
fax:1.0
al:1.0
35294:1.0
1170:1.0
