situnaya:1.0
ibm3090:1.6931471805599454
bham:1.6931471805599454
ac:1.6931471805599454
uk:1.6931471805599454
subject:1.0
test:1.0
sorri:1.0
organ:1.0
univers:1.0
birmingham:1.0
unit:1.0
kingdom:1.0
line:1.0
1:1.0
nntp:1.0
post:1.0
host:1.0
