jack:1.6931471805599454
shograf:1.6931471805599454
com:1.0
ritter:1.0
subject:1.0
help:1.0
articl:1.0
c531e6:1.0
7uo:1.0
distribut:1.0
usa:1.0
organ:1.0
shograph:1.0
sunnyval:1.0
line:1.0
9:1.0
need:1.0
complet:1.0
list:1.0
polygon:1.0
order:1.0
summar:1.0
net:1.0
compil:1.0
g:1.0
option:1.0
