ranjan:1.6931471805599454
c:2.386294361119891
ubc:1.6931471805599454
ca:1.6931471805599454
vishwa:1.6931471805599454
subject:1.0
complex:2.09861228866811
e:1.0
real:1.0
imaginari:1.0
part:1.0
bio:1.6931471805599454
medic:1.6931471805599454
imag:1.6931471805599454
organ:1.0
comput:1.0
scienc:1.0
univers:1.0
b:1.6931471805599454
vancouv:1.0
canada:1.0
line:1.0
7:1.0
distribut:1.0
world:1.0
nntp:1.0
post:1.0
host:1.0
ironduk:1.0
avail:1.0
anywher:1.0
net:1.0
experiment:1.0
mean:1.0
everi:1.0
sampl:1.0
data:1.0
point:1.0
magnitud:1.0
phase:1.0
inform:1.0
thank:1.0
pointer:1.0
