amjad:2.6094379124341005
eng:1.6931471805599454
umd:2.09861228866811
edu:2.09861228866811
soomro:1.6931471805599454
subject:1.0
gamma:2.386294361119891
law:1.6931471805599454
correct:2.386294361119891
organ:1.0
project:1.0
glue:1.0
univers:1.0
maryland:1.6931471805599454
colleg:1.6931471805599454
park:1.6931471805599454
line:1.0
22:1.0
distribut:1.0
usa:1.0
expir:1.0
05:1.0
15:1.0
93:1.0
nntp:1.0
post:1.0
host:1.0
filter:1.0
hi:1.0
digit:1.0
ntsc:1.6931471805599454
signal:1.6931471805599454
display:2.386294361119891
pc:2.09861228866811
video:1.0
monitor:2.09861228866811
known:1.0
respons:1.6931471805599454
tube:1.0
non:1.6931471805599454
linear:2.09861228866811
sometim:1.0
said:1.0
follow:1.0
certain:1.0
encod:1.0
tv:1.0
suppos:1.0
also:1.0
256:1.0
grey:1.0
level:1.6931471805599454
exampl:1.0
code:1.0
c:1.0
program:1.0
intens:1.0
appear:1.0
bright:1.0
word:1.0
circuitri:1.0
errror:1.0
much:1.0
appreci:1.0
cc:1.0
comput:1.0
scienc:1.0
center:1.0
u:1.0
email:1.0
wam:1.0
