mccool:2.386294361119891
dgp:1.6931471805599454
toronto:2.9459101490553135
edu:1.0
michael:1.6931471805599454
subject:1.0
apr:1.0
20:1.6931471805599454
siggraph:2.386294361119891
event:2.6094379124341005
organ:1.0
univers:1.6931471805599454
dynam:1.0
graphic:2.386294361119891
project:1.0
distribut:1.0
na:1.0
line:1.0
48:1.0
chanc:1.6931471805599454
art:1.6931471805599454
2d:1.6931471805599454
anim:1.6931471805599454
indigo:1.6931471805599454
ken:1.0
evan:1.0
imagician:1.6931471805599454
artwar:1.6931471805599454
inc:1.6931471805599454
tuesday:1.0
april:1.0
1993:1.0
7:1.0
00pm:1.6931471805599454
9:1.0
mcluhan:2.09861228866811
centr:2.09861228866811
cultur:1.0
technolog:1.0
39a:1.0
queen:2.09861228866811
park:2.09861228866811
crescent:2.09861228866811
member:2.386294361119891
non:1.6931471805599454
alik:1.0
encourag:1.0
becom:1.0
abstract:1.6931471805599454
enter:1.0
earli:1.0
beta:1.0
site:1.0
test:1.0
silicon:1.6931471805599454
workstat:1.0
new:1.0
artwork:1.0
packag:1.6931471805599454
call:1.6931471805599454
describ:1.0
demonstr:2.386294361119891
technic:1.6931471805599454
issu:1.0
discus:1.0
market:1.0
plan:1.0
outlin:1.0
talk:1.0
also:1.6931471805599454
present:1.6931471805599454
busi:1.0
problem:1.0
increasingli:1.0
confront:1.0
small:1.0
startup:1.0
softwar:1.0
compani:1.0
today:1.0
opportun:1.0
situat:1.0
time:1.0
alloc:1.0
hand:1.0
interest:1.0
parti:1.0
gracious:1.0
provid:1.0
myck:2.09861228866811
kupka:1.6931471805599454
computer:1.0
interact:1.0
reflect:1.0
stereoscop:1.0
instal:1.0
upstair:1.0
feel:1.0
free:1.0
drop:1.0
btw:1.0
sure:1.0
sing:1.0
happi:1.0
birthday:1.0
name:1.0
nomine:1.0
execut:1.0
offic:1.0
announc:1.0
meet:1.0
nomin:1.0
still:1.0
open:1.0
elect:1.0
may:1.0
18th:1.0
465:1.6931471805599454
0943:1.0
fax:1.0
0729:1.0
direct:1.0
coachhous:1.0
east:1.6931471805599454
side:1.0
north:1.0
wellesley:1.0
south:1.0
st:1.6931471805599454
joseph:1.0
behind:1.0
39:1.0
mediaev:1.0
studi:1.0
inform:1.0
membership:1.0
contact:1.0
via:1.0
tinternet:1.0
utoronto:1.0
ca:1.0
tvoic:1.0
652:1.0
8072:1.0
978:1.6931471805599454
6619:1.0
6027:1.0
tfax:1.0
653:1.0
1654:1.0
