ruberi:1.6931471805599454
saturn:1.6931471805599454
aitc:1.6931471805599454
rest:1.6931471805599454
tasc:2.09861228866811
com:1.6931471805599454
dan:1.0
subject:1.0
graphic:1.0
format:2.6094379124341005
organ:1.0
line:1.0
7:1.0
nntp:1.0
post:1.0
host:1.0
write:1.0
utili:1.0
convert:2.09861228866811
regi:1.0
tekton:1.0
esacp:1.0
sequenc:1.0
use:1.0
would:2.09861228866811
rather:1.6931471805599454
goto:1.0
bitmap:1.0
window:1.0
meta:1.0
file:1.6931471805599454
easili:1.0
enough:1.0
corel:1.0
draw:1.0
cdr:1.0
m:1.0
power:1.0
point:1.0
ppt:1.0
microsoft:1.0
give:1.0
wonder:1.0
anybodi:1.0
know:1.0
two:1.0
applic:1.0
