dutc0006:1.0
student:1.6931471805599454
tc:1.6931471805599454
umn:1.6931471805599454
edu:2.386294361119891
david:1.0
j:2.09861228866811
dutcher:1.0
1:1.0
subject:1.0
vga:2.6094379124341005
640x400:2.09861228866811
graphic:1.6931471805599454
mode:2.791759469228055
nntp:1.0
post:1.0
host:1.0
organ:1.0
univers:1.0
minnesota:1.0
line:1.0
23:1.0
articl:1.6931471805599454
734553308snx:1.0
rjck:2.09861228866811
uucp:2.09861228866811
rob:1.6931471805599454
robert:1.6931471805599454
c:1.6931471805599454
kyanko:1.6931471805599454
write:1.6931471805599454
gchen:1.0
essex:1.0
ecn:1.6931471805599454
uoknor:1.6931471805599454
c55doh:1.0
2ai:1.0
constel:1.0
greet:1.0
anybodi:1.0
know:1.0
possibl:1.6931471805599454
set:1.0
instead:1.0
640x480:2.09861228866811
info:1.0
appreci:1.0
vesa:2.09861228866811
bio:1.6931471805599454
support:2.386294361119891
0x100:1.0
abl:1.0
256:2.09861228866811
color:1.6931471805599454
sinc:1.0
requir:1.0
000:1.0
byte:1.6931471805599454
8514:1.6931471805599454
tsr:1.0
card:2.09861228866811
due:1.0
restrict:1.0
wd:1.0
paradis:1.0
respons:1.0
anyth:1.0
say:1.0
opinion:1.0
tahh:1.0
punch:1.0
wrong:1.0
number:1.0
calcul:1.0
take:1.6931471805599454
per:1.0
pixel:1.0
640:1.0
time:1.0
480:1.0
307:1.0
200:1.0
300k:1.0
exact:1.0
640x400x256:1.0
250k:1.0
think:1.0
bet:1.6931471805599454
either:1.0
512k:1.0
definit:1.0
svga:1.6931471805599454
though:1.0
high:1.0
