stefan:2.791759469228055
li:2.09861228866811
e:2.09861228866811
technik:2.09861228866811
tu:2.09861228866811
muenchen:2.386294361119891
de:2.09861228866811
eckart:2.09861228866811
subject:1.0
dmpeg10:1.0
zip:1.0
info:1.0
anoth:1.6931471805599454
do:2.386294361119891
mpeg:2.9459101490553135
decod:3.0794415416798357
player:2.6094379124341005
post:1.6931471805599454
keyword:1.0
repli:1.0
organ:1.0
technisch:1.0
universitaet:1.0
germani:1.0
line:1.0
74:1.0
alt:1.0
binari:1.0
pictur:1.0
util:1.0
short:1.0
descript:1.0
technic:1.6931471805599454
inform:1.6931471805599454
taken:1.0
accompani:1.0
document:1.0
dmpeg:1.6931471805599454
v1:1.0
0:2.386294361119891
public:1.0
domain:1.0
featur:1.0
dmplay:1.0
pc:1.0
nearli:1.0
full:1.0
video:1.0
standard:2.09861228866811
p:1.0
b:1.0
frame:1.6931471805599454
size:1.0
least:1.0
352x240:1.0
support:1.6931471805599454
save:1.0
sequenc:1.0
8:1.0
24bit:1.0
raw:1.6931471805599454
file:1.6931471805599454
later:1.0
display:2.6094379124341005
option:2.09861228866811
screen:1.0
requir:1.6931471805599454
vga:2.09861228866811
sever:1.0
dither:2.791759469228055
order:2.09861228866811
floyd:1.0
steinberg:1.0
grayscal:1.0
color:3.3978952727983707
space:2.9459101490553135
select:1.0
run:1.0
640kb:1.0
ram:1.0
m:1.0
window:1.0
compact:1.0
small:1.6931471805599454
code:1.0
data:1.0
model:1.0
16:1.0
bit:1.0
arithmet:1.0
real:1.0
time:1.0
separ:1.6931471805599454
mani:1.0
super:1.0
4:1.0
rather:1.0
straightforward:1.0
implement:1.6931471805599454
spec:1.0
1:1.0
idct:1.6931471805599454
base:1.0
chen:1.0
wang:1.0
13:1.0
multipl:1.0
algorithm:2.09861228866811
2:1.0
quit:1.6931471805599454
optimum:1.0
know:1.0
block:1.0
eight:1.0
non:1.6931471805599454
zero:1.0
coeffici:1.0
use:2.386294361119891
direct:1.0
multipli:1.0
accumul:1.0
2d:1.0
sound:1.0
great:1.0
turn:1.0
faster:1.0
fast:1.0
common:1.0
case:1.0
pretti:1.0
main:1.0
differ:1.0
berkeley:1.0
except:1.0
fewer:1.0
number:1.0
256:1.0
instead:2.09861228866811
128:1.0
default:1.0
restrict:2.09861228866811
satur:2.6094379124341005
domin:1.6931471805599454
lead:1.0
significantli:1.0
superior:1.0
qualiti:1.6931471805599454
imag:1.0
claim:1.0
judg:1.0
mean:1.0
u:1.0
v:1.0
compon:1.0
clip:1.0
25:1.0
5:1.0
point:2.386294361119891
distribut:1.0
sinc:1.0
distanc:1.0
thu:1.0
reduc:1.0
factor:1.0
two:1.6931471805599454
resolut:1.0
doubl:1.0
expens:1.0
abl:1.0
repres:1.0
fulli:1.0
method:1.0
lie:1.0
somewher:1.0
approxim:1.0
primarili:1.0
altern:1.0
constant:1.6931471805599454
hue:1.6931471805599454
yield:1.0
subjectivli:1.0
better:1.0
due:1.0
lower:1.0
sensit:1.0
human:1.0
view:1.0
system:1.0
chang:1.6931471805599454
reason:1.0
pal:1.0
tv:1.0
improv:1.6931471805599454
ntsc:1.0
particularli:1.0
visibl:1.0
dark:1.0
brown:1.0
redish:1.0
area:1.0
