dave:1.6931471805599454
watson:2.9459101490553135
math:2.386294361119891
uwa:2.386294361119891
edu:2.386294361119891
au:2.386294361119891
subject:1.0
delaunay:2.386294361119891
triangul:2.09861228866811
organ:1.0
univers:1.6931471805599454
western:1.6931471805599454
australia:2.09861228866811
line:1.0
29:1.0
distribut:1.0
world:1.0
repli:1.0
nntp:1.0
post:1.0
host:1.0
madvax:1.0
oz:1.0
zyeh:1.0
caspian:1.0
usc:1.0
zhenghao:1.0
yeh:1.0
write:1.0
anybodi:1.0
know:1.0
refer:1.0
geometr:1.6931471805599454
dual:1.0
voronoi:2.386294361119891
tessel:2.09861228866811
construct:1.0
deriv:1.0
natur:1.6931471805599454
neighbor:1.0
order:1.0
aurenhamm:1.0
f:2.09861228866811
1991:1.0
diagram:1.6931471805599454
survey:1.6931471805599454
fundament:1.0
data:1.0
structur:1.0
acm:1.0
comput:2.386294361119891
23:1.0
3:1.0
p:2.09861228866811
345:1.0
405:1.0
okab:1.0
boot:1.0
b:1.0
sugihara:1.0
k:1.0
1992:1.0
spatial:1.0
concept:1.0
applic:1.6931471805599454
wiley:1.0
son:1.0
new:1.0
york:1.0
isbn:1.0
0:1.0
471:1.0
93430:1.0
5:1.0
532p:1.0
1981:1.0
n:1.0
dimension:1.0
polytop:1.0
j:1.6931471805599454
24:1.0
2:1.0
167:1.0
172:1.0
1985:1.0
neighbour:1.0
sort:1.0
australian:1.0
17:1.0
4:1.0
189:1.0
193:1.0
internet:1.0
depart:1.0
mathemat:1.0
tel:1.0
61:1.6931471805599454
9:1.6931471805599454
380:1.6931471805599454
3359:1.0
nedland:1.0
wa:1.0
6009:1.0
fax:1.0
1028:1.0
