scrow:1.0
hemel:1.0
bull:1.6931471805599454
co:1.0
uk:1.6931471805599454
simon:1.0
crow:1.0
subject:1.6931471805599454
point:2.386294361119891
within:1.0
polygon:2.386294361119891
summari:1.0
algorithm:1.6931471805599454
find:1.0
bound:1.6931471805599454
keyword:1.0
nntp:1.0
post:1.0
host:1.0
bogart:1.0
organ:1.0
hn:1.0
line:1.0
7:1.0
look:1.0
determin:1.0
given:1.0
anyon:1.0
code:1.0
refer:1.0
book:1.0
contain:1.0
inform:1.0
tregard:1.0
tsimon:1.0
