john:2.6094379124341005
goshawk:1.0
mcc:2.386294361119891
ac:1.6931471805599454
uk:1.6931471805599454
heaton:1.6931471805599454
subject:1.0
pov:1.0
reboot:1.6931471805599454
pc:1.0
memori:1.6931471805599454
upgrad:1.0
repli:1.0
nessi:1.0
organ:1.0
network:1.6931471805599454
unit:1.6931471805599454
line:1.0
13:1.0
last:1.0
week:1.0
run:2.09861228866811
povray:2.386294361119891
v1:1.0
0:1.0
486:1.0
33:1.0
dos5:1.6931471805599454
without:1.0
major:1.0
problem:1.0
easter:1.0
increas:1.0
4meg:1.0
8meg:1.0
found:1.0
system:1.6931471805599454
everi:1.0
time:1.0
go:1.6931471805599454
do:1.6931471805599454
window:1.0
win3:1.0
1:1.0
work:1.0
fine:1.0
even:1.0
lot:1.0
slower:1.0
would:1.0
like:1.0
back:1.0
use:1.0
directli:1.0
anyon:1.0
idea:1.0
nr:1.0
central:1.0
administr:1.0
univers:1.0
oxford:1.0
road:1.0
manchest:1.0
m13:1.0
9pl:1.0
phone:1.0
44:1.6931471805599454
61:1.6931471805599454
275:1.6931471805599454
6011:1.0
fax:1.0
6040:1.0
packet:1.0
g1yyh:1.6931471805599454
gb7pwi:1.0
16:1.0
gbr:1.0
eu:1.0
