hendrix:2.9459101490553135
oasi:2.09861228866811
dt:2.386294361119891
navi:2.386294361119891
mil:2.386294361119891
dane:2.386294361119891
subject:1.0
process:2.386294361119891
stereo:1.6931471805599454
imag:1.6931471805599454
repli:1.0
organ:1.0
code:1.6931471805599454
1542:1.6931471805599454
dtmb:1.6931471805599454
bethesda:1.6931471805599454
md:1.6931471805599454
line:1.0
16:1.0
interest:1.6931471805599454
find:1.0
involv:1.0
pair:1.0
photograph:1.0
black:1.0
white:1.0
photo:1.0
would:1.6931471805599454
like:1.0
obtain:1.0
surfac:1.6931471805599454
contour:1.0
prefer:1.0
sgi:1.6931471805599454
hear:1.0
softwar:1.0
hardwar:1.0
use:1.0
type:1.0
plea:1.0
email:1.6931471805599454
post:1.0
comp:1.0
sy:1.0
graphic:1.0
respons:1.0
thank:1.0
wizard:1.0
k:1.0
headquart:1.0
carderock:1.0
div:1.0
naval:1.0
warfar:1.0
center:1.0
na:1.0
nasa:1.0
gov:1.0
20084:1.0
5000:1.0
phone:1.0
301:1.0
227:1.0
1340:1.0
