spl:1.6931471805599454
ivem:1.6931471805599454
ucsd:2.09861228866811
edu:2.09861228866811
steve:1.6931471805599454
lamont:1.6931471805599454
subject:1.6931471805599454
point:2.09861228866811
within:1.0
polygon:2.6094379124341005
organ:1.0
univers:1.0
calif:1.0
san:2.09861228866811
diego:2.09861228866811
microscopi:1.6931471805599454
imag:1.6931471805599454
resourc:1.6931471805599454
line:1.0
15:1.0
nntp:1.0
post:1.0
host:1.0
keyword:1.0
articl:1.6931471805599454
1993apr14:1.0
102007:1.0
20664:1.0
uk03:1.0
bull:1.6931471805599454
co:1.6931471805599454
uk:1.6931471805599454
scrow:1.0
hemel:1.0
simon:1.0
crow:1.0
write:1.0
look:1.0
algorithm:1.0
determin:1.0
given:1.0
bound:1.0
anyon:1.0
code:1.6931471805599454
refer:1.0
book:1.6931471805599454
contain:1.0
inform:1.0
see:1.0
effici:1.0
ray:1.0
intersect:1.6931471805599454
p:1.0
390:1.0
graphic:1.0
gem:1.0
isbn:1.0
0:1.0
12:1.0
286165:1.0
5:1.0
second:1.0
step:1.0
want:1.0
sampl:1.0
tspl:1.0
sciviguy:1.0
619:1.0
534:1.0
7968:1.0
szechuan:1.0
uc:1.0
la:1.0
jolla:1.0
ca:1.0
92093:1.0
0608:1.0
bolshevik:1.0
bullshitvik:1.0
yevgeni:1.0
yevtechenko:1.0
meet:1.0
