ferdinan:1.0
oeinck:1.6931471805599454
waterland:1.0
wlink:1.0
nl:1.6931471805599454
ferdinand:1.0
subject:1.0
distanc:2.386294361119891
two:1.6931471805599454
bezier:1.6931471805599454
curv:2.6094379124341005
organ:1.0
node:1.0
groningen:1.0
line:1.0
14:1.0
pe:1.0
hutc:1.0
c:1.0
hut:1.0
fi:1.0
pekka:1.6931471805599454
siltanen:1.6931471805599454
write:1.0
suppos:1.0
cubic:1.0
control:1.6931471805599454
point:2.386294361119891
v1:1.6931471805599454
v4:1.6931471805599454
w1:1.6931471805599454
w4:1.6931471805599454
equal:1.0
first:1.6931471805599454
last:1.0
get:1.0
upper:1.0
bound:1.0
one:1.0
ti:1.6931471805599454
paramet:1.0
u:1.0
refer:1.0
appreci:1.0
thank:1.0
anvanc:1.0
