cptulli:1.6931471805599454
med:2.386294361119891
unc:2.791759469228055
edu:2.791759469228055
christoph:1.6931471805599454
p:1.6931471805599454
tulli:1.6931471805599454
patholog:1.0
62699:1.0
subject:1.0
tiff:2.9459101490553135
philosoph:1.6931471805599454
signific:1.6931471805599454
42:2.386294361119891
nntp:1.0
post:1.0
host:1.0
helix:1.0
repli:1.0
organ:1.0
ch:1.0
school:1.0
medicin:1.0
line:1.0
40:1.0
articl:1.6931471805599454
8hc:1.0
mentor:1.0
cc:1.6931471805599454
purdu:1.6931471805599454
ab:1.6931471805599454
nova:1.0
allen:1.0
b:1.0
write:1.6931471805599454
1993apr10:1.0
160929:1.0
696:1.0
galki:1.6931471805599454
toppoint:1.6931471805599454
de:1.6931471805599454
ulrich:1.0
accord:1.0
5:1.0
0:1.0
specif:1.0
version:1.0
number:2.09861228866811
byte:1.6931471805599454
2:1.0
3:1.0
chosen:1.6931471805599454
deep:1.0
last:1.0
week:1.0
read:1.6931471805599454
hitchhik:1.0
guid:1.0
galaxi:1.0
actual:1.6931471805599454
pick:1.0
sure:1.0
amus:1.0
everi:1.0
time:1.0
part:1.0
spec:2.09861228866811
infuri:1.0
none:1.0
happi:1.0
complex:1.0
anyway:1.0
think:1.6931471805599454
arbitrari:1.0
care:1.0
neither:1.0
addit:1.0
find:1.0
choic:1.0
4:1.0
begin:1.0
file:1.0
meaningless:1.0
use:1.0
letter:1.0
bother:1.0
support:1.0
word:1.0
order:1.0
either:1.0
found:1.0
mani:1.0
reader:1.0
tight:1.0
matter:1.0
tiff6:1.0
gripe:1.0
problem:1.0
also:1.0
import:1.0
volunt:1.0
help:1.0
defin:1.0
critiqu:1.0
final:1.0
littl:1.0
numerolog:1.0
24:1.6931471805599454
backward:1.0
bit:1.0
imag:1.0
format:1.0
chri:1.0
tcptulli:1.0
univ:1.0
north:1.0
carolina:1.0
chapel:1.6931471805599454
hill:1.6931471805599454
cb:1.0
7525:1.0
919:1.0
966:1.0
2699:1.0
nc:1.0
27599:1.0
get:1.0
paid:1.0
opinion:1.0
mean:1.0
anybodi:1.0
el:1.0
agre:1.0
