ivanov:1.6931471805599454
sergey:1.0
serg:2.386294361119891
argu:2.386294361119891
msk:2.09861228866811
su:2.09861228866811
subject:1.0
vga:1.0
640x400:1.0
graphic:1.0
mode:1.6931471805599454
distribut:1.0
world:1.0
organ:1.0
commerci:1.0
industri:1.0
group:1.0
repli:1.0
line:1.0
7:1.0
8514:1.0
vesa:1.0
tsr:1.0
support:1.0
report:1.0
crt:1.0
regist:1.0
state:1.0
thank:1.0
