robert:2.791759469228055
cpuserv:2.09861228866811
acsc:2.386294361119891
com:2.386294361119891
grant:1.6931471805599454
subject:1.0
virtual:1.6931471805599454
realiti:1.0
x:1.0
cheap:1.0
organ:1.0
uscacsc:1.0
lo:1.0
angel:1.0
line:1.0
11:1.0
distribut:1.0
world:1.6931471805599454
repli:1.0
nntp:1.0
post:1.0
host:1.0
updat:1.0
locat:1.0
directori:1.0
public:1.0
sorri:1.0
