cywang:1.6931471805599454
ux1:1.6931471805599454
cso:2.09861228866811
uiuc:2.09861228866811
edu:2.09861228866811
cri:1.0
freeman:1.0
subject:1.0
good:1.6931471805599454
assembl:1.0
vga:1.6931471805599454
program:1.6931471805599454
book:1.6931471805599454
organ:1.0
univers:1.0
illinoi:1.0
urbana:1.0
line:1.0
9:1.0
someon:1.0
give:1.0
titl:1.0
graphic:1.0
plea:1.0
respond:1.0
email:1.0
thank:1.0
yuan:1.6931471805599454
che:1.0
wang:1.0
cw21219:1.0
uxa:1.0
