jxl9011:1.6931471805599454
ultb:1.6931471805599454
isc:1.6931471805599454
rit:1.6931471805599454
edu:1.6931471805599454
j:1.0
x:1.0
lee:1.0
subject:1.0
job:1.6931471805599454
nntp:1.0
post:1.0
host:1.0
gw:1.0
organ:1.0
rochest:1.0
institut:3.0794415416798357
technolog:2.386294361119891
distribut:1.0
seri:1.6931471805599454
line:1.0
45:1.0
opportun:1.0
system:2.09861228866811
engin:2.386294361119891
research:2.6094379124341005
kist:1.0
korea:2.6094379124341005
scienc:2.09861228866811
look:1.0
resum:1.6931471805599454
follow:1.0
posit:1.0
need:1.0
end:1.0
june:1.0
6:1.0
30:1.0
interest:1.0
send:1.0
tcad:1.0
cae:1.6931471805599454
lab:1.6931471805599454
6th:1.6931471805599454
floor:1.6931471805599454
tsystem:1.0
tkorea:1.0
tyousung:1.0
gu:1.6931471805599454
eoeun:1.6931471805599454
dong:1.6931471805599454
tdaejon:1.0
t305:1.0
600:1.6931471805599454
tcompani:1.0
ttitl:1.0
senior:1.0
scientist:1.0
tjob:1.6931471805599454
descript:1.0
depth:1.0
knowledg:2.6094379124341005
c:1.0
twork:2.09861228866811
comput:1.6931471805599454
aid:1.0
design:1.0
graphic:1.0
virtual:1.6931471805599454
realiti:1.6931471805599454
tskill:1.0
requir:1.0
desir:1.0
tdata:1.0
model:1.0
experi:1.0
tunderstand:1.0
client:1.0
server:1.0
architectur:1.0
trequir:1.0
ph:1.0
locat:1.0
daejon:1.6931471805599454
tcontact:1.0
info:1.0
chul:1.0
ho:1.0
lim:1.0
cad:1.0
yousung:1.0
305:1.0
phone:1.0
82:1.6931471805599454
42:1.6931471805599454
869:1.0
1681:1.0
fax:1.0
861:1.0
1999:1.0
e:1.0
mail:1.0
129:1.0
21:1.0
200:1.0
201:1.0
