williams4000:1.0
iscsvax:1.0
uni:1.0
edu:1.6931471805599454
subject:1.0
book:1.0
kell:1.0
correct:1.6931471805599454
organ:1.0
univers:1.6931471805599454
northern:1.6931471805599454
iowa:1.6931471805599454
line:1.0
11:1.0
aparantli:1.0
mistyp:1.0
address:1.6931471805599454
ftp:1.0
site:1.0
hold:1.0
imag:1.0
jupit:1.6931471805599454
csd:1.6931471805599454
unb:1.6931471805599454
ca:1.0
rather:1.0
directori:1.0
pub:1.0
librari:1.0
info:1.0
jon:1.0
william:1.0
