zyeh:1.0
caspian:1.6931471805599454
usc:2.09861228866811
edu:1.6931471805599454
zhenghao:1.0
yeh:1.6931471805599454
subject:1.0
delaunay:1.6931471805599454
triangul:1.6931471805599454
organ:1.0
univers:1.0
southern:1.0
california:1.0
lo:1.0
angel:1.0
ca:1.0
line:1.0
9:1.0
distribut:1.0
world:1.0
nntp:1.0
post:1.0
host:1.0
anybodi:1.0
know:1.0
refer:1.0
use:1.0
creat:1.0
3:1.0
object:1.0
ye:1.0
advantag:1.0
thank:1.0
advanc:1.0
