mtoivakk:1.6931471805599454
abo:2.09861228866811
fi:1.6931471805599454
martti:1.6931471805599454
toivakka:1.6931471805599454
pap:1.0
subject:1.0
compil:2.09861228866811
version:1.0
vogl:2.09861228866811
librari:1.6931471805599454
pc:1.6931471805599454
keyword:1.0
organ:1.0
akademi:1.0
univers:1.0
line:1.0
11:1.0
anybodi:1.0
graphic:1.0
ibm:1.0
need:1.0
call:1.0
m:1.6931471805599454
fortran:1.0
c:1.0
sourc:1.0
thank:1.0
help:1.0
