geoffrey:2.09861228866811
hansen:2.09861228866811
mindlink:1.6931471805599454
bc:1.6931471805599454
ca:1.6931471805599454
subject:1.0
vesa:2.09861228866811
speedstar:1.6931471805599454
24:1.6931471805599454
organ:1.0
mind:1.0
link:1.0
british:1.0
columbia:1.0
canada:1.0
line:1.0
12:1.0
use:1.6931471805599454
vmode:2.09861228866811
command:1.0
need:1.0
type:1.0
do:1.0
prompt:1.0
includ:1.0
mode:1.0
autodesk:1.0
anim:1.0
pro:1.0
inumer:1.0
confus:1.0
feel:1.0
despair:1.0
invari:1.0
emerg:1.0
period:1.0
great:1.0
technolog:1.0
cultur:1.0
transit:1.0
marshal:1.0
mcluhan:1.0
