subject:1.6931471805599454
xga:2.09861228866811
2:2.09861228866811
info:1.6931471805599454
rleberl:1.6931471805599454
sparc2:2.09861228866811
cstp:2.09861228866811
umkc:2.09861228866811
edu:2.09861228866811
rainer:2.09861228866811
leberl:1.6931471805599454
distribut:1.0
world:1.0
organ:1.0
univers:1.6931471805599454
missouri:1.0
kansa:1.6931471805599454
citi:1.6931471805599454
nntp:1.0
post:1.0
host:1.0
line:1.0
13:1.0
hi:1.0
anyon:1.0
chipset:1.0
hw:1.0
func:1.0
truecolor:1.0
resolut:1.0
board:1.0
yet:1.0
thank:1.0
mo:1.0
new:1.0
mail:1.0
clinton:1.0
whitehous:1.0
dc:1.0
gov:1.0
specifi:1.0
