renggli:2.386294361119891
masg1:1.6931471805599454
epfl:1.6931471805599454
ch:2.09861228866811
lori:1.6931471805599454
subject:1.0
need:1.6931471805599454
graph:2.09861228866811
display:1.6931471805599454
edit:1.6931471805599454
organ:1.0
math:1.6931471805599454
dept:1.6931471805599454
swiss:1.6931471805599454
institut:1.6931471805599454
technolog:1.6931471805599454
line:1.0
17:1.0
look:1.0
program:2.09861228866811
capabl:1.0
node:2.09861228866811
link:1.6931471805599454
possibl:1.0
interact:1.0
add:1.6931471805599454
one:1.6931471805599454
chang:1.0
etc:1.0
actual:1.0
simpl:1.0
x11:1.0
would:1.0
ok:1.0
put:1.0
box:1.6931471805599454
e:1.6931471805599454
pane:1.0
abl:1.0
manipul:1.0
mous:1.0
move:1.0
delet:1.0
anyon:1.0
know:1.0
avail:1.0
thank:1.0
help:1.0
phone:1.0
41:1.6931471805599454
21:1.6931471805599454
6934230:1.0
feder:1.0
fax:1.0
6934303:1.0
1015:1.0
lausann:1.0
switzerland:1.0
mail:1.0
