dkennett:1.6931471805599454
fraser:1.6931471805599454
sfu:1.6931471805599454
ca:1.6931471805599454
daniel:2.09861228866811
kennett:1.6931471805599454
subject:1.0
pov:1.0
troubl:1.6931471805599454
bump:2.791759469228055
map:3.0794415416798357
gif:2.791759469228055
sphere:2.09861228866811
summari:1.0
spher:1.0
povray:1.0
keyword:1.0
organ:1.0
simon:1.0
univers:1.0
burnabi:1.0
b:1.0
c:1.0
canada:1.0
line:1.0
44:1.0
hello:1.0
tri:1.0
onto:1.0
seem:1.0
get:1.0
work:2.09861228866811
imag:1.0
simpl:1.0
file:1.0
could:1.0
kind:1.0
soul:1.0
tell:1.0
what:1.0
wrong:1.0
includ:2.09861228866811
color:1.6931471805599454
inc:2.09861228866811
shape:1.0
textur:1.6931471805599454
camera:1.0
locat:1.0
0:3.302585092994046
1:3.1972245773362196
3:1.6931471805599454
direct:1.0
5:1.0
right:1.0
33:1.0
look:1.0
2:2.386294361119891
object:1.6931471805599454
light:1.0
sourc:1.0
4:1.0
white:1.0
surf:1.6931471805599454
note:1.0
plasma:1.0
fractal:1.0
fractint:1.0
use:1.0
landscap:1.0
palett:1.0
tthank:1.0
advanc:1.0
mind:1.0
finit:1.0
yet:1.0
even:1.0
circumst:1.0
finitud:1.0
surround:1.0
possibl:1.0
infinit:1.0
purpos:1.0
human:1.0
life:1.0
grasp:1.0
much:1.0
infinitud:1.0
alfr:1.0
north:1.0
whitehead:1.0
