lvandyk:1.6931471805599454
balboa:2.09861228866811
eng:2.09861228866811
uci:2.09861228866811
edu:2.09861228866811
lee:2.09861228866811
van:1.6931471805599454
dyke:1.6931471805599454
subject:1.0
want:1.0
map:1.6931471805599454
world:1.0
type:1.6931471805599454
gif:2.09861228866811
nntp:1.0
post:1.0
host:1.0
organ:1.0
univers:1.0
california:1.0
irvin:1.0
line:1.0
11:1.0
hi:1.0
anyon:1.0
direct:1.0
interest:1.0
cartographi:1.0
would:1.0
find:1.0
use:1.0
tia:1.0
uucp:1.0
infotec:1.6931471805599454
com:1.6931471805599454
sunkist:1.0
west:1.0
sun:1.0
