subject:1.0
announc:1.6931471805599454
ivan:1.6931471805599454
sutherland:1.6931471805599454
speak:1.6931471805599454
harvard:3.1972245773362196
eekim:2.09861228866811
husc11:1.6931471805599454
edu:2.386294361119891
eugen:1.6931471805599454
kim:1.6931471805599454
distribut:1.0
organ:1.0
univers:1.6931471805599454
scienc:1.6931471805599454
center:1.6931471805599454
nntp:1.0
post:1.0
host:1.0
line:1.0
21:1.0
comput:2.09861228866811
societi:1.0
plea:1.0
third:1.0
lectur:1.6931471805599454
spring:1.0
father:1.0
graphic:1.0
innov:1.0
microprocess:1.0
tuesday:1.0
april:1.0
20:1.0
1993:1.0
4:1.0
00:1.0
pm:1.6931471805599454
aiken:2.09861228866811
build:1.0
room:1.0
101:1.0
titl:1.0
talk:1.0
logic:1.0
effort:1.0
conflict:1.0
control:1.0
inform:1.6931471805599454
cooki:1.0
tea:1.0
serv:1.0
3:1.0
30:1.0
lobbi:1.0
admiss:1.0
free:1.0
welcom:1.0
locat:1.0
north:1.0
near:1.0
law:1.0
school:1.0
send:1.0
e:1.0
mail:1.0
husc:1.6931471805599454
videotap:1.0
tape:1.0
made:1.0
avail:1.0
thank:1.0
96:1.0
give:1.0
place:1.0
stand:1.0
internet:1.0
move:1.0
earth:1.0
archimed:1.0
