rgc3679:1.0
bcstec:1.0
ca:1.0
boe:1.6931471805599454
com:1.0
robert:1.0
g:1.0
carpent:1.0
subject:1.0
plea:1.0
recommend:1.0
3d:1.6931471805599454
graphic:1.6931471805599454
librari:1.0
mac:1.0
organ:1.0
line:1.0
9:1.0
search:1.0
u:1.0
mich:1.0
archiv:1.0
fairli:1.0
thoroughli:1.0
packag:1.0
alway:1.0
thought:1.0
mirror:1.0
sumex:1.0
aim:1.0
stanford:1.0
edu:1.0
wrong:1.0
look:1.0
grafsi:1.0
sound:1.0
interest:1.0
thank:1.0
cheinan:1.0
bobc:1.0
