ednobl:1.0
sacam:1.0
oren:1.0
ortn:1.0
edu:1.0
edward:1.0
nobl:1.6931471805599454
subject:1.0
window:1.0
imagin:1.6931471805599454
organ:1.0
oak:1.0
ridg:1.0
nation:1.0
laboratori:1.0
x:1.0
newsread:1.0
tin:1.0
version:1.6931471805599454
1:1.6931471805599454
pl9:1.0
line:1.0
10:1.0
anyon:1.6931471805599454
order:1.6931471805599454
new:1.0
pc:1.0
actual:1.6931471805599454
reciev:1.0
yet:1.0
readi:1.0
read:1.0
post:1.0
peopl:1.0
still:1.0
await:1.0
deliveri:1.0
make:1.0
littl:1.0
paranoid:1.0
held:1.0
piec:1.0
softwar:1.0
hand:1.0
later:1.0
jim:1.0
