valo:2.791759469228055
cvtstu:1.6931471805599454
cvt:2.09861228866811
stuba:2.09861228866811
c:2.09861228866811
roman:2.09861228866811
subject:1.0
text:1.0
recognit:1.6931471805599454
softwar:1.6931471805599454
avail:1.0
organ:1.0
slovak:1.6931471805599454
technic:1.6931471805599454
univers:1.6931471805599454
bratislava:1.6931471805599454
slovakia:1.6931471805599454
line:1.0
23:1.0
nntp:1.0
post:1.6931471805599454
host:1.0
sk2eu:1.0
eunet:1.0
sk:1.0
replyto:1.0
articl:1.0
c4ihqm:1.0
7v3:1.0
mentor:1.0
cc:1.6931471805599454
purdu:1.6931471805599454
edu:1.6931471805599454
ab:1.6931471805599454
nova:1.0
allen:1.0
b:1.6931471805599454
write:1.6931471805599454
one:1.0
time:1.6931471805599454
free:1.6931471805599454
ocr:1.0
ask:1.0
question:1.0
period:1.0
found:1.0
anyth:1.6931471805599454
last:1.0
find:1.0
go:1.0
email:1.0
lead:1.0
suggest:1.0
el:1.0
sit:1.0
back:1.0
wait:1.0
sure:1.0
sharewar:1.0
tri:1.0
look:1.0
wsmrsimtel20:1.0
armi:1.0
mil:1.0
directori:1.0
pd1:1.0
msdo:1.0
deskpub:1.0
file:1.6931471805599454
ocr104:1.6931471805599454
zip:1.6931471805599454
simibm:1.0
lst:1.0
93310:1.0
910424:1.0
optic:1.0
charact:1.0
scanner:1.0
hope:1.0
help:1.0
