renew:1.6931471805599454
blade:1.6931471805599454
stack:2.386294361119891
urc:2.09861228866811
tue:2.09861228866811
nl:2.09861228866811
rene:1.6931471805599454
walter:1.6931471805599454
subject:1.0
cview:3.5649493574615367
answer:1.0
organ:1.0
mcgv:1.0
eindhoven:1.0
univers:1.0
technolog:1.0
netherland:1.0
line:1.0
66:1.0
nntp:1.0
post:2.09861228866811
host:1.0
summari:1.0
problem:1.6931471805599454
explain:1.0
keyword:1.0
stupid:1.0
program:2.09861228866811
x:1.0
newsread:1.0
tin:1.0
version:1.0
1:2.386294361119891
pl6:1.0
kind:1.0
soul:1.0
mail:1.0
repli:1.0
bug:2.09861228866811
sinc:1.0
posit:1.0
ask:1.0
leav:1.0
name:1.0
come:1.0
quit:1.0
number:1.0
one:2.09861228866811
mention:1.6931471805599454
perhap:1.0
annoy:1.6931471805599454
danger:1.0
far:1.6931471805599454
determin:1.0
temp:2.791759469228055
file:3.70805020110221
creat:1.0
give:1.0
user:1.0
control:1.0
place:1.6931471805599454
current:1.0
directori:2.386294361119891
occur:1.0
tell:1.0
run:2.09861228866811
disk:3.0794415416798357
space:2.386294361119891
seem:1.6931471805599454
check:1.0
properli:1.0
situat:1.0
decod:1.0
jpeg:1.6931471805599454
write:3.0794415416798357
pixel:1.0
data:3.302585092994046
24:2.09861228866811
bit:3.302585092994046
colour:2.09861228866811
inform:1.6931471805599454
8:2.791759469228055
display:1.6931471805599454
dither:2.09861228866811
anoth:1.0
second:1.0
also:1.0
card:1.6931471805599454
last:2.386294361119891
chunk:1.6931471805599454
recopi:2.09861228866811
screen:2.386294361119891
oper:1.0
fit:1.0
featur:1.6931471805599454
even:1.0
enabl:1.0
result:1.0
process:1.0
follow:1.0
first:1.0
ever:1.6931471805599454
see:1.6931471805599454
much:2.386294361119891
room:2.386294361119891
simpli:1.0
repeat:1.0
never:1.0
realiz:1.0
fill:1.0
read:1.6931471805599454
perform:1.0
2:1.0
enough:1.0
almost:1.0
pictur:1.0
howev:1.0
finish:1.0
whatev:1.0
reason:1.0
get:2.09861228866811
repetit:1.0
guess:1.0
probabl:1.6931471805599454
fairli:1.0
accur:1.0
least:1.0
gener:1.0
idea:1.0
track:1.0
think:1.0
although:1.0
made:1.0
error:1.0
detail:1.0
etc:1.0
way:1.6931471805599454
around:1.0
cours:1.0
clear:1.0
suffici:1.0
larg:1.6931471805599454
1200x900:1.0
bigger:1.0
3:1.0
meg:2.09861228866811
largest:1.0
need:1.0
excess:1.0
6:1.0
free:1.0
seriou:1.6931471805599454
tri:1.0
floppi:2.791759469228055
chang:1.0
open:1.6931471805599454
certain:1.0
circumst:1.0
fat:1.0
tabl:1.0
rememb:1.0
remov:1.0
onto:1.0
newli:1.0
insert:1.0
thu:1.0
corruptimg:1.0
new:1.0
possibl:1.0
unrevcover:1.0
care:1.0
incred:1.6931471805599454
poor:1.0
hand:1.0
choos:1.0
menu:1.0
insist:1.0
everi:1.0
time:1.0
move:1.0
hi:1.0
lighter:1.0
squar:1.0
could:1.0
info:1.0
realli:1.0
effort:1.0
take:1.0
sort:1.0
list:1.0
thank:1.0
origin:1.0
articl:1.0
drown:1.0
tear:1.0
sorrow:1.0
hope:1.0
tomorrow:1.0
world:1.0
better:1.0
live:2.09861228866811
togeth:1.0
wan:1.6931471805599454
na:1.6931471805599454
strife:1.0
life:1.0
deserv:1.0
futur:1.6931471805599454
good:1.0
girl:1.0
