camter28:1.0
astro:1.6931471805599454
oci:1.6931471805599454
templ:2.09861228866811
edu:1.6931471805599454
carter:1.0
ame:1.0
subject:1.0
alt:1.6931471805599454
raytrac:1.6931471805599454
potenti:1.0
group:1.6931471805599454
organ:1.0
univers:1.0
line:1.0
7:1.0
nntp:1.0
post:1.0
host:1.0
x:1.0
newsread:1.0
tin:1.0
version:1.0
1:1.6931471805599454
pl8:1.0
ye:1.0
plea:1.0
creat:1.0
soon:1.0
hook:1.0
pov:1.0
geez:1.0
like:1.0
anyth:1.0
better:1.0
oh:1.0
dave:1.0
letterman:1.0
