ehgasm2:1.0
ut:1.0
mcc:1.0
ac:2.09861228866811
uk:2.386294361119891
simon:2.09861228866811
marshal:2.386294361119891
subject:1.0
compens:1.6931471805599454
photograph:1.0
viewpoint:1.0
distort:2.386294361119891
repli:1.0
dc:1.0
hull:2.386294361119891
organ:1.0
manchest:1.6931471805599454
comput:1.6931471805599454
centr:2.6094379124341005
england:1.0
line:1.0
42:1.0
hi:1.0
problem:1.0
certain:1.0
solv:1.0
correct:1.0
way:1.0
wonder:1.0
anyon:1.6931471805599454
shed:1.0
light:1.0
point:1.0
right:1.6931471805599454
place:1.6931471805599454
look:1.0
x:1.6931471805599454
ray:1.6931471805599454
imag:2.9459101490553135
camera:1.0
metal:1.6931471805599454
tube:2.791759469228055
cylindr:1.0
hole:2.386294361119891
pas:1.0
angl:1.6931471805599454
axi:2.09861228866811
sourc:2.09861228866811
screen:3.3978952727983707
know:1.6931471805599454
distanc:1.6931471805599454
radiu:1.6931471805599454
calcul:1.6931471805599454
base:1.0
howev:1.6931471805599454
mathemat:1.0
highli:1.0
complex:1.0
must:1.6931471805599454
assum:1.6931471805599454
object:1.6931471805599454
project:1.0
resembl:1.0
ellips:2.09861228866811
parallel:1.6931471805599454
unlik:1.0
conveni:1.0
firstli:1.0
transform:2.386294361119891
major:1.0
minor:1.0
secondli:1.0
due:1.6931471805599454
planar:1.0
increas:1.0
move:1.0
away:1.0
plea:1.0
give:1.0
u:1.0
pointer:1.0
appear:1.0
would:1.0
deal:1.0
shape:1.0
appreci:1.0
help:1.0
either:1.0
post:1.0
email:1.6931471805599454
thank:1.0
advanc:1.0
dept:1.0
scienc:1.0
univers:1.0
hu6:1.0
7rx:1.0
footbal:1.0
life:1.0
death:1.0
import:1.0
bill:1.0
c:1.0
phone:1.0
44:1.0
482:1.0
465951:1.0
fax:1.0
466666:1.0
shankley:1.0
