rob:2.09861228866811
rjck:2.09861228866811
uucp:2.09861228866811
robert:2.09861228866811
j:2.09861228866811
c:2.09861228866811
kyanko:2.09861228866811
subject:1.0
vga:2.386294361119891
640x400:2.09861228866811
graphic:1.0
mode:2.6094379124341005
distribut:1.0
world:1.0
organ:1.0
neptun:1.0
softwar:1.0
inc:1.0
line:1.0
26:1.0
dutc0006:1.0
student:1.0
tc:1.0
umn:1.6931471805599454
edu:1.6931471805599454
write:1.0
articl:1.0
c5g7qb:1.0
bmp:1.0
news2:1.0
ci:1.0
vesa:2.386294361119891
bio:2.09861228866811
support:2.386294361119891
0x100:1.0
abl:1.0
640x480:1.6931471805599454
256:2.386294361119891
color:1.6931471805599454
sinc:1.0
requir:1.0
000:1.6931471805599454
byte:2.09861228866811
8514:1.6931471805599454
tsr:1.6931471805599454
card:2.09861228866811
due:1.0
restrict:1.0
wd:1.0
paradis:1.0
respons:1.6931471805599454
anyth:1.6931471805599454
say:1.6931471805599454
opinion:1.6931471805599454
tahh:1.0
possibl:1.0
punch:1.6931471805599454
wrong:1.6931471805599454
number:1.6931471805599454
calcul:1.0
take:1.6931471805599454
per:1.0
pixel:1.0
640:1.0
time:1.0
480:1.0
307:1.0
200:1.0
300k:1.0
exact:1.0
640x400x256:1.0
250k:1.0
think:1.0
bet:1.6931471805599454
either:1.0
512k:1.0
definit:1.0
svga:1.6931471805599454
though:1.0
high:1.0
ye:1.0
work:1.0
mani:1.0
late:1.0
nite:1.0
intend:1.0
state:1.0
