ricardo:2.6094379124341005
rchland:2.386294361119891
vnet:1.6931471805599454
ibm:2.791759469228055
com:2.386294361119891
hernandez:1.6931471805599454
muchado:1.6931471805599454
subject:1.0
rumour:1.0
3do:1.6931471805599454
disclaim:1.0
post:2.386294361119891
repres:1.0
poster:1.0
view:1.0
necessarili:1.0
nntp:1.0
host:1.0
rs43873:1.0
organ:1.0
rochest:1.0
line:1.0
74:1.0
articl:1.6931471805599454
1993apr15:1.6931471805599454
164940:1.0
11632:1.0
mercuri:1.0
unt:2.386294361119891
edu:2.386294361119891
sean:2.386294361119891
mcmain:2.386294361119891
write:1.6931471805599454
144843:1.0
19549:1.0
cd:1.6931471805599454
cpu:1.0
help:1.0
much:1.0
either:1.6931471805599454
understand:1.0
68070:2.09861228866811
supposedli:2.09861228866811
variat:1.0
68000:1.0
68010:1.0
run:2.09861228866811
someth:1.6931471805599454
like:2.09861228866811
7mhz:1.0
speed:1.6931471805599454
truli:1.0
need:1.0
sprite:1.0
wow:1.0
interest:1.0
get:1.6931471805599454
hand:1.0
one:1.6931471805599454
especi:1.0
consid:1.6931471805599454
fact:1.0
motorola:1.0
yet:1.0
releas:1.0
68060:1.0
next:1.0
680x0:1.0
lineup:1.0
8:1.0
exist:1.0
anim:2.09861228866811
playback:1.0
lawrenc:1.0
refer:1.0
earlier:1.0
plain:1.0
old:1.6931471805599454
quicktim:2.6094379124341005
1:1.6931471805599454
5:1.6931471805599454
compact:1.0
video:2.09861228866811
codec:1.0
seen:1.0
digit:2.09861228866811
appl:1.6931471805599454
earli:1.0
commerci:1.0
precis:1.0
centri:2.09861228866811
650:1.0
30fp:2.386294361119891
nice:1.6931471805599454
16:1.0
bit:2.6094379124341005
color:2.09861228866811
depth:1.0
would:1.6931471805599454
expect:1.0
use:2.6094379124341005
algorithm:1.0
risc:1.0
processor:1.6931471805599454
abl:1.0
approach:1.0
full:1.6931471805599454
screen:1.0
motion:1.0
though:1.0
impli:1.0
tax:1.0
highli:1.0
dynam:1.0
materi:1.0
check:1.0
gopher:1.0
phone:1.0
817:1.6931471805599454
565:1.6931471805599454
2039:1.0
univers:1.0
north:1.0
texa:1.0
new:2.09861228866811
band:1.0
info:1.0
server:1.0
fax:1.0
4060:1.0
p:1.0
box:1.6931471805599454
13495:1.0
seanmac:1.0
ac:1.0
e:2.09861228866811
mail:2.09861228866811
denton:1.0
tx:1.0
76203:1.0
want:1.6931471805599454
mini:1.0
war:1.0
go:1.0
say:1.6931471805599454
littl:1.6931471805599454
skeptic:1.0
perform:1.0
claim:2.09861228866811
see:1.0
plea:1.0
flame:1.0
reserv:1.0
c:1.0
chicago:1.0
last:1.0
consum:1.6931471805599454
electron:1.0
show:1.6931471805599454
booth:1.0
walk:1.0
real:1.6931471805599454
time:1.6931471805599454
captur:1.0
radiou:1.0
supermac:1.0
card:1.0
make:1.6931471805599454
right:1.0
spot:1.0
movi:1.0
think:2.386294361119891
guy:2.09861228866811
talk:1.0
160x2xx:1.0
play:1.6931471805599454
back:1.6931471805599454
quit:1.0
expand:1.0
window:1.0
resiz:1.0
25x:1.0
3xx:1.0
320:1.6931471805599454
frame:1.0
rate:1.0
decreas:1.0
enough:1.0
notic:1.0
anymor:1.0
drop:1.6931471805599454
15:1.0
fp:1.6931471805599454
increas:1.0
10:1.0
12:1.0
ask:1.0
mac:1.6931471805599454
quadra:1.6931471805599454
know:1.0
model:1.0
900:1.0
tell:1.0
could:1.6931471805599454
even:1.6931471805599454
lcii:1.0
well:1.0
spoil:1.0
sinc:1.0
68040:1.0
troubl:1.0
hardisk:1.6931471805599454
memori:1.0
saw:1.0
newer:1.0
version:1.0
hardwar:1.0
assist:1.0
anoth:1.0
softwar:1.0
product:1.0
macromind:1.0
acceler:1.0
misunderstand:1.0
clarifi:1.0
sake:1.0
comput:1.6931471805599454
320x200:1.0
tad:1.0
overscan:1.0
done:1.0
256:1.6931471805599454
000:1.6931471805599454
scala:1.0
mm210:1.0
agre:1.0
mpeg:1.0
stuff:1.0
multimedia:1.0
low:1.6931471805599454
price:1.0
lot:1.0
market:1.0
longer:1.0
raist:1.0
a1200:1.0
owner:1.0
1280:1.0
x:1.0
200:1.0
600:1.0
24:1.0
palett:1.0
love:1.0
fat:1.0
sig:1.0
valid:1.0
address:1.0
send:1.0
