berger:1.6931471805599454
chao:1.0
c:2.09861228866811
brandei:1.6931471805599454
edu:1.0
david:1.0
subject:1.0
need:1.6931471805599454
graphic:1.0
help:2.09861228866811
organ:1.0
univers:1.0
line:1.0
32:1.0
tri:1.0
program:1.6931471805599454
vga:1.0
got:1.6931471805599454
work:1.6931471805599454
pascal:1.0
follow:1.0
routin:1.0
mode:2.09861228866811
13h:1.6931471805599454
320:2.09861228866811
200:1.6931471805599454
256:2.09861228866811
vesa:1.0
compat:1.0
trident:1.0
8900c:1.0
w:1.0
1meg:1.0
1024:2.09861228866811
768:2.09861228866811
care:1.0
mani:1.0
color:1.0
could:1.0
someon:1.0
take:1.0
code:1.6931471805599454
write:1.0
2:1.0
new:1.0
procedur:2.09861228866811
replac:1.0
16:1.0
great:1.0
thank:1.0
current:1.0
graphmod:1.0
begin:1.6931471805599454
videomod:1.6931471805599454
asm:1.0
mov:1.6931471805599454
ah:1.0
00:1.0
al:1.0
int:1.0
10h:1.0
end:2.09861228866811
plotpoint:1.0
x:1.6931471805599454
integ:1.0
mem:1.0
a000:1.0
tdavid:1.0
