tdawson:1.0
engin:2.09861228866811
umich:1.6931471805599454
edu:1.6931471805599454
chri:1.0
herringshaw:1.0
subject:1.0
wingcommanderii:1.0
graphic:1.6931471805599454
organ:1.0
univers:1.0
michigan:1.0
ann:1.0
arbor:1.0
line:1.0
8:1.0
distribut:1.0
world:1.0
nntp:1.0
post:1.0
host:1.0
antithesi:1.0
wonder:1.0
anyon:1.0
know:1.0
get:1.0
inform:1.0
wingcommand:1.0
seri:1.0
realspac:1.0
system:1.0
use:1.6931471805599454
think:1.0
realli:1.0
awesom:1.0
mind:1.0
abl:1.0
similar:1.0
featur:1.0
program:1.0
thank:1.0
advanc:1.0
daemon:1.0
