harti:1.6931471805599454
mikro:2.09861228866811
ee:2.09861228866811
tu:2.09861228866811
berlin:2.09861228866811
de:2.09861228866811
stefan:1.6931471805599454
hartmann:1.6931471805599454
behs:1.0
subject:1.0
genoa:2.09861228866811
graphic:1.6931471805599454
board:1.6931471805599454
driver:2.386294361119891
ftp:2.6094379124341005
site:1.6931471805599454
articl:1.0
mailgzrz:1.0
1qpf1r:1.0
9ti:1.0
organ:1.0
tuberlin:1.0
zrz:1.0
line:1.0
29:1.0
nntp:1.0
post:1.0
host:1.0
hi:1.0
well:1.0
open:1.0
get:1.6931471805599454
latest:1.6931471805599454
softwar:1.0
card:1.0
access:1.0
192:1.0
109:1.0
42:1.0
11:1.0
login:1.0
password:1.0
cd:1.6931471805599454
pub:1.0
l:1.6931471805599454
binari:1.0
prompt:1.0
hash:1.0
wan:1.0
na:1.0
7900:1.0
7000seri:1.0
mget:1.0
quit:1.0
sequenc:1.0
question:1.0
plea:1.0
email:1.6931471805599454
best:1.0
regard:1.0
