orourk:1.0
sophia:1.0
smith:1.6931471805599454
edu:2.09861228866811
joseph:1.0
rourk:1.0
subject:1.0
fast:2.09861228866811
polygon:2.386294361119891
routin:2.386294361119891
need:1.6931471805599454
keyword:1.0
organ:1.0
colleg:1.0
northampton:1.0
u:1.0
line:1.0
5:1.0
articl:1.0
c5n3x0:1.0
b5l:1.0
news:1.0
cso:1.6931471805599454
uiuc:1.6931471805599454
osprey:1.0
ux4:1.0
luca:1.0
adamski:1.0
write:1.0
may:1.0
fairli:1.0
request:1.0
look:1.0
use:1.0
3d:1.0
game:1.0
ta:1.0
