nntp:1.0
post:1.0
host:1.0
bone:1.6931471805599454
et:1.6931471805599454
byu:1.6931471805599454
edu:1.6931471805599454
line:1.6931471805599454
6:1.0
subject:1.0
pd:1.0
3d:2.09861228866811
viewer:1.6931471805599454
want:1.6931471805599454
summari:1.0
expir:1.0
may:1.0
20:1.0
1993:1.0
organ:1.0
brigham:1.0
young:1.0
univers:1.0
provo:1.0
ut:1.0
usa:1.0
qiaok:1.0
kun:1.0
qiao:1.0
look:1.0
public:1.0
domain:1.0
fanci:1.0
featur:1.0
simpl:1.6931471805599454
wirefram:1.0
display:1.0
flat:1.0
shade:1.0
transform:1.0
would:1.0
nice:1.0
hidden:1.0
inform:1.0
appreci:1.0
