peter:2.386294361119891
vanderveen:1.6931471805599454
visser:1.6931471805599454
el:1.6931471805599454
wau:1.6931471805599454
nl:1.6931471805599454
van:1.0
der:1.0
veen:1.0
subject:1.0
yhe:1.0
one:1.0
want:1.6931471805599454
font:2.09861228866811
pov:1.6931471805599454
polyray:2.09861228866811
vivid:1.6931471805599454
line:1.0
28:1.0
organ:1.0
wageningen:1.6931471805599454
agricultur:1.6931471805599454
univers:1.6931471805599454
x:1.0
newsread:1.0
ftpnuz:1.0
do:1.0
v1:1.0
0:1.0
everyon:1.0
borland:1.0
bgi:1.0
convert:1.0
vvfont18:1.0
zip:1.0
program:1.0
found:2.09861228866811
ftp:1.6931471805599454
informatik:1.6931471805599454
uni:1.6931471805599454
oldenburg:1.6931471805599454
de:1.6931471805599454
directori:2.6094379124341005
pub:1.6931471805599454
dkbtrace:1.6931471805599454
util:2.386294361119891
also:1.6931471805599454
wuarchiv:1.0
mirror:1.6931471805599454
site:1.6931471805599454
graphic:1.6931471805599454
nice:1.0
present:1.0
new:1.0
version:1.0
1:1.0
6:1.0
ask:1.0
incom:1.0
instead:1.0
ply16386:1.0
povshel:1.0
pv3dv060:1.0
could:1.0
nive:1.0
raytrac:1.0
time:1.0
depart:1.0
genet:1.0
u:1.0
netherland:1.0
