osprey:1.6931471805599454
ux4:1.6931471805599454
cso:2.09861228866811
uiuc:2.09861228866811
edu:2.6094379124341005
luca:2.09861228866811
adamski:1.6931471805599454
subject:1.0
fast:2.09861228866811
polygon:2.791759469228055
routin:2.386294361119891
need:2.09861228866811
keyword:1.0
organ:1.0
univers:1.0
illinoi:1.0
urbana:1.0
champaign:1.0
line:1.0
11:1.0
articl:1.6931471805599454
1993apr17:1.0
192947:1.0
11230:1.0
sophia:1.6931471805599454
smith:1.6931471805599454
orourk:1.0
joseph:1.0
rourk:1.0
write:1.6931471805599454
c5n3x0:1.0
b5l:1.0
news:1.0
may:1.0
fairli:1.0
request:1.0
look:1.0
use:1.0
3d:1.0
game:1.6931471805599454
ta:1.0
draw:1.6931471805599454
cours:1.0
vga:1.0
mode:1.0
13h:1.0
320x200:1.0
done:1.0
c:1.0
asm:1.0
faster:1.0
way:1.0
concav:1.0
method:1.0
right:1.0
slow:1.0
