rbarri:1.6931471805599454
orion:2.09861228866811
oac:2.09861228866811
uci:2.09861228866811
edu:2.6094379124341005
robert:1.0
c:1.0
barri:1.6931471805599454
subject:1.0
rumour:1.0
3do:3.0794415416798357
nntp:1.0
post:1.6931471805599454
host:1.0
summari:1.0
demonstr:1.6931471805599454
organ:1.0
univers:1.0
california:1.0
irvin:1.0
keyword:1.0
arm:2.386294361119891
qt:1.0
compact:1.6931471805599454
video:2.386294361119891
line:1.0
73:1.0
articl:2.09861228866811
1993apr16:1.0
212441:1.0
34125:1.0
rchland:2.386294361119891
ibm:2.386294361119891
com:2.386294361119891
ricardo:2.6094379124341005
vnet:1.6931471805599454
hernandez:1.6931471805599454
muchado:1.6931471805599454
write:2.09861228866811
1993apr15:1.6931471805599454
164940:1.0
11632:1.0
mercuri:1.0
unt:1.6931471805599454
sean:1.0
mcmain:1.6931471805599454
144843:1.0
19549:1.0
cd:1.0
cpu:1.0
help:1.0
much:1.6931471805599454
either:1.6931471805599454
understand:1.0
68070:1.0
supposedli:1.6931471805599454
variat:1.0
68000:1.6931471805599454
68010:1.0
run:2.09861228866811
someth:1.6931471805599454
like:2.386294361119891
7mhz:1.0
speed:2.09861228866811
truli:1.0
need:1.0
sprite:1.0
snip:1.6931471805599454
anim:2.09861228866811
playback:1.0
lawrenc:1.0
refer:1.0
earlier:1.0
plain:1.0
old:1.6931471805599454
quicktim:2.791759469228055
1:1.6931471805599454
5:1.6931471805599454
codec:1.6931471805599454
seen:1.0
digit:2.09861228866811
appl:1.0
earli:1.0
commerci:1.0
precis:1.0
centri:2.09861228866811
650:1.0
30fp:2.386294361119891
nice:2.09861228866811
16:1.0
bit:2.386294361119891
color:1.0
depth:1.0
would:1.6931471805599454
expect:1.0
use:2.9459101490553135
algorithm:1.0
risc:1.6931471805599454
processor:2.09861228866811
abl:1.0
approach:1.0
full:2.09861228866811
screen:2.09861228866811
motion:1.0
though:1.0
impli:1.0
tax:1.0
highli:1.0
dynam:2.09861228866811
materi:2.09861228866811
booth:1.0
walk:1.0
show:1.6931471805599454
real:1.6931471805599454
time:1.6931471805599454
captur:1.0
radiou:1.0
supermac:1.0
card:1.0
make:1.0
right:1.0
spot:1.0
movi:2.09861228866811
think:1.6931471805599454
one:2.09861228866811
guy:2.09861228866811
talk:1.6931471805599454
160x2xx:1.0
play:2.386294361119891
back:2.386294361119891
quit:1.6931471805599454
expand:1.0
window:1.0
resiz:1.6931471805599454
25x:1.0
3xx:1.0
320:1.0
frame:1.6931471805599454
rate:1.6931471805599454
decreas:1.0
enough:1.0
notic:1.0
anymor:1.0
drop:1.6931471805599454
15:1.0
fp:1.6931471805599454
increas:1.0
10:1.0
12:1.0
ask:1.0
mac:1.6931471805599454
quadra:1.6931471805599454
know:1.0
model:1.0
900:1.0
tell:1.0
could:1.6931471805599454
even:1.6931471805599454
lcii:1.0
well:1.0
spoil:1.0
claim:1.0
say:1.0
sinc:1.0
68040:1.0
littl:2.09861228866811
troubl:1.0
hardisk:1.0
memori:1.0
saw:1.0
newer:1.0
version:1.0
hardwar:1.0
assist:1.0
anoth:1.0
softwar:1.6931471805599454
product:1.0
macromind:1.0
acceler:1.0
misunderstand:1.0
want:1.6931471805599454
clarifi:1.0
box:1.6931471805599454
base:1.0
two:1.0
custom:1.0
graphic:1.6931471805599454
chip:1.6931471805599454
dsp:1.0
doubl:1.0
cdrom:1.0
2mb:1.0
ram:1.6931471805599454
vram:1.6931471805599454
fuzzi:1.0
breakdown:1.0
capac:1.0
recent:1.0
gather:1.0
electron:1.0
cafe:1.0
santa:1.0
monica:1.0
ca:1.0
rj:1.0
mical:1.0
amiga:1.0
lynx:1.0
fame:1.0
hal:1.0
josephson:1.0
sp:1.0
machin:1.6931471805599454
plan:1.0
got:1.0
see:1.0
unit:1.0
display:1.0
compactvideo:1.6931471805599454
blocki:1.0
clip:1.0
jaw:1.0
backdraft:1.0
high:1.0
boot:1.0
note:1.0
howev:1.0
resolut:1.0
320x240:1.0
pretti:1.0
amaz:1.0
also:1.0
point:1.0
inde:1.0
slow:1.0
state:1.0
sure:1.6931471805599454
compress:1.0
larg:1.0
size:2.09861228866811
fine:1.0
q950:1.0
price:1.0
gener:1.0
person:1.0
often:1.0
ever:1.0
stuff:1.0
origin:1.0
plenti:1.0
quick:1.0
latest:1.0
040:1.6931471805599454
20mhz:1.0
stack:1.0
25:1.0
mhz:1.0
obvious:1.0
faster:1.0
rob:1.0
quicksilv:1.0
inc:1.0
