mscrap:1.6931471805599454
halcyon:1.6931471805599454
com:2.791759469228055
marta:1.0
lyall:1.0
subject:1.0
video:1.6931471805599454
organ:1.6931471805599454
northwest:1.0
nexu:1.0
inc:1.0
206:1.0
455:1.0
3505:1.0
line:1.0
29:1.0
world:1.0
inform:1.0
fingertip:1.0
keyword:1.0
articl:1.0
628:1.0
toontown:2.09861228866811
columbiasc:2.386294361119891
ncr:2.386294361119891
craig:2.9459101490553135
williamson:2.09861228866811
write:1.0
get:1.0
readi:1.0
buy:1.0
multimedia:1.0
workstat:1.0
would:1.0
like:1.0
littl:1.0
advic:1.0
need:1.6931471805599454
graphic:1.0
card:1.6931471805599454
window:2.09861228866811
origin:1.0
think:1.6931471805599454
targa:1.6931471805599454
work:2.09861228866811
look:1.0
thank:1.0
forgiv:1.0
divin:1.0
airhead:1.0
human:1.0
balki:1.0
bartokoma:1.0
home:1.0
perfect:1.0
stranger:1.0
still:1.0
consid:1.0
run:1.0
3:1.0
1:1.0
time:1.0
fine:1.0
right:1.0
driver:1.0
josh:1.0
west:1.0
email:1.0
