donh:1.0
cup:1.0
portal:1.6931471805599454
com:1.0
hirschfeld:1.0
subject:1.0
m:1.0
window:1.0
graphic:1.0
viewer:1.0
organ:1.0
system:1.0
tm:1.0
line:1.0
7:1.0
check:1.0
imag:2.09861228866811
pal:1.0
v1:1.0
2:1.0
u:1.0
lead:1.0
may:1.0
special:1.0
99:1.0
intro:1.0
price:1.0
310:1.0
523:1.0
9393:1.0
basic:1.0
process:1.0
tool:1.0
major:1.0
format:1.0
screen:1.0
grab:1.0
allow:1.0
file:1.0
calalog:1.0
thumbnail:1.0
databas:1.0
great:1.0
