subject:1.0
gl:1.6931471805599454
fli:1.6931471805599454
spec:1.6931471805599454
arthur:2.6094379124341005
qedbb:1.6931471805599454
com:1.6931471805599454
choung:1.6931471805599454
organ:1.0
qed:2.09861228866811
bb:1.6931471805599454
lakewood:1.0
ca:1.0
line:1.0
6:1.0
somebodi:1.0
point:1.0
find:1.0
file:1.0
found:1.0
pc:1.0
310:1.0
420:1.0
9327:1.0
