uk02183:1.0
nx10:1.6931471805599454
mik:1.6931471805599454
uki:1.6931471805599454
edu:1.6931471805599454
bryan:1.0
k:1.0
william:1.0
subject:1.0
cview:1.6931471805599454
answer:1.0
keyword:1.0
stupid:1.0
program:1.6931471805599454
nntp:1.0
post:1.0
host:1.0
organ:1.0
univers:1.0
kentucki:1.0
line:1.0
6:1.0
major:1.0
user:1.0
read:1.0
floppi:1.0
well:1.6931471805599454
u:1.0
1400:1.0
pictur:1.0
cd:1.0
rom:1.0
would:1.0
like:1.0
use:1.0
fast:1.0
work:1.0
moron:1.0
lack:1.0
foresight:1.0
creat:1.0
temp:1.0
file:1.0
path:1.0
current:1.0
didrectori:1.0
