dgf1:2.09861228866811
quad:1.0
uchicago:2.09861228866811
edu:2.09861228866811
dr:1.0
eldon:1.0
tyrel:1.0
subject:1.0
fastest:1.0
window:1.0
video:1.6931471805599454
c:2.09861228866811
repli:1.0
midway:1.6931471805599454
organ:1.0
univers:2.09861228866811
chicago:2.09861228866811
line:1.0
21:1.0
articl:1.6931471805599454
1993apr17:1.0
054600:1.0
24917:1.0
exu:1.0
ericsson:1.6931471805599454
se:1.6931471805599454
ebuhcb:1.0
ebu:1.0
write:1.6931471805599454
16apr199309101156:1.0
trentu:1.6931471805599454
ca:1.6931471805599454
ayoun:1.0
amro:1.0
youn:1.0
trent:1.0
314:1.0
peterborough:1.0
canada:1.0
k9j:1.0
7b8:1.0
705:1.0
749:1.0
0391:1.0
ati:2.09861228866811
graphic:2.09861228866811
ultra:1.6931471805599454
pro:1.6931471805599454
eisa:1.6931471805599454
version:2.09861228866811
must:1.0
admit:1.0
receiv:1.0
bad:1.0
press:1.0
due:1.0
faulti:1.0
driver:1.6931471805599454
pc:1.6931471805599454
magazin:1.6931471805599454
seem:1.0
impress:1.0
card:1.6931471805599454
recent:1.0
review:1.0
april:1.0
13th:1.0
issu:1.6931471805599454
rate:1.0
editor:1.6931471805599454
choic:1.6931471805599454
note:1.0
improv:1.0
sinc:1.0
test:1.6931471805599454
isa:1.0
januari:1.0
cuyler:1.0
yeah:1.0
also:1.0
gave:1.0
run:1.0
acceler:1.0
previou:1.0
bought:1.0
return:1.0
mine:1.0
conclus:1.0
come:1.0
wildli:1.0
differ:1.0
way:1.0
determin:1.0
worthi:1.0
david:1.0
farley:1.0
librari:1.0
312:1.0
702:1.0
3426:1.0
1100:1.0
east:1.0
57th:1.0
street:1.0
jrl:1.0
210:1.0
illinoi:1.0
60637:1.0
