tychay:2.09861228866811
cco:1.0
caltech:1.6931471805599454
edu:1.6931471805599454
terrenc:1.0
chay:1.0
subject:1.0
tiff:2.6094379124341005
next:2.386294361119891
appsoft:2.386294361119891
draw:1.6931471805599454
gif:2.09861228866811
convers:2.09861228866811
organ:1.0
california:1.0
institut:1.0
technolog:1.0
pasadena:1.0
line:1.0
27:1.0
nntp:1.0
post:1.6931471805599454
host:1.0
punish:1.0
summari:1.0
help:1.6931471805599454
keyword:1.0
graphic:1.0
okay:1.0
friend:1.0
bitch:1.0
map:1.0
made:1.0
display:1.0
xv:1.0
check:1.0
true:1.0
least:1.0
version:1.0
1:2.386294361119891
0:2.09861228866811
reader:1.0
littl:1.0
troubl:1.0
preview:1.0
mess:1.0
ep:1.0
fine:1.0
imageviewer0:1.0
9a:1.0
behav:1.0
fli:1.0
color:1.0
except:1.0
convert:2.09861228866811
worth:1.0
plea:2.09861228866811
way:1.6931471805599454
drw:1.0
someth:1.6931471805599454
reason:1.0
like:1.0
access:1.0
sun4:1.0
nextstep:1.0
3:1.0
system:1.0
good:1.0
reliabl:1.0
program:1.0
would:1.0
email:1.6931471805599454
respons:1.0
anyon:1.0
want:1.0
ye:1.6931471805599454
use:1.6931471805599454
alphachannel:1.0
god:1.0
could:1.0
choke:1.0
steve:1.0
job:1.0
right:1.0
know:1.0
archi:1.6931471805599454
tell:1.0
also:1.0
p:1.0
plain:1.0
format:1.6931471805599454
imageviiewer0:1.0
9:1.0
turn:1.0
noth:1.0
recogniz:1.0
terrychay:1.0
small:1.0
editori:1.0
rw:1.6931471805599454
r:2.386294361119891
2908404:1.0
apr:1.6931471805599454
18:1.6931471805599454
08:1.6931471805599454
03:1.6931471805599454
undernet:1.6931471805599454
73525:1.0
z:1.0
gzip:1.0
wrong:1.0
