ccgwt:1.6931471805599454
trentu:2.09861228866811
ca:2.09861228866811
grant:2.386294361119891
totten:2.09861228866811
subject:1.0
m:2.09861228866811
window:2.386294361119891
screen:2.386294361119891
grabber:2.09861228866811
summari:1.6931471805599454
line:1.0
28:1.0
repli:1.0
organ:1.0
trent:1.6931471805599454
univers:1.6931471805599454
hi:1.0
mani:1.0
thank:1.6931471805599454
peopl:1.0
respond:1.0
request:1.0
prove:1.0
net:1.0
wonder:1.0
thing:1.0
two:1.0
choic:1.0
1:1.0
tvariou:1.0
packag:1.0
corel:1.0
draw:1.0
one:1.0
coupl:1.0
simtel:1.0
cica:1.0
2:1.0
tuse:1.0
built:1.0
printscreen:1.6931471805599454
alt:1.0
function:1.0
past:1.6931471805599454
clipboard:1.6931471805599454
applic:1.0
cool:1.0
info:1.0
newbi:1.0
unix:1.0
x:1.0
bag:1.0
programm:1.0
analyst:1.0
peterborough:1.0
ontario:1.0
gtotten:1.0
phone:1.0
705:1.6931471805599454
748:1.6931471805599454
1653:1.0
fax:1.0
1246:1.0
woman:1.0
place:1.0
wrong:1.0
jame:1.0
thurber:1.0
