pbenson:1.0
ecst:1.6931471805599454
csuchico:1.6931471805599454
edu:1.6931471805599454
paul:1.0
benson:1.0
subject:1.0
cd:1.0
rom:1.0
index:1.0
avail:1.6931471805599454
organ:1.0
california:1.0
state:1.0
univers:1.0
chico:1.0
line:1.0
6:1.0
nntp:1.0
post:1.0
host:1.0
cscihp:1.0
file:1.0
content:1.0
list:1.0
knowledg:1.6931471805599454
medium:1.6931471805599454
resourc:1.6931471805599454
librari:1.6931471805599454
graphic:1.0
1:1.6931471805599454
audio:1.0
anonym:1.0
ftp:1.0
cdrom:1.0
com:1.0
