ed:2.6094379124341005
cwi:1.6931471805599454
unomaha:1.6931471805599454
edu:2.386294361119891
stastni:1.6931471805599454
subject:1.0
chao:1.0
edit:1.0
idea:2.09861228866811
intern:1.0
directori:1.0
electron:2.386294361119891
art:2.09861228866811
keyword:1.0
organ:2.386294361119891
univers:1.0
nebraska:1.0
omaha:1.6931471805599454
line:1.0
30:1.0
borrow:1.0
1992:1.0
93:1.0
version:1.0
book:2.386294361119891
friend:1.0
holi:1.0
moley:1.0
wealth:1.0
contact:1.0
five:1.0
hundr:1.0
page:1.0
inform:2.09861228866811
artist:1.6931471805599454
around:1.0
globe:1.0
mani:1.0
email:1.6931471805599454
address:1.0
minut:1.0
databas:1.6931471805599454
also:1.0
avail:1.6931471805599454
minitel:1.6931471805599454
base:1.0
franc:1.6931471805599454
internet:1.6931471805599454
gate:1.0
print:1.0
french:1.0
english:1.0
list:1.6931471805599454
send:1.6931471805599454
annick:1.0
bureaud:1.0
57:1.0
rue:1.0
falguier:1.0
75015:1.0
pari:1.0
free:1.0
sure:1.0
wide:1.0
distribut:1.0
much:1.0
cost:1.0
affili:1.0
way:1.0
impress:1.0
collect:1.0
highli:1.0
encourag:1.6931471805599454
involv:1.0
medium:1.0
video:1.0
music:1.0
graphic:1.0
anim:1.0
etc:1.0
entri:1.0
make:1.0
e:1.0
oti:2.09861228866811
project:1.6931471805599454
end:1.0
process:1.0
sound:1.0
news:1.0
po:1.0
bx:1.0
241113:1.0
ftp:1.0
sunsit:1.6931471805599454
unc:1.6931471805599454
pub:1.0
multimedia:1.0
pictur:1.0
ne:1.0
68124:1.0
1113:1.0
141:1.0
214:1.0
4:1.0
135:1.0
