agiacalo:1.0
nmsu:1.6931471805599454
edu:1.6931471805599454
toni:1.6931471805599454
giacalo:1.0
subject:1.0
need:1.6931471805599454
algorithm:2.386294361119891
read:2.09861228866811
display:1.0
bitmap:1.6931471805599454
file:1.6931471805599454
organ:1.0
new:1.0
mexico:1.0
state:1.0
univers:1.0
line:1.0
7:1.0
nntp:1.0
post:1.0
host:1.0
gauss:1.0
keyword:1.0
gif:1.6931471805599454
pcx:2.09861228866811
bmp:1.6931471805599454
make:1.0
custom:1.0
paint:1.6931471805599454
program:1.0
do:1.0
like:1.0
anyon:1.0
tri:1.0
copi:1.0
one:1.0
book:1.0
format:1.6931471805599454
work:1.0
take:1.0
creat:1.0
window:1.0
thank:1.0
