neideck:2.386294361119891
nestvx:2.09861228866811
enet:1.6931471805599454
dec:1.6931471805599454
com:1.6931471805599454
burkhard:1.0
lutz:1.6931471805599454
subject:1.0
rumour:1.0
3do:2.09861228866811
organ:1.0
cec:1.6931471805599454
karlsruh:1.6931471805599454
line:1.0
17:1.0
nntp:1.0
post:1.0
host:1.0
keyword:1.0
arm:2.386294361119891
qt:1.0
compact:2.09861228866811
video:2.386294361119891
articl:1.0
2bd07605:1.0
18974:1.0
news:1.0
servic:1.0
uci:1.6931471805599454
edu:1.6931471805599454
rbarri:1.0
orion:1.0
oac:1.0
robert:1.0
c:1.0
barri:1.0
write:1.0
sure:1.0
centri:1.0
20mhz:1.0
040:1.0
stack:1.0
25:1.6931471805599454
mhz:1.6931471805599454
box:1.0
obvious:1.0
faster:1.6931471805599454
much:1.6931471805599454
would:1.0
probabl:1.0
assum:1.0
effici:1.0
mip:1.6931471805599454
r3000:1.6931471805599454
integ:1.0
calcul:1.0
like:1.6931471805599454
digit:1.6931471805599454
codec:1.0
easi:1.0
task:1.0
softwar:1.6931471805599454
motion:1.6931471805599454
pictur:1.6931471805599454
lot:1.0
though:1.0
predat:1.0
get:1.0
48:1.0
frame:1.0
sec:1.0
320x240:1.0
decstat:1.0
5000:1.0
200:1.0
machin:1.0
tburkhard:1.0
distribut:1.0
multimedia:1.6931471805599454
group:1.0
eerp:1.0
portfolio:1.0
manag:1.0
berkom:1.0
ii:1.0
project:1.0
base:1.0
technolog:1.0
equip:1.0
corpor:1.0
