alan:1.6931471805599454
saturn:1.6931471805599454
c:1.6931471805599454
swin:1.6931471805599454
oz:1.6931471805599454
au:1.6931471805599454
christiansen:1.0
subject:1.0
sphere:3.1972245773362196
4:3.0794415416798357
point:4.178053830347945
organ:1.0
swinburn:1.0
univers:1.0
technolog:1.0
line:3.0794415416798357
71:1.0
nntp:1.0
post:1.0
host:1.0
spworley:1.6931471805599454
netcom:1.6931471805599454
com:1.6931471805599454
steve:1.6931471805599454
worley:1.0
write:1.6931471805599454
bolson:1.6931471805599454
carson:1.0
u:1.0
washington:1.0
edu:1.0
edward:1.0
boy:1.0
embarass:1.0
trivial:1.6931471805599454
faq:1.0
given:1.0
non:1.0
coplanar:2.9459101490553135
one:1.6931471805599454
find:2.09861228866811
center:2.9459101490553135
radiu:2.09861228866811
exactli:1.0
fit:1.0
know:1.0
circl:2.6094379124341005
3:2.9459101490553135
immedi:1.0
see:1.0
straightforward:1.0
way:1.0
check:1.0
geometri:1.0
book:1.0
graphic:1.0
gem:1.0
farin:1.0
still:1.0
loss:1.0
plea:1.0
merci:1.0
provid:1.0
solut:1.6931471805599454
bad:1.6931471805599454
question:1.0
ref:1.0
list:1.0
algorithm:2.9459101490553135
either:1.0
think:1.0
bit:1.0
hard:1.0
1:1.0
take:2.09861228866811
three:2.386294361119891
plane:2.791759469228055
defin:1.0
well:1.0
lie:1.0
say:1.0
alreadi:1.0
2:1.6931471805599454
pas:2.09861228866811
perpendicular:1.6931471805599454
repeat:1.0
unus:1.0
two:2.09861228866811
origin:2.09861228866811
give:1.0
differ:1.6931471805599454
interect:1.0
easi:1.0
comput:1.0
distanc:1.0
leav:1.0
math:1.0
workabl:1.0
good:1.0
feel:1.0
problem:1.6931471805599454
special:1.0
case:1.6931471805599454
worri:1.0
four:1.0
shape:1.0
squar:1.0
uniqu:1.0
surfac:1.6931471805599454
similarli:1.0
colinear:2.09861228866811
finit:1.0
size:1.0
geometr:1.0
design:1.6931471805599454
rather:1.0
algebra:1.0
meet:1.0
neatli:1.0
determin:1.0
afil:1.0
return:1.0
infinit:1.0
r:1.0
intersect:1.6931471805599454
possibl:1.0
planar:1.0
parallel:1.6931471805599454
last:1.0
achiev:1.6931471805599454
colini:1.0
4th:2.09861228866811
pair:2.386294361119891
first:1.6931471805599454
produc:1.0
also:1.6931471805599454
seem:1.0
fail:1.6931471805599454
alway:1.0
test:1.0
found:1.0
altern:1.0
method:1.0
would:1.0
form:1.6931471805599454
bisector:1.0
segment:1.0
contain:1.0
might:1.0
easier:1.0
implement:1.0
