n020ba:1.0
tamvm1:1.6931471805599454
tamu:1.6931471805599454
edu:1.6931471805599454
subject:1.0
help:1.6931471805599454
need:1.6931471805599454
3:1.6931471805599454
graphic:1.0
code:2.09861228866811
packag:1.6931471805599454
do:1.6931471805599454
organ:1.0
texa:1.0
univers:1.0
line:1.6931471805599454
7:1.0
nntp:1.0
post:1.6931471805599454
host:1.0
whatev:1.0
take:1.0
data:1.6931471805599454
turn:1.0
wirefram:1.0
surfac:1.0
hidden:1.0
remov:1.0
use:1.6931471805599454
machin:1.0
ansi:1.6931471805599454
c:1.6931471805599454
fortran:1.0
basic:1.0
form:1.0
rectangular:1.0
grid:1.0
plea:1.0
repli:1.0
net:1.0
other:1.0
may:1.0
benefit:1.0
imho:1.0
gener:1.0
interest:1.0
question:1.0
thank:1.0
