ricki:1.0
watson:1.0
ibm:2.386294361119891
com:1.6931471805599454
rick:1.6931471805599454
turner:1.0
subject:1.6931471805599454
imag:2.09861228866811
earth:1.6931471805599454
disclaim:1.0
post:1.6931471805599454
repres:1.0
poster:1.0
view:1.0
necessarili:1.0
nntp:1.0
host:1.0
daneburi:1.0
hursley:1.0
organ:1.0
uk:1.0
lab:1.0
line:1.0
6:1.0
look:1.0
pub:1.0
space:1.0
directori:1.0
ame:1.0
arc:1.0
nasa:1.0
gov:1.0
number:1.0
may:1.0
hunt:1.0
around:1.0
subdirectori:1.0
thing:1.0
tend:1.0
file:1.0
mission:1.0
ie:1.0
apollo:1.0
rather:1.0
