d91:1.0
he:1.0
tekn:1.0
hj:1.6931471805599454
se:1.6931471805599454
stefan:1.6931471805599454
hermansson:1.0
subject:1.0
vesa:1.0
speedstar:2.09861228866811
24:1.6931471805599454
organ:1.0
h:1.0
gskolan:1.0
j:1.0
nk:1.0
ping:1.0
line:1.0
8:1.0
nntp:1.0
post:1.6931471805599454
host:1.0
pc9:1.0
b109:1.0
et:1.0
tjust:1.0
john:1.0
cormack:1.0
want:1.0
tell:1.0
slight:1.0
differ:1.0
24x:1.0
