dwestner:1.0
cardhu:1.6931471805599454
mc:1.6931471805599454
dunde:2.09861228866811
ac:1.6931471805599454
uk:2.09861228866811
dominik:1.6931471805599454
westner:1.0
subject:1.6931471805599454
need:1.0
viewer:1.6931471805599454
gl:1.6931471805599454
file:1.6931471805599454
organ:1.0
math:1.0
c:1.0
dept:1.0
univers:1.0
scotland:1.0
line:1.0
10:1.0
nntp:1.0
post:1.0
host:1.0
x:1.6931471805599454
newsread:1.0
tin:1.0
version:1.0
1:1.6931471805599454
pl9:1.0
hi:1.0
say:1.0
pd:1.0
thank:1.0
