ezzi:1.0
lucs2:1.0
lanc:1.0
ac:1.0
uk:1.0
one:1.0
daze:1.0
subject:1.0
borland:1.6931471805599454
turbo:1.6931471805599454
c:2.09861228866811
librari:1.6931471805599454
s3:1.6931471805599454
graphic:1.0
card:1.6931471805599454
organ:1.0
lancast:1.0
univers:1.0
comput:1.0
societi:1.0
line:1.0
5:1.0
recent:1.0
got:1.0
hold:1.0
pc:1.0
like:1.0
program:1.0
let:1.0
access:1.0
high:1.0
resolut:1.0
mode:1.0
avail:1.0
via:1.0
tandi:1.0
