n020ba:1.6931471805599454
tamvm1:2.09861228866811
tamu:2.09861228866811
edu:2.09861228866811
subject:1.0
help:1.6931471805599454
need:1.6931471805599454
3:1.6931471805599454
graphic:1.0
code:2.09861228866811
packag:1.6931471805599454
do:1.6931471805599454
organ:1.0
texa:1.0
univers:1.0
line:1.6931471805599454
32:1.0
nntp:1.0
post:1.0
host:1.0
articl:1.0
1993apr19:1.0
101747:1.0
22169:1.0
ugl:1.0
unit:1.6931471805599454
razor:1.0
swix:1.0
nvg:1.0
runar:1.0
jordahl:1.0
write:1.0
wrote:1.0
whatev:1.0
take:1.0
data:1.6931471805599454
turn:1.0
wirefram:1.0
surfac:1.0
hidden:1.0
remov:1.0
use:1.6931471805599454
machin:1.0
ansi:1.6931471805599454
c:1.6931471805599454
fortran:1.0
basic:1.0
form:1.0
rectangular:1.0
grid:1.0
gener:1.0
interest:1.0
question:1.0
thank:1.0
afraid:1.0
repli:1.6931471805599454
get:1.0
thru:1.0
appreci:1.0
tri:1.6931471805599454
howev:1.0
plea:1.0
