sean:2.09861228866811
mcmain:2.386294361119891
unt:2.386294361119891
edu:2.386294361119891
subject:1.0
rumour:1.0
3do:1.0
x:2.09861228866811
xxmessag:1.0
id:1.0
a7f81fd2f801023c:1.0
seanmac:1.6931471805599454
ac:1.6931471805599454
xxdate:1.0
mon:1.0
19:1.0
apr:1.0
93:1.0
15:1.6931471805599454
22:1.0
26:1.0
gmt:1.0
organ:1.0
univers:1.6931471805599454
north:1.6931471805599454
texa:1.6931471805599454
userag:1.0
nuntiu:1.0
v1:1.6931471805599454
1:3.1972245773362196
1d20:1.0
line:1.6931471805599454
83:1.0
first:1.0
thank:1.0
fill:1.0
exist:1.0
68070:1.0
assum:1.6931471805599454
rashli:1.0
particular:1.0
number:1.0
would:1.0
reserv:1.6931471805599454
enhanc:1.0
motorola:1.0
rather:1.0
mete:1.0
anoth:1.6931471805599454
compani:1.0
ah:1.0
well:2.386294361119891
guess:1.0
get:1.6931471805599454
comput:1.0
industri:1.0
oper:1.0
logic:1.0
manner:1.0
articl:1.0
1993apr16:1.0
212441:1.0
34125:1.0
rchland:1.6931471805599454
ibm:1.6931471805599454
com:1.6931471805599454
ricardo:1.6931471805599454
hernandez:1.0
muchado:1.0
vnet:1.0
write:1.0
want:1.6931471805599454
mini:1.0
war:1.0
go:1.0
say:1.6931471805599454
littl:1.6931471805599454
bit:2.6094379124341005
skeptic:1.0
perform:2.09861228866811
claim:1.6931471805599454
centri:2.386294361119891
see:1.0
plea:1.0
flame:1.0
c:1.0
chicago:1.0
last:1.0
consum:1.0
electron:1.0
show:2.09861228866811
appl:1.6931471805599454
booth:1.0
walk:1.0
real:1.6931471805599454
time:2.09861228866811
video:2.09861228866811
captur:1.0
use:2.6094379124341005
radiou:1.0
supermac:1.0
card:1.0
digit:1.6931471805599454
make:1.0
right:1.0
spot:1.0
quicktim:3.1972245773362196
movi:2.6094379124341005
think:1.6931471805599454
old:1.0
one:1.6931471805599454
5:2.386294361119891
version:2.791759469228055
state:1.0
current:1.0
softwar:2.6094379124341005
older:1.0
0:2.09861228866811
6:1.0
horizon:1.0
distant:1.0
futur:1.0
guy:2.09861228866811
talk:1.0
160x2xx:1.0
someth:1.0
play:2.791759469228055
back:2.386294361119891
quit:1.0
nice:1.6931471805599454
expand:1.6931471805599454
window:1.0
resiz:1.6931471805599454
25x:1.0
3xx:1.0
320:1.0
frame:2.386294361119891
rate:1.6931471805599454
decreas:1.0
enough:1.0
notic:1.0
30fp:1.6931471805599454
anymor:1.0
drop:2.386294361119891
like:1.6931471805599454
fp:1.6931471805599454
increas:1.6931471805599454
10:1.0
12:1.0
much:1.0
better:1.0
job:1.0
size:2.6094379124341005
appar:1.0
process:1.0
imag:1.0
dither:1.0
result:1.0
bitmap:1.0
appropri:1.0
depth:1.0
pretti:1.6931471805599454
processor:1.0
intens:1.0
optim:1.0
work:1.0
doubl:1.0
9x:1.0
2:1.0
1x:1.0
suffer:1.0
dramat:1.0
ask:1.0
mac:1.6931471805599454
quadra:2.386294361119891
know:1.0
model:1.0
900:1.0
tell:1.0
could:2.09861228866811
speed:1.6931471805599454
even:1.6931471805599454
lcii:1.0
lie:1.0
cpu:1.6931471805599454
depend:1.0
probabl:1.0
confus:1.0
fact:1.0
qt:1.6931471805599454
lock:1.0
intern:1.0
timecod:1.0
amount:1.0
machin:1.0
howev:1.0
lc:1.0
order:1.0
keep:1.0
sound:1.6931471805599454
sync:1.0
similar:1.6931471805599454
thu:1.0
boast:1.0
though:1.0
faster:1.6931471805599454
due:1.0
margin:1.0
clock:1.0
somewhat:1.0
differ:1.0
architectur:1.0
spoil:1.0
sinc:1.0
68040:1.0
troubl:1.0
hardisk:1.0
memori:1.0
saw:2.09861228866811
either:1.0
newer:1.0
hardwar:1.0
assist:1.0
product:1.0
run:1.0
anim:1.0
supposedli:1.0
macromind:1.0
acceler:1.0
expect:1.0
new:1.6931471805599454
codec:1.0
allow:1.0
nearli:1.0
twice:1.0
handl:1.0
650:1.0
plain:1.0
vanilla:1.0
except:1.0
speaker:1.0
player:1.6931471805599454
includ:1.0
misunderstand:1.0
clarifi:1.0
problem:1.0
still:1.0
surpris:1.0
abl:1.0
thing:1.0
check:1.0
gopher:1.0
phone:1.0
817:1.6931471805599454
565:1.6931471805599454
2039:1.0
band:1.0
info:1.0
server:1.0
fax:1.0
4060:1.0
p:1.0
box:1.0
13495:1.0
e:1.0
mail:1.0
denton:1.0
tx:1.0
76203:1.0
