lioness:1.6931471805599454
mapl:1.6931471805599454
circa:1.6931471805599454
ufl:2.09861228866811
edu:2.09861228866811
subject:1.6931471805599454
comp:3.70805020110221
graphic:3.833213344056216
programm:2.386294361119891
organ:1.6931471805599454
center:1.0
instruct:1.0
research:1.0
comput:1.0
activ:1.0
line:1.0
68:1.0
repli:1.0
ufcc:1.0
nntp:1.0
post:1.6931471805599454
host:1.0
articl:1.0
andreasa:1.6931471805599454
157:1.0
735211806:1.0
dhhalden:1.6931471805599454
andrea:1.0
arff:1.0
write:1.0
hello:1.0
netter:1.0
sorri:1.0
know:1.0
right:1.0
way:1.6931471805599454
kind:1.0
thing:1.0
probabl:1.6931471805599454
cfv:1.6931471805599454
sinc:1.0
tha:1.0
abil:1.0
creat:1.0
news:2.09861228866811
group:2.386294361119891
want:2.09861228866811
start:1.0
discus:1.6931471805599454
enjoy:1.0
read:1.6931471805599454
c:1.6931471805599454
g:1.0
much:1.0
often:1.0
find:1.0
difficult:1.0
sort:1.6931471805599454
interest:1.0
everyth:1.0
screen:1.0
driver:1.6931471805599454
card:1.0
program:2.791759469228055
like:2.386294361119891
think:1.0
sound:1.0
wonder:1.0
seem:1.0
one:1.0
either:1.0
spend:1.0
time:1.0
power:1.6931471805599454
exampl:1.0
would:2.386294361119891
see:2.09861228866811
architectur:1.0
algorithm:2.09861228866811
2d:1.6931471805599454
3d:1.6931471805599454
misc:2.09861228866811
hardwar:2.09861228866811
softwar:1.0
app:1.6931471805599454
howev:1.0
almost:1.0
overkil:1.0
someth:1.0
make:1.0
everyon:1.0
lot:1.0
happier:1.0
nice:1.0
special:1.0
devot:1.0
morph:1.6931471805599454
raytrac:1.0
imag:1.6931471805599454
process:1.6931471805599454
interact:1.0
toolkit:1.0
languag:1.0
object:1.0
system:1.6931471805599454
etc:1.0
could:1.0
relev:1.0
mail:1.0
list:1.0
someon:1.6931471805599454
head:1.0
rather:1.0
dispar:1.0
specif:1.0
stuff:2.6094379124341005
sy:1.0
o:1.0
need:2.09861228866811
help:1.6931471805599454
gl:1.0
modex:1.0
inform:1.0
fast:1.6931471805599454
sprite:1.0
pc:1.0
technic:1.0
speed:1.0
weitek:1.0
p9000:1.0
speedstar:1.0
24x:1.0
applic:1.0
orient:1.6931471805599454
vistapro:1.0
3:1.0
0:1.0
good:1.6931471805599454
3dstudio:1.0
best:1.6931471805599454
amiga:1.0
polygon:1.0
routin:1.0
alogirhtm:1.0
depth:1.0
triangl:1.0
librari:1.0
get:1.6931471805599454
wish:1.0
cfd:1.0
go:1.0
newsgroup:1.0
brian:1.0
