boebert:1.6931471805599454
sctc:1.6931471805599454
com:1.0
earl:1.6931471805599454
subject:1.0
remov:2.386294361119891
distort:2.6094379124341005
bitmap:1.0
draw:2.9459101490553135
organ:1.0
line:1.6931471805599454
47:1.0
let:1.0
say:1.0
scan:1.6931471805599454
imag:1.0
case:1.6931471805599454
boat:1.0
could:2.09861228866811
anyth:1.0
set:1.6931471805599454
refer:2.6094379124341005
point:2.9459101490553135
whose:1.0
true:2.09861228866811
x:2.791759469228055
posit:1.6931471805599454
known:2.386294361119891
digit:2.386294361119891
manual:1.0
use:1.6931471805599454
yaron:1.0
danon:1.0
excel:1.0
program:1.6931471805599454
convert:1.0
cursor:1.0
save:1.0
valu:2.386294361119891
click:1.0
mous:1.0
upon:1.0
notic:1.0
come:1.0
process:1.6931471805599454
differ:1.0
small:1.0
signific:1.0
way:1.0
understand:1.0
reproduct:1.0
origin:1.0
success:1.0
sourc:1.0
differenti:1.0
expans:1.0
contract:1.6931471805599454
paper:1.0
error:2.9459101490553135
introduc:1.0
print:1.0
scanner:1.0
uniform:1.0
entir:1.0
global:1.0
adjust:1.0
stretch:1.0
uniformli:1.0
rotat:1.0
whole:1.0
satisfactori:1.0
question:1.0
kind:1.6931471805599454
soul:1.6931471805599454
know:1.0
algorithm:1.0
particular:1.0
three:1.0
distortedrefer:1.0
distorteddata:1.6931471805599454
unknown:1.0
function:1.0
appli:1.0
suspect:1.0
problem:1.6931471805599454
solv:1.6931471805599454
treat:1.0
result:1.0
project:1.0
bumpi:1.0
3d:1.0
surfac:1.6931471805599454
flatten:1.0
data:1.0
inform:1.0
idea:1.0
better:1.0
yet:1.0
pointer:1.0
treatment:1.0
similar:1.0
thank:1.0
