dave:2.6094379124341005
mikelson:2.386294361119891
almac:2.09861228866811
co:1.6931471805599454
uk:1.6931471805599454
subject:1.0
pcx:1.6931471805599454
distribut:1.0
world:1.0
organ:1.0
bb:1.0
ltd:1.0
44:1.0
0:2.386294361119891
324:1.0
665371:1.0
repli:1.0
line:1.6931471805599454
22:1.0
ad994:1.0
freenet:1.0
carleton:1.0
ca:1.0
jw:2.791759469228055
1:1.6931471805599454
book:1.6931471805599454
code:1.0
teach:1.0
read:1.0
write:1.0
dbf:1.0
gif:1.0
file:1.6931471805599454
2:1.0
access:1.0
extra:1.0
ram:1.0
paradis:1.6931471805599454
video:1.0
board:1.0
page:1.0
higher:1.0
vga:1.6931471805599454
mode:1.0
ie:1.0
320x200x256:1.0
800x600x256:1.0
3:1.0
anybodi:1.0
got:1.0
good:1.6931471805599454
help:1.0
answer:1.0
question:1.0
graphic:1.6931471805599454
format:1.0
kay:1.0
levin:1.0
isbn:2.09861228866811
8306:1.6931471805599454
3059:1.0
7:1.0
supercharg:1.0
bitmap:1.0
rimmer:1.0
3788:1.0
5:1.0
programm:1.0
guid:1.0
ega:1.0
card:1.0
ferraro:1.0
201:1.0
57025:1.0
4:1.0
whole:1.0
chapter:1.0
svga:1.0
delux:1.0
386:1.0
12:1.0
8993:1.0
