ferdinan:1.0
oeinck:1.6931471805599454
waterland:1.0
wlink:1.0
nl:1.6931471805599454
ferdinand:1.6931471805599454
subject:1.0
detect:1.6931471805599454
doubl:1.6931471805599454
point:1.6931471805599454
bezier:1.6931471805599454
curv:1.6931471805599454
organ:1.0
node:1.0
groningen:1.0
line:1.0
6:1.0
look:1.0
inform:1.0
calcul:1.0
cusp:1.0
algorithm:1.0
literatur:1.0
refer:1.0
mail:1.0
appreci:1.0
