jame:2.9459101490553135
kewageshig:2.9459101490553135
canrem:2.09861228866811
com:2.09861228866811
subject:1.0
articl:2.09861228866811
flock:1.6931471805599454
repli:1.0
organ:1.0
canada:1.6931471805599454
remot:1.6931471805599454
system:1.6931471805599454
distribut:1.0
comp:1.0
line:1.0
17:1.0
hi:1.6931471805599454
someon:1.0
point:1.0
toward:1.0
boid:1.0
algorithm:1.0
also:1.0
particl:1.0
anim:1.0
formula:1.0
would:1.0
nice:1.0
0:2.386294361119891
uucp:1.0
n:1.0
e:1.0
w:1.0
r:1.0
k:1.0
v:1.0
fidonet:1.0
1:1.6931471805599454
229:1.0
15:1.0
delux:1.0
25:1.0
8086:1.0
head:1.0
co:1.6931471805599454
xv:1.0
signatur:1.0
viru:1.0
toronto:1.0
ontario:1.0
416:1.0
629:1.6931471805599454
7000:1.0
7044:1.0
