marku:2.9459101490553135
octavia:2.386294361119891
anu:2.09861228866811
edu:2.09861228866811
au:2.09861228866811
buchhorn:2.09861228866811
subject:1.0
hdf:2.6094379124341005
reader:1.0
viewer:1.0
organ:1.0
australian:2.09861228866811
nation:2.09861228866811
univers:2.09861228866811
canberra:2.09861228866811
line:1.0
33:1.0
distribut:1.0
world:1.0
nntp:1.0
post:1.0
host:1.0
150:1.0
203:1.0
5:1.0
35:1.0
origin:1.0
g:1.0
day:1.0
anybodi:1.0
point:1.0
util:1.6931471805599454
read:1.0
convert:1.6931471805599454
crop:2.386294361119891
whatnot:1.0
display:1.0
imag:1.0
file:1.6931471805599454
look:1.6931471805599454
stuff:1.6931471805599454
ncsa:1.6931471805599454
must:1.0
take:1.0
award:1.0
odd:1.0
directori:1.0
structur:1.0
strang:1.0
storag:1.0
approach:1.0
minimalist:1.0
document:1.0
part:1.6931471805599454
problem:1.0
want:1.0
larg:1.0
5mb:1.0
section:1.0
ideal:1.0
would:1.0
like:1.0
hdftoppm:1.0
type:1.0
use:1.0
pbmplu:1.0
quit:1.0
merrili:1.0
anoth:1.0
format:1.0
view:1.0
anim:1.0
otherwis:1.0
someon:1.0
plea:1.0
explain:1.0
set:1.0
visualis:1.0
w:1.0
3:1.6931471805599454
2:1.6931471805599454
r5:1.0
3beta:1.0
etc:1.0
sun:1.0
suno:1.0
4:1.0
1:1.0
help:1.0
greatli:1.0
appreci:1.0
ta:1.0
muchli:1.0
cheer:1.0
tmarku:1.0
parallel:1.6931471805599454
comput:1.6931471805599454
research:1.6931471805599454
facil:1.6931471805599454
email:1.6931471805599454
0200:1.6931471805599454
australia:2.386294361119891
intern:1.6931471805599454
61:1.6931471805599454
6:1.6931471805599454
06:1.6931471805599454
phone:1.6931471805599454
2492930:1.6931471805599454
fax:1.6931471805599454
2490747:1.6931471805599454
