ricki:1.0
watson:1.0
ibm:2.386294361119891
com:1.6931471805599454
rick:1.6931471805599454
turner:1.0
subject:1.0
motion:1.0
video:1.0
card:1.0
yuv:1.0
rgb:1.0
disclaim:1.0
post:1.6931471805599454
repres:1.0
poster:1.0
view:1.0
necessarili:1.0
nntp:1.0
host:1.0
daneburi:1.0
hursley:1.0
organ:1.0
uk:1.0
lab:1.0
line:1.0
3:1.0
contact:1.0
offlin:1.0
