jfreund:1.0
taquito:1.0
engr:1.0
ucdavi:1.0
edu:1.0
jason:1.6931471805599454
freund:1.6931471805599454
subject:1.0
info:1.0
medic:1.6931471805599454
imag:1.6931471805599454
system:1.0
organ:1.0
colleg:1.0
engin:1.0
univers:1.0
california:1.0
davi:1.0
line:1.0
10:1.0
thi:1.0
ti:1.0
anyon:1.0
good:1.0
ray:1.0
trace:1.0
background:1.0
interest:1.0
field:1.0
could:1.0
point:1.0
sourc:1.0
better:1.0
yet:1.0
experi:1.0
want:1.0
talk:1.0
go:1.0
work:1.0
thank:1.0
