madler:1.0
cco:1.0
caltech:1.6931471805599454
edu:1.6931471805599454
mark:1.6931471805599454
adler:1.0
subject:1.0
imag:1.6931471805599454
earth:1.0
organ:1.0
california:1.0
institut:1.0
technolog:1.0
pasadena:1.0
line:1.0
8:1.0
nntp:1.0
post:1.0
host:1.0
sandman:1.0
sue:1.0
newspap:1.6931471805599454
got:1.0
print:1.0
articl:1.0
say:1.0
anyth:1.0
copyright:2.09861228866811
sure:1.0
whole:1.0
could:1.0
gotten:1.0
permiss:1.0
use:1.0
