jbrandt:1.6931471805599454
neosoft:2.09861228866811
com:2.09861228866811
j:1.0
brandt:1.6931471805599454
subject:1.0
beta:2.6094379124341005
tester:1.0
want:1.0
graphic:3.302585092994046
librari:2.09861228866811
organ:1.0
commun:1.0
servic:1.0
713:1.6931471805599454
684:1.0
5900:1.0
keyword:1.0
xeg:2.09861228866811
ceg:1.6931471805599454
imsl:2.09861228866811
vni:1.0
x:3.1972245773362196
line:1.0
48:1.0
visual:2.386294361119891
numer:1.6931471805599454
inc:1.0
formerli:1.0
precis:1.0
process:1.0
secur:1.0
site:1.0
test:1.6931471805599454
expon:2.791759469228055
1:2.6094379124341005
0:2.6094379124341005
c:3.1972245773362196
2:2.386294361119891
3gl:1.0
product:2.386294361119891
period:1.0
april:1.0
26:1.0
june:1.0
18:1.0
platform:1.0
hp9000:1.0
700:1.0
run:1.0
o:1.0
8:1.6931471805599454
07:1.0
ansi:1.0
71:1.0
compil:1.0
medium:1.0
sent:1.0
4mm:1.0
dat:1.0
cartridg:1.0
tape:1.0
key:2.09861228866811
fact:2.09861228866811
two:1.6931471805599454
complet:1.6931471805599454
collect:2.09861228866811
high:1.6931471805599454
level:1.6931471805599454
2d:1.6931471805599454
3d:1.6931471805599454
applic:2.6094379124341005
plot:2.791759469228055
type:1.6931471805599454
avail:1.6931471805599454
larg:1.6931471805599454
resourc:1.0
cstom:1.0
widget:1.6931471805599454
osf:1.0
motif:1.0
develop:1.6931471805599454
3:1.6931471805599454
built:1.6931471805599454
interact:2.386294361119891
gui:2.09861228866811
custom:2.386294361119891
4:1.6931471805599454
easili:1.0
implement:1.0
callback:1.0
feedback:1.0
5:1.0
xt:1.0
toolkit:1.0
provid:1.0
user:2.9459101490553135
conform:1.6931471805599454
expect:1.0
syntax:1.0
standard:1.6931471805599454
familar:1.0
programm:1.6931471805599454
6:1.0
also:1.0
sold:1.0
bundl:1.0
edg:1.0
uim:1.0
enabl:1.0
use:1.6931471805599454
builder:1.0
creat:1.0
layout:1.0
written:1.6931471805599454
100:1.0
program:1.6931471805599454
interfac:1.0
take:1.0
advantag:1.0
fo:1.0
desir:1.0
featur:1.0
build:1.0
mous:1.6931471805599454
graph:1.6931471805599454
output:1.0
control:2.6094379124341005
200:1.0
attribut:1.0
function:1.0
call:1.6931471805599454
creation:1.0
wide:1.0
varieti:1.0
minim:1.0
effort:1.0
abil:1.0
interrupt:1.0
event:2.386294361119891
loop:2.09861228866811
manipul:1.0
allow:1.0
anyon:1.0
interest:1.0
either:1.0
plea:1.0
contact:1.0
wendi:1.0
hou:1.6931471805599454
via:1.0
email:1.0
279:1.0
1066:1.0
jaclyn:1.0
