andreasa:1.6931471805599454
dhhalden:1.6931471805599454
andrea:1.6931471805599454
arff:2.09861228866811
subject:1.6931471805599454
newsgroup:2.386294361119891
split:2.09861228866811
line:1.0
40:1.0
nntp:1.0
post:2.6094379124341005
host:1.0
pc110:1.0
organ:1.0
ostfold:1.0
colleg:1.0
articl:1.0
1quvdoinn3e7:1.0
srvr1:1.0
engin:2.09861228866811
umich:2.09861228866811
edu:2.09861228866811
tdawson:1.6931471805599454
chri:1.6931471805599454
herringshaw:1.6931471805599454
write:1.0
date:1.0
19:1.6931471805599454
apr:1.0
1993:1.0
43:1.0
52:1.0
gmt:1.0
concern:1.0
propos:1.6931471805599454
person:1.0
favor:1.0
learn:1.0
aw:1.0
lot:1.0
aspect:2.386294361119891
graphic:2.791759469228055
read:1.0
group:2.386294361119891
code:1.0
hardwar:1.0
algorithm:1.0
think:1.6931471805599454
make:1.6931471805599454
5:1.0
differ:1.6931471805599454
wate:1.0
result:1.0
week:1.0
per:1.6931471805599454
kind:1.0
like:1.6931471805599454
conveni:1.0
one:2.386294361119891
big:1.0
forum:1.6931471805599454
discus:1.0
anyon:1.0
el:1.0
feel:1.0
way:1.0
curiou:1.0
daemon:1.0
actuallay:1.0
hand:1.0
support:1.0
idea:1.6931471805599454
everi:1.6931471805599454
program:1.0
brian:1.0
repli:1.0
origin:1.0
would:1.0
suggest:1.0
looser:1.0
structur:1.0
comp:1.6931471805599454
programm:1.0
hw:1.0
sw:1.0
reason:1.6931471805599454
possibl:1.0
say:1.6931471805599454
spilt:1.0
get:1.0
day:1.0
take:1.0
much:1.0
time:1.0
brow:1.0
find:1.0
two:1.0
three:1.0
interest:1.0
understand:1.0
agre:1.6931471805599454
want:1.0
meet:1.6931471805599454
extens:1.0
see:2.09861228866811
news:1.0
exchang:1.0
help:1.6931471805599454
other:1.0
difficult:1.0
achiv:1.0
mani:1.0
thing:1.0
good:1.0
even:1.0
netter:1.0
also:1.0
relig:1.0
confessor:1.0
mysteri:1.0
higher:1.0
valu:1.0
birth:1.0
mankind:1.0
last:1.0
build:1.0
upon:1.0
indisput:1.0
often:1.0
disregard:1.0
seldom:1.6931471805599454
hear:1.6931471805599454
bee:1.0
prize:1.6931471805599454
man:1.0
lagerkvist:1.0
fist:1.0
free:1.0
translat:1.0
swedish:1.0
