daniel:1.6931471805599454
lclark:1.6931471805599454
edu:2.6094379124341005
snodgrass:1.6931471805599454
subject:1.0
stand:1.6931471805599454
alon:1.0
edit:2.9459101490553135
suit:1.0
articl:1.6931471805599454
1993apr20:1.0
191542:1.0
9392:1.0
organ:1.0
lewi:2.386294361119891
clark:2.386294361119891
colleg:2.09861228866811
portland:1.6931471805599454
line:1.6931471805599454
63:1.0
1qvkaeinngat:1.0
shelley:1.0
u:2.386294361119891
washington:2.386294361119891
eylerken:2.09861228866811
stein:1.0
ken:1.6931471805599454
eyler:1.0
write:1.0
need:1.6931471805599454
help:1.6931471805599454
upgrad:1.0
anim:1.0
video:2.6094379124341005
look:2.09861228866811
differ:1.6931471805599454
type:1.0
setup:1.6931471805599454
b:1.6931471805599454
roll:1.6931471805599454
cut:1.0
station:1.0
would:1.6931471805599454
like:1.0
control:1.0
comput:1.0
brand:1.0
doesnt:1.0
matter:1.0
mayb:1.0
mac:2.386294361119891
amiga:2.09861228866811
low:1.0
end:1.6931471805599454
high:1.0
system:3.772588722239781
use:3.302585092994046
might:1.0
could:1.0
mail:1.6931471805599454
requir:1.0
hardwar:1.0
softwar:1.6931471805599454
necessari:1.0
set:1.6931471805599454
info:1.0
thank:1.0
advanc:1.0
recent:1.0
instal:1.0
digit:2.6094379124341005
film:2.386294361119891
base:2.09861228866811
quadra:1.6931471805599454
non:1.6931471805599454
linear:1.6931471805599454
full:1.0
consid:1.0
pro:1.0
con:1.0
educ:1.6931471805599454
environ:1.0
excel:1.0
produc:2.386294361119891
varieti:1.0
materi:1.0
disemin:1.0
local:1.0
network:1.0
program:2.09861228866811
go:1.0
view:1.0
imag:1.6931471805599454
qualiti:2.791759469228055
import:1.0
abil:1.0
directli:1.0
export:1.0
net:1.0
also:1.0
orienti:1.0
promot:1.6931471805599454
commun:1.0
sinc:1.0
meant:1.0
commerci:1.0
broadcast:1.0
critic:1.0
uniniti:1.0
one:1.0
5000:1.0
jpeg:1.0
compress:1.0
card:2.386294361119891
inexpens:1.0
onlin:1.0
svh:1.6931471805599454
supermac:1.0
maker:1.0
tri:1.0
achiev:1.0
level:1.0
yet:1.0
unabl:1.0
deliv:1.0
near:1.0
vh:1.0
30:1.0
field:2.09861228866811
per:1.6931471805599454
second:1.6931471805599454
640x480:1.0
overscan:1.0
repeat:1.0
everi:1.0
get:1.6931471805599454
60:1.0
result:1.0
kind:1.0
super:1.0
8:1.0
find:1.6931471805599454
distract:1.0
past:1.0
problem:1.0
adob:1.0
premier:1.0
quit:1.0
enjoy:1.0
work:1.6931471805599454
thousand:1.0
effect:1.6931471805599454
crystal:1.0
filter:1.0
dve:1.0
transit:1.0
color:1.0
mat:1.0
natur:1.0
fast:1.0
easi:1.0
ever:1.0
seen:1.0
avid:1.0
montag:1.0
recogn:1.0
methodolog:1.0
user:1.0
interfac:1.0
total:1.0
950:1.0
40meg:1.0
ram:1.0
1:1.0
gig:1.0
drive:1.0
21:1.0
appl:1.0
mon:1.0
itor:1.0
panason:1.0
1960:1.0
deck:1.0
audio:1.0
gear:1.0
cassett:1.0
cd:1.0
eq:1.0
mixer:1.0
etc:1.0
composit:1.0
monitor:1.0
back:1.0
20:1.0
000:1.0
cowboy:1.0
girl:1.0
output:1.0
satisfi:1.0
client:1.0
even:1.0
though:1.0
perform:1.0
toasterhead:1.0
imagin:1.0
better:1.0
best:1.0
dan:1.0
medium:1.0
servic:1.0
