seth:2.386294361119891
north13:2.09861228866811
acpub:2.09861228866811
duke:2.09861228866811
edu:2.09861228866811
wandersman:1.6931471805599454
subject:1.0
univesa:1.6931471805599454
driver:2.09861228866811
repli:1.0
line:1.0
7:1.0
nntp:1.0
post:1.0
host:1.0
ti:1.0
got:1.0
avail:1.6931471805599454
net:1.6931471805599454
thought:1.0
final:1.0
1:1.0
meg:1.0
oak:1.0
board:1.6931471805599454
would:1.0
abl:1.0
show:1.0
680x1024:1.0
256:1.0
color:1.0
unfortun:1.0
program:1.6931471805599454
still:1.0
say:1.0
fault:1.0
fractint:1.0
someth:1.0
wrong:1.0
card:1.0
tunivesa:1.0
free:1.0
make:1.0
mani:1.0
vesa:1.0
compat:1.0
