ednobl:1.0
sacam:1.0
oren:1.0
ortn:1.0
edu:1.0
edward:1.0
nobl:1.6931471805599454
subject:1.0
window:1.0
imagin:1.0
organ:1.0
oak:1.0
ridg:1.0
nation:1.0
laboratori:1.0
x:1.0
newsread:1.0
tin:1.0
version:1.0
1:1.6931471805599454
pl9:1.0
line:1.0
10:1.0
sent:1.0
copi:1.0
today:1.0
snail:1.0
mail:1.0
hope:2.09861228866811
get:1.0
back:1.0
ten:1.0
day:1.0
impuls:1.0
said:1.0
week:1.0
good:1.0
claim:1.0
jim:1.0
take:1.0
use:1.0
