pe:1.0
hutc:1.6931471805599454
c:1.6931471805599454
hut:1.6931471805599454
fi:1.6931471805599454
pekka:1.6931471805599454
siltanen:1.6931471805599454
subject:1.0
detect:2.09861228866811
doubl:1.6931471805599454
point:2.09861228866811
bezier:1.6931471805599454
curv:2.386294361119891
nntp:1.0
post:1.0
host:1.0
organ:1.0
helsinki:1.0
univers:1.0
technolog:1.0
finland:1.0
line:1.0
26:1.0
articl:2.09861228866811
1993apr19:1.0
234409:1.0
18303:1.0
kpc:1.0
com:1.0
jbulf:1.0
balsa:1.0
berkeley:1.0
edu:1.0
jeff:1.0
bulf:1.0
write:1.6931471805599454
ia522b1w165w:1.0
oeinck:2.09861228866811
waterland:1.6931471805599454
wlink:1.6931471805599454
nl:1.6931471805599454
ferdinan:1.0
ferdinand:1.0
look:1.0
inform:1.0
calcul:1.0
cusp:1.6931471805599454
algorithm:1.0
literatur:1.0
refer:1.6931471805599454
mail:1.0
appreci:1.0
use:1.0
one:1.6931471805599454
1989:1.6931471805599454
issu:1.0
transact:1.0
graphic:1.6931471805599454
believ:1.0
maureen:1.0
stone:1.6931471805599454
author:1.0
sorri:1.0
specif:1.0
deros:1.0
geometr:1.6931471805599454
character:1.0
parametr:1.0
cubic:1.0
acm:1.0
tran:1.0
8:1.0
3:1.0
147:1.0
163:1.0
manocha:1.0
canni:1.0
inflect:1.0
comput:1.0
aid:1.0
design:1.0
9:1.0
1992:1.0
1:1.0
24:1.0
