yoo:2.09861228866811
engr:1.6931471805599454
ucf:1.6931471805599454
edu:1.6931471805599454
hoi:1.6931471805599454
subject:1.0
ribbon:2.386294361119891
inform:1.0
organ:1.0
engin:1.0
univers:1.0
central:1.0
florida:1.0
orlando:1.0
distribut:1.0
usa:1.0
line:1.0
20:1.0
anyon:1.0
know:1.0
kind:1.0
util:1.0
program:1.6931471805599454
popular:1.0
represent:1.0
2d:1.6931471805599454
shape:1.6931471805599454
tri:1.0
find:1.0
symmetri:1.0
axi:1.0
given:1.0
use:1.0
suggest:1.0
greatli:1.0
appreci:1.0
start:1.0
thank:1.0
much:1.0
advanc:1.0
