quan:2.386294361119891
sol:1.6931471805599454
surv:1.6931471805599454
uta:1.6931471805599454
edu:3.0794415416798357
au:1.6931471805599454
stephen:1.6931471805599454
subject:1.0
fast:2.6094379124341005
polygon:2.791759469228055
routin:2.791759469228055
need:1.6931471805599454
keyword:1.0
organ:1.0
univers:1.6931471805599454
tasmania:1.6931471805599454
australia:1.6931471805599454
line:1.0
22:1.0
osprey:1.6931471805599454
ux4:1.6931471805599454
cso:2.09861228866811
uiuc:2.09861228866811
luca:1.6931471805599454
adamski:1.6931471805599454
write:2.09861228866811
articl:1.6931471805599454
1993apr17:1.0
192947:1.0
11230:1.0
sophia:1.6931471805599454
smith:1.6931471805599454
orourk:1.0
joseph:1.0
rourk:1.0
c5n3x0:1.0
b5l:1.0
news:1.0
look:1.0
use:1.0
3d:1.0
game:1.6931471805599454
draw:2.09861228866811
cours:1.0
vga:1.6931471805599454
mode:2.09861228866811
13h:2.09861228866811
320x200:1.0
hi:1.0
come:1.0
across:1.0
triangl:2.09861228866811
fill:1.0
call:1.0
enough:1.0
time:1.0
think:1.0
ftp:1.0
ed:1.0
wuarchiv:1.0
wustl:1.0
pub:1.0
msdo:1.0
upload:1.0
program:1.0
copi:1.0
reupload:1.0
txt:1.0
file:1.0
say:1.0
c:1.0
inlin:1.0
assembl:1.0
sourc:1.0
drawer:1.0
tel:1.6931471805599454
002:1.6931471805599454
202844:1.6931471805599454
local:1.6931471805599454
research:1.0
fellow:1.0
comput:1.0
scientist:1.0
fax:1.6931471805599454
240282:1.6931471805599454
centr:1.0
spatial:1.0
inform:1.0
system:1.0
61:1.6931471805599454
02:1.6931471805599454
