subject:1.0
need:1.6931471805599454
rgb:1.0
data:1.0
save:1.0
imag:1.6931471805599454
jer114:1.0
psuvm:1.0
psu:1.0
edu:1.0
organ:1.0
penn:1.0
state:1.0
univers:1.0
line:1.0
4:1.0
could:1.0
someon:1.0
plea:1.0
help:1.6931471805599454
find:1.0
program:1.6931471805599454
figur:1.0
extract:1.0
li:1.0
st:1.0
r:1.6931471805599454
g:1.6931471805599454
b:1.6931471805599454
valu:1.6931471805599454
pixel:1.0
convert:1.0
tga:1.0
ever:1.0
popular:1.0
format:1.0
use:1.0
write:1.0
thank:1.0
