ricki:1.0
watson:1.6931471805599454
ibm:2.386294361119891
com:1.6931471805599454
rick:1.6931471805599454
turner:1.0
subject:1.0
coreldraw:1.6931471805599454
bitmap:1.0
scodal:1.0
disclaim:1.0
post:1.6931471805599454
repres:1.0
poster:1.0
view:1.0
necessarili:1.0
nntp:1.0
host:1.0
daneburi:1.0
hursley:1.0
organ:1.0
j:1.0
research:1.0
line:1.0
4:1.0
3:1.0
0:1.0
whatev:1.0
write:1.0
scodl:1.0
file:1.6931471805599454
directli:1.0
look:1.0
export:1.0
main:1.0
menu:1.0
