cs89ssg:1.0
brunel:2.09861228866811
ac:1.6931471805599454
uk:2.09861228866811
sunil:1.0
gupta:1.0
subject:1.0
rtrace:2.09861228866811
8:1.6931471805599454
2:1.6931471805599454
0:1.6931471805599454
organ:1.0
univers:1.0
uxbridg:1.0
line:1.0
12:1.0
x:1.0
newsread:1.0
tin:1.0
version:1.6931471805599454
1:1.6931471805599454
pl8:1.0
comp:1.0
graphic:1.0
cad:1.0
cgcad:1.0
bart:1.0
inescn:1.6931471805599454
pt:1.6931471805599454
wrote:1.0
new:1.0
ray:1.0
trace:1.0
packag:1.0
asterix:1.0
192:2.386294361119891
35:2.09861228866811
246:2.09861228866811
17:2.09861228866811
directori:1.0
pub:1.0
check:1.0
readm:1.0
file:1.0
cant:1.0
seem:1.0
reach:1.0
site:1.0
ping:1.0
icmp:1.6931471805599454
net:1.6931471805599454
unreach:1.0
gateway:1.0
nsn:1.0
fix:1.0
pe:1.0
sura:1.0
80:1.0
214:1.0
253:1.0
ccw:1.0
24:1.0
134:1.0
83:1.0
176:1.0
30:1.0
possibl:1.0
upload:1.0
mainstream:1.0
ftp:1.0
place:1.0
