jbicker:1.6931471805599454
templar:1.6931471805599454
actrix:1.6931471805599454
gen:1.6931471805599454
nz:1.6931471805599454
john:1.6931471805599454
bicker:1.6931471805599454
subject:1.0
help:1.0
grasp:1.6931471805599454
organ:1.0
tap:1.6931471805599454
line:1.0
19:1.0
quot:1.0
1993apr20:1.0
125147:1.0
10665:1.0
gene:2.09861228866811
icgeb:2.09861228866811
triest:2.09861228866811
oberto:2.386294361119891
jacqu:1.6931471805599454
file:2.791759469228055
check:1.0
graphic:1.0
directori:1.0
problem:1.6931471805599454
clp:2.386294361119891
gener:1.0
decod:1.0
mani:1.0
pd:1.0
format:1.0
convert:2.09861228866811
use:1.6931471805599454
hint:1.0
welcom:1.0
gl2p1:1.0
lzh:1.0
stuff:1.0
gfx:1.0
show:1.0
aminet:1.0
site:1.0
includ:1.0
util:1.0
call:1.0
pic2hl:1.0
filter:1.0
hamlab:1.0
handl:1.0
commonli:1.0
kind:1.0
pic:1.6931471805599454
biggest:1.0
usual:1.0
contain:1.0
palett:1.6931471805599454
need:1.0
right:1.0
first:1.0
creat:1.0
ram:1.0
picpal:1.0
radioact:1.0
air:1.0
kraftwerk:1.0
