lui:2.6094379124341005
nobrega:2.6094379124341005
filebank:1.6931471805599454
ct:1.6931471805599454
com:1.6931471805599454
subject:1.0
pc:1.6931471805599454
paintbrush:2.386294361119891
iv:1.6931471805599454
distribut:1.0
world:1.6931471805599454
organ:1.0
file:2.09861228866811
bank:1.6931471805599454
bb:1.6931471805599454
fallbrook:1.0
ca:1.0
619:1.6931471805599454
728:1.6931471805599454
4318:1.6931471805599454
repli:1.0
line:1.0
11:1.0
tri:1.0
configur:1.0
zsoft:1.0
use:1.6931471805599454
logitech:1.0
scanman:1.0
32:1.0
hand:1.0
scanner:2.09861228866811
get:1.0
acknowledg:1.0
anybodi:1.0
help:1.0
thank:1.0
pcboard:1.0
v:1.0
14:1.0
5a:1.0
e10:1.0
usr:1.0
hst:1.0
d:1.0
8:1.0
node:1.0
rime:1.0
internet:1.0
largest:1.0
clipper:1.0
collect:1.0
