beaver:1.6931471805599454
rot:2.09861228866811
qc:1.6931471805599454
ca:1.6931471805599454
andr:1.6931471805599454
boivert:1.0
subject:1.0
photoshop:1.6931471805599454
window:2.09861228866811
organ:1.0
group:1.0
de:1.0
recherch:1.0
operationnel:1.0
en:1.0
telecommun:1.0
inc:1.0
x:1.0
newsread:1.0
tin:1.0
version:2.09861228866811
1:1.6931471805599454
pl9:1.0
line:1.0
13:1.0
look:1.0
comment:1.6931471805599454
peopl:1.0
use:1.0
heard:1.6931471805599454
good:1.0
compar:1.0
mac:1.0
lot:1.0
bug:1.0
need:1.0
fine:1.0
tune:1.0
would:1.0
greatli:1.0
appreci:1.0
thank:1.0
boisvert:1.0
