echen:1.6931471805599454
burn:2.09861228866811
ee:2.09861228866811
washington:2.386294361119891
edu:2.09861228866811
ed:1.6931471805599454
chen:1.0
subject:1.0
window:1.0
bmp:1.6931471805599454
sun:1.0
raster:1.0
other:1.0
articl:1.0
shelley:1.0
1r49iainnc3k:1.0
distribut:1.0
world:1.0
organ:1.0
univers:1.0
line:1.0
11:1.0
nntp:1.0
post:1.0
host:1.0
hi:1.0
anyon:1.0
convert:1.6931471805599454
format:1.0
xview:1.0
xv:1.0
handl:1.0
must:1.0
run:1.0
unix:1.0
look:1.0
faq:1.0
download:1.0
sever:1.0
packag:1.0
luck:1.0
thank:1.0
advanc:1.0
