bio1:1.6931471805599454
navi:1.6931471805599454
ac:2.09861228866811
za:2.09861228866811
fouri:1.6931471805599454
joubert:1.6931471805599454
subject:1.0
imag:1.6931471805599454
analysi:1.6931471805599454
pc:1.0
organ:1.0
univers:1.6931471805599454
pretoria:1.6931471805599454
line:1.0
18:1.0
nntp:1.0
post:1.0
host:1.0
zeno:1.0
hi:1.0
look:1.0
softwar:1.0
run:1.0
do:1.0
window:1.0
like:1.0
abl:1.0
analyz:1.0
tiff:1.0
similar:1.0
file:1.0
gener:1.0
histogram:1.0
pattern:1.0
etc:1.0
help:1.0
would:1.0
appreci:1.0
depart:1.0
biochemistri:1.0
