kimd:2.09861228866811
rs6401:1.6931471805599454
ec:1.6931471805599454
rpi:2.386294361119891
edu:2.386294361119891
daniel:1.0
chungwan:1.0
kim:1.0
subject:1.0
want:1.0
super:1.6931471805599454
8mm:1.6931471805599454
projector:2.386294361119891
sound:2.09861228866811
keyword:1.0
nntp:1.0
post:1.0
host:1.0
line:1.0
9:1.0
ti:1.0
look:1.0
anybodi:1.0
one:1.0
sale:1.6931471805599454
send:1.0
email:1.0
name:1.0
brand:1.0
condit:1.0
price:1.0
must:1.0
capabl:1.0
danni:1.0
