kardank:1.6931471805599454
ere:1.6931471805599454
umontr:1.6931471805599454
ca:1.6931471805599454
kardan:1.6931471805599454
kaveh:1.6931471805599454
subject:1.0
newsgroup:1.0
split:1.0
organ:1.0
universit:1.0
de:1.0
montreal:1.0
line:1.0
8:1.0
follow:1.0
thread:1.0
appolog:1.0
alreadi:1.0
mention:1.0
tcomp:1.0
graphic:1.0
3d:1.0
