wbdst:1.0
pitt:1.0
edu:1.0
william:1.0
b:1.0
dwinnel:1.0
subject:1.0
diamond:1.6931471805599454
stelth:1.0
24:2.09861228866811
good:1.6931471805599454
organ:1.0
univers:1.0
pittsburgh:1.0
line:1.0
4:1.0
market:1.0
bit:1.0
graphic:1.0
card:1.0
pc:1.0
isa:1.0
bu:1.0
wonder:1.0
anyon:1.0
comment:1.0
bad:1.0
otherwis:1.0
regard:1.0
stealth:1.0
