dgf1:2.09861228866811
quad:1.0
uchicago:2.09861228866811
edu:2.09861228866811
david:2.09861228866811
farley:1.6931471805599454
subject:1.0
photoshop:2.09861228866811
window:2.791759469228055
repli:1.0
midway:1.6931471805599454
organ:1.0
univers:1.6931471805599454
chicago:2.09861228866811
line:1.0
25:1.0
articl:1.0
c5uhim:1.0
jfq:1.0
rot:2.09861228866811
qc:2.09861228866811
ca:2.09861228866811
beaver:1.6931471805599454
andr:1.6931471805599454
boivert:1.0
write:1.0
look:1.0
comment:1.6931471805599454
peopl:1.0
use:1.6931471805599454
heard:1.6931471805599454
good:1.0
compar:1.0
mac:2.09861228866811
version:2.386294361119891
lot:1.0
bug:1.0
need:1.0
fine:1.0
tune:1.0
would:1.6931471805599454
greatli:1.0
appreci:1.0
thank:1.0
boisvert:1.0
review:1.0
either:1.0
pc:1.0
week:1.6931471805599454
info:1.0
world:1.0
said:1.0
consider:1.0
slower:1.0
comparison:1.0
photostyl:1.0
librari:1.0
312:1.0
702:1.0
3426:1.0
1100:1.0
east:1.0
57th:1.0
street:1.0
jrl:1.0
210:1.0
illinoi:1.0
60637:1.0
