td:1.0
alic:1.6931471805599454
att:1.0
com:1.0
tom:1.0
duff:1.0
subject:1.0
tiff:1.0
philosoph:1.0
signific:1.0
42:1.6931471805599454
articl:1.0
25335:1.0
organ:1.0
bell:1.0
laboratori:1.0
murray:1.0
hill:1.0
nj:1.0
line:1.0
3:1.0
ulrich:1.0
galki:1.0
toppoint:1.0
de:1.0
wrote:1.0
anyon:1.0
suggest:1.0
came:1.0
forti:1.0
two:1.0
six:1.0
time:1.0
nine:1.0
