wdm:1.6931471805599454
world:1.6931471805599454
std:1.6931471805599454
com:1.6931471805599454
wayn:2.09861228866811
michael:1.6931471805599454
subject:1.0
adob:2.09861228866811
photo:2.09861228866811
shop:2.09861228866811
type:1.6931471805599454
softwar:2.09861228866811
unix:2.09861228866811
x:2.09861228866811
motif:2.09861228866811
platform:2.09861228866811
summari:1.0
search:1.6931471805599454
keyword:1.0
imag:1.6931471805599454
enhanc:1.6931471805599454
organ:1.0
n:1.0
line:1.0
19:1.0
hello:1.0
qualiti:1.0
manipul:1.0
packag:1.0
compar:1.0
mac:1.0
abl:1.0
find:1.0
would:2.09861228866811
appreci:1.0
inform:1.0
product:1.0
could:1.0
provid:1.0
particularli:1.0
interest:1.6931471805599454
run:1.0
hp:1.0
sun:1.0
workstat:1.0
requir:1.0
special:1.0
add:1.0
hardwar:1.0
also:1.0
solut:1.0
thank:1.0
