rytg7:1.6931471805599454
fel:1.6931471805599454
tno:2.09861228866811
nl:1.6931471805599454
q:1.0
van:1.6931471805599454
rijt:1.6931471805599454
subject:1.0
sphere:2.386294361119891
4:2.09861228866811
point:1.6931471805599454
organ:1.0
physic:1.0
electron:1.0
laboratori:1.0
line:1.0
26:1.0
anoth:1.0
use:1.0
method:1.0
base:1.0
least:1.6931471805599454
sqyar:1.0
estim:1.0
equat:1.6931471805599454
paramet:2.09861228866811
x:3.0794415416798357
z:2.9459101490553135
spheric:1.0
surfac:1.0
radiu:1.6931471805599454
r:2.386294361119891
center:1.6931471805599454
b:2.791759469228055
c:3.0794415416798357
written:1.0
2:3.8903717578961645
rewritten:1.0
follow:1.0
form:1.0
2ax:1.0
2bi:1.0
2cz:1.0
approxim:1.0
left:1.0
hand:1.0
part:1.0
f:1.6931471805599454
p1:2.09861228866811
p2:1.6931471805599454
p3:1.6931471805599454
p4:2.09861228866811
1:1.0
datapoint:1.0
determin:1.0
minimis:1.0
averag:1.0
error:1.0
numer:1.0
recip:1.0
found:1.0
algorithm:1.0
solv:1.6931471805599454
best:1.0
fit:1.0
sqrt:1.0
last:1.0
estin:1.0
problem:1.0
situat:1.0
think:1.0
quick:1.0
