cs60805:1.0
basin04:1.0
cac:1.0
usl:1.0
edu:1.0
rao:1.0
koganti:1.0
srinivasa:1.0
subject:1.0
polygon:2.09861228866811
fill:2.09861228866811
routin:2.09861228866811
need:1.0
organ:1.0
center:1.0
advanc:1.6931471805599454
comput:1.0
studi:1.0
line:1.0
18:1.0
hi:1.0
ti:1.0
look:1.0
tsimpl:1.0
4:1.0
side:1.0
tcan:1.0
one:1.0
c:1.0
help:1.0
tsave:1.0
reinvent:1.0
time:1.0
tthanx:1.0
trao:1.0
