morley:2.386294361119891
suncad:1.6931471805599454
camosun:2.6094379124341005
bc:2.09861228866811
ca:2.09861228866811
mark:2.09861228866811
subject:1.0
medic:1.6931471805599454
imag:1.0
via:1.0
gopher:1.6931471805599454
nntp:1.0
post:1.6931471805599454
host:1.0
organ:1.0
colleg:1.6931471805599454
victoria:1.6931471805599454
b:1.6931471805599454
c:1.6931471805599454
canada:1.6931471805599454
x:1.0
newsread:1.0
tin:1.0
1:1.6931471805599454
pl4:1.0
line:1.0
11:1.0
day:1.0
back:1.0
someon:1.6931471805599454
info:1.0
site:1.0
could:1.6931471805599454
search:1.0
graphic:1.0
etc:1.0
plea:1.0
repost:1.0
mail:1.0
copi:1.0
greatli:1.0
appreci:1.0
thank:1.0
unix:1.0
sun:1.0
manag:1.0
net:1.0
interurban:1.6931471805599454
campu:1.0
tel:1.0
604:1.6931471805599454
370:1.6931471805599454
4601:1.0
4461:1.0
road:1.0
room:1.0
143:1.0
tech:1.0
fax:1.0
3660:1.0
v8x:1.0
3x1:1.0
