gmt:1.0
beach:1.6931471805599454
ci:2.09861228866811
ufl:1.6931471805599454
edu:1.6931471805599454
gari:1.6931471805599454
mctaggart:1.0
subject:1.0
3d:2.09861228866811
anim:1.6931471805599454
studio:1.6931471805599454
file:1.6931471805599454
format:1.6931471805599454
organ:1.0
univ:1.0
florida:1.0
dept:1.0
line:1.0
7:1.0
distribut:1.0
world:1.0
nntp:1.0
post:1.0
host:1.0
autodesk:1.0
avail:1.0
thank:1.0
plea:1.0
respond:1.0
email:1.0
hell:1.0
time:1.0
keep:1.0
news:1.0
