subject:1.0
xlib:2.09861228866811
24:1.0
bit:1.0
display:2.386294361119891
info:1.0
need:1.6931471805599454
sl0pr:2.09861228866811
riverdal:2.09861228866811
enet:1.6931471805599454
dec:1.6931471805599454
com:1.6931471805599454
869883:1.6931471805599454
thakkar:1.6931471805599454
rahul:2.386294361119891
chandrak:1.6931471805599454
repli:1.0
distribut:1.0
world:1.0
organ:1.0
digit:1.0
equip:1.0
corpor:1.0
keyword:1.0
nntp:1.0
post:1.0
host:1.0
declab:1.0
usu:2.09861228866811
edu:1.6931471805599454
line:1.0
23:1.0
hi:1.0
name:1.0
m:1.0
logan:1.0
queri:1.0
ti:1.0
hp:1.6931471805599454
workstat:1.0
seri:1.0
400:1.0
x:1.6931471805599454
run:1.0
true:2.791759469228055
color:3.3978952727983707
24bit:1.0
monitor:2.09861228866811
connect:1.0
machin:1.0
normal:1.0
capabl:1.0
256:2.09861228866811
max:1.6931471805599454
16:1.6931471805599454
7:1.6931471805599454
million:1.6931471805599454
sinc:1.0
see:1.6931471805599454
time:1.0
que:1.6931471805599454
facil:1.6931471805599454
c:1.0
function:1.6931471805599454
call:1.6931471805599454
enabl:1.0
specifi:1.0
rgb:1.0
combin:1.0
screen:1.0
use:1.6931471805599454
xstorecolor:1.0
set:1.0
pallett:1.0
way:1.0
imag:2.09861228866811
gener:1.6931471805599454
ray:1.0
trace:1.0
inde:1.0
pain:1.0
limit:1.0
besid:1.0
system:1.0
without:1.0
quantif:1.0
plea:1.0
anyon:1.0
help:1.0
oblig:1.0
cc:1.0
