aron:1.6931471805599454
tikal:1.6931471805599454
ced:1.6931471805599454
berkeley:2.09861228866811
edu:2.386294361119891
bonar:1.0
subject:1.0
photoshop:2.6094379124341005
window:2.791759469228055
organ:1.0
univers:1.0
california:1.0
line:1.0
26:1.0
distribut:1.0
world:1.6931471805599454
nntp:1.0
post:1.0
host:1.0
articl:1.6931471805599454
1993apr22:1.0
011720:1.0
28958:1.0
midway:1.0
uchicago:1.6931471805599454
dgf1:1.0
quad:1.0
david:1.6931471805599454
farley:1.0
write:1.6931471805599454
c5uhim:1.0
jfq:1.0
rot:2.09861228866811
qc:2.09861228866811
ca:2.09861228866811
beaver:1.6931471805599454
andr:1.6931471805599454
boivert:1.0
look:1.0
comment:1.6931471805599454
peopl:1.0
use:2.09861228866811
heard:1.6931471805599454
good:1.0
compar:1.0
mac:2.09861228866811
version:2.386294361119891
lot:1.0
bug:1.0
need:1.0
fine:1.0
tune:1.0
would:1.6931471805599454
greatli:1.0
appreci:1.0
thank:1.0
boisvert:1.0
review:1.0
either:1.0
pc:1.0
week:1.6931471805599454
info:1.0
said:1.0
consider:1.0
slower:1.0
comparison:1.0
photostyl:1.0
know:1.0
2:1.0
5:1.0
486dx:1.0
50:1.0
quadra:1.6931471805599454
950:1.0
say:1.0
roughli:1.0
equal:1.0
anyth:1.0
486:1.0
faster:1.0
system:1.0
run:1.0
24:1.0
bit:1.0
color:1.0
amount:1.0
ram:1.0
16:1.0
meg:1.0
also:1.0
believ:1.0
one:1.0
acceler:1.0
