inu530n:2.09861228866811
lindblat:1.6931471805599454
cc:2.09861228866811
monash:2.386294361119891
edu:2.09861228866811
au:2.09861228866811
rachmat:1.0
subject:1.0
fractal:2.09861228866811
compress:1.6931471805599454
summari:1.0
look:1.0
good:1.0
refer:1.6931471805599454
keyword:1.0
organ:1.0
univers:1.0
melb:1.0
australia:1.0
line:1.0
6:1.0
hi:1.0
anybodi:1.0
give:1.6931471805599454
book:1.0
titl:1.0
start:1.0
imag:1.0
techniqu:1.0
help:1.0
appreci:1.0
thanx:1.0
aurora:1.0
