st:2.9459101490553135
mfltd:2.791759469228055
co:2.791759469228055
uk:2.791759469228055
steve:2.386294361119891
sherwood:1.6931471805599454
x5543:1.6931471805599454
subject:1.0
virtual:1.0
realiti:1.0
x:1.0
cheap:1.0
repli:1.0
organ:1.0
micro:2.09861228866811
focu:2.09861228866811
ltd:1.0
newburi:2.09861228866811
england:2.09861228866811
line:1.0
39:1.0
articl:1.6931471805599454
1r6v3a:1.0
rj2:1.0
fg1:1.0
plk:1.6931471805599454
af:1.6931471805599454
mil:1.6931471805599454
ridout:1.6931471805599454
bink:1.0
brian:1.6931471805599454
write:1.6931471805599454
1993apr15:1.0
134802:1.0
21995:1.0
anyon:1.0
got:1.0
multivers:1.0
work:1.6931471805599454
built:1.6931471805599454
486:1.0
svr4:1.6931471805599454
mip:1.0
sun:1.0
sparcstat:1.0
seem:1.0
mani:1.0
bug:1.6931471805599454
dogfight:1.6931471805599454
dactyl:1.0
simpli:1.0
noth:1.0
fix:1.0
variabl:1.0
defin:1.0
twice:1.0
two:1.0
differ:1.0
modul:1.0
one:1.0
need:2.09861228866811
set:1.0
static:1.0
el:1.0
client:1.0
core:1.0
dump:1.0
extn:1.6931471805599454
5543:1.6931471805599454
uunet:1.6931471805599454
mfocu:1.6931471805599454
like:1.6931471805599454
pariah:1.6931471805599454
name:1.6931471805599454
rm:1.6931471805599454
rf:1.6931471805599454
26:1.6931471805599454
west:1.6931471805599454
street:1.6931471805599454
live:1.6931471805599454
blaze:1.6931471805599454
obscur:1.6931471805599454
rum:1.6931471805599454
ruff:1.6931471805599454
splat:1.6931471805599454
courag:1.6931471805599454
surviv:1.6931471805599454
day:1.6931471805599454
berkshir:1.6931471805599454
bort:1.6931471805599454
r:1.6931471805599454
etri:1.6931471805599454
nfluenc:1.6931471805599454
larg:1.6931471805599454
hammer:1.6931471805599454
rs6000:1.6931471805599454
motif:1.0
machin:1.0
fine:1.0
ad:1.0
object:1.0
could:1.0
get:1.0
use:1.0
fli:1.0
easi:1.0
cool:1.0
compil:1.6931471805599454
forgiv:1.0
think:1.0
mix:1.0
cobol:1.0
pascal:1.0
c:1.0
still:1.0
complain:1.0
