mcavalcanti:1.0
vortex:1.0
ufrg:1.0
br:1.0
uicvm:1.0
uic:1.0
edu:1.6931471805599454
subject:1.0
dtp:1.0
organ:1.0
utexa:1.6931471805599454
mail:1.6931471805599454
news:1.0
gateway:1.0
line:1.0
3:1.0
nntp:1.0
post:1.6931471805599454
host:1.0
c:1.0
plea:1.0
ine:1.0
inform:1.0
desk:1.0
top:1.0
publish:1.0
graduat:1.0
cours:1.0
possibl:1.0
email:1.0
address:1.0
normal:1.0
thank:1.0
advanc:1.0
