jbalgley:1.0
bbn:2.09861228866811
com:1.6931471805599454
jon:1.0
balgley:1.0
subject:1.0
hidden:2.09861228866811
line:2.386294361119891
remov:1.6931471805599454
program:2.09861228866811
organ:1.0
bolt:1.0
beranek:1.0
newman:1.0
11:1.0
nntp:1.0
post:1.6931471805599454
host:1.0
lab:1.0
n:1.0
friend:1.0
immedi:1.0
need:1.6931471805599454
polygon:1.0
base:1.0
deal:1.0
input:1.0
output:1.0
format:1.0
abl:1.6931471805599454
perspect:1.0
view:1.0
orient:1.0
rang:1.0
public:1.0
domain:1.0
around:1.0
seem:1.0
like:1.0
locat:1.0
one:1.0
email:1.0
repli:1.0
summar:1.0
thank:1.0
