dgf1:2.386294361119891
elli:1.0
uchicago:2.6094379124341005
edu:2.9459101490553135
david:2.6094379124341005
farley:2.09861228866811
subject:1.0
photoshop:2.6094379124341005
window:2.791759469228055
repli:1.0
midway:2.09861228866811
organ:1.0
univers:1.6931471805599454
chicago:2.09861228866811
line:1.0
37:1.0
articl:2.09861228866811
1r85m2:1.0
k66:1.0
agat:1.0
berkeley:1.6931471805599454
aron:1.6931471805599454
tikal:1.0
ced:1.0
bonar:1.0
write:2.09861228866811
1993apr22:1.0
011720:1.0
28958:1.0
quad:1.0
c5uhim:1.0
jfq:1.0
rot:2.09861228866811
qc:2.09861228866811
ca:2.09861228866811
beaver:1.6931471805599454
andr:1.6931471805599454
boivert:1.0
look:1.6931471805599454
comment:1.6931471805599454
peopl:1.0
use:2.09861228866811
heard:1.6931471805599454
good:1.0
compar:1.0
mac:2.09861228866811
version:2.386294361119891
lot:1.0
bug:1.0
need:1.0
fine:1.0
tune:1.0
would:1.6931471805599454
greatli:1.0
appreci:1.0
thank:1.0
boisvert:1.0
review:1.6931471805599454
either:1.0
pc:1.0
week:1.6931471805599454
info:1.0
world:1.0
said:1.0
consider:1.0
slower:1.0
comparison:1.0
photostyl:1.0
know:1.0
2:1.0
5:1.0
486dx:1.0
50:1.0
quadra:1.6931471805599454
950:1.0
say:1.0
roughli:1.0
equal:1.0
anyth:1.0
486:1.0
faster:1.0
system:1.0
run:1.0
24:1.0
bit:1.0
color:1.0
amount:1.0
ram:1.0
16:1.0
meg:1.6931471805599454
also:1.0
believ:1.0
one:1.0
acceler:1.0
went:1.0
back:1.0
claim:1.0
signific:1.0
differ:1.0
manipul:1.0
27:1.0
test:1.0
file:1.6931471805599454
smaller:1.0
two:1.0
platform:1.0
librari:1.0
312:1.0
702:1.0
3426:1.0
1100:1.0
east:1.0
57th:1.0
street:1.0
jrl:1.0
210:1.0
illinoi:1.0
60637:1.0
