ldaw:1.6931471805599454
uahcs2:1.6931471805599454
c:1.6931471805599454
uah:1.6931471805599454
edu:1.6931471805599454
lisa:1.6931471805599454
daw:1.6931471805599454
subject:1.0
gif:1.0
aerial:1.6931471805599454
map:1.6931471805599454
repli:1.0
organ:1.0
comput:1.0
scienc:1.0
dept:1.0
univ:1.0
alabama:1.0
huntsvil:1.0
line:1.0
5:1.0
ftp:1.0
site:1.0
u:1.0
prefer:1.0
photograph:1.0
thank:1.0
