pinki:1.6931471805599454
tamu:2.09861228866811
edu:2.09861228866811
man:1.0
behind:1.0
curtain:1.0
subject:1.0
view:1.0
isomorph:1.6931471805599454
perspect:2.791759469228055
organ:1.0
texa:1.0
univers:1.0
line:3.302585092994046
87:1.0
nntp:1.0
post:1.0
host:1.0
tamsun:1.0
keyword:1.0
work:1.0
upon:1.0
game:1.0
use:2.6094379124341005
isometr:1.0
similar:1.6931471805599454
popul:1.0
basic:1.0
look:2.09861228866811
room:1.6931471805599454
follow:1.6931471805599454
xxxx:4.178053830347945
xxxxx:1.0
x:3.302585092994046
2:2.9459101490553135
1:3.1972245773362196
3:2.791759469228055
good:1.0
thing:1.0
move:2.09861228866811
around:1.0
three:1.0
dimens:1.0
still:1.0
maintain:1.0
peripher:1.0
vision:1.0
sinc:1.6931471805599454
viewpoint:1.0
alway:1.0
routin:2.09861228866811
hard:1.0
code:1.6931471805599454
particular:1.0
vantag:1.0
case:1.0
wall:2.9459101490553135
two:1.6931471805599454
rise:1.0
edg:1.0
slope:1.6931471805599454
4:2.6094379124341005
also:1.0
mode:1.0
320x240:1.0
run:1.0
problem:2.09861228866811
sure:1.0
reader:1.0
tri:1.6931471805599454
perhap:1.6931471805599454
formul:1.0
opinion:1.0
draw:2.6094379124341005
trivial:1.0
ran:1.0
pack:1.0
planar:1.6931471805599454
imag:1.6931471805599454
dismay:1.0
jaggi:1.0
consid:1.0
anti:1.0
alias:1.0
speed:1.0
realli:1.0
necessari:1.6931471805599454
worth:1.0
effort:1.0
artist:1.0
alreadi:1.6931471805599454
skew:1.6931471805599454
thu:1.0
assur:1.0
nice:1.0
much:1.0
burden:1.0
present:1.0
algorithm:1.0
tend:1.0
overli:1.0
distort:1.6931471805599454
origin:1.6931471805599454
decid:1.6931471805599454
paper:1.0
pixel:2.09861228866811
go:1.0
fail:1.0
anyon:1.6931471805599454
come:1.6931471805599454
method:1.0
map:1.0
crosswis:1.0
shear:1.0
shape:1.6931471805599454
current:1.0
take:1.0
5:1.6931471805599454
6:1.6931471805599454
7:1.6931471805599454
8:1.6931471805599454
9:1.6931471805599454
10:1.6931471805599454
11:1.6931471805599454
12:1.6931471805599454
13:1.6931471805599454
14:1.6931471805599454
15:1.6931471805599454
16:1.6931471805599454
17:1.6931471805599454
18:1.6931471805599454
19:1.6931471805599454
20:1.6931471805599454
21:1.6931471805599454
22:1.6931471805599454
23:1.6931471805599454
24:1.6931471805599454
25:1.6931471805599454
26:1.6931471805599454
27:1.6931471805599454
28:1.6931471805599454
29:1.6931471805599454
30:1.6931471805599454
31:1.6931471805599454
32:1.6931471805599454
33:1.6931471805599454
34:1.6931471805599454
35:1.6931471805599454
36:1.6931471805599454
37:1.6931471805599454
38:1.6931471805599454
39:1.6931471805599454
40:1.6931471805599454
41:1.6931471805599454
42:1.6931471805599454
43:1.6931471805599454
44:1.6931471805599454
45:1.6931471805599454
46:1.6931471805599454
47:1.6931471805599454
48:1.6931471805599454
49:1.6931471805599454
50:1.6931471805599454
51:1.6931471805599454
52:1.6931471805599454
53:1.6931471805599454
54:1.6931471805599454
55:1.6931471805599454
56:1.6931471805599454
57:1.6931471805599454
58:1.6931471805599454
59:1.6931471805599454
60:1.6931471805599454
61:1.6931471805599454
62:1.6931471805599454
63:1.6931471805599454
64:1.6931471805599454
produc:1.0
directli:1.0
left:1.0
fill:1.0
exactli:1.0
without:1.0
unfil:1.0
caus:1.6931471805599454
better:1.0
way:1.0
simpli:1.0
bitmap:1.0
particularli:1.0
sticki:1.0
plan:1.0
hidden:1.0
plane:1.0
remov:1.0
z:1.6931471805599454
buffer:1.0
locat:1.0
store:1.0
form:1.0
notic:1.0
top:1.0
parallel:1.0
bottom:1.0
appear:1.6931471805599454
optic:1.0
illus:1.0
ie:1.6931471805599454
either:1.0
insid:1.0
outsid:1.0
cube:1.0
depend:1.0
mood:1.0
vanish:1.0
point:1.0
simplifi:1.0
object:1.6931471805599454
chang:1.6931471805599454
size:1.6931471805599454
approxim:1.0
alright:1.0
small:1.0
displac:1.0
larg:1.0
enough:1.0
distanc:1.0
littl:1.0
appar:1.0
real:1.0
hope:1.0
context:1.0
pictur:1.0
chair:1.0
floor:1.0
torch:1.0
hang:1.0
dispel:1.0
visual:1.0
ambigu:1.0
thank:1.0
advanc:1.0
help:1.0
till:1.0
next:1.0
time:1.0
v:2.09861228866811
email:1.0
sam:1.0
inala:1.0
