chri:2.791759469228055
sarah:2.09861228866811
lerc:2.386294361119891
nasa:2.791759469228055
gov:2.386294361119891
johnston:2.09861228866811
subject:1.0
3d:2.09861228866811
studio:2.09861228866811
v2:1.0
01:2.09861228866811
differ:1.6931471805599454
previou:1.0
version:1.6931471805599454
organ:1.0
lewi:1.6931471805599454
research:1.6931471805599454
center:1.6931471805599454
cleveland:1.6931471805599454
oh:1.6931471805599454
line:1.0
13:1.0
distribut:1.0
world:1.0
repli:1.0
nntp:1.0
post:1.0
host:1.0
looney:1.0
keyword:1.0
2:2.09861228866811
understand:1.0
00:1.0
mainli:1.0
ipa:1.6931471805599454
interfac:1.0
along:1.0
small:1.0
bug:1.0
fix:1.0
code:1.0
run:1.0
lot:1.0
faster:1.0
newest:1.0
216:1.6931471805599454
433:1.6931471805599454
5029:1.0
materi:1.0
engin:1.0
5033:1.0
internet:1.0
21000:1.0
brookpark:1.0
rd:1.0
m:1.0
105:1.0
1:1.0
4413:1.0
usa:1.0
tresist:1.0
futil:1.0
