gwang:1.0
magnu:1.6931471805599454
ac:1.6931471805599454
ohio:2.09861228866811
state:2.09861228866811
edu:1.6931471805599454
ge:1.6931471805599454
wang:1.0
subject:1.0
packag:1.6931471805599454
fashion:1.6931471805599454
design:1.6931471805599454
nntp:1.0
post:1.0
host:1.0
bottom:1.0
organ:1.0
univers:1.0
line:1.0
3:1.0
hello:1.0
look:1.0
commerci:1.0
softwar:1.0
profession:1.0
recommend:1.0
pointer:1.0
greatli:1.0
appreci:1.0
plea:1.0
e:1.0
mail:1.0
may:1.0
thank:1.0
million:1.0
