news:1.6931471805599454
magnu:1.6931471805599454
ac:1.6931471805599454
ohio:2.09861228866811
state:2.09861228866811
edu:1.6931471805599454
subject:1.0
packag:1.0
fashion:1.0
design:1.0
nntp:1.0
post:1.0
host:1.0
bottom:1.0
organ:1.0
univers:1.0
line:1.0
1:1.0
articl:1.0
probabl:1.0
gener:1.0
buggi:1.0
reader:1.0
