eeerik:1.6931471805599454
cc:1.6931471805599454
newcastl:2.386294361119891
edu:1.6931471805599454
au:1.6931471805599454
subject:1.0
color:2.6094379124341005
palett:1.6931471805599454
256:2.09861228866811
vga:1.6931471805599454
rainbow:1.6931471805599454
organ:1.0
univers:1.0
australia:1.6931471805599454
line:1.0
11:1.0
anybodi:1.0
know:1.0
calcul:1.0
rgb:1.0
valu:1.0
requir:1.0
set:1.0
0:1.0
255:1.0
give:1.0
ie:1.0
red:1.0
orang:1.0
yellow:1.0
etc:1.0
help:1.0
would:1.0
appreci:1.0
plea:1.0
email:1.0
erik:1.0
de:1.0
castro:1.0
lopo:1.0
dept:1.0
electr:1.0
comput:1.0
eng:1.0
uni:1.0
