alex:2.386294361119891
falcon:2.09861228866811
demon:2.09861228866811
co:2.09861228866811
uk:2.09861228866811
kiernan:1.6931471805599454
subject:1.0
scf:1.6931471805599454
file:2.386294361119891
help:1.0
need:1.0
distribut:1.0
world:1.0
organ:1.0
di:1.6931471805599454
organis:1.0
repli:1.0
x:1.0
newsread:1.0
simpl:1.0
news:1.0
1:1.6931471805599454
90:1.0
ka9q:1.0
21:1.0
line:1.0
14:1.0
articl:1.0
1993apr22:1.0
123832:1.0
23894:1.0
daimi:1.6931471805599454
aau:1.6931471805599454
dk:1.6931471805599454
ru:1.0
write:1.0
rix:1.6931471805599454
extens:1.0
sci:1.0
raw:1.0
256:1.0
color:1.0
palett:1.0
stuff:1.0
delet:1.0
regard:1.0
thoma:1.0
happen:1.0
know:1.0
sco:1.0
akiernan:1.0
