club:1.6931471805599454
spektr:1.6931471805599454
msk:1.6931471805599454
su:1.6931471805599454
koltovoy:1.0
nikolay:1.0
alexeevich:1.0
subject:1.0
news:1.0
list:1.6931471805599454
imag:3.833213344056216
process:2.386294361119891
system:1.6931471805599454
distribut:1.0
eunet:1.0
repli:1.0
organ:1.0
moscow:1.6931471805599454
scientif:1.6931471805599454
industri:1.0
as:1.0
spectrum:1.6931471805599454
line:2.09861228866811
137:1.0
inductri:1.0
associ:1.0
offer:1.0
videoscan:2.09861228866811
vision:1.0
pc:2.386294361119891
wich:1.0
includ:2.9459101490553135
softwar:1.6931471805599454
set:1.0
control:3.3978952727983707
support:1.0
famili:1.6931471805599454
program:1.0
kit:2.09861228866811
develop:1.0
200:1.0
differ:1.6931471805599454
function:2.09861228866811
work:2.386294361119891
interact:1.0
regim:1.6931471805599454
help:1.0
non:1.0
profession:1.0
user:2.386294361119891
next:1.0
possibl:3.0794415416798357
input:3.4849066497880004
frame:2.386294361119891
board:1.6931471805599454
read:1.0
white:2.386294361119891
disk:1.0
print:1.0
printer:1.0
make:1.6931471805599454
arithmet:1.6931471805599454
2:2.09861228866811
filter:1.0
gistogramm:1.0
edit:1.0
exe:1.0
modul:1.0
vs9:1.0
v:1.6931471805599454
9:1.6931471805599454
load:2.386294361119891
tv:2.791759469228055
allow:2.386294361119891
one:2.09861228866811
fragment:1.0
field:1.0
724x600:1.0
pixel:2.9459101490553135
clock:1.6931471805599454
rate:1.6931471805599454
14:1.0
7:1.6931471805599454
mhz:2.09861228866811
512:2.6094379124341005
4:2.09861228866811
256:3.0794415416798357
provid:1.0
equal:1.0
size:2.09861228866811
horizont:1.0
vertic:1.0
direct:1.0
number:2.09861228866811
gray:2.09861228866811
level:2.09861228866811
mode:1.0
video:2.791759469228055
signal:3.302585092994046
captur:1.6931471805599454
time:2.09861228866811
5:1.0
vs52:1.0
purpos:1.0
enter:1.0
ibm:1.0
machin:1.0
type:1.0
creat:1.6931471805599454
base:1.6931471805599454
modern:1.6931471805599454
element:1.6931471805599454
programm:1.6931471805599454
gate:1.6931471805599454
array:1.6931471805599454
digit:2.386294361119891
resolut:2.386294361119891
flexibl:1.0
architectur:1.0
chang:1.6931471805599454
technic:2.09861228866811
paramet:1.6931471805599454
instead:1.0
analog:1.6931471805599454
slow:2.09861228866811
speed:1.0
scan:1.6931471805599454
devic:1.0
follow:1.6931471805599454
characterist:1.6931471805599454
memori:2.386294361119891
volum:2.386294361119891
k:1.0
mb:1.6931471805599454
standard:1.0
64x64:1.0
1024x512:1.0
2048x1024:1.6931471805599454
40:1.0
m:1.0
maximum:1.0
screen:1.0
2mb:1.0
30:1.0
multiplex:1.6931471805599454
output:2.386294361119891
lookup:1.6931471805599454
tabl:1.6931471805599454
lut:1.0
realiz:1.6931471805599454
scroll:1.0
zoom:1.0
8:2.09861228866811
extern:1.6931471805599454
synchron:1.0
use:1.0
electron:1.6931471805599454
adjust:1.6931471805599454
black:2.09861228866811
refer:1.6931471805599454
convert:1.0
color:1.6931471805599454
rgb:1.0
monitor:1.0
reprogram:1.0
processor:2.386294361119891
vs100:1.6931471805599454
real:1.0
logic:1.0
oper:1.0
two:1.0
design:1.0
write:1.0
format:1.0
accumul:1.0
16:1.0
64:1.0
adc:1.0
8192:1.6931471805599454
sourc:1.0
