merlin:1.6931471805599454
neuro:1.6931471805599454
usc:1.6931471805599454
edu:1.6931471805599454
subject:1.0
tom:1.6931471805599454
gaskin:1.6931471805599454
pexlib:1.6931471805599454
v:1.6931471805599454
phig:1.6931471805599454
program:2.09861228866811
manual:2.09861228866811
reilli:1.0
organ:1.0
univers:2.09861228866811
southern:1.6931471805599454
california:1.6931471805599454
lo:1.6931471805599454
angel:1.6931471805599454
ca:1.6931471805599454
line:1.0
24:1.0
nntp:1.0
post:1.0
host:1.0
could:1.0
someon:1.0
explain:1.0
differ:1.0
two:1.0
book:2.09861228866811
would:1.6931471805599454
want:1.0
buy:1.0
one:1.0
80386:1.0
run:1.0
sco:1.0
unix:1.0
x11r4:1.0
desktop:1.0
sun:1.0
iv:1.0
360:1.0
lab:1.0
access:1.0
varieti:1.0
system:1.0
alliant:1.0
fx:1.0
2800:1.0
cray:1.0
mp:1.0
network:1.6931471805599454
mostli:1.0
like:1.0
3d:1.0
model:1.0
visual:1.0
rat:1.0
rabbit:1.0
monkey:1.0
human:1.0
brain:1.0
structur:1.0
thank:1.0
aj:1.0
alexand:1.0
jame:1.0
annala:1.0
princip:1.0
investig:1.0
neurosci:1.6931471805599454
imag:1.0
analysi:1.0
hedco:1.0
build:1.0
fifth:1.0
floor:1.0
park:1.0
90089:1.0
2520:1.0
