jami:1.6931471805599454
genesi:1.0
mc:2.09861228866811
com:2.09861228866811
jame:1.0
r:1.0
grove:1.0
subject:1.0
ftp:1.0
targa:1.6931471805599454
organ:1.0
mcsnet:1.0
contributor:1.0
chicago:1.0
il:1.0
line:1.0
5:1.0
distribut:1.0
world:1.0
nntp:1.0
post:1.0
host:1.0
localhost:1.0
look:1.0
softwar:1.0
run:1.0
brand:1.0
new:1.0
16:1.0
32:1.0
anyon:1.0
know:1.6931471805599454
site:1.0
use:1.0
stuff:1.0
want:1.0
give:1.0
let:1.0
via:1.0
mail:1.0
thank:1.0
lot:1.0
yayayay:1.0
ddsw1:1.0
