danj:1.6931471805599454
welchgat:1.6931471805599454
welch:2.386294361119891
jhu:2.09861228866811
edu:2.09861228866811
dan:1.6931471805599454
jacobson:1.6931471805599454
subject:1.0
ftp:2.791759469228055
achiv:1.0
usg:3.1972245773362196
terrain:2.09861228866811
data:3.8903717578961645
organ:1.0
john:2.09861228866811
hopkin:1.6931471805599454
univ:1.6931471805599454
medic:1.0
librari:1.0
line:1.0
123:1.0
diablo:1.0
uucp:1.0
cboesel:1.0
charl:1.0
boesel:1.0
write:1.6931471805599454
archiv:2.6094379124341005
unit:1.0
state:1.0
geolog:1.6931471805599454
servic:1.0
point:1.6931471805599454
gopher:2.09861228866811
client:1.0
merlot:1.0
select:2.09861228866811
follow:1.6931471805599454
directori:2.09861228866811
13:1.0
search:4.218875824868201
retriev:1.6931471805599454
softwar:3.4849066497880004
8:1.0
graphic:3.995732273553991
see:1.0
1:1.6931471805599454
onlin:1.6931471805599454
bibliographi:1.6931471805599454
acm:1.6931471805599454
siggraph:1.6931471805599454
2:2.386294361119891
site:2.386294361119891
3:2.386294361119891
inform:3.0794415416798357
4:2.386294361119891
comp:2.386294361119891
faq:3.0794415416798357
5:2.386294361119891
resourc:2.386294361119891
6:2.386294361119891
pictur:2.09861228866811
util:2.09861228866811
bibliograph:1.0
databas:1.6931471805599454
cover:1.0
literatur:1.0
hundr:1.0
year:1.0
serv:1.0
hole:1.0
austria:1.0
link:1.0
70:1.0
around:1.0
world:1.0
comput:1.6931471805599454
use:1.6931471805599454
companion:1.0
found:1.0
toward:1.0
variou:1.0
place:1.6931471805599454
contain:1.6931471805599454
wealth:1.0
techniqu:1.0
etc:1.0
simpli:1.0
let:2.09861228866811
frequent:1.6931471805599454
ask:1.6931471805599454
question:1.6931471805599454
newsgroup:1.6931471805599454
compil:1.6931471805599454
griegg:1.0
jpl:1.0
grpahic:1.0
list:1.0
provid:1.0
nick:1.0
foti:1.0
nation:1.0
technic:1.0
athen:1.0
alt:1.0
binari:1.0
pixutil:1.0
jim:1.0
howard:1.0
cadenc:1.0
find:1.6931471805599454
avail:2.09861228866811
might:1.0
interest:1.0
12:1.0
cartograph:1.0
xerox:1.0
42:1.0
mapgen:1.0
plotgen:1.0
68:1.6931471805599454
weekli:1.0
seismic:1.0
report:1.0
includ:1.0
map:1.6931471805599454
gif:1.0
earth:1.0
scienc:1.0
actual:1.0
could:1.0
prove:1.0
quit:1.0
one:1.0
look:1.0
anonym:1.0
moment:1.0
u:1.0
survey:1.0
isdr:1.0
er:1.0
gov:1.0
130:1.0
11:1.0
48:1.0
never:1.0
heard:1.0
worri:1.0
free:1.0
net:1.0
note:1.0
like:1.0
get:1.0
start:1.0
best:1.0
luck:1.0
univers:1.0
