yoo:2.09861228866811
engr:1.6931471805599454
ucf:1.6931471805599454
edu:1.6931471805599454
hoi:1.6931471805599454
subject:1.0
look:1.0
usa:1.6931471805599454
map:1.6931471805599454
organ:1.0
engin:1.0
univers:1.0
central:1.0
florida:1.0
orlando:1.0
line:1.6931471805599454
11:1.0
anyon:1.0
know:1.0
draw:1.0
thank:1.0
much:1.0
advanc:1.0
