csc3phx:1.6931471805599454
vaxa:1.0
hofstra:1.6931471805599454
edu:1.6931471805599454
subject:1.0
color:2.09861228866811
problem:1.0
line:1.0
8:1.0
scan:1.0
imag:1.0
look:1.0
fine:1.0
screen:1.0
convert:1.0
pcx:1.0
bmp:1.0
gif:1.0
file:1.0
get:1.0
m:1.0
window:1.0
got:1.0
much:1.0
lighter:1.0
exampl:1.0
yellow:1.0
becam:1.0
white:1.0
idea:1.0
thank:1.0
dan:1.0
vaxc:1.0
