r0506048:2.09861228866811
cml3:1.6931471805599454
chun:1.6931471805599454
hung:1.6931471805599454
lin:1.6931471805599454
subject:1.0
jpeg:1.6931471805599454
file:2.09861228866811
format:1.6931471805599454
nntp:1.0
post:1.0
host:1.0
csie:2.09861228866811
ntu:2.386294361119891
edu:2.09861228866811
tw:2.09861228866811
repli:1.0
organ:1.0
commun:1.6931471805599454
multimedia:1.6931471805599454
lab:1.6931471805599454
taiwan:2.09861228866811
x:1.0
newsread:1.0
tin:1.0
1:1.6931471805599454
pl3:1.0
line:1.0
20:1.0
peterbak:1.0
microsoft:1.0
com:1.0
peter:1.6931471805599454
bako:1.0
write:1.0
could:1.0
find:1.6931471805599454
descript:1.0
jpg:1.6931471805599454
specif:1.0
need:1.0
know:1.0
height:1.0
width:1.0
imag:1.0
perhap:1.0
even:1.0
number:1.0
color:1.0
use:1.0
suggest:1.0
tri:1.0
ftp:1.0
uu:1.0
net:1.0
graphic:1.0
lt:1.0
dept:1.0
comp:1.0
sci:1.0
info:1.0
eng:1.0
nation:1.0
univers:1.0
taipei:1.0
r:1.0
c:1.0
