ajs8:1.6931471805599454
kimbark:1.0
uchicago:1.6931471805599454
edu:1.6931471805599454
adam:1.0
jeremi:1.0
schorr:1.0
subject:1.0
graphic:1.6931471805599454
need:1.0
repli:1.0
midway:1.0
organ:1.0
univers:1.0
chicago:1.0
line:1.0
2:1.0
ti:1.0
look:1.0
clipart:1.0
bmp:1.0
gif:1.0
anyth:1.6931471805599454
relat:1.0
ophthalmolog:1.0
know:1.0
weird:1.0
request:1.0
eyeglass:1.0
contact:1.0
lens:1.0
eye:1.0
would:1.0
greatli:1.0
appreci:1.0
thank:1.0
