rah13:1.6931471805599454
cunixb:2.09861228866811
cc:2.09861228866811
columbia:2.386294361119891
edu:2.09861228866811
robert:1.6931471805599454
holak:1.6931471805599454
subject:1.0
illustr:1.0
autotrac:1.0
poorli:1.0
nntp:1.0
post:1.0
host:1.0
repli:1.0
organ:1.0
univers:1.0
line:1.6931471805599454
3:1.0
sharewar:1.0
graphic:1.0
program:1.0
call:1.0
pman:1.0
filter:1.0
make:1.0
pictur:1.6931471805599454
look:1.0
like:1.0
hand:1.0
draw:1.0
could:1.0
probabl:1.0
convert:1.0
vector:1.0
format:1.0
much:1.0
easier:1.0
corel:1.0
trace:1.0
etc:1.0
