eric:2.6094379124341005
vitiello:2.6094379124341005
tfd:2.09861228866811
coplex:2.09861228866811
com:2.386294361119891
subject:1.0
gif:1.6931471805599454
bmp:1.6931471805599454
repli:1.0
organ:1.0
ky:1.6931471805599454
pc:1.0
user:1.0
group:1.0
louisvil:1.0
502:1.0
423:1.0
8654:1.0
line:1.0
15:1.6931471805599454
saz:1.0
hook:1.0
corp:1.0
mot:1.0
sz:2.09861228866811
anybodi:1.0
know:1.6931471805599454
program:1.6931471805599454
convert:1.6931471805599454
file:1.6931471805599454
ftp:1.6931471805599454
help:1.0
would:1.0
greatli:1.0
appreci:1.0
sure:1.0
great:1.0
sharewar:1.0
graphic:1.0
workshop:1.0
newest:1.0
version:1.0
6:1.0
1:1.6931471805599454
although:1.0
also:1.0
format:1.0
mani:1.0
thing:1.0
r:1.6931471805599454
c:1.0
v:1.0
ell:1.0
delux:1.0
386:1.0
25:1.0
959sa:1.0
address:1.0
