subject:1.0
convert:1.6931471805599454
bouton:2.09861228866811
gertrud:2.09861228866811
cm:2.09861228866811
udel:2.09861228866811
edu:2.09861228866811
katherin:1.0
repli:1.0
organ:1.0
u:1.0
delawar:1.0
colleg:1.0
marin:1.0
studi:1.0
lew:1.0
nntp:1.0
post:1.0
host:1.0
line:1.0
4:1.0
wonder:1.0
someon:1.0
could:1.6931471805599454
point:1.0
somewher:1.0
find:1.0
list:1.0
hope:1.0
comparison:1.0
day:1.0
seem:1.0
like:1.0
make:1.0
big:1.0
comeback:1.0
sure:1.0
look:1.0
