gwm:1.0
spl1:1.0
spl:1.0
loral:1.6931471805599454
com:1.0
gari:1.0
w:1.0
mahan:1.0
subject:1.0
bmw:1.6931471805599454
worth:1.0
price:1.0
organ:1.0
softwar:1.0
product:1.0
laboratori:1.0
line:1.0
18:1.0
sure:1.0
sound:1.6931471805599454
like:1.6931471805599454
got:1.0
ringer:1.0
325i:2.791759469228055
drove:1.0
definit:1.0
faster:1.0
want:1.6931471805599454
quot:1.6931471805599454
number:1.6931471805599454
aw:1.0
autofil:1.0
show:1.0
0:1.6931471805599454
60:1.6931471805599454
7:1.6931471805599454
4:2.386294361119891
1:2.09861228866811
mile:2.09861228866811
15:2.09861228866811
9:1.6931471805599454
car:1.6931471805599454
driver:1.6931471805599454
figur:1.0
6:1.0
3:1.0
oh:1.0
btw:1.0
rate:1.6931471805599454
1988:1.6931471805599454
2:2.09861228866811
30k:1.0
last:1.0
time:1.6931471805599454
check:1.0
8:1.6931471805599454
automobil:1.0
magazin:1.0
new:1.6931471805599454
16:1.0
gee:1.0
aint:1.0
quotiin:1.0
funner:1.0
dicken:1.0
need:1.0
race:1.0
let:1.0
newer:1.0
version:1.0
someon:1.0
lend:1.0
day:1.0
wont:1.0
hurt:1.0
promis:1.0
know:1.0
addit:1.0
variabl:1.0
valv:1.0
1993:1.0
affect:1.0
take:1.6931471805599454
word:1.6931471805599454
go:1.0
drive:1.0
actual:1.0
refus:1.0
test:1.0
love:1.0
would:1.0
probabl:1.0
buy:1.0
problem:1.0
incom:1.0
support:1.0
