tedebear:1.0
leland:1.0
stanford:1.6931471805599454
edu:2.09861228866811
theodor:1.0
chen:1.0
subject:1.0
toyota:2.386294361119891
wagon:2.6094379124341005
organ:1.0
dsg:1.0
univers:1.0
ca:1.0
94305:1.0
usa:1.0
line:1.0
15:1.0
articl:1.6931471805599454
1993apr5:1.0
213032:1.0
26844:1.0
pmafir:1.6931471805599454
inel:1.6931471805599454
gov:1.6931471805599454
rus:1.6931471805599454
brown:1.0
write:1.6931471805599454
1pq6bl:1.0
9rj:1.0
news:1.0
ysu:1.6931471805599454
ak296:1.0
yfn:1.0
john:1.0
r:1.0
daker:1.0
anybodi:1.0
notic:1.0
uncanni:1.0
knack:1.0
design:1.6931471805599454
horribl:1.0
ugli:1.6931471805599454
station:2.09861228866811
tercel:1.6931471805599454
corolla:1.0
camri:2.386294361119891
aesthet:1.0
sen:1.0
new:2.09861228866811
may:1.0
even:1.0
uglier:1.0
corner:1.0
market:1.0
see:1.0
sedan:1.0
thought:1.0
would:1.0
final:1.0
turn:1.0
someth:1.0
nice:1.0
look:1.6931471805599454
bear:1.0
strong:1.0
resembl:1.0
hears:1.0
weird:1.0
one:1.0
teddi:1.0
