cfj:1.6931471805599454
ssd:1.6931471805599454
intel:2.386294361119891
com:2.6094379124341005
charli:1.0
johnson:1.6931471805599454
subject:1.0
lh:1.6931471805599454
car:2.09861228866811
order:2.09861228866811
delay:1.0
nntp:1.0
post:1.6931471805599454
host:1.0
alaska:1.0
organ:1.0
corpor:1.6931471805599454
line:1.0
23:1.0
articl:1.6931471805599454
1993apr2:1.0
135926:1.0
1:1.0
skcla:2.09861228866811
monsanto:2.09861228866811
ma:2.09861228866811
write:1.0
read:1.0
3:2.09861228866811
25:1.0
chicago:1.0
tribun:1.0
state:1.0
chrysler:1.0
problem:1.0
address:1.6931471805599454
demand:1.0
5l:1.0
engin:1.0
anyon:1.0
long:1.6931471805599454
wait:1.6931471805599454
told:1.6931471805599454
thank:1.0
john:1.0
e:1.6931471805599454
mail:1.0
intrepid:1.0
jan:1.0
25th:1.0
seen:1.0
yet:1.0
call:1.6931471805599454
coupl:1.0
week:1.6931471805599454
ago:1.0
2:1.0
probabl:1.0
time:1.0
charl:1.0
supercomput:1.0
system:1.0
divis:1.0
m:1.0
co1:1.0
01:1.0
15201:1.0
nw:1.0
greenbrier:1.0
pkwi:1.0
beaverton:1.0
97006:1.0
phone:1.0
503:1.0
629:1.0
7605:1.0
email:1.0
