bernstei:1.6931471805599454
next3:1.6931471805599454
corp:1.6931471805599454
mot:1.6931471805599454
com:2.386294361119891
andrew:2.09861228866811
bernstein:1.6931471805599454
subject:1.0
geico:1.6931471805599454
mechan:1.0
breakdown:1.0
insur:1.0
organ:1.0
motorola:1.6931471805599454
distribut:1.0
usa:1.0
nntp:1.0
post:1.0
host:1.0
129:1.0
188:1.0
149:1.0
38:1.0
line:1.0
36:1.0
articl:1.6931471805599454
c50pbh:1.0
244:1.0
noos:1.0
ecn:1.6931471805599454
purdu:1.6931471805599454
edu:1.6931471805599454
rjwade:1.0
rainbow:1.0
robert:1.0
j:1.0
wade:1.0
write:1.6931471805599454
1993apr4:1.0
010517:1.0
9701:1.0
ld:1.6931471805599454
loral:1.6931471805599454
mcculloc:1.0
sps204:1.0
thad:1.0
mcculloch:1.0
anyon:1.0
experi:1.0
extend:2.386294361119891
warranti:2.6094379124341005
plan:1.0
seem:1.0
slightli:1.0
le:1.0
expens:1.6931471805599454
normal:1.0
dealer:1.0
sponsor:1.0
polici:1.0
never:1.6931471805599454
buy:1.0
complet:1.0
total:1.0
ripoff:1.0
period:1.0
better:1.0
take:1.0
money:2.386294361119891
put:1.6931471805599454
bank:1.6931471805599454
use:1.6931471805599454
repair:2.09861228866811
mani:2.386294361119891
pay:1.6931471805599454
co:1.0
payment:1.6931471805599454
etc:1.0
peopl:2.6094379124341005
actual:1.0
keep:1.0
sole:1.0
automot:1.0
mayb:1.0
hard:1.0
time:1.0
save:1.0
want:1.0
hassl:1.0
worri:1.0
everyth:1.0
worth:1.6931471805599454
other:1.0
peac:1.0
mind:1.0
know:1.0
unexpect:1.0
enough:1.0
drive:1.0
lot:1.0
basic:1.0
littl:1.0
longer:1.0
year:1.0
make:1.0
car:1.0
well:1.0
larg:1.0
may:1.0
work:1.0
inc:1.0
thing:1.0
saniti:1.0
1299:1.0
e:1.0
algonquin:1.0
road:1.0
sanest:1.0
fact:1.0
schaumburg:1.0
il:1.0
60196:1.0
1077:1.0
dire:1.0
strait:1.0
next:1.0
mail:1.0
ok:1.0
