cs012055:1.0
c:1.6931471805599454
brown:1.6931471805599454
edu:1.6931471805599454
hok:1.0
chung:1.0
tsang:1.0
subject:1.6931471805599454
saturn:3.3978952727983707
price:3.0794415416798357
polici:1.0
articl:1.6931471805599454
1993apr5:1.0
230808:1.0
581:1.0
organ:1.0
comput:1.0
scienc:1.0
dept:1.0
line:1.0
51:1.0
c4vir5:1.0
l3r:1.0
shuksan:1.6931471805599454
d:1.0
boe:1.0
com:1.0
fredd:1.0
fred:1.6931471805599454
dickey:1.0
write:1.0
carolinafan:1.0
uiuc:1.6931471805599454
cka52397:1.0
uxa:1.0
cso:1.0
wrote:1.0
ti:1.0
activ:1.0
defend:1.0
late:1.0
net:1.0
would:2.386294361119891
like:1.0
state:1.0
full:1.0
opinion:1.0
rather:1.0
repli:1.0
other:1.0
point:1.6931471805599454
tthe:1.0
biggest:1.0
problem:1.0
peopl:2.09861228866811
seem:1.0
dealer:3.4849066497880004
make:1.6931471805599454
2k:2.09861228866811
car:3.4849066497880004
think:1.0
agre:1.0
compar:2.09861228866811
competitor:1.6931471805599454
overpr:1.0
class:1.6931471805599454
understand:1.0
argu:1.0
whether:1.0
never:1.0
understood:1.0
big:1.0
deal:1.6931471805599454
profit:3.302585092994046
either:1.0
thing:1.6931471805599454
figur:1.0
believ:2.09861228866811
minim:1.6931471805599454
total:1.0
pocket:1.6931471805599454
expens:1.6931471805599454
may:1.0
true:1.6931471805599454
case:1.0
gener:1.0
bought:1.6931471805599454
sl:1.0
januari:1.0
92:1.0
time:1.0
base:1.0
studi:1.0
decid:1.0
cheapli:1.0
sure:1.0
mayb:1.0
could:1.0
talk:1.0
differ:1.0
import:1.6931471805599454
much:1.0
money:2.9459101490553135
left:1.0
buy:1.6931471805599454
reduc:2.6094379124341005
save:2.791759469228055
show:1.0
experi:1.0
necessarili:1.0
say:1.6931471805599454
13k:1.0
1000:2.09861228866811
pay:1.6931471805599454
12k:1.0
moreov:1.0
realli:1.0
margin:1.0
even:2.09861228866811
better:1.0
alreadi:1.0
market:1.6931471805599454
averag:1.6931471805599454
2000:1.0
1:1.0
attract:1.0
2:1.0
forc:1.0
lower:1.6931471805599454
surviv:1.0
owner:1.0
benefit:1.0
buyer:1.0
le:1.0
0:1.0
02:1.0
doug:1.0
