lstowel:1.6931471805599454
pyrnova:1.6931471805599454
mi:1.0
pyramid:2.6094379124341005
com:2.6094379124341005
lon:1.6931471805599454
stowel:1.6931471805599454
subject:1.0
hard:1.0
chang:1.0
spring:1.6931471805599454
f350:1.6931471805599454
truck:1.6931471805599454
articl:1.6931471805599454
186044:1.0
repli:1.0
organ:1.0
technolog:1.0
corpor:1.0
line:1.0
5:1.0
1993apr3:1.0
005245:1.0
10615:1.0
michael:2.09861228866811
appl:1.6931471805599454
em:1.0
e:1.0
smith:1.0
write:1.0
take:1.0
peculiar:1.0
tool:1.0
remov:1.0
rear:1.0
ford:1.0
naah:1.0
coupla:1.0
nice:1.0
big:1.0
bump:1.0
