zowi:1.6931471805599454
daedalu:2.09861228866811
stanford:2.09861228866811
edu:1.6931471805599454
craig:1.0
powderkeg:1.0
deforest:1.0
subject:1.0
5w30:1.0
10w40:2.09861228866811
20w50:2.09861228866811
articl:1.6931471805599454
93apr5215616:1.0
organ:1.0
center:1.0
space:1.0
scienc:1.0
astrophys:1.0
line:1.0
37:1.0
nntp:1.0
post:1.0
host:1.0
repli:1.0
brad:1.6931471805599454
thone:1.6931471805599454
messag:1.0
fri:1.0
02:1.0
apr:1.0
93:1.0
21:1.0
41:1.0
53:1.0
cst:1.0
foo:1.0
c09615bt:1.0
wuvmd:1.0
write:1.0
well:2.09861228866811
differ:1.6931471805599454
happen:1.0
sae:1.6931471805599454
manual:1.0
handi:1.0
oil:3.3978952727983707
viscos:2.791759469228055
gener:1.6931471805599454
decreas:1.0
temperatur:3.3978952727983707
number:1.6931471805599454
base:1.0
typic:1.6931471805599454
curv:2.09861228866811
use:1.0
run:1.0
say:1.6931471805599454
room:1.6931471805599454
90:1.0
weight:2.791759469228055
0c:1.0
5:1.0
20c:1.0
40:1.6931471805599454
design:1.6931471805599454
oper:2.09861228866811
normal:1.6931471805599454
specif:1.6931471805599454
exceedingli:1.0
cold:2.09861228866811
w:1.0
tack:1.0
end:1.0
winter:1.6931471805599454
place:1.0
stick:1.6931471805599454
10w:1.0
car:1.6931471805599454
summer:1.6931471805599454
approxim:1.0
appropri:1.0
throughout:1.0
year:1.0
modern:1.0
multi:1.6931471805599454
chang:1.0
much:1.0
le:1.0
result:1.0
graph:1.0
cross:1.0
sever:1.0
vi:1.0
peg:1.0
two:1.0
one:1.0
though:1.0
rememb:1.6931471805599454
event:1.0
indic:1.0
signific:1.0
engin:1.6931471805599454
regul:1.0
thermostat:1.0
radiat:1.0
air:1.0
fin:1.0
time:1.0
unless:1.0
overheat:1.0
someth:1.0
better:1.6931471805599454
old:1.0
carbon:1.0
thin:1.0
lubric:1.6931471805599454
thicker:1.0
like:1.0
startup:1.0
wear:1.0
occur:1.0
plan:1.0
make:1.6931471805599454
long:1.0
drive:1.6931471805599454
probabl:1.0
fine:1.0
esp:1.0
short:1.0
drink:1.0
soap:1.0
dilut:1.6931471805599454
ok:1.0
