key:2.09861228866811
starchild:1.0
ncsl:1.6931471805599454
nist:1.6931471805599454
gov:1.6931471805599454
lawrenc:1.0
b:1.0
subject:1.0
necess:1.0
fuel:3.0794415416798357
injector:3.0794415416798357
clean:2.6094379124341005
dealership:1.0
organ:1.0
nation:1.0
institut:1.0
standard:1.0
technolog:1.0
line:1.0
58:1.0
articl:1.6931471805599454
1993apr6:1.0
131018:1.0
12873:1.0
acd4:1.6931471805599454
acd:2.09861228866811
com:2.6094379124341005
jwg:1.6931471805599454
sedv1:1.0
jim:1.6931471805599454
grey:1.6931471805599454
write:1.6931471805599454
1993apr2:1.0
174850:1.0
6289:1.0
cbnewsl:1.6931471805599454
cb:1.6931471805599454
att:1.6931471805599454
prm:1.0
paul:1.0
r:1.0
mount:1.0
experi:1.0
true:1.0
much:1.0
good:1.6931471805599454
use:2.9459101490553135
deterg:1.0
ga:1.6931471805599454
agre:1.0
clog:1.6931471805599454
would:1.0
darken:1.0
day:1.0
get:1.0
59:1.6931471805599454
price:1.0
buy:1.6931471805599454
dealer:1.6931471805599454
probabl:1.6931471805599454
littl:1.0
open:1.0
tank:1.6931471805599454
dump:1.0
bottl:1.0
cleaner:2.386294361119891
send:1.0
merri:1.0
way:1.0
poorer:1.0
go:1.6931471805599454
kmart:1.6931471805599454
1:1.6931471805599454
29:1.6931471805599454
person:1.0
product:2.6094379124341005
knew:1.0
previous:1.0
past:1.0
weekend:1.0
pb:1.0
motorweek:1.0
pat:1.0
resid:1.0
tech:1.0
type:1.0
discus:1.0
recommend:1.6931471805599454
e:1.0
non:1.0
isopropyl:1.6931471805599454
alcohlo:1.0
base:2.09861228866811
supposedli:1.0
actual:1.0
remov:1.6931471805599454
moistur:1.0
although:1.0
other:1.0
ethyl:1.0
also:1.6931471805599454
caus:1.0
rubber:1.0
compon:1.0
system:1.6931471805599454
deterior:1.0
mix:1.0
well:1.0
water:1.0
help:1.0
vw:1.0
call:1.0
44k:1.0
bg:1.0
inc:1.0
cost:1.0
14:1.0
00:1.0
suppos:1.6931471805599454
job:1.0
without:1.0
potenti:1.0
harm:1.0
side:1.0
effect:1.0
result:1.0
last:1.0
2k:1.0
4k:1.0
mile:1.0
chevron:1.0
techtrolen:1.0
sp:1.0
say:1.0
notic:1.0
differ:1.0
either:1.0
sinc:1.0
prevent:1.0
mainten:1.0
item:1.0
sez:1.0
need:1.6931471805599454
mean:1.0
necessarili:1.0
suspici:1.0
larri:1.0
csme:1.0
oo:1.0
1990:1.0
2:1.0
0:1.0
16v:1.0
fahrvergnugen:1.0
forev:1.0
fact:1.0
explain:1.0
indic:1.0
understand:1.0
anyway:1.0
