jnielsen:1.0
magnu:2.386294361119891
ac:1.6931471805599454
ohio:2.09861228866811
state:2.09861228866811
edu:1.6931471805599454
john:2.09861228866811
f:1.0
nielsen:1.6931471805599454
subject:1.0
integra:1.0
gsr:2.09861228866811
articl:1.6931471805599454
1993apr6:1.6931471805599454
143853:1.0
11641:1.0
organ:1.0
univers:1.0
line:1.0
17:1.0
nntp:1.0
post:1.0
host:1.0
photon:1.0
035020:1.0
16730:1.0
cactu:1.6931471805599454
org:1.6931471805599454
boyl:1.6931471805599454
craig:1.0
write:1.0
mile:1.0
rare:1.0
screw:1.0
honda:1.0
gtz:1.6931471805599454
flaw:1.0
car:1.0
perform:1.0
enthusiast:1.0
would:2.09861228866811
take:1.0
cr:1.6931471805599454
purchas:1.6931471805599454
ford:1.0
probe:1.0
gt:1.0
consult:1.0
baldrick:1.0
renaiss:1.0
someth:1.0
happen:1.0
peopl:1.0
black:1.0
adder:1.0
