finnegan:2.386294361119891
invad:1.6931471805599454
navo:2.386294361119891
navi:2.386294361119891
mil:2.386294361119891
kenneth:1.6931471805599454
subject:1.0
5w30:1.0
10w40:1.0
20w50:1.6931471805599454
articl:1.0
c:1.0
1993apr6:1.0
130550:1.0
13550:1.0
repli:1.0
organ:1.0
grumman:1.0
data:1.6931471805599454
system:1.0
line:1.0
9:1.0
nntp:1.0
post:1.0
host:1.0
nntpd:1.0
8755:1.0
addit:1.0
point:1.0
run:1.0
castrol:1.0
exclus:1.0
follow:1.0
car:1.0
75:1.0
rabbit:1.6931471805599454
78:1.6931471805599454
scirocco:1.0
76:1.6931471805599454
bu:1.6931471805599454
70:1.0
beetl:1.0
86:1.0
jetta:1.0
gli:1.0
never:1.0
oil:1.0
relat:1.0
problem:1.0
disclaim:1.0
get:1.0
mighti:1.0
hot:1.0
