rgc3679:1.0
bcstec:1.0
ca:1.0
boe:1.6931471805599454
com:1.0
robert:1.0
g:1.0
carpent:1.0
subject:1.0
think:1.6931471805599454
buy:1.6931471805599454
intrepid:1.6931471805599454
good:1.0
bad:1.0
idea:1.0
organ:1.0
comput:1.0
servic:1.0
line:1.0
7:1.0
new:1.0
dodg:1.0
anyon:1.0
experi:1.0
like:1.0
share:1.0
thank:1.0
bobc:1.0
