mps1:1.0
cec1:1.6931471805599454
wustl:1.0
edu:2.09861228866811
mihir:1.6931471805599454
pramod:1.0
shah:1.6931471805599454
subject:1.0
new:1.0
saturn:1.6931471805599454
argument:1.0
articl:1.6931471805599454
wuecl:1.0
1993apr6:1.0
225025:1.0
13054:1.0
organ:1.0
washington:1.0
univers:1.0
st:1.0
loui:1.0
mo:1.0
line:1.0
78:1.0
nntp:1.0
post:1.0
host:1.0
c50p1m:1.0
21o:1.0
noos:1.0
ecn:1.6931471805599454
purdu:1.6931471805599454
rjwade:1.0
rainbow:1.0
robert:1.0
j:1.0
wade:1.0
write:1.0
ok:1.6931471805599454
argu:1.0
sl2:2.386294361119891
much:1.0
lower:1.0
base:1.6931471805599454
price:2.386294361119891
sc2:2.09861228866811
1k:1.0
cheaper:1.0
forget:1.0
exact:1.0
amount:1.6931471805599454
cost:1.6931471805599454
extra:1.6931471805599454
door:2.9459101490553135
window:1.0
lock:1.0
motor:1.0
etc:1.6931471805599454
4:2.6094379124341005
perhap:1.0
market:2.386294361119891
deal:1.0
peopl:1.6931471805599454
want:1.0
2door:1.0
pay:1.6931471805599454
1:1.6931471805599454
2k:1.0
understand:1.0
sl:1.6931471805599454
sl1:2.386294361119891
sw1:1.0
sw2:1.0
meant:1.6931471805599454
compet:1.6931471805599454
follow:1.6931471805599454
car:3.0794415416798357
honda:1.6931471805599454
civic:2.6094379124341005
toyota:2.09861228866811
tercel:2.791759469228055
corolla:1.6931471805599454
nissan:1.6931471805599454
sentra:2.09861228866811
mazda:1.6931471805599454
323:1.6931471805599454
protog:1.0
subaru:1.0
loyal:1.0
impreza:1.0
isuzu:2.09861228866811
stylu:2.09861228866811
geo:1.6931471805599454
prizm:1.0
ford:1.6931471805599454
escort:2.09861228866811
mercuri:1.0
tracer:1.6931471805599454
mistubishi:1.0
mirag:1.0
plymouth:1.0
dodg:1.0
colt:1.0
core:1.0
competit:1.0
model:1.6931471805599454
class:1.0
first:1.0
would:1.0
think:2.09861228866811
threw:1.0
good:2.09861228866811
japanes:1.6931471805599454
technolog:1.0
similar:1.0
reliabl:1.0
stat:1.0
includ:1.0
domest:1.0
small:1.0
cavali:1.0
sunbird:1.0
shadow:1.0
sundanc:1.0
tempo:1.0
topaz:1.0
sinc:1.0
go:1.0
least:1.0
degre:1.0
root:1.0
sc1:1.6931471805599454
paseo:2.386294361119891
si:1.6931471805599454
coup:2.386294361119891
del:1.6931471805599454
sol:1.6931471805599454
nx1600:1.6931471805599454
nx2000:1.6931471805599454
mx:1.6931471805599454
3:1.6931471805599454
impuls:2.09861228866811
storm:2.09861228866811
gt:1.0
look:1.0
expens:1.6931471805599454
counterpart:1.0
reason:1.0
upscal:1.0
trend:1.6931471805599454
driven:1.0
even:2.09861228866811
though:1.6931471805599454
mani:1.0
sedan:1.6931471805599454
platform:1.6931471805599454
interior:1.0
enough:1.0
warrant:1.0
slightli:1.6931471805599454
higher:1.6931471805599454
deriv:1.6931471805599454
sure:1.0
one:1.0
illustr:1.0
start:1.6931471805599454
around:1.6931471805599454
8000:1.0
11:1.0
000:1.0
le:1.6931471805599454
2:1.6931471805599454
might:1.0
say:1.0
offer:1.6931471805599454
power:1.0
mean:1.0
dr:1.6931471805599454
compar:1.0
powerpl:1.6931471805599454
sport:1.6931471805599454
let:1.0
take:1.0
anoth:1.0
exampl:1.0
x:1.6931471805599454
gsi:1.0
6l:1.0
140hp:1.0
engin:1.0
smaller:1.6931471805599454
gener:1.0
two:1.0
fashion:1.0
orient:1.6931471805599454
set:1.0
segment:1.0
will:1.0
money:1.0
type:1.0
short:1.0
may:1.0
henc:1.0
dictat:1.0
mechan:1.0
equival:1.0
version:1.0
hope:1.0
clear:1.0
thing:1.0
bit:1.0
