andyh:1.6931471805599454
chao:1.6931471805599454
c:2.09861228866811
brandei:2.386294361119891
edu:2.6094379124341005
andrew:1.6931471805599454
j:2.09861228866811
huang:1.6931471805599454
subject:1.0
audiwatch:1.0
updat:1.0
tm:1.0
11:1.0
organ:1.0
univers:1.0
line:1.0
17:1.0
articl:1.6931471805599454
1993apr2:1.6931471805599454
194838:1.0
13476:1.0
news:1.0
write:2.09861228866811
181037:1.0
11188:1.0
magnu:1.6931471805599454
ac:1.6931471805599454
ohio:1.6931471805599454
state:1.6931471805599454
bqueiser:1.0
brian:1.0
queiser:1.0
powel:1.6931471805599454
interlan:1.6931471805599454
com:1.0
glen:1.0
kind:1.0
corpor:1.0
raid:1.0
appar:1.0
undertaken:1.0
vw:1.6931471805599454
shame:1.6931471805599454
agre:1.0
howev:1.0
particular:1.0
exec:1.6931471805599454
work:1.0
iggi:1.0
mani:1.0
year:1.0
left:1.0
gm:1.0
europ:1.0
go:1.0
detroit:1.0
raison:1.0
andi:1.6931471805599454
date:1.0
steal:1.0
directli:1.0
opel:1.0
independ:1.0
lopez:1.0
