jdmooney:2.386294361119891
kocrsv01:2.386294361119891
delcoelect:2.386294361119891
com:2.791759469228055
john:2.09861228866811
mooney:2.09861228866811
subject:1.0
anti:1.0
theft:1.0
devic:1.0
organ:1.0
delco:1.6931471805599454
electron:1.6931471805599454
corp:1.0
line:1.0
36:1.0
origin:1.0
koinsv02:1.0
articl:1.6931471805599454
99948:1.0
rphroy:1.0
ph:1.0
gmr:1.6931471805599454
rhaar:1.0
bob:1.0
haar:1.0
write:2.09861228866811
3056:1.0
someon:1.6931471805599454
btw:1.0
somebodi:1.0
stole:1.6931471805599454
front:1.6931471805599454
grill:1.0
beat:1.0
1983:1.0
nissan:1.0
sentra:1.0
week:1.0
ago:1.6931471805599454
believ:1.0
drive:1.0
around:1.0
without:1.6931471805599454
year:1.0
brother:2.09861228866811
live:1.0
rough:1.0
area:1.0
left:1.6931471805599454
nova:1.6931471805599454
park:1.0
street:1.6931471805599454
hous:1.0
day:1.6931471805599454
one:1.6931471805599454
went:1.0
move:1.0
back:1.0
driveway:1.0
start:1.6931471805599454
seem:1.0
industri:1.0
fool:1.6931471805599454
need:1.0
ga:1.6931471805599454
tank:1.6931471805599454
found:1.0
car:2.09861228866811
engin:2.386294361119891
vw:2.09861228866811
beatl:1.0
quit:1.0
easi:1.0
remov:1.0
enter:1.0
even:1.0
open:1.0
compart:1.0
would:1.6931471805599454
like:1.0
find:1.6931471805599454
stolen:1.0
probobl:1.0
feel:1.0
hell:1.0
lot:1.0
poorer:1.0
50:1.0
junkyard:1.6931471805599454
serious:1.0
though:1.0
darrel:1.0
radiat:1.6931471805599454
tri:1.0
dare:1.0
jd:1.0
gener:1.0
motor:1.0
opinion:1.0
express:1.0
mine:1.0
necessarili:1.0
de:1.0
gm:1.0
