it2691:1.0
doc:1.6931471805599454
c:1.6931471805599454
nyu:1.6931471805599454
edu:1.6931471805599454
tim:1.6931471805599454
tsai:1.0
subject:1.0
awd:2.09861228866811
bmw:1.6931471805599454
line:1.0
11:1.0
x:2.6094379124341005
receiv:2.09861228866811
usenet:1.6931471805599454
pa:1.6931471805599454
dec:1.6931471805599454
com:1.6931471805599454
id:1.6931471805599454
aa12484:1.0
mon:1.6931471805599454
5:2.09861228866811
apr:2.09861228866811
93:2.09861228866811
23:1.6931471805599454
06:1.6931471805599454
31:1.0
0700:1.6931471805599454
inet:1.0
gw:1.0
2:1.6931471805599454
aa26423:1.0
30:1.0
61:1.0
1:1.0
34:1.0
tid:1.0
aa07384:1.0
tue:1.0
6:1.0
02:1.0
07:1.0
00:1.0
0400:1.0
rec:1.0
auto:1.0
mailer:1.0
elm:1.0
version:1.0
3:1.6931471805599454
pl2:1.0
truth:1.0
rumor:1.0
seri:1.0
94:1.0
believ:1.0
info:1.6931471805599454
publish:1.0
either:1.0
popular:1.0
scienc:1.0
autoweek:1.0
coupl:1.0
month:1.0
ago:1.0
also:1.0
friend:1.0
told:1.0
use:1.0
make:1.0
325:1.0
call:1.0
325ix:1.0
appreci:1.0
car:1.0
thank:1.6931471805599454
