jwg:1.6931471805599454
sedv1:1.0
acd:1.6931471805599454
com:2.386294361119891
jim:1.6931471805599454
grey:1.6931471805599454
subject:1.0
necess:1.0
fuel:2.6094379124341005
injector:2.6094379124341005
clean:2.09861228866811
dealership:1.0
organ:1.0
hell:1.0
line:1.0
19:1.0
articl:1.0
1993apr2:1.0
174850:1.0
6289:1.0
cbnewsl:1.6931471805599454
cb:1.6931471805599454
att:1.6931471805599454
prm:1.0
paul:1.0
r:1.0
mount:1.0
write:1.0
experi:1.0
true:1.0
much:1.0
good:1.6931471805599454
use:1.0
deterg:1.0
ga:1.6931471805599454
agre:1.0
clog:1.6931471805599454
would:1.0
darken:1.0
day:1.0
get:1.0
59:1.6931471805599454
price:1.0
buy:1.6931471805599454
dealer:1.6931471805599454
probabl:1.0
littl:1.0
open:1.0
tank:1.0
dump:1.0
bottl:1.0
cleaner:1.6931471805599454
send:1.0
merri:1.0
way:1.0
poorer:1.0
go:1.0
kmart:1.0
1:1.0
29:1.0
sez:1.0
need:1.0
mean:1.0
necessarili:1.0
suspici:1.0
acd4:1.0
