michal:2.09861228866811
c:1.6931471805599454
cmu:1.6931471805599454
edu:1.6931471805599454
prussak:1.0
subject:1.0
illeg:2.386294361119891
tint:3.302585092994046
window:1.6931471805599454
nntp:1.0
post:1.0
host:1.0
gs58:1.0
sp:1.0
organ:1.0
school:1.0
comput:1.0
scienc:1.0
carnegi:1.0
mellon:1.0
line:1.0
38:1.0
know:1.0
long:1.6931471805599454
shot:1.0
mayb:1.0
someon:1.6931471805599454
went:1.6931471805599454
comment:1.6931471805599454
share:1.0
stori:1.0
bought:1.0
car:2.6094379124341005
state:2.09861228866811
tri:1.0
get:3.0794415416798357
safeti:1.0
inspect:2.09861228866811
pennsylvania:1.6931471805599454
problem:1.0
aftermarket:1.6931471805599454
except:1.0
windshield:1.0
rather:1.0
weak:1.0
clearli:1.0
see:2.386294361119891
insid:2.09861228866811
garag:1.0
said:2.386294361119891
pas:1.0
unless:1.0
waiver:1.6931471805599454
polic:2.386294361119891
offic:2.386294361119891
told:1.6931471805599454
pre:1.0
84:1.0
medic:1.0
reason:1.0
ask:1.0
show:1.6931471805599454
section:1.0
vehicl:2.09861228866811
code:2.09861228866811
say:2.09861228866811
paraghaph:1.0
fact:1.6931471805599454
well:1.6931471805599454
shut:1.0
book:1.0
give:1.0
ticket:2.09861228866811
right:1.0
argu:1.0
sinc:1.0
ok:1.6931471805599454
like:1.6931471805599454
keep:1.6931471805599454
read:1.0
librari:1.0
also:1.6931471805599454
sort:1.6931471805599454
paper:1.6931471805599454
troubl:1.0
later:1.6931471805599454
mind:1.0
regist:2.09861228866811
complaint:2.09861228866811
realli:1.0
piss:1.0
anyon:1.6931471805599454
experi:1.6931471805599454
especi:1.0
call:1.0
station:1.0
today:1.0
basic:1.0
place:1.0
could:1.0
decid:1.0
anyway:1.0
much:1.0
chanc:1.0
stand:1.0
succes:1.0
appeal:1.0
court:1.0
welcom:1.0
