ssave:1.6931471805599454
ole:1.6931471805599454
cdac:2.09861228866811
com:1.6931471805599454
devil:1.0
reincarn:1.0
subject:1.0
quick:1.0
question:1.0
keyword:1.0
remov:1.0
panel:1.6931471805599454
organ:1.0
wa:1.0
line:1.0
9:1.0
take:1.0
driver:1.0
side:1.0
door:1.0
insid:1.0
87:1.0
honda:1.0
prelud:1.0
speaker:1.0
went:1.0
scratchi:1.0
want:1.0
access:1.0
pin:1.0
see:1.0
one:1.0
press:1.0
button:1.0
rest:1.0
snug:1.0
fit:1.0
