jnielsen:1.6931471805599454
magnu:2.791759469228055
ac:2.386294361119891
ohio:2.6094379124341005
state:2.6094379124341005
edu:2.791759469228055
john:2.386294361119891
f:1.6931471805599454
nielsen:2.09861228866811
subject:1.0
top:1.0
10:1.0
reason:1.6931471805599454
love:1.6931471805599454
cr:2.09861228866811
humor:1.0
impair:1.0
articl:2.386294361119891
1993apr6:2.09861228866811
194738:1.0
20021:1.0
distribut:1.0
na:1.0
organ:1.0
univers:1.0
line:1.0
28:1.0
nntp:1.0
post:1.0
host:1.0
magnusug:1.0
185328:1.0
24947:1.0
news:1.0
c:1.6931471805599454
brandei:1.6931471805599454
andyh:1.0
chao:1.0
andrew:1.0
j:1.0
huang:1.0
write:2.6094379124341005
180456:1.0
17573:1.0
1993apr06:1.0
133319:1.0
7008:1.0
metric:1.6931471805599454
com:1.6931471805599454
tomh:1.0
tom:1.0
haapanen:1.0
chint:1.0
isc:1.0
nu:1.0
sg:1.0
anoth:1.0
ten:1.0
spectacl:1.0
macho:1.0
real:1.0
men:1.0
would:1.0
never:1.0
bother:1.0
read:1.6931471805599454
magazin:1.0
apt:1.0
critic:1.0
point:1.0
least:1.0
found:1.0
recommend:1.0
useless:1.0
uninform:1.0
list:1.0
flame:1.0
war:1.0
easi:1.0
start:1.0
wrong:1.0
claim:1.0
right:1.6931471805599454
thorough:1.0
andi:1.0
ok:1.0
name:1.0
good:1.0
exampl:1.0
brought:1.0
consult:1.0
baldrick:1.0
renaiss:1.0
someth:1.0
happen:1.0
peopl:1.0
black:1.0
adder:1.0
