pp:1.0
cbnewsl:1.0
cb:1.0
att:1.6931471805599454
com:1.0
peter:1.0
peng:1.6931471805599454
subject:1.0
1990:1.6931471805599454
integra:2.09861228866811
l:1.6931471805599454
sale:2.09861228866811
organ:1.0
bell:1.0
laboratori:1.0
distribut:1.0
nj:1.0
keyword:1.0
line:1.0
15:1.0
5:1.0
speed:1.0
sunroof:1.0
rear:1.0
spoiler:1.0
new:1.0
tire:1.0
59:1.0
7k:1.0
mile:1.0
7950:1.0
best:1.0
offer:1.0
call:1.0
908:1.6931471805599454
949:1.0
0878:1.0
938:1.0
4101:1.0
email:1.0
hotsoup:1.0
