hagenjd:1.6931471805599454
wfu:2.09861228866811
edu:2.09861228866811
jeff:1.6931471805599454
hagen:1.6931471805599454
subject:1.0
bmw:2.09861228866811
new:1.6931471805599454
plant:1.6931471805599454
greer:1.0
sc:1.0
organ:1.0
wake:1.0
forest:1.0
univers:1.0
line:1.0
8:1.0
nntp:1.0
post:1.0
host:1.0
ac:1.6931471805599454
wfunet:1.0
anyon:1.0
read:1.0
messag:1.0
involv:1.0
corpor:1.0
even:1.0
net:1.0
connect:1.0
desper:1.0
seek:1.0
info:1.0
