subject:1.0
ford:2.386294361119891
sho:1.6931471805599454
engin:2.6094379124341005
part:1.0
david:2.386294361119891
bond:2.386294361119891
cut:2.6094379124341005
hou:2.09861228866811
tx:2.386294361119891
u:2.09861228866811
repli:1.0
distribut:1.0
world:1.0
organ:1.0
edg:1.6931471805599454
houston:1.6931471805599454
713:1.6931471805599454
466:1.6931471805599454
1525:1.6931471805599454
line:1.0
21:1.0
w:3.1972245773362196
work:1.6931471805599454
intern:1.0
compon:1.0
good:1.0
thing:1.0
25k:1.0
mile:1.0
cam:1.6931471805599454
sensor:2.6094379124341005
went:1.6931471805599454
south:1.0
2:1.0
differ:1.6931471805599454
dealer:1.0
tri:1.0
5:1.0
6:1.0
fix:2.09861228866811
none:1.0
final:1.0
took:1.0
street:1.0
local:1.0
mechan:1.0
guy:1.0
read:1.6931471805599454
code:1.6931471805599454
comput:1.0
say:1.0
bad:1.6931471805599454
hour:1.0
friend:1.0
mine:1.0
damag:1.6931471805599454
flood:1.0
water:1.0
deni:1.0
regist:1.0
father:1.0
short:1.0
circut:1.0
via:1.0
paper:1.0
clip:1.0
method:1.0
sure:1.0
exact:1.0
techniqu:1.0
servic:1.0
light:1.0
flash:1.0
gener:1.0
came:1.0
back:1.0
told:1.0
wrong:1.0
car:1.0
bunch:1.0
bozo:1.0
bb:1.0
pcboard:1.0
14:1.0
5a:1.0
system:1.0
texa:1.0
usa:1.0
1:1.0
run:1.0
uupcb:1.0
