bcars194:1.6931471805599454
bnr:1.6931471805599454
ca:1.6931471805599454
skane:1.0
subject:1.0
jeep:2.09861228866811
laredo:2.09861228866811
experi:1.6931471805599454
keyword:1.0
nntp:1.0
post:1.0
host:1.0
organ:1.0
bell:1.0
northern:1.0
research:1.0
ottawa:1.0
canada:1.0
line:1.0
10:1.0
look:1.6931471805599454
buy:1.0
1989:1.0
wonder:1.0
anyon:1.0
bad:1.0
good:1.0
model:1.0
much:1.0
differ:1.0
yj:1.0
feel:1.0
sound:1.0
like:1.0
nice:1.0
vehicl:1.0
even:1.0
thought:1.0
price:1.0
rather:1.0
steep:1.0
89:1.0
12k:1.0
canadian:1.0
