nuet:2.09861228866811
ke:2.09861228866811
pt:2.09861228866811
mot:2.09861228866811
com:2.09861228866811
keith:1.6931471805599454
nuetzman:1.6931471805599454
x3153:1.0
p7625:1.0
subject:1.6931471805599454
loi:1.0
chevrolet:2.386294361119891
summari:1.0
loui:1.0
nntp:1.0
post:1.0
host:1.0
145:1.0
4:1.0
54:1.0
110:1.0
repli:1.0
organ:1.0
page:1.6931471805599454
wireless:1.6931471805599454
data:1.6931471805599454
group:1.6931471805599454
line:1.0
13:1.0
littl:1.0
bit:1.0
goe:1.0
ye:1.6931471805599454
one:1.0
e:1.0
motor:1.0
div:1.0
also:1.6931471805599454
brother:1.0
gaston:1.0
race:1.0
indi:1.6931471805599454
winner:1.0
1920:1.0
seen:1.0
name:1.0
arthur:1.0
earli:1.0
teen:1.0
1911:1.0
assum:1.0
relat:1.0
motorola:1.0
inc:1.0
boynton:1.0
beach:1.0
fl:1.0
see:1.0
ya:1.0
500:1.0
400:1.0
