markm:1.0
bigfoot:1.0
sp:2.09861228866811
mot:1.6931471805599454
com:2.386294361119891
mark:1.6931471805599454
monning:1.0
subject:1.0
car:1.0
buy:1.0
stori:1.6931471805599454
christ:1.0
anoth:2.09861228866811
dealer:2.09861228866811
servic:2.09861228866811
scam:1.0
nntp:1.0
post:1.0
host:1.0
223:1.0
250:1.0
10:1.0
7:1.0
repli:1.0
rapw20:1.0
email:1.0
organ:1.0
distribut:1.0
usa:1.0
line:1.6931471805599454
57:1.0
articl:1.0
1qhs7dinnj2b:1.0
hp:2.09861228866811
col:2.09861228866811
tvervaek:1.0
tom:1.0
vervaek:1.0
write:1.0
experi:1.6931471805599454
jeep:1.0
dept:1.0
exactli:1.0
incid:1.6931471805599454
similar:1.0
recent:1.0
bought:1.0
new:1.6931471805599454
truck:2.9459101490553135
pick:2.09861228866811
vehicl:1.0
want:1.6931471805599454
littl:1.0
haggl:1.0
agre:1.6931471805599454
price:2.09861228866811
wrote:1.0
check:1.6931471805599454
payment:1.0
plu:1.6931471805599454
tax:1.6931471805599454
licens:2.09861228866811
told:2.6094379124341005
back:2.791759469228055
even:1.6931471805599454
return:1.0
wait:1.0
hour:2.09861228866811
financ:1.6931471805599454
guy:1.6931471805599454
could:2.386294361119891
get:1.0
final:1.0
got:1.6931471805599454
everyth:1.6931471805599454
went:2.09861228866811
smoothli:1.6931471805599454
start:1.0
ad:1.0
number:1.6931471805599454
discov:1.0
miscalcul:1.0
150:2.09861228866811
said:2.09861228866811
need:1.0
alreadi:1.0
problem:1.0
give:1.6931471805599454
money:1.0
brought:1.0
manag:1.6931471805599454
duti:1.0
proceed:1.0
hard:1.6931471805599454
time:1.6931471805599454
remind:1.0
custom:2.791759469228055
think:1.6931471805599454
treat:1.6931471805599454
like:1.6931471805599454
forget:1.0
whole:1.6931471805599454
deal:1.6931471805599454
made:1.0
smart:1.0
remark:1.0
stick:1.0
snatch:1.0
left:1.0
needle:1.0
say:1.0
plea:1.0
turn:1.6931471805599454
event:1.0
earli:1.0
next:1.6931471805599454
morn:1.0
call:2.09861228866811
gener:1.0
sale:1.6931471805599454
know:1.6931471805599454
happen:1.6931471805599454
relat:1.0
apologis:1.0
profus:1.0
ask:1.0
anyth:1.0
chang:1.0
mind:1.0
gave:2.09861228866811
free:1.0
probabl:1.0
still:1.6931471805599454
take:1.0
town:1.0
repeat:1.0
learn:1.0
etc:3.302585092994046
pretti:1.6931471805599454
steam:1.0
affair:1.0
hate:1.0
lose:1.0
would:1.6931471805599454
tri:1.0
find:1.0
solut:1.0
bother:1.0
thank:1.0
go:1.6931471805599454
somewher:1.0
el:1.0
coupl:1.6931471805599454
later:1.0
owner:1.0
dealership:1.0
apologet:1.0
cover:1.0
knock:1.0
400:1.0
privat:1.0
direct:1.0
phone:1.0
secretari:1.0
name:1.0
assur:1.0
valu:1.0
thought:1.0
discus:1.0
wife:1.0
decid:1.0
hell:1.0
decent:1.0
accept:1.0
offer:1.0
day:1.0
receiv:1.0
royal:1.0
treatment:1.0
everyon:1.0
seem:1.0
lot:1.0
boy:1.0
30:1.0
min:1.0
guess:1.0
reason:1.0
satisfi:1.0
howev:1.0
first:1.6931471805599454
place:1.0
bit:1.0
shock:1.0
person:1.0
talk:1.0
expect:1.6931471805599454
bow:1.0
grovel:1.0
sure:1.6931471805599454
given:1.0
either:1.0
esp:1.0
mistak:1.0
anyway:1.0
happi:1.0
hundr:1.0
dollar:1.0
invoic:1.0
paid:1.0
year:1.0
fee:1.0
whether:1.0
tho:1.0
