klui:2.09861228866811
corp:2.09861228866811
hp:2.09861228866811
com:2.09861228866811
ken:1.6931471805599454
lui:1.6931471805599454
subject:1.0
licens:2.09861228866811
plate:2.09861228866811
organ:1.0
hewlett:1.0
packard:1.0
compani:1.0
line:1.0
16:1.0
distribut:1.0
na:1.0
nntp:1.0
post:1.0
host:1.0
articl:1.0
1993apr14:1.0
143750:1.0
120204:1.0
marshal:1.6931471805599454
wvnet:1.6931471805599454
edu:1.6931471805599454
edf003:1.0
write:1.0
hi:1.0
interest:1.0
get:1.6931471805599454
list:2.386294361119891
number:1.0
anyon:1.0
appreci:1.0
copi:1.6931471805599454
thank:1.0
go:1.0
dmv:1.0
ask:1.6931471805599454
although:1.0
know:1.0
may:1.0
actual:1.0
buy:1.0
use:1.0
peru:1.0
california:1.0
person:1.0
run:1.0
3:1.0
volum:1.0
1:2.09861228866811
5:1.0
thick:1.0
hope:1.0
kenneth:1.0
k:1.0
f:1.0
3000:1.0
hanov:1.0
street:1.0
ms20bj:1.0
corpor:1.0
administr:1.0
inform:1.0
system:1.0
palo:1.0
alto:1.0
ca:1.0
94304:1.0
usa:1.0
core:1.0
applic:1.0
technolog:1.0
415:1.6931471805599454
857:1.0
3230:1.0
fax:1.0
852:1.0
8026:1.0
