wade:2.791759469228055
nb:2.09861228866811
rockwel:2.386294361119891
com:2.6094379124341005
guthri:2.09861228866811
subject:1.0
curiou:1.0
porsch:1.0
drove:1.0
organ:1.0
intern:1.0
line:1.0
43:1.0
ak954:1.0
yfn:1.0
ysu:1.0
edu:1.6931471805599454
albion:1.0
h:1.0
bower:1.0
write:1.6931471805599454
previou:1.0
articl:1.6931471805599454
say:1.6931471805599454
takaharu:1.0
mail:1.0
sa:1.0
upenn:1.0
taka:1.0
mizutani:1.0
1993apr13:1.0
160535:1.0
20123:1.0
progress:1.6931471805599454
damelio:1.0
stephen:1.0
amelio:1.0
wrote:1.6931471805599454
consist:1.0
pre:1.0
74:2.6094379124341005
911:1.6931471805599454
engin:2.386294361119891
2:3.6390573296152584
litr:1.6931471805599454
le:1.0
depend:1.6931471805599454
earli:1.6931471805599454
go:1.0
got:2.09861228866811
power:1.6931471805599454
high:1.0
rev:2.09861228866811
start:1.0
slowli:1.0
3k:1.0
jump:1.0
around:1.0
5k:1.0
narrow:1.0
band:1.0
3:2.386294361119891
lot:1.6931471805599454
smog:1.6931471805599454
equip:1.0
much:1.0
better:1.0
distribut:1.0
rang:1.0
bzzzt:1.0
wrong:1.0
answer:1.0
realli:1.6931471805599454
whether:1.0
talk:1.0
model:3.0794415416798357
year:2.791759469228055
date:1.6931471805599454
manufactur:2.09861228866811
instanc:1.0
mine:1.0
67:1.0
august:1.0
66:1.0
prior:1.0
1970:1.0
liter:3.3978952727983707
70:1.0
71:1.0
1972:1.0
1973:1.0
4:1.6931471805599454
except:1.6931471805599454
73:1.0
carerra:2.386294361119891
r:1.0
7:2.386294361119891
later:1.0
easili:1.0
identifi:1.0
new:1.0
5:1.0
mph:1.0
bumper:1.0
lietsr:1.0
rsr:1.0
0:2.386294361119891
u:1.0
78:1.0
went:1.0
singl:1.0
sc:1.0
think:1.0
cross:1.0
note:1.0
base:1.0
stand:1.0
correct:1.0
memori:1.0
mind:1.0
happi:1.0
behavior:1.0
earlier:1.0
car:1.6931471805599454
even:1.0
prone:1.0
use:1.0
low:1.0
compress:1.0
suffer:1.0
bit:1.0
regard:1.0
also:1.0
good:1.0
dose:1.0
gear:1.0
well:1.0
far:1.0
away:1.0
quickest:1.0
revver:1.0
yeah:1.0
tri:2.09861228866811
program:1.0
m:1.0
do:1.0
like:1.0
shave:1.0
chain:1.0
saw:1.0
speak:1.0
rock:1.0
