wrat:1.0
unisql:1.6931471805599454
uucp:1.0
wharfi:1.0
subject:1.6931471805599454
fast:2.386294361119891
organ:1.0
inc:1.0
austin:1.0
texa:1.0
usa:1.0
line:1.0
43:1.0
articl:1.0
1qh61m:1.0
b6l:1.0
armori:1.0
centerlin:1.6931471805599454
com:1.6931471805599454
jimf:1.0
jim:1.0
frost:1.0
write:1.0
bit:1.0
hard:1.0
prove:1.0
point:1.0
like:1.6931471805599454
compar:2.09861228866811
ti:1.0
hope:1.0
someth:1.0
chassi:1.0
exhibit:1.0
x:1.0
degre:1.0
flex:1.0
forc:1.6931471805599454
unit:1.6931471805599454
begin:1.0
manifest:1.0
z:1.0
mile:1.0
per:1.0
hour:1.0
tnot:1.0
well:1.6931471805599454
gee:1.6931471805599454
design:2.6094379124341005
go:1.6931471805599454
uhh:1.0
porsch:1.6931471805599454
know:1.0
come:2.09861228866811
better:2.09861228866811
seatbelt:1.0
support:1.6931471805599454
seat:1.6931471805599454
stronger:1.0
passeng:1.6931471805599454
compart:1.6931471805599454
cage:1.0
brake:1.6931471805599454
stiffer:1.6931471805599454
suspens:1.6931471805599454
differ:1.6931471805599454
tire:1.6931471805599454
bodi:1.6931471805599454
take:1.6931471805599454
advantag:1.6931471805599454
aero:1.6931471805599454
effect:1.6931471805599454
keep:1.6931471805599454
car:2.386294361119891
ground:1.6931471805599454
twell:1.0
normal:1.0
tauru:1.6931471805599454
sho:1.0
least:1.6931471805599454
think:1.6931471805599454
boy:1.0
racer:1.0
plastic:1.0
kid:1.0
road:1.6931471805599454
made:1.6931471805599454
withstand:1.0
130:1.0
mph:1.6931471805599454
impact:1.0
either:1.0
911:1.0
tell:1.0
toh:1.0
right:1.0
120:1.6931471805599454
000:1.0
dollar:1.0
driven:1.0
drive:1.0
goddamn:1.0
rabbit:1.6931471805599454
europ:1.0
pal:1.0
reckon:1.0
capabl:1.0
certainli:1.0
convinc:1.0
tof:1.0
cours:1.0
speed:2.386294361119891
bad:1.0
illeg:1.0
love:1.0
big:1.0
brother:1.0
mind:1.0
alreadi:1.0
tit:1.0
interest:1.0
lot:1.0
west:1.0
limit:1.0
1975:1.0
twr:1.0
