rt:1.6931471805599454
nwu:2.09861228866811
edu:2.09861228866811
ted:1.6931471805599454
schreiber:1.6931471805599454
subject:1.0
opinion:1.6931471805599454
recent:2.09861228866811
alfa:2.09861228866811
spider:1.6931471805599454
nntp:1.0
post:1.0
host:1.0
mac178:1.0
mech:1.0
organ:1.0
mechan:2.09861228866811
engin:1.6931471805599454
line:1.0
15:1.0
anyon:1.0
fairli:1.0
model:1.0
86:1.0
reliablilti:1.0
class:1.0
talk:1.0
v:1.0
toyota:1.0
corrola:1.0
relaibl:1.0
far:1.0
discern:1.0
year:1.0
3:1.0
level:1.0
basic:1.0
aspect:1.0
plea:1.0
email:1.6931471805599454
respons:1.0
northwestern:1.0
univers:1.0
tel:1.0
708:1.6931471805599454
491:1.6931471805599454
5386:1.0
fax:1.0
3915:1.0
