subject:1.0
curiou:1.0
maria:1.6931471805599454
alic:1.6931471805599454
ruth:1.6931471805599454
mao111:1.6931471805599454
psuvm:2.09861228866811
psu:1.6931471805599454
edu:1.6931471805599454
organ:1.0
penn:1.0
state:1.0
univers:1.0
line:1.0
20:1.0
plea:1.6931471805599454
satisfi:1.0
curio:1.0
interest:1.6931471805599454
find:1.6931471805599454
use:2.09861228866811
e:1.6931471805599454
mail:2.09861228866811
system:2.6094379124341005
flood:1.0
april:1.0
21st:1.0
thank:1.0
bitnet:1.0
1:1.0
male:2.09861228866811
femal:2.09861228866811
2:1.0
long:1.0
3:1.0
access:1.0
work:1.0
school:1.0
etc:1.0
4:1.0
taught:1.0
person:1.6931471805599454
5:1.0
help:1.0
anyon:1.0
learn:1.0
6:1.0
net:1.6931471805599454
question:1.0
7:1.0
8:1.0
often:1.0
read:1.0
post:1.0
