wrat:1.0
unisql:1.6931471805599454
uucp:1.0
wharfi:1.0
subject:1.0
sho:2.09861228866811
clutch:1.6931471805599454
question:1.0
grind:1.0
nois:2.09861228866811
organ:1.0
inc:1.0
austin:1.0
texa:1.0
usa:1.0
line:1.0
9:1.0
articl:1.0
c5h6f8:1.0
ldu:1.0
news:1.0
rich:1.0
bnr:1.0
ca:1.0
jcyuhn:1.0
crchh574:1.0
nosubdomain:1.0
nodomain:1.0
jame:1.0
yuhn:1.0
write:1.0
hear:1.0
gearbox:1.0
earli:1.0
lot:1.0
refer:1.0
gear:1.0
rollov:1.0
gener:1.0
ti:1.0
one:1.0
first:1.0
built:1.0
mine:1.0
make:1.0
