eliot:2.09861228866811
stalfo:1.0
engr:1.0
washington:1.0
edu:1.0
subject:1.0
open:1.0
letter:1.0
nissan:1.0
realli:1.0
station:1.0
wagon:2.09861228866811
organ:1.0
clearer:1.0
blir:1.0
line:1.0
7:1.0
distribut:1.0
na:1.0
nntp:1.0
post:1.0
host:1.0
192:1.0
42:1.0
145:1.0
4:1.0
week:1.0
autoweek:1.0
talk:1.0
get:1.0
back:1.0
vogu:1.0
mind:1.0
audi:1.0
s4:1.0
great:1.0
stealth:1.0
valu:1.0
never:1.0
catch:1.0
dead:1.0
minivan:1.0
