toml:2.09861228866811
mile:1.0
ca:1.0
boe:2.09861228866811
com:1.6931471805599454
tom:1.6931471805599454
lock:2.09861228866811
subject:1.0
22600:2.09861228866811
subaru:1.6931471805599454
svx:1.6931471805599454
good:1.6931471805599454
deal:1.6931471805599454
organ:1.0
bogart:1.0
graphic:1.0
develop:1.0
line:1.0
20:1.6931471805599454
hi:1.0
netter:1.0
friend:1.6931471805599454
serious:1.0
think:2.09861228866811
get:2.09861228866811
local:1.0
dealer:1.0
seattl:1.6931471805599454
sell:1.0
tour:1.0
packag:1.0
7400:1.0
msrp:1.0
sinc:1.0
know:1.0
access:1.6931471805599454
net:1.6931471805599454
would:1.0
like:1.0
anyon:1.0
opinion:1.6931471805599454
car:1.6931471805599454
especi:1.0
area:1.0
reliabl:1.0
maintenan:1.0
plea:1.0
send:1.0
e:1.6931471805599454
mail:1.6931471805599454
lot:1.0
auto:1.0
everyth:1.0
tranni:1.0
climat:1.0
control:1.0
window:1.0
folddow:1.0
rear:1.0
seet:1.0
full:1.0
wheel:1.0
drive:1.0
2:1.6931471805599454
fast:1.0
143:1.0
top:1.0
spped:1.0
heavi:1.0
3580lb:1.0
thank:1.0
advacn:1.0
work:1.0
206:1.0
865:1.0
6568:1.0
comput:1.0
servic:1.0
voodoo:1.6931471805599454
p:1.0
box:1.0
24346:1.0
7k:1.0
uunet:1.0
bcstec:1.0
wa:1.0
98124:1.0
0346:1.0
