sprec:1.6931471805599454
j:1.6931471805599454
acsu:2.09861228866811
buffalo:2.6094379124341005
edu:2.386294361119891
joel:2.09861228866811
sprechman:1.6931471805599454
subject:1.0
clean:2.09861228866811
eurowip:1.6931471805599454
boot:1.6931471805599454
organ:1.0
ub:1.0
line:1.0
15:1.0
nntp:1.0
post:1.0
host:1.0
autarch:1.0
white:2.09861228866811
throw:1.0
away:1.0
first:1.0
pair:1.6931471805599454
sinc:1.6931471805599454
found:1.0
way:2.09861228866811
look:1.0
almost:1.0
black:2.09861228866811
second:1.0
one:1.6931471805599454
dirti:1.0
need:1.0
w:1.0
remov:1.6931471805599454
cut:1.0
buy:1.0
thank:1.0
univers:1.0
v069pff7:1.0
ubvm:1.0
cc:1.0
thing:1.6931471805599454
homosapian:1.0
take:1.0
big:1.0
man:2.09861228866811
cri:1.0
even:1.0
bigger:1.0
laugh:1.0
jack:1.0
handi:1.0
