jchen:1.6931471805599454
wind:1.6931471805599454
bellcor:2.09861228866811
com:2.09861228866811
jason:1.6931471805599454
chen:1.6931471805599454
subject:1.0
open:1.0
letter:1.0
nissan:1.0
realli:1.0
station:2.09861228866811
wagon:2.386294361119891
nntp:1.0
post:1.0
host:1.0
repli:1.0
ctt:1.0
organ:1.0
bell:1.0
commun:1.0
research:1.0
distribut:1.0
na:1.0
line:1.0
10:1.0
popular:1.0
minivan:2.09861228866811
market:1.0
room:1.0
squeez:1.0
comfort:1.0
sedan:1.0
carri:1.0
much:1.0
say:1.0
nobodi:1.0
want:1.0
anymor:1.0
demand:1.0
certainli:1.0
hamper:1.0
may:1.0
econom:1.0
build:1.0
product:1.0
owner:1.0
