brian:2.386294361119891
gothamc:1.6931471805599454
jsc:1.6931471805599454
nasa:2.386294361119891
gov:2.09861228866811
donnel:1.6931471805599454
subject:1.0
sale:1.0
91:1.6931471805599454
celica:1.6931471805599454
repair:1.6931471805599454
manual:2.09861228866811
nntp:1.0
post:1.0
host:1.0
hotspar:1.0
arc:1.6931471805599454
organ:1.0
inform:1.0
scienc:1.0
divis:1.0
line:1.0
12:1.0
two:1.0
volum:1.0
soft:1.0
cover:1.0
model:1.6931471805599454
toyota:1.6931471805599454
probabl:1.0
good:1.0
92:1.0
well:1.0
like:1.0
new:1.6931471805599454
condit:1.0
use:1.0
dealer:1.0
mechan:1.0
normal:1.0
cost:1.0
80:1.0
50:1.0
obo:1.0
