dduff:1.0
col:1.0
hp:2.09861228866811
com:1.6931471805599454
dave:1.0
duff:1.0
subject:1.0
tauru:1.6931471805599454
sabl:1.6931471805599454
rotor:1.0
recal:1.0
organ:1.0
colorado:1.0
spring:1.0
divis:1.0
line:1.0
4:1.0
nntp:1.0
post:1.0
host:1.0
fajita19:1.0
c:1.0
itc:1.0
get:1.0
20:1.0
fleet:1.0
car:1.6931471805599454
site:1.0
everi:1.0
year:1.6931471805599454
compani:1.0
sell:1.0
later:1.0
employe:1.0
folk:1.0
know:1.0
drive:1.6931471805599454
buy:1.0
complaint:1.0
seem:1.0
real:1.0
nice:1.0
