wrat:1.0
unisql:1.6931471805599454
uucp:1.0
wharfi:1.0
subject:1.0
get:1.0
new:1.0
york:1.0
taxi:1.0
distribut:1.0
na:1.0
organ:1.0
inc:1.0
austin:1.0
texa:1.0
usa:1.0
line:1.0
7:1.0
articl:1.0
c5r66a:1.0
6rb:1.0
srgenprp:1.0
sr:1.6931471805599454
hp:1.6931471805599454
com:1.6931471805599454
almanb:1.0
bob:1.0
alman:1.0
write:1.0
hose:1.0
h:1.0
e:1.0
tdork:1.0
r:1.0
k:1.0
