rjwade:1.0
rainbow:1.0
ecn:1.0
purdu:1.6931471805599454
edu:2.09861228866811
robert:1.0
j:1.0
wade:1.0
subject:1.0
93:1.0
grand:2.386294361119891
4:2.6094379124341005
cyl:1.0
organ:1.0
univers:1.0
engin:1.0
comput:1.0
network:1.0
line:1.0
16:1.0
articl:1.6931471805599454
holcomb:2.09861228866811
93apr19073907:1.0
wgermani:1.0
ctron:1.6931471805599454
com:1.6931471805599454
edgar:1.0
w:1.0
ii:1.0
write:1.6931471805599454
apr:1.0
18:1.0
12:1.0
24:1.0
26:1.0
1993:1.0
19337:1.0
remu:1.6931471805599454
rutger:1.6931471805599454
wilmott:1.6931471805599454
ray:1.6931471805599454
hi:1.0
back:1.0
ask:1.0
info:1.0
differ:1.0
model:1.0
one:1.6931471805599454
respons:1.0
gener:1.0
favor:1.0
thing:1.0
often:1.0
repeat:1.0
go:1.0
v6:2.6094379124341005
real:1.0
power:1.0
point:1.0
well:1.0
taken:1.0
anybodi:1.0
input:1.0
cylind:1.0
standard:1.0
ohc:1.0
quad:2.09861228866811
high:1.0
output:1.0
deliv:1.6931471805599454
175:1.0
hp:1.6931471805599454
185:1.0
wf41:1.0
wherea:1.0
3:3.0794415416798357
1l:1.0
offer:1.0
140:1.0
beretta:1.6931471805599454
gtz:1.0
ooppss:1.0
litr:1.6931471805599454
1:1.6931471805599454
downsiz:1.0
version:1.0
buick:1.0
8:1.0
goe:1.0
corsica:1.0
