jchen:1.6931471805599454
wind:1.6931471805599454
bellcor:2.09861228866811
com:2.09861228866811
jason:1.0
chen:1.0
subject:1.0
ad:1.0
said:1.0
nissan:1.0
altima:1.6931471805599454
best:1.0
seller:1.0
repli:1.0
ctt:1.0
organ:1.0
bell:1.0
commun:1.0
research:1.0
line:1.0
1:1.0
nntp:1.0
post:1.0
host:1.0
guess:1.0
make:1.0
gener:1.0
car:1.0
u:1.0
