thwang:1.0
mentor:1.0
cc:1.0
purdu:1.6931471805599454
edu:1.0
tommi:1.0
hwang:1.0
subject:1.0
kuebelwagen:1.0
organ:1.0
univers:1.0
comput:1.0
center:1.0
line:1.0
12:1.0
tsorri:1.0
mi:1.0
spell:1.6931471805599454
forgot:1.0
seri:1.0
exam:1.0
hand:1.0
refer:1.0
ti:1.0
still:1.0
possibl:1.0
get:1.0
cute:1.0
wwii:1.0
vw:1.0
jeep:1.0
wan:1.0
na:1.0
replica:1.0
would:1.0
great:1.0
think:1.0
tkh:1.0
93:1.0
convert:1.0
c:1.0
128:1.0
c128t:1.0
anyth:1.0
