sjp:1.0
hpuerca:1.0
atl:1.0
hp:1.0
com:1.0
steve:1.0
phillip:1.6931471805599454
subject:1.0
super:1.0
mega:1.0
automobil:1.0
sight:1.0
exot:1.0
togeth:1.0
organ:1.0
hewlett:1.0
packard:1.0
narc:1.0
atlanta:2.09861228866811
x:1.0
newsread:1.0
tin:1.0
1:1.6931471805599454
3:1.0
pl5:1.0
line:1.0
8:1.0
give:1.0
address:1.0
drive:1.0
take:1.0
look:1.0
post:1.0
stephen:1.0
respons:1.0
center:1.0
ga:1.0
home:1.0
brave:1.0
