subject:1.0
1993:1.6931471805599454
honda:1.6931471805599454
civic:1.6931471805599454
libemc:1.0
byuvm:1.0
bitnet:1.0
organ:1.0
brigham:1.0
young:1.0
univers:1.0
line:1.0
8:1.0
like:1.6931471805599454
convers:1.0
anyon:1.0
purchas:1.0
experi:1.0
new:1.0
car:1.0
buy:1.0
game:1.0
would:1.0
know:1.0
price:1.0
expect:1.0
pay:1.0
sedan:1.0
bargain:1.0
thank:1.0
advanc:1.0
ellen:1.0
