thatchh:1.6931471805599454
hplsla:1.6931471805599454
hp:2.09861228866811
com:1.6931471805599454
thatch:2.09861228866811
harvey:2.09861228866811
subject:1.0
mercuri:1.0
capri:1.6931471805599454
restrict:1.6931471805599454
organ:1.0
lake:2.09861228866811
steven:2.09861228866811
wa:1.6931471805599454
line:1.0
24:1.0
could:1.0
car:1.0
convert:1.6931471805599454
lot:1.0
paronoid:1.0
law:1.0
pas:1.0
concern:1.0
80:1.0
state:1.0
may:1.0
requir:1.0
greater:1.0
rollov:1.0
protect:1.0
afford:1.0
uucp:1.0
longer:1.0
valid:1.0
domain:1.0
hewlett:1.0
packard:1.0
instrument:1.0
divis:1.0
206:1.0
335:1.0
2083:1.0
merkur:1.0
xr4ti:1.0
suzuki:1.0
gsx1100g:1.0
princ:1.0
sr3:1.0
sport:1.0
racer:1.0
