jfox:1.6931471805599454
hooksett:2.09861228866811
east:2.09861228866811
sun:2.386294361119891
com:2.09861228866811
john:1.0
fox:1.0
sunexpress:1.0
ir:1.0
subject:1.0
rush:1.0
fast:1.0
organ:1.0
microsystem:1.0
inc:1.0
line:1.0
50:1.0
distribut:1.0
world:1.0
repli:1.0
nntp:1.0
post:1.0
host:1.0
articl:1.6931471805599454
5276:1.0
unisql:1.6931471805599454
uucp:1.6931471805599454
wrat:1.0
wharfi:1.0
write:1.6931471805599454
c5r43i:1.0
f0d:1.0
mentor:1.0
cc:1.6931471805599454
purdu:1.6931471805599454
edu:1.6931471805599454
marshatt:1.0
feserv:1.0
zauber:1.0
guess:1.0
clear:1.0
enough:1.0
said:1.0
road:1.6931471805599454
design:1.6931471805599454
speed:2.09861228866811
80:2.386294361119891
still:1.0
safe:1.0
current:1.0
55:1.0
65:1.0
add:1.0
saftey:1.0
margin:1.0
tthey:1.0
upward:1.0
forget:1.0
exact:1.0
spec:1.0
militari:1.0
vehicl:1.6931471805599454
1958:1.0
dodg:1.0
powerwagon:1.6931471805599454
1993:1.0
ford:1.0
tauru:1.0
ah:1.0
ye:1.0
58:1.0
today:1.0
car:1.0
touch:1.0
term:1.0
high:1.0
hold:1.0
abil:1.0
