pamuel:2.09861228866811
ingr:2.09861228866811
com:2.09861228866811
phil:1.6931471805599454
mueller:1.6931471805599454
subject:1.0
use:1.0
bmw:2.09861228866811
question:1.0
organ:1.0
intergraph:1.0
line:1.6931471805599454
29:1.0
articl:1.0
1993apr12:1.0
230031:1.0
160616:1.0
ua1ix:1.0
ua:1.6931471805599454
edu:1.6931471805599454
rpaturi:1.0
ho12:1.0
eng:1.0
ravi:1.0
write:1.0
hi:1.0
die:1.0
get:1.0
answer:1.0
price:1.0
poloci:1.0
dealer:1.0
san:1.0
jose:1.0
california:1.6931471805599454
move:1.6931471805599454
caal:1.0
al:1.0
alabama:1.0
sympathi:1.0
year:1.0
tmodel:1.0
tdescript:1.0
tmilag:1.0
tprice:1.0
1991:1.6931471805599454
t318:1.6931471805599454
tblack:1.0
look:1.0
good:1.0
46k:1.0
t10:1.0
6k:1.6931471805599454
t5sp:1.0
manual:1.0
ac:1.0
tcassett:1.0
sun:1.0
roof:1.0
1989:1.0
twhite:1.0
aboov:1.0
50k:1.0
9:1.0
make:1.0
sure:1.6931471805599454
mainten:1.0
record:1.0
oil:1.0
chang:1.0
everi:1.0
3:1.0
month:1.0
mileag:1.0
car:1.0
fine:1.0
16:1.0
valv:1.6931471805599454
engin:1.0
8:1.0
318:1.0
name:1.0
89:1.0
325i:1.0
12k:1.0
jump:1.0
nc2145:1.0
b30:1.0
ama:1.0
686532:1.0
dod:1.0
132569:1.0
suzuki:1.0
bandit:1.0
1977:1.0
r100:1.0
7:1.0
