parr:1.6931471805599454
ac:2.6094379124341005
ucalgari:1.6931471805599454
ca:1.6931471805599454
charl:1.6931471805599454
subject:1.0
saturn:2.09861228866811
puzzl:1.0
price:2.9459101490553135
distribut:1.0
na:1.0
nntp:1.0
post:1.0
host:1.0
acs3:1.0
organ:1.0
univers:1.0
calgari:1.0
alberta:1.0
line:1.0
37:1.0
articl:1.6931471805599454
1993mar31:1.0
181813:1.0
24122:1.0
magnu:2.09861228866811
ohio:2.09861228866811
state:2.09861228866811
edu:2.09861228866811
jnielsen:1.6931471805599454
john:1.6931471805599454
f:1.6931471805599454
nielsen:1.6931471805599454
write:2.09861228866811
1pcgv5:1.0
oj9:1.0
armori:1.0
centerlin:1.6931471805599454
com:1.6931471805599454
jimf:1.0
jim:1.0
frost:1.0
want:1.6931471805599454
get:1.6931471805599454
lowest:1.0
possibl:1.0
call:1.0
capit:2.09861228866811
news:1.0
practic:1.0
maxim:1.0
profit:2.09861228866811
differ:2.09861228866811
lower:1.0
cost:2.09861228866811
increas:1.0
person:1.6931471805599454
bother:1.0
scheme:1.0
pay:1.0
much:1.0
sell:1.6931471805599454
go:1.0
buy:1.0
car:2.09861228866811
dealer:2.09861228866811
noth:1.0
competit:1.6931471805599454
charg:1.0
make:1.0
kind:1.0
best:1.0
power:1.0
em:1.0
rather:1.0
consum:2.09861228866811
dictat:1.6931471805599454
thing:1.0
sorri:1.0
neither:1.0
negoti:1.6931471805599454
whether:1.0
front:1.0
honda:1.0
dealership:1.0
dicker:1.0
war:1.0
remov:1.0
larger:1.0
econom:1.0
scale:1.0
ie:1.0
drop:1.0
compani:1.0
stop:1.0
build:1.6931471805599454
remain:1.0
valu:1.0
control:2.09861228866811
market:1.0
forc:1.0
think:1.0
ludicr:1.0
would:1.6931471805599454
free:1.0
one:1.0
regard:1.0
within:1.6931471805599454
span:1.0
last:1.0
week:1.0
heard:1.0
element:1.0
separ:1.0
thread:1.0
conjoin:1.0
time:1.0
struck:1.0
togeth:1.0
form:1.0
new:1.0
chord:1.0
hollow:1.0
echo:1.0
gourd:1.0
unknown:1.0
net:1.0
