ravi:3.0794415416798357
merlin:2.09861228866811
dev:2.386294361119891
cdx:2.386294361119891
mot:2.386294361119891
com:2.386294361119891
puvvala:2.386294361119891
subject:1.0
13:1.0
500:1.0
mazda:2.09861228866811
626:2.09861228866811
dx:1.6931471805599454
air:1.0
fm:1.0
good:2.09861228866811
deal:1.6931471805599454
nntp:1.0
post:1.0
host:1.0
elvi:1.0
repli:1.6931471805599454
organ:1.0
motorola:1.6931471805599454
codex:1.6931471805599454
line:1.0
12:1.0
hi:1.0
netter:1.0
ti:1.0
want:1.0
know:1.0
13500:1.0
w:1.0
tax:1.0
1993:1.0
perform:1.0
review:1.0
far:1.0
buy:1.0
plea:1.0
read:1.0
group:1.0
often:1.0
thank:1.0
advanc:1.0
kiran:1.0
purpos:1.0
educ:1.0
mere:1.0
assimil:1.0
fact:1.0
blow:1.0
boston:1.0
money:1.0
