tpickett:2.09861228866811
auspex:2.386294361119891
com:2.791759469228055
tom:2.09861228866811
pickett:2.09861228866811
subject:1.0
sho:2.09861228866811
sc:1.0
repli:1.0
organ:1.0
system:1.0
inc:1.0
engin:1.0
line:1.0
20:1.0
nntp:1.0
post:1.0
host:1.0
144:1.0
48:1.0
14:1.0
46:1.0
articl:1.0
1qehi6:1.0
ork:1.0
armori:1.0
centerlin:1.6931471805599454
jimf:1.0
jim:1.0
frost:1.0
write:1.0
ok:1.0
give:1.0
reason:1.0
1:1.0
neither:1.6931471805599454
car:1.6931471805599454
design:2.386294361119891
turn:1.6931471805599454
speed:2.09861228866811
2:1.0
stop:1.6931471805599454
quickli:1.0
3:1.0
safeti:1.0
mechan:1.0
impact:1.0
4:1.0
uncontrol:1.0
environ:1.0
lead:1.0
unpredict:1.0
circumst:1.0
might:1.0
need:1.0
notic:1.0
chanc:1.0
access:1.0
one:1.0
would:1.0
idea:1.0
handl:1.0
wonder:1.0
74616:1.0
2237:1.0
compuserv:1.0
goze:1.0
