boyl:2.386294361119891
cactu:2.09861228866811
org:2.09861228866811
craig:2.386294361119891
subject:1.0
6700:1.0
hail:2.09861228866811
damag:1.6931471805599454
record:1.6931471805599454
organ:1.0
capit:1.0
area:1.0
central:1.0
texa:1.0
unix:1.0
societi:1.0
austin:1.6931471805599454
tx:1.6931471805599454
distribut:1.0
usa:1.0
line:1.0
30:1.0
articl:1.6931471805599454
1993apr20:1.0
203219:1.0
7724:1.0
pencom:2.09861228866811
com:2.09861228866811
stecz:1.6931471805599454
write:1.6931471805599454
1993apr19:1.0
235711:1.0
7285:1.0
90:1.0
integra:1.0
hit:1.0
hard:1.0
3:1.0
25:1.0
hailstorm:1.6931471805599454
insur:1.0
compani:1.0
cut:1.0
check:1.0
6600:1.0
100:1.0
deduct:1.0
last:1.0
week:1.0
anybodi:1.0
el:1.0
settlement:1.0
yet:1.0
rumor:1.0
guy:1.0
dell:1.0
comput:1.0
miata:1.6931471805599454
total:1.0
would:1.0
10k:1.6931471805599454
guess:1.0
either:1.0
top:1.6931471805599454
rip:1.0
could:1.0
worth:1.0
bodi:1.0
john:1.0
steczkowski:1.0
constitut:1.0
grant:1.0
right:1.0
life:1.0
liberti:1.0
pursuit:1.0
happi:1.6931471805599454
attempt:1.0
guarante:1.0
everyon:1.0
