marshatt:1.0
feserv:1.0
cc:1.0
purdu:1.6931471805599454
edu:1.0
zauber:1.0
subject:1.0
warn:1.0
plea:1.6931471805599454
read:1.0
organ:1.0
univers:1.0
distribut:1.0
usa:1.0
line:1.0
5:1.0
sorri:1.0
last:1.0
post:1.0
server:1.0
neglect:1.0
send:1.0
messag:1.0
keep:1.0
group:1.0
automot:1.0
topic:1.0
thank:1.0
