danmg:1.0
grok85:2.09861228866811
columbiasc:2.09861228866811
ncr:2.386294361119891
com:2.09861228866811
daniel:1.6931471805599454
adam:1.0
subject:1.0
bmw:2.09861228866811
3:1.6931471805599454
seri:1.0
94:1.0
nntp:1.0
post:1.0
host:1.0
repli:1.0
dan:1.0
organ:1.0
corpor:1.0
line:1.0
19:1.0
articl:1.6931471805599454
1qll56innp9r:1.0
uwm:1.6931471805599454
edu:2.386294361119891
qazi:1.6931471805599454
csd4:1.0
csd:1.0
aamir:1.0
hafeez:1.0
write:1.0
eabu288:1.6931471805599454
140493210752:1.0
dialin33635:1.0
slip:1.0
nt:1.0
uci:1.6931471805599454
orion:1.0
oac:1.0
alvin:1.0
go:1.6931471805599454
328:1.0
1994:1.0
could:1.0
2:2.791759469228055
5:1.6931471805599454
liter:1.6931471805599454
six:1.6931471805599454
suppos:1.0
enlarg:1.0
8:1.0
distant:1.0
futur:1.0
make:1.0
sen:1.0
sinc:1.0
new:1.0
merced:1.0
benz:1.0
engin:2.09861228866811
2l:1.0
4:1.0
8l:1.0
6:1.6931471805599454
noth:1.0
btw:1.0
beleiv:1.0
number:1.0
mb:1.6931471805599454
156:1.0
225:1.0
hp:2.09861228866811
respect:1.0
one:1.0
upmanship:1.0
might:1.0
induc:1.0
creat:1.0
larger:1.0
also:1.0
190e:1.0
lag:1.0
behind:1.0
er:1.0
time:1.0
wrt:1.0
sure:1.0
bavarian:1.0
want:1.0
shown:1.0
schwabian:1.0
p:1.0
releas:1.0
yet:1.0
