dduff:1.0
col:1.0
hp:2.09861228866811
com:1.6931471805599454
dave:1.0
duff:1.0
subject:1.0
wax:1.6931471805599454
new:1.0
car:1.0
organ:1.0
colorado:1.0
spring:1.0
divis:1.0
line:1.0
5:1.0
nntp:1.0
post:1.0
host:1.0
fajita19:1.0
c:1.0
itc:1.0
41:1.0
chrysler:1.0
paint:2.09861228866811
told:1.0
refrain:1.0
leav:1.0
sun:1.0
supposedli:1.0
let:1.6931471805599454
volatil:1.0
escap:1.0
month:1.0
smell:1.0
15:1.0
foot:1.0
away:1.0
hot:1.0
day:1.0
slight:1.0
irregularit:1.0
surfac:1.0
flow:1.0
remain:1.0
littl:1.0
soft:1.0
