boyl:2.386294361119891
cactu:1.6931471805599454
org:1.6931471805599454
craig:2.386294361119891
subject:1.0
opel:2.386294361119891
owner:1.0
organ:1.0
capit:1.0
area:1.6931471805599454
central:1.0
texa:1.0
unix:1.0
societi:1.0
austin:1.0
tx:1.0
line:1.0
45:1.0
articl:1.6931471805599454
c5t3b2:1.0
dg:1.0
news:1.6931471805599454
cso:2.386294361119891
uiuc:2.9459101490553135
edu:2.6094379124341005
cka52397:1.6931471805599454
uxa:1.6931471805599454
oriolefan:1.6931471805599454
write:2.386294361119891
c5sxi4:1.0
j9b:1.0
gibbonsa:1.6931471805599454
fraser:1.0
sfu:1.6931471805599454
ca:1.6931471805599454
darren:1.6931471805599454
gibbon:1.6931471805599454
look:2.386294361119891
inform:1.0
car:2.386294361119891
ask:1.0
model:1.0
well:1.6931471805599454
sad:1.0
truth:1.0
entir:1.6931471805599454
sure:1.6931471805599454
two:1.0
seater:1.0
roll:1.0
headlight:1.0
hard:1.6931471805599454
top:1.0
realli:2.09861228866811
sporti:1.0
friend:1.0
one:1.6931471805599454
sit:1.0
yard:1.0
nice:1.0
condit:1.0
bodi:1.6931471805599454
wise:1.0
transmiss:1.0
seiz:1.0
run:1.0
anyon:1.0
info:1.0
engin:1.0
compart:1.0
tight:1.0
work:1.0
fine:1.0
shape:1.0
quit:1.0
interest:1.0
thank:1.0
tthi:1.0
would:1.6931471805599454
manta:2.791759469228055
sold:2.09861228866811
buick:1.6931471805599454
dealer:1.0
mid:1.6931471805599454
70:2.09861228866811
price:1.0
leader:1.0
sound:1.0
lot:1.0
like:1.6931471805599454
gt:2.386294361119891
guess:1.0
chassi:1.0
kadett:2.6094379124341005
rather:1.0
bigger:1.0
could:1.0
easili:1.0
wrong:1.0
think:2.09861228866811
later:1.0
ti:1.0
european:1.6931471805599454
name:1.0
pretti:1.0
u:1.6931471805599454
differ:1.6931471805599454
littl:1.0
chanc:1.0
went:1.0
sever:1.0
gener:1.0
coup:1.6931471805599454
version:1.6931471805599454
ascona:1.0
ok:1.0
time:1.0
pontiac:1.0
leman:1.6931471805599454
true:1.0
market:1.0
year:1.0
old:1.0
latest:1.0
earli:1.0
sport:1.0
chintan:1.0
amin:1.0
univers:1.0
illinoi:1.0
urbanachampaign:1.0
mail:1.0
llama:1.0
sig:1.0
construct:1.0
hat:1.0
