aep:1.0
world:1.6931471805599454
std:1.0
com:1.0
andrew:1.6931471805599454
e:1.6931471805599454
page:1.6931471805599454
subject:1.6931471805599454
import:1.0
volvo:1.6931471805599454
organ:1.0
public:1.0
access:1.0
unix:1.0
brooklin:1.0
line:1.0
9:1.0
articl:1.0
busi:1.0
week:1.6931471805599454
4:1.0
ago:1.0
fact:1.0
850:1.0
one:1.0
car:1.0
laid:1.0
exampl:1.0
warrior:1.0
poet:1.0
decis:1.0
effort:1.0
archer:1.0
arrow:1.0
mac:1.0
consult:1.0
differ:1.0
macintosh:1.0
dsp:1.0
technolog:1.0
want:1.0
