tmspenc:1.0
bronz:1.6931471805599454
uc:1.6931471805599454
indiana:2.09861228866811
edu:1.6931471805599454
thoma:1.0
morri:1.0
spencer:1.6931471805599454
subject:1.0
honda:1.6931471805599454
group:1.6931471805599454
nntp:1.0
post:1.0
host:1.0
organ:1.0
univers:1.0
distribut:1.0
na:1.0
line:1.0
6:1.0
especi:1.0
one:1.0
deal:1.0
prelud:1.0
tom:1.0
