jimf:1.6931471805599454
centerlin:2.09861228866811
com:2.09861228866811
jim:1.6931471805599454
frost:1.6931471805599454
subject:1.0
best:1.0
radar:1.6931471805599454
detector:2.09861228866811
valentin:2.09861228866811
1:2.6094379124341005
organ:1.0
softwar:1.0
inc:1.0
line:1.0
26:1.0
nntp:1.0
post:1.0
host:1.0
140:1.0
239:1.0
3:1.6931471805599454
202:1.0
troy:1.6931471805599454
sequent:1.0
wecker:1.0
write:1.0
question:1.0
299:1.0
good:1.0
rang:1.6931471805599454
signific:1.0
enough:1.0
2:1.0
time:1.0
expens:2.09861228866811
other:1.0
big:1.0
win:1.0
v:1.6931471805599454
rather:1.6931471805599454
direction:1.0
multipl:1.6931471805599454
transmitt:1.0
track:1.0
later:1.0
call:1.6931471805599454
gimmick:1.0
conclus:1.0
disagre:1.0
sinc:1.0
incorpor:1.0
receiv:1.0
surpris:1.0
significantli:1.6931471805599454
ad:2.09861228866811
capabl:1.0
may:1.0
help:1.0
valu:1.6931471805599454
u:1.0
live:1.0
area:1.6931471805599454
lot:1.0
fals:1.6931471805599454
alarm:1.6931471805599454
summari:1.0
way:1.0
better:1.0
perform:1.0
certainli:1.0
interest:1.0
anoth:1.0
person:1.0
think:1.0
might:1.0
come:1.0
high:1.0
cost:1.6931471805599454
adequ:1.0
avail:1.0
le:1.0
half:1.0
one:1.0
suit:1.0
well:1.0
long:1.0
distanc:1.0
travel:1.0
familiar:1.0
probabl:1.0
consid:1.0
get:1.0
addit:1.0
inform:1.0
would:1.0
use:1.0
discrimin:1.0
