organ:1.0
central:1.0
michigan:1.0
univers:1.0
john:1.6931471805599454
foster:1.0
32hnbak:1.0
cmuvm:1.0
csv:1.0
cmich:1.0
edu:2.09861228866811
subject:1.0
chang:2.386294361119891
oil:2.6094379124341005
self:1.0
1993apr15:1.0
112826:1.0
25211:1.0
colorado:1.6931471805599454
line:1.0
38:1.0
drew:1.6931471805599454
kinglear:1.0
c:1.0
eckhardt:1.0
articl:1.0
pod:1.6931471805599454
734834505:1.0
sour:1.6931471805599454
sw:1.6931471805599454
oz:1.6931471805599454
au:1.6931471805599454
paul:1.0
donnel:1.0
wri:1.0
1qgi8einnhs5:1.0
skeena:1.0
uc:1.0
ubc:1.6931471805599454
ca:1.6931471805599454
yiklam:1.0
unixg:1.0
yik:1.0
chong:1.0
lam:1.0
write:1.0
hello:1.0
anyon:1.0
know:1.6931471805599454
take:1.0
bolt:1.6931471805599454
engin:1.6931471805599454
compart:1.0
turn:1.6931471805599454
clockwis:1.0
counter:1.0
tri:1.6931471805599454
kind:1.0
lubric:1.0
wd:1.0
40:1.0
etc:1.0
still:1.0
fail:1.0
think:1.0
use:1.6931471805599454
electr:1.6931471805599454
drill:1.6931471805599454
suitabl:1.0
bit:1.0
succeed:1.0
tighten:1.0
tight:1.0
safe:1.0
without:1.0
leak:1.0
need:1.0
power:1.0
tool:1.0
undo:1.6931471805599454
probabl:1.6931471805599454
give:1.0
much:1.6931471805599454
extra:1.0
torqu:1.0
anyway:1.0
wd40:1.0
help:1.0
thing:2.09861228866811
seiz:1.0
due:1.0
rust:1.0
unlik:1.0
drain:1.6931471805599454
plug:1.0
abl:1.0
spanner:1.0
loosen:1.0
becom:1.0
loo:1.6931471805599454
bash:1.0
knuckl:1.6931471805599454
undersid:1.0
car:1.6931471805599454
price:1.6931471805599454
must:1.0
pay:1.6931471805599454
work:1.0
wrench:2.09861228866811
want:1.0
pull:1.6931471805599454
toward:1.0
away:1.0
pain:1.6931471805599454
split:1.0
hard:1.0
way:1.0
push:1.0
open:1.0
hand:1.6931471805599454
find:1.0
method:1.0
better:1.0
although:1.0
realli:1.0
hate:1.0
final:1.0
come:2.09861228866811
crash:1.0
face:1.6931471805599454
15:1.0
minut:1.0
later:1.6931471805599454
cloth:1.0
time:1.0
ice:1.6931471805599454
entir:1.0
suck:1.0
20:1.0
tylenol:1.6931471805599454
ea:1.0
day:1.0
proceed:1.0
refil:1.0
crazi:1.0
one:1.0
weekend:1.0
go:1.0
3:1.0
bottl:1.0
2:1.0
bag:1.0
