hacker:2.386294361119891
cco:1.0
caltech:2.386294361119891
edu:2.09861228866811
jonathan:1.0
bruce:1.0
subject:1.0
auto:1.0
air:1.6931471805599454
condit:1.6931471805599454
without:1.0
freon:1.0
articl:1.6931471805599454
gap:1.0
1qnb5rinn281:1.0
distribut:1.0
usa:1.0
organ:1.6931471805599454
california:1.0
institut:1.0
technolog:1.0
pasadena:1.6931471805599454
line:1.0
39:1.0
nntp:1.0
post:1.0
host:1.0
sandman:1.0
markm:1.0
bigfoot:1.0
sp:1.0
mot:1.0
com:2.09861228866811
mark:1.0
monning:1.0
write:1.6931471805599454
1993apr15:1.0
222600:1.0
11690:1.0
research:1.0
nj:1.6931471805599454
nec:1.6931471805599454
behanna:1.6931471805599454
syl:1.0
chri:1.0
tsever:1.0
chemist:1.0
alreadi:1.0
come:1.0
sever:1.0
substitut:2.386294361119891
r12:1.6931471805599454
hear:1.0
mobil:1.0
societi:1.0
mac:1.0
peopl:1.6931471805599454
stand:1.0
rake:1.0
300:1.0
1000:1.0
per:1.6931471805599454
retrofit:1.0
automobil:1.0
mount:1.0
campaign:1.0
squash:1.0
exist:2.09861228866811
ban:1.0
altogeth:1.0
shaki:1.0
technic:1.0
ground:1.0
best:1.0
outright:1.0
lie:1.0
worst:1.0
say:1.0
wrong:1.0
know:1.6931471805599454
r:1.0
12:1.6931471805599454
sound:1.0
lot:1.0
like:1.0
200mpg:1.6931471805599454
carb:1.6931471805599454
oil:1.0
compani:1.0
keep:1.0
u:1.0
get:2.09861228866811
time:1.0
avail:1.6931471805599454
futur:1.0
doubt:1.0
1:2.09861228866811
ghg:1.0
weld:1.0
suppli:1.0
800:1.6931471805599454
382:1.0
9006:1.0
2:2.09861228866811
butan:1.0
propan:1.0
mix:1.0
one:1.0
ever:1.0
regul:1.0
away:1.0
make:1.0
sure:1.0
use:1.0
good:1.0
qualiti:1.0
dri:1.0
gase:1.0
distributor:1.0
jon:1.0
o:1.6931471805599454
march:1.0
beta:1.6931471805599454
cd:1.0
rom:1.0
ca:1.0
20:1.0
call:1.0
3:1.0
ibm:1.0
os2:1.6931471805599454
tumbler:1.0
ridg:1.0
read:1.0
comp:1.0
