cak3:1.6931471805599454
ns1:1.0
cc:1.0
lehigh:2.09861228866811
edu:1.6931471805599454
chad:2.09861228866811
andrew:1.0
kauffman:1.0
subject:1.0
car:2.09861228866811
alarm:2.386294361119891
info:1.0
ungo:1.6931471805599454
box:1.6931471805599454
organ:1.0
univers:1.0
line:1.0
12:1.0
want:1.0
get:1.6931471805599454
think:1.0
anyon:1.0
knowledg:1.0
experi:1.0
price:1.0
rang:1.0
differ:1.0
model:1.0
good:1.0
plea:1.0
email:1.0
responc:1.0
ns3:1.0
