rhorwel:1.6931471805599454
crab:1.6931471805599454
network:1.0
roland:1.6931471805599454
faragh:1.0
horwel:1.0
subject:1.0
dumbest:1.6931471805599454
automot:1.0
concept:1.0
tim:1.0
repli:1.0
atc:1.0
boe:1.6931471805599454
com:2.09861228866811
organ:1.0
comput:1.0
servic:1.0
line:1.0
19:1.0
articl:1.6931471805599454
1el:1.0
targhe:1.0
idaho:1.6931471805599454
amdahl:1.6931471805599454
rb:1.0
sawtooth:1.0
bob:1.0
smith:1.0
write:1.6931471805599454
1993apr7:1.0
173712:1.0
23250:1.0
ca:1.6931471805599454
org:1.6931471805599454
sdm24:1.0
imho:1.0
thing:1.0
ever:1.0
copi:2.09861228866811
japanes:2.09861228866811
move:1.0
dimmer:2.09861228866811
switch:1.6931471805599454
floor:1.0
lever:1.0
control:1.6931471805599454
turn:1.6931471805599454
signal:1.6931471805599454
cruis:1.0
bun:1.0
warmer:1.0
etc:1.0
well:1.0
1973:1.0
porsch:1.0
stalk:1.6931471805599454
guess:1.0
dumb:1.6931471805599454
german:1.6931471805599454
rest:1.0
delet:1.0
mention:1.0
friend:1.0
54:1.0
citroen:1.0
traction:1.0
avant:1.0
light:1.0
integr:1.0
singl:1.0
steer:1.0
column:1.0
french:1.0
appar:1.0
