mani:1.0
raunvi:1.6931471805599454
hi:1.6931471805599454
ani:1.0
thorsteinsson:1.0
subject:1.0
loi:1.6931471805599454
chevrolet:2.09861228866811
distribut:1.0
rec:1.0
line:1.0
7:1.0
nntp:1.0
post:1.0
host:1.0
whatch:1.0
histori:1.0
indi:1.0
500:1.0
day:1.0
earli:1.0
film:1.0
around:1.0
10:1.0
20:1.0
name:1.6931471805599454
came:1.0
blue:1.0
want:1.0
know:1.0
founder:1.0
mearli:1.0
driver:1.0
call:1.0
guy:1.0
koni:1.0
