mcrosbi:1.0
batman:1.0
bmd:1.0
trw:1.0
com:1.0
subject:1.0
syclon:1.6931471805599454
typhoon:1.6931471805599454
owner:1.6931471805599454
line:1.0
4:1.0
want:1.0
start:1.0
list:1.0
interest:1.0
particip:1.0
plea:1.0
contact:1.0
via:1.0
e:1.0
mail:1.0
merril:1.0
