schrader:2.386294361119891
pi:1.0
eai:1.6931471805599454
iastat:1.6931471805599454
edu:1.6931471805599454
dave:1.6931471805599454
subject:1.6931471805599454
400:1.6931471805599454
big:1.6931471805599454
block:1.6931471805599454
keyword:1.0
articl:1.0
news:1.0
c5mf3f:1.0
lnb:1.0
organ:1.0
engin:1.0
anim:1.0
inc:1.0
line:1.0
9:1.0
say:1.0
70k:1.0
brother:1.0
law:1.0
want:1.0
250:1.0
plea:1.0
repli:1.0
post:1.0
number:1.0
5pm:1.0
10pm:1.0
712:1.6931471805599454
676:1.0
3669:1.0
daytim:1.0
269:1.0
1261:1.0
