hkon:1.0
mit:2.09861228866811
edu:1.6931471805599454
henri:1.0
kon:1.0
subject:1.0
sunroof:1.6931471805599454
leak:1.6931471805599454
wet:1.0
organ:1.0
line:1.0
8:1.0
nntp:1.0
post:1.0
host:1.0
msiegel:1.0
alway:1.0
thought:1.0
thing:1.6931471805599454
royal:1.0
pain:1.0
anyon:1.0
provid:1.0
insight:1.0
know:1.0
seal:1.0
great:1.0
mayb:1.0
could:1.0
weld:1.0
stupid:1.0
shut:1.0
hk:1.0
