darl:2.6094379124341005
cellar:2.386294361119891
org:1.6931471805599454
thoma:1.6931471805599454
subject:1.0
good:1.0
hockey:1.6931471805599454
bad:1.0
organ:1.0
bb:1.6931471805599454
public:1.6931471805599454
access:1.6931471805599454
system:1.6931471805599454
line:1.0
17:1.0
jmd:1.0
cbnewsm:1.0
cb:1.0
att:1.0
com:1.0
joseph:1.0
dake:1.0
write:1.0
articl:1.6931471805599454
1ppdccinnbe1:1.0
dev:1.6931471805599454
null:1.6931471805599454
phi:1.6931471805599454
psu:1.6931471805599454
edu:2.09861228866811
stimpi:1.0
c4wxnf:1.0
bx1:1.0
constel:1.0
ecn:1.0
uoknor:1.0
mfoster:1.0
alliant:1.0
backbo:1.0
prefer:1.0
miami:1.6931471805599454
colon:2.09861228866811
headlin:1.0
flame:1.0
blow:1.0
9:1.0
1:1.0
would:1.0
kevin:1.6931471805599454
dineen:1.6931471805599454
play:1.0
flyer:1.0
fan:1.0
resent:1.0
make:1.0
butt:1.0
joke:1.0
aw:1.0
take:1.0
moment:1.0
digest:1.0
sure:1.0
see:1.0
humour:1.0
215:1.0
539:1.0
3043:1.0
geni:1.0
facthq:1.0
truth:1.0
thru:1.0
technolog:1.0
v:4.555348061489413
