seth:1.0
cbnewsh:1.6931471805599454
cb:1.0
att:1.0
com:1.0
peter:1.0
r:1.0
clark:1.6931471805599454
jr:1.0
subject:1.0
adam:1.6931471805599454
divis:1.6931471805599454
race:1.6931471805599454
articl:1.6931471805599454
1993apr5:1.0
141123:1.0
8101:1.0
distribut:1.0
na:1.0
organ:1.0
line:1.0
21:1.0
1993apr2:1.0
175052:1.0
22810:1.0
thunder:1.0
mcrcim:1.6931471805599454
mcgill:1.6931471805599454
edu:1.6931471805599454
breton:2.09861228866811
pierr:2.09861228866811
write:1.0
certainli:1.0
interest:1.0
year:1.0
import:1.0
data:1.0
keep:1.0
mind:1.0
eventu:1.0
tie:2.09861228866811
given:1.0
stand:1.0
posit:1.0
head:1.6931471805599454
game:2.6094379124341005
quebec:2.386294361119891
win:1.0
montreal:2.09861228866811
4:2.386294361119891
3:2.09861228866811
0:1.6931471805599454
boston:2.386294361119891
lead:1.0
1:1.6931471805599454
two:1.0
remain:2.09861228866811
one:1.6931471805599454
aka:1.0
fluid:1.0
glacial:1.0
purpos:1.0
breaker:1.0
count:1.6931471805599454
first:1.0
three:1.0
citi:1.0
therefor:1.0
possibl:1.0
ahead:1.0
probabl:1.6931471805599454
mean:1.0
alreadi:1.0
pete:1.0
rsh:1.0
flyer:1.0
contact:1.0
