jslam:1.0
cbnewsl:1.6931471805599454
cb:1.0
att:1.0
com:1.0
joseph:1.0
lam:1.0
subject:1.0
request:1.0
island:2.09861228866811
e:1.6931471805599454
mail:1.6931471805599454
list:2.09861228866811
articl:2.09861228866811
1993apr5:1.0
183014:1.0
16567:1.0
distribut:1.0
na:1.0
organ:1.0
line:1.0
26:1.0
1993apr3:1.0
014237:1.0
20959:1.0
sifon:1.0
cc:1.0
mcgill:2.09861228866811
ca:2.09861228866811
bui:2.09861228866811
ee470:1.6931471805599454
ee:1.6931471805599454
mr:1.0
write:1.6931471805599454
16b5xvf:1.0
rpi:1.6931471805599454
edu:1.6931471805599454
wangr:1.0
anyon:1.0
keep:1.0
could:1.0
plea:1.6931471805599454
add:1.6931471805599454
thank:1.6931471805599454
advanc:1.0
ercu:1.0
tcan:1.0
u:1.0
onto:1.0
rex:1.0
count:1.6931471805599454
go:1.6931471805599454
isl:1.6931471805599454
also:1.0
tell:1.0
excit:1.0
beat:1.0
ranger:1.0
overtim:1.0
last:1.0
friday:1.0
