shadow:1.6931471805599454
r:1.6931471805599454
node:1.6931471805599454
hub:1.0
org:1.6931471805599454
jay:1.0
chu:1.0
subject:1.0
lindro:2.386294361119891
trade:1.6931471805599454
organ:1.0
summari:1.0
babe:1.0
go:1.6931471805599454
ottawa:1.6931471805599454
line:1.0
14:1.0
true:1.0
rumor:1.0
fact:1.0
big:1.0
three:1.0
way:1.0
deal:1.0
eric:1.0
senat:2.09861228866811
get:2.09861228866811
15mill:1.0
montreal:1.6931471805599454
alexand:1.0
daigl:1.0
first:1.0
round:1.0
pick:1.6931471805599454
philli:1.0
damphouss:1.0
bellow:1.0
patrick:1.0
roy:1.0
draft:1.0
gt:1.0
see:2.09861228866811
real:1.0
transpar:1.0
era:1.0
