golchowi:1.0
alchemi:1.0
chem:1.0
utoronto:1.0
ca:2.09861228866811
gerald:1.6931471805599454
olchowi:1.0
subject:1.0
trade:1.6931471805599454
rumor:1.0
montreal:2.386294361119891
ottawa:3.0794415416798357
philli:2.386294361119891
organ:1.0
univers:1.0
toronto:1.0
chemistri:1.0
depart:1.0
line:1.0
42:1.0
articl:1.0
1993apr5:1.0
203552:1.0
1:1.0
kean:1.6931471805599454
uc:1.6931471805599454
mun:1.6931471805599454
slegg:1.0
write:1.0
tsn:1.0
sportsdesk:1.0
report:2.386294361119891
sun:1.6931471805599454
send:1.6931471805599454
4:1.6931471805599454
player:2.09861228866811
15:2.386294361119891
million:2.09861228866811
includ:1.6931471805599454
vin:1.0
damphouss:1.0
brian:1.0
bellow:1.0
phillidelphia:1.0
eric:1.0
lindro:2.6094379124341005
give:2.386294361119891
first:1.0
round:1.0
pick:1.6931471805599454
obvious:1.0
got:1.0
taken:1.0
april:1.0
fool:1.0
joke:1.0
probabl:1.0
start:1.0
someon:1.6931471805599454
nordiqu:1.6931471805599454
bruin:1.0
like:2.09861228866811
exampl:1.0
go:2.09861228866811
reimburs:1.0
flyer:1.6931471805599454
paid:1.0
senat:1.0
get:2.09861228866811
sent:1.0
equival:1.0
6:1.0
7:1.0
draft:1.0
choic:1.0
quebec:1.6931471805599454
four:1.0
back:1.0
real:1.6931471805599454
badli:1.0
must:1.0
good:1.0
laugh:1.0
see:1.6931471805599454
much:1.6931471805599454
sport:1.0
medium:1.0
chosen:1.0
public:1.0
utter:1.0
nonsens:1.0
true:1.6931471805599454
depend:1.0
whether:1.0
choos:1.0
1st:1.0
overal:1.0
afford:1.0
salari:1.0
think:1.0
possibl:1.0
need:1.0
person:1.0
anyth:1.0
away:1.6931471805599454
mention:1.0
seem:1.0
huge:1.0
draw:1.0
repres:1.0
success:1.0
futur:1.0
franchis:1.0
may:1.0
better:1.0
take:1.0
believ:1.0
anyon:1.0
would:1.0
consid:1.0
crap:1.0
even:1.0
remotest:1.0
consider:1.0
