terenc:1.0
rokop:1.0
tr2i:1.0
andrew:1.6931471805599454
cmu:1.6931471805599454
edu:2.09861228866811
subject:1.0
ncaa:1.0
final:1.6931471805599454
winner:1.0
organ:1.0
freshman:1.0
physic:1.0
carnegi:1.0
mellon:1.0
pittsburgh:1.0
pa:1.0
line:1.0
9:1.0
nntp:1.0
post:1.6931471805599454
host:1.0
repli:1.0
1993apr4:1.0
165655:1.0
16932:1.0
miavx1:1.6931471805599454
ac:1.6931471805599454
muohio:1.0
ktgeiss:1.0
muohi:1.0
write:1.0
lake:1.0
state:1.0
main:1.6931471805599454
plea:1.0
5:1.0
lssu:1.0
4:1.0
terri:1.0
