golchowi:1.6931471805599454
alchemi:2.386294361119891
chem:2.09861228866811
utoronto:2.09861228866811
ca:2.09861228866811
gerald:2.09861228866811
olchowi:1.6931471805599454
subject:1.0
mani:1.0
european:1.0
nhl:1.0
articl:2.09861228866811
1993apr6:2.09861228866811
195022:1.0
6362:1.0
organ:1.0
univers:1.0
toronto:1.0
chemistri:1.0
depart:1.0
line:1.0
24:1.0
155743:1.0
18798:1.0
adob:1.6931471805599454
com:1.6931471805599454
snichol:1.0
sherri:1.0
nichol:1.0
write:1.6931471805599454
141557:1.0
8864:1.0
anyway:1.0
crawl:1.6931471805599454
back:1.0
hole:1.0
nba:1.0
care:1.0
get:1.6931471805599454
basketbal:1.0
player:2.6094379124341005
major:2.09861228866811
leagu:2.09861228866811
basebal:2.09861228866811
give:1.0
damn:1.0
except:1.0
cuba:1.6931471805599454
mlb:1.0
perfectli:1.0
will:1.0
take:1.0
defect:1.6931471805599454
first:1.0
sort:1.0
like:1.0
situat:1.6931471805599454
use:1.0
russian:1.0
czech:1.0
etc:1.0
hockey:1.0
polit:1.0
countri:1.0
chang:1.0
told:1.6931471805599454
blue:2.09861228866811
jay:2.09861228866811
expo:2.09861228866811
sign:1.0
oscar:1.0
linar:1.0
think:1.0
name:1.0
canada:1.6931471805599454
restrict:1.0
cuban:1.6931471805599454
u:1.0
team:1.6931471805599454
canadian:1.0
would:2.09861228866811
unhappi:1.0
play:1.6931471805599454
could:1.0
81:1.0
home:1.0
game:1.0
without:1.0
troubl:1.0
