joe13:1.0
pitt:1.0
edu:1.0
joseph:2.09861228866811
b:1.0
stiehm:2.09861228866811
subject:1.0
year:2.6094379124341005
biggest:1.0
worst:1.0
opinion:1.0
keyword:1.0
nhl:1.0
award:1.0
articl:2.09861228866811
blue:1.0
7995:1.0
organ:1.0
univers:1.0
pittsburgh:2.09861228866811
line:1.0
93:1.0
1993apr6:1.6931471805599454
170330:1.6931471805599454
12314:1.6931471805599454
morgan:1.6931471805599454
com:2.791759469228055
scairn:2.386294361119891
fsg:2.386294361119891
write:1.6931471805599454
mvp:1.6931471805599454
surpris:1.6931471805599454
disappoint:1.6931471805599454
new:3.0794415416798357
york:3.0794415416798357
ranger:2.791759469228055
messier:1.6931471805599454
kovalev:1.6931471805599454
bourqu:2.791759469228055
gartner:1.6931471805599454
zubov:1.6931471805599454
penguin:1.6931471805599454
gm:1.6931471805599454
must:1.6931471805599454
laugh:1.6931471805599454
head:1.6931471805599454
everi:1.6931471805599454
time:1.6931471805599454
think:1.6931471805599454
loser:1.6931471805599454
scott:1.6931471805599454
cairn:1.6931471805599454
email:1.6931471805599454
fusion:1.6931471805599454
system:1.6931471805599454
group:1.6931471805599454
usmail:1.6931471805599454
225:1.6931471805599454
broadway:1.6931471805599454
24th:1.6931471805599454
fl:1.6931471805599454
usa:1.6931471805599454
ny:1.6931471805599454
10007:1.6931471805599454
standard:1.6931471805599454
disclaim:1.6931471805599454
appli:1.6931471805599454
hope:1.6931471805599454
futur:1.6931471805599454
american:2.386294361119891
thought:2.386294361119891
warlik:1.6931471805599454
viciou:1.6931471805599454
peopl:1.6931471805599454
bet:1.6931471805599454
lot:2.791759469228055
high:2.386294361119891
school:1.6931471805599454
would:1.6931471805599454
pick:1.6931471805599454
mascot:1.6931471805599454
jack:1.6931471805599454
handey:1.6931471805599454
plea:1.6931471805599454
care:1.6931471805599454
phil:1.6931471805599454
like:2.386294361119891
score:2.386294361119891
look:1.6931471805599454
stat:1.6931471805599454
last:1.6931471805599454
work:1.6931471805599454
butt:1.6931471805599454
speed:2.386294361119891
creat:2.386294361119891
opportun:2.386294361119891
offens:2.386294361119891
zone:1.6931471805599454
allow:1.6931471805599454
pen:2.386294361119891
util:1.6931471805599454
potenti:1.6931471805599454
pay:1.6931471805599454
attent:1.6931471805599454
say:1.6931471805599454
know:1.6931471805599454
object:1.6931471805599454
injuri:1.6931471805599454
though:1.6931471805599454
much:2.386294361119891
said:1.6931471805599454
money:1.6931471805599454
offer:1.6931471805599454
littl:1.6931471805599454
guess:1.6931471805599454
