umturne4:1.6931471805599454
ccu:1.6931471805599454
umanitoba:2.09861228866811
ca:2.09861228866811
daryl:1.6931471805599454
turner:1.6931471805599454
subject:1.0
tp:2.09861228866811
stay:1.0
top:1.6931471805599454
nntp:1.0
post:1.0
host:1.0
gibson:1.0
cc:1.0
organ:1.0
univers:1.0
manitoba:1.6931471805599454
winnipeg:1.6931471805599454
canada:1.0
line:1.0
25:1.0
articl:1.0
1993apr6:1.0
171611:1.0
1:2.09861228866811
tnclu:1.6931471805599454
tele:1.6931471805599454
nokia:1.6931471805599454
fi:1.6931471805599454
hahietanen:1.0
write:1.0
mighti:1.0
one:1.0
get:1.6931471805599454
mightier:1.0
finnish:1.6931471805599454
champion:1.0
1992:1.0
3:1.0
still:1.0
stronger:1.0
oh:1.0
say:1.0
btw:1.0
juha:1.0
yl:2.386294361119891
nen:2.386294361119891
centr:1.6931471805599454
hpk:1.0
draft:2.09861228866811
jet:2.791759469228055
last:1.0
year:1.0
reach:1.0
level:1.0
among:1.0
good:1.0
playoff:1.6931471805599454
game:1.0
ye:1.0
choic:1.0
assum:1.0
cours:1.0
play:1.6931471805599454
kiekko:1.0
espoo:1.0
1990:1.0
91:1.0
5th:1.0
round:1.0
91st:1.0
overal:1.0
pick:1.0
1991:1.0
entri:1.0
notic:1.0
summari:1.0
realli:1.0
begun:1.0
well:1.0
r:1.0
h:1.0
contact:1.0
internet:1.0
fidonet:1.0
348:2.09861228866811
701:1.0
4:1.0
plea:1.0
rout:1.0
700:1.0
tkachuk:1.0
zhamnov:1.0
sel:1.6931471805599454
nne:1.6931471805599454
shoot:1.0
score:1.0
win:1.6931471805599454
cup:1.6931471805599454
essensa:1.0
vezina:1.0
housley:1.0
norri:1.0
calder:1.0
