j056600:1.0
lmsc5:1.0
lmsc:1.0
lockhe:1.6931471805599454
com:1.0
subject:1.0
faq:2.386294361119891
crash:2.09861228866811
newsread:1.6931471805599454
organ:1.0
missil:1.0
space:1.0
compani:1.0
inc:1.0
line:1.0
9:1.0
r:1.0
h:1.0
sheet:1.0
never:1.0
fail:1.0
way:1.0
avoid:1.6931471805599454
restart:1.0
machin:1.0
look:1.0
header:1.0
read:1.6931471805599454
anyon:1.0
el:1.0
problem:1.0
tim:1.0
irvin:1.0
season:1.0
near:1.0
merci:1.0
end:1.0
