dvb:1.6931471805599454
ick:1.6931471805599454
david:1.0
van:1.0
beveren:1.0
subject:1.0
sad:1.6931471805599454
day:1.6931471805599454
hockey:1.6931471805599454
organ:1.0
sunsoft:1.0
inc:1.0
lo:1.0
angel:1.0
ca:1.0
line:1.0
59:1.0
nntp:1.0
post:1.0
host:1.0
x:1.0
newsread:1.0
tin:1.0
1:2.386294361119891
pl3:1.0
ee0i:1.0
andrew:1.0
cmu:1.0
edu:1.0
ethan:1.0
z:1.0
evan:1.0
write:1.0
cours:1.6931471805599454
penalti:3.302585092994046
chang:1.0
rough:1.6931471805599454
tchauvanist:1.6931471805599454
male:2.09861228866811
aggress:1.0
slash:1.0
vent:1.0
frustrat:1.0
fight:1.6931471805599454
tproof:1.0
cope:1.0
feel:1.0
sinc:1.0
fall:1.0
three:2.09861228866811
class:1.0
foul:2.386294361119891
illeg:1.0
contact:1.6931471805599454
player:2.09861228866811
stick:1.6931471805599454
bodi:1.0
get:2.791759469228055
5:1.6931471805599454
game:2.791759469228055
2:2.386294361119891
unsportsmanlik:1.0
intent:1.0
inlclud:1.0
current:1.0
flavour:1.0
board:1.0
two:2.09861228866811
thrown:1.6931471805599454
fine:1.0
3:1.6931471805599454
technic:1.6931471805599454
bad:1.0
mouth:1.0
ref:1.0
coach:1.0
shot:2.791759469228055
award:1.0
besid:1.0
one:2.09861228866811
team:1.6931471805599454
period:2.6094379124341005
oppos:1.0
everi:1.6931471805599454
addit:1.0
end:1.0
victim:1.0
act:1.0
shoot:1.6931471805599454
ocur:1.0
work:1.0
well:1.0
sever:1.0
reason:1.6931471805599454
first:1.6931471805599454
excit:1.0
thing:1.6931471805599454
right:1.6931471805599454
follow:1.6931471805599454
better:1.6931471805599454
next:1.0
set:1.0
network:2.09861228866811
take:1.6931471805599454
commerci:2.09861228866811
final:1.0
announc:2.9459101490553135
meredith:1.0
dick:1.0
vital:1.0
john:1.0
madden:1.0
pat:1.0
summeral:1.0
marv:1.0
levi:1.0
among:1.0
other:1.0
abl:1.0
tell:1.6931471805599454
viewer:1.6931471805599454
happen:1.6931471805599454
pa:2.09861228866811
say:1.0
oh:1.0
rule:1.0
goal:1.0
score:1.6931471805599454
10:1.6931471805599454
20:1.0
time:2.09861228866811
play:1.6931471805599454
resum:1.0
way:1.0
sneak:1.0
told:1.0
tv:2.386294361119891
even:1.0
chanc:1.0
pronounc:1.0
name:1.0
serious:1.0
though:1.0
actual:1.6931471805599454
went:1.0
see:1.0
nba:1.0
basketbal:1.6931471805599454
last:1.0
week:1.0
life:1.0
amaz:1.0
bore:1.0
slow:1.0
fan:1.0
come:1.0
like:1.0
free:1.0
throw:1.6931471805599454
contest:1.0
laker:1.0
girl:1.0
routin:1.0
least:1.0
6:1.0
8:1.0
either:1.0
whistl:1.0
30:1.0
second:1.0
averag:1.0
mayb:1.0
le:1.0
48:1.0
minut:2.09861228866811
quarter:1.0
4:1.0
halftim:1.0
still:1.0
hour:1.0
plenti:1.0
room:1.0
jabber:1.0
noth:1.0
el:1.0
fairli:1.0
entertain:1.0
imho:1.0
watch:1.0
road:1.0
nhl:1.0
truli:1.0
enough:1.0
