subject:1.0
mani:1.0
european:1.0
nhl:1.0
riel:1.6931471805599454
unixg:1.6931471805599454
ubc:1.6931471805599454
ca:1.6931471805599454
william:1.0
organ:1.0
univers:1.0
british:1.0
columbia:1.0
vancouv:1.0
b:1.0
c:1.0
canada:1.0
nntp:1.0
post:1.0
host:1.0
line:1.0
6:1.0
long:1.0
cherri:1.0
student:1.0
sfu:1.0
arch:1.0
bunker:1.0
plea:1.0
keep:1.0
racist:1.0
drivel:1.0
net:1.0
embarass:1.0
canadian:1.0
everywher:1.0
bill:1.0
