mlindroo:1.0
finabo:1.0
abo:1.6931471805599454
fi:1.0
marcu:1.6931471805599454
lindroo:1.0
inf:1.0
subject:1.0
sweden:2.386294361119891
finland:2.386294361119891
april:1.6931471805599454
14:2.09861228866811
repli:1.0
etxonss:2.09861228866811
ufsa:2.09861228866811
ericsson:2.386294361119891
se:2.386294361119891
messag:1.0
thu:1.0
15:2.09861228866811
apr:1.0
1993:1.6931471805599454
06:1.0
32:1.0
53:1.0
gmt:1.0
organ:1.0
akademi:1.0
univers:1.0
x:1.0
news:1.6931471805599454
reader:1.0
vm:1.0
1:2.386294361119891
24:1.0
line:1.0
36:1.0
1993apr15:1.0
063253:1.0
17375:1.0
write:1.0
play:1.0
stockholm:2.09861228866811
globe:1.0
arena:1.0
4:2.6094379124341005
3:2.6094379124341005
2:3.1972245773362196
0:2.6094379124341005
1st:1.0
swe:2.386294361119891
jan:1.0
larsson:1.0
stefan:1.6931471805599454
nilsson:1.6931471805599454
patrik:1.6931471805599454
juhlin:1.6931471805599454
peter:1.0
popov:1.0
mikael:1.6931471805599454
renberg:1.6931471805599454
thoma:1.0
rundqvist:1.0
16:1.0
20:1.0
2nd:1.0
fin:2.09861228866811
mika:1.6931471805599454
nieminen:1.0
vill:1.0
siren:1.0
mikko:1.0
haapakoski:1.0
40:1.6931471805599454
timo:1.0
saarikoski:1.0
vesa:1.0
viitakoski:1.0
harri:1.0
laurila:1.0
17:1.6931471805599454
48:1.0
sh:1.0
3rd:1.0
fredrik:1.0
stillman:1.0
7:1.0
35:1.0
pp:1.0
8:1.0
saku:1.0
koivu:1.0
alatalo:1.0
13:1.0
shot:1.0
goal:1.0
penalti:1.0
attend:1.0
refere:1.0
12:2.09861228866811
41:1.0
2min:1.6931471805599454
470:1.0
borj:1.0
johansson:1.0
9:2.09861228866811
30:1.0
well:1.0
thing:1.0
differ:1.0
way:1.0
headlin:1.0
would:1.6931471805599454
nhl:1.0
european:1.0
divis:1.0
regular:1.6931471805599454
season:1.6931471805599454
game:2.09861228866811
storm:1.0
v:1.0
helsinki:1.6931471805599454
tornado:1.0
two:1.0
everi:1.0
north:1.0
american:1.0
base:1.0
team:1.0
46:1.0
might:1.0
ninth:1.0
final:1.0
encount:1.0
remain:1.0
27:1.0
involv:1.0
pari:1.0
dortmund:1.0
milan:1.0
nice:1.0
dream:1.0
staffan:1.0
axelsson:1.0
r:1.0
h:1.0
contact:1.0
swedish:1.0
hockey:1.0
