etxonss:1.6931471805599454
ufsa:1.6931471805599454
ericsson:2.386294361119891
se:2.09861228866811
staffan:2.09861228866811
axelsson:1.6931471805599454
subject:1.0
pen:2.386294361119891
info:1.0
need:1.0
nntp:1.0
post:1.0
host:1.0
uipc104:1.0
organ:1.0
telecom:1.0
stockholm:1.0
sweden:1.0
line:1.0
44:1.0
kevin:1.0
l:1.0
stamber:1.0
write:1.6931471805599454
anyon:1.0
help:1.0
item:1.0
plea:1.0
let:1.0
know:1.0
marku:2.386294361119891
naslund:2.386294361119891
saw:1.0
modo:2.386294361119891
lost:1.0
earli:1.0
nation:1.6931471805599454
tournament:2.09861228866811
play:2.386294361119891
team:2.791759469228055
world:2.09861228866811
championship:2.09861228866811
stat:1.0
avail:1.0
word:1.0
expect:1.0
join:2.6094379124341005
club:1.6931471805599454
good:1.6931471805599454
season:1.6931471805599454
swedish:2.09861228866811
elit:1.0
leagu:1.0
score:1.0
22:1.0
goal:1.0
17:1.0
assist:1.0
39:1.6931471805599454
point:1.6931471805599454
67:1.0
pim:1.0
game:1.6931471805599454
daryl:1.6931471805599454
year:1.6931471805599454
playoff:1.6931471805599454
sinc:1.0
start:1.6931471805599454
april:1.6931471805599454
18th:1.0
chanc:1.0
next:1.0
though:1.0
natur:1.0
want:1.6931471805599454
keep:1.0
superstar:1.0
forsberg:1.6931471805599454
latest:1.0
news:1.0
look:1.0
person:1.0
sponsor:1.0
order:1.0
match:1.0
kind:1.0
money:1.0
would:1.6931471805599454
receiv:1.0
nhl:1.6931471805599454
turner:1.0
assum:1.0
mean:1.0
hold:1.0
breath:1.0
go:1.6931471805599454
see:2.09861228866811
18:1.0
influx:1.6931471805599454
european:1.0
wc:2.09861228866811
sudden:1.0
elimin:1.6931471805599454
nhler:1.6931471805599454
earliest:1.0
player:1.6931471805599454
bound:1.0
could:1.0
last:1.0
round:1.0
robin:1.0
doubt:1.0
coach:1.6931471805599454
short:1.0
one:1.0
long:1.0
actual:1.0
curt:1.6931471805599454
lundmark:1.0
think:1.0
leav:1.6931471805599454
two:1.0
spot:1.6931471805599454
open:1.6931471805599454
addit:1.0
mat:1.0
sundin:1.0
call:1.0
johansson:1.0
hope:1.0
although:1.0
late:1.0
stage:1.0
technic:1.0
seem:1.0
recal:1.0
24:1.0
hr:1.0
final:1.0
r:1.0
h:1.0
contact:1.0
hockey:1.0
