galvint:1.6931471805599454
c:1.6931471805599454
np:1.6931471805599454
navi:1.6931471805599454
mil:1.6931471805599454
thoma:1.0
galvin:1.6931471805599454
subject:1.0
washington:1.6931471805599454
beat:2.09861228866811
pitt:1.0
organ:1.0
naval:1.0
postgradu:1.0
school:1.0
monterey:1.0
ca:2.09861228866811
line:1.0
23:1.0
articl:1.6931471805599454
93105:1.0
052120rap115:1.0
psuvm:2.09861228866811
psu:2.09861228866811
edu:2.09861228866811
robbi:1.6931471805599454
po:1.6931471805599454
rap115:1.6931471805599454
write:1.0
1993apr14:1.0
015415:1.0
10176:1.0
mprgate:1.0
mpr:1.6931471805599454
tasallot:1.0
galaxi:1.0
mathew:1.0
tasalloti:1.0
say:1.0
chanc:1.6931471805599454
year:1.0
seem:1.0
like:1.6931471805599454
team:1.6931471805599454
stop:1.0
penguin:2.09861228866811
win:1.6931471805599454
next:1.0
stanley:1.6931471805599454
cup:1.6931471805599454
realli:2.09861228866811
think:2.386294361119891
island:1.6931471805599454
devil:1.0
would:1.0
better:2.09861228866811
capit:1.0
imo:1.0
pgh:1.0
easi:1.0
contact:1.0
93:1.0
94:1.0
91:1.0
greater:1.0
reward:1.0
penn:1.0
state:1.0
ladi:1.0
lion:1.0
92:1.0
champion:1.0
mountain:1.0
valley:1.0
11:1.0
straight:1.0
noth:1.0
make:1.0
shot:1.0
even:1.0
whaler:1.0
two:1.0
game:1.0
well:1.0
sinc:1.0
pen:1.6931471805599454
fan:1.0
whole:1.0
question:1.0
moot:1.0
bruin:1.0
nordiqu:1.0
blackhawk:1.0
tom:1.0
tauru:1.0
