c5ff:1.0
jupit:1.0
sun:1.0
csd:1.0
unb:1.0
ca:1.0
cook:1.0
charli:1.0
subject:1.0
nhl:1.0
summari:1.0
par:1.0
result:1.0
game:1.0
play:3.1972245773362196
wed:1.0
april:1.0
14:2.09861228866811
1993:1.0
organ:1.0
univers:1.0
new:3.1972245773362196
brunswick:1.0
line:1.0
147:1.0
boston:2.791759469228055
2:4.80666248977032
0:5.1588830833596715
4:3.4849066497880004
ottawa:2.386294361119891
1:5.663439094112067
first:2.386294361119891
period:3.4849066497880004
robert:1.6931471805599454
5:3.4849066497880004
juneau:2.386294361119891
7:2.6094379124341005
19:1.6931471805599454
wiemer:1.6931471805599454
oat:1.6931471805599454
17:2.386294361119891
47:1.0
second:2.386294361119891
3:3.70805020110221
neeli:1.6931471805599454
11:2.09861228866811
murphi:2.386294361119891
6:3.1972245773362196
10:2.791759469228055
hugh:1.6931471805599454
richer:2.386294361119891
kimbl:1.6931471805599454
55:1.6931471805599454
archibald:1.6931471805599454
9:2.386294361119891
rumbl:1.6931471805599454
lamb:1.6931471805599454
37:2.09861228866811
third:2.386294361119891
boschman:1.6931471805599454
kudelski:1.6931471805599454
power:3.0794415416798357
scorer:2.9459101490553135
g:2.9459101490553135
pt:2.9459101490553135
washington:2.386294361119891
ny:3.0794415416798357
ranger:1.6931471805599454
score:2.386294361119891
bondra:2.09861228866811
36:1.6931471805599454
pivonka:2.09861228866811
cavallini:1.6931471805599454
54:1.6931471805599454
cote:1.6931471805599454
island:2.791759469228055
hartford:2.9459101490553135
ferraro:2.09861228866811
13:1.6931471805599454
malakhov:2.09861228866811
king:2.09861228866811
29:1.6931471805599454
hogu:2.09861228866811
32:1.0
thoma:2.09861228866811
turgeon:1.6931471805599454
57:1.0
yake:2.09861228866811
21:1.0
poulin:2.386294361119891
15:1.6931471805599454
22:1.6931471805599454
nyland:1.6931471805599454
16:1.0
44:1.0
verbeek:1.6931471805599454
39:1.0
cassel:2.09861228866811
weinrich:1.6931471805599454
pp:2.09861228866811
43:1.0
35:1.0
58:1.0
burt:1.6931471805599454
sanderson:1.6931471805599454
41:1.0
8:1.6931471805599454
45:1.6931471805599454
overtim:1.6931471805599454
janssen:1.6931471805599454
12:2.6094379124341005
08:1.0
pittsburgh:3.0794415416798357
jersey:3.0794415416798357
daniel:1.6931471805599454
needham:1.6931471805599454
tippett:1.6931471805599454
lemieux:3.0794415416798357
semak:2.386294361119891
driver:2.09861228866811
steven:2.6094379124341005
tocchet:2.09861228866811
40:2.09861228866811
zelepukin:2.386294361119891
niedermay:1.6931471805599454
26:1.0
68:1.0
42:1.0
27:1.0
mceachern:1.6931471805599454
28:1.0
jagr:2.09861228866811
barrasso:1.6931471805599454
24:1.0
guerin:1.6931471805599454
pellerin:1.6931471805599454
69:1.0
unassist:1.0
sh:1.6931471805599454
nichol:1.6931471805599454
53:1.0
30:1.0
mullen:1.6931471805599454
33:1.0
18:1.0
special:1.0
goal:1.0
total:1.0
