ayari:1.6931471805599454
judikael:1.0
loria:1.0
fr:1.0
iskand:1.0
subject:1.0
nhlpa:1.6931471805599454
poll:1.6931471805599454
stat:1.0
2nd:2.09861228866811
uptad:1.6931471805599454
organ:1.0
crin:1.0
inria:1.0
lorrain:1.0
line:1.0
40:1.0
stand:1.0
29:1.0
vote:2.09861228866811
5:2.6094379124341005
point:1.6931471805599454
1st:1.0
4:2.6094379124341005
1:2.9459101490553135
5th:1.0
ea:1.0
game:1.6931471805599454
det:1.0
78:1.0
2:2.09861228866811
chi:1.0
67:1.0
3:2.386294361119891
van:1.0
60:1.0
ny:1.0
59:1.0
mtl:1.0
54:1.0
6:1.0
pit:1.0
23:1.0
7:1.6931471805599454
20:1.0
8:1.6931471805599454
bo:1.0
17:1.0
9:1.6931471805599454
que:1.0
10:1.0
cal:1.0
11:1.0
asw:1.0
12:1.0
la:1.0
tor:1.0
14:1.0
ase:1.0
win:1.6931471805599454
16:1.0
buf:1.0
phi:1.0
18:1.0
sj:1.0
19:1.0
min:1.0
otw:1.0
atlanta:1.0
turner:1.0
cup:1.0
person:1.0
continu:1.0
send:1.0
format:1.0
april:1.0
20th:1.0
approxim:1.0
