gjp:2.386294361119891
sei:2.6094379124341005
cmu:2.386294361119891
edu:2.9459101490553135
georg:2.386294361119891
pandelio:2.09861228866811
subject:1.0
patrick:1.6931471805599454
playoff:1.6931471805599454
look:1.0
like:1.0
organ:1.0
softwar:2.09861228866811
engin:2.09861228866811
institut:2.09861228866811
line:1.0
73:1.0
articl:1.6931471805599454
bson:2.09861228866811
93apr14154548:1.0
hal:1.0
gnu:2.09861228866811
ai:2.09861228866811
mit:2.09861228866811
jan:1.6931471805599454
brittenson:1.6931471805599454
write:1.6931471805599454
1993apr13:1.0
132133:1.0
16224:1.0
pen:3.772588722239781
play:2.6094379124341005
montreal:1.6931471805599454
boston:3.3978952727983707
win:2.791759469228055
adam:2.09861228866811
division:1.0
buffalo:1.6931471805599454
quebec:1.6931471805599454
make:1.6931471805599454
decent:1.0
show:1.0
sheer:1.0
determin:1.0
game:2.791759469228055
heart:1.0
mani:1.6931471805599454
big:2.09861228866811
gun:2.386294361119891
way:1.6931471805599454
inde:1.6931471805599454
noth:1.0
certain:1.6931471805599454
get:2.386294361119891
think:2.09861228866811
find:1.0
differ:1.6931471805599454
team:2.6094379124341005
year:2.09861228866811
use:1.0
everi:1.0
trick:1.0
book:1.0
shut:1.6931471805599454
offens:1.6931471805599454
someth:1.6931471805599454
even:1.6931471805599454
tri:1.0
last:1.6931471805599454
weak:1.6931471805599454
spot:1.6931471805599454
defens:2.6094379124341005
goaltend:2.09861228866811
first:2.09861228866811
enjoy:1.0
read:1.0
post:1.0
second:1.6931471805599454
disagre:1.0
coupl:1.0
reason:1.6931471805599454
barrasso:1.0
spectacular:1.0
slow:1.0
start:1.0
consist:1.0
sharp:1.0
gaa:1.0
3:1.0
0:1.0
lead:1.0
leagu:1.0
tommi:1.0
deserv:1.0
vezina:1.0
given:1.0
lack:1.0
respect:1.0
command:1.0
though:1.0
doubt:1.0
concern:1.0
hover:1.0
around:1.0
3rd:1.0
4th:1.0
fewest:1.0
goal:2.09861228866811
allow:1.0
improv:1.0
indic:1.0
better:1.6931471805599454
earli:1.0
real:1.6931471805599454
score:1.6931471805599454
practic:1.0
disciplin:1.6931471805599454
stick:1.0
held:1.0
scoreless:1.0
5:1.6931471805599454
minut:1.0
still:1.6931471805599454
put:1.0
puck:1.0
net:1.6931471805599454
rememb:1.0
run:1.6931471805599454
style:1.6931471805599454
although:1.0
hockey:1.0
part:1.0
regular:1.0
season:1.0
neeli:1.0
backcheck:1.0
behind:1.0
necessari:1.0
penalti:1.0
kill:1.0
factor:1.0
believ:1.0
2:1.6931471805599454
40:1.0
short:1.0
hand:1.0
situat:1.0
mean:1.0
4:1.0
shg:1.0
give:1.0
ppg:1.0
one:1.0
lacklust:1.0
ottawa:1.0
say:1.0
seri:1.6931471805599454
go:2.09861228866811
6:1.0
much:1.0
le:1.0
whether:1.6931471805599454
favor:1.0
b:2.09861228866811
predict:1.6931471805599454
place:1.0
bet:1.0
four:1.0
take:1.0
otherwis:1.0
rather:1.0
wait:1.0
see:1.6931471805599454
actual:1.0
begin:1.0
exactli:1.0
plan:1.0
call:1.0
home:1.0
fun:1.0
j:1.0
tinternet:1.0
tusenet:1.0
4500:1.0
fifth:1.0
avenu:1.0
tvoic:1.0
412:1.6931471805599454
268:1.6931471805599454
7186:1.0
pittsburgh:1.0
pa:1.0
15213:1.0
tfax:1.0
5758:1.0
disclaim:1.0
opinion:1.6931471805599454
reflect:1.0
sponsor:1.0
custom:1.0
client:1.0
affili:1.0
carnegi:1.0
mellon:1.0
univers:1.0
fact:1.0
resembl:1.0
individu:1.0
live:1.0
dead:1.0
fiction:1.0
pure:1.0
coincident:1.0
