gballent:2.09861228866811
hudson:2.09861228866811
uvic:2.6094379124341005
ca:2.9459101490553135
greg:1.6931471805599454
ballentin:1.6931471805599454
subject:1.0
plu:1.0
minu:1.0
stat:2.386294361119891
nntp:1.0
post:2.386294361119891
host:1.0
repli:1.0
organ:1.0
univers:1.0
victoria:1.6931471805599454
bc:2.09861228866811
canada:1.0
line:1.0
50:1.0
articl:1.6931471805599454
1676:1.0
mala:1.6931471805599454
apland:1.6931471805599454
ron:1.0
write:1.6931471805599454
1993apr14:1.0
174139:1.0
6604:1.0
sol:1.0
vancouv:1.0
adjust:2.6094379124341005
1:2.09861228866811
first:1.0
calcul:1.6931471805599454
team:3.5649493574615367
goal:2.386294361119891
score:2.09861228866811
pp:1.6931471805599454
allow:1.6931471805599454
penalti:1.0
kill:1.0
2:1.0
divid:2.09861228866811
number:1.6931471805599454
5:2.09861228866811
take:1.0
account:1.0
fact:1.0
player:3.4849066497880004
ice:1.0
respons:1.0
3:1.0
raw:1.0
btw:1.0
anyon:1.0
could:1.0
rate:1.0
would:1.0
greatli:1.0
appreci:1.0
might:1.0
find:1.0
time:1.0
count:1.0
databas:1.0
filter:1.0
set:1.0
end:1.0
season:1.6931471805599454
repost:1.0
averag:2.09861228866811
need:1.6931471805599454
go:1.6931471805599454
complic:1.0
use:2.09861228866811
sum:1.0
individu:1.6931471805599454
total:1.6931471805599454
littl:1.0
distort:1.6931471805599454
trade:1.0
recent:1.0
come:1.0
base:1.0
origin:1.6931471805599454
bad:1.0
though:1.6931471805599454
want:1.0
look:1.6931471805599454
perspect:1.0
ahead:1.0
requir:1.0
question:1.0
40:1.6931471805599454
mere:1.0
play:1.6931471805599454
game:1.0
consid:1.0
equal:1.0
valuabl:1.0
anoth:1.0
way:1.0
thing:1.0
compar:1.0
deviat:2.386294361119891
mean:1.0
standard:2.09861228866811
sinc:1.0
differ:1.0
unsur:1.0
transfer:1.0
leagu:1.0
interest:1.0
see:1.0
method:1.0
still:1.0
think:1.0
mine:1.0
best:1.0
reason:1.0
familiar:1.0
gregmeist:1.0
