gballent:2.09861228866811
hudson:2.09861228866811
uvic:2.6094379124341005
ca:2.6094379124341005
greg:1.6931471805599454
ballentin:1.6931471805599454
subject:1.0
plu:1.0
minu:1.0
stat:2.386294361119891
nntp:1.0
post:1.0
host:1.0
repli:1.0
organ:1.0
univers:1.0
victoria:1.6931471805599454
bc:1.0
canada:1.0
line:1.0
24:1.0
articl:1.6931471805599454
1:1.0
tnclu:1.6931471805599454
tele:1.6931471805599454
nokia:1.6931471805599454
fi:1.6931471805599454
hahietanen:1.0
write:1.6931471805599454
1993apr14:1.0
174139:1.0
6604:1.0
sol:1.0
vancouv:1.0
good:2.09861228866811
awar:1.0
take:1.6931471805599454
account:1.6931471805599454
defens:1.6931471805599454
play:3.3978952727983707
measur:1.0
offens:1.0
defenc:1.0
aspect:1.6931471805599454
interest:1.0
real:1.0
round:1.0
player:2.6094379124341005
power:2.791759469228055
consid:1.0
also:1.0
one:1.0
still:1.0
someth:1.0
done:1.0
evalu:1.0
tool:1.0
imo:1.0
score:1.0
man:1.0
advantag:1.0
scorer:1.0
tend:1.6931471805599454
becom:1.0
overr:1.6931471805599454
point:1.6931471805599454
total:1.6931471805599454
inflat:1.6931471805599454
expo:1.0
brett:1.0
hull:1.0
john:1.0
cullen:1.0
dave:1.0
andreychuck:1.0
given:1.0
opportun:1.0
consist:1.0
gregmeist:1.0
