gballent:2.09861228866811
hudson:2.09861228866811
uvic:2.6094379124341005
ca:2.9459101490553135
greg:2.6094379124341005
ballentin:1.6931471805599454
subject:1.0
plu:1.0
minu:1.0
stat:1.0
nntp:1.0
post:1.6931471805599454
host:1.0
repli:1.0
organ:1.0
univers:1.0
victoria:1.6931471805599454
bc:1.0
canada:1.0
line:1.6931471805599454
56:1.0
articl:1.0
6143:1.0
ramsey:1.6931471805599454
c:1.6931471805599454
laurentian:1.6931471805599454
maynard:1.6931471805599454
roger:1.0
write:1.6931471805599454
1993apr14:1.0
201910:1.0
13370:1.0
sol:1.0
vancouv:1.0
1:1.0
complet:1.0
miss:1.0
point:1.6931471805599454
selk:2.09861228866811
trophi:1.0
goe:1.0
best:3.0794415416798357
defens:2.9459101490553135
forward:2.791759469228055
forgo:1.0
help:1.0
team:1.0
unsung:1.0
hero:1.0
sort:1.0
ye:1.0
lemieux:1.6931471805599454
gilmour:2.6094379124341005
good:2.386294361119891
player:3.0794415416798357
play:2.6094379124341005
offens:1.6931471805599454
orient:1.0
style:1.0
true:1.0
year:1.0
mean:1.6931471805599454
guy:1.6931471805599454
check:1.6931471805599454
score:2.6094379124341005
candid:2.09861228866811
right:1.6931471805599454
main:1.0
purpos:1.6931471805599454
shift:1.0
prevent:1.0
goal:1.0
number:1.0
one:2.09861228866811
defenc:1.0
secondari:1.0
especi:1.0
consid:1.0
probabl:1.0
2:1.6931471805599454
tarasov:1.6931471805599454
call:1.6931471805599454
bob:1.6931471805599454
gainey:2.386294361119891
world:1.0
assum:1.6931471805599454
technic:2.6094379124341005
knew:1.0
everi:1.0
intricaci:1.0
hockey:1.0
never:1.6931471805599454
made:2.09861228866811
error:1.6931471805599454
assumpt:1.6931471805599454
friend:1.0
mayb:1.0
sorri:1.0
peopl:1.0
enough:1.0
want:1.0
think:2.09861228866811
seriou:1.0
idiot:1.0
someon:1.0
someth:1.6931471805599454
lost:1.0
translat:1.0
month:1.6931471805599454
ago:1.0
whoever:1.0
plea:1.0
repost:1.0
agre:1.0
ass:1.6931471805599454
may:1.0
ever:2.09861228866811
see:1.0
sun:1.0
claud:1.0
provost:1.0
noth:1.0
journeyman:1.0
outstand:1.0
abil:1.6931471805599454
entir:1.0
polit:1.0
might:1.0
col:1.0
lection:1.0
skill:2.09861228866811
absolut:1.0
none:1.0
perhap:1.0
pas:1.0
puck:1.6931471805599454
shoot:1.0
deke:1.0
goali:1.0
defenseman:1.0
stand:1.0
belong:1.0
hall:1.0
fame:1.0
watch:1.0
babbl:1.0
delet:1.0
gee:1.0
pundit:1.6931471805599454
two:1.6931471805599454
way:2.09861228866811
leagu:1.0
back:1.0
st:1.6931471805599454
loui:1.6931471805599454
would:1.0
expect:1.0
pick:1.0
game:1.0
overhyp:1.0
net:1.0
hardli:1.0
nhl:1.0
gregmeist:1.0
