lli:2.09861228866811
c:2.386294361119891
cmu:2.09861228866811
edu:2.09861228866811
lori:1.6931471805599454
iannamico:1.0
subject:1.0
pen:1.6931471805599454
box:1.0
score:2.791759469228055
4:2.386294361119891
14:2.09861228866811
nntp:1.0
post:1.0
host:1.0
mach:1.0
organ:1.0
school:1.0
comput:1.0
scienc:1.0
carnegi:1.0
mellon:1.0
line:1.0
44:1.0
6:2.09861228866811
nj:2.9459101490553135
devil:2.9459101490553135
first:1.0
period:2.09861228866811
1:2.386294361119891
pittsburgh:2.9459101490553135
daniel:1.0
needham:1.0
tippett:1.0
2:2.09861228866811
lemieux:3.1972245773362196
semak:1.6931471805599454
driver:1.6931471805599454
10:2.09861228866811
19:1.0
3:2.6094379124341005
steven:2.9459101490553135
tocchet:2.09861228866811
murphi:1.6931471805599454
12:3.0794415416798357
40ppg:1.0
zelepukin:2.6094379124341005
niedermay:1.0
17:1.6931471805599454
26:1.0
penalti:2.791759469228055
pgh:3.3978952727983707
rough:3.3978952727983707
30:2.386294361119891
njd:3.6390573296152584
pellerin:1.6931471805599454
doubl:1.6931471805599454
minor:1.6931471805599454
cross:2.09861228866811
check:2.09861228866811
trip:2.09861228866811
7:1.6931471805599454
21:1.0
stasni:1.0
hold:1.0
11:2.09861228866811
15:2.386294361119891
taglianetti:1.0
13:1.6931471805599454
51:1.6931471805599454
jagr:2.09861228866811
23:1.0
second:1.0
5:2.09861228866811
42:1.6931471805599454
27:1.0
mceachern:1.6931471805599454
barrasso:2.09861228866811
24:1.6931471805599454
8:1.6931471805599454
guerin:1.0
45:1.0
9:2.791759469228055
unassist:1.0
40shg:1.0
richer:1.0
nichol:1.0
53:1.0
40:1.6931471805599454
06:2.386294361119891
mckay:1.0
mullen:1.6931471805599454
hook:1.0
slash:1.0
unsportsmanlik:1.0
conduct:1.0
u:1.0
samuelsson:1.0
20:2.386294361119891
00:2.386294361119891
spear:1.0
serv:1.0
holik:1.6931471805599454
third:1.0
18:2.6094379124341005
54:1.0
daneyko:1.6931471805599454
interfer:1.0
37:1.0
match:1.0
game:1.0
misconduct:1.0
50:1.0
01:1.0
41:1.6931471805599454
overtim:1.0
shot:2.09861228866811
goal:1.0
39:1.6931471805599454
goali:1.0
33:1.0
save:1.6931471805599454
43:1.0
billington:1.0
ref:1.0
devorski:1.0
linesman:1.0
gauthier:1.0
vine:1.0
contact:1.0
penguin:1.0
