umturne4:1.6931471805599454
ccu:1.6931471805599454
umanitoba:2.09861228866811
ca:2.09861228866811
daryl:1.6931471805599454
turner:1.6931471805599454
subject:1.0
predict:2.09861228866811
nntp:1.0
post:1.6931471805599454
host:1.0
gibson:1.0
cc:1.0
organ:1.0
univers:1.0
manitoba:1.6931471805599454
winnipeg:2.09861228866811
canada:1.0
line:1.0
79:1.0
smyth:1.0
divis:2.386294361119891
vancouv:1.0
v:3.0794415416798357
jet:3.302585092994046
7:2.791759469228055
play:1.6931471805599454
canuck:1.0
tough:1.0
last:2.09861228866811
three:1.6931471805599454
game:1.0
everyon:1.0
healthi:1.0
bias:1.0
calgari:1.0
lo:1.0
angel:1.0
flame:2.09861228866811
6:3.0794415416798357
seen:1.0
king:1.0
look:1.0
flat:1.0
late:1.0
see:1.0
get:1.0
final:2.9459101490553135
lost:1.0
93:1.0
close:1.0
seri:2.09861228866811
come:1.0
well:1.0
robert:1.0
recov:1.0
think:1.6931471805599454
100:1.0
help:1.0
enough:1.0
norri:1.6931471805599454
chicago:1.6931471805599454
st:1.0
loui:1.0
minnesota:1.0
blue:1.0
star:1.0
detroit:1.0
toronto:1.0
wing:1.6931471805599454
abl:1.6931471805599454
shutdown:1.0
gilmour:1.0
andreychuk:1.0
chelvada:1.6931471805599454
experienc:1.6931471805599454
potvin:1.0
hawk:2.09861228866811
brutal:1.0
probert:1.0
chelio:1.0
go:1.6931471805599454
belfour:1.0
better:1.0
imho:1.0
confer:1.6931471805599454
hurt:2.09861228866811
carri:1.6931471805599454
princ:1.0
wale:1.0
adam:1.0
boston:1.6931471805599454
buffalo:1.0
bruin:1.6931471805599454
b:1.0
check:1.0
juneau:1.0
darn:1.0
good:1.0
neeli:1.0
sabr:1.0
reli:1.0
much:1.0
lafontain:1.0
mogilni:1.0
quebec:1.0
montreal:1.6931471805599454
classic:1.0
battl:1.0
inexperi:1.0
nord:2.09861228866811
year:2.09861228866811
5:2.09861228866811
hab:1.6931471805599454
control:1.0
scorer:1.0
patrick:1.0
pittsburgh:1.0
island:1.6931471805599454
devil:2.386294361119891
pen:2.386294361119891
one:1.0
word:2.09861228866811
mario:1.0
washington:1.0
cap:1.6931471805599454
beat:1.0
isl:1.0
tabaracci:1.0
strong:1.0
goal:1.0
like:2.386294361119891
could:1.0
team:1.0
matter:1.0
though:1.0
two:1.0
steven:1.0
jagr:1.0
cup:2.386294361119891
tocchet:1.0
murphi:1.0
barrasso:1.0
thing:1.0
woofer:1.0
full:1.0
forc:1.0
mean:1.0
regular:1.0
penguin:1.0
fan:1.0
bunch:1.0
around:1.0
true:1.0
nut:1.0
win:2.09861228866811
hear:1.0
lose:1.0
oh:1.0
yeah:1.0
next:1.0
r:1.0
h:1.0
contact:1.0
internet:1.0
fidonet:1.0
1:1.6931471805599454
348:2.09861228866811
701:1.0
4:1.0
plea:1.0
rout:1.0
700:1.0
tkachuk:1.0
zhamnov:1.0
sel:1.6931471805599454
nne:1.6931471805599454
shoot:1.0
score:1.0
essensa:1.0
vezina:1.0
housley:1.0
calder:1.0
