rrmadiso:1.6931471805599454
undergrad:1.0
math:1.0
uwaterloo:1.6931471805599454
ca:1.6931471805599454
chuck:1.0
subject:1.0
playoff:1.6931471805599454
predict:2.386294361119891
organ:1.0
univers:1.0
waterloo:1.0
line:1.0
38:1.0
everybodi:1.0
plea:1.6931471805599454
send:2.386294361119891
stanley:1.6931471805599454
cup:1.6931471805599454
want:1.0
see:1.6931471805599454
peopl:1.0
think:1.0
win:1.0
format:1.0
someth:1.0
compar:1.0
1:1.6931471805599454
winner:3.70805020110221
buffalo:1.0
boston:1.0
2:1.6931471805599454
montreal:1.0
quebec:1.0
3:1.6931471805599454
pittsburgh:1.0
new:1.6931471805599454
york:1.0
4:1.6931471805599454
jersey:1.0
washington:1.0
5:1.6931471805599454
chicago:1.0
minnesota:1.0
st:1.0
loui:1.0
6:1.6931471805599454
toronto:1.0
detroit:1.0
7:1.6931471805599454
vancouv:1.0
winnipeg:1.0
8:1.6931471805599454
calgari:1.0
lo:1.0
angel:1.0
9:1.6931471805599454
adam:1.0
divis:2.386294361119891
10:1.6931471805599454
patrick:1.0
11:1.6931471805599454
norri:1.0
12:1.6931471805599454
smyth:1.0
13:1.6931471805599454
wale:1.0
confer:1.6931471805599454
14:1.6931471805599454
campbel:1.0
15:1.0
summar:1.0
biggest:1.0
internet:1.0
guru:1.0
guy:1.0
gal:1.0
entri:1.6931471805599454
richard:1.0
madison:1.0
napier:1.0
p:1.0
one:1.0
folk:1.0
know:1.0
say:1.0
