sclark:1.0
epa:2.09861228866811
utoronto:1.6931471805599454
ca:1.6931471805599454
susan:1.6931471805599454
clark:1.0
subject:1.0
pick:1.6931471805599454
first:1.6931471805599454
organ:1.0
univers:1.0
toronto:1.0
nntp:1.0
post:1.0
host:1.0
line:1.0
7:1.0
taccord:1.0
fan:1.0
ottawa:1.6931471805599454
daigl:1.0
e:1.0
sweepstak:1.0
mention:1.0
san:1.0
jose:1.0
goal:1.0
sen:1.6931471805599454
hunch:1.0
would:1.0
