jame:1.0
j:1.0
murawski:1.6931471805599454
jjm:1.6931471805599454
andrew:2.09861228866811
cmu:2.09861228866811
edu:2.09861228866811
subject:1.0
year:2.6094379124341005
v:1.0
next:2.09861228866811
playoff:2.386294361119891
organ:1.0
administr:1.6931471805599454
comput:1.6931471805599454
info:1.0
servic:1.6931471805599454
carnegi:1.6931471805599454
mellon:1.6931471805599454
pittsburgh:1.6931471805599454
pa:1.6931471805599454
line:1.0
37:1.0
nntp:1.0
post:1.0
host:1.0
po2:1.0
well:1.0
sinc:1.0
someon:1.0
probabl:1.0
want:1.0
know:1.0
matchup:2.386294361119891
left:1.0
would:1.0
new:1.0
align:1.0
rule:1.6931471805599454
16:1.0
team:1.0
make:1.0
three:1.0
first:1.0
round:1.0
que:2.09861228866811
mtl:2.09861228866811
chi:2.09861228866811
stl:2.09861228866811
van:2.09861228866811
win:2.09861228866811
pit:1.6931471805599454
nj:1.6931471805599454
buf:1.6931471805599454
det:1.6931471805599454
tor:1.6931471805599454
nyi:1.6931471805599454
cal:1.6931471805599454
bo:1.6931471805599454
la:1.6931471805599454
jim:1.0
sr:1.0
softwar:1.0
engin:1.0
412:1.6931471805599454
268:1.6931471805599454
2650:1.0
offic:2.09861228866811
6868:1.0
fax:1.0
inform:1.0
univers:1.0
ucc:1.0
155:1.0
4910:1.0
forb:1.0
avenu:1.0
15213:1.0
3890:1.0
le:1.6931471805599454
mieux:1.0
magnifiqu:1.0
soixant:1.0
six:1.0
claud:1.0
non:1.0
1374:1.0
day:1.0
clinton:1.0
clinocchio:1.0
leav:1.0
1373:1.0
mani:1.0
