apland:1.6931471805599454
mala:1.0
bc:1.0
ca:2.09861228866811
ron:1.6931471805599454
subject:1.0
plu:2.09861228866811
minu:2.09861228866811
stat:2.386294361119891
organ:1.0
malaspina:1.0
colleg:1.0
line:1.0
24:1.0
articl:1.0
1993apr16:1.0
222846:1.0
17764:1.0
alchemi:1.6931471805599454
chem:1.6931471805599454
utoronto:1.6931471805599454
golchowi:1.0
gerald:1.0
olchowi:1.0
write:1.0
meaningless:2.09861228866811
compar:2.6094379124341005
one:2.09861228866811
player:2.791759469228055
statist:1.0
anoth:1.6931471805599454
context:1.6931471805599454
role:1.6931471805599454
play:1.6931471805599454
time:1.0
involv:1.0
goal:1.6931471805599454
assist:1.6931471805599454
pim:1.0
think:1.0
ask:1.0
take:1.0
uniqu:1.0
team:2.09861228866811
never:1.0
differ:1.0
yet:1.6931471805599454
award:1.0
given:1.0
promot:1.0
receiv:1.0
base:1.0
part:1.6931471805599454
oper:1.0
word:1.0
must:1.0
interpret:1.0
temper:1.0
inform:1.0
jagr:1.6931471805599454
franci:1.6931471805599454
ridicul:2.09861228866811
absurd:2.09861228866811
point:1.6931471805599454
selann:1.0
lindro:1.0
juneau:1.0
potvin:1.0
rooki:1.0
leagu:1.0
look:1.0
enjoy:1.0
game:1.0
