farenebt:1.0
craft:2.09861228866811
camp:1.6931471805599454
clarkson:2.6094379124341005
edu:2.386294361119891
droopi:1.0
subject:1.0
ahl:2.791759469228055
playoff:2.09861228866811
result:1.6931471805599454
4:3.6390573296152584
16:1.6931471805599454
nntp:1.0
post:1.0
host:1.0
organ:1.0
univers:1.0
x:1.0
newsread:1.0
tin:1.0
version:1.0
1:3.70805020110221
pl8:1.0
line:1.0
96:1.0
calder:2.09861228866811
cup:2.09861228866811
game:1.6931471805599454
play:1.0
provid:2.791759469228055
3:3.6390573296152584
tspringfield:2.791759469228055
2:3.772588722239781
ot:2.09861228866811
baltimor:2.9459101490553135
tbinghamton:2.386294361119891
utica:2.9459101490553135
trochest:2.6094379124341005
cape:2.791759469228055
breton:3.302585092994046
5:3.1972245773362196
tfredericton:2.791759469228055
schedul:1.6931471805599454
17:2.791759469228055
capit:1.0
district:1.0
adirondack:2.9459101490553135
springfield:2.6094379124341005
binghamton:2.791759469228055
rochest:2.791759469228055
moncton:2.791759469228055
v:3.1972245773362196
st:2.791759469228055
john:3.302585092994046
halifax:2.386294361119891
seri:1.0
stati:1.0
plural:1.0
statu:1.0
lead:2.6094379124341005
cdi:2.386294361119891
0:2.386294361119891
tie:1.0
w:1.0
fredericton:2.386294361119891
full:1.0
1993:1.0
home:1.0
team:1.0
cap:1.0
necesari:1.0
first:1.0
round:1.0
indian:1.0
bruin:1.6931471805599454
gm:4.737669618283368
tprovid:2.6094379124341005
t4:4.49650756146648
22:2.09861228866811
6:2.9459101490553135
24:2.6094379124341005
7:2.791759469228055
27:1.0
cd:1.0
island:1.0
red:1.6931471805599454
wing:1.6931471805599454
tadirondack:2.386294361119891
tcdi:2.386294361119891
18:1.0
21:1.6931471805599454
23:2.09861228866811
26:2.6094379124341005
skipjack:1.0
ranger:1.0
tbaltimor:2.386294361119891
28:2.386294361119891
tbinghmaton:1.0
30:1.6931471805599454
devil:1.0
american:1.0
tutica:2.386294361119891
20:1.6931471805599454
hawk:1.0
mapl:1.0
leaf:1.0
tst:2.386294361119891
tmoncton:2.386294361119891
oiler:1.0
canadien:1.0
tcape:2.386294361119891
2ot:1.0
bri:1.0
farenel:1.0
tfarenebt:1.0
ecac:1.6931471805599454
contact:1.0
rec:1.0
sport:1.0
hockey:2.386294361119891
tgo:1.0
usa:1.0
champ:2.09861228866811
81:1.0
86:1.0
89:1.0
92:1.0
tournament:1.0
66:1.0
91:1.6931471805599454
93:2.09861228866811
glen:1.0
fall:1.0
high:1.0
ny:1.0
divis:2.09861228866811
ii:1.0
state:1.0
90:1.0
fan:1.0
join:1.0
mail:1.0
list:1.0
news:1.0
request:1.0
andrew:1.0
cmu:1.0
congrat:1.0
boston:1.0
1992:1.6931471805599454
adam:1.0
champion:1.6931471805599454
phoenix:1.0
sun:1.0
pacif:1.0
