downec:2.09861228866811
crockett1a:1.6931471805599454
rpi:2.386294361119891
edu:2.386294361119891
christoph:1.0
stevan:1.0
downey:1.0
subject:1.0
year:2.6094379124341005
v:1.0
next:2.09861228866811
playoff:2.386294361119891
nntp:1.0
post:1.0
host:1.0
repli:1.0
organ:1.0
renssela:1.0
polytechn:1.0
institut:1.0
troy:1.0
ny:1.0
line:1.0
29:1.0
let:1.0
fill:1.0
winner:1.0
well:1.0
sinc:1.0
someon:1.0
probabl:1.0
want:1.0
know:1.0
matchup:2.386294361119891
left:1.0
would:1.0
new:1.0
align:1.0
rule:1.6931471805599454
16:1.0
team:1.0
make:1.0
three:1.0
first:1.0
round:1.0
que:2.386294361119891
mtl:2.09861228866811
chi:2.386294361119891
stl:2.09861228866811
van:2.6094379124341005
win:2.09861228866811
pit:2.09861228866811
nj:1.6931471805599454
buf:1.6931471805599454
nyi:2.386294361119891
det:2.6094379124341005
tor:1.6931471805599454
bo:2.6094379124341005
cal:2.09861228866811
la:1.6931471805599454
thought:1.0
chri:1.0
