j3david:2.386294361119891
sm:2.6094379124341005
busi:2.9459101490553135
uwo:2.791759469228055
ca:2.791759469228055
jame:2.386294361119891
david:2.386294361119891
subject:1.6931471805599454
plu:1.6931471805599454
minu:1.6931471805599454
stat:1.6931471805599454
organ:1.6931471805599454
univers:1.6931471805599454
western:2.09861228866811
ontario:2.09861228866811
nntp:1.6931471805599454
post:2.09861228866811
host:1.6931471805599454
line:1.6931471805599454
26:1.0
51246:1.0
51422:1.0
newsgroup:1.0
rec:1.0
sport:1.0
hockey:1.6931471805599454
date:1.0
fri:1.0
16:1.0
apr:1.0
1993:1.0
04:1.0
42:1.0
11:1.0
gmt:1.0
165:1.0
defend:1.0
bob:1.0
gainey:1.0
frankli:1.0
care:1.0
much:1.0
dismiss:1.0
someth:1.0
le:1.0
effect:1.0
player:1.0
tiresom:1.0
basi:1.0
anyth:1.0
mani:1.0
calder:1.0
win:1.0
think:1.0
four:1.0
go:1.0
ooop:1.0
read:1.0
selk:1.0
forgiv:1.0
insol:1.0
congeni:1.0
alway:1.0
jd:1.0
student:1.0
school:1.0
london:1.0
