kkeller:1.0
mail:2.09861228866811
sa:2.09861228866811
upenn:2.09861228866811
edu:2.09861228866811
keith:1.6931471805599454
keller:1.6931471805599454
subject:1.0
playoff:1.0
pool:1.0
organ:1.0
univers:1.0
pennsylvania:1.0
school:1.0
art:1.0
scienc:1.0
line:1.0
30:1.0
nntp:1.0
post:1.0
host:1.0
well:1.0
look:1.0
score:1.6931471805599454
plan:1.0
decid:1.6931471805599454
modifi:1.0
new:1.0
final:1.6931471805599454
pick:3.4849066497880004
1st:1.0
round:1.6931471805599454
winner:2.09861228866811
way:2.386294361119891
game:3.5649493574615367
t2:1.6931471805599454
within:2.386294361119891
one:2.386294361119891
t3:1.0
exact:2.386294361119891
t4:2.09861228866811
2nd:1.0
t5:1.0
t7:1.6931471805599454
confer:1.0
champ:1.6931471805599454
t10:1.0
t13:1.6931471805599454
stanley:1.0
cup:1.0
tpick:1.6931471805599454
t17:1.0
t20:1.0
loser:1.6931471805599454
7:2.386294361119891
seri:1.0
goe:1.0
ot:1.0
anyon:1.0
need:1.0
copi:1.0
entri:1.0
sheet:1.0
email:1.0
address:1.0
tlet:1.6931471805599454
go:1.6931471805599454
ranger:1.0
quaker:1.0
tkkeller:1.0
tivi:1.0
leagu:1.0
want:1.0
opinion:1.0
give:1.0
