ndallen:1.0
r:1.6931471805599454
node:1.6931471805599454
hub:1.0
org:1.0
nigel:1.0
allen:1.0
subject:1.0
brown:2.791759469228055
univers:3.1972245773362196
order:2.386294361119891
restor:1.6931471805599454
two:2.09861228866811
woman:3.6390573296152584
varsiti:2.6094379124341005
team:3.302585092994046
organ:1.0
public:2.6094379124341005
access:1.0
unix:1.0
1:1.0
416:1.0
249:1.0
5366:1.0
line:1.0
49:1.0
found:1.0
press:1.0
releas:1.0
trial:2.09861228866811
lawyer:2.09861228866811
justic:2.09861228866811
anoth:1.0
system:1.0
thought:1.0
would:1.0
interest:1.6931471805599454
campus:1.0
administr:1.0
athlet:2.6094379124341005
depart:1.0
want:1.6931471805599454
elimin:1.6931471805599454
ice:1.0
hockey:1.0
tlp:1.0
win:1.0
sex:1.6931471805599454
discrimin:1.6931471805599454
rule:2.09861228866811
nation:2.6094379124341005
desk:1.0
sport:2.386294361119891
writer:1.0
contact:1.0
lynett:1.6931471805599454
labing:2.386294361119891
401:2.09861228866811
421:1.0
9794:1.0
home:1.0
274:1.0
7507:1.0
ray:1.6931471805599454
marcaccio:1.6931471805599454
831:1.0
8900:1.0
washington:1.0
april:1.6931471805599454
16:1.0
u:1.6931471805599454
court:2.6094379124341005
appeal:2.6094379124341005
first:1.6931471805599454
circuit:1.0
boston:1.0
upheld:1.0
district:1.0
requir:1.6931471805599454
immedi:1.0
reinstat:1.6931471805599454
gymnast:1.0
volleybal:1.0
full:1.0
statu:1.0
cohen:1.0
et:1.0
al:1.0
v:1.0
decis:1.6931471805599454
appli:1.0
titl:2.6094379124341005
ix:2.6094379124341005
intercollegi:1.0
tlpj:2.791759469228055
law:2.386294361119891
firm:1.0
repres:1.6931471805599454
make:1.0
clear:1.0
said:2.09861228866811
along:1.0
school:1.0
fair:1.0
share:1.0
opportun:1.0
particip:1.0
elimini:1.0
men:1.0
execut:1.0
director:1.0
arthur:1.0
bryant:1.6931471805599454
co:1.0
counsel:1.6931471805599454
case:1.0
class:1.0
action:1.0
file:1.6931471805599454
1992:1.0
charg:1.0
violat:1.0
educ:1.6931471805599454
amend:1.0
1972:1.0
feder:2.09861228866811
prohibit:1.0
institut:1.0
receiv:1.0
fund:2.09861228866811
termin:1.0
may:1.0
1991:1.0
allow:1.0
continu:1.6931471805599454
compet:1.0
could:1.0
rais:1.0
uniform:1.0
travel:1.0
coach:1.0
expens:1.0
also:1.0
deni:1.0
admiss:1.0
prefer:1.0
use:1.0
recruit:1.0
new:1.0
member:1.0
major:1.0
victori:1.0
caus:1.0
equal:1.0
right:1.0
lead:1.0
provid:1.6931471805599454
roney:1.0
across:1.0
america:1.0
need:1.0
reevalu:1.0
program:1.0
quickli:1.0
go:1.0
enforc:1.0
three:1.0
similar:1.0
await:1.0
colorado:1.0
state:1.0
indiana:1.0
pennsylvania:1.0
iup:1.6931471805599454
colgat:1.0
ask:1.0
overturn:1.0
establish:1.0
specif:1.0
cut:1.0
edg:1.0
activ:1.0
addit:1.0
legal:1.0
includ:1.0
blish:1.0
cavanagh:1.0
amato:1.0
deluca:1.6931471805599454
mandel:1.0
schwartz:1.0
sandra:1.0
duggan:1.0
philadelphia:1.0
center:1.0
foundat:1.0
associ:1.0
girl:1.0
amicu:1.0
brief:1.0
support:1.0
30:1.0
