c5ff:1.0
jupit:1.0
sun:1.0
csd:1.0
unb:1.0
ca:1.0
cook:1.0
charli:1.0
subject:1.0
nhl:1.0
summari:1.0
par:1.0
result:1.0
game:1.0
play:2.9459101490553135
fri:1.0
april:1.0
16:1.6931471805599454
1993:1.0
organ:1.0
univers:1.0
new:2.9459101490553135
brunswick:1.0
line:1.0
123:1.0
philadelphia:2.9459101490553135
1:5.624972813284271
2:4.663561646129646
5:2.9459101490553135
hartford:2.791759469228055
0:4.871201010907891
4:3.6390573296152584
first:2.09861228866811
period:3.1972245773362196
nyland:2.09861228866811
10:2.09861228866811
unassist:2.6094379124341005
8:2.6094379124341005
51:1.0
recchi:2.09861228866811
53:1.0
lindro:1.6931471805599454
brind:2.09861228866811
amour:2.09861228866811
pp:2.6094379124341005
19:2.09861228866811
59:1.0
second:2.09861228866811
3:3.3978952727983707
burt:1.6931471805599454
6:2.6094379124341005
cunneyworth:1.6931471805599454
kron:2.09861228866811
00:1.0
bowen:1.6931471805599454
eklund:1.6931471805599454
7:2.386294361119891
09:1.0
11:2.791759469228055
zalapski:1.6931471805599454
sanderson:2.09861228866811
9:2.386294361119891
38:2.09861228866811
third:2.09861228866811
14:1.6931471805599454
cassel:1.6931471805599454
24:1.0
beranek:1.6931471805599454
15:2.09861228866811
lomakin:1.6931471805599454
yushkevich:2.09861228866811
faust:2.09861228866811
roussel:1.6931471805599454
overtim:1.0
power:2.791759469228055
scorer:2.791759469228055
g:2.791759469228055
pt:2.791759469228055
jersey:2.791759469228055
ny:3.6390573296152584
island:3.302585092994046
turgeon:2.386294361119891
56:1.0
thoma:2.09861228866811
36:1.6931471805599454
malakhov:2.09861228866811
king:2.09861228866811
58:1.6931471805599454
ferraro:2.09861228866811
dalgarno:2.09861228866811
18:2.6094379124341005
niedermay:1.6931471805599454
richer:2.09861228866811
nichol:2.09861228866811
41:1.0
mullen:1.6931471805599454
vask:1.6931471805599454
37:1.6931471805599454
hogu:2.09861228866811
norton:1.6931471805599454
12:2.386294361119891
zelepukin:1.6931471805599454
23:1.6931471805599454
17:2.09861228866811
daneyko:1.6931471805599454
33:1.6931471805599454
flatley:1.6931471805599454
42:1.0
57:1.0
45:1.6931471805599454
semak:1.6931471805599454
lemieux:1.6931471805599454
driver:1.6931471805599454
06:1.0
pilon:1.6931471805599454
21:1.6931471805599454
ranger:2.386294361119891
washington:2.791759469228055
grave:1.6931471805599454
zubov:1.6931471805599454
andersson:2.09861228866811
ridley:1.6931471805599454
26:1.0
hatcher:1.6931471805599454
34:1.0
johansson:1.6931471805599454
jone:1.6931471805599454
may:1.6931471805599454
49:1.0
cote:1.6931471805599454
khristich:1.6931471805599454
pivonka:1.6931471805599454
55:1.0
gartner:1.6931471805599454
amont:1.6931471805599454
50:1.0
