umfu0009:1.0
ccu:1.0
umanitoba:1.6931471805599454
ca:1.6931471805599454
j:1.0
k:1.0
fu:1.0
subject:1.0
tie:2.6094379124341005
breaker:2.6094379124341005
isl:1.0
devil:2.09861228866811
nntp:1.0
post:1.0
host:1.0
data:1.0
cc:1.0
organ:1.0
univers:1.0
manitoba:1.0
winnipeg:1.0
canada:1.0
line:1.0
21:1.0
lrw509f:1.0
rpi:1.6931471805599454
edu:1.6931471805599454
wangr:1.0
vccsouth22:1.0
rex:1.0
wang:1.0
write:1.0
tare:1.0
peopl:2.386294361119891
stupid:1.0
caus:1.0
record:2.6094379124341005
sooooo:1.0
stuppid:1.0
put:1.6931471805599454
win:1.6931471805599454
first:1.6931471805599454
list:1.0
differ:1.6931471805599454
man:1.6931471805599454
thought:1.0
net:1.0
good:1.0
hockey:1.0
might:1.0
great:1.0
math:1.0
tell:1.0
two:1.0
team:1.6931471805599454
ahv:1.0
point:2.09861228866811
retard:1.0
believ:1.6931471805599454
actual:1.0
island:1.6931471805599454
got:1.0
87:1.6931471805599454
say:1.0
exampl:1.0
anoth:1.0
20:1.6931471805599454
37:2.09861228866811
47:1.6931471805599454
2:1.0
1:1.0
0:1.0
total:1.0
40:1.0
7:1.0
simpl:1.0
arithmet:1.0
involv:1.0
calculu:1.0
john:1.0
comput:1.0
scienc:1.0
graduat:1.0
pretend:1.0
mathematican:1.0
