organ:1.0
penn:1.0
state:1.0
univers:1.0
robbi:2.09861228866811
po:2.09861228866811
rap115:1.6931471805599454
psuvm:2.09861228866811
psu:2.09861228866811
edu:2.09861228866811
subject:1.0
right:1.0
first:1.0
place:1.0
line:1.0
53:1.0
articl:1.0
vzhivov:1.6931471805599454
735059801:1.0
cunew:1.0
superior:1.0
carleton:1.0
ca:1.0
vladimir:1.0
zhivov:1.0
say:1.0
93107:1.0
091503rap115:1.0
write:1.0
2:1.6931471805599454
red:1.0
wing:1.6931471805599454
v:2.386294361119891
3:2.386294361119891
mapl:1.6931471805599454
leaf:1.6931471805599454
6:2.09861228866811
comment:2.09861228866811
kind:1.0
tough:1.0
reli:1.0
yzerman:1.0
team:1.0
main:1.0
weapon:1.0
great:2.09861228866811
palyer:1.0
dino:2.09861228866811
know:1.6931471805599454
choke:1.6931471805599454
put:1.0
burden:1.0
steve:1.0
even:1.0
potvin:1.0
hell:1.0
season:1.6931471805599454
goaltend:1.0
need:1.0
playoff:2.09861228866811
prognost:1.0
seem:2.386294361119891
rememb:1.0
littl:1.6931471805599454
histori:1.0
alway:2.386294361119891
show:1.0
sleeper:1.0
pick:1.0
pool:1.0
forget:1.0
fedorov:1.0
one:1.6931471805599454
top:1.0
player:1.6931471805599454
nhl:1.0
imho:1.0
coffey:1.0
stanley:1.6931471805599454
cup:1.6931471805599454
ring:1.0
activ:1.0
correct:1.0
wrong:1.0
cakewalk:1.0
oh:1.0
yeah:1.0
come:1.6931471805599454
could:1.0
never:1.6931471805599454
take:1.6931471805599454
cap:1.0
patrick:1.6931471805599454
divis:2.09861228866811
game:2.386294361119891
1:2.09861228866811
last:1.6931471805599454
year:2.09861228866811
got:1.0
swept:1.0
away:1.0
second:1.0
round:1.0
two:1.0
ago:1.0
rare:1.0
ever:1.0
make:1.0
canuck:2.386294361119891
4:1.0
jet:1.0
5:1.0
like:1.6931471805599454
vancouv:2.09861228866811
selann:1.0
king:2.791759469228055
domi:1.0
enforc:1.0
help:1.0
winnipeg:2.09861228866811
mayb:1.0
number:1.6931471805599454
except:1.0
play:1.6931471805599454
shit:1.0
win:1.6931471805599454
though:1.0
think:1.0
manag:1.0
slip:1.0
island:1.0
still:1.0
pull:2.09861228866811
realli:1.0
matter:1.0
flame:2.09861228866811
7:2.386294361119891
look:1.0
good:1.0
battl:2.09861228866811
back:1.0
run:1.0
memori:1.0
gretzki:1.0
tear:1.0
mani:1.0
surround:1.0
go:1.0
least:1.0
four:1.0
five:1.0
seriou:1.0
differ:1.0
calgari:1.0
pgh:1.0
penguin:2.09861228866811
natur:1.0
semi:1.0
91:1.0
see:1.6931471805599454
wait:1.0
devil:1.0
92:1.0
champion:1.0
possibl:1.0
lead:1.0
0:1.0
12:1.0
straight:1.0
strong:1.0
resembl:1.0
dg:1.0
89:1.0
