ddlin:1.0
athena:1.0
mit:1.6931471805599454
edu:1.6931471805599454
david:1.0
lin:1.0
subject:1.0
daigl:1.6931471805599454
kariya:1.6931471805599454
organ:1.0
massachusett:1.0
institut:1.0
technolog:1.0
line:1.0
2:1.0
distribut:1.0
world:1.0
nntp:1.0
post:1.0
host:1.0
e51:1.0
007:1.0
12:1.0
hear:1.0
eb:1.0
first:1.0
pick:1.0
next:1.0
year:1.0
word:1.0
anybodi:1.0
ever:1.0
seen:1.0
play:1.0
tv:1.0
also:1.0
enter:1.0
draft:1.0
