jca2:1.6931471805599454
cec1:2.09861228866811
wustl:1.6931471805599454
edu:1.6931471805599454
joseph:1.0
charl:1.0
achkar:1.0
subject:1.0
numer:1.0
nothing:1.0
nntp:1.0
post:1.6931471805599454
host:1.0
organ:1.0
washington:1.0
univers:1.0
st:1.0
loui:1.6931471805599454
mo:1.0
line:1.0
38:1.0
articl:1.0
1993apr18:1.0
140401:1.0
18439:1.0
freenet:2.09861228866811
carleton:2.09861228866811
ca:2.09861228866811
ad684:1.6931471805599454
bob:1.6931471805599454
wilson:1.6931471805599454
write:1.0
mario:2.09861228866811
averag:1.6931471805599454
2:1.6931471805599454
66666666666666666666666666666666666666666666:1.0
point:2.6094379124341005
per:1.0
game:3.0794415416798357
antigretz:1.0
gretzki:2.09861228866811
69:1.0
pt:2.09861228866811
project:1.6931471805599454
80:2.09861228866811
213:1.0
beat:1.0
wayn:1.0
record:2.386294361119891
1:1.0
check:1.0
inform:1.0
215:1.0
84:2.09861228866811
97:1.0
g:1.0
127:1.0
224:1.0
total:1.0
226:1.0
pitt:1.0
win:1.6931471805599454
percentag:2.386294361119891
45:1.0
10:1.6931471805599454
5:1.0
133:1.0
would:1.0
know:1.0
mtl:1.0
132:1.6931471805599454
one:1.0
year:1.0
76:1.0
77:1.6931471805599454
canadien:1.6931471805599454
825:1.0
60:1.0
8:1.0
12:1.0
29:1.0
30:1.0
bruin:1.0
875:1.0
also:1.0
78:1.0
806:1.0
59:1.0
11:1.0
l:2.386294361119891
e:2.09861228866811
z:1.0
b:1.0
u:1.0
joe:1.0
ashkar:1.0
contact:1.0
blue:1.6931471805599454
saint:1.0
