mamatha:1.0
devineni:1.0
ratnam:1.6931471805599454
mr47:1.0
andrew:1.6931471805599454
cmu:1.6931471805599454
edu:1.6931471805599454
subject:1.0
atlanta:1.6931471805599454
hockey:1.6931471805599454
hell:1.0
organ:1.0
post:1.6931471805599454
offic:1.0
carnegi:1.0
mellon:1.0
pittsburgh:1.0
pa:1.0
line:1.0
23:1.0
nntp:1.0
host:1.0
po4:1.0
well:1.0
bad:1.0
still:1.0
pretti:1.0
piss:1.0
local:1.0
abc:1.0
coverag:1.6931471805599454
cut:1.0
first:1.6931471805599454
half:1.6931471805599454
hour:2.09861228866811
play:1.6931471805599454
david:1.6931471805599454
brinkley:1.6931471805599454
12:1.0
30:1.0
instead:1.0
earlier:1.0
time:1.6931471805599454
slot:1.0
even:1.6931471805599454
understand:2.09861228866811
problem:1.0
didnt:1.0
think:1.0
enough:1.0
peopl:1.0
would:2.09861228866811
watch:1.0
game:2.09861228866811
decid:1.0
show:1.6931471805599454
remain:1.0
2:1.6931471805599454
5:1.0
hurt:1.0
regular:1.0
dont:1.0
decent:1.0
program:1.6931471805599454
noon:1.0
anyway:1.6931471805599454
call:2.6094379124341005
sport:2.09861228866811
dept:2.386294361119891
blast:1.6931471805599454
machin:1.0
gain:1.0
someon:1.6931471805599454
pick:1.0
ask:1.6931471805599454
premept:1.0
stanley:1.0
cup:1.0
playoff:1.6931471805599454
seem:1.0
bit:1.6931471805599454
confus:1.0
explain:1.0
detail:1.0
said:1.0
upto:1.0
back:1.0
monday:1.0
weel:1.0
respons:1.0
preemption:1.0
recognis:1.0
name:1.0
shown:1.0
station:1.0
work:1.0
go:1.0
tomorrow:1.0
phone:1.0
urg:1.0
fan:1.0
wsb:1.0
thing:1.0
next:1.0
4:1.0
week:1.0
pravin:1.0
oh:1.0
way:1.0
pen:1.0
rule:1.0
