kkeller:1.0
mail:2.09861228866811
sa:2.09861228866811
upenn:2.09861228866811
edu:2.6094379124341005
keith:1.6931471805599454
keller:1.6931471805599454
subject:1.0
tie:3.302585092994046
breaker:2.6094379124341005
isl:1.0
devil:1.0
organ:1.0
univers:1.0
pennsylvania:1.0
school:1.0
art:1.0
scienc:1.0
line:1.0
35:1.0
nntp:1.0
post:1.6931471805599454
host:1.0
articl:1.0
lrw509f:1.0
rpi:1.6931471805599454
wangr:1.0
write:1.0
tare:1.0
peopl:2.791759469228055
stupid:1.6931471805599454
caus:1.0
record:2.791759469228055
sooooo:1.0
stuppid:1.0
put:1.6931471805599454
win:3.302585092994046
first:2.386294361119891
list:1.0
differ:2.09861228866811
man:1.6931471805599454
thought:1.0
net:1.0
good:1.0
hockey:1.6931471805599454
might:1.0
great:1.0
math:1.0
tell:1.0
two:2.09861228866811
team:3.4849066497880004
ahv:1.0
point:2.9459101490553135
retard:1.0
believ:1.0
actual:1.0
golli:1.0
love:1.0
listen:1.0
rex:2.09861228866811
nhl:1.6931471805599454
precis:1.0
exist:1.0
thing:1.6931471805599454
call:1.6931471805599454
occur:1.0
game:1.0
end:1.0
score:1.6931471805599454
equal:1.0
get:1.6931471805599454
one:1.6931471805599454
also:1.0
exit:1.0
higher:1.0
oppon:1.6931471805599454
oh:1.0
yeah:1.0
play:1.0
time:1.0
say:1.6931471805599454
let:1.0
38:2.09861228866811
36:1.0
loss:1.6931471805599454
10:1.6931471805599454
anoth:1.0
40:1.6931471805599454
6:1.6931471805599454
2:1.6931471805599454
86:1.6931471805599454
second:1.6931471805599454
wow:1.0
number:2.09861228866811
amaz:1.0
talk:1.0
tiebreak:1.6931471805599454
well:1.0
mean:1.0
exampl:1.0
would:1.0
therefor:1.0
better:1.0
even:1.0
though:1.0
understand:1.0
mayb:1.0
go:2.09861228866811
back:1.0
read:1.0
slowli:1.0
tlet:1.6931471805599454
ranger:1.0
quaker:1.0
tkkeller:1.0
tivi:1.0
leagu:1.0
champ:1.0
want:1.0
opinion:1.0
give:1.0
