mlindroo:1.0
finabo:1.0
abo:1.6931471805599454
fi:2.386294361119891
marcu:1.6931471805599454
lindroo:1.0
inf:1.0
subject:1.0
expand:1.0
europ:1.0
dusseldorf:2.09861228866811
repli:1.0
pkortela:2.09861228866811
snakemail:1.6931471805599454
hut:2.09861228866811
messag:1.0
15:1.0
apr:1.0
93:1.6931471805599454
14:1.0
47:1.0
30:1.0
gmt:1.0
organ:1.0
akademi:1.0
univers:1.0
finland:1.6931471805599454
x:1.0
news:1.6931471805599454
reader:1.0
vm:1.0
1:1.6931471805599454
24:1.0
line:1.0
75:1.0
93apr15164732:1.0
lk:1.0
hp:1.0
17:1.0
write:1.0
deg:1.6931471805599454
mani:1.0
german:2.386294361119891
born:1.6931471805599454
forward:1.6931471805599454
team:2.6094379124341005
fact:1.0
major:1.6931471805599454
player:1.0
1992:1.0
11150:1.0
averag:1.0
11800:1.0
spectat:1.0
arena:3.302585092994046
interest:1.6931471805599454
one:2.6094379124341005
friend:1.0
robert:1.0
told:1.0
canadian:1.0
perhap:1.6931471805599454
somebodi:1.0
sort:1.0
u:1.0
possibl:1.0
nhl:2.09861228866811
european:2.09861228866811
leagu:2.09861228866811
site:1.0
list:1.0
switzerland:1.6931471805599454
bern:1.0
zurich:1.0
lugano:1.0
2:1.6931471805599454
other:1.0
ok:1.0
north:1.6931471805599454
america:1.0
still:1.6931471805599454
doubt:1.0
citi:2.791759469228055
pop:1.0
500:1.6931471805599454
000:2.9459101490553135
could:1.6931471805599454
support:2.09861228866811
cours:1.0
probabl:1.0
judg:1.0
larg:1.6931471805599454
small:2.09861228866811
distanc:1.0
germani:1.0
cologn:1.6931471805599454
berlin:1.6931471805599454
munich:1.6931471805599454
mannheim:1.0
rosenheim:1.0
ye:1.0
although:1.0
anachron:1.0
open:1.0
wall:1.0
behind:1.0
goal:1.0
essenti:1.0
outdoor:1.0
seat:2.6094379124341005
7:1.0
8:1.0
6:1.0
new:2.09861228866811
facil:2.09861228866811
built:1.6931471805599454
unless:1.0
olymp:1.0
bid:1.0
success:1.0
sweden:1.0
stockholm:1.0
gothenburg:1.0
malmo:1.6931471805599454
gavl:1.0
big:1.6931471805599454
enough:1.6931471805599454
also:1.6931471805599454
need:1.0
current:1.0
5:1.0
think:1.0
helsinki:1.6931471805599454
turku:1.6931471805599454
tamper:1.6931471805599454
talk:1.0
even:1.6931471805599454
would:1.0
struggl:1.0
make:1.0
work:1.0
despit:1.0
excel:1.0
nowher:1.0
near:1.0
hockey:2.6094379124341005
itali:1.0
milan:1.6931471805599454
rome:1.0
south:1.0
question:1.0
well:1.0
africa:1.0
fan:2.09861228866811
roman:1.0
given:1.0
chanc:1.0
host:1.0
wc:1.0
94:1.0
game:1.0
show:1.0
whatsoev:1.0
italian:1.0
come:1.0
smaller:1.0
franc:1.0
pari:1.6931471805599454
chamonix:1.0
ruoen:1.0
volan:1.0
francai:1.0
sp:1.0
pro:1.6931471805599454
coupl:1.6931471805599454
year:2.09861228866811
ago:1.0
believ:1.0
made:1.0
club:1.0
championship:1.0
final:1.0
tournament:1.0
eventu:1.0
fold:1.0
due:1.0
lower:1.0
hope:1.0
attend:1.0
remain:1.0
seem:1.0
minor:1.0
sport:1.0
like:1.6931471805599454
norway:1.0
oslo:1.0
austria:1.0
vienna:1.0
villach:1.0
chech:1.0
prag:1.0
slovakia:1.0
bratislava:1.0
russia:1.0
moscow:1.0
st:1.0
petersburg:1.0
easter:1.0
lack:1.0
money:1.6931471805599454
infrastructur:1.0
great:1.0
britain:1.0
tampa:1.0
bay:1.0
lightn:1.0
anyway:1.0
play:1.0
10:1.0
back:1.0
japanes:1.0
run:1.0
enthusiast:1.0
phil:1.0
esposito:1.0
heavi:1.0
market:1.0
difficulti:1.0
tell:1.0
ice:1.0
mean:1.0
london:1.0
mention:1.0
sheffield:1.0
birmingham:1.0
mega:1.0
16:1.0
might:1.0
bristol:1.0
netherland:1.0
speak:1.0
biggest:1.0
eindhoven:1.0
petteri:1.0
kortelainen:1.0
