organ:1.0
central:1.0
michigan:1.0
univers:1.0
ryan:1.6931471805599454
j:1.0
thiem:1.0
33cwdtr:1.0
cmuvm:1.0
csv:1.0
cmich:1.0
edu:2.386294361119891
subject:1.0
beat:1.6931471805599454
pittsburgh:1.0
afnkovk00uhb01rdtj:1.0
andrew:1.0
cmu:1.0
1993apr15:1.0
214902:1.0
3372:1.0
guvax:1.0
acc:1.0
georgetown:1.0
9169:1.0
blue:1.0
ci:1.0
pitt:1.0
line:1.0
7:1.0
penguin:1.0
crash:1.0
team:1.0
plane:1.0
