desper:1.6931471805599454
fan:1.6931471805599454
subject:1.0
help:1.0
wc:1.0
coverag:1.0
europ:1.0
origin:1.0
tervo:1.0
messi:1.0
uku:1.0
fi:1.0
organ:1.0
univers:1.0
kuopio:1.0
finland:1.6931471805599454
line:1.0
6:2.09861228866811
vielen:1.0
dank:1.0
p:1.0
sweden:1.0
v:1.0
finish:1.0
gothenburg:1.0
15th:1.0
apr:1.0
