swartzjh:1.6931471805599454
rosevc:1.6931471805599454
rose:2.386294361119891
hulman:2.386294361119891
edu:2.09861228866811
subject:1.0
espn:1.6931471805599454
tonight:1.6931471805599454
organ:1.0
institut:1.0
technolog:1.0
line:1.0
7:1.0
repli:1.0
nntp:1.0
post:1.0
host:1.0
hydra:1.0
anyon:1.6931471805599454
heard:1.6931471805599454
game:2.386294361119891
show:1.6931471805599454
said:1.0
whatev:1.0
mean:1.0
playoff:1.0
wise:1.0
would:1.6931471805599454
assum:1.0
blue:1.0
tampa:1.0
minnesota:1.0
red:1.0
wing:1.0
sure:1.0
tjeff:1.0
swartz:1.0
