seth:1.6931471805599454
cbnewsh:2.09861228866811
cb:2.6094379124341005
att:2.6094379124341005
com:2.6094379124341005
peter:1.6931471805599454
r:1.6931471805599454
clark:2.09861228866811
jr:1.6931471805599454
subject:1.0
flyer:2.9459101490553135
year:1.0
biggest:1.0
worst:1.0
opinion:1.0
organ:1.0
distribut:1.0
na:1.0
keyword:1.0
nhl:1.6931471805599454
award:1.0
line:1.6931471805599454
80:1.0
articl:1.6931471805599454
1993apr14:1.0
165617:1.0
3215:1.0
cbnewsm:1.6931471805599454
jmd:1.0
joseph:1.0
dake:1.0
write:1.6931471805599454
1993apr13:1.0
144030:1.0
28994:1.0
roussel:3.4849066497880004
give:1.0
almost:1.0
anoth:1.0
goal:1.6931471805599454
game:2.9459101490553135
face:1.6931471805599454
proport:1.0
number:1.6931471805599454
shot:1.6931471805599454
minut:1.0
play:2.6094379124341005
actual:1.0
check:1.0
believ:1.0
lower:1.6931471805599454
qualiti:1.6931471805599454
oppon:1.0
make:2.386294361119891
le:1.6931471805599454
half:1.0
opponet:1.0
argument:1.0
immateri:1.6931471805599454
neither:1.0
soderstrom:2.791759469228055
say:2.6094379124341005
matter:2.09861228866811
dineen:1.0
decis:1.6931471805599454
word:1.0
shut:1.6931471805599454
shark:1.0
penguin:1.0
coach:1.6931471805599454
come:1.0
joe:1.0
think:2.386294361119891
signific:1.0
irrelev:1.0
low:2.386294361119891
gaa:2.791759469228055
good:2.386294361119891
team:3.0794415416798357
better:2.09861228866811
bad:2.09861228866811
context:2.09861228866811
compar:2.09861228866811
two:2.9459101490553135
goaltend:2.386294361119891
higher:1.6931471805599454
much:2.6094379124341005
fact:1.0
despit:1.0
last:1.6931471805599454
night:2.09861228866811
shutout:2.9459101490553135
take:2.09861228866811
due:1.0
inept:1.6931471805599454
ranger:2.09861228866811
skill:1.0
3:1.6931471805599454
1:2.6094379124341005
get:2.386294361119891
away:1.0
2:2.09861228866811
none:1.0
one:2.386294361119891
guy:2.09861228866811
pas:1.0
stop:1.0
shoot:1.0
pad:1.0
c:1.0
mon:1.0
pete:1.6931471805599454
masterpiec:1.6931471805599454
toronto:2.09861228866811
mike:1.0
emerich:1.0
quot:1.0
leaf:1.0
offens:1.6931471805599454
firepow:1.0
past:1.0
first:1.6931471805599454
impress:1.0
lack:1.0
ye:1.0
absolut:1.0
cours:1.0
end:1.0
season:2.386294361119891
point:2.09861228866811
score:1.6931471805599454
sheet:1.6931471805599454
decid:1.0
goali:2.386294361119891
gm:1.0
look:2.386294361119891
trade:1.0
got:1.6931471805599454
deeper:1.0
stat:1.0
see:1.0
second:1.0
defens:1.0
noth:1.0
judg:1.6931471805599454
tommi:2.09861228866811
test:1.0
real:1.0
chanc:1.6931471805599454
made:1.0
great:1.0
save:1.0
mistak:1.0
player:1.6931471805599454
alon:1.0
littl:1.0
go:1.0
0:1.6931471805599454
tie:1.0
hab:1.0
saw:1.0
stand:1.0
head:1.0
action:1.0
like:2.386294361119891
well:1.6931471805599454
back:1.6931471805599454
novemb:1.6931471805599454
treat:1.0
heart:1.0
ailment:1.0
finish:1.6931471805599454
6:1.0
9:1.0
10:1.0
4:1.0
overal:1.0
way:2.09861228866811
know:1.6931471805599454
would:2.386294361119891
soderstom:1.0
wear:1.0
oragn:1.0
n:1.0
black:1.0
glad:1.0
find:1.0
anytim:1.0
soon:1.0
either:1.6931471805599454
hell:1.0
right:1.0
still:1.0
dom:1.6931471805599454
outperform:1.0
hextal:1.0
enough:1.0
91:1.0
92:1.0
manag:1.6931471805599454
sure:1.6931471805599454
never:1.0
thing:1.6931471805599454
side:1.0
seen:1.6931471805599454
least:1.0
interview:1.0
everi:1.0
time:1.0
farwel:1.0
ask:1.0
happi:1.0
oh:1.0
yeah:1.0
final:1.0
card:1.0
monday:1.0
pictur:2.6094379124341005
hall:1.0
fame:1.0
kinda:1.0
dull:1.0
realli:1.0
hand:1.6931471805599454
everybodi:1.0
walk:1.0
pizza:1.0
hut:1.0
sold:1.0
program:1.0
mid:1.0
name:1.0
ben:1.0
kasper:1.0
choos:1.0
fan:1.0
receiv:1.0
shirt:1.0
win:1.0
recchi:1.0
jersey:1.0
break:1.0
club:1.0
singl:1.0
record:1.0
nice:1.0
luck:1.0
mostli:1.0
random:1.0
seat:1.0
locat:1.0
given:1.0
certain:1.0
autograph:1.6931471805599454
photo:1.0
method:1.0
sinc:1.0
guard:1.0
help:1.0
peopl:1.0
lindro:1.0
hold:1.0
em:1.0
buddi:1.0
