filinuk:2.6094379124341005
staff:2.09861228866811
dcc:2.09861228866811
upenn:2.09861228866811
edu:2.09861228866811
geoff:2.09861228866811
subject:1.0
get:1.0
real:1.0
cap:1.6931471805599454
chanc:1.0
repli:1.0
organ:1.0
univers:1.0
pennsylvania:1.0
line:1.0
7:1.0
nntp:1.0
post:1.0
host:1.0
tanyon:1.0
realli:1.0
believ:1.0
beat:1.0
pen:1.6931471805599454
kid:1.0
may:1.0
loo:1.0
one:1.0
game:1.0
playoff:1.0
flyer:1.0
fan:1.0
