slacel:1.0
gandalf:2.09861228866811
ca:1.0
stephan:1.6931471805599454
lacel:1.6931471805599454
subject:1.0
bridgman:1.6931471805599454
organ:1.0
data:1.6931471805599454
ltd:1.6931471805599454
line:1.0
8:1.0
ottwawa:1.0
senat:1.0
fire:1.0
mel:1.0
1:1.0
00:1.0
pm:1.0
today:1.0
randi:1.0
sexton:1.0
gon:1.0
na:1.0
replac:1.0
w:1.0
engin:1.0
insert:1.0
sig:1.0
