gballent:1.6931471805599454
hudson:2.09861228866811
uvic:2.09861228866811
ca:2.6094379124341005
greg:1.0
ballentin:1.0
subject:1.0
plu:1.0
minu:1.0
stat:1.0
nntp:1.0
post:1.0
host:1.0
repli:1.0
organ:1.0
univers:1.0
victoria:1.6931471805599454
bc:1.0
canada:1.0
line:1.0
33:1.0
articl:1.0
1443:1.0
ramsey:1.6931471805599454
c:1.6931471805599454
laurentian:1.6931471805599454
maynard:1.6931471805599454
roger:1.0
write:1.0
certainli:1.0
plugger:1.0
integr:1.0
part:1.0
team:2.09861228866811
simpli:1.0
enough:1.0
solid:1.0
two:1.0
way:1.0
player:2.791759469228055
go:1.0
around:1.0
would:2.386294361119891
rather:1.0
check:2.09861228866811
centr:2.09861228866811
doug:1.6931471805599454
gilmour:1.6931471805599454
jarvi:1.6931471805599454
matter:1.0
take:1.0
either:1.0
gretzki:2.6094379124341005
mario:1.0
think:1.0
could:1.6931471805599454
cover:1.0
bob:2.09861228866811
gainey:2.386294361119891
lemieux:2.09861228866811
etc:1.6931471805599454
play:2.6094379124341005
role:1.6931471805599454
centreman:1.0
offens:2.09861228866811
oppos:1.0
defens:3.1972245773362196
one:1.0
use:1.0
wast:1.6931471805599454
abil:1.0
compar:2.09861228866811
et:1.0
al:1.0
appl:1.0
orang:1.0
like:1.0
tell:1.0
felix:1.0
potvin:1.0
good:1.0
better:2.09861228866811
instead:1.0
sure:1.0
differ:1.0
type:1.6931471805599454
success:1.0
need:1.0
includ:1.0
forward:2.791759469228055
greatest:1.0
ever:1.6931471805599454
talent:2.09861228866811
best:1.6931471805599454
suit:1.0
complet:1.0
domin:1.0
game:1.0
mayb:1.0
decid:1.0
hockey:1.0
gregmeist:1.0
