mmb:1.6931471805599454
lamar:2.09861228866811
colost:2.09861228866811
edu:2.09861228866811
michael:1.0
burger:1.6931471805599454
subject:1.0
tv:1.6931471805599454
schedul:2.09861228866811
next:1.0
week:1.0
distribut:1.0
na:1.0
nntp:1.0
post:1.6931471805599454
host:1.0
acn:1.0
organ:1.0
colorado:1.6931471805599454
state:2.09861228866811
univers:2.09861228866811
fort:1.0
collin:1.0
co:1.0
80523:1.0
line:1.0
20:1.6931471805599454
unit:1.0
april:2.791759469228055
18:2.09861228866811
devil:1.6931471805599454
island:1.6931471805599454
pittsburgh:1.6931471805599454
1:1.0
est:1.0
abc:2.09861228866811
eastern:1.0
time:2.09861228866811
zone:2.09861228866811
st:1.0
loui:1.0
chicago:1.0
12:1.6931471805599454
cdt:1.0
cent:1.0
mou:1.0
lo:1.0
angel:1.0
calgari:1.0
pdt:1.0
pacif:1.0
7:2.09861228866811
30:2.09861228866811
espn:2.09861228866811
22:1.0
tba:1.6931471805599454
24:1.0
somebodi:1.0
would:1.0
send:1.0
cbc:1.0
tsn:1.0
well:1.0
mike:1.0
canada:1.0
includ:1.0
quebec:1.0
ontario:1.0
maritim:1.0
prairi:1.0
florida:1.0
begin:1.0
comput:1.0
ta:1.0
stud:1.0
four:1.0
month:1.0
year:1.0
500:1.0
student:1.0
serv:1.0
royal:1.0
canadian:1.0
air:1.0
farc:1.0
michigan:1.0
1990:1.0
199:1.0
