montana:2.386294361119891
pinetre:2.791759469228055
org:2.09861228866811
david:1.6931471805599454
wong:1.6931471805599454
subject:1.6931471805599454
hockey:2.6094379124341005
playoff:2.386294361119891
pool:2.9459101490553135
last:2.09861228866811
chanc:1.6931471805599454
keyword:1.0
organ:1.0
gordon:1.6931471805599454
ottawa:1.6931471805599454
ontario:1.0
canada:1.6931471805599454
line:3.4849066497880004
66:1.0
post:1.0
promot:1.0
updat:1.0
tri:1.6931471805599454
everi:2.09861228866811
wednesday:1.0
plea:1.6931471805599454
join:1.0
deadlin:1.0
midnight:1.6931471805599454
saturday:1.6931471805599454
rule:1.6931471805599454
read:1.0
cost:1.0
none:1.6931471805599454
prize:1.0
send:1.6931471805599454
repli:1.0
note:1.6931471805599454
entri:1.0
accept:1.0
includ:1.0
name:1.0
acm:1.0
critieria:1.0
pick:2.791759469228055
9:1.0
forward:2.386294361119891
long:1.0
lw:1.0
rw:1.0
c:1.0
okay:1.0
6:1.0
defensemen:1.6931471805599454
arrang:1.6931471805599454
3:2.386294361119891
two:1.0
defens:1.0
1:3.833213344056216
order:1.0
player:2.09861228866811
would:1.0
play:1.6931471805599454
first:1.0
second:1.0
design:3.0794415416798357
playmak:2.386294361119891
posit:1.6931471805599454
scorer:2.386294361119891
goal:2.791759469228055
tender:1.0
team:1.6931471805599454
one:1.0
think:1.0
may:1.0
win:2.386294361119891
cup:1.6931471805599454
chosen:1.0
ie:1.0
sakic:1.0
passer:1.0
calcul:1.6931471805599454
point:2.6094379124341005
except:1.0
assist:2.09861228866811
pt:3.4849066497880004
ixi:1.0
ii:1.0
total:2.09861228866811
2:2.791759469228055
5:2.791759469228055
goali:1.0
10:2.09861228866811
follow:1.0
score:1.0
0:2.386294361119891
event:1.0
tie:1.6931471805599454
broken:1.0
unmodifi:1.0
game:1.0
sampl:1.0
eg:1.0
jeremi:1.0
roenick:1.0
actual:1.6931471805599454
g:2.6094379124341005
12:2.386294361119891
22:1.6931471805599454
modifi:1.6931471805599454
41:1.0
steve:1.0
smith:1.0
11:1.6931471805599454
j:1.0
murphi:1.0
24:1.0
courtnal:1.0
14:1.6931471805599454
messier:1.0
dave:1.0
manson:1.0
iafrat:1.0
7:1.0
142:1.0
internet:1.0
uucp:1.0
613:1.0
526:1.0
0702:1.0
v:1.6931471805599454
32bi:1.0
42bi:1.0
