nmcglynn:2.09861228866811
buffalo:1.6931471805599454
axion:2.386294361119891
bt:2.791759469228055
co:2.386294361119891
uk:2.9459101490553135
neil:1.6931471805599454
mcglynn:1.6931471805599454
subject:1.0
british:1.6931471805599454
championship:1.6931471805599454
playoff:1.0
16:2.386294361119891
apr:1.0
93:1.0
organ:1.0
lab:1.0
martlesham:2.09861228866811
heath:2.09861228866811
ipswich:2.09861228866811
line:1.0
45:1.0
repli:1.0
nntp:1.0
post:1.0
host:1.0
organis:1.0
laboratori:1.6931471805599454
group:1.0
tgroup:1.0
b:1.6931471805599454
cardiff:2.6094379124341005
devil:2.6094379124341005
7:2.6094379124341005
3:3.4849066497880004
bracknel:2.6094379124341005
bee:2.6094379124341005
tnottingham:2.09861228866811
panther:2.09861228866811
8:3.4849066497880004
billingham:2.09861228866811
humbersid:2.6094379124341005
whitley:2.6094379124341005
warrior:1.0
tmurrayfield:2.09861228866811
racer:2.09861228866811
11:2.09861228866811
2:3.70805020110221
fife:1.6931471805599454
flyer:2.6094379124341005
bay:2.386294361119891
6:3.0794415416798357
9:2.6094379124341005
bomber:2.09861228866811
murrayfield:1.6931471805599454
5:3.0794415416798357
10:2.6094379124341005
4:4.465735902799727
nottingham:1.6931471805599454
tfife:2.09861228866811
tbillingham:1.6931471805599454
12:2.386294361119891
tp:1.6931471805599454
w:2.386294361119891
l:2.386294361119891
f:2.386294361119891
p:2.791759469228055
0:4.218875824868201
34:1.6931471805599454
37:1.6931471805599454
15:2.09861228866811
1:3.302585092994046
26:1.6931471805599454
27:2.386294361119891
31:1.0
32:1.6931471805599454
39:1.0
indic:1.0
qualifi:1.0
final:1.0
releg:1.0
promot:1.6931471805599454
treleg:1.0
basingstok:2.6094379124341005
swindon:2.6094379124341005
wildcat:1.6931471805599454
sheffield:2.09861228866811
steeler:2.09861228866811
peterborough:1.6931471805599454
durham:2.6094379124341005
wasp:2.6094379124341005
13:1.0
romford:2.6094379124341005
raider:2.09861228866811
tslough:2.09861228866811
jet:2.6094379124341005
mk:1.0
king:2.386294361119891
tsheffield:1.6931471805599454
milton:2.09861228866811
keyn:2.386294361119891
17:1.0
tpeterborough:2.09861228866811
slough:1.6931471805599454
38:1.0
22:1.6931471805599454
33:1.0
21:1.6931471805599454
23:1.0
43:1.0
tmilton:1.0
20:1.0
41:1.0
44:1.0
473:1.0
645659:1.0
telecom:1.0
