umturne4:1.6931471805599454
ccu:2.09861228866811
umanitoba:2.09861228866811
ca:2.09861228866811
daryl:1.6931471805599454
turner:1.6931471805599454
subject:1.0
pen:1.0
info:1.0
need:1.0
nntp:1.0
post:1.0
host:1.0
organ:1.0
univers:1.0
manitoba:1.6931471805599454
winnipeg:1.6931471805599454
canada:1.0
line:1.0
19:1.0
articl:1.0
1993apr15:1.0
140541:1.0
28465:1.0
ericsson:1.6931471805599454
se:1.6931471805599454
etxonss:1.0
ufsa:1.0
staffan:1.0
axelsson:1.0
write:1.0
actual:1.0
swedish:1.0
coach:1.0
curt:1.6931471805599454
lundmark:1.0
think:1.0
leav:2.09861228866811
two:1.0
spot:2.09861228866811
open:2.09861228866811
addit:1.0
elimin:1.0
nhler:1.6931471805599454
mat:1.0
sundin:1.0
call:1.0
johansson:1.0
hope:1.6931471805599454
join:1.0
team:1.6931471805599454
although:1.0
late:1.0
stage:1.0
tournament:1.0
technic:1.0
seem:1.0
recal:1.0
24:1.0
hr:1.0
wc:1.0
final:1.0
hmmm:1.0
also:1.0
heard:1.0
grapevin:1.0
finland:1.0
might:1.6931471805599454
tri:1.0
least:1.0
one:1.0
guy:1.0
name:1.0
sel:2.09861228866811
nne:2.09861228866811
ever:1.0
hear:1.0
content:1.0
kurri:1.0
though:1.0
r:1.0
h:1.0
contact:1.0
jet:2.09861228866811
internet:1.0
fidonet:1.0
1:1.6931471805599454
348:2.09861228866811
701:1.0
4:1.0
plea:1.0
rout:1.0
700:1.0
tkachuk:1.0
zhamnov:1.0
shoot:1.0
score:1.0
win:1.6931471805599454
cup:1.6931471805599454
essensa:1.0
vezina:1.0
housley:1.0
norri:1.0
calder:1.0
