pkortela:1.0
snakemail:1.0
hut:1.6931471805599454
fi:3.1972245773362196
petteri:1.6931471805599454
kortelainen:1.6931471805599454
subject:1.0
helsinki:1.6931471805599454
stockholm:1.0
nhl:2.09861228866811
expans:1.0
organ:1.0
univers:1.0
technolog:1.0
finland:1.0
line:1.0
20:1.0
distribut:1.0
inet:1.0
c5h9wr:1.6931471805599454
6j3:1.6931471805599454
polari:2.09861228866811
utu:2.09861228866811
1993apr15:1.6931471805599454
095653:1.6931471805599454
17514:1.6931471805599454
abo:2.386294361119891
nntp:1.0
post:1.0
host:1.0
lk:1.0
hp:1.0
17:1.0
repli:1.0
mlindroo:1.6931471805599454
finabo:1.6931471805599454
messag:1.0
thu:1.0
15:1.0
apr:1.0
1993:1.0
09:1.0
56:1.0
53:1.0
gmt:1.0
articl:1.0
marcu:1.0
lindroo:1.0
inf:1.0
write:1.6931471805599454
franti:1.0
low:1.0
perhap:1.6931471805599454
sure:1.0
high:1.0
european:1.6931471805599454
divis:1.0
finnish:1.6931471805599454
team:2.09861228866811
exampl:1.0
would:1.6931471805599454
contain:1.0
player:2.791759469228055
current:1.0
nation:1.0
plu:1.0
top:1.6931471805599454
class:2.09861228866811
foreign:1.0
two:1.0
entir:1.0
differ:1.0
leagu:2.09861228866811
tp:1.0
jokerit:1.0
dozen:1.0
intern:1.6931471805599454
even:1.0
settl:1.0
minor:1.0
could:1.0
best:1.0
mani:1.0
averag:1.0
6:1.0
10:1.0
play:1.0
smaller:1.0
rink:1.0
qualiti:1.0
hockey:1.0
realli:1.0
poor:1.0
recent:1.0
year:1.0
north:1.0
american:1.0
usual:1.0
good:1.0
farm:1.0
got:1.0
place:1.0
elitserien:1.0
ship:1.0
back:1.0
