jwh:1.0
sei:1.6931471805599454
cmu:1.6931471805599454
edu:2.386294361119891
john:1.6931471805599454
huber:1.6931471805599454
subject:1.6931471805599454
nhl:1.0
team:1.6931471805599454
captain:3.0794415416798357
organ:1.0
softwar:1.6931471805599454
engin:1.6931471805599454
institut:1.6931471805599454
line:1.0
27:1.0
articl:1.0
1993apr19:1.0
213015:1.0
iastat:1.6931471805599454
njdevil:1.0
cire:1.0
trehguad:1.0
write:1.6931471805599454
anna:1.0
matya:1.0
am2x:1.0
andrew:1.0
wrote:1.0
michael:1.0
collingridg:1.0
ever:1.0
trade:2.386294361119891
resign:1.0
stripe:1.0
titl:1.0
season:1.6931471805599454
trivia:1.0
would:1.0
appreci:1.0
ron:1.0
franci:1.0
whaler:1.0
pittsburgh:1.6931471805599454
rick:1.0
tochett:1.0
flyer:1.0
pen:1.6931471805599454
recent:1.0
cours:1.0
mike:1.0
ramsey:1.0
one:1.0
time:1.0
buffalo:1.0
prior:1.0
current:1.0
penguin:1.6931471805599454
3:1.0
former:1.0
1:1.0
real:1.0
lemieux:1.0
play:1.0
rotat:1.0
even:1.6931471805599454
c:1.6931471805599454
mario:1.0
troy:1.0
loney:1.0
worn:1.0
jay:1.6931471805599454
w:1.0
jr:1.0
aka:1.0
1991:1.6931471805599454
1992:1.6931471805599454
stanley:1.0
cup:1.0
champion:1.6931471805599454
pirat:1.0
1990:1.0
nl:1.0
east:1.0
3409:1.0
412:1.0
268:1.0
3550:1.0
mastercraft:1.0
boat:1.0
ski:1.0
