subject:1.0
pick:1.6931471805599454
first:2.09861228866811
caldwell8102:1.0
mtroyal:1.0
ab:1.0
ca:1.6931471805599454
organ:1.0
mount:1.0
royal:1.0
colleg:1.0
calgari:1.0
alberta:1.0
line:1.0
11:1.0
articl:1.0
1993apr17:1.0
181421:1.0
14349:1.0
epa:1.6931471805599454
toronto:1.0
edu:1.0
sclark:1.0
utoronto:1.0
susan:1.0
clark:1.0
write:1.0
taccord:1.0
fan:1.0
ottawa:2.09861228866811
daigl:1.0
e:1.0
sweepstak:1.0
mention:1.0
san:1.6931471805599454
jose:1.6931471805599454
goal:1.0
sen:1.6931471805599454
hunch:1.0
would:1.0
mistaken:1.0
win:1.6931471805599454
tiebreak:1.0
nhl:1.0
alway:1.0
talan:1.0
