steveg:1.0
cadkey:1.6931471805599454
com:1.0
steve:1.0
gallichio:1.0
subject:1.0
possibl:1.0
canadian:1.6931471805599454
wc:1.0
team:2.09861228866811
organ:1.0
inc:1.0
line:1.0
14:1.0
nntp:1.0
post:1.0
host:1.0
access:1.0
digex:1.0
net:1.0
point:1.0
nhler:1.0
playoff:1.0
bound:1.0
center:2.09861228866811
geoff:1.0
sanderson:2.09861228866811
hartford:1.0
canada:1.0
posit:1.0
although:1.0
draft:1.0
play:1.0
rooki:1.0
score:1.0
46:1.0
goal:1.0
season:1.0
left:1.0
wing:1.0
sg:1.0
