steveg:1.0
cadkey:1.6931471805599454
com:1.0
steve:1.0
gallichio:1.0
subject:1.0
averag:2.791759469228055
player:2.386294361119891
nhl:2.6094379124341005
organ:1.0
inc:1.0
line:1.0
41:1.0
nntp:1.0
post:1.6931471805599454
host:1.0
access:1.0
digex:1.0
net:1.0
interrupt:1.0
regularli:1.6931471805599454
schedul:1.6931471805599454
news:1.0
read:1.0
bring:1.0
anoth:1.0
messag:1.0
sponsor:1.0
depart:1.0
realli:1.6931471805599454
mundan:1.0
statist:1.0
pas:2.09861228866811
final:1.0
individu:1.0
stat:1.0
day:1.0
filter:1.0
game:1.6931471805599454
goal:1.6931471805599454
assist:1.6931471805599454
point:1.6931471805599454
penalti:1.0
minut:1.0
mythic:1.0
pro:1.0
play:1.0
leagu:1.0
season:1.0
monday:1.0
feel:1.0
like:1.0
write:1.0
real:1.0
code:1.0
anyway:1.0
wipe:1.0
60:1.0
odd:1.0
goali:1.6931471805599454
list:2.09861228866811
came:1.6931471805599454
t55:1.6931471805599454
gp:3.0794415416798357
11:2.6094379124341005
g:3.0794415416798357
19:1.0
30:1.6931471805599454
pt:3.0794415416798357
69:1.0
pim:3.1972245773362196
second:1.0
time:1.0
come:1.0
smallest:1.0
percentag:1.0
differ:1.0
categori:1.0
marti:1.0
mcinni:1.0
nyi:1.0
t56:1.0
1:2.09861228866811
10:2.9459101490553135
9:2.6094379124341005
20:1.0
5:1.0
0:2.9459101490553135
24:1.6931471805599454
65:1.6931471805599454
igor:1.6931471805599454
kravchuk:2.09861228866811
edm:1.6931471805599454
17:2.6094379124341005
27:2.6094379124341005
53:1.0
two:1.0
close:1.0
far:1.0
leav:1.0
bobbi:1.6931471805599454
carpent:2.09861228866811
t65:1.0
18:1.0
28:1.6931471805599454
6:1.0
63:1.6931471805599454
8:1.0
honor:1.0
also:1.0
still:1.6931471805599454
includ:1.0
top:1.0
three:1.0
rob:1.6931471805599454
dimaio:1.6931471805599454
fli:1.0
behind:1.0
take:1.0
titl:1.0
t53:1.0
64:1.0
55:1.0
3:2.09861228866811
50:1.0
22:1.0
tb:1.0
t54:1.0
15:1.0
62:1.0
kind:1.0
underwhelm:1.0
think:1.0
sg:1.0
back:1.0
program:1.0
