cal2d:1.0
csissun11:1.0
ee:1.0
virginia:1.6931471805599454
edu:1.0
craig:1.6931471805599454
allen:1.0
lori:1.0
subject:1.0
thumb:1.0
espn:2.09861228866811
organ:1.0
univers:1.0
line:1.0
7:1.0
everyon:1.0
bitch:1.0
hockey:1.6931471805599454
coverag:1.0
almost:1.0
like:1.0
detroit:1.0
toronto:1.0
game:1.6931471805599454
televis:1.6931471805599454
last:1.0
nite:1.0
thank:1.6931471805599454
see:1.0
night:1.0
suppos:1.0
carri:1.0
matter:1.0
