lee139:1.6931471805599454
gaul:2.09861228866811
csd:2.09861228866811
uwo:2.09861228866811
ca:2.09861228866811
steve:2.09861228866811
lee:1.6931471805599454
subject:1.0
list:1.0
tee:1.0
time:1.6931471805599454
metropolitan:1.0
toronto:1.0
golf:1.6931471805599454
cours:1.0
monday:1.0
organ:1.0
comput:1.0
scienc:1.0
dept:1.0
univ:1.0
western:1.6931471805599454
ontario:1.6931471805599454
london:1.6931471805599454
canada:1.6931471805599454
nntp:1.0
post:1.6931471805599454
host:1.0
obelix:1.6931471805599454
line:1.0
18:1.0
articl:1.0
c5spec:1.0
euc:1.0
noos:1.0
ecn:1.6931471805599454
purdu:2.09861228866811
edu:1.6931471805599454
stamber:2.09861228866811
rainbow:1.0
kevin:1.6931471805599454
l:1.6931471805599454
write:1.0
univers:1.6931471805599454
phil:1.0
kirzyc:1.0
kielbasa:1.0
kid:1.0
roam:1.0
arena:1.0
interview:1.0
woop:1.0
rec:1.6931471805599454
sport:1.6931471805599454
hockey:1.0
hope:1.0
check:1.0
newsgroup:1.0
header:1.0
next:1.0
