slegg:1.6931471805599454
kean:1.6931471805599454
uc:1.6931471805599454
mun:1.6931471805599454
ca:1.6931471805599454
subject:1.6931471805599454
nhl:1.0
team:1.6931471805599454
captain:2.386294361119891
line:1.0
12:1.0
organ:1.0
memori:1.0
univers:1.0
st:1.0
john:1.0
nfld:1.0
canada:1.0
nj:2.09861228866811
ever:1.0
trade:1.6931471805599454
resign:1.0
stripe:1.0
titl:1.0
season:1.0
trivia:1.0
would:1.0
appreci:1.0
mike:1.0
foligno:1.0
buffalo:1.0
sabr:1.0
toronto:1.0
stephen:1.0
legg:1.0
