gp2011:2.386294361119891
andi:1.6931471805599454
bgsu:2.386294361119891
edu:2.386294361119891
georg:2.09861228866811
pavlic:1.6931471805599454
subject:1.0
matt:1.6931471805599454
militzok:1.0
plea:1.6931471805599454
read:1.0
organ:1.0
bowl:1.0
green:1.0
state:1.0
univers:1.0
b:1.0
g:1.0
oh:1.0
line:1.0
13:1.0
articl:1.0
200493132808:1.0
m248:1.0
68:1.0
wrote:1.0
sorri:1.6931471805599454
everyon:1.0
wast:1.0
space:1.0
day:1.0
post:1.0
mail:1.0
list:1.6931471805599454
playoff:1.0
stat:1.0
lost:1.0
address:1.6931471805599454
put:1.0
thank:1.0
guess:1.0
need:1.0
mailserv:1.0
