klati:2.09861228866811
atchafalaya:2.09861228866811
engin:2.386294361119891
umich:2.09861228866811
edu:2.09861228866811
brad:1.0
alan:1.0
subject:1.0
goali:1.0
organ:1.0
univers:1.0
michigan:1.0
ann:1.0
arbor:1.0
line:1.0
10:1.0
distribut:1.0
world:1.0
nntp:1.0
post:1.0
host:1.0
origin:1.0
heard:1.0
score:1.0
belfour:1.0
shoot:1.6931471805599454
high:1.6931471805599454
goe:1.0
lot:1.0
potvin:1.0
get:1.0
rebound:1.0
play:1.0
deep:1.0
net:1.0
truth:1.0
tbrad:1.0
wing:1.0
fan:1.0
predict:1.0
