farenebt:1.0
logic:1.6931471805599454
camp:1.6931471805599454
clarkson:2.6094379124341005
edu:2.386294361119891
droopi:1.0
subject:1.0
ahl:2.6094379124341005
calder:2.09861228866811
cup:2.09861228866811
playoff:2.09861228866811
schedul:1.6931471805599454
result:1.6931471805599454
organ:1.0
univers:1.0
line:1.0
61:1.0
nntp:1.0
post:1.6931471805599454
host:1.0
x:1.0
newsread:1.0
tin:1.0
version:1.0
1:3.0794415416798357
pl8:1.0
1993:1.0
home:1.0
team:1.0
cap:1.0
necesari:1.0
first:1.0
round:1.0
springfield:1.6931471805599454
indian:1.0
v:2.791759469228055
provid:1.0
bruin:1.6931471805599454
gm:4.367295829986475
tspringfield:1.6931471805599454
3:2.9459101490553135
tprovid:2.09861228866811
2:3.0794415416798357
5:2.386294361119891
4:2.791759469228055
t4:4.178053830347945
16:2.386294361119891
cd:1.0
island:1.0
adirondack:2.791759469228055
red:1.6931471805599454
wing:1.6931471805599454
tlast:1.0
night:1.0
cdi:2.386294361119891
17:2.386294361119891
tcdi:2.09861228866811
18:1.0
tadirondack:2.09861228866811
21:1.6931471805599454
23:1.6931471805599454
6:2.09861228866811
24:2.09861228866811
7:2.09861228866811
26:2.09861228866811
baltimor:2.386294361119891
skipjack:1.0
binghamton:2.6094379124341005
ranger:1.0
tbaltimor:2.386294361119891
tbinghamton:1.6931471805599454
28:1.6931471805599454
tbinghmaton:1.0
30:1.0
utica:2.386294361119891
devil:1.0
rochest:2.6094379124341005
american:1.0
tutica:2.386294361119891
20:1.0
trochest:2.09861228866811
22:1.0
moncton:1.6931471805599454
hawk:1.0
st:1.6931471805599454
john:2.386294361119891
mapl:1.0
leaf:1.0
tst:1.6931471805599454
tmoncton:1.6931471805599454
halifax:1.0
cape:1.0
breton:2.09861228866811
oiler:1.0
fredericton:1.6931471805599454
canadien:1.0
tfredericton:1.0
tcape:1.6931471805599454
2ot:1.0
unfortun:1.0
newspap:1.0
didnt:1.0
list:2.09861228866811
complet:1.0
sked:1.0
seri:1.0
alreadi:1.0
began:1.0
also:1.0
paper:1.0
final:1.0
stand:1.0
might:1.0
delay:1.0
earli:1.0
next:1.0
week:1.0
hockey:2.6094379124341005
news:1.6931471805599454
bri:1.0
farenel:1.0
tfarenebt:1.0
craft:1.0
ecac:1.6931471805599454
contact:1.0
rec:1.0
sport:1.0
tgo:1.0
usa:1.0
champ:2.09861228866811
81:1.0
86:1.0
89:1.0
92:1.0
tournament:1.0
66:1.0
91:1.6931471805599454
93:2.09861228866811
glen:1.0
fall:1.0
high:1.0
ny:1.0
divis:2.09861228866811
ii:1.0
state:1.0
90:1.0
fan:1.0
join:1.0
mail:1.0
request:1.0
andrew:1.0
cmu:1.0
congrat:1.0
boston:1.0
1992:1.6931471805599454
adam:1.0
champion:1.6931471805599454
phoenix:1.0
sun:1.0
pacif:1.0
