farenebt:1.0
craft:2.09861228866811
camp:1.6931471805599454
clarkson:2.6094379124341005
edu:2.386294361119891
droopi:1.0
subject:1.0
ahl:2.6094379124341005
playoff:1.0
result:1.0
4:3.3978952727983707
15:1.6931471805599454
organ:1.0
univers:1.0
line:1.0
70:1.0
nntp:1.0
post:1.0
host:1.0
x:1.0
newsread:1.0
tin:1.0
version:1.0
1:3.1972245773362196
pl8:1.0
game:1.0
adirondack:2.9459101490553135
6:3.0794415416798357
tcdi:2.6094379124341005
2:3.302585092994046
lead:1.0
seri:1.0
0:1.0
first:1.0
round:1.0
springfield:2.386294361119891
indian:1.0
v:3.0794415416798357
provid:2.09861228866811
bruin:1.6931471805599454
gm:4.737669618283368
tspringfield:2.386294361119891
3:3.0794415416798357
tprovid:2.6094379124341005
5:2.9459101490553135
t4:4.610917912644224
16:2.386294361119891
17:2.6094379124341005
22:2.09861228866811
24:2.6094379124341005
7:2.791759469228055
27:1.0
cd:1.0
island:1.0
red:1.6931471805599454
wing:1.6931471805599454
tadirondack:2.386294361119891
18:1.0
cdi:2.09861228866811
21:1.6931471805599454
23:2.09861228866811
26:2.6094379124341005
baltimor:2.386294361119891
skipjack:1.0
binghamton:2.6094379124341005
ranger:1.0
tbaltimor:2.386294361119891
tbinghamton:1.6931471805599454
28:2.386294361119891
tbinghmaton:1.0
30:1.6931471805599454
utica:2.386294361119891
devil:1.0
rochest:2.6094379124341005
american:1.0
tutica:2.386294361119891
20:1.6931471805599454
trochest:2.09861228866811
moncton:2.386294361119891
hawk:1.0
st:2.386294361119891
john:3.0794415416798357
mapl:1.0
leaf:1.0
tst:2.386294361119891
tmoncton:2.386294361119891
halifax:2.09861228866811
cape:2.386294361119891
breton:3.0794415416798357
oiler:1.0
fredericton:2.386294361119891
canadien:1.0
tfredericton:2.386294361119891
tcape:2.386294361119891
2ot:1.0
bri:1.0
farenel:1.0
tfarenebt:1.0
ecac:1.6931471805599454
contact:1.0
rec:1.0
sport:1.0
hockey:2.386294361119891
tgo:1.0
usa:1.0
calder:1.0
cup:1.0
champ:2.09861228866811
81:1.0
86:1.0
89:1.0
92:1.0
tournament:1.0
66:1.0
91:1.6931471805599454
93:2.09861228866811
glen:1.0
fall:1.0
high:1.0
ny:1.0
divis:2.09861228866811
ii:1.0
state:1.0
90:1.0
fan:1.0
join:1.0
mail:1.0
list:1.0
news:1.0
request:1.0
andrew:1.0
cmu:1.0
congrat:1.0
boston:1.0
1992:1.6931471805599454
adam:1.0
champion:1.6931471805599454
phoenix:1.0
sun:1.0
pacif:1.0
