yvon:2.09861228866811
ramsey:1.0
c:1.0
laurentian:1.6931471805599454
ca:1.0
lavoi:1.6931471805599454
subject:1.0
hot:2.09861228866811
cold:1.6931471805599454
streak:1.0
organ:1.0
dept:1.0
comput:1.0
scienc:1.0
univers:1.0
sudburi:1.0
line:1.0
14:1.0
ok:1.0
guy:1.0
need:2.386294361119891
list:1.0
team:1.0
last:1.0
25:1.0
game:1.0
accur:1.0
rough:1.0
guess:1.0
enter:1.0
playoff:1.6931471805599454
pool:1.0
want:1.0
know:1.0
go:1.0
mention:1.0
pittsburgh:1.0
get:1.0
hotter:1.0
p:1.0
sunday:1.0
