htilney:1.0
vax:1.0
clarku:1.0
edu:1.0
subject:1.0
bruin:1.6931471805599454
klingon:1.6931471805599454
connect:1.0
organ:1.0
clark:1.0
univers:1.0
line:1.0
7:1.0
wonder:1.0
star:1.0
trek:1.0
tng:1.0
fan:1.0
newsgroup:1.0
knew:1.0
possibl:1.0
relationship:1.0
player:1.0
douri:1.0
moog:1.6931471805599454
name:1.0
dura:1.0
worf:1.0
son:1.0
suppos:1.0
coincid:1.0
curiou:1.0
bart:1.0
