etxonss:1.6931471805599454
ufsa:1.6931471805599454
ericsson:2.386294361119891
se:2.09861228866811
staffan:1.6931471805599454
axelsson:1.6931471805599454
subject:1.0
wc:1.0
93:1.0
score:1.0
stand:2.09861228866811
april:3.6390573296152584
20:1.6931471805599454
nntp:1.0
post:1.0
host:1.0
uipc104:1.0
organ:1.0
telecom:1.0
stockholm:1.0
sweden:2.9459101490553135
line:1.0
72:1.0
1993:1.0
world:1.0
championship:1.0
germani:2.9459101490553135
group:1.6931471805599454
munich:1.0
b:3.3978952727983707
dortmund:1.0
gp:1.6931471805599454
w:1.6931471805599454
l:1.6931471805599454
gf:1.6931471805599454
ga:1.6931471805599454
p:1.6931471805599454
canada:2.791759469228055
2:4.610917912644224
0:4.465735902799727
6:3.1972245773362196
1:4.49650756146648
5:2.9459101490553135
4:3.1972245773362196
czech:2.791759469228055
republ:2.791759469228055
3:3.5649493574615367
russia:2.791759469228055
finland:2.791759469228055
itali:2.791759469228055
usa:2.791759469228055
austria:2.791759469228055
franc:2.791759469228055
switzerland:2.791759469228055
norway:2.791759469228055
18:1.0
19:1.0
21:1.0
t15:3.1972245773362196
30:3.302585092994046
t20:3.302585092994046
00:3.4849066497880004
22:1.0
23:1.0
24:1.0
25:1.0
26:1.0
playoff:1.0
27:1.0
tquarterfin:1.6931471805599454
ta:3.0794415416798357
28:1.0
29:1.0
treleg:1.6931471805599454
tsemifin:1.0
may:1.6931471805599454
t14:1.0
tbronz:1.0
medal:1.0
game:1.0
t19:1.0
tfinal:1.0
r:1.0
h:1.0
contact:1.0
swedish:1.0
hockey:1.0
