boora:1.0
kit:1.0
sfu:1.0
ca:1.0
godfath:1.6931471805599454
subject:1.0
abc:1.6931471805599454
real:1.6931471805599454
thing:1.0
organ:1.0
simon:1.0
fraser:1.0
univers:1.0
burnabi:1.0
b:1.0
c:1.0
canada:1.6931471805599454
line:1.0
7:1.0
tok:1.0
seem:1.0
everyon:1.0
el:1.0
treat:1.6931471805599454
telecast:1.0
peopl:1.0
roger:1.0
tv:1.0
surrey:1.0
bc:1.0
two:1.0
channel:1.0
stink:1.0
comment:1.0
whitman:1.0
play:1.6931471805599454
tthe:1.0
