mvs1:1.6931471805599454
cec2:2.09861228866811
wustl:1.6931471805599454
edu:1.6931471805599454
michael:1.6931471805599454
virata:1.0
sy:1.6931471805599454
subject:1.0
red:1.0
wing:1.0
goespel:1.0
nntp:1.0
post:1.0
host:1.0
organ:1.0
washington:1.0
univers:1.0
st:1.0
loui:1.0
mo:1.0
line:1.0
20:1.0
tdon:1.0
forget:1.0
paul:1.0
ysebaert:1.0
ex:1.0
devil:1.6931471805599454
good:1.0
team:1.0
player:1.0
new:1.0
jersey:1.0
