bjornar:1.0
steinbakken:1.6931471805599454
edb:1.0
uib:1.0
subject:1.0
77:1.6931471805599454
organ:1.0
univers:1.0
bergen:1.0
line:1.0
13:1.0
articl:1.0
1r23on:1.0
4p6:1.0
bigboot:1.0
wpi:1.6931471805599454
edu:1.6931471805599454
ching:1.0
bigwpi:1.0
logistician:1.0
write:1.0
need:1.0
player:1.0
wear:1.0
nhl:1.0
know:1.0
one:1.0
ray:1.0
borqu:1.0
bruin:1.0
help:1.0
would:1.0
greatli:1.0
appreci:1.0
paul:1.0
coffey:1.0
detroit:1.0
redw:1.0
bjoernar:1.0
