alan:2.09861228866811
lancast:1.0
nsc:1.6931471805599454
com:2.386294361119891
hepburn:1.6931471805599454
subject:1.0
hockey:3.3978952727983707
hispan:1.0
commun:1.6931471805599454
organ:1.0
nation:1.6931471805599454
semiconductor:1.6931471805599454
corpor:1.0
line:1.0
73:1.0
articl:1.0
saross01:1.6931471805599454
734885336:1.0
starbas:1.6931471805599454
spd:1.6931471805599454
louisvil:1.6931471805599454
edu:1.6931471805599454
stacey:1.0
ross:1.0
write:1.6931471805599454
c5i2s2:1.0
3bt:1.0
odin:1.0
corp:1.6931471805599454
sgi:1.6931471805599454
rickc:1.0
wrigley:1.0
richard:1.0
casar:1.0
hard:2.09861228866811
time:2.6094379124341005
sell:1.0
sport:2.09861228866811
play:2.791759469228055
account:1.0
avail:1.6931471805599454
financi:1.0
reason:1.0
pretti:1.0
much:1.0
white:1.6931471805599454
well:1.6931471805599454
ye:1.0
definit:1.0
season:1.6931471805599454
ticket:1.0
owner:1.0
lowest:1.0
averag:1.0
incom:1.0
four:1.0
major:1.6931471805599454
north:1.0
american:1.0
basi:1.0
claim:1.0
tri:1.0
stat:1.0
taken:1.0
playboy:1.0
magazin:1.0
june:1.0
1989:1.0
percentag:3.0794415416798357
pro:3.0794415416798357
footbal:1.6931471805599454
fan:3.0794415416798357
attend:2.386294361119891
colleg:2.386294361119891
39:1.6931471805599454
7:2.09861228866811
basebal:1.6931471805599454
41:1.0
5:1.6931471805599454
basketbal:1.6931471805599454
9:1.6931471805599454
54:1.0
6:1.0
earn:1.0
50k:2.386294361119891
34:1.0
make:2.09861228866811
22:1.0
27:1.0
hackey:1.0
44:1.0
0:1.0
think:1.6931471805599454
player:1.0
come:1.0
farm:1.0
boondock:1.6931471805599454
saskatchewan:1.0
weedvil:1.6931471805599454
alberta:1.0
biggest:1.6931471805599454
advantag:1.0
kid:2.791759469228055
ice:3.0794415416798357
san:1.0
jose:1.0
area:2.386294361119891
popul:2.09861228866811
800:1.0
000:2.09861228866811
serv:1.0
2:1.0
arena:1.6931471805599454
contrast:1.0
kamloop:1.0
british:1.6931471805599454
columbia:1.6931471805599454
50:1.6931471805599454
rink:2.6094379124341005
also:1.0
myriad:1.0
pond:1.0
pool:1.0
etc:1.6931471805599454
freez:1.0
winter:1.6931471805599454
find:1.6931471805599454
without:1.6931471805599454
bicycl:1.0
pair:1.0
skate:1.6931471805599454
say:1.6931471805599454
know:2.6094379124341005
california:1.0
let:1.0
born:1.0
rais:1.0
trail:1.6931471805599454
town:2.386294361119891
8:1.0
lot:1.0
father:1.0
radio:1.0
local:1.0
team:1.6931471805599454
smokeat:1.0
way:1.6931471805599454
last:1.6931471805599454
canadian:1.0
win:1.0
world:1.0
championship:1.0
back:1.0
1961:1.0
almost:1.0
soon:1.0
could:1.6931471805599454
walk:1.0
recreat:1.0
35:1.0
year:1.0
saw:1.0
leagu:1.0
inner:2.386294361119891
citi:2.791759469228055
insur:2.09861228866811
alon:1.0
big:1.6931471805599454
enough:1.0
barrier:1.6931471805599454
place:1.0
poor:1.0
lack:1.0
factor:1.6931471805599454
cost:2.09861228866811
bigger:1.0
santa:2.09861228866811
clara:1.6931471805599454
valley:1.0
associ:1.0
end:1.0
75:1.0
per:2.09861228866811
membership:1.0
usa:1.6931471805599454
plu:1.0
750:1.0
club:1.6931471805599454
due:1.6931471805599454
fee:2.09861228866811
cover:1.6931471805599454
excess:1.0
medic:1.0
offici:1.0
trophi:1.0
similar:1.0
unless:1.0
govern:1.0
subsidis:1.0
stockton:1.6931471805599454
locat:1.0
call:1.0
eastridg:1.0
vallco:1.0
except:1.0
redwood:1.0
industri:1.0
bay:1.0
rd:1.0
near:1.6931471805599454
101:1.0
berkeley:1.0
ashbi:1.0
martin:1.0
luther:1.0
king:1.0
oak:1.0
park:1.0
sacramento:1.0
older:1.6931471805599454
section:1.6931471805599454
downtown:1.0
forget:1.0
name:1.0
street:1.0
fresno:1.0
edg:1.0
west:1.0
99:1.0
rosa:1.0
nice:1.0
dublin:1.0
outsid:1.0
580:1.0
old:1.0
expens:1.0
run:1.0
huge:1.0
electr:1.0
bill:1.0
premium:1.0
want:1.0
buy:1.0
expect:1.0
pay:1.0
around:1.0
100:1.0
hour:2.09861228866811
give:1.6931471805599454
60:1.0
minut:1.6931471805599454
money:1.0
other:1.0
includ:1.0
resurfac:1.0
man:1.0
ca:1.0
berlioz:1.0
thoma:1.0
carlyl:1.0
