jmd:2.09861228866811
cbnewsm:1.0
cb:2.09861228866811
att:2.386294361119891
com:2.386294361119891
joseph:1.0
dake:1.6931471805599454
subject:1.0
flyer:2.6094379124341005
year:1.6931471805599454
biggest:1.0
worst:1.0
opinion:1.6931471805599454
organ:1.0
distribut:1.0
na:1.0
keyword:1.0
nhl:1.0
award:1.0
line:1.0
67:1.0
articl:1.0
1993apr15:1.0
190132:1.0
29787:1.0
cbnewsh:1.6931471805599454
seth:1.0
peter:1.0
r:1.0
clark:1.0
jr:1.0
write:1.0
word:1.0
roussel:3.302585092994046
shut:1.6931471805599454
shark:1.0
soderstrom:2.6094379124341005
penguin:1.0
immateri:1.0
coach:1.0
decis:1.0
come:1.0
joe:1.6931471805599454
think:1.6931471805599454
say:2.386294361119891
play:2.6094379124341005
signific:1.0
irrelev:1.0
low:2.386294361119891
gaa:2.9459101490553135
good:1.6931471805599454
team:2.6094379124341005
better:2.791759469228055
bad:1.6931471805599454
context:1.6931471805599454
compar:1.6931471805599454
two:2.6094379124341005
goaltend:2.09861228866811
higher:1.6931471805599454
much:2.09861228866811
let:1.6931471805599454
start:1.0
argu:1.6931471805599454
take:2.386294361119891
right:1.0
1:1.6931471805599454
netmind:1.0
differ:1.0
le:1.6931471805599454
half:1.0
goal:1.6931471805599454
per:1.0
game:3.3978952727983707
last:1.0
night:1.6931471805599454
save:2.386294361119891
percentag:1.0
close:1.0
record:1.0
similar:1.0
see:1.0
label:1.0
disappoint:1.0
player:2.6094379124341005
season:2.09861228866811
competit:1.0
may:1.0
well:1.0
way:1.0
know:1.0
would:1.6931471805599454
perform:1.0
besid:1.6931471805599454
score:1.6931471805599454
like:2.09861228866811
pittsburgh:1.0
defens:1.6931471805599454
key:1.0
san:1.0
jose:1.0
ranger:2.09861228866811
real:1.0
chanc:1.0
one:1.0
made:1.0
great:1.0
mistak:2.09861228866811
judg:2.09861228866811
alon:1.6931471805599454
littl:1.0
go:2.09861228866811
seen:1.0
past:1.0
philli:1.0
hershey:1.6931471805599454
got:1.0
cours:1.0
thought:1.0
mark:1.0
laforest:1.0
never:1.6931471805599454
wendel:1.0
young:1.0
bat:1.0
500:1.0
talent:1.0
sinc:1.0
hextal:1.0
era:1.0
offens:1.6931471805599454
rou:1.0
leg:1.0
posit:1.0
make:1.0
matter:1.0
get:1.6931471805599454
puck:1.0
breakaway:1.0
goali:2.09861228866811
want:1.6931471805599454
away:1.6931471805599454
possibl:1.0
forc:1.0
shooter:1.0
beat:1.0
look:1.0
0:1.6931471805599454
tie:1.6931471805599454
hab:1.6931471805599454
saw:1.0
stand:1.0
head:1.0
shutout:1.6931471805599454
action:1.0
seem:1.0
rememb:1.0
excel:1.0
job:1.0
pittsurgh:1.0
open:1.6931471805599454
give:1.0
time:1.0
defend:1.0
champ:1.0
anyth:1.0
senat:1.0
again:1.0
tell:1.0
montreal:1.0
net:1.0
shoot:1.0
point:1.6931471805599454
flat:1.0
miss:1.0
part:1.0
anyway:1.0
happi:1.0
anymor:1.0
current:1.0
7:1.0
win:1.0
streak:1.0
expect:1.0
soar:1.0
next:1.6931471805599454
piss:1.0
sell:1.0
ticket:1.0
microelectron:1.0
555:1.0
union:1.0
boulevard:1.0
allentown:1.0
pa:1.0
18103:1.0
alux1:1.0
aluxpo:1.0
