cpc4:1.0
ns1:1.0
cc:1.0
lehigh:1.6931471805599454
edu:1.0
connin:1.6931471805599454
patrick:1.0
colgain:1.0
subject:1.0
keenan:2.09861228866811
sign:1.6931471805599454
ranger:2.09861228866811
organ:1.0
univers:1.0
line:1.0
11:1.0
heard:1.0
news:1.0
mike:1.0
formerli:1.0
blackhawk:1.0
flyer:2.09861228866811
gener:1.0
siberian:1.0
prison:1.0
coach:1.0
presid:1.0
cup:1.0
last:1.6931471805599454
year:1.0
slip:1.0
bit:1.0
end:1.0
season:1.0
destin:1.0
finish:1.0
behind:1.0
lowli:1.0
fan:1.0
go:1.6931471805599454
disappoint:1.0
decis:1.0
interest:1.0
oh:1.0
well:1.0
cap:1.0
