enolan:1.0
sharkbit:1.6931471805599454
esd:1.6931471805599454
sgi:1.6931471805599454
com:1.6931471805599454
ed:1.0
nolan:1.0
subject:1.0
devil:1.6931471805599454
island:1.6931471805599454
tiebreak:1.0
organ:1.0
silicon:1.0
graphic:1.0
inc:1.0
line:1.0
4:1.0
nntp:1.0
post:1.0
host:1.0
beat:1.0
tonight:1.0
would:1.0
finish:1.0
ident:1.0
record:1.0
lucki:1.0
team:1.0
get:1.0
face:1.0
penguin:1.0
open:1.0
round:1.0
also:1.0
somebodi:1.0
list:1.0
rule:1.0
break:1.0
tie:1.0
