jbrown:1.0
vax:1.0
cn:1.0
muskingum:1.6931471805599454
edu:1.0
subject:1.0
blackhawk:1.0
win:1.6931471805599454
organ:1.0
colleg:1.0
line:1.0
10:1.0
hawk:2.386294361119891
jermey:1.0
roenick:1.0
score:1.0
50:1.0
th:1.0
goal:1.0
put:1.0
leaf:1.6931471805599454
place:1.0
loser:1.0
column:1.0
even:1.0
beat:1.0
match:1.0
littl:1.0
mean:1.0
hate:1.0
see:1.0
wing:1.0
oh:1.0
btw:1.0
laugh:1.0
rm:1.0
jerki:1.0
go:1.0
jb:1.0
