terenc:1.0
rokop:1.0
tr2i:1.0
andrew:1.6931471805599454
cmu:1.6931471805599454
edu:2.386294361119891
subject:1.0
patrick:1.0
playoff:1.0
look:1.0
like:1.0
organ:1.0
freshman:1.0
physic:1.0
carnegi:1.0
mellon:1.0
pittsburgh:1.0
pa:1.0
line:1.0
20:1.0
bson:1.6931471805599454
93apr14154548:1.6931471805599454
hal:1.6931471805599454
gnu:1.6931471805599454
ai:1.6931471805599454
mit:1.6931471805599454
nntp:1.0
post:1.0
host:1.0
po5:1.0
repli:1.0
jan:1.0
brittenson:1.0
write:1.0
last:1.0
year:1.0
pen:2.791759469228055
weak:1.6931471805599454
spot:1.6931471805599454
defens:2.6094379124341005
goaltend:2.09861228866811
boston:2.386294361119891
gun:1.0
disciplin:1.0
still:1.0
say:1.0
bruin:1.6931471805599454
play:1.0
number:1.6931471805599454
game:1.0
given:1.0
goal:1.0
tie:1.0
third:1.0
fourth:1.0
best:1.0
leagu:1.6931471805599454
behind:1.0
chicago:1.0
first:1.0
toronto:1.0
second:1.6931471805599454
comparison:1.0
offens:1.0
detroit:1.0
weaker:1.0
strong:1.0
terri:1.0
