rick:2.9459101490553135
emma:2.6094379124341005
tfbb:2.09861228866811
wimsey:2.386294361119891
bc:2.386294361119891
ca:2.386294361119891
youni:1.0
subject:1.0
stat:2.09861228866811
hockey:1.6931471805599454
pool:1.6931471805599454
distribut:1.0
world:1.0
bcc:1.0
repli:1.0
x:1.0
newsread:1.0
arn:1.0
v1:1.0
00:1.0
line:1.0
13:1.0
keeper:1.0
famili:1.0
look:1.0
daili:1.0
weekli:1.0
email:1.6931471805599454
server:1.6931471805599454
playoff:1.0
connect:1.0
j:1.0
militzok:1.0
skidmor:1.0
edu:1.6931471805599454
wilson:1.0
c:1.0
ucf:1.0
still:1.0
sort:1.0
two:1.0
other:1.0
plea:1.0
site:1.0
get:1.0
group:1.0
thank:1.0
panam:1.0
