gld:2.6094379124341005
cunixb:2.09861228866811
cc:2.09861228866811
columbia:2.386294361119891
edu:2.6094379124341005
gari:2.09861228866811
l:2.09861228866811
dare:2.09861228866811
subject:1.0
tv:1.6931471805599454
schedul:1.6931471805599454
next:1.0
week:1.0
nntp:1.0
post:1.0
host:1.0
repli:1.0
organ:1.0
phd:1.0
hall:1.0
distribut:1.0
na:1.0
line:1.0
33:1.0
jpc:1.0
philab:1.0
philip:1.0
com:1.0
john:1.0
p:1.0
curcio:1.0
write:1.6931471805599454
mmb:1.0
lamar:1.0
colost:1.0
michael:1.0
burger:1.0
unit:1.0
state:1.0
april:2.791759469228055
18:2.09861228866811
devil:2.09861228866811
island:2.09861228866811
pittsburgh:1.6931471805599454
1:1.0
est:1.0
abc:2.386294361119891
st:1.6931471805599454
loui:1.6931471805599454
chicago:1.6931471805599454
12:1.6931471805599454
cdt:1.0
lo:1.0
angel:1.0
calgari:1.0
pdt:1.0
okay:1.0
side:1.0
espn:2.386294361119891
deal:2.09861228866811
addit:1.0
coverag:1.0
split:1.0
contract:1.0
sca:1.0
could:1.0
least:1.0
gotten:1.0
leftov:1.0
like:1.6931471805599454
canuck:1.0
jet:1.6931471805599454
cap:1.0
whoever:1.6931471805599454
red:1.0
wing:1.0
leaf:1.0
el:1.0
play:1.0
20:1.0
7:2.09861228866811
30:2.09861228866811
22:1.0
tba:1.6931471805599454
24:1.0
anyon:1.0
know:1.6931471805599454
altern:1.0
game:1.0
citi:1.0
local:1.6931471805599454
broadcast:1.0
right:1.0
protect:1.0
area:1.0
bruin:1.0
sinc:1.0
adam:1.0
seri:1.0
montreal:1.0
quebec:1.0
prefer:1.0
latter:1.0
impress:1.0
overrid:1.0
pop:1.0
je:1.0
souvien:1.0
tgo:1.0
winnipeg:1.0
go:1.0
cunixc:1.0
bitnet:1.0
tselann:1.0
domi:1.0
stanley:1.0
