mmilitzo:1.6931471805599454
scott:1.0
skidmor:2.09861228866811
edu:1.6931471805599454
matthew:1.0
militzok:1.0
subject:1.6931471805599454
1992:1.6931471805599454
1993:1.6931471805599454
final:1.6931471805599454
nhl:1.6931471805599454
player:1.6931471805599454
stat:2.386294361119891
organ:1.0
colleg:1.0
saratoga:1.0
spring:1.0
ny:1.0
line:1.0
8:1.0
interest:1.0
receiv:1.0
season:1.0
well:1.0
playoff:1.0
box:1.0
score:1.6931471805599454
updat:1.0
e:1.0
mail:1.0
server:1.0
messag:1.0
must:1.0
tstat:1.0
