etxonss:1.6931471805599454
ufsa:1.6931471805599454
ericsson:2.386294361119891
se:2.09861228866811
staffan:1.6931471805599454
axelsson:1.6931471805599454
subject:1.0
wc:1.0
score:1.0
stand:1.6931471805599454
april:3.6390573296152584
18:1.6931471805599454
organ:1.0
telecom:1.0
stockholm:1.0
sweden:2.791759469228055
line:1.0
71:1.0
nntp:1.0
post:1.0
host:1.0
uipc104:1.0
1993:1.0
world:1.0
championship:1.0
germani:2.791759469228055
tgroup:1.6931471805599454
munich:1.0
b:3.3978952727983707
tstand:1.0
dortmund:1.0
gp:1.6931471805599454
w:1.6931471805599454
l:1.6931471805599454
gf:1.6931471805599454
ga:1.6931471805599454
p:1.6931471805599454
tsweden:1.0
1:4.526360524616162
0:4.951243718581427
2:3.5649493574615367
tgermani:1.0
6:2.6094379124341005
titali:1.0
tczech:1.0
republ:2.791759469228055
trussia:1.0
tusa:1.0
tcanada:1.0
tfinland:1.0
tswitzerland:1.0
tfranc:1.0
taustria:1.0
tnorway:1.0
itali:2.6094379124341005
russia:2.6094379124341005
norway:2.6094379124341005
austria:2.6094379124341005
usa:2.6094379124341005
czech:2.6094379124341005
19:1.0
canada:2.6094379124341005
switzerland:2.6094379124341005
t15:3.3978952727983707
30:3.4849066497880004
finland:2.6094379124341005
franc:2.6094379124341005
t20:3.4849066497880004
00:3.6390573296152584
20:1.0
21:1.0
22:1.0
23:1.0
24:1.0
25:1.0
26:1.0
playoff:1.0
27:1.0
tquarterfin:1.6931471805599454
ta:3.0794415416798357
3:2.386294361119891
28:1.0
4:2.386294361119891
29:1.0
treleg:1.6931471805599454
5:1.6931471805599454
tsemifin:1.0
may:1.6931471805599454
t14:1.0
tbronz:1.0
medal:1.0
game:1.0
t19:1.0
tfinal:1.0
r:1.0
h:1.0
contact:1.0
swedish:1.0
hockey:1.0
