serum:1.6931471805599454
zuma:1.6931471805599454
uucp:1.6931471805599454
serdar:2.09861228866811
argic:2.09861228866811
subject:1.0
armenian:3.302585092994046
destroy:2.09861228866811
villag:1.6931471805599454
trabzon:1.6931471805599454
erzurum:2.09861228866811
repli:1.0
distribut:1.0
world:1.0
line:1.0
55:1.0
articl:1.0
1993apr4:1.0
231353:1.0
34562:1.0
ns1:1.6931471805599454
cc:1.6931471805599454
lehigh:1.6931471805599454
edu:1.6931471805599454
pv02:1.0
peter:1.0
vorobieff:1.0
write:1.0
disclaim:1.0
anybodi:1.0
usenet:1.0
dumb:1.0
enough:1.0
interpret:1.0
post:1.0
seriou:1.0
meaning:1.0
one:1.0
want:1.0
assur:1.0
entiti:1.0
joke:1.0
still:1.6931471805599454
yell:1.0
telephon:1.0
lawn:1.0
mower:1.0
peopl:2.09861228866811
think:1.0
looney:1.0
howl:1.0
wire:1.0
comment:1.0
sourc:1.0
document:1.6931471805599454
volum:1.0
1919:1.6931471805599454
76:1.0
archiv:1.0
1:1.0
2:1.0
cabin:1.0
109:1.0
drawer:1.0
3:1.6931471805599454
file:1.0
346:1.0
section:1.6931471805599454
427:1.0
1385:1.0
content:1.0
52:1.0
53:1.0
lt:1.0
colonel:1.0
seyfi:1.0
gener:1.0
headquart:1.0
second:1.0
istanbul:1.6931471805599454
dr:1.6931471805599454
stephan:1.6931471805599454
eshnani:1.6931471805599454
neue:1.0
wiener:1.0
tagblatt:1.0
vienna:1.0
pester:1.0
lloyd:1.0
local:1.0
anzlig:1.0
berlin:1.0
algemeen:1.0
handelsblat:1.0
amsterdam:1.0
vakit:1.0
close:1.6931471805599454
follow:1.0
two:1.6931471805599454
week:1.0
withdraw:1.0
russian:2.791759469228055
turkish:2.09861228866811
territori:1.6931471805599454
armenia:1.6931471805599454
although:1.6931471805599454
month:1.0
elaps:1.0
sinc:1.0
clear:1.6931471805599454
gang:2.386294361119891
observ:1.0
evid:1.6931471805599454
cruelti:1.0
almost:1.6931471805599454
everi:1.0
step:1.0
erzincan:1.6931471805599454
corp:1.6931471805599454
turk:2.386294361119891
brutal:1.0
cruelli:1.0
slain:1.0
everywher:1.0
accord:1.0
account:1.0
abl:1.0
save:1.6931471805599454
live:1.0
escap:2.09861228866811
mountain:1.6931471805599454
first:1.0
horribl:1.0
fear:1.6931471805599454
event:1.0
begun:1.6931471805599454
forc:1.0
evacu:1.0
place:1.6931471805599454
taken:1.6931471805599454
usual:1.0
treat:1.0
well:1.6931471805599454
intervent:1.0
howev:1.0
massacr:1.0
clearli:1.0
announc:1.0
intent:1.0
call:1.0
kurdish:1.0
land:1.0
thu:1.0
solv:1.0
nation:1.0
problem:1.0
today:1.6931471805599454
opportun:1.0
meet:1.0
austrian:1.6931471805599454
german:1.6931471805599454
soldier:1.0
prison:2.09861228866811
camp:1.0
come:1.0
kar:1.0
alexand:1.0
paul:1.0
gumru:1.0
leninakan:1.0
offic:1.6931471805599454
tri:1.0
clash:1.0
see:1.0
terribl:1.0
whole:1.0
citi:1.0
smell:1.0
fill:1.0
air:1.0
specul:1.0
murder:1.6931471805599454
could:1.0
get:1.0
support:1.0
regard:1.0
proof:1.0
war:1.0
road:1.0
pas:1.0
might:1.0
serv:1.0
way:1.0
proceed:1.0
work:1.0
extermin:1.0
ohanu:1.0
appressian:1.0
soviet:1.0
longer:1.0
exist:1.0
singl:1.0
soul:1.0
sahak:1.0
melkonian:1.0
1920:1.0
