stssdxb:1.0
st:1.0
unoc:1.6931471805599454
com:1.0
dorin:1.6931471805599454
baru:1.0
subject:1.0
land:1.6931471805599454
peac:2.386294361119891
negotiatian:1.0
organ:1.0
corpor:1.0
line:1.0
52:1.0
hasan:1.0
mcrcim:1.0
mcgill:1.0
edu:1.0
write:1.0
ok:1.0
donot:1.0
know:2.09861228866811
isra:2.386294361119891
voic:1.6931471805599454
negoti:2.9459101490553135
howev:1.0
would:2.791759469228055
guess:1.6931471805599454
refus:1.0
give:1.6931471805599454
back:1.6931471805599454
right:1.6931471805599454
sound:1.0
like:1.6931471805599454
wish:1.0
arabian:1.0
palestinean:2.386294361119891
current:2.09861228866811
call:1.6931471805599454
process:1.6931471805599454
per:1.0
se:1.0
rather:1.0
well:2.09861228866811
found:2.09861228866811
predict:2.09861228866811
israel:1.6931471805599454
inch:1.0
west:1.0
bank:1.0
probabl:1.0
golan:1.0
height:1.0
arab:2.6094379124341005
18:1.6931471805599454
month:1.6931471805599454
madrid:1.0
washington:1.0
prove:1.6931471805599454
mani:1.6931471805599454
jump:1.0
say:2.6094379124341005
blame:1.0
result:1.0
stall:1.6931471805599454
loo:1.0
mean:1.0
see:1.0
negoci:1.0
test:1.0
tabl:1.6931471805599454
anyth:1.0
alway:1.0
side:1.0
fault:1.0
let:1.0
want:1.0
known:1.0
accept:1.0
term:1.0
mayb:1.6931471805599454
palestinenan:1.0
yet:1.0
readi:1.0
statehood:1.0
much:1.0
polit:1.0
within:1.0
leadership:1.0
fraction:1.0
aso:1.0
one:1.6931471805599454
reason:1.0
inde:1.0
real:1.0
could:1.0
make:1.0
feel:1.6931471805599454
legitim:1.0
statu:1.0
quo:1.0
open:1.0
door:1.0
market:1.0
trade:1.0
orang:1.6931471805599454
simpli:1.0
unaccept:1.0
revok:1.0
california:1.0
may:1.0
get:1.0
sharper:1.0
regard:1.0
