shaig:1.0
think:2.6094379124341005
com:1.6931471805599454
shai:1.6931471805599454
guday:1.6931471805599454
subject:1.0
islam:2.386294361119891
border:2.09861228866811
v:1.0
isra:2.791759469228055
organ:1.0
machin:1.6931471805599454
corpor:1.0
cambridg:1.6931471805599454
usa:1.0
line:1.0
47:1.0
distribut:1.0
world:2.09861228866811
nntp:1.0
post:1.0
host:1.0
compos:1.0
articl:1.6931471805599454
c50wjj:1.0
j4r:1.0
newsflash:1.0
concordia:1.6931471805599454
ca:1.6931471805599454
ilyess:1.6931471805599454
ece:1.0
bdira:1.0
write:1.6931471805599454
4805:1.0
bimac:1.6931471805599454
bitnet:1.6931471805599454
ehrlich:1.6931471805599454
gideon:1.0
dream:2.09861228866811
whole:1.0
planet:1.0
kick:1.0
current:2.386294361119891
inhabit:2.09861228866811
rather:1.0
deam:1.0
day:1.0
everybodi:1.0
convert:1.0
jew:2.9459101490553135
would:1.6931471805599454
feel:1.6931471805599454
threaten:1.0
bit:1.0
contrari:1.0
protocol:1.0
zion:1.0
crowd:1.0
might:1.0
suggest:1.0
judaism:1.0
goal:1.0
reader:1.0
wait:1.0
honest:2.09861228866811
answer:2.09861228866811
want:2.09861228866811
also:1.0
zionist:1.0
follow:1.0
question:1.6931471805599454
1:1.0
even:1.0
believ:1.0
god:1.6931471805599454
case:1.0
mani:1.0
founder:1.0
secular:1.0
zionism:1.0
right:2.09861228866811
palestin:2.09861228866811
gave:1.0
land:1.0
ask:1.0
complic:1.0
deserv:1.0
go:1.0
provid:1.0
one:1.6931471805599454
perspect:1.0
histor:1.0
non:1.6931471805599454
observ:1.0
american:1.0
diaspora:1.0
greater:1.0
israel:2.6094379124341005
palestinian:1.6931471805599454
arab:1.0
regard:1.0
jewish:1.0
2:1.0
speak:1.0
west:1.0
bank:1.0
part:2.386294361119891
mean:1.0
religi:1.6931471805599454
awar:1.0
major:1.0
settler:1.0
support:1.0
problem:1.0
knowledg:1.0
much:1.0
accept:1.0
full:1.0
citizen:1.6931471805599454
privilig:1.0
respons:1.0
accord:1.0
object:1.0
limbo:1.0
find:1.0
stealth:1.0
bomber:1.0
o:1.0
softwar:1.0
engin:1.0
corp:1.0
tthe:1.0
wing:1.0
ninja:1.0
sky:1.0
