bc744:1.0
cleveland:1.6931471805599454
freenet:1.0
edu:1.6931471805599454
mark:1.0
ira:1.0
kaufman:1.0
subject:1.0
brad:2.09861228866811
hernlem:2.09861228866811
v:1.0
principl:1.6931471805599454
organ:1.0
case:1.0
western:1.0
reserv:1.0
univers:1.0
ohio:1.0
usa:1.0
line:1.0
50:1.0
nntp:1.0
post:1.0
host:1.0
thor:1.0
in:1.0
cwru:1.0
neverend:1.0
effort:1.0
make:1.0
sure:1.0
forget:1.0
moron:1.0
ask:1.0
israel:2.6094379124341005
rare:1.0
abid:1.0
un:1.0
secur:2.386294361119891
council:2.09861228866811
resolut:1.0
perhap:1.0
list:1.0
might:1.0
answer:1.0
question:1.0
incid:1.0
respons:1.0
1:1.6931471805599454
hindu:1.0
moslem:1.6931471805599454
clash:1.0
india:1.0
2:1.6931471805599454
000:3.0794415416798357
kill:3.5649493574615367
1990:2.09861228866811
none:4.218875824868201
gas:1.0
death:1.0
8:1.6931471805599454
kurd:1.0
iraqi:1.6931471805599454
air:1.0
forc:1.6931471805599454
1988:1.6931471805599454
89:1.0
3:2.09861228866811
saudi:1.0
slaughter:2.386294361119891
400:1.0
pilgrim:1.0
mecca:1.0
1987:1.0
4:1.0
algerian:1.0
armi:1.0
500:1.0
demonstr:1.0
5:1.6931471805599454
intrafada:1.0
arab:2.09861228866811
300:1.0
6:1.0
30:1.6931471805599454
civilian:1.0
govern:1.0
troop:1.6931471805599454
hama:1.0
syria:1.6931471805599454
1982:1.0
7:1.0
palestinian:1.6931471805599454
jordanian:1.0
thousand:1.6931471805599454
expel:1.0
sept:1.0
1970:1.0
87:1.0
egypt:1.6931471805599454
1981:1.6931471805599454
9:1.0
77:1.0
bread:1.0
riot:1.6931471805599454
1977:1.0
10:1.0
border:1.0
rocket:1.0
attack:2.09861228866811
plo:1.6931471805599454
1989:2.09861228866811
alon:1.0
11:1.6931471805599454
munich:1.0
1972:1.0
isra:2.09861228866811
athlet:1.0
12:1.0
alot:1.0
1974:1.0
child:1.0
13:1.6931471805599454
coastal:1.0
bu:1.0
34:1.0
dead:1.6931471805599454
82:1.0
wound:1.0
14:1.0
23:1.6931471805599454
1976:1.0
15:1.0
lebanon:1.0
150:1.0
sinc:1.0
1975:1.0
16:1.0
yemen:1.0
two:1.0
week:1.0
1986:1.0
17:1.0
sudan:1.0
ten:1.0
black:1.0
slave:1.0
civil:1.0
war:1.0
toll:1.0
million:1.6931471805599454
refuge:1.0
18:1.6931471805599454
tienenman:1.0
squar:1.0
massacr:1.0
19:1.0
rumania:1.0
20:1.0
pan:1.0
103:1.0
disast:1.0
carri:1.0
p:1.0
l:1.0
21:1.0
northern:1.0
ireland:1.0
22:1.0
cambodia:1.0
soviet:1.0
occup:1.0
afghanistan:1.0
24:1.0
american:1.0
attica:1.0
watt:1.0
newark:1.0
kent:1.0
state:1.0
25:1.0
destroy:1.0
reractor:1.0
condemn:1.6931471805599454
26:1.0
polic:1.0
protect:1.0
worship:1.0
mob:1.0
anti:1.0
jewish:1.0
rioter:1.0
27:1.0
syrian:1.0
soldier:1.6931471805599454
christian:1.0
surrend:1.0
appear:1.0
unit:1.0
nation:1.0
someth:1.0
common:1.0
seem:1.0
unfett:1.0
demand:1.0
act:1.0
