x:1.0
mailer:1.0
tmail:1.6931471805599454
version:1.0
1:1.6931471805599454
15r:1.0
c:2.09861228866811
session:1.6931471805599454
dc:1.6931471805599454
witsend:1.6931471805599454
tnet:1.6931471805599454
com:1.6931471805599454
organ:1.0
nobodi:1.0
realli:1.0
subject:1.0
rule:1.6931471805599454
engag:2.09861228866811
18:1.6931471805599454
isra:2.9459101490553135
murder:1.0
march:1.0
distribut:1.0
world:1.0
line:1.0
77:1.0
1993apr8:1.6931471805599454
212737:1.0
19245:1.0
thunder:1.6931471805599454
mcrcim:2.386294361119891
mcgill:2.386294361119891
edu:2.386294361119891
hasan:1.6931471805599454
wrote:1.0
articl:2.09861228866811
143232:1.0
frej:2.386294361119891
teknikum:2.386294361119891
uu:2.386294361119891
se:2.386294361119891
flax:2.09861228866811
jona:1.6931471805599454
flygar:1.6931471805599454
write:2.09861228866811
1993apr6:1.0
150829:1.0
6425:1.0
93apr6125933:1.0
first:1.6931471805599454
statement:1.0
doesnot:2.09861228866811
say:1.6931471805599454
exist:1.6931471805599454
citizen:1.6931471805599454
wb:1.6931471805599454
revok:2.09861228866811
right:2.386294361119891
life:1.6931471805599454
occup:1.6931471805599454
basic:1.0
militari:3.6390573296152584
men:1.6931471805599454
clearli:1.0
undeclar:1.0
war:1.6931471805599454
attack:1.6931471805599454
target:2.6094379124341005
fulli:1.0
legitim:1.0
like:1.0
tell:1.6931471805599454
word:1.0
wrt:1.0
israel:2.09861228866811
uniform:2.386294361119891
duti:2.9459101490553135
soldier:1.6931471805599454
sinc:2.386294361119891
compulsori:1.0
one:2.09861228866811
might:1.0
regard:1.0
legit:1.0
use:2.386294361119891
definit:1.0
make:2.09861228866811
differ:1.0
person:1.0
armi:1.6931471805599454
matter:1.0
man:1.0
vacat:1.0
week:1.0
sure:1.0
meant:1.0
tri:1.0
get:1.0
clear:2.386294361119891
plea:1.6931471805599454
bear:1.0
far:1.0
propos:1.0
follow:1.0
palestinean:2.386294361119891
resist:1.0
feel:1.0
revis:1.0
preliminari:1.0
draft:1.0
necessari:2.386294361119891
personnel:2.386294361119891
fair:1.0
game:1.0
time:1.0
practic:1.0
male:1.0
femal:1.0
age:1.0
may:2.6094379124341005
young:1.0
child:1.0
accept:1.0
constitut:1.6931471805599454
indic:2.09861228866811
hostil:1.6931471805599454
intent:2.6094379124341005
provoc:1.0
requir:1.6931471805599454
2:1.0
avoid:1.0
inpermiss:1.0
violat:1.0
non:1.0
combat:1.0
forc:1.6931471805599454
must:1.0
without:1.0
posit:2.386294361119891
identif:2.6094379124341005
aggress:2.09861228866811
field:1.6931471805599454
fire:2.791759469228055
assur:1.6931471805599454
either:1.6931471805599454
check:2.386294361119891
pose:1.6931471805599454
exclus:1.0
armament:1.0
ie:1.0
t78:1.0
mbt:1.0
mig:1.0
29:1.0
aircraft:1.6931471805599454
self:1.0
verbal:1.0
documentari:1.0
note:2.6094379124341005
dual:1.6931471805599454
civilian:2.09861228866811
weaponri:2.09861228866811
hand:1.0
grenad:1.0
ak:1.0
47:1.0
rifl:1.0
rpg:1.0
launcher:1.0
closer:1.0
inspect:1.0
document:1.0
b:1.0
distinct:1.0
mere:1.0
normal:1.0
condit:1.0
le:1.6931471805599454
three:1.0
round:2.09861228866811
incom:1.0
separ:1.0
interv:1.0
ten:1.0
second:1.0
singl:1.0
burst:1.0
automat:1.0
weapon:1.6931471805599454
cound:1.0
volley:1.0
rocket:1.0
sourc:1.0
assum:1.0
origin:1.0
thu:1.6931471805599454
justifi:1.0
arm:1.0
respons:1.0
guarante:1.0
area:1.6931471805599454
need:1.0
proven:1.0
possibl:1.0
iaf:1.6931471805599454
sam:1.0
crew:1.6931471805599454
paper:1.0
member:1.0
long:1.0
none:1.0
obvious:1.0
instanc:1.0
uniqu:1.0
stone:1.0
axe:1.0
molotov:1.0
coctail:1.0
often:1.0
difficult:1.0
element:1.0
land:1.0
ground:1.0
screen:1.0
prospect:1.0
strike:1.0
agm:1.0
acm:1.0
purpos:1.6931471805599454
cockpit:1.6931471805599454
pas:1.0
within:1.0
5:1.0
meter:1.0
usual:1.0
suffici:1.0
repeat:1.0
speak:1.0
new:1.0
network:1.0
address:1.0
author:1.0
everyth:1.0
el:1.0
do:1.0
mail:1.0
news:1.0
shell:1.0
