astein:1.6931471805599454
nysernet:2.09861228866811
org:1.6931471805599454
alan:1.6931471805599454
stein:1.6931471805599454
subject:1.0
water:1.6931471805599454
brain:1.0
isra:1.0
expans:1.0
lust:1.0
organ:1.0
inc:1.0
line:1.0
4:1.0
guess:1.0
hasan:1.0
final:1.0
reveal:1.0
sourc:1.0
claim:1.0
israel:1.6931471805599454
divert:1.0
lebanon:1.0
imagin:1.0
h:1.0
