aa229:2.09861228866811
freenet:2.386294361119891
carleton:2.09861228866811
ca:2.386294361119891
steve:2.09861228866811
birnbaum:1.6931471805599454
subject:1.0
isra:1.6931471805599454
expans:1.0
lust:1.0
repli:1.0
organ:1.0
nation:1.0
capit:1.0
line:1.0
24:1.0
previou:1.0
articl:1.0
hasan:1.6931471805599454
mcrcim:1.0
mcgill:1.0
edu:1.0
alhafez:1.0
say:1.0
war:2.386294361119891
1948:1.6931471805599454
1956:1.6931471805599454
1967:1.6931471805599454
1968:2.09861228866811
karama:1.6931471805599454
1978:1.6931471805599454
1982:1.6931471805599454
start:1.6931471805599454
arab:2.09861228866811
definit:1.0
instig:1.0
continu:1.0
murder:1.0
child:1.0
rocket:1.0
attack:1.0
israel:1.0
tri:1.0
stop:1.0
last:1.0
heck:1.0
talk:1.0
internet:1.0
fidonet:1.0
1:1.0
163:1.0
109:1.0
18:1.0
mossad:1.0
qube:1.0
ocunix:1.0
opinion:1.0
associ:1.0
anyth:1.0
includ:1.0
head:1.0
