terziogl:1.0
ee:1.0
rochest:1.6931471805599454
edu:1.0
esin:1.6931471805599454
terzioglu:1.0
subject:1.0
armenia:2.09861228866811
say:1.6931471805599454
could:1.6931471805599454
shoot:1.6931471805599454
turkish:1.6931471805599454
plane:1.6931471805599454
organ:1.0
univ:1.0
colleg:1.0
engin:1.0
appli:1.0
scienc:1.0
articl:1.0
1993apr16:1.0
195452:1.0
21375:1.0
urartu:1.6931471805599454
sdpa:1.6931471805599454
org:1.6931471805599454
dbd:1.0
david:1.0
davidian:1.0
write:1.0
04:1.0
16:1.0
93:1.0
1045:1.0
ermenistan:1.0
kasiniyor:1.0
let:1.0
translat:1.0
everyon:1.0
el:1.0
public:1.0
traslat:1.0
servic:1.0
get:1.6931471805599454
itchi:1.0
