astein:1.6931471805599454
nysernet:2.09861228866811
org:1.6931471805599454
alan:1.6931471805599454
stein:1.6931471805599454
subject:1.0
go:1.0
hezbollah:1.0
organ:1.0
inc:1.0
line:1.0
21:1.0
hernlem:1.6931471805599454
chess:1.0
ncsu:1.0
edu:1.0
brad:1.0
write:1.0
tell:1.0
tim:1.0
guerilla:1.0
wrong:1.0
assum:1.0
use:2.09861228866811
civilian:2.386294361119891
cover:1.6931471805599454
kill:1.0
soldier:2.09861228866811
countri:2.09861228866811
okay:2.09861228866811
attack:1.6931471805599454
cours:1.0
mani:1.0
claim:1.0
lebanes:1.0
got:1.0
think:1.0
hmm:1.0
confus:1.0
could:1.0
perhap:1.0
repeat:1.0
rule:1.6931471805599454
explain:2.09861228866811
exactli:1.0
permiss:1.6931471805599454
shield:1.0
also:1.6931471805599454
plea:1.6931471805599454
condit:1.0
defend:1.6931471805599454
particular:1.0
make:1.0
terrorist:1.0
launch:1.0
missil:1.6931471805599454
lebanon:1.0
isra:1.6931471805599454
tri:1.0
h:1.0
israel:1.0
