dbd:1.6931471805599454
urartu:2.09861228866811
sdpa:1.6931471805599454
org:1.6931471805599454
david:1.6931471805599454
davidian:1.6931471805599454
subject:1.0
iranian:3.0794415416798357
azeri:2.6094379124341005
would:1.6931471805599454
drop:2.6094379124341005
atom:2.6094379124341005
bomb:2.791759469228055
armenia:3.0794415416798357
summari:1.0
fool:1.6931471805599454
articl:1.6931471805599454
1993apr15:1.0
231047:1.0
13120:1.0
organ:1.0
p:2.09861228866811
center:1.6931471805599454
region:2.09861228866811
studi:1.6931471805599454
line:1.0
70:1.0
93104:1.0
101314fhm100f:1.0
oduvm:1.6931471805599454
bitnet:1.6931471805599454
farid:4.295836866004329
fhm100f:1.0
write:1.0
support:1.0
preserv:1.0
territori:2.09861228866811
integr:1.0
azerbaijan:2.6094379124341005
independ:1.0
russian:2.09861228866811
rule:1.0
includ:1.0
million:1.0
azerbaijani:2.386294361119891
retreat:1.0
oh:2.09861228866811
prove:1.0
quit:1.0
interest:1.0
count:1.6931471805599454
help:1.6931471805599454
supposedli:1.0
counter:1.0
turkish:2.09861228866811
influenc:1.6931471805599454
fatal:1.0
error:1.0
part:1.0
long:1.6931471805599454
violat:1.6931471805599454
intern:2.09861228866811
law:2.09861228866811
land:1.0
occup:1.0
far:1.0
give:1.0
right:1.0
attack:1.0
depopul:1.0
armenian:3.1972245773362196
karabakh:2.09861228866811
aggress:1.6931471805599454
continu:1.0
aid:1.0
iran:2.791759469228055
also:1.0
step:1.0
taken:1.0
armi:1.0
back:1.6931471805599454
speak:1.0
rafsanjani:1.0
guarantor:1.0
polici:1.0
scare:1.0
turk:1.0
power:2.09861228866811
expert:2.09861228866811
present:1.0
futur:1.0
militari:1.0
potenti:1.6931471805599454
peopl:1.0
put:1.0
much:1.0
stock:1.0
russain:1.0
sole:1.0
well:1.6931471805599454
suppos:1.0
non:1.0
stop:1.0
caucasu:1.0
sinc:1.0
treati:1.0
turkmanchay:1.0
1828:1.6931471805599454
hmm:1.0
make:1.0
1993:1.0
165:1.0
year:1.6931471805599454
see:1.0
go:2.6094379124341005
forc:2.09861228866811
real:1.0
good:1.0
trick:1.0
alian:1.0
develop:1.0
capabl:1.0
produc:1.0
reliabl:1.0
deliveri:1.0
system:1.0
refer:1.0
recent:1.0
news:1.0
releas:1.0
regard:1.6931471805599454
govern:1.0
moral:1.0
stori:1.0
invad:1.0
neighbor:1.6931471805599454
home:1.0
flash:1.0
russia:1.6931471805599454
gun:1.0
question:1.0
fine:1.0
damn:1.0
marshal:1.0
shapashnikov:1.0
may:1.6931471805599454
eat:1.0
word:1.0
turkey:1.0
short:1.0
peac:1.6931471805599454
resolut:1.0
conflict:1.0
way:1.0
soon:1.0
find:1.0
fruit:1.0
bitter:1.0
inde:1.0
take:1.0
exampl:1.6931471805599454
benevol:1.0
sir:1.0
poor:1.0
ha:1.0
think:1.0
nice:1.0
two:1.0
day:1.0
stay:1.0
tabriz:1.0
1978:1.0
explain:1.6931471805599454
troop:1.0
border:1.0
box:1.0
382761:1.0
even:1.0
1915:1.0
cambridg:1.0
02238:1.0
mp:1.0
march:1.0
1992:1.0
