khan0095:1.6931471805599454
nova:1.6931471805599454
gmi:2.09861228866811
edu:2.09861228866811
mohammad:1.6931471805599454
razi:1.0
khan:1.6931471805599454
subject:1.0
fundament:1.0
organ:1.0
engin:1.0
manag:1.0
institut:1.0
flint:1.0
mi:1.0
line:1.0
10:1.0
ok:1.0
someon:1.6931471805599454
fundamentalist:1.6931471805599454
el:1.0
defin:1.0
essenti:1.0
question:1.0
nobodi:1.0
agre:1.0
upon:1.0
answer:1.0
least:1.0
literatur:1.0
discus:1.0
news:1.0
seen:1.0
r:1.0
juli:1.0
93:1.0
plea:1.0
send:1.0
mail:1.0
mkhan:1.0
nyx:1.0
c:1.0
du:1.0
