pgf5:1.6931471805599454
cunixb:2.09861228866811
cc:2.09861228866811
columbia:2.386294361119891
edu:2.09861228866811
peter:1.6931471805599454
garfiel:1.6931471805599454
freeman:1.6931471805599454
subject:1.0
deriv:1.0
pleasur:1.0
death:2.09861228866811
nntp:1.0
post:1.0
host:1.0
repli:1.0
organ:1.0
univers:1.0
line:1.0
13:1.0
way:1.0
applaud:1.0
kill:1.0
human:1.0
includ:1.0
prison:1.0
sentenc:1.6931471805599454
illustri:1.0
justic:1.6931471805599454
depart:1.6931471805599454
peac:1.0
marc:1.0
boy:1.0
realli:1.0
stupid:1.0
person:1.0
peopl:1.0
state:1.0
court:1.0
get:1.0
brain:1.0
