henrik:2.9459101490553135
quayl:1.6931471805599454
kpc:2.09861228866811
com:2.09861228866811
subject:1.0
armenia:2.791759469228055
say:2.09861228866811
could:1.6931471805599454
shoot:2.09861228866811
turkish:2.9459101490553135
plane:1.6931471805599454
organ:1.0
none:1.0
line:1.0
49:1.0
articl:2.386294361119891
1993apr20:1.0
000413:1.0
25123:1.0
ee:2.386294361119891
rochest:2.386294361119891
edu:2.386294361119891
terziogl:1.6931471805599454
esin:2.9459101490553135
terzioglu:2.791759469228055
write:2.386294361119891
1993apr19:1.0
155856:1.0
8260:1.0
1993apr17:1.0
185118:1.0
10792:1.0
1993apr16:1.0
195452:1.0
21375:1.0
urartu:1.6931471805599454
sdpa:1.6931471805599454
org:1.6931471805599454
dbd:1.0
david:1.0
davidian:1.0
04:1.0
16:1.0
93:1.0
1045:1.0
ermenistan:1.0
kasiniyor:1.0
let:2.386294361119891
translat:1.0
everyon:1.0
el:1.0
public:1.0
traslat:1.0
servic:1.0
get:2.386294361119891
itchi:1.6931471805599454
clearifi:1.0
mr:1.0
simpli:1.6931471805599454
world:1.6931471805599454
know:1.6931471805599454
longer:1.0
sit:1.0
quiet:1.0
turk:2.09861228866811
away:1.0
famou:1.0
trick:1.0
armenian:2.09861228866811
rememb:1.0
invas:2.09861228866811
greek:2.386294361119891
island:1.6931471805599454
cypress:1.0
watch:1.0
ignor:2.09861228866811
obviou:1.0
post:2.09861228866811
1:1.0
cypru:2.6094379124341005
independ:1.0
countri:1.6931471805599454
inhabit:1.0
like:1.0
tpost:1.0
claim:1.0
2:1.0
name:1.0
english:1.0
next:1.0
time:1.0
read:1.0
learn:1.0
asid:1.0
spell:1.0
want:1.6931471805599454
admit:1.0
past:1.0
mistak:2.09861228866811
bad:1.0
u:1.6931471805599454
n:1.0
anyth:1.0
may:1.0
ask:1.0
ye:1.0
would:1.0
invad:1.0
respons:1.0
airplan:1.0
air:1.0
space:1.0
person:1.0
azeri:2.09861228866811
consistantli:1.0
drag:1.0
karabakh:1.6931471805599454
conflict:1.6931471805599454
azerbaijan:1.0
karabakhi:1.0
live:1.0
homeland:1.0
3000:1.0
year:1.0
cut:1.0
given:1.0
stalin:1.0
one:1.0
directli:1.0
involv:1.0
defend:1.0
aggress:1.0
agress:1.0
merci:1.0
inoc:1.0
peopl:1.0
costantli:1.0
shell:1.0
mig:1.0
23:1.0
oth:1.0
russian:1.0
aircraft:1.0
last:1.0
hope:1.0
insist:1.0
turkey:1.0
stay:1.0
crisi:1.0
repeat:1.0
never:1.0
occur:1.0
