anwar:2.09861228866811
c:1.6931471805599454
cmu:1.6931471805599454
edu:1.6931471805599454
moham:1.0
subject:1.0
u:2.09861228866811
consid:1.6931471805599454
yigal:2.386294361119891
aren:1.6931471805599454
danger:2.09861228866811
human:1.0
nntp:1.0
post:1.0
host:1.0
gs135:1.0
sp:1.0
organ:1.6931471805599454
school:1.0
comput:1.0
scienc:1.0
carnegi:1.0
mellon:1.0
line:1.0
30:1.0
articl:1.0
4815:1.0
bimac:1.6931471805599454
bitnet:1.6931471805599454
ehrlich:2.09861228866811
gideon:1.6931471805599454
write:1.0
reader:1.0
forum:1.6931471805599454
seem:1.6931471805599454
interest:1.6931471805599454
content:1.0
file:1.6931471805599454
nice:1.0
tell:1.0
1:1.0
american:1.6931471805599454
author:1.6931471805599454
adl:2.6094379124341005
view:1.0
lot:1.0
peopl:1.0
includ:1.0
million:1.0
arab:1.0
ancestri:1.0
perhap:2.09861228866811
answer:1.0
question:1.0
maintain:1.0
spi:1.6931471805599454
adc:1.0
member:2.09861228866811
california:1.0
elsewher:1.0
friendli:1.0
rivalri:1.0
greenpeac:1.0
naacp:1.0
report:1.0
dozen:1.0
polit:1.0
ethnic:1.0
minor:1.0
occup:1.0
2:1.0
person:1.0
paranoia:1.0
3:1.0
one:1.0
trust:1.0
either:1.0
govern:1.0
addit:1.0
inform:1.0
send:1.0
name:1.0
half:1.0
poster:1.0
unless:1.0
alreadi:1.0
