tankut:2.386294361119891
iastat:2.09861228866811
edu:2.9459101490553135
sabri:1.6931471805599454
atan:2.09861228866811
subject:1.0
turkey:1.0
cypru:1.0
bosnia:1.0
serbia:1.0
greec:1.0
armenia:1.0
azeri:1.0
repli:1.0
organ:1.0
iowa:1.0
state:1.0
univers:1.0
line:1.0
36:1.0
articl:1.6931471805599454
1993apr20:1.0
143453:1.0
3127:1.0
news:1.0
uiowa:1.6931471805599454
mau:1.6931471805599454
herki:1.0
c:1.0
napoleon:2.09861228866811
write:1.6931471805599454
1qvgu5inn2np:1.0
lynx:1.0
unm:1.6931471805599454
osinski:2.09861228866811
chtm:1.0
eec:1.0
marek:1.6931471805599454
well:1.0
take:1.0
long:1.0
see:1.6931471805599454
consequ:1.0
greek:1.0
request:1.0
thessaloniki:2.09861228866811
call:2.9459101490553135
solun:2.09861228866811
bulgarian:1.0
netter:1.0
konstantinopl:1.0
istanbul:2.09861228866811
inhabit:1.6931471805599454
last:1.0
2300:1.0
year:1.6931471805599454
citi:2.386294361119891
never:1.0
instabul:1.0
konstantinoupoli:1.6931471805599454
320:1.0
ad:1.0
1920:1.0
1600:1.0
mani:1.6931471805599454
peopl:2.386294361119891
aliv:1.0
today:1.6931471805599454
born:2.09861228866811
know:1.0
one:1.0
konstantinopoli:1.6931471805599454
think:1.0
use:2.09861228866811
understand:1.0
open:1.0
map:1.0
except:1.6931471805599454
tri:1.6931471805599454
polit:1.6931471805599454
name:1.0
print:1.0
give:1.0
argument:1.0
caus:1.0
flame:1.0
make:1.0
statement:1.0
achtung:1.0
babi:1.0
