backon:1.6931471805599454
vm:1.6931471805599454
huji:1.6931471805599454
ac:1.6931471805599454
il:1.6931471805599454
subject:2.09861228866811
ten:2.09861228866811
question:2.6094379124341005
israel:2.9459101490553135
distribut:1.0
world:1.0
organ:1.0
hebrew:1.6931471805599454
univers:1.0
jerusalem:1.6931471805599454
line:1.0
134:1.0
articl:1.0
1483500349:1.0
igc:1.6931471805599454
apc:1.6931471805599454
org:1.6931471805599454
cpr:1.6931471805599454
center:1.6931471805599454
polici:1.6931471805599454
research:1.6931471805599454
write:1.0
isra:3.995732273553991
would:2.09861228866811
thank:1.6931471805599454
live:1.6931471805599454
could:2.6094379124341005
help:1.0
provid:1.6931471805599454
accur:1.0
answer:1.0
follow:1.0
specif:1.6931471805599454
inde:1.0
provoc:1.0
ask:1.0
time:1.6931471805599454
peopl:1.6931471805599454
around:1.0
1:1.0
true:3.4849066497880004
author:1.0
recogn:1.0
nation:1.0
id:1.6931471805599454
card:1.6931471805599454
citizen:2.9459101490553135
must:1.0
carri:1.0
identifi:1.0
jew:3.4849066497880004
arab:2.791759469228055
although:1.6931471805599454
express:1.0
le:1.0
um:1.0
use:1.0
state:3.0794415416798357
2nd:1.0
page:1.0
ezrachut:1.0
yisrealit:1.0
matter:1.0
ethnic:1.6931471805599454
unit:1.6931471805599454
offici:1.0
form:1.0
race:1.0
caucasian:1.0
black:1.0
amerindian:1.0
etc:1.0
2:1.0
fix:1.6931471805599454
border:2.09861228866811
govern:1.0
1948:1.6931471805599454
today:1.6931471805599454
refus:1.0
ultim:1.0
funni:1.0
number:2.09861228866811
map:1.0
3:1.0
stock:1.0
nuclear:1.0
weapon:1.0
evid:1.0
probabl:1.0
ye:1.0
4:1.0
prison:1.0
individu:1.0
tri:2.386294361119891
secret:2.09861228866811
ident:1.0
date:1.0
trial:2.09861228866811
imprison:1.0
apart:1.0
mordechai:1.0
vanunu:1.0
behind:1.6931471805599454
close:1.6931471805599454
door:1.6931471805599454
one:1.0
espionag:1.6931471805599454
case:1.6931471805599454
nutti:1.0
professor:1.0
ne:1.0
ziona:1.0
biolog:1.0
institut:1.0
k:1.0
g:1.6931471805599454
b:1.0
mole:1.0
camera:1.6931471805599454
exactli:1.0
call:1.0
simpli:1.0
hate:1.0
disappoint:1.0
5:1.0
resid:2.09861228866811
occupi:1.0
territori:1.0
differ:1.0
law:2.6094379124341005
non:1.6931471805599454
jordanian:1.0
effect:1.0
west:2.386294361119891
bank:2.386294361119891
knesset:1.0
pas:1.0
bind:1.0
muslim:2.9459101490553135
druze:2.09861228866811
christian:2.6094379124341005
noth:1.0
religion:1.0
6:1.0
left:1.0
palestin:1.0
war:2.09861228866811
1947:1.0
48:1.0
avoid:1.0
automat:1.0
allow:1.6931471805599454
return:2.09861228866811
neighbor:1.0
anyon:1.0
regist:1.0
might:1.0
confus:1.0
censu:1.0
taken:1.0
june:1.0
1967:1.0
six:1.0
day:1.0
instanc:1.0
physic:1.0
present:1.0
e:1.0
vist:1.0
jordan:1.0
7:1.0
prime:1.0
minist:1.0
rabin:1.0
sign:1.0
order:1.0
clean:1.0
done:1.0
bosnia:1.0
herzegovina:1.0
even:1.0
drown:1.0
bourbon:1.0
scotch:1.0
brandi:1.0
8:1.0
admit:2.09861228866811
member:1.0
kibbutz:2.09861228866811
minor:1.0
hand:1.0
age:1.0
42:1.0
famili:1.0
join:1.0
thrill:1.0
first:1.0
place:1.6931471805599454
kibbbutz:1.0
movement:1.0
candid:1.0
rigor:1.0
membership:1.0
criterion:1.0
mani:1.0
9:1.0
attempt:1.0
discourag:1.0
marriag:2.09861228866811
religi:2.386294361119891
statu:1.0
quo:1.0
divorc:1.6931471805599454
handl:1.6931471805599454
court:2.386294361119891
rabbanut:1.0
shaaria:1.0
denomin:1.0
entir:1.0
establish:1.0
jewish:1.0
want:1.0
keep:1.0
way:1.0
10:1.0
hotel:1.6931471805599454
hilton:1.0
tel:1.0
aviv:1.0
built:1.6931471805599454
site:1.6931471805599454
cemeteri:1.0
believ:1.0
adjac:1.0
former:1.6931471805599454
cemetari:2.09861228866811
heard:1.0
like:1.0
get:1.0
feedback:1.0
muslin:1.0
net:1.0
sanctiti:1.0
held:1.6931471805599454
sancrosanct:1.0
current:1.0
ministri:1.0
trade:1.0
industri:1.0
agron:1.0
road:1.0
hous:1.0
1920:1.0
josh:1.0
elia:1.6931471805599454
davidsson:1.0
iceland:1.0
email:1.0
ismennt:1.0
