ohayon:2.09861228866811
jcpltyo:1.0
jcpl:1.6931471805599454
co:1.6931471805599454
jp:1.6931471805599454
tsiel:2.09861228866811
subject:1.0
mani:1.6931471805599454
isra:1.6931471805599454
soldier:1.6931471805599454
take:1.6931471805599454
kill:1.6931471805599454
5:1.6931471805599454
yr:1.0
old:1.6931471805599454
child:1.6931471805599454
organ:1.0
jame:1.0
capel:1.0
pacif:1.0
limit:1.0
tokyo:1.0
japan:1.0
line:1.0
63:1.0
jle:3.70805020110221
great:2.09861228866811
write:1.6931471805599454
q:1.0
occupi:1.0
terrorist:1.0
year:1.0
nativ:1.0
four:1.0
two:1.6931471805599454
fasten:1.0
arm:1.0
one:2.09861228866811
shoot:1.0
face:1.0
fals:1.0
report:1.0
coupl:1.0
month:1.0
ago:1.0
wrote:1.0
terribl:1.0
c:2.386294361119891
program:2.386294361119891
would:1.0
never:1.6931471805599454
pas:1.0
compil:1.6931471805599454
describ:1.0
8:2.791759469228055
cut:1.6931471805599454
save:1.0
includ:1.6931471805599454
stdio:1.0
h:1.6931471805599454
signal:1.0
defin:2.791759469228055
tloser:1.6931471805599454
t0x01:2.6094379124341005
tchildish:1.0
tunhumorist:1.0
vulgar:1.6931471805599454
mossad:1.6931471805599454
agent:1.6931471805599454
j:1.6931471805599454
l:1.6931471805599454
e:2.09861228866811
childish:1.0
unhumorist:1.0
static:1.0
void:1.6931471805599454
abort:2.386294361119891
tprintf:2.386294361119891
even:1.0
want:1.0
mother:1.0
main:1.0
tsignal:1.0
sigint:1.0
help:1.0
jewish:1.0
arab:1.0
relat:1.0
hit:1.0
infinit:1.0
loop:1.0
come:1.0
world:1.0
twhile:1.0
wonderfool:1.0
unix:1.0
machin:1.0
tri:1.6931471805599454
cc:1.0
make:1.0
type:1.0
prompt:1.0
work:1.0
receiv:1.0
mail:1.0
plea:1.0
let:1.0
employ:1.0
may:1.0
know:1.0
soon:1.0
possibl:1.6931471805599454
opinion:1.0
percent:1.0
zero:1.0
almost:1.0
noth:1.0
