kaveh:2.386294361119891
gate:2.09861228866811
koi:2.09861228866811
corp:2.09861228866811
sgi:2.09861228866811
com:2.09861228866811
smith:1.6931471805599454
subject:1.0
jew:2.09861228866811
islam:2.791759469228055
dr:1.6931471805599454
frankenstien:1.6931471805599454
nntp:1.0
post:1.0
host:1.0
repli:1.0
organ:1.0
silicon:1.0
graphic:1.0
inc:1.0
mountain:2.09861228866811
view:1.0
ca:1.0
usa:1.0
line:1.0
49:1.0
found:1.0
jewish:2.386294361119891
peopl:2.6094379124341005
imag:1.0
creativ:1.0
religion:3.302585092994046
foundat:1.0
christian:1.0
word:1.0
judaism:1.6931471805599454
father:1.6931471805599454
turn:2.09861228866811
may:1.6931471805599454
say:1.0
iron:1.0
communizem:1.0
threat:1.0
almost:1.0
gone:1.6931471805599454
war:1.0
go:2.791759469228055
rais:1.0
thought:2.09861228866811
idea:1.0
believ:2.09861228866811
one:2.9459101490553135
god:3.8903717578961645
unit:1.0
man:3.1972245773362196
kind:3.0794415416798357
come:2.09861228866811
ebrahim:1.0
kill:2.09861228866811
like:1.0
stori:1.0
stop:1.6931471805599454
happen:1.0
deal:1.0
mani:1.0
muslim:2.09861228866811
nuke:1.0
would:2.386294361119891
distroy:1.0
whole:1.0
world:1.6931471805599454
get:1.6931471805599454
mad:1.0
sinc:1.6931471805599454
follow:1.0
heaven:2.09861228866811
hell:1.6931471805599454
peaceful:1.0
way:1.6931471805599454
end:1.6931471805599454
saga:1.0
need:2.09861228866811
set:1.6931471805599454
rule:1.6931471805599454
regul:1.0
keep:2.386294361119891
societi:1.6931471805599454
healthi:1.6931471805599454
state:1.0
mostli:2.09861228866811
experienc:1.0
know:1.0
work:1.6931471805599454
pray:2.09861228866811
sole:1.0
medit:1.0
care:1.0
hope:1.0
help:2.09861228866811
moral:1.0
issu:1.0
tri:1.0
put:1.6931471805599454
away:1.0
materialist:1.0
thing:1.6931471805599454
life:1.6931471805599454
religi:2.09861228866811
leader:1.0
make:1.6931471805599454
live:1.6931471805599454
corrupt:1.0
e:1.0
pay:1.0
20:1.0
percent:1.0
incom:1.0
mullah:1.0
guess:1.0
rabi:1.0
cut:1.0
everybodi:1.0
planet:1.0
earth:2.386294361119891
respect:1.6931471805599454
good:2.386294361119891
toward:1.6931471805599454
anoth:1.6931471805599454
mother:1.0
natur:1.0
creat:2.09861228866811
act:1.0
take:1.0
today:1.0
within:1.0
everi:1.0
bad:1.0
could:1.6931471805599454
choos:1.0
either:1.0
see:1.6931471805599454
outcom:1.0
choic:1.0
prevent:1.0
crazi:1.0
field:1.0
poor:1.0
name:1.0
think:2.6094379124341005
sen:1.6931471805599454
late:1.0
p:1.0
side:1.0
mose:1.0
saw:1.0
mount:1.0
sina:1.0
top:1.6931471805599454
anywher:1.0
reach:1.0
sky:1.0
kept:1.0
back:1.0
middl:1.0
east:1.0
imagin:1.0
told:1.0
chosen:1.0
profit:1.0
mohammad:1.6931471805599454
marri:1.0
khadijeh:1.0
taught:1.6931471805599454
trade:2.09861228866811
probabl:1.0
quran:1.6931471805599454
copi:1.0
right:1.0
taurah:1.0
sp:1.0
old:1.0
testement:1.0
wrote:1.0
makeh:1.0
citi:1.0
made:1.0
center:1.0
want:1.0
expand:1.0
busi:1.0
hous:1.0
stuff:1.0
far:1.0
hurt:1.0
wise:1.0
look:1.0
david:1.0
koresh:1.0
afraid:1.0
bigger:1.0
scale:1.0
harmoni:1.0
rather:1.0
plot:1.0
other:1.0
distruct:1.0
let:1.0
u:1.0
peac:1.0
