tankut:2.9459101490553135
iastat:2.791759469228055
edu:3.0794415416798357
sabri:2.09861228866811
atan:2.6094379124341005
subject:1.0
turkey:2.6094379124341005
cypru:1.6931471805599454
bosnia:1.0
serbia:1.0
greec:1.6931471805599454
armenia:1.0
azeri:1.0
repli:1.0
organ:1.0
iowa:1.0
state:1.6931471805599454
univers:1.0
line:1.0
81:1.0
articl:1.6931471805599454
1993apr15:1.6931471805599454
174657:1.0
6176:1.0
news:1.0
uiowa:1.6931471805599454
mau:1.6931471805599454
herki:1.0
c:1.0
napoleon:2.09861228866811
write:1.0
092101:1.0
well:1.6931471805599454
pano:1.0
mr:1.0
tamamidi:1.0
way:1.6931471805599454
put:1.0
turk:2.386294361119891
bear:1.0
respons:1.0
thing:2.09861228866811
happen:1.0
today:1.0
hard:1.0
believ:1.0
somebodi:1.0
tri:1.6931471805599454
object:1.0
come:2.09861228866811
conflict:1.6931471805599454
like:1.0
countri:1.0
blame:1.0
one:1.6931471805599454
side:2.09861228866811
alway:1.6931471805599454
bad:2.6094379124341005
guy:1.0
anatolia:1.0
ww1:1.0
anyway:1.0
think:2.09861228866811
right:1.0
coupl:1.0
million:1.0
greek:3.0794415416798357
live:1.0
asia:1.0
minor:1.0
1923:1.0
someon:1.0
protect:1.0
u:1.0
say:1.0
start:1.0
aggress:1.0
ither:1.0
suffer:1.0
sad:1.0
still:1.0
compromis:2.09861228866811
rememb:1.0
action:1.6931471805599454
turkish:2.791759469228055
govern:1.0
remov:1.0
visa:1.0
requir:1.0
thought:1.0
posit:1.6931471805599454
attempt:1.0
make:2.386294361119891
relat:1.0
better:1.0
invas:1.0
invol:1.0
polit:1.6931471805599454
refus:1.0
accept:1.0
12:1.0
mile:1.0
territori:1.0
water:1.0
intern:1.0
law:1.0
properti:1.0
konstantinopl:1.0
ownership:1.0
island:1.0
lake:1.0
sorri:1.0
aegean:1.0
mention:1.0
talk:2.09861228866811
educ:1.6931471805599454
peopl:2.791759469228055
never:1.0
met:1.0
know:1.0
person:2.6094379124341005
busi:1.6931471805599454
individu:1.0
hatr:1.6931471805599454
support:2.09861228866811
polici:1.6931471805599454
gover:2.09861228866811
directli:1.0
indirecli:1.0
nation:1.6931471805599454
hate:1.0
must:1.0
pay:1.0
price:1.0
kind:1.6931471805599454
brainwash:1.6931471805599454
go:1.0
would:1.0
treat:1.0
everi:1.0
tell:1.0
histori:1.6931471805599454
book:1.6931471805599454
learn:2.09861228866811
encount:1.0
school:1.0
take:1.0
easi:1.0
achtung:1.6931471805599454
babi:1.6931471805599454
need:1.0
turn:1.0
arab:1.0
slav:1.0
kurd:1.0
luck:1.0
occup:1.0
murder:1.0
rape:1.0
distruct:1.0
experienc:1.0
first:1.6931471805599454
hand:1.0
friendli:1.0
prevent:1.0
peac:1.0
world:1.0
answer:1.0
question:1.0
ask:1.0
end:1.0
post:1.6931471805599454
told:1.0
bullshit:1.0
throughout:1.0
point:1.0
issu:1.6931471805599454
fill:1.6931471805599454
emot:1.0
forget:1.0
worth:1.0
discus:1.0
