b8ha000:1.0
b8ha:1.0
musicb:1.0
mcgill:2.6094379124341005
ca:1.6931471805599454
subject:1.0
zionism:2.09861228866811
racism:2.09861228866811
line:1.0
8:1.0
nntp:1.0
post:1.0
host:1.0
vm1:1.0
organ:1.0
univers:1.0
syria:1.0
expans:1.0
author:1.0
write:1.0
un:1.0
thought:1.0
wrong:1.0
correct:1.0
first:1.0
time:1.0
thank:1.0
daili:1.0
student:1.0
newspap:1.0
proud:1.0
enough:1.0
print:1.0
articl:1.0
say:1.0
want:1.0
copi:1.0
send:1.0
mail:1.0
steve:1.0
