shaig:1.0
think:2.386294361119891
com:1.6931471805599454
shai:1.6931471805599454
guday:1.6931471805599454
subject:1.6931471805599454
go:1.6931471805599454
hezbollah:2.386294361119891
organ:1.0
machin:1.6931471805599454
corpor:1.0
cambridg:1.6931471805599454
usa:1.0
line:1.6931471805599454
81:1.0
distribut:1.0
world:1.0
nntp:1.0
post:1.0
host:1.0
compos:1.0
articl:1.6931471805599454
1993apr16:1.0
130037:1.0
18830:1.0
ncsu:1.6931471805599454
edu:2.386294361119891
hernlem:1.6931471805599454
chess:1.0
brad:1.0
write:1.6931471805599454
2bce0918:1.0
6105:1.0
news:1.0
servic:1.0
uci:1.6931471805599454
tclock:1.0
orion:1.0
oac:1.0
tim:2.386294361119891
clock:1.0
suggest:1.0
guerilla:3.0794415416798357
use:2.386294361119891
popul:1.0
cover:1.6931471805599454
israel:3.772588722239781
total:1.0
back:1.6931471805599454
easiest:1.0
way:2.09861228866811
get:2.09861228866811
away:1.0
attack:3.1972245773362196
anoth:1.0
innoc:1.6931471805599454
shield:1.0
hope:1.6931471805599454
respect:1.0
live:1.6931471805599454
tell:1.0
wrong:1.0
assum:1.0
civilian:2.6094379124341005
kill:1.6931471805599454
soldier:1.0
countri:1.0
buffer:1.6931471805599454
zone:1.6931471805599454
prevent:1.0
work:1.0
neccessari:1.0
isra:2.6094379124341005
gun:1.0
pound:1.0
lebanes:1.6931471805599454
villag:2.386294361119891
tri:1.0
infiltr:1.6931471805599454
see:1.6931471805599454
shell:2.09861228866811
call:1.0
retali:1.0
even:1.6931471805599454
make:1.6931471805599454
sen:1.0
least:1.6931471805599454
show:1.6931471805599454
reckless:1.0
disregard:1.0
govern:1.0
recal:1.6931471805599454
rais:1.0
week:1.0
ago:1.0
touch:1.0
upon:1.0
someon:1.0
claim:1.0
manifest:1.0
popular:1.0
sentiment:1.0
topic:1.0
aros:1.0
stop:2.09861228866811
becom:1.0
hous:1.0
shelter:1.0
free:1.0
aid:1.0
violat:1.0
statu:1.0
whole:1.0
bit:1.0
neighbor:1.0
arab:1.6931471805599454
state:1.6931471805599454
start:1.0
also:1.6931471805599454
happen:1.0
occur:1.6931471805599454
prepar:1.0
take:1.0
respons:1.0
duti:1.0
soil:1.0
prove:1.0
provid:1.6931471805599454
guarate:1.0
accept:2.09861228866811
word:2.09861228866811
past:1.6931471805599454
attitud:1.0
toler:1.0
toward:1.0
anti:1.0
resid:1.0
will:1.0
other:2.09861228866811
imho:1.0
busi:1.0
wast:1.0
time:2.09861228866811
come:1.0
peac:2.09861228866811
talk:1.0
statement:1.0
made:1.6931471805599454
lebanon:3.1972245773362196
interest:1.0
caus:1.6931471805599454
war:1.0
disarm:2.09861228866811
hizbollah:1.6931471805599454
remov:1.0
continu:1.0
occup:1.0
afteral:1.0
alreadi:1.0
stage:1.0
two:1.6931471805599454
part:1.0
withdraw:1.6931471805599454
area:2.09861228866811
occupi:1.0
slg:1.0
ignor:1.0
fact:1.0
palestinian:1.0
remain:1.0
independ:1.0
militia:1.0
except:1.0
idf:1.0
burn:1.0
sheikh:1.0
mosavi:1.0
wife:1.0
young:1.0
son:1.0
cours:1.0
would:2.6094379124341005
assassin:1.0
peopl:1.0
mad:1.0
furthermor:1.0
subsequ:1.0
possibl:1.0
exactli:1.0
true:1.6931471805599454
affili:1.0
group:1.0
sever:1.0
attempt:1.0
border:2.09861228866811
without:1.0
support:1.0
activ:1.0
involv:1.0
syria:2.6094379124341005
abl:2.09861228866811
accomplish:1.0
leav:1.0
say:1.0
retain:1.0
control:2.09861228866811
stay:1.0
thay:1.0
may:1.0
danger:1.0
last:1.0
troubl:1.0
syrian:2.386294361119891
late:1.0
eh:1.0
know:1.0
well:1.0
restrain:1.0
territori:1.6931471805599454
better:1.0
presenc:1.0
troop:1.6931471805599454
meant:1.0
sharp:1.0
decreas:1.0
howev:1.0
plea:1.0
note:1.0
distinct:1.0
year:1.0
allow:1.0
1984:1.0
oper:1.0
problem:1.0
stabl:1.0
partner:1.0
long:1.0
term:1.0
might:1.0
stealth:1.0
bomber:1.0
o:1.0
softwar:1.0
engin:1.0
corp:1.0
tthe:1.0
wing:1.0
ninja:1.0
sky:1.0
