center:1.6931471805599454
polici:1.6931471805599454
research:1.6931471805599454
cpr:2.09861228866811
igc:1.0
apc:1.0
org:1.0
subject:1.6931471805599454
hebrew:2.791759469228055
labor:3.3978952727983707
racist:2.09861228866811
connot:2.09861228866811
nf:1.6931471805599454
id:1.0
n:1.0
cdp:1.6931471805599454
1483500356:1.0
000:1.0
1777:1.0
uucp:1.0
apr:1.0
23:1.0
15:1.0
18:1.0
00:1.0
1993:1.0
line:1.0
37:1.0
avoda:1.0
ivrit:1.0
concept:2.09861228866811
serv:1.0
zionist:2.09861228866811
movement:1.6931471805599454
long:1.0
time:1.0
doubl:1.0
barrel:1.0
messag:1.0
1:1.6931471805599454
new:1.6931471805599454
jew:2.09861228866811
must:1.6931471805599454
learn:1.6931471805599454
physic:1.6931471805599454
e:1.6931471805599454
work:2.386294361119891
land:1.6931471805599454
2:1.6931471805599454
countri:1.6931471805599454
pas:1.0
jewish:1.0
hand:2.09861228866811
aspect:1.0
two:2.09861228866811
prong:1.0
one:1.0
diaspora:1.0
lack:1.0
train:1.0
myth:1.6931471805599454
share:1.0
antisemit:1.0
mean:1.0
practic:1.0
displac:1.0
arab:1.0
farmer:1.0
sourc:1.0
livelihood:1.0
occup:1.0
cheap:1.6931471805599454
palestinian:2.09861228866811
stream:1.0
occupi:1.0
territori:1.6931471805599454
factori:1.0
orchard:1.0
hot:1.0
hous:1.0
israel:1.0
releg:1.0
histori:1.0
book:1.0
nostalg:1.0
memori:1.0
blossom:1.0
forth:1.0
anew:1.0
howev:1.0
govern:1.6931471805599454
answer:1.6931471805599454
problem:1.0
caus:1.0
closur:1.0
today:1.0
function:1.0
give:1.0
progress:1.0
look:1.0
close:1.0
popul:1.0
word:1.0
environ:1.0
minist:1.0
yossi:1.0
sarid:1.0
tear:1.0
get:1.0
rich:1.0
furnish:1.0
unemploy:1.6931471805599454
isra:1.6931471805599454
complain:1.0
oblig:1.0
wage:1.0
lower:1.0
insur:1.0
receiv:1.0
consid:1.0
plan:1.0
import:1.0
far:1.0
east:1.0
replac:1.0
nativ:1.0
peopl:1.0
thu:1.0
creat:1.0
conflict:1.0
interest:1.0
ethnic:1.0
commun:1.0
rule:1.0
