ab4z:1.0
virginia:1.6931471805599454
edu:1.0
andi:1.0
beyer:1.0
subject:1.0
israel:1.6931471805599454
expans:1.0
ii:1.0
organ:1.0
univers:1.0
line:1.0
7:1.0
understand:1.6931471805599454
captur:1.0
teritori:1.0
feel:1.0
right:1.6931471805599454
annex:1.0
fulli:1.0
deal:1.0
palestinian:1.0
much:1.0
way:1.0
jew:1.0
treat:1.0
holocaust:1.0
final:1.0
solut:1.0
hitler:1.0
total:1.0
get:1.0
u:1.0
subsid:1.0
exist:1.0
thorough:1.0
abus:1.0
human:1.0
tjust:1.0
wonder:1.0
