eni:1.6931471805599454
cbnewsg:1.0
cb:1.0
att:1.0
com:1.0
surensoy:1.0
subject:1.0
armenia:1.6931471805599454
say:1.6931471805599454
could:1.6931471805599454
shoot:2.09861228866811
turkish:1.6931471805599454
plane:2.09861228866811
organ:1.0
line:1.0
4:1.0
tarmenia:1.0
pot:1.0
piss:1.0
let:1.0
alon:1.0
tdown:1.0
modern:1.0
war:1.0
