tclock:1.0
orion:1.6931471805599454
oac:1.6931471805599454
uci:2.09861228866811
edu:1.6931471805599454
tim:1.6931471805599454
clock:1.6931471805599454
subject:1.6931471805599454
final:2.791759469228055
solut:2.791759469228055
gaza:2.386294361119891
nntp:1.0
post:1.0
host:1.0
organ:1.0
univers:1.6931471805599454
california:1.6931471805599454
irvin:2.09861228866811
line:1.0
66:1.0
articl:1.0
1483500354:1.0
igc:1.6931471805599454
apc:1.6931471805599454
org:1.6931471805599454
center:1.6931471805599454
polici:2.6094379124341005
research:1.6931471805599454
cpr:1.6931471805599454
write:1.0
isra:2.6094379124341005
jew:1.0
fete:1.6931471805599454
upris:1.6931471805599454
warsaw:1.6931471805599454
ghetto:2.09861228866811
sinc:1.6931471805599454
word:1.0
formal:1.0
commonli:1.0
refer:1.0
posit:1.0
joyou:1.0
event:1.0
misus:1.0
rather:1.0
unsettl:1.0
repress:1.0
violent:1.0
mean:1.0
attempt:1.6931471805599454
starv:1.0
gazan:3.302585092994046
certainli:1.6931471805599454
abhor:1.0
attitud:1.0
abus:1.0
toward:2.09861228866811
palestinian:2.6094379124341005
given:1.0
howev:1.6931471805599454
comparison:1.0
realiti:1.0
right:2.9459101490553135
popul:1.0
resist:1.0
occup:1.0
recogn:2.09861228866811
intern:2.386294361119891
law:2.386294361119891
person:1.0
sen:1.0
justic:1.0
occupi:2.09861228866811
entiti:1.0
maintain:1.0
order:1.0
especi:1.0
face:1.0
element:1.0
conscious:1.0
disrupt:1.0
civil:1.6931471805599454
structur:1.0
iron:1.0
focus:1.0
even:1.0
though:1.0
inher:1.0
conflict:1.0
israel:2.6094379124341005
deni:1.0
two:1.0
option:1.0
compat:1.0
basic:1.0
human:2.6094379124341005
becom:1.0
citizen:1.6931471805599454
full:2.09861228866811
respect:1.0
self:1.0
determin:1.0
must:1.0
conclud:1.0
jewish:2.09861228866811
societi:1.6931471805599454
consid:1.0
be:1.6931471805599454
continu:1.0
present:1.0
resid:1.0
third:1.0
altern:1.0
creation:1.0
implement:1.0
dhimmi:1.0
system:1.0
benignli:1.0
protect:1.0
would:1.0
find:1.0
accept:1.0
form:1.0
regard:1.0
islam:1.0
minor:1.0
whether:1.0
sleev:1.0
race:1.0
anti:1.6931471805599454
arab:1.6931471805599454
world:1.0
favor:1.0
one:1.0
neither:1.0
urg:1.0
slight:1.0
compass:1.0
whatev:1.0
help:1.0
regain:1.0
polit:1.6931471805599454
entitl:1.0
justifi:1.0
worri:1.0
variou:1.0
parti:1.0
intent:1.0
exist:1.0
import:1.0
secur:1.0
elia:1.0
davidsson:1.0
iceland:1.0
ph:1.0
graduat:1.0
student:1.0
tel:1.6931471805599454
714:2.09861228866811
8565361:1.0
depart:1.0
fax:1.0
8568441:1.0
home:1.0
8563446:1.0
ca:1.0
92717:1.0
