pgf5:1.0
cunixa:1.6931471805599454
cc:1.6931471805599454
columbia:2.09861228866811
edu:1.6931471805599454
peter:1.0
garfiel:1.0
freeman:1.0
subject:1.0
hama:1.0
method:1.6931471805599454
murder:1.0
nntp:1.0
post:1.6931471805599454
host:1.0
organ:1.0
univers:1.0
line:1.0
9:1.0
anyon:1.0
get:1.0
new:1.0
york:1.0
time:1.0
edit:1.0
page:1.0
transcript:1.0
vh:1.0
ham:1.0
describ:1.0
tortur:1.0
execut:1.0
later:1.0
