ayr1:1.6931471805599454
cunixa:2.09861228866811
cc:2.09861228866811
columbia:2.386294361119891
edu:2.09861228866811
amir:2.6094379124341005
rosenblatt:2.09861228866811
subject:1.0
legal:2.791759469228055
jewish:2.09861228866811
purchas:2.791759469228055
nntp:1.0
post:1.0
host:1.0
repli:1.0
organ:1.0
univers:1.0
line:1.0
96:1.0
articl:1.0
1993apr19:1.0
214951:1.0
19180:1.0
bnr:1.6931471805599454
ca:1.6931471805599454
zbib:1.6931471805599454
write:2.09861228866811
sam:1.6931471805599454
one:2.09861228866811
right:2.09861228866811
mind:1.0
would:2.6094379124341005
sell:2.09861228866811
freedom:1.0
digniti:1.0
palestinian:2.6094379124341005
except:1.0
perhap:1.0
heard:1.0
anti:1.6931471805599454
trust:1.6931471805599454
busi:2.09861228866811
world:1.6931471805599454
sinc:1.6931471805599454
debat:1.0
commerci:1.0
transact:1.6931471805599454
must:1.0
use:1.0
law:1.6931471805599454
govern:1.0
guidelin:1.0
ethic:1.6931471805599454
basic:1.6931471805599454
say:2.09861228866811
ibm:1.6931471805599454
stock:1.0
purpos:2.09861228866811
invest:1.0
acquir:1.0
larg:1.0
number:1.0
share:2.09861228866811
intent:2.09861228866811
control:2.09861228866811
make:1.6931471805599454
clear:1.0
apriori:1.0
clearli:1.0
jew:3.302585092994046
properti:1.6931471805599454
palastenian:1.6931471805599454
design:1.0
buy:2.09861228866811
dwell:1.0
real:1.0
estat:1.0
establish:1.0
bridgehead:1.0
european:1.0
sold:2.6094379124341005
old:1.0
tradit:1.0
arab:2.791759469228055
hospit:1.0
multi:1.6931471805599454
ethnic:1.0
religi:1.0
societi:1.0
accept:1.0
neighbour:1.0
differ:1.0
anoth:1.0
religion:1.0
plu:1.0
paid:1.0
fair:1.6931471805599454
market:1.0
valu:1.6931471805599454
etc:1.6931471805599454
know:1.6931471805599454
victim:1.0
intern:1.0
conspiraci:1.6931471805599454
theorist:1.0
hard:1.0
dismiss:1.0
go:1.0
address:1.0
point:1.6931471805599454
nation:1.0
fund:1.0
bought:1.0
land:3.3978952727983707
part:1.6931471805599454
tenant:1.6931471805599454
farmer:1.6931471805599454
fallahin:2.09861228866811
live:1.0
own:1.0
wealthi:1.0
syria:1.6931471805599454
lebanon:1.6931471805599454
jnf:1.0
offer:1.0
premium:1.0
deal:1.0
owner:2.09861228866811
took:1.0
advantag:1.0
call:1.0
commerc:1.6931471805599454
howev:1.0
made:1.0
provis:1.6931471805599454
work:1.6931471805599454
shaft:2.6094379124341005
blame:1.0
categor:1.0
sale:1.6931471805599454
assum:1.0
mistreat:1.0
norm:1.0
read:1.0
without:1.0
notifi:1.0
respons:1.6931471805599454
enough:1.0
rather:1.0
leav:1.0
fate:1.0
claim:1.0
lebanes:1.0
syrian:1.0
landlord:1.6931471805599454
palestin:2.09861228866811
true:1.0
even:1.0
partial:1.0
omit:1.0
fact:1.0
mandat:1.0
treati:1.0
put:1.0
french:1.0
rule:1.0
british:1.0
obivi:1.0
found:1.0
foreign:1.0
motiv:1.0
regardless:1.0
price:1.6931471805599454
often:1.0
actual:1.0
good:1.0
seller:1.0
though:1.6931471805599454
left:1.0
poor:1.0
situat:1.0
interest:1.0
acknowledg:1.0
mani:1.0
isra:1.0
opinion:2.09861228866811
absolv:1.0
commit:1.0
written:1.0
other:1.0
mine:1.0
sure:1.0
agre:1.0
way:1.0
see:2.09861228866811
caught:1.0
circumst:1.0
beyond:1.0
cours:1.0
sake:1.0
greater:1.0
uniti:1.0
angri:1.0
act:1.0
illeg:1.0
jordan:1.0
happen:1.0
told:1.0
answer:1.0
question:1.0
whether:1.0
behind:1.0
aim:1.0
public:1.0
asset:1.0
infra:1.0
structur:1.0
imho:1.0
ground:1.6931471805599454
contest:1.6931471805599454
court:1.0
el:1.0
provid:1.0
space:1.0
job:1.0
immigr:1.0
case:1.0
matter:1.0
realli:1.0
