bc744:1.0
cleveland:1.6931471805599454
freenet:1.0
edu:1.6931471805599454
mark:1.0
ira:1.0
kaufman:1.0
subject:1.0
isra:1.0
terror:1.0
organ:1.0
case:1.0
western:1.0
reserv:1.0
univers:1.0
ohio:1.0
usa:1.0
line:1.0
7:1.0
nntp:1.0
post:1.0
host:1.0
thor:1.0
in:1.0
cwru:1.0
mani:2.09861228866811
reader:1.0
know:2.09861228866811
anyth:1.0
jew:2.09861228866811
live:1.6931471805599454
arab:1.6931471805599454
countri:1.6931471805599454
still:1.0
circumst:1.0
leav:1.0
homeland:1.0
curiou:1.0
