eshneken:1.0
ux4:1.0
cso:1.0
uiuc:1.0
edu:1.0
edward:1.0
shnekendorf:1.0
subject:1.0
zionism:1.6931471805599454
organ:1.6931471805599454
univers:1.0
illinoi:1.0
urbana:1.0
line:1.0
24:1.0
follow:1.0
flyer:1.0
distribut:1.0
aipac:1.0
34th:1.0
annual:1.0
polici:1.0
confer:1.0
israel:1.6931471805599454
told:2.9459101490553135
go:1.6931471805599454
back:2.09861228866811
came:1.6931471805599454
come:1.0
vocal:1.0
much:1.0
influenc:1.0
quiet:1.0
afford:1.6931471805599454
control:1.0
everyth:1.0
anyway:1.0
buy:1.6931471805599454
someth:1.6931471805599454
jew:2.09861228866811
rich:1.6931471805599454
cheap:1.0
poor:1.0
call:2.6094379124341005
dirti:1.0
ignor:1.0
jap:1.6931471805599454
visibl:1.0
secret:1.6931471805599454
jewish:2.386294361119891
conspiraci:1.6931471805599454
peopl:2.09861228866811
say:1.0
still:1.0
marri:1.0
racist:1.0
contamin:1.0
someon:1.0
el:1.0
race:1.0
fire:1.0
left:1.0
right:1.0
white:2.386294361119891
hate:1.6931471805599454
u:1.6931471805599454
non:1.0
anti:2.09861228866811
semit:2.09861228866811
incid:1.0
rise:1.0
everi:1.6931471805599454
year:1.6931471805599454
exist:1.0
paranoid:1.0
shut:1.0
holocaust:1.6931471805599454
yet:1.6931471805599454
revision:1.0
risng:1.0
obnoxi:1.0
nice:1.0
act:1.0
world:1.0
wide:1.0
free:1.6931471805599454
complet:1.0
work:1.0
neither:1.0
desist:1.0
reason:1.0
mani:1.6931471805599454
part:1.0
nation:1.0
liber:1.0
movement:1.0
