serum:1.6931471805599454
zuma:1.6931471805599454
uucp:1.6931471805599454
serdar:2.09861228866811
argic:2.09861228866811
subject:1.6931471805599454
scenario:1.6931471805599454
genocid:1.6931471805599454
stage:1.6931471805599454
armenian:2.386294361119891
78:1.6931471805599454
year:2.9459101490553135
ago:1.6931471805599454
repli:1.0
distribut:1.0
world:1.0
line:1.0
72:1.6931471805599454
x:1.0
soviet:1.6931471805599454
armenia:1.6931471805599454
reenact:1.0
time:1.6931471805599454
azerbaijan:1.0
stori:2.09861228866811
survivor:1.0
karabag:2.6094379124341005
massacr:2.386294361119891
milliyet:1.0
today:1.6931471805599454
69:1.0
old:2.6094379124341005
hatin:1.0
nine:1.0
tell:1.0
twin:1.0
grandchild:1.0
cut:1.6931471805599454
piec:1.0
front:2.09861228866811
eye:2.791759469228055
told:1.0
kill:1.6931471805599454
babi:1.6931471805599454
die:1.6931471805599454
huseyin:2.09861228866811
ibrahimoglu:1.0
turkish:2.386294361119891
villag:1.6931471805599454
khojalu:1.6931471805599454
town:1.6931471805599454
blown:1.0
two:1.6931471805599454
hour:1.6931471805599454
child:1.0
mercilessli:1.0
said:1.0
turk:1.6931471805599454
must:1.6931471805599454
28:1.0
gulsum:1.6931471805599454
bayonet:2.09861228866811
3:1.6931471805599454
daughter:1.6931471805599454
stomach:1.6931471805599454
lie:1.6931471805599454
wit:1.0
day:1.6931471805599454
dream:1.0
forg:1.0
journalist:2.386294361119891
region:1.0
nonsens:1.0
claim:2.386294361119891
clear:1.0
write:1.0
british:1.6931471805599454
quot:1.0
sunday:1.0
articl:1.0
report:1.6931471805599454
event:1.6931471805599454
even:1.6931471805599454
pictur:1.6931471805599454
peopl:1.0
whose:1.0
goug:1.0
ear:1.0
radio:1.0
say:1.0
exagger:1.0
mean:1.0
someth:1.0
happen:1.0
situat:1.0
bad:1.0
perhap:1.0
destroy:1.0
4:1.0
instead:1.6931471805599454
2:1.0
chest:1.0
clearli:1.0
seen:1.0
dimens:1.0
effect:1.0
environ:1.0
reduc:1.0
word:1.0
western:1.6931471805599454
press:1.0
led:1.0
french:1.6931471805599454
newspap:1.0
abil:1.0
close:1.6931471805599454
noth:1.0
complic:1.0
yesterday:1.6931471805599454
gave:1.0
sampl:1.0
le:1.0
figaro:1.0
print:1.6931471805599454
news:1.0
real:1.0
tv:1.6931471805599454
channel:1.0
consid:1.0
relat:1.0
necess:1.0
protect:1.0
azeri:1.0
attack:1.0
age:1.6931471805599454
live:1.6931471805599454
term:1.0
human:2.386294361119891
right:2.6094379124341005
lot:1.0
organ:1.6931471805599454
unit:1.0
nation:1.0
csce:1.0
confer:1.0
secur:1.0
cooper:2.09861228866811
europ:1.0
rule:1.0
design:1.0
fight:1.0
violat:1.6931471805599454
intern:1.6931471805599454
reaction:1.6931471805599454
made:1.0
support:1.0
everybodi:1.0
everi:1.0
civil:1.0
could:1.0
seriou:1.0
level:1.0
barbar:1.0
cruelti:1.0
intellectu:1.0
writer:1.0
station:1.0
certain:1.0
countri:1.0
franc:1.0
fast:1.0
leadership:1.0
road:1.0
mountain:1.0
pas:1.0
might:1.0
serv:1.0
way:1.0
escap:1.0
proceed:1.0
work:1.0
extermin:1.0
ohanu:1.0
appressian:1.0
1919:1.0
longer:1.0
exist:1.0
singl:1.0
soul:1.0
sahak:1.0
melkonian:1.0
1920:1.0
