adam:2.386294361119891
bellini:1.6931471805599454
berkeley:2.791759469228055
edu:2.09861228866811
l:1.0
schwartz:1.6931471805599454
subject:1.6931471805599454
danni:1.6931471805599454
rubenstein:1.6931471805599454
talk:1.6931471805599454
nntp:1.0
post:1.0
host:1.0
organ:1.0
u:1.6931471805599454
c:1.6931471805599454
erl:1.0
line:1.0
9:1.0
isra:1.0
journalist:1.0
speak:1.6931471805599454
tonight:1.0
wednesday:1.0
7:1.0
30:1.0
pm:1.0
messi:1.0
polit:1.0
israel:1.6931471805599454
hillel:1.0
campu:1.0
sponsor:1.0
action:1.0
committe:1.0
iac:1.0
robot:1.0
