smith:2.09861228866811
minerva:1.0
harvard:2.386294361119891
edu:1.0
steven:1.6931471805599454
subject:1.0
u:1.6931471805599454
holocaust:2.09861228866811
memori:1.6931471805599454
museum:1.6931471805599454
costli:1.6931471805599454
danger:1.6931471805599454
mistak:1.6931471805599454
repli:1.0
dgannon:1.6931471805599454
techbook:2.386294361119891
com:1.6931471805599454
messag:1.0
21:1.0
apr:1.0
1993:1.0
07:1.0
55:1.0
09:1.0
0700:1.0
organ:1.0
appli:1.0
mathemat:1.0
univers:1.6931471805599454
line:1.0
15:1.0
dan:1.0
gannon:1.0
write:1.0
theodor:1.6931471805599454
j:1.6931471805599454
keef:2.09861228866811
revision:1.0
editor:1.0
institut:1.0
histor:1.0
review:1.0
educ:1.6931471805599454
accord:1.0
1990:1.0
alumnus:1.0
directori:1.0
mr:1.0
fail:1.0
graduat:1.0
may:1.0
decid:1.0
inde:1.0
anywher:1.0
