tclock:1.0
orion:1.6931471805599454
oac:1.6931471805599454
uci:2.09861228866811
edu:2.09861228866811
tim:1.6931471805599454
clock:1.6931471805599454
subject:1.0
isra:2.09861228866811
terror:1.0
nntp:1.0
post:1.0
host:1.0
organ:1.0
univers:1.6931471805599454
california:1.6931471805599454
irvin:2.09861228866811
line:1.0
19:1.0
articl:1.0
amos:1.6931471805599454
93apr25163327:1.0
shuldig:1.6931471805599454
c:1.6931471805599454
huji:1.6931471805599454
ac:1.6931471805599454
il:1.6931471805599454
amo:1.6931471805599454
shapira:1.0
write:1.6931471805599454
cy779:1.0
cleveland:1.0
freenet:1.0
ana:1.0
omran:1.0
use:1.0
arrest:1.0
sometim:1.0
kill:1.6931471805599454
neutral:1.6931471805599454
report:1.0
eh:1.0
could:1.0
plea:1.0
give:1.0
detail:1.0
event:1.0
observ:1.0
purpos:1.0
soldier:1.0
actual:1.0
still:1.0
tri:1.0
understand:1.0
self:1.0
justifi:1.0
rational:1.0
behind:1.0
recent:1.0
murder:1.0
ian:1.0
feinberg:1.0
gaza:1.0
ph:1.0
graduat:1.0
student:1.0
tel:1.6931471805599454
714:2.09861228866811
8565361:1.0
depart:1.0
polit:1.0
societi:1.0
fax:1.0
8568441:1.0
home:1.0
8563446:1.0
ca:1.0
92717:1.0
