clamen:2.9459101490553135
c:2.791759469228055
cmu:2.791759469228055
edu:2.791759469228055
stewart:1.6931471805599454
subject:1.0
binyamin:1.0
netanyahu:1.6931471805599454
cnn:1.6931471805599454
tonight:1.0
repli:1.6931471805599454
mkay:1.6931471805599454
world:2.09861228866811
std:2.09861228866811
com:2.09861228866811
messag:1.0
thu:1.0
15:2.09861228866811
apr:1.0
1993:1.0
13:1.0
56:1.0
58:1.0
gmt:1.0
origin:1.0
byron:1.6931471805599454
sp:1.6931471805599454
nntp:1.0
post:1.0
host:1.0
organ:1.0
school:1.6931471805599454
comput:1.6931471805599454
scienc:1.6931471805599454
carnegi:1.6931471805599454
mellon:1.6931471805599454
univers:1.6931471805599454
line:1.0
articl:1.0
c5j2qz:1.0
mne:1.0
martin:1.0
kay:1.0
write:1.0
great:1.0
interview:1.0
benjamin:1.0
larri:1.0
king:1.0
live:1.0
4:1.0
93:1.0
guy:1.0
know:1.0
talk:1.0
trueli:1.0
charismat:1.0
articul:1.0
intellig:1.0
demonstr:1.0
real:1.0
leadership:1.0
qualiti:1.0
agre:1.0
wish:1.0
like:1.0
polit:1.0
tinternet:1.0
tuucp:1.0
uunet:1.0
tphone:1.0
1:1.6931471805599454
412:1.6931471805599454
268:1.0
2145:1.0
5000:1.0
forb:1.0
avenu:1.0
tfax:1.0
681:1.0
5739:1.0
pittsburgh:1.0
pa:1.0
15213:1.0
3891:1.0
usa:1.0
