cosmo:2.386294361119891
pro:2.386294361119891
angmar:2.386294361119891
alfalfa:1.6931471805599454
com:1.6931471805599454
frank:1.0
benson:1.0
subject:1.0
argic:1.0
organ:1.0
utexa:1.6931471805599454
mail:1.0
news:1.0
gateway:1.0
line:1.0
7:1.0
nntp:1.0
post:1.0
host:1.0
c:1.0
edu:1.6931471805599454
brain:1.0
damag:1.0
hate:1.0
0b1fatransf:1.0
cancelledf:1.0
cours:1.0
sick:1.0
bodi:1.0
like:1.0
poison:1.0
matter:1.0
time:1.0
fate:1.0
seal:1.0
prolin:1.0
internet:1.0
uucp:1.0
uunet:1.0
bu:1.0
alphalpha:1.0
