center:1.6931471805599454
polici:2.09861228866811
research:1.6931471805599454
cpr:2.09861228866811
igc:1.0
apc:1.0
org:1.0
subject:1.6931471805599454
assist:3.302585092994046
palest:1.6931471805599454
peopl:3.5649493574615367
nf:1.6931471805599454
id:1.0
n:1.6931471805599454
cdp:1.6931471805599454
1483500359:1.0
000:1.0
3036:1.0
uucp:1.0
apr:1.0
24:1.0
15:1.0
00:1.6931471805599454
1993:1.0
line:1.0
78:1.0
u:1.0
gener:2.791759469228055
assembl:2.09861228866811
resolut:2.386294361119891
46:1.0
201:1.0
20:1.0
decemb:2.09861228866811
1991:1.0
palestinian:3.995732273553991
recal:1.0
45:1.0
183:1.0
21:1.0
1990:1.0
take:2.09861228866811
account:1.6931471805599454
intifadah:1.0
occupi:2.6094379124341005
territori:2.6094379124341005
isra:2.6094379124341005
occup:1.6931471805599454
includ:1.6931471805599454
econom:2.9459101490553135
social:2.6094379124341005
practic:1.0
reject:1.0
restrict:1.6931471805599454
extern:1.0
concern:1.0
loss:1.6931471805599454
result:1.6931471805599454
gulf:1.6931471805599454
crisi:1.6931471805599454
awar:1.0
increas:1.6931471805599454
need:1.0
provid:2.09861228866811
affirm:1.0
develop:2.386294361119891
nation:2.6094379124341005
economi:1.0
long:1.0
persist:1.0
1:1.0
note:1.0
report:1.6931471805599454
secretari:1.6931471805599454
2:1.0
express:1.0
appreci:1.0
state:1.6931471805599454
unit:2.6094379124341005
bodi:1.6931471805599454
intergovernment:1.6931471805599454
non:1.6931471805599454
government:1.6931471805599454
organ:2.09861228866811
3:1.0
request:1.6931471805599454
intern:1.0
commun:1.0
system:1.0
sustain:1.0
close:1.0
cooper:1.0
palestin:1.0
liber:1.0
plo:1.0
4:1.0
call:2.6094379124341005
treatment:1.0
transit:1.0
basi:1.6931471805599454
export:1.6931471805599454
import:1.0
pas:1.0
neighbour:1.0
port:1.0
point:1.0
exit:1.0
entri:1.0
5:1.0
also:1.0
grant:1.0
trade:1.0
concess:1.0
concret:1.0
preferenti:1.0
measur:1.0
certif:1.0
origin:1.0
6:1.0
immedi:1.0
lift:1.0
obstacl:1.0
hinder:1.0
implement:2.09861228866811
project:2.09861228866811
programm:1.0
other:1.0
7:1.0
reiter:1.0
mention:1.0
39:1.0
223:1.0
18:1.0
1984:1.0
8:1.0
facilit:1.0
establish:1.0
bank:1.0
view:1.0
promot:1.0
invest:1.0
product:1.0
employ:1.0
incom:1.0
therein:1.0
9:1.0
47th:1.0
session:1.0
council:1.0
progress:1.0
made:1.0
present:1.0
favour:1.0
137:1.0
countri:1.0
europ:1.0
canada:1.0
australia:1.0
new:1.0
zealand:1.0
japan:1.0
africa:1.0
south:1.0
america:1.6931471805599454
central:1.0
asia:1.0
israel:1.0
abstain:1.0
none:1.0
