pgf5:1.0
cunixb:1.6931471805599454
cc:1.6931471805599454
columbia:2.09861228866811
edu:1.6931471805599454
peter:1.0
garfiel:1.0
freeman:1.0
subject:1.0
absood:1.0
nntp:1.0
post:1.0
host:1.0
organ:1.0
univers:1.0
line:1.0
11:1.0
fellow:1.0
columbian:1.0
must:1.0
ask:1.0
say:1.0
engag:1.0
fantasi:1.0
arafat:1.0
terrorist:1.0
happen:1.0
lot:1.0
pull:1.0
among:1.0
palestinian:1.0
ignor:1.0
two:1.0
fact:1.0
doubt:1.0
peac:1.0
roar:1.6931471805599454
lion:1.0
niceti:1.0
pete:1.0
