pmm7:1.6931471805599454
elli:1.0
uchicago:1.6931471805599454
edu:2.09861228866811
peggi:1.0
boucher:1.0
murphi:1.0
ask:1.0
subject:1.0
u:1.6931471805599454
holocaust:2.09861228866811
memori:1.6931471805599454
museum:1.6931471805599454
costli:1.6931471805599454
danger:1.6931471805599454
mistak:1.6931471805599454
repli:1.0
midway:1.0
organ:1.0
univers:1.6931471805599454
chicago:1.0
line:1.0
21:1.0
articl:1.0
smith:1.6931471805599454
93apr21183049:1.0
minerva:1.0
harvard:2.09861228866811
steven:1.0
write:1.6931471805599454
dgannon:1.0
techbook:1.6931471805599454
com:1.0
dan:1.0
gannon:1.0
theodor:1.6931471805599454
j:1.6931471805599454
keef:2.09861228866811
revision:1.0
editor:1.0
institut:1.0
histor:1.0
review:1.0
educ:1.6931471805599454
accord:1.0
1990:1.0
alumnus:1.0
directori:1.0
mr:1.0
fail:1.0
graduat:1.0
may:1.0
decid:1.0
inde:1.0
anywher:1.0
forgiv:1.0
inaccuraci:1.0
delet:1.0
origin:1.0
post:1.0
person:1.0
wrote:1.0
book:1.0
censur:1.0
canada:1.0
year:1.0
back:1.0
peg:1.0
