anwar:2.09861228866811
c:1.6931471805599454
cmu:1.6931471805599454
edu:1.6931471805599454
moham:1.0
subject:1.6931471805599454
rejoind:1.6931471805599454
question:2.386294361119891
isra:2.09861228866811
nntp:1.0
post:1.0
host:1.0
gs135:1.0
sp:1.0
organ:1.0
school:1.0
comput:1.0
scienc:1.0
carnegi:1.0
mellon:1.0
line:1.0
22:1.0
articl:1.0
1483500353:1.0
igc:1.6931471805599454
apc:1.6931471805599454
org:1.6931471805599454
center:1.6931471805599454
polici:1.6931471805599454
research:1.6931471805599454
cpr:1.6931471805599454
write:1.0
dear:1.0
josh:1.0
appreci:1.0
fact:1.0
sought:1.6931471805599454
answer:2.09861228866811
said:1.0
total:1.0
happi:1.0
1:1.0
fulli:1.0
whether:1.0
id:1.0
card:1.0
identifi:1.6931471805599454
holder:1.0
jew:1.0
arab:1.0
impli:1.0
u:1.0
citizen:1.0
must:1.0
race:1.6931471805599454
true:1.0
tri:1.6931471805599454
mislead:1.6931471805599454
reader:1.0
think:1.0
peopl:1.0
case:1.0
inform:1.0
complet:1.0
voluntari:1.0
censu:1.0
possibl:1.0
except:1.0
