2120788:1.0
hydra:1.6931471805599454
math:1.6931471805599454
unsw:2.09861228866811
edu:3.302585092994046
au:1.6931471805599454
subject:1.0
turkey:2.791759469228055
cypru:1.6931471805599454
bosnia:1.0
serbia:1.0
greec:1.6931471805599454
armenia:1.0
azeri:1.0
nntp:1.0
post:2.09861228866811
host:1.0
organ:1.0
school:1.6931471805599454
mathemat:1.0
line:1.0
101:1.0
articl:2.09861228866811
1993apr16:1.0
085717:1.0
iastat:2.791759469228055
tankut:2.791759469228055
sabri:1.6931471805599454
atan:2.386294361119891
write:1.6931471805599454
1993apr15:1.6931471805599454
174657:1.0
6176:1.0
news:1.0
uiowa:1.6931471805599454
mau:1.6931471805599454
herki:1.0
c:1.0
napoleon:2.09861228866811
092101:1.0
well:1.6931471805599454
pano:1.0
mr:1.0
tamamidi:1.0
way:2.09861228866811
put:1.0
turk:3.1972245773362196
bear:1.0
respons:1.0
thing:2.09861228866811
happen:1.0
today:1.0
hard:1.0
believ:1.0
somebodi:1.0
tri:2.09861228866811
object:1.0
come:2.09861228866811
conflict:1.6931471805599454
like:1.0
countri:1.0
blame:1.0
one:1.6931471805599454
side:2.386294361119891
alway:1.6931471805599454
bad:2.6094379124341005
guy:1.0
anatolia:1.0
ww1:1.0
anyway:1.0
think:2.09861228866811
right:1.0
heard:1.0
mani:1.6931471805599454
say:2.09861228866811
surpis:1.0
read:1.0
rememb:1.6931471805599454
treati:2.09861228866811
sevr:1.6931471805599454
consequ:1.0
axi:1.0
power:1.0
wwi:1.0
intern:1.6931471805599454
law:1.6931471805599454
suppos:1.0
look:1.0
minor:1.6931471805599454
ie:1.0
greek:3.4849066497880004
armenian:1.0
kurd:2.09861228866811
must:1.6931471805599454
relat:1.6931471805599454
improv:1.0
slightli:1.0
time:1.6931471805599454
pose:1.0
threat:1.0
neighbour:1.0
blatantli:1.0
reject:1.0
german:1.6931471805599454
grudgingli:1.0
accept:1.6931471805599454
versail:1.0
million:1.6931471805599454
wors:1.0
health:1.0
pride:1.0
peopl:2.9459101490553135
armi:1.0
british:1.0
french:2.386294361119891
back:1.0
enforc:1.0
possibl:1.0
first:2.09861228866811
exampl:1.0
appeas:1.0
young:1.0
govern:1.6931471805599454
manag:1.0
screw:1.0
laussan:1.0
weak:1.0
alli:1.0
forc:1.0
destroy:1.0
smyrna:1.0
occur:1.0
incid:1.0
warship:1.6931471805599454
harbour:1.0
escap:1.0
swam:1.0
climb:1.0
aboard:1.0
get:1.0
arm:1.0
cut:1.0
claw:1.0
ship:1.0
liberta:1.0
egalita:1.0
fraternata:1.0
coupl:1.0
live:1.0
asia:1.0
1923:1.0
someon:1.0
protect:1.0
u:1.0
start:1.0
aggress:1.0
ither:1.0
suffer:1.0
sad:1.0
still:1.0
compromis:2.09861228866811
action:1.6931471805599454
turkish:2.791759469228055
remov:1.0
visa:1.0
requir:1.0
thought:1.0
posit:1.6931471805599454
attempt:1.0
make:2.386294361119891
better:1.0
invas:1.0
invol:1.0
polit:1.6931471805599454
refus:1.0
12:1.0
mile:1.0
territori:1.0
water:1.0
state:1.0
properti:1.0
konstantinopl:1.0
ownership:1.0
island:1.0
lake:1.0
sorri:1.0
aegean:1.0
mention:1.0
talk:2.09861228866811
educ:1.6931471805599454
never:1.0
met:1.0
know:1.0
person:2.6094379124341005
busi:1.6931471805599454
individu:1.0
hatr:1.6931471805599454
support:2.09861228866811
polici:1.6931471805599454
gover:2.09861228866811
directli:1.0
indirecli:1.0
nation:1.6931471805599454
hate:1.0
pay:1.0
price:1.0
kind:1.6931471805599454
brainwash:1.6931471805599454
go:1.0
would:1.0
treat:1.0
everi:1.0
tell:1.0
histori:1.6931471805599454
book:1.6931471805599454
learn:2.09861228866811
encount:1.0
take:1.0
easi:1.0
achtung:1.6931471805599454
babi:1.6931471805599454
need:1.0
turn:1.0
arab:1.0
slav:1.0
luck:1.0
occup:1.0
murder:1.0
rape:1.0
distruct:1.0
experienc:1.0
hand:1.0
friendli:1.0
prevent:1.0
peac:1.0
world:1.0
answer:1.0
question:1.0
ask:1.0
end:1.0
told:1.0
bullshit:1.0
throughout:1.0
point:1.0
issu:1.6931471805599454
fill:1.6931471805599454
emot:1.0
forget:1.0
worth:1.0
discus:1.0
