melon:1.0
vnet:1.0
ibm:1.6931471805599454
com:1.0
mike:2.09861228866811
magil:1.0
subject:1.6931471805599454
final:1.0
solut:1.0
palestin:1.6931471805599454
line:1.0
89:1.0
k:2.9459101490553135
turn:1.0
drive:1.6931471805599454
jew:3.302585092994046
sea:1.6931471805599454
sick:1.0
tire:1.0
sentanc:1.0
attribut:1.0
islam:2.9459101490553135
movement:2.6094379124341005
plo:2.09861228866811
simpli:1.0
proven:1.0
part:1.0
plan:1.0
may:2.09861228866811
suggest:1.6931471805599454
chech:1.0
palestinian:2.6094379124341005
nation:2.386294361119891
coven:2.6094379124341005
1964:1.6931471805599454
use:2.09861228866811
exact:1.6931471805599454
word:1.6931471805599454
quot:1.0
sure:1.6931471805599454
mani:1.6931471805599454
agre:1.0
messag:1.0
issu:1.6931471805599454
later:1.0
get:2.386294361119891
back:1.6931471805599454
home:1.6931471805599454
tri:1.6931471805599454
find:2.09861228866811
precis:1.0
section:1.0
research:2.09861228866811
hope:1.6931471805599454
also:1.0
realiz:1.0
yasser:1.0
arafat:1.6931471805599454
renounc:1.0
western:1.0
medium:1.6931471805599454
yet:1.0
inform:1.0
pnc:1.0
offici:1.0
enequivoc:1.0
intent:1.0
therefor:1.0
far:2.09861228866811
concern:1.0
still:1.0
stand:1.0
bibl:1.0
speak:1.6931471805599454
mainstream:1.0
pro:1.6931471805599454
isra:1.6931471805599454
activist:1.6931471805599454
repeat:1.0
like:1.0
parrot:1.0
without:1.6931471805599454
check:1.0
authent:1.0
sinc:1.0
coin:1.0
bnai:1.6931471805599454
brith:1.6931471805599454
staunch:1.0
israel:1.6931471805599454
confid:1.0
say:1.6931471805599454
influenc:1.0
opinion:1.6931471805599454
arab:2.09861228866811
conflict:1.0
mention:1.0
littl:1.0
lead:1.0
anyon:1.0
reach:1.0
similar:1.0
conclus:1.6931471805599454
case:1.0
bb:1.0
properli:1.0
peopl:1.6931471805599454
around:1.0
share:1.0
view:1.6931471805599454
hama:1.0
jihad:1.0
believ:1.0
state:2.386294361119891
protect:1.0
right:1.6931471805599454
inhabit:1.6931471805599454
koran:1.0
law:2.386294361119891
would:1.6931471805599454
revers:1.0
1948:2.09861228866811
situat:2.6094379124341005
took:1.0
control:1.0
land:1.0
mostli:1.0
muslim:2.09861228866811
neg:1.0
presum:1.0
jordanian:1.0
occupi:1.0
east:1.0
jerusalem:1.6931471805599454
allow:1.0
go:2.09861228866811
worship:1.0
holiest:1.0
site:1.0
judiasm:1.0
exampl:1.0
qu:2.9459101490553135
ranic:1.6931471805599454
exercis:1.0
anoth:1.0
read:2.09861228866811
soc:1.0
cultur:1.0
newsgroup:1.0
poster:1.0
debat:1.6931471805599454
topic:1.0
ran:2.6094379124341005
remind:1.0
appear:1.0
devout:1.0
knowledg:1.0
realli:1.0
posit:1.0
put:1.0
lightli:1.0
think:2.6094379124341005
non:1.6931471805599454
religion:1.6931471805599454
treat:1.6931471805599454
govern:1.0
1967:1.0
return:1.0
best:1.0
howev:1.0
whoever:1.0
commit:1.0
crime:1.0
human:1.0
tortur:1.0
blow:1.0
murder:1.0
must:1.0
war:1.6931471805599454
crimin:1.0
polit:1.6931471805599454
thought:1.0
show:1.0
freedom:1.6931471805599454
choic:2.09861228866811
given:1.0
live:1.0
new:1.0
leav:1.0
destint:1.0
see:1.0
c:1.0
definit:1.0
option:1.0
especi:1.0
woman:1.6931471805599454
rememb:1.0
gulf:1.0
saw:1.0
report:1.0
saudi:1.0
arabia:1.0
loss:1.0
explain:1.0
insid:1.0
mind:1.0
probabl:1.0
noth:1.0
asid:1.0
break:1.0
news:1.0
brother:1.0
null:1.0
void:1.0
assassin:1.0
although:1.0
seem:1.0
fetch:1.0
act:1.0
true:1.0
super:1.0
power:1.0
region:1.0
weapon:1.0
establish:1.0
ahm:1.0
librari:1.6931471805599454
care:1.0
way:1.0
redpath:1.0
stock:1.0
exactli:1.0
found:1.0
enjoy:1.0
hear:1.0
soon:1.0
mi:1.0
ke:1.0
mik:1.0
emik:1.0
emi:1.0
express:1.0
e:2.386294361119891
mikem:1.0
kem:1.0
big:1.0
blue:1.0
ike:1.6931471805599454
corp:1.0
toronto:1.0
canada:1.0
