adam:2.6094379124341005
endor:1.0
uucp:1.0
shostack:1.6931471805599454
subject:1.0
israel:1.6931471805599454
expans:1.0
ii:1.0
organ:1.6931471805599454
divis:1.0
appli:1.0
scienc:1.0
harvard:2.09861228866811
univers:1.6931471805599454
line:1.0
35:1.0
aiken:1.0
comput:1.0
lab:1.0
keyword:1.0
articl:1.0
93111:1.0
225707pp3903a:1.0
auvm:1.6931471805599454
american:1.6931471805599454
edu:2.09861228866811
paul:1.0
h:1.0
pimentel:1.0
pp3903a:1.0
write:1.0
give:1.0
isreal:1.0
right:2.09861228866811
keep:1.6931471805599454
jeruseleum:1.0
home:1.6931471805599454
muslim:1.6931471805599454
well:1.0
jewish:1.6931471805599454
religion:1.6931471805599454
among:1.0
other:1.0
tisrael:1.6931471805599454
jerusalem:2.791759469228055
mani:1.0
reason:1.0
includ:1.6931471805599454
fact:1.6931471805599454
major:1.0
citizen:1.0
isra:1.6931471805599454
maintain:1.0
religi:1.6931471805599454
freedom:1.0
peopl:1.0
histor:1.0
connect:1.0
judaism:1.0
twhen:1.0
devid:1.0
jordanian:1.6931471805599454
invas:1.0
1948:1.0
ceas:1.6931471805599454
fire:1.6931471805599454
agreement:1.6931471805599454
individu:1.6931471805599454
visit:1.6931471805599454
shrine:1.0
violat:1.0
jordan:1.0
allow:2.09861228866811
jew:1.6931471805599454
holi:2.09861228866811
site:2.09861228866811
control:1.6931471805599454
also:1.0
bulldoz:1.0
everi:1.0
synagog:1.0
citi:1.6931471805599454
turn:1.0
cemetari:1.0
hotel:1.0
use:1.0
graveston:1.0
latrin:1.0
protect:1.0
demonstr:1.0
fit:1.0
talso:1.0
point:1.0
islam:1.6931471805599454
center:1.0
mecca:1.6931471805599454
make:1.0
pilgramag:1.0
hajj:1.0
unlik:1.0
christian:1.0
saudi:1.0
da:1.0
budget:1.0
big:1.0
enough:1.0
drug:1.0
sexual:1.0
favor:1.0
sure:1.0
wast:1.0
member:1.0
congress:1.0
john:1.0
perri:1.0
barlow:1.0
