hm:1.0
c:1.0
brown:1.6931471805599454
edu:2.386294361119891
harri:1.0
mamayski:1.0
subject:1.0
happi:1.6931471805599454
birthday:1.6931471805599454
israel:1.6931471805599454
repli:1.0
eshneken:1.6931471805599454
ux4:1.6931471805599454
cso:2.09861228866811
uiuc:2.09861228866811
messag:1.0
mon:1.0
26:1.0
apr:1.0
1993:1.0
17:1.0
57:1.0
50:1.0
gmt:1.0
organ:1.0
dept:1.0
comput:1.0
scienc:1.0
univers:1.0
line:1.0
6:1.0
articl:1.0
c63r8f:1.0
76:1.0
news:1.0
edward:1.0
shnekendorf:1.0
write:1.0
45th:1.0
may:1.0
neighbor:1.0
know:1.0
peac:1.0
even:1.0
see:1.0
46:1.0
