mark:2.09861228866811
fenri:1.0
albani:1.6931471805599454
edu:1.0
steinberg:1.0
subject:1.0
adl:1.6931471805599454
spi:1.0
case:1.0
organ:1.0
state:1.0
univers:1.0
new:1.0
york:1.0
line:1.0
6:1.0
think:1.0
yigal:1.0
friend:1.0
much:1.0
fun:1.0
year:1.0
ever:1.0
get:1.0
busi:1.0
public:1.0
like:1.0
gener:1.0
speaker:1.0
fee:1.0
