francesca:1.0
benson:1.0
fourd:1.6931471805599454
com:1.6931471805599454
subject:1.0
argic:1.0
organ:1.0
4th:1.0
dimens:1.0
bb:1.0
line:1.0
7:1.0
nntp:1.0
post:1.0
host:1.0
c:1.0
utexa:1.0
edu:1.0
one:1.0
word:1.0
loser:1.0
system:1.0
phone:1.0
617:1.0
494:1.0
0565:1.0
cute:1.0
quot:1.0
comput:1.0
mean:1.0
never:1.0
say:1.0
sorri:1.0
