jake:2.386294361119891
bony1:1.6931471805599454
boni:1.6931471805599454
com:1.6931471805599454
livni:1.6931471805599454
subject:1.0
unconvent:1.6931471805599454
peac:2.386294361119891
propos:2.6094379124341005
organ:1.6931471805599454
depart:1.6931471805599454
redund:1.0
line:1.0
85:1.0
articl:1.0
1483500348:1.0
igc:1.6931471805599454
apc:1.6931471805599454
org:1.6931471805599454
cpr:1.6931471805599454
center:2.09861228866811
polici:2.09861228866811
research:2.09861228866811
write:1.0
middl:2.09861228866811
east:1.6931471805599454
elia:1.0
davidsson:1.0
stupid:1.0
post:1.6931471805599454
brought:1.0
recent:1.0
illumin:1.0
chose:1.0
put:1.0
name:1.0
perhap:1.0
stupidest:1.0
follow:1.6931471805599454
base:1.0
assumpt:1.6931471805599454
1:1.6931471805599454
fundament:1.0
human:2.6094379124341005
right:2.9459101490553135
life:1.0
educ:1.0
establish:1.6931471805599454
famili:1.0
child:2.9459101490553135
digniti:1.0
free:1.6931471805599454
movement:1.0
express:1.0
etc:1.0
import:1.0
exist:1.6931471805599454
state:2.386294361119891
mean:2.6094379124341005
call:1.0
dismantl:1.0
arab:2.6094379124341005
2:1.0
event:1.0
conflict:2.6094379124341005
basic:1.6931471805599454
collect:1.0
prevail:1.0
appar:1.0
answer:1.0
ye:1.0
6:1.6931471805599454
attempt:2.09861228866811
solv:1.6931471805599454
isra:2.386294361119891
tradit:2.09861228866811
polit:1.0
fail:2.09861228866811
problem:1.0
militari:1.0
non:1.0
terrorist:1.0
also:1.6931471805599454
stop:1.0
tri:1.0
holi:1.0
war:1.0
know:1.0
7:1.0
long:1.0
perceiv:1.0
two:1.0
distinct:1.0
ethnic:1.6931471805599454
religi:1.0
commun:1.0
peopl:1.6931471805599454
claim:1.0
land:1.0
solut:2.09861228866811
possibl:1.6931471805599454
encourag:1.0
get:1.0
even:1.0
funnier:1.0
fund:2.09861228866811
would:2.6094379124341005
disburs:1.0
grant:2.09861228866811
born:1.0
coupl:1.0
one:1.6931471805599454
partner:1.0
jew:1.0
palestinian:1.0
3:1.0
first:1.0
amount:1.6931471805599454
18:1.0
000:2.09861228866811
second:1.0
third:1.0
12:1.0
subsequ:1.0
4:1.0
financ:1.6931471805599454
varieti:1.0
sourc:1.0
shown:1.0
interest:1.0
promot:1.0
major:1.0
5:1.0
emerg:1.6931471805599454
consider:1.0
number:1.0
mix:1.6931471805599454
marriag:1.6931471805599454
israel:1.0
palestin:1.0
rel:1.0
side:1.0
divid:1.0
make:1.0
lose:1.0
unsolubl:1.0
core:1.0
strengthen:1.6931471805599454
truli:1.0
civil:1.0
societi:2.09861228866811
yeah:1.0
like:1.6931471805599454
among:1.0
strong:1.0
stock:1.0
help:1.0
integr:1.0
grace:1.6931471805599454
manner:1.0
world:1.0
could:1.0
bit:1.0
le:1.0
eastern:1.0
object:1.0
certainli:1.0
voic:1.0
identifi:1.0
boy:1.0
man:1.0
band:1.0
listen:1.0
followup:1.0
debat:1.0
tell:1.0
u:1.0
leav:1.0
alon:1.0
ten:1.0
year:1.0
georg:1.0
bush:1.0
american:1.0
occupi:1.0
new:1.0
york:1.0
replac:1.0
jimmi:1.0
carter:1.0
opinion:1.6931471805599454
employ:1.0
standard:1.0
presid:1.0
