mack:2.09861228866811
isl:1.0
stanford:1.6931471805599454
edu:1.0
subject:1.0
news:1.0
brief:1.0
kh:1.0
1026:1.6931471805599454
organ:1.0
univers:1.0
line:1.0
19:1.0
farzin:2.09861228866811
apollo3:1.0
ntt:1.0
jp:1.0
mokhtarian:1.6931471805599454
write:1.0
kayhan:1.0
havai:1.0
dr:1.0
malekzadeh:1.0
minist:1.0
health:1.0
mention:1.0
popul:1.6931471805599454
growth:1.6931471805599454
rate:1.6931471805599454
iran:1.0
end:1.6931471805599454
1371:1.6931471805599454
went:1.0
2:1.0
7:1.0
know:1.0
noth:1.0
statist:1.0
signific:1.0
rel:1.0
small:1.6931471805599454
sampl:1.0
period:1.0
adequet:1.0
suggest:1.0
trend:1.0
nois:1.0
