xor:2.09861228866811
clotho:1.6931471805599454
acm:2.386294361119891
rpi:2.6094379124341005
edu:2.386294361119891
joe:1.6931471805599454
schwartz:1.6931471805599454
subject:1.0
nutek:2.6094379124341005
face:1.0
appl:3.1972245773362196
wrath:1.0
articl:2.09861228866811
read:1.6931471805599454
j3g5bwq:1.0
organ:1.0
mapinfo:2.09861228866811
corpor:1.6931471805599454
troy:1.6931471805599454
ny:1.6931471805599454
line:1.0
28:1.0
nntp:1.0
post:1.0
host:1.0
davea:1.6931471805599454
120493231310:1.0
129:1.0
228:1.0
20:1.0
182:1.0
xetron:1.0
com:1.0
david:1.0
p:1.0
alverson:1.0
write:1.0
believ:1.6931471805599454
patent:2.9459101490553135
region:3.0794415416798357
featur:1.0
quickdraw:1.0
mac:2.386294361119891
clone:2.386294361119891
would:2.09861228866811
implement:1.6931471805599454
comment:1.0
possibl:1.0
make:1.0
without:1.0
infring:1.0
may:1.0
like:1.0
presum:1.0
includ:1.0
intern:2.09861228866811
data:2.386294361119891
structur:2.386294361119891
never:1.0
offici:1.0
document:1.0
concept:1.0
guess:1.0
either:1.0
revers:1.0
engin:1.0
dunno:1.0
hold:1.0
court:1.0
came:1.0
latter:1.0
abl:1.0
draw:1.0
pict:1.6931471805599454
file:1.6931471805599454
contain:1.0
besid:1.0
mani:1.0
place:1.0
store:1.6931471805599454
disk:1.6931471805599454
quicktim:1.0
movi:1.0
perhap:1.0
long:1.0
transfer:1.0
vice:1.0
versa:1.0
matter:1.0
use:1.0
complet:1.0
differ:1.0
rememb:1.0
also:1.0
adb:1.6931471805599454
hardwar:1.0
therefor:1.0
lack:1.0
port:1.0
e:1.0
mail:1.0
corp:1.0
200:1.0
broadway:1.0
opinion:1.6931471805599454
similar:1.0
12180:1.0
pure:1.0
coincident:1.0
