pkr:1.6931471805599454
slacvm:1.0
slac:1.6931471805599454
stanford:1.0
edu:1.0
patrick:1.0
krejcik:1.0
subject:1.0
file:1.6931471805599454
server:1.6931471805599454
mac:1.6931471805599454
articl:1.6931471805599454
pkrmac:1.0
050493101102:1.0
organ:1.0
line:1.6931471805599454
3:1.0
saw:1.0
new:1.0
configur:1.0
work:1.0
optim:1.0
anyon:1.0
know:1.0
detail:1.0
