winstead:1.6931471805599454
faraday:1.0
ece:1.0
cmu:1.0
edu:1.0
charl:1.0
holden:1.0
subject:1.0
ftp:1.6931471805599454
site:1.0
radiu:2.09861228866811
softwar:1.6931471805599454
organ:1.0
electr:1.0
comput:1.0
engin:1.0
carnegi:1.0
mellon:1.0
hey:1.0
anyon:1.0
know:1.0
get:1.0
newest:1.0
version:1.6931471805599454
radiuswar:1.0
soft:1.0
pivot:1.6931471805599454
bought:1.0
monitor:1.0
old:1.0
work:1.0
c650:1.0
said:1.0
would:1.0
4:1.0
5:1.0
week:1.0
deliveri:1.0
thank:1.0
chuck:1.0
