scot:2.386294361119891
jlc:1.6931471805599454
mv:1.6931471805599454
com:1.6931471805599454
salmon:1.6931471805599454
subject:1.0
nutek:2.09861228866811
email:1.6931471805599454
organ:1.0
john:1.0
lesli:1.0
consult:1.0
milford:1.0
nh:1.0
line:1.0
9:1.0
anyon:1.0
address:1.0
good:1.0
thing:1.0
book:1.0
robert:1.0
heinlein:1.0
music:1.0
enya:1.0
comput:1.0
appl:1.0
humor:1.0
dave:1.0
barri:1.0
thursday:1.0
night:1.0
nbc:1.0
scotland:1.0
