dale:2.09861228866811
adam:2.09861228866811
gateway:1.0
qm:1.0
appl:2.09861228866811
com:2.09861228866811
subject:1.0
q800:2.386294361119891
video:1.6931471805599454
ram:1.0
question:1.0
distribut:1.0
na:1.0
organ:1.6931471805599454
comput:1.6931471805599454
inc:1.6931471805599454
cupertino:1.0
ca:1.0
line:1.0
45:1.0
articl:1.0
1993apr5:1.0
192833:1.0
19102:1.0
cbnew:1.6931471805599454
cb:1.6931471805599454
att:1.6931471805599454
jbr0:1.0
joseph:1.0
brownle:1.0
write:1.0
could:1.0
someon:1.0
post:1.0
definit:1.0
answer:1.0
vram:2.9459101490553135
configur:1.0
presum:1.0
c610:1.6931471805599454
c650:1.6931471805599454
well:1.0
seem:1.0
lot:1.0
confus:1.0
issu:1.0
like:1.0
know:1.0
kind:1.0
simm:3.0794415416798357
e:1.6931471805599454
30:1.0
pin:1.0
etc:1.6931471805599454
one:2.09861228866811
physic:1.0
size:2.386294361119891
unlik:1.0
dram:1.0
come:1.6931471805599454
mani:2.386294361119891
pinout:1.0
although:1.0
differ:1.0
amount:1.0
need:1.0
256kb:1.0
128k:1.6931471805599454
x:1.6931471805599454
16:1.0
two:1.6931471805599454
8:1.0
chip:1.6931471805599454
quadra:1.6931471805599454
centri:1.6931471805599454
machin:1.0
use:1.0
slot:2.386294361119891
rule:1.0
must:2.386294361119891
follow:1.0
fill:1.6931471805599454
g:1.0
pair:1.0
match:1.0
put:1.0
noth:1.0
fast:1.0
80:1.0
n:1.6931471805599454
100:1.0
relev:1.0
inform:1.6931471805599454
certain:1.0
manufactur:1.0
whose:1.0
part:1.0
compat:1.0
hardwar:1.0
make:1.0
sure:1.0
sourc:1.0
get:1.0
guarante:1.0
compatibl:1.0
gener:1.0
work:1.6931471805599454
q950:1.0
plea:1.0
repli:1.0
unless:1.0
correct:1.0
thank:1.0
advanc:1.0
help:1.0
elimin:1.0
nois:1.0
group:1.0
trust:1.0
