mark:2.791759469228055
bilpin:2.09861228866811
co:2.6094379124341005
uk:2.6094379124341005
allerton:2.09861228866811
subject:1.0
sale:1.6931471805599454
macintosh:1.6931471805599454
se:2.09861228866811
30:2.386294361119891
organ:1.0
srl:1.6931471805599454
data:1.6931471805599454
line:1.0
26:1.0
x:1.0
userag:1.0
nuntiu:1.0
v1:1.0
1:1.6931471805599454
appl:1.6931471805599454
8mb:1.0
ram:1.0
80mb:1.0
hd:1.0
system:1.0
7:1.0
instal:1.0
rasterop:1.0
264:1.0
24:1.0
bit:1.0
video:1.0
card:1.0
13:1.0
monitor:1.0
targu:1.0
carri:1.0
case:1.0
offer:1.0
region:1.0
1250:1.0
pound:1.0
north:1.0
london:1.0
area:1.0
contact:1.0
e:1.0
mail:1.0
pascal:1.6931471805599454
cix:1.6931471805599454
compulink:1.6931471805599454
phone:1.0
081:1.0
341:1.0
6400:1.0
even:1.0
weekend:1.0
071:1.0
267:1.0
2561:1.0
offic:1.0
hour:1.0
