cmmiller:1.6931471805599454
iastat:1.6931471805599454
edu:1.6931471805599454
c:1.0
miller:1.0
subject:1.0
result:2.09861228866811
mathematica:2.386294361119891
speed:1.6931471805599454
test:2.09861228866811
organ:1.0
iowa:1.0
state:1.0
univers:1.0
ame:1.0
ia:1.0
line:1.6931471805599454
84:1.0
well:2.09861228866811
post:1.6931471805599454
newsgroup:1.0
follow:1.0
command:1.6931471805599454
plot3d:1.0
2:3.772588722239781
9000:1.6931471805599454
3:2.791759469228055
1416:2.09861228866811
x:2.386294361119891
5000:1.6931471805599454
8000:1.0
81000000:1.6931471805599454
1:3.6390573296152584
5:2.386294361119891
10000:1.6931471805599454
1000:1.0
4:1.0
2000:1.0
7000:1.0
4000000:1.0
5500:1.6931471805599454
19500:1.6931471805599454
plotpoint:1.0
50:1.0
curiou:1.6931471805599454
fast:1.6931471805599454
plot:1.0
would:1.6931471805599454
execut:1.0
variou:1.0
macintosh:1.0
machin:2.6094379124341005
person:1.0
comput:1.0
workstat:1.0
tsystem:1.0
tmath:1.6931471805599454
ver:1.0
trial:1.0
ttime:1.0
min:1.0
pb:1.0
170:1.0
t7:2.386294361119891
0:2.386294361119891
t2:3.0794415416798357
08:1.0
ttuneup:1.0
8mb:2.09861228866811
tram:1.0
5mb:1.6931471805599454
tmathematica:1.0
dec:1.0
tultrix:1.0
v4:1.0
2a:1.0
t1:3.0794415416798357
t0:2.791759469228055
25:1.6931471805599454
tdec:1.0
risc:1.6931471805599454
iisi:2.386294361119891
cach:1.6931471805599454
96mb:1.0
2f33enh:1.0
t4:1.0
30:1.0
t25mhz:1.0
ram:2.791759469228055
t3mb:1.0
math:1.6931471805599454
tw:2.09861228866811
68882:1.6931471805599454
c650:1.0
32:1.0
q800:1.0
t8mb:1.0
384:1.0
01:1.6931471805599454
t4mb:1.0
sparc:1.6931471805599454
tsunos4:1.6931471805599454
14:1.0
station:1.0
t40mb:1.0
sgi:1.6931471805599454
iri:1.0
4d:1.0
tr3000:1.0
tprocessor:1.0
tversion:1.0
26:1.0
station2:1.0
t3:1.6931471805599454
15:1.6931471805599454
next:2.09861228866811
tnextstep:1.6931471805599454
38:1.0
cube:1.6931471805599454
t68030:1.0
base:1.0
coprocessor:1.0
t5:1.0
ave:1.0
52:1.0
t68040:1.0
25mhz:1.0
t20:1.0
mb:1.0
t17mb:1.0
102:1.0
enha:1.0
t16mb:1.0
37:1.0
t25:1.0
mhz:1.6931471805599454
040:1.0
tworkspac:1.0
tmanag:1.0
funni:1.0
run:1.0
slower:1.6931471805599454
equival:1.0
lot:1.6931471805599454
fact:1.6931471805599454
perhap:1.0
version:1.0
make:1.0
differ:1.6931471805599454
much:1.0
alloc:1.0
anoth:1.0
interest:1.0
thing:1.0
wow:1.0
basic:1.0
though:1.0
draw:1.0
conclus:1.0
data:1.0
seem:1.0
depend:1.0
variabl:1.0
measur:1.0
question:1.0
forgot:1.0
someth:1.0
drop:1.0
chad:1.0
p:1.0
space:1.0
tabl:1.0
come:1.0
right:1.0
tell:1.0
mail:1.0
copi:1.0
binhex:1.0
word:1.0
document:1.0
