f2ehg786:1.6931471805599454
umiami:1.6931471805599454
ir:2.09861228866811
miami:2.09861228866811
edu:1.6931471805599454
subject:1.0
disappoint:1.6931471805599454
la:3.4849066497880004
cie:3.4849066497880004
organ:1.0
univ:1.0
line:1.0
52:1.0
approxim:1.0
four:1.6931471805599454
month:2.386294361119891
ago:1.0
purchas:2.386294361119891
quantum:1.0
240lp:1.0
hd:1.6931471805599454
649:1.0
two:1.6931471805599454
drive:3.5649493574615367
start:1.0
problem:2.09861228866811
first:1.6931471805599454
intermitt:1.0
freez:1.0
corrupt:1.0
file:1.0
resourc:1.0
silverlin:2.09861228866811
5:1.6931471805599454
41:1.0
even:2.09861228866811
recogn:1.6931471805599454
got:1.0
rma:1.6931471805599454
exchang:1.0
new:2.386294361119891
recondit:2.386294361119891
one:2.386294361119891
well:1.0
pas:1.0
second:1.6931471805599454
often:1.0
boot:1.6931471805599454
iisi:1.6931471805599454
get:1.6931471805599454
flash:1.0
question:1.0
mark:1.0
sometim:2.09861228866811
insert:1.0
42:1.0
program:1.0
make:1.6931471805599454
scan:1.0
point:1.0
restart:1.0
call:1.0
given:1.6931471805599454
anoth:1.6931471805599454
tech:1.0
support:1.6931471805599454
peopl:1.0
tell:1.0
see:1.0
definit:1.0
hardwar:2.386294361119891
bad:2.386294361119891
ask:2.09861228866811
send:2.09861228866811
said:1.6931471805599454
also:1.0
within:1.0
three:1.6931471805599454
week:1.6931471805599454
origin:1.0
drop:1.0
price:2.6094379124341005
100:1.0
accept:1.0
may:1.0
know:1.6931471805599454
vendor:1.0
practic:1.0
replac:1.6931471805599454
repair:1.0
understand:1.0
natur:1.0
comput:1.0
industri:1.0
lend:1.0
sudden:1.0
fluctuat:1.0
nevertheless:1.0
taken:1.0
togeth:1.0
converg:1.0
fact:1.0
event:1.0
left:1.0
tast:1.0
mouth:1.0
ad:1.0
transfer:1.0
content:1.0
current:1.0
think:1.0
data:1.6931471805599454
still:1.6931471805599454
good:2.09861228866811
shape:1.0
reinstal:1.0
everyth:1.0
floppi:1.0
would:1.6931471805599454
cost:1.0
250:1.0
recoveri:1.0
seem:1.0
sold:1.0
discount:1.0
gone:1.0
cover:1.0
90:1.0
day:1.0
warranti:1.0
feel:1.0
littl:1.6931471805599454
helpless:1.0
mean:1.0
necessarili:1.0
flame:1.0
staff:1.0
alway:1.0
friendli:1.0
help:1.0
c:1.0
mon:1.0
extra:1.0
custom:1.6931471805599454
servic:2.09861228866811
goe:1.0
long:1.0
way:1.6931471805599454
sent:1.0
letter:1.0
return:1.0
credit:1.6931471805599454
differ:1.0
sinc:1.0
slash:1.0
told:1.0
like:1.6931471805599454
appli:1.0
toward:1.0
product:2.09861228866811
courtesi:1.0
repli:1.0
moral:1.0
stori:1.0
sure:1.0
buy:1.0
futur:1.6931471805599454
bill:1.0
krauthamm:1.0
p:1.0
plea:1.0
email:1.0
post:1.0
suggest:1.0
compani:1.0
anyth:1.0
say:1.0
experi:1.0
take:1.0
busi:1.0
elsewher:1.0
