chairman:1.6931471805599454
staff:1.6931471805599454
tc:1.6931471805599454
umn:2.386294361119891
edu:2.386294361119891
gene:2.09861228866811
naftulyev:1.6931471805599454
subject:1.0
sale:2.386294361119891
ethernet:1.0
board:1.0
24:1.6931471805599454
bit:1.6931471805599454
supermac:1.6931471805599454
combo:1.0
articl:1.0
news2:1.0
c51oh4:1.0
42i:1.0
organ:1.0
u:1.0
line:1.0
26:1.0
x:2.386294361119891
xxmessag:1.0
id:1.0
a7e6634e48016506:1.0
dialup:1.6931471805599454
slip:1.6931471805599454
1:2.791759469228055
6:1.6931471805599454
gw:1.6931471805599454
xxdate:1.0
mon:1.0
5:1.6931471805599454
apr:1.0
93:1.0
04:1.0
29:1.0
34:1.0
gmt:1.0
nntp:1.0
post:1.0
host:1.0
userag:1.0
nuntiu:1.0
v1:1.0
1d17:1.0
stuff:1.0
new:1.0
price:2.386294361119891
follow:1.0
item:2.09861228866811
qti:1.0
descript:1.0
list:1.0
colorlink:1.0
sx:1.0
nubu:1.6931471805599454
10base:1.0
750:1.0
00:2.791759469228055
549:1.0
card:1.6931471805599454
primo:1.0
sell:1.0
675:1.6931471805599454
mailord:1.0
suport:1.0
monitor:1.0
19:1.0
28:1.6931471805599454
virtual:1.0
desktop:1.0
acceler:1.0
hardwar:1.6931471805599454
pan:1.0
etc:1.0
quick:1.0
includ:1.6931471805599454
free:1.0
2nd:1.0
day:1.0
air:1.0
seagat:1.0
st1480:1.0
430:1.0
meg:1.0
3:1.0
hd:1.0
2:1.0
mo:1.0
old:1.0
989:1.0
note:1.0
normal:1.0
work:1.0
order:1.0
ship:1.6931471805599454
cod:1.0
usa:1.0
pre:1.0
paid:1.0
anywher:1.0
sold:1.0
iisi:1.0
adapt:1.0
fpu:1.0
189:1.0
115:1.0
plea:1.0
contact:1.0
call:1.0
612:1.0
942:1.0
0134:1.0
