d2cheng:1.6931471805599454
undergrad:1.0
math:1.0
uwaterloo:1.6931471805599454
ca:1.6931471805599454
domin:1.6931471805599454
cheng:1.6931471805599454
subject:1.0
centri:1.6931471805599454
cach:1.0
bernoulli:1.0
box:1.0
organ:1.0
univers:1.6931471805599454
waterloo:1.6931471805599454
line:1.0
7:1.0
need:1.0
driver:1.0
ver:1.0
3:1.0
5:1.0
2:1.0
work:1.0
quadra:1.0
download:1.0
iomega:1.0
bb:1.0
1:1.0
801:1.0
778:1.0
4400:1.0
descart:1.0
comput:1.0
scienc:1.0
ontario:1.0
canada:1.0
