mel:1.0
shear:1.0
maccomw:1.6931471805599454
uucp:1.6931471805599454
subject:1.0
adapt:3.0794415416798357
cabl:2.791759469228055
vga:3.70805020110221
monitor:3.302585092994046
line:1.0
51:1.0
anyon:1.0
know:1.0
make:2.09861228866811
wire:1.0
accord:1.0
appl:1.6931471805599454
spec:1.6931471805599454
forc:1.0
extern:1.0
output:2.09861228866811
lc:3.4849066497880004
powerbook:1.6931471805599454
160:1.0
180:1.0
duo:1.6931471805599454
230:1.0
true:1.0
style:1.0
signal:3.0794415416798357
nec:1.0
sinc:1.0
multisync:1.0
rout:1.0
correct:1.6931471805599454
pinout:1.6931471805599454
switch:1.0
mac:1.6931471805599454
mode:1.0
one:1.6931471805599454
someon:1.0
alreadi:1.0
made:1.0
follow:1.6931471805599454
cpu:1.0
assum:1.0
work:1.6931471805599454
macintosh:3.302585092994046
suppli:1.6931471805599454
640:1.0
x:1.0
480:1.0
time:1.0
use:1.6931471805599454
standard:1.0
support:2.09861228866811
16:1.0
color:1.6931471805599454
option:1.0
512k:1.0
vram:1.0
simm:1.0
256:1.0
note:1.0
capabl:1.0
drive:1.0
ttl:1.0
level:1.0
input:1.6931471805599454
howev:1.0
low:1.0
imped:1.0
connect:1.0
need:1.0
video:2.9459101490553135
connector:2.386294361119891
descript:1.0
pin:2.6094379124341005
name:1.0
1:1.6931471805599454
6:1.6931471805599454
red:1.6931471805599454
ground:2.6094379124341005
2:1.6931471805599454
5:1.0
green:1.6931471805599454
7:2.386294361119891
9:1.0
3:1.0
blue:1.6931471805599454
13:1.6931471805599454
8:1.0
15:1.0
hsync:1.6931471805599454
12:1.0
14:1.6931471805599454
vsync:1.0
10:2.386294361119891
nc:1.0
sense1:1.0
sense2:1.0
tie:1.0
togeth:1.0
identifi:1.0
short:1.0
result:1.0
pull:1.0
give:1.0
id:1.0
messag:1.0
creat:1.0
mcw:1.0
bb:1.0
jointli:1.0
new:1.0
orlean:1.0
user:2.09861228866811
group:1.6931471805599454
nation:1.0
home:1.0
school:1.0
view:1.0
express:1.0
post:1.0
individu:1.0
author:1.0
