ab220:2.09861228866811
freenet:2.386294361119891
carleton:2.09861228866811
ca:2.09861228866811
michel:2.09861228866811
dozoi:2.09861228866811
subject:1.0
powerbook:2.09861228866811
batteri:2.386294361119891
repli:1.0
organ:1.0
nation:1.6931471805599454
capit:1.6931471805599454
line:1.0
20:1.0
previou:1.0
articl:1.0
gil:1.6931471805599454
cc:1.0
gatech:1.0
edu:1.0
neiger:1.0
say:1.0
question:1.0
specif:1.0
nicad:1.0
pb170:1.0
2:1.0
run:1.0
without:1.0
charger:1.0
plug:1.0
problem:1.0
gloucest:1.0
ontario:1.0
canada:1.0
membr:2.09861228866811
du:2.09861228866811
club:1.6931471805599454
de:1.6931471805599454
cerf:1.0
volant:1.0
l:1.0
outaouai:1.0
ovkc:1.0
macintosh:1.6931471805599454
ncmc:1.0
jungl:1.0
bb:1.0
un:1.0
babillard:1.0
