glenn:2.09861228866811
network:2.09861228866811
ucsd:1.6931471805599454
edu:1.6931471805599454
sueyoshi:1.0
subject:1.0
laserwrit:2.09861228866811
pro:2.09861228866811
600:2.386294361119891
memori:2.386294361119891
upgrad:2.791759469228055
4:2.386294361119891
8:1.0
summari:1.0
appl:2.6094379124341005
dealer:2.09861228866811
provid:2.09861228866811
free:1.0
keyword:1.0
printer:1.0
articl:1.0
1ps4a8:1.0
oi3:1.0
distribut:1.0
world:1.0
organ:1.0
univers:1.0
california:1.0
san:1.0
diego:1.0
line:1.0
25:1.0
nntp:1.0
post:1.0
host:1.0
got:1.6931471805599454
offici:1.0
word:1.0
phone:1.6931471805599454
quit:1.0
friendli:1.0
donna:1.0
rossi:1.0
custom:2.09861228866811
assist:1.6931471805599454
tell:1.0
purchas:1.6931471805599454
megabyt:1.0
300dpi:1.6931471805599454
greyscal:1.6931471805599454
configur:1.6931471805599454
contact:1.0
origin:1.6931471805599454
suppos:1.0
meg:1.6931471805599454
know:1.0
extra:1.0
allow:1.0
print:1.0
600dpi:1.0
question:1.0
direct:1.0
hardwar:1.0
support:1.0
number:2.09861228866811
1:1.0
800:1.0
776:1.0
2333:1.0
408:1.0
996:1.0
1010:1.0
corpor:1.0
regard:1.0
p:1.0
person:1.0
annoy:1.0
school:1.0
bookstor:1.0
realli:1.0
oblig:1.0
inform:1.0
record:1.0
ask:1.0
thing:1.0
like:1.0
get:1.0
complet:1.0
go:1.0
write:1.0
complain:1.0
