jap10:2.09861228866811
po:2.09861228866811
cwru:2.386294361119891
edu:2.386294361119891
joseph:1.0
pellettier:1.0
subject:1.0
sigma:1.6931471805599454
design:1.6931471805599454
doubl:1.0
articl:1.0
usenet:1.0
1psdv2:1.0
gr5:1.0
repli:1.0
organ:1.0
case:1.0
western:1.0
reserv:1.0
univers:1.0
cleveland:1.0
ohio:1.0
usa:1.0
line:1.0
8:1.0
nntp:1.0
post:1.0
host:1.0
thor:1.0
in:1.0
ti:1.6931471805599454
look:1.0
inform:1.0
tdoubl:1.0
board:1.6931471805599454
figur:1.0
thardwar:1.0
compress:1.0
work:1.0
autodoubl:1.0
sure:1.0
also:1.0
much:1.0
would:1.0
one:1.0
cost:1.0
joe:1.0
