qman:2.09861228866811
casbah:1.6931471805599454
acn:1.6931471805599454
nwu:2.09861228866811
edu:2.09861228866811
charli:1.0
kuehmann:1.6931471805599454
subject:1.0
lciii:2.6094379124341005
vga:2.791759469228055
monitor:3.0794415416798357
adapt:2.09861228866811
articl:1.0
ironman:1.6931471805599454
060493132722:1.0
organ:1.0
northwestern:1.6931471805599454
univers:1.6931471805599454
line:1.0
17:1.0
nntp:1.0
post:1.0
host:1.0
m:1.0
real:1.0
tough:1.0
time:1.0
find:1.0
proper:1.0
use:2.09861228866811
ibm:2.09861228866811
8513:1.0
sold:1.0
w:1.6931471805599454
mani:1.0
p:1.6931471805599454
2:1.6931471805599454
exact:1.0
mac:1.0
lc:1.0
iii:1.0
vendor:2.09861228866811
call:1.0
say:1.0
intern:1.0
video:1.0
work:1.6931471805599454
true:1.0
compat:1.0
multisync:1.6931471805599454
like:1.0
soni:1.0
nec:1.0
thought:1.0
capabl:1.0
attract:1.0
allow:1.0
inexpens:1.0
confus:1.0
speed:1.0
anyon:1.0
non:1.0
get:2.09861228866811
plea:1.0
specif:1.0
cat:1.0
would:1.0
prefer:1.0
appl:1.0
unseemli:1.0
see:1.0
finder:1.0
insid:1.0
bezel:1.0
money:1.0
save:1.0
afford:1.0
rid:1.0
charl:1.0
steel:1.0
research:1.0
group:1.0
