peter:1.6931471805599454
hansen:1.6931471805599454
pgmoffc:1.6931471805599454
bnr:2.09861228866811
ca:1.6931471805599454
subject:1.0
help:1.0
2:2.6094379124341005
intern:2.386294361119891
hd:2.791759469228055
mac:2.09861228866811
ii:2.09861228866811
x:1.6931471805599454
xxdate:1.0
tue:1.0
6:1.0
apr:1.0
93:1.0
11:1.0
17:1.0
54:1.6931471805599454
gmt:1.0
nntp:1.0
post:1.0
host:1.0
bcarm382:1.0
organ:1.0
userag:1.0
nuntiu:1.0
v1:1.0
1:2.6094379124341005
1d17:1.0
line:1.0
articl:1.0
1993apr1:1.0
054820:1.0
3942:1.0
siemen:1.6931471805599454
co:1.6931471805599454
kurt:1.6931471805599454
netzer:1.0
write:1.0
possibl:2.09861228866811
instal:1.0
2nd:1.0
3:2.386294361119891
100:1.0
mb:1.6931471805599454
5:1.0
4:1.0
40:1.6931471805599454
qunatum:1.0
u:1.0
50:1.6931471805599454
pin:1.6931471805599454
cabl:3.1972245773362196
connector:3.302585092994046
motherboard:1.6931471805599454
scsi:2.09861228866811
first:1.6931471805599454
nt:1.0
termin:2.386294361119891
second:1.0
what:1.0
power:2.386294361119891
suppli:1.6931471805599454
connect:2.791759469228055
amp:1.0
anoth:2.09861228866811
hard:2.386294361119891
disk:2.386294361119891
macintosh:1.0
find:1.0
space:2.09861228866811
put:1.0
iisi:1.0
came:1.0
quantum:2.09861228866811
80:1.0
meg:1.6931471805599454
drive:2.9459101490553135
ran:1.0
problem:2.09861228866811
slap:1.0
sit:1.0
shelf:1.0
concern:1.0
sinc:1.0
quarter:1.0
height:1.0
final:1.0
decid:1.0
logic:1.6931471805599454
place:1.0
stack:1.0
one:1.6931471805599454
upon:1.0
fine:1.0
fit:1.0
snugli:1.0
heat:1.0
yet:1.0
run:1.0
togeth:1.0
two:1.6931471805599454
month:1.0
next:1.6931471805599454
spare:2.386294361119891
half:1.0
troubl:1.0
splice:1.0
extra:1.0
get:1.0
squar:1.0
buy:1.0
wire:1.0
found:1.0
good:1.6931471805599454
electron:1.0
store:1.0
10:1.6931471805599454
would:1.0
suggest:1.0
properli:1.0
solder:1.0
heatshrink:1.0
reduc:1.0
short:1.0
bad:1.0
need:1.0
ribbon:1.6931471805599454
want:1.0
care:1.6931471805599454
case:1.0
word:1.0
purchas:1.0
crimp:1.6931471805599454
gave:1.0
male:1.0
middl:1.0
part:1.0
cost:1.0
easili:1.0
attach:1.0
wood:1.0
vice:1.0
theori:1.0
behind:1.0
use:1.0
work:2.09861228866811
origin:1.6931471805599454
damag:1.0
go:1.0
back:1.0
setup:1.0
done:1.0
bother:1.0
check:1.0
dev:1.0
note:1.0
consumpt:1.0
plug:1.0
like:1.0
charm:1.0
day:1.0
everyth:1.0
id:1.0
ensur:1.0
resistor:1.6931471805599454
intact:1.0
tri:1.0
without:1.0
seem:1.0
split:1.0
chain:1.0
signal:1.0
end:1.0
let:1.0
know:1.0
question:1.0
bell:1.0
northern:1.0
research:1.0
