rrn:2.09861228866811
po:2.09861228866811
cwru:2.386294361119891
edu:2.386294361119891
robert:2.09861228866811
r:1.6931471805599454
novitskey:2.09861228866811
subject:1.0
cyclon:1.0
tempest:1.0
articl:1.0
usenet:1.0
1pskav:1.0
qtu:1.0
repli:1.0
organ:1.0
case:1.0
western:1.0
reserv:1.0
univers:1.0
cleveland:1.0
oh:1.0
usa:1.0
line:1.0
10:1.0
nntp:1.0
post:1.6931471805599454
host:1.0
thor:1.0
in:1.0
could:1.0
someon:1.0
plea:1.0
info:1.0
system:1.0
thank:1.0
bob:1.0
pursu:1.0
woman:1.0
similar:1.0
bang:1.0
one:1.0
head:1.0
wall:1.0
le:1.0
opportun:1.0
reward:1.0
