jkomp:1.0
leonardo:2.09861228866811
src:2.09861228866811
honeywel:2.09861228866811
com:1.6931471805599454
john:1.6931471805599454
komp:1.6931471805599454
subject:1.0
price:3.302585092994046
drop:2.6094379124341005
c650:2.791759469228055
within:1.0
2:1.0
month:2.09861228866811
articl:1.0
9304062132:1.0
aa00657:1.0
organ:1.0
mailenteringnew:1.0
line:1.6931471805599454
36:1.0
comp:1.0
sy:1.0
mac:1.0
hardwar:1.0
post:1.0
date:1.6931471805599454
tue:1.6931471805599454
6:1.6931471805599454
apr:1.6931471805599454
93:1.6931471805599454
16:1.6931471805599454
32:1.6931471805599454
51:1.0
cdt:1.6931471805599454
receiv:1.0
52:1.0
nathaniel:1.0
sammon:1.0
write:1.0
go:2.386294361119891
get:1.0
soon:1.0
want:2.386294361119891
appl:2.6094379124341005
come:2.386294361119891
cyclon:1.6931471805599454
tempest:1.0
system:1.0
negoti:1.0
good:1.6931471805599454
deal:2.09861228866811
supplier:1.0
8:1.6931471805599454
80:1.6931471805599454
would:2.09861228866811
like:1.6931471805599454
jump:1.0
smuther:1.0
btw:1.0
mous:1.0
2295:1.0
anyon:1.0
know:1.6931471805599454
better:1.0
say:1.0
best:1.0
gaurente:1.0
year:1.0
week:1.6931471805599454
macweek:1.0
report:1.0
probabl:1.0
plan:1.0
august:1.0
guess:1.0
may:1.6931471805599454
sooner:1.0
decid:1.0
chang:1.0
structur:1.0
upon:1.0
releas:1.0
multimedia:1.0
unit:1.6931471805599454
summer:1.0
look:1.0
pretti:1.0
50:1.0
pay:1.0
mine:1.0
last:1.0
rather:1.0
wait:2.09861228866811
one:1.0
new:1.0
machin:1.6931471805599454
sommer:1.0
resal:1.0
valu:1.0
iici:1.0
squat:1.0
thu:1.0
financ:1.0
forc:1.0
purchas:1.0
happi:1.0
feel:1.0
betray:1.0
cut:1.0
le:1.0
1000:1.0
next:1.0
heh:1.0
bottom:1.0
buy:1.0
cylcon:1.0
break:1.6931471805599454
might:1.0
well:1.0
powerpc:1.0
anoth:1.0
follow:1.0
save:1.0
money:1.0
lost:1.0
lot:1.0
time:1.0
could:1.0
use:1.0
comput:1.0
face:1.0
continu:1.0
state:1.0
flux:1.0
least:1.0
tri:1.0
rais:1.0
grin:1.0
