rcrispin:1.6931471805599454
watart:1.6931471805599454
uwaterloo:2.09861228866811
ca:2.09861228866811
richard:1.6931471805599454
crispin:1.6931471805599454
subject:1.0
quantum:1.6931471805599454
q250:1.6931471805599454
hard:1.0
disk:1.0
organ:1.0
univers:1.6931471805599454
waterloo:2.09861228866811
line:1.0
24:1.0
recent:1.0
aquir:1.0
harddisk:1.0
50:1.0
meg:1.0
5:1.0
25:1.0
mechan:1.0
scsi:1.0
question:1.0
problem:1.6931471805599454
first:1.0
seem:1.6931471805599454
extra:1.0
connector:1.0
socket:1.0
back:1.6931471805599454
figur:1.0
address:1.6931471805599454
set:1.0
jumper:1.6931471805599454
bottom:1.0
think:1.0
idea:1.6931471805599454
second:1.0
would:1.0
nice:1.0
get:1.6931471805599454
hardwar:1.0
manual:1.0
drive:2.386294361119891
lot:1.0
know:1.0
third:1.0
got:1.0
format:1.6931471805599454
took:1.0
thing:1.0
work:1.0
fine:1.6931471805599454
initiali:1.0
troublesom:1.0
ok:1.0
main:1.0
reset:1.0
macplu:1.0
disappear:1.0
shut:1.0
mac:1.0
agian:1.0
come:1.0
plea:1.0
repli:1.0
one:1.0
email:1.6931471805599454
thank:1.0
depart:1.0
psycholog:1.0
psych:1.0
watserv1:1.0
ontario:1.0
phone:1.0
519:1.6931471805599454
888:1.0
4781:1.6931471805599454
885:1.0
1211:1.0
ext:1.0
canada:1.0
n2l:1.0
3g1:1.0
fax:1.0
746:1.0
8631:1.0
