dcb:1.6931471805599454
wdl1:1.6931471805599454
wdl:1.6931471805599454
loral:1.6931471805599454
com:1.6931471805599454
david:2.09861228866811
c:1.0
blume:1.6931471805599454
subject:1.0
move:1.0
data:2.791759469228055
fast:1.0
enough:1.6931471805599454
summari:1.0
disk:3.3978952727983707
buffer:3.1972245773362196
network:2.09861228866811
card:3.4849066497880004
keyword:1.0
nubu:2.09861228866811
scsi:1.0
throughput:1.6931471805599454
organ:1.0
gokuraku:1.0
video:1.0
line:1.0
43:1.0
want:1.6931471805599454
achiev:1.6931471805599454
overal:1.6931471805599454
rate:1.6931471805599454
around:1.6931471805599454
5:2.386294361119891
megabyt:1.6931471805599454
sec:1.0
larg:1.0
transfer:3.0794415416798357
mb:3.6390573296152584
quadra:1.0
950:1.0
pump:1.0
mac:2.386294361119891
memori:1.0
8:2.6094379124341005
use:2.386294361119891
block:1.0
mode:1.0
high:1.0
speed:1.0
array:1.0
asynchron:1.6931471805599454
pb:1.0
call:1.0
6:1.6931471805599454
let:1.0
say:1.0
go:1.0
first:1.0
result:1.0
3:1.6931471805599454
slow:1.0
tri:1.0
follow:1.0
scheme:1.0
n:2.6094379124341005
step:2.791759469228055
1:2.09861228866811
load:2.386294361119891
1st:1.6931471805599454
2:1.6931471805599454
asynch:2.09861228866811
send:2.386294361119891
2nd:1.6931471805599454
3rd:1.0
nth:1.6931471805599454
even:1.0
though:1.0
code:1.0
appar:1.0
execut:1.6931471805599454
cpu:1.0
tho:1.0
take:1.0
long:1.0
two:1.6931471805599454
one:1.0
anoth:1.0
improv:1.0
ram:1.6931471805599454
dual:1.0
port:1.0
driver:1.6931471805599454
access:1.0
time:1.0
problem:1.0
devic:1.0
bu:1.0
anyth:1.0
get:1.0
tire:1.0
think:1.0
thing:1.0
bukowski:1.0
barfli:1.0
