drlovemd:2.09861228866811
jhunix:2.09861228866811
hcf:2.386294361119891
jhu:2.386294361119891
edu:3.0794415416798357
steve:2.6094379124341005
liu:2.791759469228055
subject:1.0
cd300:1.0
300i:1.6931471805599454
organ:1.0
homewood:1.0
academ:1.0
comput:1.0
john:1.0
hopkin:1.0
univers:1.0
baltimor:1.0
md:1.0
usa:1.0
line:1.0
89:1.0
distribut:1.0
world:1.0
nntp:1.0
post:1.0
host:1.0
articl:2.09861228866811
1ps8d7innrc0:1.0
srvr1:1.0
engin:1.6931471805599454
umich:1.6931471805599454
chyang:1.0
leghorn:1.0
chung:1.6931471805599454
hsiung:1.0
yang:1.6931471805599454
write:1.6931471805599454
bauer:2.6094379124341005
060493101758:1.0
134:1.0
60:1.0
68:1.0
23:1.0
informatik:1.6931471805599454
uni:1.6931471805599454
ulm:1.6931471805599454
de:1.6931471805599454
christian:1.6931471805599454
afi9shs00vohmryle:1.0
andrew:1.0
cmu:1.6931471805599454
donpaul:1.0
c:1.0
stephen:1.0
deathbird:1.0
wrote:1.0
differ:1.0
want:1.0
doubl:1.0
spin:1.0
cd:4.091042453358316
rom:2.386294361119891
drive:3.772588722239781
may:1.0
look:1.0
nec:2.6094379124341005
appl:3.3978952727983707
doublespin:1.6931471805599454
best:2.09861228866811
toshiba:2.9459101490553135
soni:2.09861228866811
nearli:1.0
deliv:1.0
speed:1.6931471805599454
price:2.09861228866811
low:1.0
compar:1.0
ram:1.0
simm:1.0
buy:1.6931471805599454
inexpenc:1.0
think:2.791759469228055
driver:1.6931471805599454
revis:1.0
easier:1.0
get:2.09861228866811
kit:1.0
everi:1.0
manufactur:1.0
ti:1.0
thought:1.0
mechan:2.386294361119891
averag:1.0
access:2.6094379124341005
time:2.386294361119891
le:1.6931471805599454
200:1.0
m:1.6931471805599454
300:2.09861228866811
model:2.386294361119891
technolog:3.0794415416798357
supposedli:1.6931471805599454
fast:1.0
200m:1.0
data:2.09861228866811
transfer:2.09861228866811
rate:2.09861228866811
300kb:2.09861228866811
sec:2.09861228866811
multisess:1.0
photo:2.09861228866811
compat:2.6094379124341005
avail:2.386294361119891
educorp:1.6931471805599454
599:1.6931471805599454
one:1.6931471805599454
come:2.386294361119891
two:2.09861228866811
mail:1.0
coupon:1.0
free:2.386294361119891
sure:2.09861228866811
good:1.6931471805599454
sinc:1.6931471805599454
littl:1.0
month:1.0
ship:1.6931471805599454
home:1.0
address:1.0
california:2.386294361119891
instead:1.0
maryland:1.0
separ:1.6931471805599454
power:1.0
suppli:1.0
give:1.0
longer:1.0
life:1.0
keep:1.0
cleaner:1.0
fan:1.0
attract:1.0
dust:1.0
brand:1.6931471805599454
also:2.386294361119891
better:1.6931471805599454
slightli:1.0
lower:1.0
330i:1.0
around:1.6931471805599454
300m:1.0
know:1.6931471805599454
slowest:1.0
three:2.09861228866811
mention:1.0
wide:1.0
except:1.0
catalog:1.0
bad:1.0
multi:1.6931471805599454
session:1.0
extern:1.0
7:1.0
pretti:1.6931471805599454
longest:1.0
280m:1.0
mani:1.0
vendor:1.0
600:1.0
dollar:1.0
includ:1.0
sesssion:1.0
hear:1.0
current:1.0
version:1.0
owner:1.0
older:1.0
upgrad:1.0
unless:1.0
bundl:1.0
choic:1.0
would:1.0
product:1.0
perform:1.0
btw:1.0
applecd:1.6931471805599454
intern:1.0
t3401:1.0
name:2.09861228866811
someth:1.0
like:1.0
3401:1.0
cdr:1.0
74:1.0
happi:1.0
problem:1.0
whatsoev:1.0
wrong:1.0
correct:1.0
even:1.0
might:1.0
notic:1.0
last:1.0
presid:1.0
happen:1.0
southern:1.6931471805599454
hometown:1.0
howev:1.0
rel:1.0
guy:1.0
common:1.6931471805599454
chine:1.6931471805599454
especi:1.0
enorm:1.0
commun:1.0
besid:1.0
doctor:1.0
patient:1.0
anoth:1.0
school:1.0
live:1.0
next:1.0
dorm:1.0
show:1.0
wish:1.0
sig:1.0
suggest:1.0
welcom:1.0
jhuvm:1.0
