eapu174:1.6931471805599454
orion:1.6931471805599454
oac:1.6931471805599454
uci:2.6094379124341005
edu:2.6094379124341005
wayn:1.6931471805599454
chen:1.6931471805599454
subject:1.0
disappoint:1.0
la:1.0
cie:1.0
nntp:1.0
post:1.0
host:1.0
dialin33626:1.6931471805599454
slip:1.6931471805599454
nt:1.6931471805599454
x:2.09861228866811
userag:1.0
nuntiu:1.0
v1:1.0
1:1.0
1d17:1.0
organ:1.0
uc:1.0
irvin:1.0
line:1.0
6:1.6931471805599454
xxmessag:1.0
id:1.0
a7e73c868e028eb7:1.0
xxdate:1.0
tue:1.0
apr:1.0
93:1.0
05:1.0
56:1.0
22:1.0
gmt:1.0
articl:1.0
2bc1f81d:1.0
20078:1.0
news:1.0
servic:1.0
write:1.0
industri:1.0
sound:1.0
unfair:1.6931471805599454
someon:1.0
oop:1.0
meant:1.0
fair:1.0
