gsnow:2.09861228866811
clark:2.6094379124341005
edu:2.386294361119891
gari:2.09861228866811
snow:1.6931471805599454
subject:1.0
cheapest:1.0
mike:1.6931471805599454
centri:1.6931471805599454
articl:1.6931471805599454
1993apr6:1.0
220053:1.0
27621:1.0
organ:1.0
colleg:1.0
vancouv:1.0
wa:1.0
usa:1.0
line:1.0
13:1.0
summer:1.6931471805599454
733961443:1.0
rintintin:1.6931471805599454
colorado:1.6931471805599454
summeral:1.0
thoma:1.0
g:1.0
write:1.0
bought:1.0
650:1.0
discov:1.0
dispoint:1.0
appl:1.0
gotten:1.0
cheap:1.0
includ:1.0
anymor:1.0
intern:1.6931471805599454
extern:1.0
get:1.6931471805599454
mic:1.0
c650:1.0
cd:1.0
rom:1.0
drive:1.0
uunet:1.0
