johnston:2.386294361119891
udel:2.09861228866811
edu:2.09861228866811
bill:1.6931471805599454
subject:1.0
appl:2.6094379124341005
tape:2.791759469228055
backup:2.6094379124341005
40sc:1.6931471805599454
system:1.0
7:2.09861228866811
x:2.09861228866811
keyword:1.0
nntp:1.0
post:1.0
host:1.0
organ:1.0
univers:1.0
delawar:1.0
line:1.0
22:1.0
articl:1.6931471805599454
1pskkt:1.0
3ln:1.0
fnnew:1.0
fnal:1.6931471805599454
gov:2.09861228866811
b91926:1.0
fnclub:1.0
david:1.0
sach:1.0
write:1.6931471805599454
gener:2.09861228866811
734035090:1.0
nova:1.6931471805599454
sti:1.0
nasa:1.0
curti:1.0
need:1.0
get:1.0
unit:1.0
work:1.6931471805599454
sy:1.0
0:1.6931471805599454
driver:1.0
softwar:1.6931471805599454
access:1.0
devic:1.0
retrospect:2.6094379124341005
dantz:1.0
nice:1.6931471805599454
combin:1.0
also:1.6931471805599454
use:1.6931471805599454
notic:1.0
central:1.0
point:1.0
mactool:2.09861228866811
support:1.0
drive:2.386294361119891
quit:1.0
slow:1.0
advantag:1.0
rel:1.0
simpler:1.0
le:1.6931471805599454
signific:1.0
might:1.6931471805599454
case:1.0
someon:1.0
back:1.0
larg:1.0
server:1.0
dat:1.0
go:1.6931471805599454
100:1.0
make:1.0
econom:1.0
sen:1.0
pay:1.0
extra:1.0
140:1.0
cheaper:1.0
includ:1.0
worthwhil:1.0
util:1.0
though:1.0
probabl:1.0
upgrad:1.0
2:1.0
38:1.0
chamber:1.0
street:1.0
newark:1.0
de:1.0
19711:1.0
302:1.0
368:1.0
1949:1.0
