maennig:2.386294361119891
veronica:2.386294361119891
informatik:2.386294361119891
uni:2.386294361119891
dortmund:2.791759469228055
de:2.386294361119891
olaf:1.0
subject:1.0
problem:1.6931471805599454
rose:2.386294361119891
organ:1.0
c:1.0
depart:1.6931471805599454
univers:1.6931471805599454
germani:1.6931471805599454
line:1.0
28:1.0
distribut:1.0
world:1.0
repli:1.6931471805599454
nntp:1.0
post:1.0
host:1.0
anyon:1.6931471805599454
work:2.09861228866811
card:2.6094379124341005
certain:1.6931471805599454
crash:2.9459101490553135
disappear:1.6931471805599454
system:1.6931471805599454
let:1.0
mac:1.6931471805599454
okay:1.0
use:1.0
quit:1.0
like:1.0
one:1.0
simul:1.6931471805599454
error:1.6931471805599454
68000:1.0
everi:1.0
instruct:1.0
specifi:1.0
regist:1.0
mask:1.0
eg:1.0
stuck:1.0
1:1.0
bit:1.0
normal:1.0
instanc:1.0
notic:1.6931471805599454
set:1.6931471805599454
flag:2.09861228866811
stop:1.0
read:1.6931471805599454
mention:1.0
fine:1.0
almost:1.0
said:1.0
sometim:1.0
document:1.0
tell:1.0
u:1.0
anyth:1.0
behavior:1.0
moment:1.0
tri:1.0
understand:1.0
analyz:1.0
assembl:1.0
code:1.0
frustrat:1.0
lengthi:1.0
help:1.0
plea:1.0
via:1.0
email:1.0
group:1.0
comput:1.0
scienc:1.0
iv:1.0
laf:1.0
aennig:1.0
e:1.0
mail:1.0
begin:1.0
god:1.0
creat:1.0
adam:1.0
ahem:1.0
atom:1.6931471805599454
hydrogen:1.0
