andrew:1.6931471805599454
zelenetz:2.386294361119891
azelenet:1.6931471805599454
bigmac:1.6931471805599454
mskcc:2.386294361119891
org:2.386294361119891
subject:1.0
centri:1.6931471805599454
610:1.6931471805599454
video:2.09861228866811
problem:2.386294361119891
help:1.6931471805599454
organ:1.0
memori:1.6931471805599454
sloan:1.6931471805599454
ketter:1.6931471805599454
cancer:1.6931471805599454
center:1.6931471805599454
line:2.386294361119891
25:1.0
distribut:1.0
world:1.0
nntp:1.0
post:1.0
host:1.0
ski:1.6931471805599454
x:2.09861228866811
userag:1.0
nuntiu:1.0
v1:1.0
1:1.6931471805599454
1d20:1.0
xxmessag:1.0
id:1.0
a7f2f208cf0260ca:1.0
xxdate:1.0
thu:1.0
15:1.0
apr:1.0
93:1.0
16:2.09861228866811
05:1.0
44:1.0
gmt:1.0
recent:1.0
obtain:1.0
develop:1.0
unusu:1.0
model:1.0
t610:1.0
8:1.0
mb:1.0
230:1.0
hd:1.0
512k:1.0
vram:1.0
card:1.0
monitor:2.386294361119891
tappl:1.0
comput:1.0
set:1.0
256:1.6931471805599454
color:2.09861228866811
certain:1.6931471805599454
oper:1.6931471805599454
done:1.0
particularli:1.0
vertic:1.0
scroll:1.0
window:2.09861228866811
horizont:1.0
white:1.0
appear:1.0
gener:1.0
alway:1.0
spare:1.0
open:1.0
accummul:1.0
continu:1.0
move:1.6931471805599454
involv:1.0
area:1.6931471805599454
screen:1.6931471805599454
away:1.0
disappear:1.0
observ:1.0
configur:1.0
14:1.0
inch:1.0
appl:1.0
use:1.0
suspect:1.0
bad:1.0
ram:1.0
chip:1.0
appar:1.0
sinc:1.0
day:1.0
gotten:1.0
wors:1.0
wonder:1.0
anyon:1.0
seen:1.0
anyth:1.0
like:1.0
fix:1.0
plea:1.0
also:1.0
respond:1.0
thank:1.0
molecular:1.0
biolog:1.0
program:1.0
