breedsa:1.6931471805599454
wkuvx1:1.6931471805599454
bitnet:1.6931471805599454
subject:1.0
tempest:1.6931471805599454
cyclon:1.6931471805599454
info:1.6931471805599454
need:1.6931471805599454
organ:1.0
western:1.0
kentucki:1.0
univers:1.0
bowl:1.0
green:1.0
ky:1.0
line:1.0
8:1.0
anyon:1.0
inform:1.0
upcom:1.0
new:1.0
comput:1.0
anyth:1.0
would:1.0
greatli:1.0
appreci:1.0
thank:1.0
shawn:1.0
