mbeal:1.6931471805599454
groucho:1.6931471805599454
mrc:2.09861228866811
uidaho:2.09861228866811
edu:2.09861228866811
mark:1.6931471805599454
beal:1.6931471805599454
subject:1.0
quadra:2.09861228866811
acceler:1.6931471805599454
articl:1.0
moscow:1.0
c5g4mm:1.0
6xi:1.0
distribut:1.0
na:1.0
organ:1.0
microelectron:1.0
research:1.0
center:1.0
line:1.0
7:1.0
nntp:1.0
post:1.0
host:1.0
700:1.0
800:1.0
clock:1.0
anyon:1.0
heard:1.0
anyth:1.0
like:1.0
950:1.0
plea:1.0
repli:1.0
e:1.0
mail:1.0
get:1.0
news:1.0
often:1.0
thank:1.0
wallabi:1.0
