especkma:1.0
reed:2.09861228866811
edu:1.0
erik:1.6931471805599454
speckman:1.6931471805599454
subject:1.0
rom:1.6931471805599454
acceler:1.6931471805599454
video:2.09861228866811
articl:1.6931471805599454
1993apr15:1.0
182206:1.0
12714:1.0
organ:1.0
colleg:1.0
portland:1.0
line:1.0
11:1.0
macus:1.0
new:1.0
centri:1.0
quadra:1.0
machin:1.0
mention:1.0
c650:1.0
q800:1.0
c610:1.0
seem:1.0
make:1.0
much:1.0
differ:1.0
benchmark:1.0
test:1.0
recal:1.0
see:1.0
dale:1.6931471805599454
adam:1.0
post:1.6931471805599454
p:1.0
could:1.0
someon:1.0
tell:1.0
memori:1.0
archiv:1.0
somewher:1.0
