egail:1.0
etu:1.6931471805599454
gel:1.6931471805599454
ulav:1.6931471805599454
ca:1.6931471805599454
eric:1.0
gailloux:1.0
subject:1.0
stylewrit:1.0
ii:1.0
question:1.0
nntp:1.0
post:1.0
host:1.0
miniac:1.0
organ:1.0
universit:1.0
laval:1.0
line:1.0
3:1.0
read:1.0
articl:1.6931471805599454
swii:1.6931471805599454
one:1.0
thing:1.0
puzzl:1.0
say:1.0
serial:1.0
devic:1.0
mean:1.0
unplug:1.0
modem:1.0
time:1.0
want:1.0
print:1.0
someth:1.0
