f0975893:1.6931471805599454
jaguar:2.09861228866811
csc:1.6931471805599454
wsu:1.6931471805599454
edu:1.6931471805599454
subject:1.0
educ:2.6094379124341005
price:2.791759469228055
articl:1.6931471805599454
1993apr15:1.0
134938:1.0
1:1.0
organ:1.0
washington:1.6931471805599454
state:2.386294361119891
univers:1.6931471805599454
line:1.0
27:1.0
c5iz7n:1.0
kyv:1.0
c:1.6931471805599454
dal:1.6931471805599454
ca:1.6931471805599454
hay:1.6931471805599454
ug:1.0
kevin:1.0
b:1.0
write:1.0
find:1.0
retail:2.09861228866811
within:1.0
keyboard:1.0
would:1.0
wari:1.0
outlet:1.6931471805599454
sell:1.0
cheap:1.0
went:1.0
actual:1.0
mail:2.386294361119891
order:2.386294361119891
cda:2.09861228866811
comput:2.386294361119891
better:1.6931471805599454
thant:1.0
campu:1.0
store:1.0
found:1.0
later:1.0
tri:1.0
get:1.6931471805599454
repair:2.386294361119891
done:1.0
appl:2.09861228866811
regist:1.0
center:1.0
cpu:1.6931471805599454
resal:1.0
serial:1.0
number:1.6931471805599454
remov:1.0
replac:1.0
non:1.0
standard:1.0
probabl:2.09861228866811
consequ:1.0
man:1.0
could:1.6931471805599454
warrenti:2.09861228866811
end:1.0
90day:1.0
12month:1.0
boy:1.0
pi:1.0
ed:1.0
moral:1.0
stori:1.0
caveat:1.6931471805599454
emptor:1.6931471805599454
howev:1.0
go:1.0
reliabl:1.0
trustworthi:1.0
firm:1.0
exist:1.0
mayb:1.0
someon:1.0
enlighten:1.0
u:1.0
experi:1.0
local:1.0
simpli:1.0
requir:1.0
sale:2.09861228866811
tax:2.09861228866811
yet:1.0
though:1.0
much:1.0
longer:1.0
remain:1.0
seen:1.0
addit:1.0
purchas:1.6931471805599454
wipe:1.0
discount:1.0
compani:1.0
includ:1.0
even:1.0
check:1.0
richard:1.6931471805599454
j:1.0
appleyard:1.0
voic:1.0
509:1.6931471805599454
335:1.6931471805599454
7728:1.0
fax:1.0
9688:1.0
err:1.0
human:1.0
realli:1.0
screw:1.0
thing:1.0
take:1.0
