mbuntan:1.0
staff:1.6931471805599454
tc:1.6931471805599454
umn:1.6931471805599454
edu:1.6931471805599454
subject:1.0
get:1.6931471805599454
cheapest:1.6931471805599454
price:1.6931471805599454
nntp:1.0
post:1.0
host:1.0
organ:1.0
univers:1.0
minnesota:1.0
line:1.0
9:1.0
hi:1.0
anyon:1.0
know:1.0
teleport:1.0
gold:1.0
fax:1.0
modem:1.0
global:1.0
villag:1.0
answer:1.0
highli:1.0
appreci:1.0
thank:1.0
advanc:1.0
regard:1.0
thian:1.0
