sammon:1.6931471805599454
mailer:2.09861228866811
acn:2.09861228866811
fsu:2.09861228866811
edu:2.386294361119891
david:1.0
subject:1.6931471805599454
monitor:3.302585092994046
turn:3.0794415416798357
organ:1.0
fsuacn:1.0
line:1.0
29:1.6931471805599454
articl:1.6931471805599454
gcohen:1.6931471805599454
164:1.0
734712474:1.0
gregori:1.0
cohen:1.0
wrote:1.0
1993apr13:1.0
142129:1.0
9491:1.0
rhrk:1.0
uni:2.09861228866811
kl:2.09861228866811
de:2.09861228866811
staudt:2.386294361119891
physik:1.6931471805599454
willi:1.6931471805599454
ag:1.6931471805599454
linder:1.6931471805599454
write:1.6931471805599454
date:1.0
tue:1.0
13:2.09861228866811
apr:1.0
1993:1.0
14:1.0
21:1.0
gmt:1.0
kayc:1.0
leland:1.0
stanford:1.0
k:1.0
c:1.0
ku:1.0
strang:1.0
problem:2.386294361119891
appl:2.09861228866811
hope:1.0
someon:1.6931471805599454
shed:1.0
light:1.0
would:2.09861228866811
use:1.0
comput:1.0
5:1.0
minut:1.0
screen:1.6931471805599454
go:1.0
blank:1.0
switch:1.0
went:1.0
abl:1.0
even:1.0
power:1.0
back:1.0
let:1.0
sit:1.0
night:1.0
usual:1.0
although:1.0
doesnt:1.0
stay:1.0
long:1.0
dooe:1.0
anybodi:1.0
similar:1.0
experi:1.0
fuse:1.0
prevent:1.6931471805599454
tri:1.6931471805599454
seem:1.0
mecham:1.0
tin:1.0
certain:1.0
rgb:1.0
tthe:1.0
high:1.0
voltag:1.0
capasitor:1.0
know:1.6931471805599454
treplac:1.0
cap:1.0
cost:1.0
fall:1.0
bad:1.0
batch:1.0
tthey:1.0
got:1.0
supplier:1.0
local:1.0
repair:1.0
shop:1.0
trepair:1.0
extens:1.0
3l0218:1.0
