ldo:1.6931471805599454
waikato:2.791759469228055
ac:2.09861228866811
nz:2.09861228866811
lawrenc:1.6931471805599454
oliveiro:1.6931471805599454
univers:2.09861228866811
subject:1.0
interest:1.0
adb:2.386294361119891
behaviour:1.0
c650:1.0
organ:1.0
hamilton:1.6931471805599454
new:1.6931471805599454
zealand:1.6931471805599454
line:1.0
20:1.0
articl:1.0
1993apr15:1.0
181440:1.0
15490:1.0
said:1.0
know:1.0
plug:1.6931471805599454
unplug:1.6931471805599454
devic:2.09861228866811
power:1.6931471805599454
support:1.0
hit:1.0
problem:1.0
multipl:1.0
clash:1.0
address:1.0
coupl:1.6931471805599454
e:1.6931471805599454
mail:1.6931471805599454
respons:1.0
peopl:1.0
seem:1.0
believ:1.0
sort:1.0
thing:1.0
unsupport:1.0
downright:1.0
danger:1.6931471805599454
heard:1.0
warn:1.0
anybodi:1.0
appl:1.0
sure:1.0
ask:1.0
technician:1.0
one:1.0
servic:1.6931471805599454
mac:1.0
year:1.0
damag:1.0
logic:1.0
board:1.0
scsi:1.0
ye:1.0
fone:1.0
64:1.6931471805599454
7:2.09861228866811
856:1.0
2889:1.0
comput:1.0
dept:1.0
fax:1.0
838:1.0
4066:1.0
electr:1.0
37:1.0
47:1.0
26:1.0
175:1.0
19:1.0
gmt:1.0
12:1.0
00:1.0
