khc:1.6931471805599454
marantz:2.09861228866811
corp:2.09861228866811
sun:2.386294361119891
com:2.386294361119891
kelli:1.0
chang:1.0
subject:1.0
mac:2.386294361119891
ii:2.386294361119891
scsi:1.6931471805599454
pmmu:2.09861228866811
socket:2.386294361119891
question:1.0
organ:1.0
microsystem:1.0
inc:1.0
line:1.0
17:1.0
distribut:1.0
world:1.0
repli:1.0
nntp:1.0
post:1.6931471805599454
host:1.0
friend:1.0
usenet:1.0
access:1.0
plea:1.0
contact:1.0
directli:1.0
thank:1.6931471805599454
1:1.0
suppos:1.0
mc68851:1.0
chip:1.6931471805599454
could:1.6931471805599454
anyon:1.6931471805599454
let:1.0
know:1.0
motherboard:1.0
obtain:1.0
16:1.0
mhz:1.0
surplu:1.0
store:1.0
would:1.0
like:1.0
instal:1.6931471805599454
onto:1.0
circa:1.0
1987:1.0
see:1.0
tri:1.0
2:1.0
send:1.0
pinout:1.0
db:1.0
25:1.0
interfac:1.0
tcontact:1.0
david:1.0
chan:1.0
bzone:1.0
attmail:1.0
