jeffh:1.6931471805599454
ludwig:2.09861228866811
cc:2.09861228866811
uoregon:2.09861228866811
edu:2.6094379124341005
jeff:1.6931471805599454
hite:1.6931471805599454
subject:1.0
monitor:2.09861228866811
shut:1.0
13:2.09861228866811
hi:2.386294361119891
re:2.09861228866811
organ:1.0
univers:1.0
oregon:1.6931471805599454
network:1.0
servic:2.386294361119891
line:1.0
23:2.09861228866811
nntp:1.0
post:1.0
host:1.0
articl:1.0
1993apr15:1.0
183527:1.0
3365:1.0
guvax:1.6931471805599454
acc:1.6931471805599454
georgetown:1.6931471805599454
hew:1.0
write:1.0
defect:1.0
bring:1.0
dealer:1.0
replac:1.6931471805599454
flyback:1.0
free:2.09861228866811
think:1.0
ti:1.0
heard:1.0
problem:1.0
work:1.0
today:1.0
fix:1.6931471805599454
r:1.6931471805599454
notic:1.0
expir:1.0
3:1.6931471805599454
93:1.0
date:1.0
appl:1.0
reimburs:1.0
provid:1.6931471805599454
voltag:1.0
capacitor:1.0
folk:1.0
put:1.0
intermitt:1.0
shutdown:1.0
without:1.0
get:1.0
miss:1.0
freebi:1.0
forc:1.0
year:1.0
got:1.6931471805599454
deal:1.0
comput:1.0
center:1.0
u:1.0
