feldman:2.6094379124341005
urbana:2.6094379124341005
mcd:2.09861228866811
mot:2.09861228866811
com:2.09861228866811
mike:1.6931471805599454
subject:1.0
ok:1.6931471805599454
set:1.6931471805599454
54:1.6931471805599454
lb:1.6931471805599454
top:2.09861228866811
centri:2.09861228866811
610:1.6931471805599454
keyword:1.0
nntp:1.0
post:1.0
host:1.0
charm:1.0
organ:1.0
motorola:1.6931471805599454
comput:1.6931471805599454
group:2.09861228866811
design:1.0
center:1.0
line:1.0
32:1.0
articl:1.0
c5hvjx:1.0
dj7:1.0
news:1.0
cso:1.6931471805599454
uiuc:2.09861228866811
edu:2.09861228866811
dlbg1912:1.0
uxa:1.0
david:1.6931471805599454
l:1.0
berk:2.09861228866811
write:1.0
recent:1.0
purchas:1.0
mirror:1.0
technolog:1.0
19:1.0
inch:1.0
mono:1.0
monitor:2.386294361119891
wonder:1.0
cpu:1.0
weigh:1.0
call:2.09861228866811
appl:2.09861228866811
person:1.0
spoke:1.0
sure:1.0
go:1.6931471805599454
find:1.0
back:1.0
coupl:1.0
day:1.0
week:1.6931471805599454
ago:1.0
anybodi:1.0
know:1.0
plea:1.0
respond:1.0
via:1.0
email:1.0
alway:1.0
time:1.6931471805599454
read:1.0
thank:1.6931471805599454
yea:1.0
lot:1.6931471805599454
good:1.0
inform:1.6931471805599454
newsgroup:1.0
prepar:1.0
detail:1.6931471805599454
even:1.0
ship:1.0
got:1.0
c610:1.0
8:1.0
230:1.0
cd:1.0
5:1.0
guess:1.0
biggest:1.0
disappoint:1.0
lack:1.0
written:1.0
spec:1.6931471805599454
document:1.0
case:1.0
load:1.6931471805599454
exampl:1.0
setup:1.6931471805599454
section:1.6931471805599454
say:1.0
14:1.0
16:1.0
21:1.0
big:1.0
one:1.0
publish:1.0
maximum:1.0
figur:1.0
hope:1.0
use:1.0
partit:1.0
button:1.0
hard:1.0
disk:1.0
util:1.0
dare:1.0
tri:1.6931471805599454
see:1.0
happen:1.0
mayb:1.0
divid:1.0
wealth:1.0
among:1.0
famili:1.0
member:1.0
bit:1.0
securli:1.0
get:1.0
manual:1.0
suggest:1.0
avenu:1.6931471805599454
mention:1.0
net:1.0
217:2.09861228866811
384:1.6931471805599454
8538:1.0
fax:1.0
8550:1.0
1101:1.0
east:1.0
univers:1.0
pager:1.0
il:1.6931471805599454
800:1.0
302:1.0
7738:1.0
351:1.0
0009:1.0
61801:1.0
2009:1.0
mcdphx:1.0
uiucuxc:1.0
udc:1.0
