michael:1.6931471805599454
robert:1.0
peck:1.0
mp5j:1.0
andrew:1.6931471805599454
cmu:1.6931471805599454
edu:1.6931471805599454
subject:1.0
800x600:1.0
video:2.09861228866811
iici:1.6931471805599454
organ:1.0
freshman:1.0
electr:1.0
comput:1.0
engin:1.0
carnegi:1.0
mellon:1.0
pittsburgh:1.0
pa:1.0
line:1.0
6:1.0
nntp:1.0
post:1.0
host:1.0
po4:1.0
need:1.0
abl:1.0
run:1.0
nec:1.0
3fgx:1.0
800x:1.0
600:1.0
mode:1.0
done:1.0
right:1.0
card:1.6931471805599454
