mirski:2.386294361119891
hal:1.6931471805599454
gnu:1.6931471805599454
ai:2.09861228866811
mit:2.09861228866811
edu:2.09861228866811
david:1.6931471805599454
joshua:1.0
subject:1.0
lciii:2.09861228866811
powerpc:1.6931471805599454
organ:1.0
di:1.0
line:1.0
9:1.0
distribut:1.0
world:1.0
nntp:1.0
post:1.0
host:1.0
hi:1.0
recent:1.0
heard:2.09861228866811
interest:1.0
rumor:1.0
built:1.0
slot:2.09861228866811
chip:1.0
true:1.6931471805599454
pd:1.0
thank:1.0
