robert:1.0
everett:1.0
brunskil:1.0
rb6t:1.0
andrew:1.6931471805599454
cmu:1.6931471805599454
edu:2.09861228866811
subject:1.0
fix:1.0
trackbal:1.6931471805599454
organ:1.0
freshman:1.0
electr:1.0
comput:1.0
engin:1.0
carnegi:1.0
mellon:1.0
pittsburgh:1.0
pa:1.0
line:1.0
5:1.0
nntp:1.0
post:1.0
host:1.0
po2:1.0
repli:1.0
93105:1.0
152944br4416a:1.0
auvm:1.0
american:1.0
littl:1.0
blue:1.0
roller:1.0
interior:1.0
probabl:1.0
rub:1.0
support:1.0
push:1.0
pin:1.0
longer:1.0
touch:1.0
similar:1.0
problem:1.0
rob:1.0
