robert:1.0
everett:1.0
brunskil:1.0
rb6t:1.0
andrew:1.6931471805599454
cmu:1.6931471805599454
edu:1.6931471805599454
subject:1.0
jump:1.0
start:1.0
mac:1.0
ii:1.0
organ:1.0
freshman:1.0
electr:1.0
comput:1.0
engin:1.6931471805599454
carnegi:1.0
mellon:1.0
pittsburgh:1.0
pa:1.0
line:1.0
3:1.0
distribut:1.0
na:1.0
nntp:1.0
post:1.0
host:1.0
po5:1.0
repli:1.0
1993apr14:1.0
144142:1.0
9061:1.0
mailbox:1.0
al:1.0
com:1.0
rememb:1.0
clamp:1.0
ground:1.0
block:1.0
first:1.0
rob:1.0
