earl:1.6931471805599454
fife:2.386294361119891
calvin:2.386294361119891
edu:2.386294361119891
subject:1.0
daystar:2.6094379124341005
x:1.6931471805599454
xxdate:1.0
thu:1.0
15:1.0
apr:1.0
93:1.0
01:1.0
21:1.0
14:1.0
gmt:1.0
nntp:1.0
post:1.0
host:1.0
153:1.0
106:1.0
4:1.0
42:1.0
organ:1.0
colleg:1.6931471805599454
userag:1.0
nuntiu:1.0
v1:1.0
1:1.6931471805599454
1d20:1.0
line:1.0
30:2.386294361119891
articl:1.0
c5fqno:1.0
9hh:1.0
news:1.0
udel:1.6931471805599454
bill:1.0
johnston:1.6931471805599454
write:1.0
go:1.0
buy:1.6931471805599454
68040:1.0
25:1.0
mhz:1.6931471805599454
se:2.09861228866811
sinc:1.0
mani:1.0
mail:1.0
problem:2.09861228866811
board:2.386294361119891
question:1.0
work:1.6931471805599454
7:1.0
ux:2.6094379124341005
3:1.6931471805599454
0:1.6931471805599454
anybodi:1.0
know:1.0
kind:1.0
softwar:1.0
well:1.0
seen:1.0
report:1.0
turbo:1.6931471805599454
040:2.09861228866811
knowledg:1.0
releas:1.6931471805599454
version:1.0
anyth:1.0
iisi:1.0
iici:1.0
finish:1.0
tweak:1.0
test:1.0
use:1.0
may:1.0
happen:1.0
2:1.0
upgrad:2.09861228866811
guess:1.0
recommend:1.0
wait:1.6931471805599454
50:1.0
030:1.6931471805599454
later:1.0
compat:1.6931471805599454
assur:1.0
interfac:1.0
card:2.09861228866811
ii:1.0
iix:1.0
iicx:1.0
etc:1.0
probabl:1.6931471805599454
avail:1.0
sooner:1.0
requir:1.0
best:1.0
patient:1.0
let:1.0
someon:1.0
el:1.0
pioneer:1.0
ad:1.0
advant:1.0
power:1.0
cach:1.0
acceler:1.0
plug:1.0
cpu:1.0
socket:1.0
leav:1.0
pd:1.0
slot:1.0
free:1.0
video:1.0
ethernet:1.0
path:1.0
lose:1.0
situat:1.0
depart:1.0
mathemat:1.0
616:1.0
957:1.0
6403:1.0
grand:1.0
rapid:1.0
mi:1.0
49546:1.0
