organ:1.0
penn:1.0
state:1.0
univers:1.0
acm108:1.0
psuvm:1.0
psu:1.0
edu:1.0
subject:1.0
daystar:1.0
turbo:1.0
040:1.6931471805599454
opinion:1.0
line:1.0
6:1.0
think:1.6931471805599454
upgrad:1.0
030:1.0
50mhz:1.6931471805599454
33version:1.0
anyon:1.0
experi:1.0
acceler:1.0
problem:1.0
speedomet:1.0
result:1.0
much:1.0
faster:1.0
basic:1.0
appreci:1.0
hear:1.0
product:1.0
plea:1.0
respond:1.0
via:1.0
email:1.0
summar:1.0
big:1.0
respons:1.0
thank:1.0
advanc:1.0
andrew:1.0
