c604223:1.0
mizzou1:1.6931471805599454
missouri:2.09861228866811
edu:1.6931471805599454
cho:1.0
chuen:1.0
wong:1.0
subject:1.0
performa:1.6931471805599454
plu:1.6931471805599454
monitor:1.6931471805599454
nntp:1.0
post:1.0
host:1.0
organ:1.0
univers:1.0
line:1.0
3:1.0
would:1.0
like:1.0
know:1.0
compat:1.0
appl:1.0
14in:1.0
color:1.0
display:1.0
vga:1.0
moniro:1.0
help:1.0
appreci:1.0
