gene:2.6094379124341005
jackatak:2.09861228866811
raider:2.09861228866811
net:2.09861228866811
wright:2.09861228866811
subject:1.0
mac:1.6931471805599454
portabl:1.6931471805599454
intern:1.6931471805599454
fax:1.6931471805599454
modem:1.6931471805599454
organ:1.0
jack:1.0
amaz:1.0
cockroach:1.0
capitalist:1.0
ventur:1.0
line:1.0
8:1.0
anyon:1.0
know:1.6931471805599454
still:1.0
get:1.0
origin:1.0
made:1.0
sever:1.0
manufactur:1.0
find:1.0
thank:1.0
help:1.0
615:1.0
377:1.0
5980:1.0
