rogntorb:2.09861228866811
idt:2.09861228866811
unit:2.09861228866811
torbj:2.09861228866811
rn:2.09861228866811
rogn:2.09861228866811
subject:1.0
ad:1.0
int:1.0
hard:2.791759469228055
disk:3.5649493574615367
drive:2.791759469228055
iicx:2.386294361119891
keyword:1.0
mac:2.09861228866811
intern:2.386294361119891
scsi:2.09861228866811
repli:1.0
organ:1.0
div:1.0
c:1.0
telemat:1.0
norwegian:1.0
institut:1.0
technolog:1.0
line:1.0
32:1.0
seen:1.0
much:1.0
info:1.0
add:1.0
extra:2.09861228866811
would:2.09861228866811
like:1.6931471805599454
tri:1.0
wonder:1.0
someon:1.0
good:1.0
advic:1.0
origin:1.0
quantum:1.0
40mb:1.6931471805599454
unus:1.0
floppi:2.386294361119891
also:1.6931471805599454
new:2.09861228866811
spare:1.0
connor:1.0
use:1.6931471805599454
idea:1.0
replac:1.0
broken:1.0
seem:1.0
problem:1.6931471805599454
cabl:2.386294361119891
power:2.09861228866811
insid:1.0
cx:1.0
connector:1.6931471805599454
one:1.6931471805599454
singl:1.0
made:1.0
ribbon:1.0
three:1.0
1:2.09861228866811
motherboard:1.6931471805599454
2:1.0
work:1.0
abl:1.0
suppli:1.0
termin:1.0
suppos:1.0
remov:1.6931471805599454
resistor:1.0
pack:1.0
closest:1.0
leav:1.0
instal:1.0
id:2.09861228866811
jumper:1.0
chang:1.0
get:1.0
old:1.0
0:1.0
u:1.0
extern:1.0
boot:1.0
thank:1.0
email:1.0
