organ:1.0
rohm:1.0
haa:1.0
compani:1.0
rbpj4h:1.0
rohvm1:1.0
rohmhaa:1.0
com:1.0
subject:1.0
want:1.0
120m:1.6931471805599454
hard:1.6931471805599454
drive:1.6931471805599454
line:1.0
5:1.6931471805599454
market:1.0
iisi:1.0
80:1.0
almost:1.0
fill:1.0
anyon:1.6931471805599454
sell:1.6931471805599454
hd:1.0
mac:1.0
cheap:1.0
get:1.0
one:1.0
mail:1.0
order:1.0
best:1.6931471805599454
place:1.0
buy:1.0
price:1.0
net:1.0
newsgroup:1.0
wholesal:1.0
cheaper:1.0
info:1.0
would:1.0
appreci:1.0
thank:1.0
