petrack:2.386294361119891
vnet:2.09861228866811
ibm:2.09861228866811
com:2.09861228866811
subject:1.0
disabl:1.0
power:2.386294361119891
manag:2.386294361119891
interrupt:1.0
repli:1.0
disclaim:1.0
post:1.0
may:1.0
contain:1.0
view:1.0
news:1.0
softwar:1.0
usenet:1.0
3:1.6931471805599454
1:2.09861228866811
line:1.0
21:1.0
could:1.6931471805599454
someon:1.0
plea:1.0
one:1.0
follow:1.0
point:1.6931471805599454
init:2.791759469228055
allow:1.6931471805599454
turn:2.09861228866811
duo:1.6931471805599454
210:1.6931471805599454
write:2.09861228866811
would:2.09861228866811
2:1.0
document:1.0
explain:1.0
total:1.0
partial:1.0
imposs:1.0
ideal:1.0
cours:1.0
like:1.0
abl:1.0
fli:1.0
sure:1.6931471805599454
help:1.0
powerbook:1.0
owner:1.0
want:1.0
midi:1.0
imagin:1.0
possibl:1.0
unless:1.6931471805599454
requir:1.0
appl:2.09861228866811
divlug:1.0
secret:1.0
case:1.0
bring:1.0
new:1.0
model:1.0
fast:1.0
day:1.0
even:1.0
know:1.0
work:1.0
scott:1.0
haifasc3:1.0
