donovan:2.386294361119891
bnr:1.6931471805599454
ca:1.6931471805599454
marc:2.09861228866811
subject:1.0
want:1.0
use:2.791759469228055
deskjet:2.791759469228055
system7:2.791759469228055
nntp:1.0
post:1.0
host:1.0
bcarh1e:1.0
organ:1.0
bell:1.0
northern:1.0
research:1.0
ltd:1.0
ottawa:1.0
distribut:1.0
comp:1.0
line:1.0
30:1.0
articl:1.0
mori:2.386294361119891
93apr16133900:1.0
cere:1.0
mfd:2.09861228866811
c:2.09861228866811
fujitsu:2.09861228866811
co:2.09861228866811
jp:2.09861228866811
volga:1.6931471805599454
tsuyoshi:1.0
write:1.0
hp:2.09861228866811
orang:1.6931471805599454
micro:1.6931471805599454
grappler:2.386294361119891
l:2.386294361119891
system6:1.0
0:2.09861228866811
5:1.6931471805599454
updat:1.0
system:1.0
6:1.0
kanji:1.0
talk:1.6931471805599454
7:1.0
1:2.09861228866811
print:2.09861228866811
old:1.0
plea:1.0
tell:1.0
thank:1.0
japan:1.0
current:1.0
ver:1.6931471805599454
work:1.6931471805599454
cours:1.0
swa:1.6931471805599454
dutch:1.0
swiss:1.0
font:1.6931471805599454
came:1.0
due:1.0
4x:1.0
size:1.0
requir:1.0
ie:1.0
must:1.0
40pnt:1.0
definit:1.6931471805599454
10pnt:1.0
upgrad:1.6931471805599454
state:1.0
2:1.0
howev:1.0
u:1.0
40:1.0
pas:1.0
hope:1.0
help:1.0
voic:1.0
613:1.6931471805599454
765:1.0
2868:1.0
fax:1.0
763:1.0
9250:1.0
disclaim:1.0
one:1.0
respons:1.0
opinion:1.0
