peter:1.6931471805599454
tesla:1.0
mitr:2.09861228866811
org:1.6931471805599454
engel:1.6931471805599454
subject:1.0
2:2.09861228866811
question:1.6931471805599454
centri:1.6931471805599454
650:2.09861228866811
ram:2.09861228866811
nntp:1.0
post:1.6931471805599454
host:1.0
organ:1.0
corpor:1.0
distribut:1.0
usa:1.0
line:1.0
28:1.0
articl:1.6931471805599454
mcguir:2.09861228866811
1085350200f:1.0
newsserv:1.0
utcc:1.0
utk:1.6931471805599454
edu:2.386294361119891
utkvx:1.0
michael:1.0
wrote:1.6931471805599454
1993apr16:1.0
075822:1.0
22121:1.0
galileo:1.0
cc:1.6931471805599454
rochest:1.6931471805599454
hlsw:1.0
ltd:1.0
uhura:1.0
dave:1.0
hollinsworth:1.0
littl:1.0
luck:1.0
could:1.6931471805599454
c650:2.09861228866811
sometim:1.0
near:1.0
futur:1.0
wonder:1.0
someon:1.0
clear:1.0
two:1.6931471805599454
1:1.0
speed:1.0
simm:2.791759469228055
need:1.6931471805599454
want:1.0
know:1.0
80n:1.6931471805599454
vram:1.0
sure:1.0
main:1.0
60n:1.0
72:1.0
pin:1.0
heard:1.0
conflict:1.0
stori:1.0
total:1.6931471805599454
expand:1.0
132:1.0
136:1.0
meg:2.6094379124341005
true:1.0
perhap:1.0
anoth:1.0
phrase:1.0
would:1.0
better:1.0
8:1.6931471805599454
version:1.0
come:1.0
logic:1.0
board:1.6931471805599454
4:2.09861228866811
config:1.0
4mb:1.0
8mb:1.0
case:1.0
memori:1.6931471805599454
solder:1.0
leav:1.0
socket:1.0
open:1.0
132mb:1.0
address:1.0
accord:1.0
seen:1.0
sever:1.0
time:1.0
dale:1.0
adam:1.0
appl:1.0
comput:1.0
610:1.0
requir:1.6931471805599454
60:1.6931471805599454
n:1.6931471805599454
800:1.0
pete:1.0
