eric:2.6094379124341005
netcom:2.09861228866811
com:2.09861228866811
smith:1.6931471805599454
subject:1.0
pb100:2.09861228866811
memori:1.6931471805599454
upgrad:2.386294361119891
organ:1.0
line:1.6931471805599454
commun:1.0
servic:1.0
408:1.0
241:1.0
9760:1.0
guest:1.0
16:1.0
jeff:1.0
eniac:1.0
sea:1.0
upenn:1.0
edu:1.0
georg:1.0
write:1.0
use:2.09861228866811
differ:1.6931471805599454
newer:1.0
model:1.0
look:1.0
buy:1.0
2mb:1.6931471805599454
need:1.0
know:1.0
powerbook:1.6931471805599454
card:1.0
think:1.0
2:1.0
meg:2.09861228866811
4:1.0
6:1.0
pb:1.0
infoserv:1.0
ci:1.0
70262:1.0
3610:1.0
