sloubtin:1.6931471805599454
dsg:2.09861228866811
c:1.6931471805599454
tcd:1.6931471805599454
ie:1.6931471805599454
sylvain:1.6931471805599454
louboutin:1.6931471805599454
subject:1.0
fpu:1.6931471805599454
se:2.386294361119891
probabl:1.0
dumb:1.0
question:1.0
organ:1.0
dept:1.0
comput:1.6931471805599454
scienc:1.6931471805599454
triniti:1.6931471805599454
colleg:1.6931471805599454
dublin:1.6931471805599454
line:1.0
11:1.0
possibl:1.6931471805599454
fit:1.0
mac:1.0
30:1.0
plain:1.0
old:1.0
would:1.6931471805599454
get:1.0
speed:1.0
increas:1.0
refer:1.0
chip:1.0
thank:1.0
advanc:1.0
r:1.0
phone:1.0
353:1.6931471805599454
1:1.6931471805599454
7021539:1.0
e:1.0
mail:1.0
distribut:1.0
system:1.0
group:1.0
reilli:1.0
institut:1.0
room:1.0
f:1.0
35:1.0
fax:1.0
6772204:1.0
depart:1.0
2:1.0
ireland:1.0
ask:1.0
18:1.0
