lriggin:1.6931471805599454
afit:2.09861228866811
af:2.09861228866811
mil:2.09861228866811
l:1.0
mauric:1.6931471805599454
riggin:1.0
subject:1.0
lciii:1.6931471805599454
cach:1.6931471805599454
card:1.6931471805599454
summari:1.0
rumor:1.6931471805599454
announc:1.0
nntp:1.0
post:1.0
host:1.0
bat:1.0
organ:1.0
air:1.0
forc:1.0
institut:1.0
technolog:1.0
line:1.0
4:1.0
anyon:1.0
seen:1.0
press:1.0
releas:1.0
heard:1.0
full:1.0
data:1.0
bu:1.0
width:1.0
pd:1.0
slot:1.0
internet:1.0
