ccw:1.6931471805599454
lancelot:1.0
nosubdomain:1.0
nodomain:1.0
christoph:1.0
wood:1.6931471805599454
subject:1.0
long:1.0
ram:2.09861228866811
simm:1.6931471805599454
last:1.0
organ:1.0
bellcor:2.09861228866811
livingston:1.0
nj:1.0
distribut:1.0
usa:1.0
line:1.0
21:1.0
articl:1.6931471805599454
noah:2.6094379124341005
160493095418:1.0
appl:1.6931471805599454
com:2.09861228866811
price:1.0
write:1.0
1993apr11:1.0
234818:1.0
1755:1.0
ultb:1.6931471805599454
isc:1.6931471805599454
rit:1.6931471805599454
edu:1.6931471805599454
jek5036:1.0
j:1.0
e:1.0
king:1.0
wrote:1.0
1:1.0
mb:1.0
1024:1.6931471805599454
8:1.0
move:2.09861228866811
flip:2.09861228866811
flop:2.09861228866811
anybodi:1.0
much:2.09861228866811
bigger:1.0
electron:1.6931471805599454
dynam:1.0
base:1.6931471805599454
basic:1.0
singl:1.0
transistor:1.0
capacitor:1.0
store:1.0
bit:1.0
static:1.0
expens:1.0
le:1.0
den:1.0
neither:1.0
part:1.0
thermal:1.0
expans:1.0
ignor:1.0
chri:1.6931471805599454
ctt:1.0
