root:1.6931471805599454
ncube:2.386294361119891
com:2.09861228866811
oper:1.0
subject:1.0
accelarator:2.09861228866811
nntp:1.0
post:1.0
host:1.0
admin:1.0
repli:1.0
organ:1.0
corp:1.0
foster:1.0
citi:1.0
ca:1.0
line:1.0
27:1.0
make:1.0
lot:1.0
differ:1.0
understand:1.0
graphic:1.6931471805599454
cpu:1.0
accelar:1.6931471805599454
help:1.0
scanner:1.0
photo:1.0
shop:1.0
combin:1.0
practic:1.0
mac:1.0
iici:1.0
kind:1.0
use:1.0
captain:1.0
zod:1.6931471805599454
0:1.6931471805599454
