seanmcd:1.6931471805599454
ac:1.6931471805599454
dal:1.6931471805599454
ca:1.6931471805599454
subject:1.0
powerpc:3.1972245773362196
rumin:1.0
lciii:2.09861228866811
organ:1.0
dalhousi:1.0
univers:1.6931471805599454
halifax:1.0
nova:1.0
scotia:1.0
canada:1.0
line:1.0
47:1.0
articl:1.6931471805599454
186177:1.0
pyramid:2.09861228866811
com:1.6931471805599454
andrem:1.0
pyrtech:1.0
mi:1.0
andr:1.0
molyneux:1.0
write:1.6931471805599454
1qksuq:1.0
1tt8:1.0
hal:1.6931471805599454
gnu:2.09861228866811
ai:2.09861228866811
mit:2.09861228866811
edu:2.09861228866811
mirski:2.386294361119891
david:1.6931471805599454
joshua:1.0
hi:1.0
recent:1.0
heard:2.6094379124341005
interest:2.09861228866811
rumor:1.0
built:1.0
slot:2.386294361119891
chip:1.6931471805599454
true:2.09861228866811
pd:2.386294361119891
thank:1.0
well:1.0
also:1.6931471805599454
lc:2.6094379124341005
iii:1.0
pop:1.0
top:1.0
reveal:1.0
tone:2.09861228866811
socket:2.09861228866811
addit:1.6931471805599454
vram:1.0
simm:1.6931471805599454
72:1.0
pin:1.0
ram:1.0
flat:1.0
pack:1.0
fpu:1.0
ta:1.0
processor:1.0
direct:1.0
ident:1.0
ii:1.6931471805599454
tan:1.0
set:1.0
connet:1.0
one:1.0
side:1.0
full:1.0
32:1.0
bit:1.6931471805599454
tdata:1.0
path:1.0
lack:1.0
guess:1.6931471805599454
board:1.6931471805599454
could:1.0
made:1.0
would:1.6931471805599454
fit:1.0
place:1.0
possibl:1.0
nubu:2.09861228866811
upgrad:1.0
requir:1.0
logic:1.0
swap:1.0
appl:1.6931471805599454
come:1.0
allow:1.0
use:1.0
cpu:1.0
680x0:1.0
like:1.6931471805599454
rocketshar:1.0
get:1.0
fantast:1.0
wonder:1.0
sinc:1.0
macweek:1.0
report:1.0
develop:2.09861228866811
seed:1.0
card:1.0
word:1.0
machin:1.6931471805599454
arriv:1.6931471805599454
estim:1.6931471805599454
speed:1.6931471805599454
last:1.0
around:1.0
3:1.0
4:1.0
time:1.0
quadra:1.0
nativ:1.0
risc:1.0
mode:1.0
employe:1.0
mumbl:1.0
someth:1.0
much:1.0
earlier:1.0
date:1.0
q1:1.0
94:1.0
doubt:1.0
final:1.0
cd:1.0
mini:1.0
cours:1.0
avail:1.0
saw:1.0
advertis:1.0
calendar:1.0
know:1.0
sean:1.0
