higgin:2.791759469228055
fnalf:1.6931471805599454
fnal:2.6094379124341005
gov:2.09861228866811
bill:1.6931471805599454
beam:1.0
jockey:1.0
subject:1.0
pd:2.6094379124341005
v:1.6931471805599454
nubu:2.791759469228055
lc:2.09861228866811
iii:1.6931471805599454
capabl:1.0
nntp:1.0
post:1.0
host:1.0
organ:1.0
fermi:1.6931471805599454
nation:1.6931471805599454
acceler:1.6931471805599454
laboratori:1.6931471805599454
line:1.0
24:1.0
articl:1.0
c5kzl:1.0
kkb:1.0
dartvax:1.0
dartmouth:1.6931471805599454
edu:1.6931471805599454
hade:1.0
coo:1.0
brian:1.0
hugh:1.0
write:1.6931471805599454
mmiller:1.0
garnet:1.0
msen:1.0
com:1.0
marvin:1.6931471805599454
miller:1.0
friend:1.6931471805599454
recent:1.0
purchas:1.0
want:1.0
know:1.0
demon:1.0
call:1.0
adapt:1.0
slot:1.0
famili:1.0
mac:1.0
use:1.6931471805599454
card:1.6931471805599454
abl:1.6931471805599454
ah:1.0
technic:1.0
hip:1.0
macsling:1.0
tell:1.0
u:1.0
differ:1.0
imposs:1.0
make:1.0
gadget:1.0
plug:1.0
end:1.0
cage:1.0
least:1.0
locat:1.0
one:1.0
neither:1.0
fundament:1.0
reason:1.0
zap:1.0
bitnet:1.6931471805599454
internet:1.0
span:1.0
hepnet:1.0
43011:1.0
