sven:1.6931471805599454
guck:2.09861228866811
math:1.0
fu:1.0
berlin:1.6931471805599454
de:1.0
subject:1.6931471805599454
look:1.6931471805599454
free:1.6931471805599454
share:1.0
ware:1.0
origin:1.0
medusa:1.0
x:1.6931471805599454
mail:1.0
reader:1.6931471805599454
elm:1.0
2:1.0
4:1.6931471805599454
pl21:1.0
organ:1.0
univers:1.0
germani:1.0
distribut:1.0
comp:2.791759469228055
news:1.6931471805599454
nn:1.0
6:1.0
13:1.6931471805599454
line:1.0
14:1.0
young:1.6931471805599454
u:1.0
tokyo:1.0
ac:1.0
jp:1.0
shio:1.0
hong:1.0
write:1.0
ftp:1.6931471805599454
site:1.6931471805599454
freewar:1.0
sharewar:1.0
mac:2.791759469228055
help:1.0
lot:1.0
driver:1.0
sourc:1.0
code:1.0
inform:1.0
appreci:1.0
f:1.0
q:1.0
refer:1.0
newsgroup:1.0
sy:2.6094379124341005
app:1.0
misc:1.0
system:1.0
tcomp:1.0
want:1.0
hardwar:1.0
answer:1.6931471805599454
introductori:1.0
macintosh:1.0
frequent:1.0
ask:1.0
question:1.0
faq:1.0
