tpeng:2.09861228866811
umich:2.386294361119891
edu:2.386294361119891
timothi:1.0
richard:1.0
peng:1.0
subject:1.0
appl:1.0
14:1.0
monitor:1.6931471805599454
organ:1.0
univers:1.0
michigan:1.0
ann:1.0
arbor:1.0
line:1.0
4:1.0
repli:1.0
nntp:1.0
post:1.0
host:1.0
livi:1.6931471805599454
cc:1.6931471805599454
itd:1.6931471805599454
origin:1.0
must:1.0
faq:1.0
first:1.0
day:1.0
13:1.0
rgb:1.0
better:1.0
well:1.0
nec:1.0
4fg:1.0
3fgx:1.0
pretti:1.0
nice:1.0
