csp1dwd:1.6931471805599454
mv:1.6931471805599454
oac:1.6931471805599454
ucla:1.6931471805599454
edu:1.6931471805599454
subject:1.0
duo:1.6931471805599454
park:2.6094379124341005
hd:1.0
head:2.6094379124341005
iddl:1.6931471805599454
nntp:1.0
post:1.0
host:1.0
line:1.0
8:1.0
powerbook:1.0
seem:1.0
second:1.6931471805599454
inact:1.6931471805599454
builtin:1.0
drive:1.0
logic:1.0
program:1.0
via:1.0
softwar:1.0
way:1.0
tune:1.0
timeout:1.0
make:1.0
think:1.0
sinc:1.0
hear:1.0
clunk:1.0
deni:1.0
