dleonard:2.386294361119891
wixer:2.6094379124341005
bga:2.09861228866811
com:2.09861228866811
dale:1.0
leonard:1.6931471805599454
subject:1.6931471805599454
trade:1.6931471805599454
mac:2.9459101490553135
se:2.386294361119891
system:2.791759469228055
color:2.791759469228055
articl:1.0
1993apr16:1.0
181557:1.0
11264:1.0
organ:1.0
real:1.0
time:1.0
commun:1.0
line:1.0
31:1.0
ok:1.0
want:1.6931471805599454
get:1.0
care:1.0
lc:1.0
ii:2.09861228866811
go:1.6931471805599454
machin:1.0
prefer:1.0
present:1.0
plu:1.0
cash:1.0
equip:1.0
right:1.0
full:1.0
buy:1.0
outright:1.0
4:1.6931471805599454
20:1.6931471805599454
intern:1.0
800k:1.6931471805599454
drive:1.6931471805599454
meg:1.0
extern:1.6931471805599454
imagewrit:1.0
ribbon:1.0
stuff:1.0
got:1.0
3:1.0
modem:1.0
will:1.0
give:1.0
1:1.0
9600:2.09861228866811
2400:1.6931471805599454
multitech:1.6931471805599454
multimodem:1.0
data:1.6931471805599454
fax:1.0
u:1.0
robot:1.0
sportster:1.0
microcom:1.6931471805599454
qx:1.0
12k:1.0
normal:1.0
connect:1.6931471805599454
highest:1.0
faster:1.0
anoth:1.0
usr:1.0
brand:1.0
new:1.0
interest:1.0
send:1.0
e:1.0
mail:1.0
primari:1.0
judi:1.0
stamp:2.09861228866811
misc:1.0
topic:1.0
dog:1.0
cat:1.0
basebal:1.0
mani:1.6931471805599454
secondari:1.0
inform:1.0
call:1.0
toni:1.0
cactu:1.0
org:1.0
512:1.0
837:1.0
0022:1.0
busi:1.0
number:1.0
