organ:1.0
univers:1.0
main:2.6094379124341005
system:1.0
jon:2.09861228866811
carr:1.6931471805599454
io91748:1.6931471805599454
edu:1.6931471805599454
subject:1.0
pin:2.386294361119891
map:1.0
8pin:1.0
din:1.0
cabl:2.09861228866811
line:1.0
26:1.0
1:1.6931471805599454
2:1.6931471805599454
3:1.0
face:1.0
femal:1.6931471805599454
plug:1.6931471805599454
end:1.6931471805599454
4:1.0
5:1.0
6:1.0
7:1.0
8:1.0
anyon:1.6931471805599454
recogn:1.0
littl:1.0
layout:1.0
eight:1.0
connector:1.0
use:2.09861228866811
mani:1.0
mac:1.0
peripher:1.0
problem:2.09861228866811
printer:1.0
cheap:1.6931471805599454
configur:1.0
switch:1.0
coupl:1.0
one:1.0
want:1.0
b:1.0
box:1.6931471805599454
know:1.0
get:1.0
revers:1.0
creativ:1.0
edit:1.0
intern:1.0
help:1.0
would:1.0
greatli:1.0
appreci:1.0
umain:1.0
93:1.0
1993:1.0
ncaa:1.0
champion:1.0
42:1.0
black:1.0
bear:1.0
n:1.0
e:1.0
go:1.0
blue:1.0
