ray:2.386294361119891
netcom:2.09861228866811
com:1.6931471805599454
fischer:1.6931471805599454
subject:1.0
x86:1.0
680x0:1.0
compar:1.0
organ:1.0
san:1.0
jose:1.0
california:1.0
distribut:1.0
usa:1.0
line:1.0
36:1.0
dhk:1.0
ubbpc:1.0
uucp:1.0
dave:1.0
kitabjian:1.0
write:1.0
sure:1.6931471805599454
intel:1.0
motorola:1.0
compet:1.0
neck:1.6931471805599454
crunch:1.0
power:1.0
given:1.6931471805599454
clock:2.791759469228055
speed:3.4849066497880004
rank:1.0
follow:1.6931471805599454
1st:1.0
6th:1.0
486:1.6931471805599454
t68040:1.0
386:1.6931471805599454
t68030:1.0
286:1.6931471805599454
t68020:1.0
040:1.0
030:1.0
020:1.0
fit:1.0
list:1.0
68060:1.0
pentium:1.6931471805599454
powerpc:1.6931471805599454
060:1.0
fastest:1.0
first:1.0
version:1.0
somewher:1.0
vicin:1.0
doubl:1.6931471805599454
overal:1.6931471805599454
processor:2.386294361119891
fill:1.0
68030:1.6931471805599454
mhz:1.6931471805599454
68040:1.6931471805599454
comput:1.6931471805599454
partli:1.0
depend:1.0
memori:2.386294361119891
system:2.386294361119891
play:1.0
larg:1.0
role:1.0
video:1.0
rate:1.0
go:1.0
becom:1.0
greatest:1.0
factor:1.0
50mhz:1.0
read:1.0
anoth:1.0
word:1.0
everi:1.0
20n:1.6931471805599454
put:1.0
cost:1.0
10:1.0
time:1.0
much:1.0
slower:1.0
80n:1.0
simm:1.0
roughli:1.0
twice:1.0
fast:1.0
convict:1.0
danger:1.0
enemi:1.0
truth:1.0
lie:1.0
friedrich:1.0
nietzsch:1.0
