zia:2.09861228866811
castl:1.6931471805599454
ed:1.6931471805599454
ac:1.6931471805599454
uk:1.6931471805599454
manji:1.0
subject:1.0
help:1.0
e:2.09861228866811
mail:2.09861228866811
address:2.6094379124341005
caer:1.6931471805599454
corpor:2.09861228866811
organ:1.0
edinburgh:1.0
univers:1.0
line:1.0
19:1.0
ti:1.0
look:1.0
ttheir:1.0
tcaer:1.0
t100:1.0
cooper:1.0
court:1.0
tlo:1.0
gato:1.0
tcalifonia:1.0
95030:1.0
tif:1.0
know:1.0
access:1.0
find:1.0
plea:1.0
could:1.0
tyou:1.0
send:1.0
tmi:1.0
tthank:1.0
advanc:1.0
tzia:1.0
