deguzman:2.386294361119891
math:1.6931471805599454
uiuc:2.09861228866811
edu:1.6931471805599454
subject:1.0
non:1.0
appl:1.0
mini:1.6931471805599454
dock:1.6931471805599454
avail:1.0
repli:1.0
organ:1.0
calculu:1.6931471805599454
mathematica:2.09861228866811
line:1.0
10:1.0
bos:1.0
consid:1.0
purchas:1.0
powerbook:1.0
duo:1.6931471805599454
lean:1.0
toward:1.0
180:1.0
coprocessor:1.6931471805599454
would:1.0
get:1.0
could:1.0
find:1.0
third:1.0
parti:1.0
announc:1.0
beast:1.0
alan:1.0
geniu:1.0
never:1.0
understood:1.0
time:1.0
disclaim:1.0
univers:1.0
calvin:1.6931471805599454
hobb:1.6931471805599454
afford:1.0
opinion:1.0
indispens:1.0
