bill:2.09861228866811
lhots:1.0
hao:1.0
ucar:1.0
edu:1.0
robert:1.0
subject:1.0
upgrad:1.0
pb170:1.0
memori:1.0
organ:1.0
high:1.0
altitud:1.0
observatori:1.0
boulder:1.0
co:1.0
80303:1.0
distribut:1.0
usa:1.0
line:1.0
8:1.0
one:1.0
origin:1.0
powerbook:1.0
170:1.0
4mb:1.6931471805599454
ram:1.6931471805599454
find:1.0
drag:1.0
tri:1.0
work:1.0
best:1.6931471805599454
way:1.0
get:1.6931471805599454
maximum:1.0
unit:1.0
go:1.0
cost:1.0
hope:1.0
latest:1.0
info:1.0
real:1.0
user:1.0
post:1.0
group:1.0
thank:1.0
advanc:1.0
