david:2.386294361119891
anthoni:2.09861228866811
guevara:2.386294361119891
cup:2.09861228866811
portal:2.386294361119891
com:2.09861228866811
subject:1.0
centri:2.09861228866811
650:2.09861228866811
math:2.386294361119891
coprocessor:2.791759469228055
option:2.386294361119891
organ:1.0
system:1.6931471805599454
tm:1.0
distribut:1.0
usa:1.0
line:1.0
21:1.0
sorri:1.0
faq:1.0
normal:1.0
read:1.0
comp:1.0
sy:1.0
mac:1.0
hardwar:1.6931471805599454
purchas:1.6931471805599454
coupl:1.0
configur:1.0
follow:1.0
teight:1.0
8:1.0
mb:1.6931471805599454
ram:1.0
tethernet:1.0
t1:1.0
vram:1.0
tmath:1.0
agent:1.0
told:1.0
sent:1.0
appl:1.6931471805599454
summari:1.0
document:1.0
prove:1.0
order:1.0
realli:1.0
sure:1.0
need:1.0
thought:1.0
040:1.6931471805599454
chip:2.09861228866811
built:1.0
architectur:1.0
keep:1.0
speed:1.0
concern:1.0
may:1.0
set:1.0
bottleneck:1.0
plea:1.0
send:1.0
respons:1.0
summar:1.0
enough:1.0
interest:1.0
thank:1.0
internet:1.0
