pilon:2.09861228866811
aix02:1.6931471805599454
ec:1.6931471805599454
rpi:2.09861228866811
edu:2.09861228866811
j:1.6931471805599454
subject:1.0
iicx:1.0
turn:1.0
nntp:1.0
post:1.0
host:1.0
line:1.0
7:1.0
chang:1.0
batteri:1.0
thing:1.0
shortli:1.0
problem:1.0
first:1.0
happen:1.0
notic:1.0
inordin:1.0
number:1.0
bu:1.0
error:1.0
late:1.0
tt:1.0
tpilon:1.0
