feilimau:1.6931471805599454
leland:1.6931471805599454
stanford:2.09861228866811
edu:1.6931471805599454
christoph:1.0
yale:1.0
lin:1.6931471805599454
subject:1.0
mac:1.6931471805599454
iisi:2.6094379124341005
cach:2.09861228866811
option:2.09861228866811
organ:1.0
dsg:1.0
univers:1.0
ca:1.0
94305:1.0
usa:1.6931471805599454
distribut:1.0
line:1.0
15:1.0
reader:1.0
found:1.0
upgrad:1.6931471805599454
includ:1.0
follow:1.0
t1:1.0
ae:1.0
quicksilv:1.0
t2:1.0
daystar:1.6931471805599454
fastcach:1.0
t3:1.0
combocach:1.0
t4:1.0
logicach:1.6931471805599454
64k:1.0
interest:1.0
hear:1.0
opinion:1.0
altern:1.0
cpu:1.0
acceler:1.0
50:1.0
mhz:1.0
idea:1.0
comparis:1.0
felix:1.0
