mlobbia:2.09861228866811
sdcc13:2.09861228866811
ucsd:2.386294361119891
edu:2.791759469228055
kaneda:1.0
subject:1.0
summari:2.09861228866811
zyxel:2.791759469228055
string:3.5649493574615367
keyword:1.0
zterm:3.1972245773362196
firstclass:3.0794415416798357
telefind:2.6094379124341005
line:2.09861228866811
90:1.0
nntp:1.0
post:1.0
host:1.0
write:2.09861228866811
recent:1.0
got:1.0
u:1.0
1496e:1.0
modem:3.833213344056216
great:1.0
still:1.6931471805599454
problem:2.09861228866811
figur:1.0
use:3.302585092994046
applic:1.0
basic:1.0
need:1.0
z:2.386294361119891
term:2.386294361119891
client:1.6931471805599454
abl:1.0
get:2.09861228866811
work:2.386294361119891
anoth:1.0
set:3.772588722239781
copi:1.0
howev:1.0
exampl:1.0
list:1.0
error:1.0
first:1.6931471805599454
time:1.0
tri:1.6931471805599454
dial:1.6931471805599454
start:2.386294361119891
cancel:1.0
fine:1.6931471805599454
even:2.09861228866811
wors:1.0
wake:1.0
anyon:1.6931471805599454
program:2.09861228866811
greatli:1.0
appreci:1.0
send:1.0
setup:1.6931471805599454
thank:1.0
advanc:1.0
yoshio:1.0
c:1.0
ucla:1.0
initi:2.6094379124341005
follow:1.0
atz4:1.0
d0:2.6094379124341005
w0:1.0
init:1.0
atz0:1.0
rsmith:1.0
pearl:1.0
tuft:1.0
rod:1.0
smith:1.0
help:1.0
close:1.0
two:1.0
week:1.0
hardwar:2.09861228866811
handshak:2.09861228866811
bp:1.0
rate:1.0
57:1.0
600:1.0
probabl:1.0
alreadi:1.0
done:1.0
type:1.0
w:1.0
ignor:1.0
dtr:2.09861228866811
necessari:1.0
though:1.0
mac:1.6931471805599454
cabl:1.0
second:1.0
store:1.6931471805599454
non:1.0
volatil:1.0
memori:1.0
default:1.6931471805599454
prefer:1.6931471805599454
dialog:1.0
z0:2.09861228866811
insur:1.0
someth:1.6931471805599454
like:1.6931471805599454
fax:1.0
softwar:1.0
macwoof:1.0
chang:2.09861228866811
way:2.386294361119891
altern:1.0
could:1.0
leav:1.0
factori:1.0
would:1.6931471805599454
accomplish:1.0
thing:1.0
alway:1.6931471805599454
modifi:1.6931471805599454
sometim:1.0
forget:1.0
turn:1.0
launch:1.0
assur:1.0
correct:1.0
handl:1.6931471805599454
power:1.0
compar:1.0
command:1.6931471805599454
refer:1.0
guid:1.0
came:1.0
atz0l2n2x5:1.0
d0s11:1.0
50:2.09861228866811
enter:1.0
box:1.6931471805599454
quick:1.0
commmand:1.0
reset:1.0
user:1.6931471805599454
profil:1.0
0:1.6931471805599454
l2:1.0
speaker:1.0
volum:1.6931471805599454
2:1.6931471805599454
fairli:1.6931471805599454
quiet:1.6931471805599454
n2:1.0
ring:1.0
x5:1.0
display:1.0
connect:1.0
info:1.6931471805599454
accord:1.0
5:1.0
see:1.0
manual:1.0
assum:1.0
comput:1.0
s11:1.6931471805599454
speed:1.0
fast:1.0
addit:1.0
s0:1.0
right:1.0
disabl:1.0
auto:1.0
answer:1.0
function:1.0
base:1.6931471805599454
supra:1.0
14:1.0
4fax:1.0
mention:1.0
zoom:1.0
v42:1.0
hh:1.0
one:1.0
everyth:1.0
seem:1.0
sorri:1.0
took:1.0
long:1.0
someon:1.0
want:1.0
forward:1.0
report:1.0
directori:1.0
sumex:1.0
aim:1.0
might:1.0
save:1.6931471805599454
newbi:1.0
troubl:1.0
also:1.0
net:1.0
redund:1.0
messag:1.0
el:1.0
add:1.0
feel:1.0
free:1.0
marcu:1.6931471805599454
lobbia:1.0
