chyang:1.0
engin:2.09861228866811
umich:1.6931471805599454
edu:1.6931471805599454
chung:1.6931471805599454
hsiung:1.0
yang:1.6931471805599454
subject:1.0
x86:1.0
680x0:1.0
compar:1.6931471805599454
organ:1.0
univers:1.0
michigan:1.0
ann:1.0
arbor:1.0
line:1.6931471805599454
55:1.0
distribut:1.0
world:1.0
nntp:1.0
post:1.0
host:1.0
leghorn:1.0
articl:1.6931471805599454
27837:1.0
2bd08c3a:1.0
zeu:1.0
ieee:1.0
org:2.09861228866811
michael:2.386294361119891
amer:2.386294361119891
f204:1.6931471805599454
n2603:1.6931471805599454
z1:1.6931471805599454
fidonet:1.6931471805599454
write:1.0
believ:1.0
goe:1.0
go:1.0
680060:1.6931471805599454
powerpc:2.09861228866811
pentium:1.6931471805599454
680040:1.0
486:2.09861228866811
680030:1.0
386:1.0
680020:1.0
286:1.0
680000:1.0
ti:1.6931471805599454
think:2.09861228866811
kind:1.0
comparison:1.0
pretti:1.6931471805599454
useless:1.0
gener:1.0
processor:2.9459101490553135
good:2.09861228866811
comput:2.09861228866811
design:2.6094379124341005
around:1.0
adn:1.0
use:2.09861228866811
purpos:1.0
speed:2.6094379124341005
dumb:1.0
increas:1.6931471805599454
clock:1.0
among:1.0
thing:1.6931471805599454
mean:1.0
say:2.09861228866811
040:2.9459101490553135
faster:1.6931471805599454
without:1.0
give:1.0
oper:1.0
condit:1.0
run:1.6931471805599454
program:1.0
lot:1.0
transident:1.6931471805599454
function:1.6931471805599454
know:1.0
build:1.0
fpu:1.0
still:1.0
tanyway:1.0
hope:1.0
peopl:1.0
decid:1.0
upon:1.0
wether:1.0
sole:1.0
fast:1.6931471805599454
base:2.09861228866811
name:1.0
one:2.09861228866811
alway:1.0
certain:1.0
tbut:1.0
restrict:1.0
arguement:1.0
exampl:1.0
pure:1.0
architectur:1.0
issu:1.0
work:1.0
well:1.0
anoth:1.0
get:1.0
somewher:1.0
discus:1.0
resent:1.0
macmag:1.0
50mhz:1.0
030:2.09861228866811
acceler:1.0
slightli:1.0
slower:1.0
25mhz:1.0
accel:1.0
system:2.6094379124341005
stand:1.0
reason:1.0
ie:1.0
quadra:1.6931471805599454
would:1.0
better:1.0
overal:1.0
figur:1.0
2:1.0
5:1.0
along:1.0
new:1.0
stuff:1.0
suppos:1.0
level:1.0
8:1.0
whatev:1.0
allow:1.0
3:1.0
time:1.0
wait:1.0
lap:1.0
pro:1.6931471805599454
life:1.0
woman:1.0
internet:1.0
