rvenkat:1.6931471805599454
ux4:1.0
cso:1.0
uiuc:1.6931471805599454
edu:1.6931471805599454
ravikuma:1.0
venkateswar:1.6931471805599454
subject:1.0
x86:1.0
680x0:1.0
compar:1.0
distribut:1.0
usa:1.0
organ:1.0
univers:1.0
illinoi:1.0
urbana:1.0
line:1.0
59:1.0
ray:2.386294361119891
netcom:1.6931471805599454
com:1.6931471805599454
fischer:1.6931471805599454
write:1.6931471805599454
dhk:1.0
ubbpc:1.0
uucp:1.0
dave:1.0
kitabjian:1.0
sure:1.6931471805599454
intel:1.0
motorola:1.0
compet:1.0
neck:1.6931471805599454
crunch:1.0
power:1.0
given:1.6931471805599454
clock:3.0794415416798357
speed:3.70805020110221
rank:1.0
follow:1.6931471805599454
1st:1.0
6th:1.0
486:1.6931471805599454
t68040:1.0
386:1.6931471805599454
t68030:1.0
286:1.6931471805599454
t68020:1.0
040:1.0
030:1.0
020:1.0
number:2.09861228866811
kind:1.0
benchmark:1.0
want:1.0
let:1.0
start:1.0
486dx2:1.0
66:1.0
32:1.0
specint92:2.386294361119891
16:1.0
specfp92:2.386294361119891
fit:1.0
list:1.0
68060:1.0
pentium:2.09861228866811
powerpc:2.09861228866811
060:1.0
fastest:1.0
first:1.0
version:1.0
somewher:1.0
vicin:1.0
66mhz:1.6931471805599454
65:1.0
57:1.0
50:1.0
80:1.0
note:1.6931471805599454
601:1.0
alpha:1.0
150mhz:1.0
74:1.0
126:1.0
comparison:1.0
doubl:2.386294361119891
overal:1.6931471805599454
processor:2.6094379124341005
fill:1.0
68030:1.6931471805599454
mhz:2.09861228866811
68040:1.6931471805599454
comput:1.6931471805599454
partli:1.0
depend:1.0
memori:2.6094379124341005
system:2.6094379124341005
play:1.0
larg:1.0
role:1.0
video:1.0
rate:1.0
go:1.0
becom:1.0
greatest:1.0
factor:1.0
50mhz:1.0
read:1.0
anoth:1.0
word:1.0
everi:1.0
20n:1.6931471805599454
put:1.0
cost:1.0
10:1.0
time:1.0
much:1.0
slower:1.0
80n:1.6931471805599454
simm:1.6931471805599454
perform:2.09861228866811
quit:1.0
signific:1.0
mayb:1.0
70:1.0
increas:1.0
besid:1.0
0:1.0
wait:1.0
state:1.0
need:1.0
cach:1.0
anyway:1.0
mean:1.0
use:1.0
run:1.0
correspond:1.0
12:1.0
5:1.0
roughli:1.0
twice:1.0
fast:1.0
convict:1.0
danger:1.0
enemi:1.0
truth:1.0
lie:1.0
friedrich:1.0
nietzsch:1.0
ravikumar:1.0
pun:1.0
bless:1.0
form:1.0
whit:1.0
