guykuo:1.6931471805599454
carson:1.6931471805599454
u:2.09861228866811
washington:2.386294361119891
edu:2.09861228866811
guy:1.6931471805599454
kuo:1.6931471805599454
subject:1.0
quadra:2.386294361119891
700:2.386294361119891
memori:2.386294361119891
instal:2.9459101490553135
faq:1.6931471805599454
organ:1.0
univers:1.0
line:1.0
69:1.0
nntp:1.0
post:1.0
host:1.0
summari:1.0
instruct:1.0
keyword:1.0
turn:1.0
violat:1.0
warranti:1.0
1:1.6931471805599454
insert:1.0
usual:2.09861228866811
disclaim:1.0
2:1.0
remov:2.386294361119891
top:1.0
lid:1.0
machin:2.09861228866811
see:1.6931471805599454
floppi:2.09861228866811
disk:1.0
hard:2.386294361119891
drive:2.9459101490553135
mount:2.09861228866811
plastic:3.0794415416798357
tower:3.772588722239781
follow:1.0
anti:1.0
static:1.0
precaut:1.0
cours:1.0
make:1.0
sure:1.6931471805599454
unplug:1.6931471805599454
wall:2.386294361119891
monitor:1.0
power:3.0794415416798357
suppli:2.791759469228055
cord:1.0
back:1.6931471805599454
tof:1.0
mac:1.0
3:1.0
pull:2.09861228866811
interlock:1.0
tab:2.791759469228055
forward:1.0
simultan:1.0
straight:2.09861228866811
piec:1.6931471805599454
left:1.0
posterior:2.09861228866811
aspect:1.0
extend:1.0
downward:1.0
hook:1.0
may:1.0
also:1.0
feel:1.0
horsesho:1.0
shape:1.0
right:2.6094379124341005
portion:1.0
leav:1.0
alon:1.0
need:1.0
releas:1.6931471805599454
4:1.0
look:1.6931471805599454
rear:1.0
assembl:3.0794415416798357
flat:1.6931471805599454
ribbon:1.6931471805599454
scsi:1.0
connector:1.6931471805599454
cabl:2.6094379124341005
lead:1.0
disconnect:1.0
motherboard:2.09861228866811
must:1.6931471805599454
squeez:1.0
5:1.0
activ:1.6931471805599454
led:1.0
clear:1.6931471805599454
6:1.0
cylindr:1.0
section:1.0
phillip:1.6931471805599454
head:1.6931471805599454
screw:1.6931471805599454
base:1.0
take:1.0
care:1.0
drop:1.6931471805599454
case:2.386294361119891
bit:1.0
gummi:1.0
glue:1.0
screwdriv:1.0
help:1.0
7:1.0
medial:1.0
side:1.0
prevent:1.0
slide:2.09861228866811
tposteriorli:1.0
entir:1.0
cm:1.6931471805599454
posteriorli:1.0
tlift:1.0
8:1.0
congratul:1.0
gain:1.6931471805599454
access:1.0
simm:2.6094379124341005
slot:1.6931471805599454
9:1.0
six:1.6931471805599454
big:1.0
vram:1.6931471805599454
one:1.0
use:1.0
video:1.0
mode:1.0
ram:1.6931471805599454
tchip:1.0
face:1.0
front:1.6931471805599454
four:1.6931471805599454
smaller:1.0
socket:1.6931471805599454
tset:1.0
seat:1.0
squar:1.0
tand:1.0
firmli:1.0
fulli:1.6931471805599454
upright:1.0
posit:1.6931471805599454
10:1.0
reinstal:1.0
first:1.0
place:2.09861228866811
t1:1.0
intend:1.0
lower:1.0
tplace:1.0
maintain:1.0
contact:1.0
anteriorli:1.0
click:1.6931471805599454
11:1.0
reconnect:1.0
end:1.0
dont:1.0
forget:1.0
12:1.0
replac:1.0
13:1.0
14:1.0
plug:1.0
light:1.0
