rvenkat:1.6931471805599454
ux4:1.0
cso:1.0
uiuc:1.6931471805599454
edu:1.6931471805599454
ravikuma:1.0
venkateswar:1.6931471805599454
subject:1.0
x86:1.0
680x0:1.0
compar:1.0
organ:1.0
univers:1.0
illinoi:1.0
urbana:1.0
line:1.6931471805599454
46:1.0
michael:2.386294361119891
amer:2.386294361119891
f204:1.6931471805599454
n2603:1.6931471805599454
z1:1.6931471805599454
fidonet:1.6931471805599454
org:1.6931471805599454
write:1.0
believ:1.0
goe:1.6931471805599454
go:1.0
680060:1.6931471805599454
powerpc:2.09861228866811
pentium:2.09861228866811
quit:1.0
66mhz:1.6931471805599454
65:1.0
specint92:2.09861228866811
57:1.0
specfp92:2.09861228866811
mc98601:1.0
50:1.0
80:1.0
note:1.0
specint:1.0
import:1.0
real:1.6931471805599454
world:1.6931471805599454
applic:1.6931471805599454
680040:1.0
486:1.0
far:1.0
486dx2:1.0
66:1.0
32:1.0
16:1.0
680030:1.0
386:1.0
680020:1.0
286:1.0
680000:1.0
resent:1.0
articl:1.0
one:1.0
macmag:1.0
think:1.6931471805599454
50mhz:1.0
030:2.09861228866811
acceler:1.0
slightli:1.0
slower:1.0
25mhz:1.0
040:2.386294361119891
accel:1.0
use:1.0
system:2.6094379124341005
design:1.6931471805599454
stand:1.0
reason:1.0
ie:1.0
quadra:1.6931471805599454
would:1.0
better:1.0
overal:1.0
figur:1.0
2:1.0
5:1.0
along:1.0
new:1.0
stuff:1.0
suppos:1.0
run:1.0
level:1.0
fast:1.0
8:1.0
whatev:1.0
allow:1.0
3:1.0
time:1.0
speed:1.6931471805599454
base:1.0
wait:1.0
lap:1.0
intel:1.0
chip:1.6931471805599454
tradit:1.0
faster:1.0
motorola:1.0
equival:1.0
although:1.0
signific:1.0
perform:1.0
someth:1.0
highli:1.0
debat:1.0
pro:1.6931471805599454
life:1.0
woman:1.0
internet:1.0
ravikumar:1.0
pun:1.0
bless:1.0
form:1.0
whit:1.0
