bm967:1.0
cleveland:1.6931471805599454
freenet:1.0
edu:1.6931471805599454
david:1.0
kantrowitz:1.0
subject:1.0
share:1.0
one:1.6931471805599454
monitor:1.6931471805599454
w:1.0
2:1.0
cpu:1.0
organ:1.0
case:1.0
western:1.0
reserv:1.0
univers:1.0
ohio:1.0
usa:1.0
line:1.0
6:1.0
nntp:1.0
post:1.0
host:1.0
slc4:1.0
in:1.0
cwru:1.0
centri:1.0
610:1.0
want:1.0
get:1.0
ibm:1.0
machin:1.0
well:1.0
save:1.0
space:1.0
desk:1.0
would:1.0
like:1.0
use:1.0
switch:1.0
box:1.0
anyon:1.0
know:1.0
way:1.0
