blast:1.6931471805599454
nntp:1.6931471805599454
crl:2.09861228866811
com:2.386294361119891
tim:1.6931471805599454
keanini:1.6931471805599454
subject:1.0
attn:1.0
160:1.0
165c:1.0
180:1.0
duo:1.0
owner:1.0
line:1.0
11:1.0
post:1.0
host:1.0
summari:1.0
buzz:2.386294361119891
keyword:1.0
care:1.0
plug:1.0
extern:1.6931471805599454
monitor:1.0
speaker:1.0
make:2.09861228866811
sure:2.09861228866811
power:1.6931471805599454
cord:1.6931471805599454
strip:1.6931471805599454
take:1.0
chanc:1.0
bad:1.0
audio:1.0
caus:1.0
ground:2.09861228866811
loop:1.0
way:1.0
get:1.0
rid:1.0
loud:1.0
common:1.6931471805599454
go:1.0
outlet:1.0
assur:1.0
sound:1.0
design:1.0
timk:1.0
broder:1.0
broderbund:1.0
softwar:1.0
