horton:1.6931471805599454
molbio:1.6931471805599454
cb:1.6931471805599454
umn:1.6931471805599454
edu:1.6931471805599454
robert:1.0
subject:1.0
mac:1.0
suck:1.6931471805599454
buy:1.0
pc:1.0
nntp:1.0
post:1.6931471805599454
host:1.0
organ:1.0
univers:1.0
minnesota:1.0
x:1.0
newsread:1.0
tin:1.0
1:1.6931471805599454
pl5:1.0
line:1.0
3:1.0
test:1.0
real:1.0
messag:1.0
