ub:1.0
carson:1.6931471805599454
u:2.09861228866811
washington:2.386294361119891
edu:2.386294361119891
univers:2.386294361119891
bookstor:1.0
subject:1.0
appl:2.791759469228055
give:1.0
confus:1.6931471805599454
messag:2.09861228866811
articl:1.6931471805599454
shelley:1.0
1qs4fjinn74f:1.0
organ:1.0
seattl:1.0
line:1.0
37:1.0
nntp:1.0
post:1.0
host:1.0
c5ngii:1.0
bgx:1.0
news2:1.0
ci:1.0
umn:1.6931471805599454
bunt0003:1.0
student:1.0
tc:1.0
monthian:1.0
buntan:1.0
1:1.0
write:1.0
hi:1.0
anyon:1.0
know:1.6931471805599454
ambigu:1.0
c650:2.386294361119891
regard:1.6931471805599454
fpu:3.4849066497880004
mac:1.6931471805599454
price:1.6931471805599454
list:1.6931471805599454
seen:1.0
everi:1.0
option:2.386294361119891
discus:1.0
newsgroup:1.0
built:2.09861228866811
except:1.0
4:1.6931471805599454
80:1.6931471805599454
configur:2.386294361119891
would:1.0
unclear:1.6931471805599454
issu:1.0
plan:1.0
buy:1.0
8:1.0
230:1.0
cd:1.6931471805599454
pretti:1.0
soon:1.0
get:2.09861228866811
whether:1.6931471805599454
come:1.6931471805599454
say:1.0
plea:1.0
anybodi:1.0
help:1.6931471805599454
understand:1.6931471805599454
game:1.0
thian:1.0
centri:2.09861228866811
650:1.6931471805599454
68rc040:1.6931471805599454
processor:2.09861228866811
math:1.0
coprocessor:1.0
support:1.6931471805599454
refer:1.0
purchas:1.0
without:1.0
one:2.09861228866811
offer:1.0
upgrad:1.6931471805599454
non:2.09861228866811
system:2.09861228866811
becom:1.0
040:1.0
68lc040:1.6931471805599454
replac:1.0
suppli:1.0
anoth:1.6931471805599454
vendor:1.0
send:1.0
memo:1.6931471805599454
point:1.0
sate:1.0
610:1.0
pin:1.0
two:1.0
chip:1.0
appar:1.0
match:1.0
swap:1.0
accord:1.0
hope:1.0
kevin:1.0
lohman:1.0
book:1.0
store:1.0
buyer:1.0
uw:1.0
comput:1.0
educ:1.0
program:1.0
