rcs8:1.6931471805599454
po:1.6931471805599454
cwru:2.09861228866811
edu:2.09861228866811
robert:1.0
c:1.0
sprecher:1.6931471805599454
subject:1.0
pc:1.0
syquest:1.6931471805599454
mac:1.6931471805599454
organ:1.0
case:1.0
western:1.0
reserv:1.0
univers:1.0
cleveland:1.0
ohio:1.0
usa:1.0
line:1.0
13:1.0
nntp:1.0
post:1.0
host:1.0
thor:1.0
in:1.0
possibl:1.0
ie:1.0
via:1.0
creativ:1.0
cabl:1.6931471805599454
splice:1.0
whatev:1.0
hook:1.0
44mb:1.0
remov:1.0
drive:1.6931471805599454
differ:1.6931471805599454
gut:1.0
thank:1.0
rob:1.6931471805599454
