steed:2.386294361119891
bell:2.09861228866811
macrocosm:2.09861228866811
omahug:1.6931471805599454
org:1.6931471805599454
subject:1.0
network:2.09861228866811
get:1.0
10:1.6931471805599454
repli:1.0
organ:1.0
bb:1.0
lawrenc:1.0
k:1.0
line:1.0
peter:1.0
sure:1.0
someon:1.0
better:1.0
easier:1.0
way:1.0
want:1.0
tell:1.0
work:1.0
15:1.0
mac:1.0
togeth:1.0
use:1.6931471805599454
appletalk:1.0
phonenet:1.0
connector:1.0
chat:1.0
program:1.0
call:1.0
broadcast:1.0
send:1.0
brief:1.0
messag:1.0
select:1.0
machin:1.0
within:1.0
hope:1.0
help:1.0
