ladd:1.6931471805599454
mors:1.6931471805599454
com:1.0
subject:1.0
mac:1.6931471805599454
orient:1.6931471805599454
bbs:1.6931471805599454
chicago:1.6931471805599454
line:1.0
8:1.0
member:1.0
local:1.0
bb:1.0
frequent:1.0
look:1.0
base:1.0
lead:1.0
would:1.0
appreci:1.0
