gene:2.6094379124341005
theporch:2.09861228866811
raider:2.09861228866811
net:2.09861228866811
wright:2.09861228866811
subject:1.0
mac:2.6094379124341005
portabl:3.70805020110221
v:1.0
powerbook:1.6931471805599454
100:2.386294361119891
answer:2.09861228866811
organ:1.0
macinterest:1.6931471805599454
nashvil:1.6931471805599454
tn:1.0
line:1.0
37:1.0
regard:1.0
post:1.0
inform:1.0
coupl:1.0
1:1.0
support:1.0
appletalk:1.0
ye:2.09861228866811
2:1.0
cpu:1.0
low:1.0
power:1.0
version:1.0
68000:1.0
run:1.6931471805599454
15:1.0
87:1.0
mhz:1.0
3:1.0
system:1.0
7:1.6931471805599454
although:1.0
use:1.0
lot:1.0
memori:2.9459101490553135
4:2.386294361119891
still:2.386294361119891
availab:1.0
sever:1.6931471805599454
vendor:1.6931471805599454
make:1.0
ram:1.6931471805599454
two:1.0
option:1.0
sell:2.6094379124341005
plug:1.6931471805599454
slot:1.6931471805599454
insid:1.0
other:1.0
processor:1.0
direct:1.0
either:1.6931471805599454
way:1.0
address:1.0
8:1.0
9:1.0
megabyt:1.0
depend:1.0
whether:1.0
backlit:2.791759469228055
king:1.0
peripheri:1.0
irvin:1.0
california:1.0
cheapest:1.0
place:1.0
know:1.0
2mb:1.6931471805599454
140:1.0
mb:2.6094379124341005
250:1.0
415:1.0
see:1.0
ad:1.0
macus:1.0
modul:1.0
450:1.0
wide:1.0
varieti:1.0
price:1.0
5:1.0
intern:2.386294361119891
hd:1.6931471805599454
conner:1.0
cp:1.0
3045:1.0
40:1.0
averag:1.0
access:1.0
time:1.0
25:1.0
m:1.0
6:1.0
screen:2.09861228866811
better:1.0
pb:1.6931471805599454
heaven:1.0
passiv:1.0
matrix:1.6931471805599454
mean:1.0
fade:1.0
move:1.0
head:1.0
degre:1.0
left:1.0
right:1.0
non:1.6931471805599454
activ:1.0
think:1.0
joy:1.0
read:1.0
thing:1.0
consid:1.0
get:1.0
much:1.6931471805599454
pay:1.6931471805599454
good:2.09861228866811
supplier:1.0
selectterm:1.0
mass:1.0
will:1.0
2400:1.6931471805599454
bp:1.6931471805599454
modem:2.09861228866811
650:1.0
900:1.0
call:1.0
around:1.0
look:1.0
fax:1.0
anybodi:1.0
got:1.0
one:1.0
want:1.0
luck:1.0
615:1.0
297:1.0
7951:1.0
