cameron:1.6931471805599454
lewi:2.386294361119891
tanelorn:1.6931471805599454
aod:2.386294361119891
dsto:2.6094379124341005
gov:2.386294361119891
au:2.386294361119891
subject:1.0
video:1.0
resolut:2.09861228866811
switch:1.0
organ:1.0
aeronaut:1.6931471805599454
research:1.6931471805599454
laboratori:1.6931471805599454
line:1.0
20:1.0
distribut:1.0
world:1.0
nntp:1.0
post:1.0
host:1.0
x:2.09861228866811
userag:1.0
nuntiu:1.0
v1:1.0
1:1.0
1d17:1.0
xxmessag:1.0
id:1.0
a7f8746be8041432:1.0
xxdate:1.0
mon:1.0
19:1.0
apr:1.0
93:1.0
23:2.09861228866811
gmt:1.0
articl:1.0
john:2.09861228866811
shepardson:2.09861228866811
esh:1.6931471805599454
090493161019:1.0
moo:1.0
slac:1.6931471805599454
stanford:1.6931471805599454
edu:1.6931471805599454
qmail:1.0
write:1.0
author:1.0
dpi:1.0
fri:1.0
tell:1.0
way:1.0
graphic:1.0
card:1.0
know:1.0
connect:1.0
monitor:2.09861228866811
actual:1.0
support:2.09861228866811
silli:1.0
cabl:1.6931471805599454
identifi:1.0
given:1.0
therefor:1.0
softwar:1.6931471805599454
multisync:1.0
heard:1.0
radiu:1.0
similar:1.0
program:1.0
quadra:1.0
avail:1.0
either:1.0
commerci:1.0
public:1.0
domain:1.0
email:1.0
air:1.0
oper:1.0
divis:1.0
melb:1.0
gbb:1.0
61:1.6931471805599454
3:1.6931471805599454
647:1.0
7729:1.0
fax:1.0
646:1.0
3433:1.0
506:1.0
lorim:1.0
st:1.0
fisherman:1.0
bend:1.0
vic:1.0
australia:1.0
3207:1.0
