ua020:1.0
freenet:1.6931471805599454
victoria:2.09861228866811
bc:1.6931471805599454
ca:1.6931471805599454
tobi:1.0
sinat:1.0
subject:1.0
acceler:1.0
classic:1.0
ii:1.0
nntp:1.0
post:1.0
host:1.0
organ:1.0
camosun:1.0
colleg:1.0
b:1.0
c:1.0
canada:1.0
line:1.0
4:1.0
one:1.0
exist:1.0
make:1.0
much:1.0
thank:1.0
