walsteyn:1.6931471805599454
fy:1.6931471805599454
ruu:1.6931471805599454
nl:1.6931471805599454
fred:2.09861228866811
walsteijn:1.6931471805599454
subject:1.0
built:1.6931471805599454
video:1.6931471805599454
problem:1.6931471805599454
mac:2.09861228866811
iisi:1.6931471805599454
organ:1.0
physic:1.0
depart:1.0
univers:1.6931471805599454
utrecht:1.6931471805599454
netherland:1.6931471805599454
line:2.09861228866811
30:2.09861228866811
dear:1.0
friend:1.0
seen:1.6931471805599454
follow:1.6931471805599454
om:1.0
three:1.0
machin:1.6931471805599454
17:1.0
mb:1.0
ram:1.0
instal:1.0
70:1.0
80:1.0
n:1.0
simm:1.0
content:1.0
window:1.0
calcul:1.0
updat:1.0
lot:1.0
strang:1.0
horizont:1.0
temporarili:1.0
gener:1.0
screen:2.09861228866811
translat:1.0
top:1.0
slightli:1.0
lower:1.0
bright:1.0
surround:1.0
millimet:1.0
apart:1.0
admit:1.0
vagu:1.0
still:1.0
distinguish:1.0
clearli:1.0
especi:1.0
environ:1.0
e:1.6931471805599454
rest:1.0
room:1.0
bit:1.0
dark:1.0
applic:1.0
produc:1.0
effect:2.09861228866811
preview:1.0
directtex:1.0
1:2.386294361119891
2:2.09861228866811
dviread:1.0
kaleidagraph:1.0
fpu:1.0
use:1.0
drive:1.0
old:1.0
appl:1.0
hire:1.0
monochrom:1.0
two:1.0
monitor:1.6931471805599454
cabl:1.0
set:1.6931471805599454
tri:1.0
independ:1.0
control:1.0
panel:1.0
memori:1.0
adress:1.0
mode:1.0
disk:1.0
cach:1.0
nr:1.0
grey:1.0
color:1.0
ever:1.0
solut:1.0
thank:1.0
internet:1.0
institut:1.0
marin:1.0
atmospher:1.0
research:1.0
fax:1.0
31:1.6931471805599454
543163:1.0
phone:1.0
533169:1.0
