klusken:2.386294361119891
radar:1.6931471805599454
nrl:1.6931471805599454
navi:1.6931471805599454
mil:1.6931471805599454
michael:1.6931471805599454
subject:1.0
quadra:2.9459101490553135
scsi:2.386294361119891
problem:3.3978952727983707
organ:1.0
naval:1.0
research:1.0
laboratori:1.0
line:1.0
39:1.0
articl:2.09861228866811
1993apr19:1.0
131311:1.0
25871:1.0
mintaka:1.6931471805599454
lc:2.386294361119891
mit:2.386294361119891
edu:2.791759469228055
nodin:2.386294361119891
mark:2.09861228866811
h:1.6931471805599454
wrote:1.6931471805599454
c5l39p:1.0
2qz:1.0
news:1.0
udel:1.6931471805599454
johnston:1.6931471805599454
bill:1.0
write:1.6931471805599454
1993apr16:1.0
144750:1.0
1568:1.0
know:1.6931471805599454
specif:1.6931471805599454
mention:1.6931471805599454
messag:1.0
definit:1.0
q700:1.0
vener:1.6931471805599454
jasmin:1.6931471805599454
megadr:1.6931471805599454
10:1.0
cartridg:2.6094379124341005
stuff:1.6931471805599454
delet:1.6931471805599454
doubt:1.0
get:1.6931471805599454
rid:1.0
bernoulli:1.0
20:1.0
last:2.386294361119891
year:2.09861228866811
enough:1.0
might:1.0
fix:1.6931471805599454
case:1.6931471805599454
format:1.6931471805599454
mount:1.0
partit:1.0
ux:1.0
work:1.6931471805599454
perfectli:1.0
mac:1.0
plu:1.0
powerbook:1.0
140:1.0
reason:1.0
assum:1.0
someth:1.0
even:1.6931471805599454
mostli:1.0
ok:1.0
occur:1.6931471805599454
eject:1.0
drive:2.09861228866811
would:1.0
start:1.0
pop:1.0
dialog:1.0
box:1.0
say:1.0
must:1.0
drivewar:1.0
though:1.0
known:1.0
heavili:1.0
discus:1.0
appl:1.0
employe:1.0
point:1.0
one:1.0
byte:1.0
error:1.0
driver:2.09861228866811
routin:1.0
least:1.0
700:1.6931471805599454
900:1.0
system:1.0
7:1.0
1:1.0
peopl:1.0
solut:1.0
updat:1.0
manufactor:1.0
mass:1.0
microsystem:1.0
new:1.0
earli:1.0
opinion:1.0
express:1.0
author:1.0
employ:1.0
