sunnyt:1.6931471805599454
code:1.0
bch:2.09861228866811
uh:2.09861228866811
edu:2.386294361119891
subject:1.0
appl:2.09861228866811
go:1.6931471805599454
ship:2.09861228866811
cd300i:1.6931471805599454
organ:1.0
univers:1.0
houston:1.0
line:1.0
22:1.0
repli:1.0
ln63sdm:1.0
sdcc4:1.0
ucsd:1.0
nntp:1.0
post:1.0
host:1.0
franklin:1.0
articl:1.0
1993apr19:1.0
164734:1.0
24779:1.0
newsgat:1.0
sp:2.09861228866811
mot:2.09861228866811
com:2.09861228866811
rjack:1.6931471805599454
austlcm:1.6931471805599454
rodney:1.6931471805599454
jack:1.6931471805599454
write:1.0
would:1.0
realli:1.0
like:1.0
get:1.0
one:1.6931471805599454
new:1.0
cdrom:1.0
drive:2.09861228866811
c650:1.0
local:1.6931471805599454
know:1.6931471805599454
avail:1.6931471805599454
even:1.0
part:1.6931471805599454
number:1.6931471805599454
yet:1.0
anyon:1.0
dealer:1.0
suggest:1.0
buy:1.0
cd300:1.6931471805599454
extern:1.6931471805599454
want:1.0
pay:1.0
extra:1.0
case:1.0
power:1.0
suppli:1.0
use:1.0
alreadi:1.0
quit:1.0
awhil:1.0
demand:1.0
unit:1.0
high:1.0
pretti:1.0
rare:1.0
seen:1.0
list:1.0
around:1.0
525:1.0
550:1.0
comput:1.0
store:1.0
campu:1.0
mac:1.0
resel:1.0
also:1.0
heard:1.0
rumor:1.0
bundl:1.0
coupl:1.0
cd:1.0
confirm:1.0
sunni:1.0
dna:1.0
