pebi:1.0
aem:1.6931471805599454
umn:1.6931471805599454
edu:1.6931471805599454
peter:1.6931471805599454
bidian:1.0
subject:1.0
cach:1.6931471805599454
card:1.6931471805599454
iisi:1.0
nntp:1.0
post:1.0
host:1.0
zephyr:1.0
organ:1.0
univers:1.0
minnesota:1.0
line:1.0
5:1.0
hi:1.0
bought:1.0
ago:1.0
w:1.0
fpu:1.0
techwork:1.0
219:1.0
think:1.0
cheapest:1.0
ever:1.0
saw:1.0
