guykuo:1.6931471805599454
carson:1.6931471805599454
u:2.09861228866811
washington:2.386294361119891
edu:2.09861228866811
guy:1.6931471805599454
kuo:1.6931471805599454
subject:1.0
si:2.386294361119891
clock:2.6094379124341005
poll:2.09861228866811
final:1.6931471805599454
call:1.6931471805599454
summari:1.0
report:1.0
keyword:1.0
acceler:1.0
upgrad:2.09861228866811
articl:1.0
shelley:1.0
1qvfo9innc3:1.0
organ:1.0
univers:1.0
line:1.0
11:1.0
nntp:1.0
post:1.0
host:1.0
fair:1.0
number:1.0
brave:1.0
soul:1.0
oscil:1.0
share:1.0
experi:1.6931471805599454
plea:1.6931471805599454
send:1.0
brief:1.0
messag:1.0
detail:1.0
procedur:1.0
top:1.0
speed:1.6931471805599454
attain:1.0
cpu:1.0
rate:1.0
add:1.6931471805599454
card:1.0
adapt:1.0
heat:1.0
sink:1.0
hour:1.0
usag:1.0
per:1.0
day:1.6931471805599454
floppi:1.6931471805599454
disk:1.0
function:1.0
800:1.0
1:1.0
4:1.0
especi:1.0
request:1.0
summar:1.0
next:1.0
two:1.0
network:1.0
knowledg:1.0
base:1.0
done:1.0
answer:1.0
thank:1.0
