gt8798a:1.0
prism:1.0
gatech:1.0
edu:1.0
anthoni:1.0
kim:1.0
subject:1.0
syquest:1.6931471805599454
150:1.6931471805599454
distribut:1.0
usa:1.0
organ:1.0
georgia:1.0
institut:1.0
technolog:1.0
line:1.0
3:1.0
rememb:1.0
someon:1.0
mention:1.0
150meg:1.0
anyon:1.0
el:1.0
heard:1.0
anyth:1.0
interest:1.0
cost:1.6931471805599454
per:1.0
megabyt:1.0
approxim:1.0
drive:1.0
compar:1.0
bernoulli:1.0
