abravo:1.6931471805599454
mondrian:2.09861228866811
csufresno:1.6931471805599454
edu:2.09861228866811
andrew:1.0
bravo:1.0
subject:1.0
asynch:1.0
synch:1.0
mac:1.0
nntp:1.0
post:1.0
host:1.0
organ:1.0
california:1.0
state:1.0
univers:1.0
fresno:1.0
line:1.0
8:1.0
anyon:1.0
good:1.0
code:1.0
drive:1.0
serial:1.0
port:1.0
syncrono:1.0
mode:1.0
realli:1.0
need:1.0
bad:1.0
tia:1.0
csufr:1.0
