bauer:2.386294361119891
informatik:2.386294361119891
uni:2.09861228866811
ulm:2.386294361119891
de:2.386294361119891
christian:2.09861228866811
subject:1.0
q700:1.0
34:1.0
5mhz:1.0
fine:1.0
nntp:1.0
post:1.0
host:1.0
organ:1.0
univers:1.0
line:1.0
23:1.0
articl:1.6931471805599454
lee5:1.6931471805599454
734735026:1.0
husc:1.0
harvard:1.6931471805599454
edu:1.6931471805599454
husc8:1.0
patrick:1.0
lee:1.0
wrote:1.0
mene:1.6931471805599454
tu:1.0
muenchen:1.0
rainer:1.0
write:1.0
wonder:1.0
nobodi:1.0
ever:1.6931471805599454
tri:1.6931471805599454
replac:1.6931471805599454
oscil:2.09861228866811
like:1.6931471805599454
mac:1.0
iisi:1.0
understand:1.0
newer:1.6931471805599454
variabl:1.6931471805599454
speed:2.6094379124341005
overdr:1.6931471805599454
hardwar:1.0
alittl:1.0
init:1.0
use:1.6931471805599454
adjust:1.0
idear:1.0
cristal:1.0
wit:1.0
h:1.0
socket:1.0
chang:1.6931471805599454
easi:1.0
alot:1.0
cheaper:1.0
would:1.0
gue:1.0
20:1.0
50:1.0
need:1.0
upgrad:1.6931471805599454
someon:1.0
net:1.0
variant:1.0
quadra:2.09861228866811
700:1.6931471805599454
may:1.0
issu:1.6931471805599454
c:1.6931471805599454
magazin:1.6931471805599454
040:1.0
model:1.0
appl:1.0
simpli:1.0
crystal:1.6931471805599454
add:1.0
fan:1.0
hammerhead:1.0
centri:1.6931471805599454
610:1.0
abl:1.0
work:2.09861228866811
25:1.0
mhz:1.6931471805599454
cooler:1.0
prefer:1.0
1000:1.0
dm:1.0
get:1.6931471805599454
68040:1.0
33mhz:1.6931471805599454
appropri:1.0
full:1.0
extra:1.6931471805599454
cool:1.6931471805599454
requir:1.0
650:1.0
machin:1.0
real:1.0
power:1.0
enthusiast:1.0
950:1.0
40:1.0
wow:1.0
better:1.0
descript:1.0
german:1.0
pc:1.0
