mmatteo:1.6931471805599454
mondrian:2.09861228866811
csufresno:2.09861228866811
edu:2.09861228866811
marc:2.09861228866811
matteo:2.386294361119891
subject:1.0
drive:2.09861228866811
speed:2.386294361119891
differ:1.6931471805599454
keyword:1.0
quantum:1.6931471805599454
lp:1.6931471805599454
nntp:1.0
post:1.0
host:1.0
organ:1.0
california:1.6931471805599454
state:1.6931471805599454
univers:1.6931471805599454
fresno:1.6931471805599454
line:1.0
13:1.0
hi:1.0
got:1.0
la:1.0
cie:1.0
240:1.6931471805599454
meg:1.6931471805599454
extern:1.0
hard:1.0
test:1.0
show:1.0
substanti:1.0
faster:1.0
intern:1.0
105:1.6931471805599454
hd:1.0
supposedli:1.0
roughli:1.0
rate:1.0
larg:1.0
applelink:1.0
internet:1.0
aol:1.0
