peter:1.6931471805599454
hansen:1.6931471805599454
pgmoffc:1.6931471805599454
bnr:2.09861228866811
ca:1.6931471805599454
subject:1.0
72:1.6931471805599454
pin:1.6931471805599454
simm:1.6931471805599454
x:1.6931471805599454
xxdate:1.0
tue:1.0
20:1.0
apr:1.0
93:1.0
08:1.0
41:1.0
49:1.0
gmt:1.0
nntp:1.0
post:1.0
host:1.0
bcarm382:1.0
organ:1.0
userag:1.0
nuntiu:1.0
v1:1.0
1:1.0
1d17:1.0
line:1.0
13:1.0
articl:1.0
1qulhsinnm22:1.0
charnel:1.0
ecst:1.6931471805599454
csuchico:1.6931471805599454
edu:1.6931471805599454
steven:1.0
medley:1.0
smedley:1.0
write:1.0
look:1.0
8:1.6931471805599454
meg:1.6931471805599454
centri:1.0
610:1.0
best:1.0
place:1.0
purchas:1.0
one:1.6931471805599454
stock:1.0
ship:1.0
warrenti:1.0
possibl:1.6931471805599454
phone:1.0
number:1.0
order:1.6931471805599454
soon:1.0
tri:1.0
goldstar:1.0
make:1.0
avail:1.0
immedi:1.0
mac:1.0
configur:1.0
pair:1.0
computerland:1.0
varieti:1.0
work:1.0
like:1.0
charm:1.0
two:1.0
week:1.0
bell:1.0
northern:1.0
research:1.0
