distribut:1.0
world:1.0
david:1.6931471805599454
schnider:1.0
bmug:2.6094379124341005
org:1.0
organ:1.0
inc:1.0
subject:1.0
desi:1.6931471805599454
pb:1.0
upgrad:1.6931471805599454
line:1.0
9:1.0
anyon:1.0
know:1.0
exactli:1.0
digit:1.0
eclips:1.0
someon:1.0
suggest:1.0
chip:1.0
may:1.0
abl:1.0
perform:1.0
33mhz:1.0
true:1.0
deal:1.0
planet:1.0
firstclass:1.0
bb:1.0
messag:1.0
contain:1.0
post:1.0
way:1.0
reflect:1.0
offici:1.0
view:1.0
