drlovemd:2.09861228866811
jhunix:2.09861228866811
hcf:2.386294361119891
jhu:2.386294361119891
edu:2.386294361119891
steve:1.6931471805599454
liu:1.6931471805599454
subject:1.0
sourc:1.6931471805599454
deskwrit:1.6931471805599454
ink:1.6931471805599454
cart:2.09861228866811
organ:1.0
homewood:1.0
academ:1.0
comput:1.0
john:1.0
hopkin:1.0
univers:1.0
baltimor:1.0
md:1.0
usa:1.0
line:1.0
21:1.0
nntp:1.0
post:1.6931471805599454
host:1.0
could:1.0
someon:1.0
plea:1.0
e:1.0
mail:1.0
cheap:1.0
hp:1.6931471805599454
origin:1.0
prefer:1.0
settl:1.0
third:1.0
parti:1.0
brand:1.0
good:1.0
qualiti:1.0
tttttt:1.0
eeeee:2.386294361119891
vv:2.791759469228055
tt:2.386294361119891
ee:2.386294361119891
eeee:1.6931471805599454
vvv:1.0
v:1.0
jhuvm:1.0
