dlc:1.6931471805599454
umcc:2.791759469228055
umich:1.6931471805599454
edu:2.6094379124341005
david:1.0
claytor:1.0
subject:1.0
appl:2.09861228866811
go:1.0
ship:1.0
cd300i:1.6931471805599454
organ:1.0
ann:1.0
arbor:1.0
mi:1.0
line:1.0
43:1.0
nntp:1.0
post:1.0
host:1.0
articl:1.0
1r00fdinnddt:1.0
senat:1.0
bedfellow:1.0
mit:2.09861228866811
thewho:1.6931471805599454
athena:1.0
derek:1.6931471805599454
fong:1.0
write:1.0
interestingli:1.0
enough:1.0
cdrom:2.09861228866811
300i:1.0
came:1.0
quadra:1.0
800:1.0
8:2.386294361119891
disk:2.09861228866811
1:1.6931471805599454
system:2.09861228866811
instal:2.09861228866811
2:1.0
kodak:1.0
photo:1.0
cd:2.386294361119891
sampler:1.0
3:1.0
alic:1.0
ocean:1.0
4:1.0
titl:1.6931471805599454
5:1.0
applic:1.0
demo:2.09861228866811
6:1.0
mozart:1.0
disson:1.0
quartet:1.0
7:1.0
nautilu:1.0
chronicl:1.0
anyon:1.0
el:1.0
notic:1.0
got:1.0
le:1.0
everyon:1.0
seem:1.0
get:2.386294361119891
extern:1.0
realli:1.0
feel:1.0
miss:1.0
suppos:1.0
fantast:1.0
game:1.6931471805599454
heard:1.6931471805599454
peopl:1.0
gotten:1.0
9:1.0
10:1.0
drive:2.09861228866811
assum:1.0
plu:1.0
cinderella:1.0
comment:1.0
experi:1.0
call:1.0
complain:1.0
plume:1.0
list:1.0
idea:1.0
one:1.0
bought:1.0
iivx:1.0
120:1.0
direct:1.0
express:1.0
chicago:1.0
complaint:1.0
good:1.6931471805599454
price:1.0
servic:1.0
btw:1.0
use:1.0
boot:1.6931471805599454
mac:1.0
howev:1.0
accept:1.0
caddi:1.0
machin:1.0
dave:1.0
ai:1.0
org:1.0
313:1.0
485:1.0
3394:1.0
