dschen:1.0
corona:1.6931471805599454
hsc:1.6931471805599454
usc:1.6931471805599454
edu:1.6931471805599454
daniel:1.0
chen:1.0
subject:1.0
buy:1.0
high:1.0
speed:1.0
v:1.0
everyth:1.0
modem:1.0
organ:1.0
univers:1.0
southern:1.0
california:1.0
lo:1.0
angel:1.0
ca:1.0
line:1.0
2:1.0
nntp:1.0
post:1.0
host:1.0
hardwar:1.0
handshak:1.0
want:1.0
use:1.0
dan:1.0
