robert:2.386294361119891
desonia:2.386294361119891
hal9k:2.09861228866811
ann:2.6094379124341005
arbor:2.6094379124341005
mi:2.09861228866811
u:2.09861228866811
subject:1.0
board:2.09861228866811
bu:3.70805020110221
speed:2.791759469228055
probl:1.0
distribut:1.0
world:1.0
organ:1.0
hal:1.6931471805599454
9000:1.6931471805599454
bb:1.6931471805599454
w:1.6931471805599454
net:1.6931471805599454
hq:1.6931471805599454
michigan:1.0
usa:1.0
repli:1.0
line:1.0
39:1.0
c:3.5649493574615367
hi:1.0
486dx2:2.09861228866811
66mhz:1.0
comput:1.0
use:1.0
data:1.6931471805599454
acquisit:1.6931471805599454
problem:1.6931471805599454
run:2.386294361119891
12:1.6931471805599454
5:1.6931471805599454
mhz:2.791759469228055
correct:1.0
conflict:1.0
read:1.0
somewher:1.0
new:1.0
66:1.6931471805599454
cpu:1.0
33:1.6931471805599454
local:2.09861228866811
also:1.0
non:2.09861228866811
turbo:1.6931471805599454
mode:1.6931471805599454
goe:1.0
8:1.0
work:2.09861228866811
plea:1.0
mail:1.6931471805599454
view:1.0
thank:1.0
vincent:1.0
cyl5:1.0
musica:1.0
mcgill:1.0
ca:1.0
standard:1.6931471805599454
isa:1.6931471805599454
8mhz:1.0
stnadard:1.0
buse:1.0
higher:1.0
clock:1.0
rate:1.6931471805599454
care:1.0
sinc:1.6931471805599454
faster:1.6931471805599454
instanc:1.0
486:1.0
adjust:1.0
pas16:1.0
audio:1.0
card:1.0
choke:1.0
ad:1.0
10mhz:1.0
fact:1.0
weird:1.0
may:1.0
motherboard:1.0
hardwar:1.0
bug:1.0
refer:1.0
fyi:1.0
oper:1.0
asynchron:1.0
link:1.0
via:1.0
interfac:1.0
one:1.0
function:1.0
chipset:1.0
rdd:1.0
winqwk:1.0
2:1.6931471805599454
0b:1.0
0:1.0
unregist:1.0
evalu:1.0
copi:1.0
kmail:1.6931471805599454
95d:1.0
1:1.6931471805599454
313:1.6931471805599454
663:2.09861228866811
4173:1.6931471805599454
3959:1.6931471805599454
qwk:1.0
usenet:1.6931471805599454
gateway:1.0
four:1.0
14400:1.0
v:1.0
32bi:1.0
dial:1.0
in:1.0
free:1.0
200:1.0
newsgroup:1.0
pcboard:1.0
14:1.0
5am:1.0
uupcb:1.0
call:1.0
member:1.0
eff:1.0
asp:1.0
asad:1.0
1500mb:1.0
disk:1.0
serv:1.0
1988:1.0
