wellison:1.0
kuhub:1.0
cc:1.0
ukan:1.0
edu:1.0
subject:1.0
help:1.0
ultra:1.6931471805599454
long:2.09861228866811
time:3.1972245773362196
organ:1.0
univers:1.0
kansa:1.0
academ:1.0
comput:1.0
servic:1.0
line:1.0
33:1.0
thank:1.6931471805599454
respos:1.0
good:1.0
idea:2.386294361119891
look:1.0
use:1.0
coupl:1.0
reciev:1.0
mail:1.0
today:1.0
spec:1.6931471805599454
sheet:1.0
mil:1.0
version:1.0
exar:1.0
xr:1.6931471805599454
2240:1.6931471805599454
timer:1.6931471805599454
counter:2.09861228866811
chip:2.791759469228055
stabl:1.0
50:1.0
c:2.09861228866811
suck:1.0
littl:1.0
power:1.6931471805599454
show:1.0
applic:1.6931471805599454
delay:1.0
sever:1.0
year:1.0
depend:1.0
rc:1.0
constant:1.0
two:1.6931471805599454
cascad:1.0
togeth:1.6931471805599454
reset:2.09861228866811
trigger:1.6931471805599454
pin:1.0
tie:1.0
timebas:1.6931471805599454
second:2.09861228866811
disabl:1.0
configur:1.0
output:2.6094379124341005
high:1.0
system:1.0
goe:1.0
low:1.0
stay:1.0
way:1.0
total:1.6931471805599454
65:2.09861228866811
536:2.09861228866811
x:2.791759469228055
cycl:2.6094379124341005
first:1.6931471805599454
program:1.0
256:2.09861228866811
r:1.6931471805599454
step:1.6931471805599454
select:1.6931471805599454
combin:1.0
beauti:1.0
would:1.6931471805599454
100uf:1.0
cap:1.0
391k:1.0
resistor:1.0
39:1.6931471805599454
1:1.6931471805599454
per:1.0
get:1.0
maximum:1.0
2:1.0
562:1.0
457:1.0
6:1.0
29:1.0
day:2.386294361119891
cours:1.0
much:1.0
need:1.0
14:2.09861228866811
allow:1.0
binari:1.0
pellet:2.386294361119891
puker:1.6931471805599454
trip:1.0
self:1.0
next:1.0
forth:1.0
still:1.0
problem:1.0
though:1.0
suggest:1.0
buri:1.0
electron:1.0
hole:1.0
dug:1.0
snow:2.09861228866811
insul:1.0
put:1.0
tower:1.0
estim:1.0
fall:1.0
solar:1.0
panel:1.0
keep:1.0
charg:1.0
lithium:1.0
batteri:1.0
pack:1.0
like:1.0
thing:1.0
work:1.0
least:1.0
six:1.0
week:1.0
three:1.0
sampl:1.0
ga:1.0
valv:1.0
12:1.0
volt:1.0
spit:1.0
onto:1.0
anyway:1.0
order:1.0
see:1.0
interest:1.0
one:1.0
go:1.0
dig:1.0
middl:1.0
antartica:1.0
freez:1.0
bun:1.0
everyon:1.0
we:1.0
