johnh:2.09861228866811
macadam:1.6931471805599454
mpce:2.386294361119891
mq:2.09861228866811
edu:2.791759469228055
au:2.09861228866811
john:1.0
haddi:1.0
subject:1.0
help:1.0
ultra:1.0
long:1.0
time:2.09861228866811
organ:1.0
macquari:1.6931471805599454
univers:2.09861228866811
line:1.0
39:1.0
distribut:1.0
world:1.0
nntp:1.0
post:1.0
host:1.0
articl:1.0
c513wi:1.0
g5a:1.0
athena:1.0
c:1.6931471805599454
uga:2.09861228866811
mcovingt:1.6931471805599454
aisun3:1.0
ai:1.6931471805599454
michael:1.6931471805599454
covington:1.6931471805599454
write:1.0
1:2.09861228866811
use:1.6931471805599454
big:1.6931471805599454
capacitor:1.6931471805599454
unreli:1.0
due:1.0
leakag:1.0
instead:1.0
quartz:1.6931471805599454
crystal:2.09861228866811
divid:1.6931471805599454
frequenc:1.6931471805599454
2:2.791759469228055
40:2.386294361119891
someth:1.0
like:1.6931471805599454
mhz:1.0
cycl:1.0
per:1.0
week:1.0
approxim:1.0
expect:1.0
compon:1.0
batteri:1.6931471805599454
electrolyt:1.0
fail:1.0
f:1.0
matter:1.0
either:1.0
go:1.0
problem:1.0
also:1.0
cours:1.0
circuit:1.0
depend:1.0
exact:1.0
valu:1.0
resistor:1.0
control:1.0
timer:1.0
affect:1.6931471805599454
cold:1.6931471805599454
gut:1.0
feel:1.0
mechan:1.0
reson:1.6931471805599454
devic:1.0
extrem:1.0
complianc:1.0
terminolog:1.0
henc:1.0
internet:1.0
artifici:1.0
intellig:1.0
program:1.0
phone:1.0
706:1.6931471805599454
542:1.6931471805599454
0358:1.0
georgia:1.6931471805599454
fax:1.6931471805599454
0349:1.0
athen:1.0
30602:1.0
7415:1.0
u:1.0
amateur:1.0
radio:1.0
n4tmi:1.0
electron:1.0
depart:1.0
school:1.0
sydney:1.0
australia:1.0
2109:1.0
email:1.0
ph:1.0
61:1.6931471805599454
805:1.6931471805599454
8959:1.0
8983:1.0
