leapman:1.6931471805599454
austin:2.6094379124341005
ibm:2.386294361119891
com:2.09861228866811
subject:1.0
heathkit:1.6931471805599454
zenith:1.6931471805599454
articl:1.0
c52egz:1.0
27t3:1.0
repli:1.0
login:1.0
organ:1.0
line:1.6931471805599454
3:1.0
origin:1.0
junior:1.0
anyon:1.0
toll:1.0
free:1.0
catalog:1.0
request:1.0
order:1.0
plea:1.0
post:1.0
number:1.0
got:1.0
thank:1.0
