victor:2.09861228866811
inqmind:1.6931471805599454
bison:1.6931471805599454
mb:1.6931471805599454
ca:1.6931471805599454
lake:1.0
subject:1.6931471805599454
info:2.6094379124341005
nec:1.6931471805599454
3d:2.09861228866811
multisync:2.09861228866811
monitor:2.09861228866811
organ:1.0
inquir:1.6931471805599454
mind:1.6931471805599454
bb:1.6931471805599454
1:1.0
204:1.6931471805599454
488:1.6931471805599454
1607:1.6931471805599454
line:1.0
43:1.0
myer:1.6931471805599454
hpfcso:1.0
fc:1.0
hp:1.0
com:1.0
bob:1.0
write:1.0
look:2.09861228866811
get:1.0
know:2.386294361119891
plan:1.0
buy:1.0
one:1.6931471805599454
second:1.0
hand:1.6931471805599454
depend:1.0
spec:1.6931471805599454
anyon:1.6931471805599454
min:1.0
max:1.0
frequenc:1.0
whether:1.0
interlac:2.386294361119891
non:1.6931471805599454
video:2.09861228866811
compat:1.6931471805599454
etc:1.0
seen:1.0
refer:1.0
28:2.386294361119891
pitch:1.6931471805599454
1024:2.386294361119891
x:2.386294361119891
720:1.0
resolut:1.6931471805599454
support:1.6931471805599454
svga:2.09861228866811
sourc:2.09861228866811
anoth:1.0
neither:1.0
seem:1.0
much:1.0
reliabl:1.0
want:1.0
take:1.6931471805599454
guess:1.0
home:1.0
right:1.6931471805599454
away:1.0
file:1.0
follow:1.0
top:1.0
head:1.0
revis:1.0
worth:1.0
ya:1.0
pay:1.0
sort:2.09861228866811
hear:1.0
sheet:1.0
e:1.0
mail:1.0
rememb:1.0
correctli:1.0
14:1.6931471805599454
0:2.09861228866811
mm:1.0
cover:1.0
least:1.6931471805599454
vga:1.6931471805599454
31:1.6931471805599454
5:1.6931471805599454
khz:2.09861228866811
horizont:2.386294361119891
60:1.6931471805599454
hz:1.6931471805599454
vertic:1.0
768:2.09861228866811
go:1.6931471805599454
48:1.0
may:1.0
somewhat:1.0
higher:1.0
happi:1.0
anyth:1.6931471805599454
beyond:1.0
tube:1.6931471805599454
probabl:1.6931471805599454
thrill:1.0
sync:1.0
display:2.09861228866811
prefer:1.0
16:1.0
sinc:1.0
800x600:1.0
rang:1.0
goe:1.6931471805599454
lower:1.0
way:1.6931471805599454
straight:1.0
ntsc:2.09861228866811
rate:1.0
tv:1.0
need:1.6931471805599454
15:1.0
75:1.0
sweep:1.0
far:1.0
read:1.0
question:1.0
analog:1.0
rgb:1.0
input:2.09861228866811
word:1.0
decod:1.0
c:1.0
would:1.0
board:1.0
convers:1.0
like:1.0
thing:1.0
let:1.0
hope:1.0
see:1.0
respons:1.0
mine:1.0
remind:1.0
stuff:1.0
confirm:1.0
forc:1.0
post:1.0
hasti:1.0
retract:1.0
ok:1.0
impress:1.0
accept:1.6931471805599454
digit:1.0
still:1.0
sure:1.0
gotten:1.0
conflict:1.0
winnipeg:1.0
manitoba:1.0
