gerald:2.386294361119891
belton:2.386294361119891
ozonehol:2.386294361119891
com:2.09861228866811
subject:1.6931471805599454
pc:1.6931471805599454
game:1.0
joystick:2.386294361119891
port:1.6931471805599454
articl:1.0
5109:1.0
442:1.0
uupcb:1.0
repli:1.0
distribut:1.0
world:1.0
organ:1.0
ozon:2.09861228866811
onlin:1.0
oper:1.0
inc:1.0
dba:1.0
hole:1.6931471805599454
bb:1.6931471805599454
line:1.0
29:1.0
say:1.0
could:1.0
someon:1.0
tell:1.0
pinout:1.0
type:1.0
analogu:1.0
1:2.386294361119891
5:2.6094379124341005
vdc:2.386294361119891
2:2.386294361119891
button:2.386294361119891
3:1.6931471805599454
x:1.6931471805599454
axi:2.386294361119891
4:1.0
ground:2.09861228866811
6:1.0
7:1.0
8:1.0
b:1.0
9:1.0
10:1.6931471805599454
11:1.0
12:1.0
13:1.0
14:1.0
15:1.0
slmr:1.0
soft:1.0
judg:1.0
make:1.0
harden:1.0
crimin:1.0
privat:1.0
bulletin:1.0
board:1.0
servic:1.6931471805599454
504:1.0
891:1.0
3142:1.0
full:1.0
node:1.0
usrobot:1.0
16:1.0
8k:1.0
bp:1.0
gig:1.0
100:1.0
000:1.0
file:1.0
skydiv:1.0
new:1.0
orlean:1.0
rime:1.0
network:1.0
mail:1.0
hub:1.0
500:1.0
usenet:1.0
newsgroup:1.0
plea:1.0
rout:1.0
question:1.0
inquiri:1.0
postmast:1.0
