massey:2.09861228866811
travi:2.386294361119891
llnl:2.09861228866811
gov:2.09861228866811
subject:1.0
jacob:1.6931471805599454
ladder:1.6931471805599454
articl:1.6931471805599454
1993apr6:1.0
093828:1.0
1:1.0
organ:1.0
lawrenc:1.6931471805599454
livermor:2.09861228866811
nation:1.6931471805599454
laboratori:1.6931471805599454
line:1.0
15:1.0
nntp:1.0
post:1.0
host:1.0
c4z6x7:1.0
16b:1.0
murdoch:1.0
acc:1.0
virginia:1.6931471805599454
edu:1.6931471805599454
dgj2i:1.0
kelvin:1.0
sea:1.0
david:1.0
glen:1.0
jacobowitz:1.0
write:1.0
ti:1.0
want:1.0
build:1.6931471805599454
tesla:1.0
coil:1.0
quit:1.0
awhil:1.0
right:1.0
thought:1.0
would:1.0
good:1.0
intermidi:1.0
step:1.0
first:1.0
twell:1.0
look:1.0
high:1.0
voltag:1.0
transform:2.09861228866811
reason:1.0
inexpens:1.0
neon:1.6931471805599454
sign:2.09861228866811
cost:1.0
mucho:1.0
past:1.0
manag:1.0
buy:1.0
use:1.0
shop:1.0
20:1.0
tri:1.0
call:1.0
around:1.0
warren:1.0
n:1.0
7000:1.0
east:1.0
ave:1.0
p:1.0
box:1.0
808:1.0
l:1.0
495:1.0
calif:1.0
94550:1.0
opinion:1.0
mine:1.0
alon:1.0
510:1.0
422:1.0
1958:1.0
