moffatt:1.6931471805599454
bnr:1.6931471805599454
ca:1.6931471805599454
john:1.0
thomson:1.0
subject:1.0
zero:1.0
db:2.6094379124341005
nntp:1.0
post:1.0
host:1.0
bcarhdd:1.0
organ:1.0
bell:3.0794415416798357
northern:1.6931471805599454
research:1.6931471805599454
ottawa:1.6931471805599454
canada:1.6931471805599454
x:1.0
newsread:1.0
tin:1.0
version:1.0
1:2.09861228866811
pl6:1.0
line:1.0
47:1.0
joseph:1.6931471805599454
chiu:1.6931471805599454
josephc:1.6931471805599454
cco:1.6931471805599454
caltech:2.09861228866811
edu:2.09861228866811
wrote:1.0
sehari:2.09861228866811
iastat:1.0
babak:1.6931471805599454
write:1.0
similarli:1.0
peopl:1.0
usual:1.0
use:2.09861228866811
dbm:1.0
anoth:1.0
common:1.0
mistak:1.0
spell:1.0
instead:1.0
articl:1.0
see:1.0
b:1.0
compani:2.791759469228055
mother:1.0
capit:1.0
thu:1.6931471805599454
decibel:1.6931471805599454
deci:1.0
l:1.0
tenth:1.0
fraction:1.0
part:1.0
origin:1.0
exampl:1.0
southwestern:1.0
hat:1.0
pull:1.0
one:2.09861228866811
ratio:1.0
rboc:1.0
measur:1.0
current:2.386294361119891
amp:2.386294361119891
actual:2.09861228866811
name:2.09861228866811
amphenol:1.0
revolution:1.0
electron:1.0
simulaten:1.0
realiz:1.0
perform:1.0
connector:1.0
socket:1.0
affect:1.0
amount:1.0
run:1.0
wire:1.0
sorri:1.0
unit:1.6931471805599454
amper:2.09861228866811
french:1.0
man:1.0
studi:1.0
electr:1.0
term:1.0
abbrevi:1.0
came:1.6931471805599454
alreadi:1.0
ohmit:1.0
first:1.0
character:1.0
resist:1.0
number:1.0
ohm:1.0
know:1.0
sound:1.0
right:1.6931471805599454
alexand:1.0
graham:1.0
well:1.0
got:1.6931471805599454
thing:1.6931471805599454
bel:1.0
refer:1.0
highest:1.0
regard:1.0
o:1.6931471805599454
2:1.6931471805599454
ta:1.0
get:1.0
msc:1.0
380:1.0
pasadena:1.0
91126:1.0
oper:1.0
system:1.0
tomorrow:1.0
today:1.0
818:1.0
449:1.0
5457:1.0
greg:1.0
inc:1.0
opinion:1.0
