jmichael:1.0
vnet:1.0
ibm:1.0
com:1.0
subject:1.0
radar:1.0
detector:2.09861228866811
articl:1.0
almaden:1.0
19930406:1.0
131941:1.0
134:1.0
line:1.0
3:1.0
detect:1.0
oscil:1.6931471805599454
oper:1.0
saw:1.0
stori:1.0
use:1.0
canada:1.0
go:1.0
put:1.0
car:1.0
