rsd:1.0
sei:1.0
cmu:1.0
edu:1.6931471805599454
richard:1.0
ippolito:1.0
subject:1.0
zero:1.0
db:1.0
organ:1.0
softwar:1.0
engin:1.0
institut:1.0
line:1.0
10:1.0
articl:1.0
1pkveuinnduk:1.0
gap:1.0
caltech:1.0
joseph:1.0
chiu:1.0
write:1.0
ohmit:1.6931471805599454
compani:1.6931471805599454
first:1.0
character:1.0
resist:1.0
number:1.0
thu:1.0
use:1.0
ohm:1.0
yeah:1.0
right:1.0
start:1.0
georg:1.0
simon:1.0
rich:1.0
