jmichael:1.0
vnet:1.0
ibm:1.0
com:1.0
subject:1.0
electr:1.0
power:1.6931471805599454
line:2.791759469228055
ball:1.6931471805599454
articl:1.0
almaden:1.0
19930406:1.0
142616:1.0
248:1.0
4:1.0
airplan:1.6931471805599454
mix:1.0
area:1.0
strung:1.0
high:1.0
lot:1.0
crop:1.0
dust:1.0
take:1.0
place:1.6931471805599454
danger:1.0
fli:1.0
plastic:1.0
easier:1.0
spot:1.0
