rivero:1.0
sol:1.0
cie:1.0
unizar:1.0
e:1.0
subject:1.0
video:1.6931471805599454
io:1.0
idea:1.6931471805599454
organ:1.0
free:1.0
univers:1.0
berlin:1.0
germani:1.0
line:1.0
7:1.0
anyon:1.0
build:1.0
cheap:1.0
low:1.0
resolut:1.0
high:1.0
projector:1.6931471805599454
exampl:1.0
lcd:1.0
slide:1.0
