corleyg:1.0
ul:1.0
ie:1.0
subject:1.0
microstrip:2.09861228866811
help:1.6931471805599454
want:1.0
organ:1.0
univers:1.0
limerick:1.6931471805599454
ireland:1.6931471805599454
line:1.0
8:1.0
need:1.0
inform:1.0
circuit:1.6931471805599454
design:2.09861228866811
especi:1.0
filter:1.0
1:1.0
3ghz:1.0
rang:1.0
recommend:1.0
good:1.0
book:1.0
journal:1.0
softwar:1.0
appreci:1.0
gerri:1.0
corley:1.0
ece:1.0
depart:1.0
unives:1.0
