gtalatin:2.09861228866811
vartivar:1.6931471805599454
uc:2.386294361119891
indiana:2.791759469228055
edu:2.386294361119891
gerard:2.09861228866811
v:1.0
talatinian:1.6931471805599454
subject:1.0
low:1.6931471805599454
cost:1.6931471805599454
oscilloscop:1.0
nntp:1.0
post:1.0
host:1.0
repli:1.0
organ:1.0
univers:2.09861228866811
line:1.0
12:1.0
look:1.0
buy:1.0
500:1.0
scope:1.0
gener:1.0
purpos:1.0
use:1.0
recommend:1.0
info:1.0
faq:1.0
somewher:1.0
pointer:1.0
appreci:1.0
thank:1.0
network:1.0
system:1.0
comput:1.0
servic:1.0
fax:1.0
812:1.6931471805599454
855:1.6931471805599454
8299:1.0
voic:1.0
0962:1.0
