et:1.6931471805599454
teal:1.6931471805599454
csn:1.6931471805599454
org:1.6931471805599454
eric:1.6931471805599454
h:1.0
taylor:1.0
subject:1.0
hole:3.5649493574615367
practic:1.0
question:2.6094379124341005
philosoph:1.0
summari:1.0
preferenti:1.6931471805599454
amplifi:2.386294361119891
instead:1.6931471805599454
electron:2.791759469228055
keyword:1.0
semi:2.09861228866811
conductor:2.791759469228055
mobil:2.09861228866811
nntp:1.0
post:1.6931471805599454
host:1.0
organ:1.0
4:1.0
l:1.0
laboratori:1.0
expir:1.0
sun:1.0
9:1.0
may:1.0
1993:1.0
06:1.0
00:1.6931471805599454
gmt:1.0
line:1.6931471805599454
48:1.0
articl:1.0
12426:1.0
sun13:1.0
scri:1.6931471805599454
fsu:1.6931471805599454
edu:1.6931471805599454
jac:1.0
ds8:1.0
jim:1.0
carr:1.0
write:1.0
agre:1.0
come:1.0
nuclear:1.0
physic:1.0
one:2.09861228866811
often:1.0
discus:2.386294361119891
particl:2.09861228866811
excit:1.0
certain:1.6931471805599454
reaction:1.0
effect:1.0
appli:1.0
annihil:1.0
oper:1.0
creat:1.0
subtl:1.0
longer:1.0
work:1.0
real:2.09861228866811
becom:1.6931471805599454
also:2.386294361119891
quasi:1.0
rais:1.0
sort:1.0
entiti:1.0
phenomenon:1.0
certainli:1.0
ok:1.0
ask:2.09861228866811
new:1.0
thread:2.09861228866811
1:1.0
larg:1.0
current:2.6094379124341005
run:1.0
thru:1.0
resistor:1.6931471805599454
2:1.6931471805599454
r:1.0
cool:1.0
heat:1.0
anyon:1.0
design:1.0
normal:1.0
3:1.0
semiconductor:2.09861228866811
materi:1.0
highest:1.0
ratio:1.0
plea:1.0
quot:1.0
actual:1.0
test:1.0
sampl:1.0
rather:1.6931471805599454
estim:1.0
base:1.0
theori:1.0
limit:1.0
consid:1.0
insul:1.0
dielectr:1.0
piezo:1.0
electr:1.0
magnet:1.0
metal:1.6931471805599454
ceram:1.0
magnetostrict:1.0
etc:1.0
note:1.6931471805599454
summar:1.0
far:1.0
state:1.6931471805599454
area:1.0
detect:1.6931471805599454
vacuum:1.0
exist:2.386294361119891
presenc:1.0
matter:1.0
previou:1.0
natur:1.6931471805599454
aris:1.0
insid:1.6931471805599454
vanish:1.0
point:1.0
join:1.0
say:1.0
copper:1.0
want:1.0
theoret:1.0
whether:1.0
could:1.0
experiment:1.0
cross:1.0
sci:1.0
sinc:1.0
thanx:1.0
forc:1.0
