heuvel:2.6094379124341005
neptun:2.09861228866811
iex:2.386294361119891
com:2.09861228866811
ted:1.6931471805599454
van:1.6931471805599454
den:1.6931471805599454
subject:1.0
motorola:1.6931471805599454
mc143150:1.6931471805599454
mc143120:1.6931471805599454
origin:1.0
organ:1.0
line:1.0
6:1.0
anyon:1.0
know:1.0
product:1.0
use:1.0
neuron:1.0
r:1.0
chip:1.0
util:1.0
standard:1.0
network:1.0
variabl:1.0
type:1.0
snvt:1.0
kx5p:1.0
