bell:2.386294361119891
hop:2.09861228866811
larc:2.09861228866811
nasa:2.6094379124341005
gov:2.09861228866811
john:1.6931471805599454
subject:1.0
adcom:1.6931471805599454
cheap:1.0
product:1.0
organ:1.0
langley:1.6931471805599454
research:1.6931471805599454
center:1.6931471805599454
line:1.6931471805599454
21:1.0
nntp:1.0
post:1.0
host:1.0
articl:1.0
mdonahu:1.6931471805599454
15x9:1.0
amiganet:1.6931471805599454
chi:1.6931471805599454
il:1.6931471805599454
u:1.6931471805599454
mike:1.0
donahu:1.0
write:1.0
mobil:1.0
go:1.6931471805599454
amp:1.6931471805599454
canb:1.0
use:1.6931471805599454
balanc:2.6094379124341005
input:2.09861228866811
nice:1.0
toy:1.0
afraid:1.0
goig:1.0
push:1.0
beyound:1.0
reson:1.0
price:1.0
rang:1.0
especiali:1.0
take:1.0
advantag:1.0
requir:1.0
120:1.0
rca:1.6931471805599454
adapt:1.6931471805599454
umm:1.0
sound:1.6931471805599454
reinforc:1.6931471805599454
live:1.0
get:1.6931471805599454
direct:1.0
box:1.0
convert:1.6931471805599454
unbalanc:1.0
1:1.6931471805599454
4:1.6931471805599454
jack:1.0
xlr:1.0
25:1.0
littl:1.6931471805599454
higher:1.0
qualiti:1.0
need:1.0
two:1.0
stereo:1.0
signal:1.0
cours:1.0
thingi:1.0
radio:1.0
sh:1.0
total:1.6931471805599454
cost:1.6931471805599454
around:1.0
50:1.0
also:1.0
buy:1.0
transform:1.0
quit:1.0
bit:1.0
le:1.0
wire:1.0
30:1.0
stuff:1.0
pro:1.0
music:1.0
shop:1.0
sell:1.0
gear:1.0
benefit:1.0
nois:1.0
hear:1.0
gener:1.0
cabl:1.0
compon:1.0
even:1.0
run:1.0
bad:1.0
place:1.0
like:1.0
next:1.0
power:1.0
