harri:2.386294361119891
neuron6:2.09861228866811
jpl:2.6094379124341005
nasa:2.09861228866811
gov:2.09861228866811
langenbach:1.6931471805599454
subject:1.0
uninterrupt:1.0
power:1.6931471805599454
suppli:2.09861228866811
articl:1.6931471805599454
jato:1.0
1993apr15:1.0
225326:1.0
22831:1.0
organ:1.0
pasadena:1.6931471805599454
ca:1.6931471805599454
line:1.0
25:1.6931471805599454
nntp:1.0
post:1.0
host:1.0
nurden1:1.6931471805599454
734866568:1.0
elain:1.6931471805599454
ee:1.6931471805599454
und:1.6931471805599454
ac:2.09861228866811
za:1.6931471805599454
dale:1.0
nurden:1.0
write:1.0
want:1.0
build:1.0
simpl:1.0
up:1.6931471805599454
pc:1.6931471805599454
sustain:1.0
comput:1.6931471805599454
long:1.0
enough:1.6931471805599454
complet:1.0
current:1.0
task:1.0
save:1.0
5:1.6931471805599454
10:1.0
minut:1.6931471805599454
think:1.0
though:1.0
realli:1.0
need:2.09861228866811
keep:1.6931471805599454
monitor:1.0
activ:1.0
tri:1.0
rememb:1.0
mayb:1.0
avoid:1.0
dc:1.6931471805599454
invert:1.0
use:2.386294361119891
batteri:2.791759469228055
directli:1.0
motherboard:1.0
peripher:1.0
good:1.6931471805599454
idea:1.6931471805599454
20:1.0
amp:1.6931471805599454
wetwar:1.0
memori:1.0
wp:1.0
autocad:1.0
thought:1.0
day:1.0
ago:1.0
got:1.0
fairli:1.0
new:1.0
car:1.0
take:1.6931471805599454
along:1.0
4x4:1.0
go:1.0
camp:1.6931471805599454
sit:1.0
around:1.0
useless:1.0
home:1.0
wish:1.0
could:1.6931471805599454
get:1.0
batteryless:1.0
heavi:1.0
duti:1.0
volt:1.0
regul:1.0
guess:1.0
5v:1.0
12v:1.0
12:1.0
2:1.0
altern:1.0
would:1.0
leav:1.0
40:1.0
charger:1.0
hook:1.0
run:2.09861228866811
12vdc:1.0
110vac:2.09861228866811
convert:2.09861228866811
time:1.0
goe:1.0
voi:1.0
la:1.0
trip:1.0
818:1.6931471805599454
354:1.0
9513:1.0
mil:1.0
fax:1.0
393:1.0
4540:1.0
concurr:1.0
process:1.0
devic:1.0
group:1.0
jet:1.0
propuls:1.0
laboratori:1.0
302:1.0
231:1.0
4800:1.0
oak:1.0
grove:1.0
dr:1.0
91109:1.0
usa:1.0
