wex:2.09861228866811
c:2.09861228866811
ulowel:1.6931471805599454
edu:1.6931471805599454
paul:1.0
wexelblat:1.0
subject:1.0
question:1.0
120vac:1.0
outlet:1.6931471805599454
wire:1.0
truth:1.0
keyword:1.0
repli:1.0
organ:1.0
univ:1.0
lowel:1.0
dept:1.0
line:1.0
6:1.0
suggest:1.0
misc:1.0
consum:1.0
hous:1.0
better:1.0
forum:1.0
sever:1.0
electrician:1.0
huge:1.0
faq:1.0
adress:1.0
issu:1.0
rais:1.0
