ardai:2.386294361119891
wizard:1.0
atb:1.0
teradyn:2.386294361119891
com:2.386294361119891
michael:1.6931471805599454
subject:1.0
sourc:1.0
carbid:2.09861228866811
pc:1.6931471805599454
board:1.6931471805599454
drill:2.386294361119891
organ:1.0
inc:1.0
boston:2.09861228866811
line:1.0
18:1.0
articl:1.6931471805599454
c5ejl7:1.0
lin:1.0
news2:1.0
ci:1.0
umn:1.6931471805599454
edu:1.6931471805599454
mike:2.09861228866811
diack:1.0
staff:1.0
tc:1.0
write:1.6931471805599454
c5dgg7:1.0
5ox:1.0
wang:1.6931471805599454
pvr:1.0
sell:1.0
special:1.0
use:1.0
look:1.0
size:1.0
smaller:1.0
60:1.0
65:1.0
70:1.6931471805599454
would:1.0
good:1.0
best:1.0
deal:1.0
ever:1.0
saw:1.0
eli:1.6931471805599454
electron:1.0
cambridg:1.0
mass:1.0
quit:1.0
close:1.0
mit:1.6931471805599454
5:1.0
00:1.0
box:1.0
50:1.0
fone:1.0
book:1.0
actual:1.0
think:1.0
57:1.0
phone:1.0
number:1.0
617:1.0
547:1.0
5005:1.0
probabl:1.0
flea:1.0
sunday:1.0
l:1.0
n1ist:1.0
atg:1.0
maven:1.0
dnet:1.0
