urbina:2.09861228866811
novax:2.09861228866811
llnl:2.09861228866811
gov:2.09861228866811
subject:1.0
telcom:1.0
wire:2.6094379124341005
question:1.0
need:1.0
help:1.6931471805599454
organ:1.0
lawrenc:1.0
livermor:1.0
nation:1.0
laboratori:1.0
ncd:1.0
line:3.4849066497880004
26:1.0
nntp:1.0
post:1.0
host:1.0
got:1.0
two:1.6931471805599454
come:1.6931471805599454
apart:1.6931471805599454
differ:1.0
telephon:1.0
number:1.0
order:1.0
second:2.09861228866811
instal:1.0
instead:1.0
bring:1.0
anoth:1.0
4:1.0
bundl:1.0
telco:1.6931471805599454
connect:1.0
yellow:2.386294361119891
black:2.386294361119891
one:1.0
red:2.386294361119891
green:2.386294361119891
today:1.0
monitor:1.6931471805599454
voltag:1.6931471805599454
voltmet:1.0
across:1.0
read:1.6931471805599454
back:1.6931471805599454
52:1.0
volt:2.09861228866811
lift:1.6931471805599454
receiv:1.0
drop:1.6931471805599454
31:1.6931471805599454
first:1.0
repeat:1.0
experi:1.0
handset:1.0
cradl:1.0
also:1.0
thought:1.0
separ:1.0
next:1.0
went:1.6931471805599454
66:1.6931471805599454
block:1.6931471805599454
disconnect:1.6931471805599454
blue:1.0
white:1.0
cabl:1.0
phone:1.0
resist:1.0
measur:1.0
open:1.0
appreci:1.0
consid:1.0
normal:1.0
guy:1.0
