kludg:1.0
grissom:1.6931471805599454
larc:1.6931471805599454
nasa:2.09861228866811
gov:1.6931471805599454
scott:1.6931471805599454
dorsey:1.0
subject:1.0
old:1.6931471805599454
256k:1.6931471805599454
simm:1.6931471805599454
organ:1.0
langley:1.0
research:1.0
center:1.0
reptil:1.0
farm:1.0
line:1.0
12:1.0
nntp:1.0
post:1.0
host:1.0
articl:1.6931471805599454
c5jch1:1.0
frc:1.0
ulowel:2.09861228866811
edu:1.6931471805599454
wex:1.0
c:1.0
write:1.6931471805599454
1993apr15:1.0
100452:1.0
16793:1.0
csx:1.6931471805599454
cciw:1.6931471805599454
ca:1.6931471805599454
u009:1.0
g:1.0
stewart:1.0
beal:1.0
ti:1.0
wonder:1.0
peopl:1.6931471805599454
good:1.0
use:2.09861228866811
bunch:1.0
appl:1.0
mac:1.0
know:1.0
lot:1.0
tri:1.0
sell:1.0
gotten:1.0
interest:1.0
christma:1.0
tree:1.6931471805599454
decor:1.0
cat:1.0
eat:1.0
ye:1.0
look:1.0
appropri:1.0
much:1.0
prefer:1.0
833:1.0
tube:1.0
