morrow:2.386294361119891
cn:2.09861228866811
ucalgari:2.09861228866811
ca:2.09861228866811
bill:1.6931471805599454
subject:1.0
amplifi:1.6931471805599454
cd:2.791759469228055
rom:1.6931471805599454
earphon:2.09861228866811
plug:1.0
nntp:1.0
post:1.0
host:1.0
cns16:1.0
organ:1.0
univers:1.6931471805599454
calgari:2.09861228866811
line:1.0
16:1.0
sun:1.6931471805599454
drive:2.6094379124341005
would:1.0
like:1.0
play:1.6931471805599454
audio:1.6931471805599454
old:1.0
10:1.0
watt:1.0
work:1.6931471805599454
fine:1.0
connect:1.6931471805599454
junk:1.0
walkman:1.6931471805599454
style:1.0
fm:1.0
radio:1.0
amp:1.0
tie:1.0
common:1.6931471805599454
path:1.0
ground:1.6931471805599454
howev:1.0
soni:1.6931471805599454
cassett:1.0
player:1.0
produc:1.0
loud:1.0
low:1.0
frequenc:1.0
tone:1.0
obvious:1.0
output:1.6931471805599454
anyon:1.0
spec:1.0
transform:1.0
help:1.6931471805599454
other:1.0
use:1.0
one:1.0
listen:1.0
thank:1.0
clinic:1.0
neurosci:1.0
e:1.0
mail:1.0
voic:1.0
403:1.6931471805599454
220:1.0
6275:1.0
fax:1.0
283:1.0
8770:1.0
3330:1.0
hospit:1.0
nw:1.0
alberta:1.0
canada:1.0
t2n:1.0
4n1:1.0
