alung:1.0
megatest:1.6931471805599454
com:1.0
aaron:1.6931471805599454
lung:1.0
subject:1.0
telephon:1.0
hook:3.302585092994046
hok:1.0
ok:1.0
circuit:1.6931471805599454
organ:1.0
corpor:1.0
line:2.386294361119891
59:1.0
articl:1.0
1993apr15:1.0
144826:1.0
4607:1.0
bnr:1.6931471805599454
ca:1.6931471805599454
moffatt:1.0
john:1.0
thomson:1.0
write:1.0
thought:1.0
mine:1.0
sinc:1.0
aprox:1.0
48:1.0
50v:1.0
usual:1.0
drop:2.09861228866811
1:1.0
led:3.0794415416798357
seri:2.09861228866811
zener:2.09861228866811
say:1.0
around:1.0
30v:1.0
would:1.0
work:1.0
anyon:1.0
tri:1.6931471805599454
plea:1.0
let:1.0
know:1.0
aye:1.0
rub:1.0
draw:2.09861228866811
enough:1.0
current:2.6094379124341005
light:2.386294361119891
equip:1.6931471805599454
phone:2.791759469228055
compani:1.6931471805599454
think:1.6931471805599454
gone:1.0
state:1.0
suppos:1.6931471805599454
mean:1.0
use:2.09861228866811
digit:1.0
voltmet:1.0
old:1.0
vom:1.0
detect:1.0
might:1.6931471805599454
someth:1.6931471805599454
wrong:1.0
cabl:1.0
look:1.0
guy:1.0
problem:1.0
want:1.6931471805599454
goe:1.6931471805599454
need:2.09861228866811
run:1.0
mention:1.0
previou:1.0
post:1.0
voltag:1.0
threshold:1.0
detector:1.0
go:1.6931471805599454
diod:1.6931471805599454
thing:1.0
easiest:1.6931471805599454
make:1.6931471805599454
sure:1.6931471805599454
take:1.0
recal:1.0
hand:1.0
like:1.0
100ma:1.0
care:1.0
folk:1.0
also:1.6931471805599454
consid:1.6931471805599454
90vac:1.0
20hz:1.0
forc:1.0
ring:2.09861228866811
tip:1.6931471805599454
even:1.0
simpl:1.0
setup:1.0
end:1.0
carbon:1.0
real:1.0
quick:1.0
whatev:1.0
scheme:1.0
got:1.0
least:1.0
200v:1.0
rate:1.0
compon:1.6931471805599454
frontend:1.0
rememb:1.0
mistaken:1.0
600ohm:1.6931471805599454
equival:1.0
48v:1.0
get:2.09861228866811
across:1.0
fine:1.0
roughli:1.0
12v:1.0
bell:1.0
far:1.0
probabl:1.0
big:1.0
implement:1.0
accomplish:1.0
rectifi:1.0
resistor:1.6931471805599454
v:1.6931471805599454
suggest:1.0
ahead:1.0
blow:1.0
hole:1.0
idea:1.0
choos:1.6931471805599454
high:1.0
effici:1.0
much:1.0
valu:1.0
requir:1.0
