tod:1.6931471805599454
cco:1.6931471805599454
caltech:2.09861228866811
edu:2.09861228866811
edward:1.0
kurt:1.0
subject:1.0
data:1.6931471805599454
pod:2.386294361119891
10248b:1.6931471805599454
hp:1.6931471805599454
logic:2.386294361119891
analyz:2.09861228866811
1615a:1.6931471805599454
organ:1.6931471805599454
california:1.0
institut:1.0
technolog:1.0
pasadena:1.0
line:1.0
11:1.0
nntp:1.0
post:1.0
host:1.0
sandman:1.0
keyword:1.0
anyon:1.6931471805599454
netland:1.0
spare:1.0
two:1.0
old:1.0
hewlett:1.0
packard:1.0
like:1.0
buy:1.0
part:1.0
number:1.0
side:1.0
note:1.0
know:1.0
good:1.0
surplu:1.0
dealer:1.0
would:1.0
carri:1.0
wayward:1.0
analz:1.0
tthank:1.0
byte:1.0
ttod:1.6931471805599454
