doherti:2.791759469228055
coolpro:1.0
melpar:2.791759469228055
esi:2.09861228866811
com:2.09861228866811
kevin:2.09861228866811
subject:1.0
hard:2.09861228866811
drive:1.6931471805599454
compon:1.6931471805599454
cost:2.386294361119891
organ:1.0
e:2.09861228866811
system:2.09861228866811
divis:2.09861228866811
line:1.0
17:1.0
anyon:1.0
inform:1.0
rel:1.0
fraction:1.0
final:1.0
averag:1.0
instanc:1.0
pretti:1.0
sure:1.0
head:1.0
platter:1.0
expens:1.0
part:1.0
assembl:1.0
run:1.0
close:1.0
third:1.0
electron:1.0
like:1.0
nois:1.0
number:1.0
percentag:1.0
thank:1.0
princip:1.6931471805599454
engin:1.6931471805599454
fall:1.6931471805599454
church:1.6931471805599454
va:1.6931471805599454
22046:1.6931471805599454
703:1.6931471805599454
560:1.6931471805599454
5000x2659:1.6931471805599454
