sknapp:1.6931471805599454
iastat:1.6931471805599454
edu:2.791759469228055
steven:1.6931471805599454
knapp:1.6931471805599454
subject:1.0
radar:2.09861228866811
detector:2.791759469228055
organ:1.0
iowa:1.6931471805599454
state:1.6931471805599454
univers:1.6931471805599454
ame:1.6931471805599454
ia:1.6931471805599454
line:1.0
16:1.0
articl:1.0
oxenreid:1.6931471805599454
734127163:1.0
chao:1.6931471805599454
c:1.6931471805599454
umn:1.6931471805599454
write:1.6931471805599454
1993apr06:1.0
173031:1.0
9793:1.0
vdoe386:1.6931471805599454
vak12:1.6931471805599454
rage:1.0
randi:1.0
age:1.0
question:1.0
brand:1.0
quieter:1.0
other:1.0
ye:1.0
le:1.0
detect:1.0
look:1.0
car:1.0
driver:1.0
last:1.0
6:1.0
month:1.0
big:1.0
review:1.0
better:1.0
stealth:1.0
factor:1.0
comput:1.0
engin:1.0
student:1.0
presid:1.0
cyclon:1.0
amateur:1.0
radio:1.0
club:1.0
usa:1.0
durham:1.0
center:1.0
oper:1.0
staff:1.0
