markz:2.09861228866811
ssc:2.386294361119891
com:2.386294361119891
mark:1.6931471805599454
zenier:1.6931471805599454
subject:1.0
trace:2.09861228866811
size:1.0
15:1.0
amp:1.0
suppli:1.0
organ:1.0
inc:1.0
seattl:1.0
wa:1.6931471805599454
x:1.0
newsread:1.0
tin:1.0
version:1.0
1:1.6931471805599454
pl6:1.0
line:1.0
12:1.0
r:1.0
g:1.0
keen:1.0
rg:1.0
futserv:1.0
austin:1.0
ibm:1.0
wrote:1.0
quick:1.6931471805599454
dirti:1.6931471805599454
way:1.0
get:1.6931471805599454
higher:1.0
current:1.0
carri:1.0
capac:1.0
pc:1.6931471805599454
board:2.09861228866811
one:1.0
kind:1.0
strip:1.0
14:1.0
romex:1.0
hous:1.0
wire:1.0
cabl:1.0
bare:1.6931471805599454
copper:1.6931471805599454
form:1.0
follow:1.0
solder:1.0
bu:1.0
bar:1.0
stamp:1.0
lead:1.0
insert:1.0
