cmh:1.6931471805599454
eng:2.386294361119891
cam:2.386294361119891
ac:2.09861228866811
uk:2.09861228866811
c:1.0
hick:1.6931471805599454
subject:1.0
di:1.0
box:2.09861228866811
work:1.0
organ:1.0
line:2.09861228866811
36:1.0
nntp:1.0
post:1.0
host:1.0
tw100:1.0
lancer:1.0
oconnor:1.0
wpi:1.0
edu:1.0
steph:1.0
lewi:1.0
foskett:1.0
write:1.0
sound:1.0
coupl:1.0
band:1.6931471805599454
around:1.6931471805599454
need:1.6931471805599454
direct:1.0
input:1.6931471805599454
keyboard:2.386294361119891
littl:1.0
take:1.0
level:1.6931471805599454
transform:2.386294361119891
low:1.0
z:1.0
run:1.0
mixer:2.386294361119891
sadli:1.0
cost:1.6931471805599454
like:2.09861228866811
50:1.6931471805599454
go:1.0
inde:1.0
one:2.386294361119891
function:1.0
sophist:1.0
control:1.0
ground:1.6931471805599454
lift:1.6931471805599454
separ:1.0
earth:1.0
aswel:1.0
5:1.0
10:1.6931471805599454
look:1.6931471805599454
insid:1.0
belong:1.0
anoth:1.0
anyon:1.0
simpl:1.0
decent:1.0
qualiti:1.0
audio:1.0
tran:1.0
former:1.0
wire:1.0
thu:1.0
hot:2.09861228866811
balanc:1.0
cold:1.0
gnd:2.09861228866811
switch:1.0
disconnect:1.0
ratio:1.6931471805599454
depend:1.0
precis:1.0
applic:1.0
1:1.0
turn:1.0
may:1.0
good:1.0
place:1.0
start:1.0
christoph:1.6931471805599454
paradis:1.0
linear:1.0
gaussian:1.0
world:1.0
also:1.0
report:1.0
tast:1.0
sweati:1.0
