jra:1.6931471805599454
law7:1.6931471805599454
daytonoh:2.09861228866811
ncr:2.6094379124341005
com:2.09861228866811
john:2.6094379124341005
ackermann:2.386294361119891
x:1.6931471805599454
2966:2.09861228866811
subject:1.0
singl:1.0
chip:2.09861228866811
receiv:1.6931471805599454
fsk:2.09861228866811
repli:1.0
organ:1.0
corpor:1.6931471805599454
law:1.6931471805599454
depart:1.6931471805599454
line:1.0
21:1.0
next:1.0
project:1.0
come:1.6931471805599454
detector:1.0
modul:1.6931471805599454
fast:1.0
112:1.0
250:1.0
kb:1.0
sec:1.0
packet:1.6931471805599454
radio:1.6931471805599454
use:2.386294361119891
fanci:1.0
scheme:1.0
wide:1.0
902:1.0
1296:1.0
mhz:1.0
bit:1.0
familiar:1.0
motorola:1.0
3362:1.0
wonder:1.0
newer:1.0
design:1.6931471805599454
might:1.0
work:1.6931471805599454
higher:1.6931471805599454
input:1.6931471805599454
frequenc:1.0
goal:1.0
inexpens:1.0
back:1.0
end:1.6931471805599454
one:1.0
demondul:1.0
particularli:1.0
interest:1.0
way:1.0
10:1.0
7:1.0
current:1.0
say:1.0
150mhz:1.0
intern:1.0
downconvers:1.0
normal:1.0
filter:1.0
suggest:1.0
r:1.0
jr:1.0
dayton:1.0
ohio:1.0
513:1.0
445:1.0
ag9v:2.09861228866811
n8acv:1.0
oh:1.0
tcp:1.0
ip:1.0
ampr:1.0
44:1.0
70:1.0
12:1.0
232:1.0
