subject:1.0
2sc1096:1.6931471805599454
2sa634:1.6931471805599454
spec:1.0
juhan:2.386294361119891
piko:1.6931471805599454
poldver:1.0
organ:1.0
tartu:2.09861228866811
univers:1.6931471805599454
depart:1.0
chemistri:1.6931471805599454
nntp:1.0
post:1.6931471805599454
host:1.0
chem:1.6931471805599454
ut:1.6931471805599454
ee:2.09861228866811
x:1.0
newsread:1.0
tin:1.0
version:1.0
1:1.6931471805599454
pl8:1.0
line:1.6931471805599454
10:1.6931471805599454
hi:1.0
could:1.0
kind:1.0
soul:1.0
max:1.0
power:1.0
voltag:1.0
current:1.0
rate:1.0
transistor:1.0
conduct:1.0
type:1.0
pinout:1.0
use:1.0
sweep:1.0
portion:1.0
tv:1.0
set:1.0
thank:1.0
advanc:1.0
poeldver:1.0
es5qx:1.0
dept:1.0
fax:1.0
372:1.6931471805599454
34:1.6931471805599454
35440:1.0
2:1.0
jakobi:1.0
st:1.0
2400:1.0
estonia:1.0
via:1.0
stockholm:1.0
voic:1.0
35429:1.0
