horn:2.386294361119891
c:2.6094379124341005
utexa:2.09861228866811
edu:2.09861228866811
patrick:1.0
j:1.0
subject:1.0
thermal:2.09861228866811
fuse:2.791759469228055
supplier:1.6931471805599454
want:1.6931471805599454
organ:1.0
dept:1.6931471805599454
univers:1.6931471805599454
texa:1.6931471805599454
austin:1.6931471805599454
line:1.0
21:1.0
nntp:1.0
post:1.0
host:1.0
im4u:1.0
keyword:1.0
miti:1.6931471805599454
appl:1.0
laserwrit:1.0
ii:1.0
power:1.0
suppli:1.0
made:1.6931471805599454
cannon:1.0
need:1.6931471805599454
replac:1.0
standard:1.0
tubular:1.0
like:2.09861228866811
found:1.0
hair:1.0
drier:1.0
etc:1.0
rectangular:1.0
plastic:1.0
packag:1.0
much:1.0
transistor:1.0
diod:1.0
0:1.6931471805599454
2:1.6931471805599454
x0:2.09861228866811
1:2.09861228866811
lead:1.0
come:1.0
one:1.0
side:1.0
told:1.0
asian:1.0
compani:1.0
find:1.0
inform:1.0
rate:1.0
1a:1.0
130c:1.0
anyon:1.0
sourc:1.0
5:1.0
mean:1.0
manufactur:1.0
even:1.0
talk:1.0
let:1.0
alon:1.0
deal:1.0
plea:1.0
advis:1.0
via:1.0
e:1.0
mail:1.0
thank:1.0
pat:1.6931471805599454
boat:1.0
bicycl:1.0
healthier:1.0
valium:1.0
network:1.0
manag:1.0
shop:1.0
supervisor:1.0
hardwar:1.0
guru:1.0
tx:1.0
78712:1.0
usa:1.0
voic:1.0
512:1.6931471805599454
471:1.6931471805599454
9517:1.0
fax:1.0
8885:1.0
uucp:1.0
