miller:2.386294361119891
hmsp04:1.6931471805599454
wg3:1.6931471805599454
waii:2.09861228866811
com:2.09861228866811
griff:2.09861228866811
x7114:1.0
subject:1.0
68000:1.6931471805599454
organ:1.0
western:2.09861228866811
geo:1.0
div:1.0
atla:1.0
intn:1.0
l:1.0
inc:1.0
houston:1.0
tx:1.0
line:1.0
24:1.0
nntp:1.0
post:1.0
host:1.0
articl:1.6931471805599454
1993apr15:1.0
060043:1.0
15664:1.0
serval:1.0
net:1.0
wsu:1.6931471805599454
edu:1.6931471805599454
rwilley:1.0
eec:1.0
ronald:1.0
willey:1.0
c:1.0
write:1.0
tthe:1.0
supra:2.386294361119891
acceler:1.6931471805599454
mention:1.0
one:1.0
perviou:1.0
68020:1.0
base:1.0
run:1.0
68030:1.6931471805599454
28mhz:1.6931471805599454
design:1.0
use:2.09861228866811
simpl:1.0
refer:1.0
a500:1.6931471805599454
exteran:1.0
model:2.09861228866811
hmm:1.0
think:1.6931471805599454
thing:1.0
origin:1.0
poster:1.0
btw:1.6931471805599454
talk:1.0
almost:1.0
certainli:1.0
68hc000:1.0
accord:1.0
footnot:1.0
ad:1.0
cost:1.0
199:1.0
list:1.0
realli:1.0
doubt:1.0
28:2.09861228866811
mhz:1.0
insid:1.0
call:1.0
turbo:1.0
extern:1.0
intern:1.0
a2000:1.0
anyon:2.09861228866811
know:1.0
68hc010:1.0
exist:1.0
email:1.0
opinion:1.0
mine:1.0
dear:1.0
friend:1.0
imit:1.0
evil:1.6931471805599454
good:1.6931471805599454
god:1.6931471805599454
seen:1.0
3:1.0
john:1.0
9:1.0
