lperez:1.6931471805599454
decserv2:1.0
eec:1.6931471805599454
wsu:1.6931471805599454
edu:1.6931471805599454
lui:1.6931471805599454
g:1.6931471805599454
perez:1.6931471805599454
subject:1.0
beam:1.0
robot:1.0
olymp:1.0
game:1.0
next:1.0
week:1.0
toronto:1.0
organ:1.0
line:1.0
10:1.0
anybodi:1.0
know:1.0
mail:1.0
list:1.0
newsgroup:1.0
power:1.0
system:1.0
relat:1.0
area:1.0
thank:1.0
