subject:1.0
explod:1.6931471805599454
tv:1.0
xhan:1.0
uceng:1.0
uc:1.0
edu:2.386294361119891
xiaop:1.0
han:1.6931471805599454
distribut:1.0
usa:1.0
organ:1.0
univers:1.0
cincinnati:1.0
line:1.0
12:1.0
articl:1.0
1qk4hj:1.0
qo:1.0
vtserf:1.0
cc:2.09861228866811
vt:2.09861228866811
prasad:2.09861228866811
vtaix:1.0
ramakrishna:1.0
write:1.0
would:1.0
pictur:1.6931471805599454
tube:1.6931471805599454
even:1.0
smoke:1.0
like:1.0
flyback:1.0
emerson:1.0
admir:1.0
prasadr:1.0
vtvm1:1.0
