mark:2.09861228866811
tarbel:2.386294361119891
suit:2.6094379124341005
com:2.09861228866811
subject:1.0
switch:2.09861228866811
mode:2.09861228866811
power:2.09861228866811
suppli:2.6094379124341005
organ:1.0
softwar:1.0
line:1.0
17:1.0
repli:1.0
uunet:1.0
uu:1.0
net:1.0
nntp:1.0
post:1.0
host:1.0
gilgamesh:1.0
typic:1.0
compon:1.6931471805599454
set:1.0
fault:1.6931471805599454
goe:1.6931471805599454
south:1.6931471805599454
disk:1.6931471805599454
drive:1.6931471805599454
gener:1.6931471805599454
hint:1.6931471805599454
would:1.6931471805599454
appreci:1.6931471805599454
thank:1.6931471805599454
x03:1.6931471805599454
x1b:1.6931471805599454
bvh:1.0
j:1.0
x06:1.0
