ankleand:1.6931471805599454
mtl:1.6931471805599454
mit:2.6094379124341005
edu:2.6094379124341005
andrew:1.6931471805599454
karanicola:1.6931471805599454
subject:1.0
ic:2.09861228866811
packag:2.386294361119891
organ:1.0
microsystem:1.6931471805599454
technolog:1.6931471805599454
laboratori:1.6931471805599454
line:1.6931471805599454
31:1.0
nntp:1.0
post:1.0
host:1.0
amper:1.0
articl:1.0
1993apr16:1.0
142715:1.0
12613:1.0
sol:1.0
ctr:1.0
columbia:1.6931471805599454
seema:1.6931471805599454
madvlsi:1.0
varma:1.0
write:1.0
get:1.0
custom:1.0
made:1.0
expens:1.6931471805599454
tri:1.0
choos:1.0
flatpak:1.0
leadless:1.6931471805599454
chip:2.09861228866811
carrier:1.6931471805599454
flatpack:1.0
would:2.6094379124341005
hard:1.0
test:2.6094379124341005
sinc:1.0
solder:1.6931471805599454
setup:1.0
spend:1.0
load:1.0
time:1.0
kept:1.0
chang:1.0
socket:1.6931471805599454
also:1.0
long:1.0
lead:1.0
may:1.0
work:1.0
high:1.6931471805599454
speed:1.0
tdoe:1.0
anyon:1.0
experi:1.0
knowledg:1.0
field:1.0
greatli:1.0
appreci:1.0
help:2.09861228866811
idea:1.0
name:1.0
compani:1.0
manufactur:1.6931471805599454
holder:1.0
check:1.0
kyocera:1.0
america:1.0
inc:1.0
24:1.0
prime:1.0
park:1.0
way:1.0
suit:1.0
150:1.0
natick:1.0
01760:1.0
one:1.6931471805599454
largest:1.0
world:1.0
sound:1.0
like:1.0
good:1.0
candid:1.0
wafer:1.0
probe:1.6931471805599454
least:1.0
perform:1.0
hp:1.0
cascad:1.0
microtech:1.0
tektronix:1.0
abl:1.0
note:1.0
frequenc:1.0
accur:1.0
busi:1.0
