sundar:2.09861228866811
fiber:1.6931471805599454
one:1.6931471805599454
ai:2.09861228866811
mit:2.386294361119891
edu:2.09861228866811
narasimhan:1.0
subject:1.0
much:2.09861228866811
would:1.0
tektronix:2.386294361119891
2465a:1.6931471805599454
oscilloscop:1.0
fetch:1.6931471805599454
repli:1.0
organ:1.0
artifici:1.0
intellig:1.0
laboratori:1.0
line:1.0
7:1.0
nntp:1.0
post:1.0
host:1.0
hi:1.0
like:1.0
know:1.0
foll:1.0
equip:1.6931471805599454
use:1.0
market:1.0
without:1.0
manual:1.0
accessori:1.0
t1:1.0
2465:1.0
scope:1.6931471805599454
t2:1.0
t3:1.0
1240:1.0
logic:1.0
analys:1.0
thank:1.0
help:1.0
