cyberman:2.09861228866811
toz:1.6931471805599454
buffalo:1.6931471805599454
ny:1.6931471805599454
u:1.6931471805599454
subject:1.0
crt:1.0
driver:1.0
transistor:1.0
line:1.0
28:1.6931471805599454
x:1.0
maildoor:1.0
waflinemail:1.0
1:2.386294361119891
00r:1.0
devic:1.6931471805599454
lt1839:1.6931471805599454
ic:2.386294361119891
50:1.6931471805599454
v:3.3978952727983707
br:2.386294361119891
ceo:1.6931471805599454
70:1.0
ccb:1.6931471805599454
pf:1.6931471805599454
2:1.6931471805599454
5:2.09861228866811
cbo:1.6931471805599454
120:1.0
vce:2.09861228866811
15:1.6931471805599454
max:2.386294361119891
300:1.6931471805599454
polar:1.6931471805599454
npn:1.0
hfe:2.386294361119891
min:1.6931471805599454
20:1.0
packag:1.6931471805599454
79:1.6931471805599454
04:2.09861228866811
60:2.09861228866811
materi:1.6931471805599454
metal:1.6931471805599454
ft:1.6931471805599454
ghz:1.6931471805599454
price:1.6931471805599454
100:1.6931471805599454
lt5839:1.6931471805599454
65:1.0
80:1.0
10:1.6931471805599454
pnp:1.0
anyon:1.0
know:1.0
sourc:1.0
part:1.0
straight:1.0
motorolla:1.0
need:1.0
4:1.0
tri:1.0
standard:1.0
said:1.0
stephen:1.0
mangl:1.0
fri:1.0
16:1.0
1993:1.0
13:1.0
one:1.0
thing:1.0
stand:1.0
intoler:1.0
blue:1.0
wave:1.0
qwk:1.0
v2:1.0
12:1.0
