mustafa:2.386294361119891
sea:2.09861228866811
smu:2.6094379124341005
edu:2.09861228866811
kocaturk:1.6931471805599454
subject:1.0
starter:2.791759469228055
work:1.6931471805599454
realli:1.0
keyword:1.0
fluoresc:1.0
bulb:1.6931471805599454
neon:2.6094379124341005
nntp:1.0
post:1.0
host:1.0
turbo:1.0
f:1.0
organ:1.0
school:1.0
engin:1.0
appli:1.0
scienc:1.0
dalla:1.6931471805599454
line:1.0
28:1.0
articl:1.0
734953838:1.0
aa00509:1.0
insan:1.6931471805599454
apana:1.6931471805599454
org:1.6931471805599454
au:1.6931471805599454
peter:1.6931471805599454
tryndoch:1.0
write:1.0
turn:1.0
power:1.6931471805599454
caus:1.0
like:1.0
heat:2.386294361119891
short:1.6931471805599454
thu:1.0
provid:1.0
loop:1.0
heater:1.0
main:1.0
tube:2.6094379124341005
fire:2.6094379124341005
insuffici:1.0
current:1.6931471805599454
run:1.0
keep:1.0
bi:1.0
metal:1.6931471805599454
strip:1.6931471805599454
straighten:1.0
c:1.0
imprecis:1.0
descript:1.0
1:1.0
ignor:1.0
role:1.0
ballast:1.6931471805599454
2:1.0
misrepres:1.0
effect:1.0
bimetal:1.0
cool:1.0
immedi:1.6931471805599454
contact:2.386294361119891
circuit:1.0
discharg:1.6931471805599454
stop:1.0
much:1.0
le:1.0
gener:1.6931471805599454
2r:1.0
loss:1.0
compar:1.0
open:1.6931471805599454
actual:1.0
result:1.0
back:1.0
emf:1.0
capacitor:1.0
connect:1.0
parallel:1.0
prevent:1.6931471805599454
excess:1.0
arc:1.0
reioniz:1.0
draw:1.0
suffici:1.0
ee:1.0
dept:1.0
room:1.0
305a:1.0
caruth:1.0
bldg:1.0
home:1.0
214:1.6931471805599454
706:1.0
5954:1.0
offic:1.0
768:1.0
1475:1.0
box:1.0
753190:1.0
tx:1.0
75275:1.0
