suwanto:1.6931471805599454
iastat:1.6931471805599454
edu:1.6931471805599454
zapper:1.0
subject:1.0
2sc1096:2.09861228866811
2sa634:2.09861228866811
spec:1.0
organ:1.0
iowa:1.0
state:1.0
univers:1.0
ame:1.0
ia:1.0
line:1.0
35:1.0
could:1.0
kind:1.0
soul:1.0
post:1.0
max:2.09861228866811
power:1.0
voltag:1.0
current:1.0
rate:2.09861228866811
transistor:1.0
conduct:1.0
type:1.0
pinout:1.0
use:1.0
sweep:1.0
portion:1.0
tv:1.0
set:1.0
maximum:1.6931471805599454
vcbo:1.6931471805599454
40v:1.6931471805599454
vceo:1.6931471805599454
30v:2.386294361119891
ic:2.386294361119891
3a:1.6931471805599454
pc:1.6931471805599454
10w:1.6931471805599454
25c:1.6931471805599454
icbo:1.6931471805599454
1ua:1.6931471805599454
vcb:1.6931471805599454
cob:1.6931471805599454
55pf:1.0
q:1.6931471805599454
point:1.6931471805599454
vce:1.6931471805599454
5:1.0
1a:1.6931471805599454
hfe:1.6931471805599454
100:1.6931471805599454
75pf:1.0
5v:1.0
get:1.0
data:1.0
book:1.0
hope:1.0
help:1.0
