cyberman:2.09861228866811
toz:1.6931471805599454
buffalo:1.6931471805599454
ny:1.6931471805599454
u:1.6931471805599454
subject:1.0
old:1.6931471805599454
2:1.6931471805599454
line:1.0
19:1.0
x:1.0
maildoor:1.0
waflinemail:1.0
1:1.6931471805599454
00r:1.0
kri:1.0
gleason:1.0
said:1.0
04:1.6931471805599454
15:1.6931471805599454
93:1.0
11:1.0
02:1.0
kg:2.6094379124341005
yeah:1.0
keychain:1.0
seen:1.0
64k:1.0
simm:1.0
silver:1.0
keyr:1.0
attach:1.0
big:1.0
seller:1.0
comput:1.6931471805599454
store:1.0
sure:1.0
could:1.0
find:1.0
bunch:1.0
geek:1.0
h:2.791759469228055
scienc:1.0
major:1.0
around:1.0
would:1.6931471805599454
buy:1.0
10:1.0
mayb:1.0
lucki:1.0
untru:1.0
check:1.0
jdr:1.0
first:1.0
say:1.0
5:1.0
much:1.0
worth:1.6931471805599454
guess:1.0
buck:1.0
peic:1.0
stephen:1.0
mangl:1.0
sat:1.0
17:1.0
1993:1.0
20:1.0
26:1.0
37:1.0
taglin:1.6931471805599454
duplic:1.6931471805599454
blue:1.0
wave:1.0
qwk:1.0
v2:1.0
12:1.0
