bryan:2.386294361119891
philip:2.09861228866811
oz:1.6931471805599454
au:2.386294361119891
ryan:1.6931471805599454
organ:1.0
public:1.0
telecommun:1.0
system:1.0
melbourn:1.6931471805599454
australia:1.6931471805599454
subject:1.0
ram:1.6931471805599454
rom:1.6931471805599454
ale:1.0
latch:1.6931471805599454
8051:1.0
line:2.09861228866811
28:1.0
spp:1.0
zabriski:1.0
berkeley:1.0
edu:2.09861228866811
steve:1.0
pope:1.0
write:1.6931471805599454
articl:1.0
1qg98sinnokf:1.0
sheoak:1.0
ucnv:1.6931471805599454
jeff:1.6931471805599454
redgum:1.0
j:1.0
pethybridg:1.0
thello:1.0
ask:1.0
year:1.0
ago:1.0
still:1.0
look:1.6931471805599454
get:1.0
sick:1.0
use:2.386294361119891
hc373:1.0
damn:1.0
373:1.0
sure:1.0
oddbal:1.0
memori:1.0
chip:2.386294361119891
realli:1.0
want:1.0
sorri:1.0
pedant:1.0
design:1.0
circuit:1.0
reason:1.0
avail:1.0
part:1.0
move:1.0
import:1.0
problem:1.6931471805599454
seri:1.6931471805599454
wsi:1.0
psd3xx:1.0
mega:1.0
address:1.6931471805599454
decod:1.0
logic:1.0
variou:1.6931471805599454
size:1.6931471805599454
upto:1.6931471805599454
1mbit:1.0
16:1.0
k:1.0
19:1.0
port:1.0
select:1.0
buffer:1.0
cute:1.0
44:1.0
pin:1.0
plcc:1.0
packag:1.0
second:1.0
sourc:1.0
may:1.0
though:1.0
vk3tkx:1.0
