cyberman:2.09861228866811
toz:1.6931471805599454
buffalo:1.6931471805599454
ny:1.6931471805599454
u:1.6931471805599454
subject:1.0
old:2.09861228866811
2:1.6931471805599454
line:1.0
33:1.0
x:1.0
maildoor:1.0
waflinemail:1.0
1:1.0
00r:1.0
jason:1.0
hain:1.0
said:1.0
256k:1.6931471805599454
04:2.09861228866811
15:1.0
93:1.0
38:1.0
jh:3.302585092994046
wonder:1.0
peopl:1.6931471805599454
good:1.0
use:2.09861228866811
simm:1.6931471805599454
bunch:1.0
appl:1.0
mac:1.0
know:1.0
lot:1.6931471805599454
tri:1.0
sell:1.6931471805599454
gotten:1.0
interest:1.6931471805599454
collect:1.0
togeth:1.0
ie:1.0
everyon:1.0
thing:1.0
give:1.0
recycl:1.0
inov:1.0
want:1.0
buy:1.0
8:1.6931471805599454
would:1.6931471805599454
hear:1.0
free:1.0
send:1.0
real:1.0
cheap:1.0
intrest:1.0
heheh:1.0
chip:1.6931471805599454
devic:1.6931471805599454
speed:1.0
seen:1.0
ram:2.09861228866811
disc:1.0
storag:1.0
pricey:1.0
plu:1.0
still:1.0
littl:1.0
worri:1.0
data:1.0
store:1.0
disk:1.0
stephen:1.0
mangl:1.0
fri:1.0
16:1.0
1993:1.0
19:1.0
58:1.0
29:1.0
badger:1.6931471805599454
need:1.0
steenk:1.0
blue:1.0
wave:1.0
qwk:1.0
v2:1.0
12:1.0
