frankh:1.6931471805599454
scrap:1.6931471805599454
uucp:1.0
frank:2.09861228866811
holden:1.6931471805599454
ka3uww:2.09861228866811
subject:1.0
good:1.0
ic:1.6931471805599454
rs232:1.6931471805599454
ttl:1.6931471805599454
signal:1.0
organ:1.0
none:1.0
line:1.0
34:1.0
c57zsc:1.0
9fl:1.0
news:1.0
cso:1.6931471805599454
uiuc:1.6931471805599454
edu:1.6931471805599454
rky57514:1.0
uxa:1.0
tall:1.0
cool:1.0
one:1.0
write:1.0
look:1.6931471805599454
convert:1.0
voltag:1.6931471805599454
level:1.6931471805599454
someth:1.0
rel:1.0
inexpens:1.0
would:1.0
nice:1.0
anyon:1.0
suggest:1.0
thank:1.0
well:2.09861228866811
digi:1.0
key:1.0
sell:1.6931471805599454
chip:1.0
number:1.0
icl232:1.0
want:1.0
3:1.0
50:1.0
hope:1.0
help:1.0
custom:1.6931471805599454
ask:1.6931471805599454
thing:1.6931471805599454
answer:1.6931471805599454
chuckl:1.6931471805599454
highli:1.6931471805599454
technic:1.6931471805599454
sensit:1.6931471805599454
instrument:1.0
use:1.0
comput:1.0
repair:1.0
layman:1.0
probabl:1.0
cann:1.0
grasp:1.0
exactli:1.0
call:1.0
b:1.0
f:1.0
h:1.6931471805599454
w:1.0
radio:1.0
doctor:1.0
snailmail:1.0
inter:1.0
net:1.0
685:1.0
addison:1.0
st:1.0
pittsburgh:1.0
sgi:1.0
com:1.0
washington:1.0
pa:1.6931471805599454
15301:1.0
5601:1.0
packet:1.0
n3idi:1.0
wpa:1.0
usa:1.0
na:1.0
disclaim:1.6931471805599454
confess:1.0
