adyk:1.6931471805599454
jpradley:1.0
jpr:1.6931471805599454
com:1.6931471805599454
al:1.6931471805599454
dyke:1.6931471805599454
subject:1.0
help:1.0
reduc:1.6931471805599454
rpm:1.0
boxer:2.09861228866811
fan:2.09861228866811
organ:1.0
unix:1.0
nyc:1.0
distribut:1.0
na:1.0
line:1.0
16:1.0
need:1.0
speed:1.0
30:1.0
50:1.0
recal:1.0
read:1.0
somewher:1.0
right:1.0
capacitor:1.0
seri:1.0
case:1.0
brain:1.0
fade:1.0
someon:1.0
suggest:1.0
cap:1.0
valu:1.0
specif:1.0
real:1.0
tm:1.0
label:1.0
say:1.0
115:1.0
v:1.0
2:1.0
amp:1.0
