ski:1.0
wpi:2.386294361119891
edu:1.6931471805599454
joseph:1.0
mich:1.0
krzeszewski:1.0
subject:1.0
need:1.0
find:1.0
number:1.6931471805599454
phone:2.09861228866811
line:1.6931471805599454
organ:1.0
worcest:1.0
polytechn:1.0
institut:1.0
4:1.0
nntp:1.0
post:1.0
host:1.0
texa:1.0
well:1.0
corpu:1.0
christi:1.0
anyway:1.0
pick:1.0
dial:1.0
890:1.0
compani:1.0
read:1.0
back:1.0
tri:1.0
might:1.0
work:1.0
