xandor:1.0
unixg:1.6931471805599454
ubc:1.6931471805599454
ca:1.6931471805599454
john:1.0
gilbert:1.0
subject:1.6931471805599454
explod:1.6931471805599454
tv:1.0
organ:1.0
univers:1.0
british:1.0
columbia:1.0
line:1.0
4:1.0
distribut:1.0
usa:1.0
nntp:1.0
post:1.0
host:1.0
possibl:1.0
interest:1.0
understand:1.0
televis:1.0
major:1.0
caus:1.0
domest:1.0
accid:1.0
soviet:1.0
union:1.0
past:1.0
year:1.0
