gould:2.386294361119891
waterloo:2.386294361119891
hp:2.386294361119891
com:2.09861228866811
dan:1.6931471805599454
subject:1.0
telephon:2.386294361119891
control:1.6931471805599454
power:2.6094379124341005
bar:1.6931471805599454
need:1.6931471805599454
nntp:1.0
post:1.6931471805599454
host:1.0
hppadan:1.0
organ:1.0
panacom:1.0
div:1.0
canada:1.0
x:1.0
newsread:1.0
tin:1.0
version:1.0
1:1.6931471805599454
pl8:1.0
9:1.0
line:1.0
16:1.0
would:1.6931471805599454
appreci:1.0
help:1.0
locat:1.0
pc:2.09861228866811
unit:1.0
ring:1.0
keep:1.0
long:1.0
connect:1.0
present:1.0
also:1.0
abl:1.0
use:1.0
extern:1.0
timer:1.0
suppli:1.0
contact:1.0
closur:1.0
summar:1.0
result:1.0
queri:1.0
thank:1.0
