krouth:2.386294361119891
slee01:2.6094379124341005
srl:2.6094379124341005
ford:3.1972245773362196
com:2.6094379124341005
kevin:2.6094379124341005
routh:2.6094379124341005
subject:1.0
f:1.0
imagewrit:1.6931471805599454
window:2.6094379124341005
organ:1.0
motor:1.0
compani:1.0
research:1.0
laboratori:1.0
line:1.0
53:1.0
nntp:1.0
post:1.6931471805599454
host:1.0
x:1.0
newsread:1.0
tin:1.0
1:2.386294361119891
pl5:1.0
articl:1.0
crosspost:1.0
comp:1.0
m:1.0
author:1.0
19:1.0
apr:1.0
1993:1.0
12:1.0
35:1.0
55:1.0
gmt:1.0
inform:1.0
hook:1.0
com1:1.6931471805599454
serial:1.0
port:2.09861228866811
use:2.09861228866811
c:2.386294361119891
itoh:1.0
8510:1.0
driver:1.0
3:1.0
cabl:1.6931471805599454
straight:1.0
thru:1.0
connect:1.6931471805599454
null:1.6931471805599454
modem:1.6931471805599454
adapt:1.0
got:1.0
radio:1.0
shack:1.0
catalog:1.0
26:1.0
1496a:1.0
4:1.0
95:1.0
seem:1.6931471805599454
work:1.0
fine:1.0
do:2.09861228866811
follow:1.6931471805599454
command:1.0
tc:1.0
mode:1.0
9600:1.0
n:1.0
8:2.09861228866811
p:1.0
set:1.0
way:1.0
setup:1.0
t1:1.6931471805599454
tto:3.0794415416798357
t2:1.6931471805599454
t3:1.6931471805599454
t4:1.6931471805599454
t5:1.6931471805599454
t6:1.6931471805599454
t20:1.6931471805599454
t7:1.6931471805599454
print:1.0
sever:1.0
applic:1.0
ok:1.0
internet:2.09861228866811
electron:2.09861228866811
ibmmail:2.09861228866811
prof:2.09861228866811
usfmctmf:2.09861228866811
eld:2.09861228866811
ic:2.09861228866811
engin:2.09861228866811
17000:2.09861228866811
rotunda:2.09861228866811
drive:2.09861228866811
b:2.09861228866811
121:2.09861228866811
voic:2.09861228866811
mail:2.09861228866811
313:2.791759469228055
337:2.09861228866811
5136:2.09861228866811
dearborn:2.09861228866811
mi:2.09861228866811
48121:2.09861228866811
6010:2.09861228866811
facsimil:2.09861228866811
248:2.09861228866811
6244:2.09861228866811
