khairon:2.09861228866811
usc:2.09861228866811
edu:2.09861228866811
rosli:1.6931471805599454
bin:1.0
subject:1.0
look:1.6931471805599454
address:1.6931471805599454
nois:1.6931471805599454
cancel:1.6931471805599454
tech:1.0
organ:1.0
univers:1.0
southern:1.0
california:1.0
lo:1.0
angel:1.0
ca:1.0
line:1.0
14:1.0
distribut:1.0
na:1.0
nntp:1.0
post:1.0
host:1.0
sal:1.0
sun130:1.0
new:1.0
newsgroup:1.0
apologis:1.0
appropri:1.0
forum:1.0
ask:1.0
question:1.0
technolog:1.0
rather:1.0
import:1.0
help:1.0
regard:1.0
plea:1.0
thank:1.0
aludra:1.0
