yxy4145:1.6931471805599454
uc:1.0
usl:1.6931471805599454
edu:1.6931471805599454
yu:1.0
yingbin:1.0
subject:1.0
someon:1.0
know:1.0
news:1.0
group:1.0
ieee:1.0
organ:1.0
univ:1.0
southwestern:1.0
la:1.0
lafayett:1.0
distribut:1.0
usa:1.0
line:1.0
2:1.0
thank:1.0
lot:1.0
