schuch:1.6931471805599454
phx:1.6931471805599454
mcd:1.6931471805599454
mot:1.6931471805599454
com:2.791759469228055
john:1.6931471805599454
subject:1.0
need:1.0
pinout:1.6931471805599454
g8870:1.0
dtmf:1.6931471805599454
decod:1.6931471805599454
chip:2.09861228866811
nntp:1.0
post:1.0
host:1.0
bopper2:1.0
organ:1.0
motorola:1.6931471805599454
comput:1.0
group:1.0
temp:1.0
az:1.0
distribut:1.0
usa:1.0
line:1.0
59:1.0
articl:1.0
montc5qs9a:1.0
3wb:1.0
netcom:2.09861228866811
mont:2.6094379124341005
pierc:1.6931471805599454
write:1.0
bought:1.6931471805599454
suncoast:1.0
technolog:1.0
tri:1.0
build:1.0
circuit:1.0
work:1.0
anyon:1.0
possibl:1.0
voltag:1.6931471805599454
spec:1.6931471805599454
sure:1.0
appreci:1.0
presum:1.0
8870:1.0
telton:1.0
corpor:1.0
pin:1.6931471805599454
tdescript:1.0
1:1.0
input:2.386294361119891
2:2.09861228866811
3:1.6931471805599454
tg:1.0
gain:1.0
select:1.0
use:1.0
feed:1.0
back:1.0
resistor:1.0
4:1.6931471805599454
tvref:1.0
refer:1.0
output:3.3978952727983707
vdd:1.0
5:1.6931471805599454
tconnect:1.6931471805599454
v:1.6931471805599454
6:1.0
7:2.09861228866811
tosc1:1.0
clock:1.6931471805599454
8:1.6931471805599454
tosc2:1.0
connect:1.0
crystal:1.0
across:1.0
9:1.0
tv:1.0
10:1.6931471805599454
toe:1.0
enabl:1.0
logic:1.0
high:1.0
allow:1.0
data:2.791759469228055
11:1.0
tq1:1.0
12:1.0
tq2:1.0
13:1.0
tq3:1.0
14:1.0
tq4:1.0
15:1.6931471805599454
tstd:1.0
delay:1.0
steer:2.09861228866811
compani:1.0
would:1.6931471805599454
call:1.6931471805599454
valid:1.0
16:1.0
test:1.0
earli:1.0
sort:1.0
like:1.0
start:1.0
hear:1.0
tone:1.0
17:1.0
tst:1.0
gt:1.0
guard:1.0
time:1.0
18:1.0
tvdd:1.0
power:1.0
suppli:1.0
75v:1.0
min:1.0
25v:1.0
max:1.6931471805599454
current:1.0
0ma:1.6931471805599454
typ:1.0
realli:1.0
part:1.0
still:1.0
stock:1.0
someon:1.0
could:1.0
fax:1.0
email:1.6931471805599454
snail:1.0
mail:1.0
copi:1.0
sheet:1.0
even:1.0
better:1.0
plea:1.0
help:1.0
thank:1.0
advanc:1.0
ham:1.0
km6wt:1.0
internet:1.0
band:1.0
80:1.0
40:1.0
20:1.0
ibm:1.6931471805599454
vnet:1.6931471805599454
mode:1.0
cw:1.0
ssb:1.0
fm:1.0
