tron:2.09861228866811
ux1:1.0
cso:1.0
uiuc:1.0
edu:1.0
r:1.0
subject:1.0
modul:1.6931471805599454
rf:2.09861228866811
organ:1.0
univers:1.0
illinoi:1.0
urbana:1.0
line:1.0
11:1.0
would:1.0
like:1.0
40khz:1.0
squarewav:1.6931471805599454
remot:1.0
control:1.0
project:1.0
high:1.0
5:1.0
v:1.0
low:1.0
0v:1.0
thank:1.0
