morrow:2.386294361119891
cn:2.09861228866811
ucalgari:2.09861228866811
ca:2.09861228866811
bill:1.6931471805599454
subject:1.0
need:1.6931471805599454
sourc:1.6931471805599454
old:1.6931471805599454
radio:1.6931471805599454
shack:1.6931471805599454
stereo:1.0
amp:2.09861228866811
chip:2.09861228866811
nntp:1.0
post:1.0
host:1.0
cns9:1.0
organ:1.0
univers:1.6931471805599454
calgari:2.09861228866811
line:1.0
13:1.0
last:1.0
week:1.0
ask:1.0
help:1.0
get:1.0
homemad:1.0
work:1.6931471805599454
sun:1.0
cd:1.0
rom:1.0
drive:1.6931471805599454
turn:1.0
channel:1.6931471805599454
test:1.0
burn:1.0
fine:1.0
new:1.0
amplifi:1.0
local:1.0
longer:1.0
carri:1.0
compon:1.0
12:1.0
pin:1.0
sip:1.0
label:1.0
ba5406:1.0
502:1.0
515:1.0
anyon:1.0
thank:1.0
clinic:1.0
neurosci:1.0
e:1.0
mail:1.0
voic:1.0
403:1.6931471805599454
220:1.0
6275:1.0
fax:1.0
283:1.0
8770:1.0
3330:1.0
hospit:1.0
nw:1.0
alberta:1.0
canada:1.0
t2n:1.0
4n1:1.0
