wlsmith:1.0
valv:1.6931471805599454
heart:1.6931471805599454
rri:1.6931471805599454
uwo:1.6931471805599454
ca:1.6931471805599454
wayn:1.0
smith:1.0
subject:1.0
radar:2.09861228866811
detector:1.6931471805599454
organ:1.0
john:1.0
p:1.0
robart:1.0
research:1.0
institut:1.0
london:1.0
ontario:1.0
distribut:1.0
na:1.0
nntp:1.0
post:1.0
host:1.0
line:1.0
21:1.0
articl:1.0
1993apr19:1.0
231050:1.0
2196:1.0
rapnet:1.6931471805599454
sander:1.6931471805599454
lockhe:1.6931471805599454
com:1.6931471805599454
babb:1.6931471805599454
scott:1.0
write:1.0
feder:1.0
commun:1.6931471805599454
act:1.6931471805599454
1934:2.09861228866811
made:1.0
legal:1.0
oper:1.0
radio:1.0
receiv:2.386294361119891
kind:1.6931471805599454
frequenc:1.0
includ:2.09861228866811
x:1.0
k:1.0
ka:1.0
band:2.09861228866811
unit:1.0
state:1.0
electron:1.0
privaci:1.0
1989:1.0
restrict:1.6931471805599454
fca:1.6931471805599454
make:1.0
illeg:1.6931471805599454
land:2.09861228866811
mobil:2.386294361119891
telephon:2.386294361119891
servic:2.386294361119891
believ:1.0
cellular:1.0
phone:1.6931471805599454
reciev:1.6931471805599454
even:1.0
ship:1.0
shore:1.0
place:1.0
curious:1.0
cordless:1.0
enforc:1.0
virginia:1.0
law:1.6931471805599454
violat:1.0
isin:1.0
rule:1.0
regul:1.6931471805599454
whatev:1.0
juristict:1.0
prohibit:1.0
use:1.0
polic:1.6931471805599454
vehicl:1.0
transmiss:1.0
get:1.0
cover:1.0
