randi:2.6094379124341005
ve6bc:2.09861228866811
ampr:1.6931471805599454
ab:1.6931471805599454
ca:1.6931471805599454
j:1.6931471805599454
pointkoski:1.6931471805599454
subject:1.0
need:1.0
24:1.6931471805599454
volt:1.6931471805599454
4:2.09861228866811
circuit:1.6931471805599454
flasher:1.6931471805599454
organ:1.0
amateur:1.0
radio:1.0
line:1.0
17:1.0
look:1.0
sourc:1.0
sequenc:1.6931471805599454
input:1.0
ac:1.0
8:1.0
amp:1.6931471805599454
output:1.0
channel:1.6931471805599454
knob:1.0
vari:1.0
frequenc:1.0
max:1.0
2:1.0
tper:1.0
leg:1.0
tswitch:1.0
put:1.0
full:1.0
time:1.0
plea:1.0
email:1.0
assist:1.0
provid:1.0
temail:1.0
p:1.0
eng:1.0
compress:1.0
technolog:1.0
7141:1.0
77:1.0
ave:1.0
