u934132:1.6931471805599454
student:1.6931471805599454
canberra:2.09861228866811
edu:1.6931471805599454
au:1.6931471805599454
ogawa:1.6931471805599454
taro:1.0
stephen:1.0
ise:1.0
subject:1.0
help:1.0
want:1.0
summari:1.0
decod:1.6931471805599454
organ:1.0
univers:1.0
line:1.0
9:1.0
could:1.0
someon:1.0
plea:1.6931471805599454
tell:1.0
1:2.09861228866811
4:1.6931471805599454
demultiplex:1.0
know:1.0
link:1.6931471805599454
2:1.0
get:1.0
8:1.0
output:1.0
circuit:1.6931471805599454
5:1.0
make:1.6931471805599454
16:1.0
multiplex:1.0
sorri:1.0
seem:1.0
like:1.0
lame:1.0
question:1.0
newbi:1.0
electron:1.0
mail:1.0
droolproof:1.0
possibl:1.0
thanx:1.0
ttaro:1.0
