johnr:1.6931471805599454
col:2.386294361119891
hp:2.386294361119891
com:2.09861228866811
john:1.6931471805599454
rasper:1.6931471805599454
subject:1.0
adcom:2.09861228866811
gtp500ii:1.0
ir:2.386294361119891
sensor:1.6931471805599454
repeat:2.6094379124341005
spec:1.0
organ:1.0
colorado:1.6931471805599454
spring:1.6931471805599454
divis:1.0
line:1.0
25:1.0
nntp:1.0
post:1.0
host:1.0
hplsdvf:1.0
anyon:1.6931471805599454
know:1.0
detail:1.0
interfac:1.0
5:2.09861228866811
wire:1.6931471805599454
din:1.6931471805599454
remot:1.0
2:1.6931471805599454
gtp:1.0
500ii:2.386294361119891
preamp:1.0
part:1.0
number:1.0
xr:1.0
spm:1.0
ira:1.0
cursori:1.0
physic:1.0
examin:1.0
pre:1.0
amp:1.0
connector:2.386294361119891
indic:1.0
pin:2.791759469228055
may:1.0
provid:1.0
view:1.0
front:1.0
1:1.0
v:2.386294361119891
4:1.0
3:1.6931471805599454
signal:2.09861228866811
ground:1.0
demodul:1.0
pp:1.6931471805599454
polar:1.0
drive:2.386294361119891
led:1.6931471805599454
150ohm:1.0
resistor:1.0
assum:1.0
mini:1.0
plug:1.0
directli:1.0
true:1.0
fill:1.0
thank:1.0
hewlett:1.0
packard:1.0
p:1.0
box:1.0
2197:1.6931471805599454
719:1.0
590:1.0
5895:1.0
co:1.0
80901:1.0
