wtm:1.6931471805599454
uhura:1.6931471805599454
neoucom:2.09861228866811
edu:1.6931471805599454
bill:1.6931471805599454
mayhew:1.6931471805599454
subject:1.0
dmm:1.6931471805599454
advic:1.0
need:1.0
organ:1.0
northeastern:1.0
ohio:1.0
univers:1.0
colleg:1.0
medicin:1.0
line:1.0
19:1.0
fluke:1.6931471805599454
8060a:1.0
work:1.0
10:1.0
year:1.6931471805599454
wonder:1.0
meter:2.09861228866811
sever:1.0
colleagu:1.0
newer:1.0
though:1.0
still:1.0
would:1.0
soon:1.0
hang:1.0
8060:1.6931471805599454
1980:1.0
digial:1.0
analog:1.6931471805599454
simpson:1.0
260:1.0
1950:1.0
1960:1.0
8060b:1.0
extend:1.0
frequenc:1.0
respons:1.0
got:1.0
nifti:1.0
littl:1.0
pen:1.0
shape:1.0
made:1.0
soar:2.09861228866811
keep:1.0
toolbox:1.0
home:1.0
six:1.0
seven:1.0
replac:1.0
batteri:1.0
coupl:1.0
time:1.0
adequ:1.0
day:1.6931471805599454
hobbi:1.0
use:1.0
think:1.0
oem:1.0
stuff:1.6931471805599454
number:1.0
vendor:1.0
jdr:1.0
microdevic:1.0
look:1.0
rather:1.0
similar:1.0
comput:1.0
servic:1.0
depart:1.0
rootstown:1.0
oh:1.0
44272:1.0
9995:1.0
usa:1.0
phone:1.0
216:1.0
325:1.0
2511:1.0
140:1.0
220:1.0
1:1.6931471805599454
146:1.0
580:1.0
n8wed:1.0
