wagner:2.791759469228055
mala:2.09861228866811
bc:2.09861228866811
ca:2.09861228866811
tom:2.791759469228055
wizzard:1.6931471805599454
old:1.6931471805599454
audio:3.6390573296152584
visual:2.386294361119891
equip:1.6931471805599454
nanaimo:2.791759469228055
campu:1.6931471805599454
subject:1.0
correct:1.0
last:1.0
followup:1.0
relay:3.302585092994046
organ:1.0
malaspina:2.09861228866811
colleg:2.09861228866811
line:1.6931471805599454
73:2.09861228866811
articl:2.09861228866811
1993apr20:1.0
102756:1.0
1709:1.0
write:2.09861228866811
c5r60r:1.0
4id:1.0
megatest:1.6931471805599454
com:1.6931471805599454
alung:1.0
aaron:1.0
lung:1.0
c5qsbf:1.0
iek:1.0
m:1.6931471805599454
uki:1.6931471805599454
edu:1.6931471805599454
billq:1.0
billi:1.0
quinn:1.0
built:1.0
littl:1.0
project:1.0
use:2.9459101490553135
radio:1.0
shack:1.0
5vdc:1.0
switch:3.3978952727983707
got:1.0
pretti:1.0
bad:1.0
click:2.09861228866811
thing:1.6931471805599454
common:1.0
one:1.0
suppos:1.0
noth:1.0
seem:1.0
get:1.0
rid:1.0
question:1.6931471805599454
ti:1.0
good:1.0
circuit:3.0794415416798357
nois:1.6931471805599454
kind:1.0
appreci:1.0
advic:1.6931471805599454
refer:1.6931471805599454
also:1.6931471805599454
exact:1.0
part:1.0
number:1.0
compani:1.0
name:1.0
etc:1.6931471805599454
help:1.0
high:2.09861228866811
level:2.09861228866811
signal:2.09861228866811
low:1.6931471805599454
like:1.0
pre:1.0
amp:1.6931471805599454
mention:1.0
big:1.0
clack:1.0
happen:1.0
contact:2.386294361119891
bounc:1.0
drive:1.6931471805599454
ttl:1.0
gate:1.0
output:1.6931471805599454
transistor:1.0
connect:1.6931471805599454
need:1.0
specif:1.0
answer:1.0
gener:1.0
rule:1.0
cleanli:1.0
tri:1.0
tranfer:1.0
hear:1.0
due:1.0
momentari:1.0
open:1.0
close:1.6931471805599454
path:1.0
noiseless:1.0
way:1.0
transfer:1.6931471805599454
ground:2.09861228866811
imped:2.386294361119891
resist:2.791759469228055
construct:1.0
characterist:1.6931471805599454
imput:1.0
transform:1.0
usual:1.0
input:1.0
short:1.6931471805599454
secondari:1.0
parallel:1.0
sometim:1.0
necessari:1.0
actual:1.0
second:1.0
momentarili:1.0
durat:1.0
time:1.0
telephon:1.0
handi:1.0
adjust:1.0
make:1.0
break:1.0
vica:1.0
versa:1.0
seen:1.0
year:1.0
nowadi:1.0
done:1.0
electron:1.0
op:1.0
novel:1.0
build:1.0
primit:1.0
optic:1.0
isol:1.0
consist:1.0
photocel:1.0
lamp:2.386294361119891
packag:1.0
tube:1.0
cell:1.0
turn:1.0
lower:1.0
pas:1.0
devic:1.0
vari:1.0
give:1.0
remot:1.0
volum:1.0
control:1.0
2:1.0
variabl:1.0
mixer:1.0
lot:1.0
luck:1.0
technician:1.6931471805599454
british:2.386294361119891
columbia:2.386294361119891
604:1.6931471805599454
753:1.6931471805599454
3245:1.6931471805599454
loc:1.6931471805599454
2230:1.6931471805599454
fax:1.6931471805599454
755:1.6931471805599454
8742:1.6931471805599454
callsign:1.6931471805599454
ve7gda:1.6931471805599454
weapon:1.6931471805599454
45:1.6931471805599454
kentucki:1.6931471805599454
rifl:1.6931471805599454
snail:1.6931471805599454
mail:1.6931471805599454
site:1.6931471805599454
q4:1.6931471805599454
c2:1.6931471805599454
rr:1.6931471805599454
4:1.6931471805599454
canada:1.6931471805599454
v9r:1.6931471805599454
5x9:1.6931471805599454
recyl:1.6931471805599454
keep:1.6931471805599454
everyth:1.6931471805599454
standard:1.6931471805599454
disclaim:1.6931471805599454
appli:1.6931471805599454
