keho:2.386294361119891
netcom:2.09861228866811
com:1.6931471805599454
thoma:1.6931471805599454
david:1.6931471805599454
subject:1.0
telephon:1.0
control:1.0
power:1.0
bar:1.0
need:1.0
organ:1.0
onlin:1.0
commun:1.0
servic:1.0
408:1.6931471805599454
241:1.0
9760:1.0
guest:1.0
line:1.6931471805599454
25:1.0
similar:1.0
idea:1.0
fax:2.386294361119891
answer:2.09861228866811
machin:2.386294361119891
switch:1.6931471805599454
put:1.0
one:1.0
order:1.0
distinct:1.0
ring:3.302585092994046
phone:2.386294361119891
compani:1.0
3:1.0
month:1.0
get:1.0
second:1.0
unpublish:1.0
number:1.6931471805599454
someon:1.0
call:1.6931471805599454
short:1.6931471805599454
instead:1.0
long:1.6931471805599454
set:1.0
4:1.0
six:1.0
give:1.6931471805599454
new:1.6931471805599454
devic:1.0
would:1.0
measur:1.0
length:1.0
detect:1.0
turn:1.0
five:1.0
later:1.0
pick:1.6931471805599454
cheaper:1.0
eleg:1.0
80:1.0
avail:1.0
friend:1.0
custom:1.0
leav:1.0
old:1.0
telemarket:1.0
etc:1.0
hear:1.0
thought:1.0
anoth:1.0
susannah:1.0
martin:1.0
hang:1.0
witchcraft:1.0
1692:1.0
354:1.0
5926:1.0
