cantrel:2.09861228866811
sauron:2.09861228866811
msfc:2.386294361119891
nasa:2.386294361119891
gov:1.6931471805599454
eric:1.6931471805599454
subject:1.0
eeg:1.6931471805599454
kit:1.6931471805599454
nntp:1.0
post:1.6931471805599454
host:1.0
organ:1.0
x:1.0
newsread:1.0
nn:1.0
version:1.0
6:1.0
4:1.0
19:1.0
line:1.0
9:1.0
awhil:1.0
back:1.0
someon:1.0
inform:1.0
get:2.09861228866811
build:1.0
anyon:1.0
rememb:1.0
could:1.0
interest:1.0
info:1.0
thank:1.0
advanc:1.0
