sehari:2.386294361119891
iastat:1.6931471805599454
edu:1.6931471805599454
babak:1.6931471805599454
subject:1.0
disk:1.0
copi:1.6931471805599454
protect:1.6931471805599454
origin:1.0
marg:1.0
ec:1.0
organ:1.0
iowa:1.6931471805599454
state:1.0
univers:1.0
scienc:1.0
technolog:1.0
ame:1.0
line:1.0
10:1.0
wonder:1.0
techniqu:1.0
avali:1.0
effect:1.0
anyon:1.0
experi:1.0
area:1.0
highest:1.0
regard:1.0
