veriti:2.6094379124341005
jack:1.6931471805599454
sn:1.6931471805599454
com:1.6931471805599454
steve:2.09861228866811
subject:1.0
need:2.791759469228055
help:2.09861228866811
video:2.09861228866811
detect:2.6094379124341005
circuit:3.0794415416798357
organ:1.0
system:1.0
n:1.6931471805599454
softwar:1.0
line:1.0
55:1.0
tri:1.0
build:1.0
presenc:1.6931471805599454
v:1.0
blank:2.09861228866811
screen:2.791759469228055
monitor:1.0
r:1.0
g:1.0
b:1.0
output:1.6931471805599454
graphic:1.0
card:1.0
abl:2.09861228866811
singl:1.0
pixel:1.6931471805599454
65:1.0
mhz:1.0
would:2.6094379124341005
mean:1.0
15:1.0
pul:1.0
also:1.6931471805599454
tell:1.0
differ:2.09861228866811
300:1.0
mv:2.09861228866811
dim:1.6931471805599454
say:1.0
around:1.0
310:1.0
oh:1.6931471805599454
ye:1.6931471805599454
cheap:1.6931471805599454
first:1.6931471805599454
dismal:1.0
failur:1.0
use:1.0
3:1.0
compari:2.9459101490553135
input:1.6931471805599454
go:1.6931471805599454
one:1.0
gun:1.0
went:1.0
refer:2.09861228866811
creat:1.6931471805599454
voltag:1.0
divid:1.0
potentiomet:1.0
problem:1.6931471805599454
way:2.09861228866811
slow:1.0
get:1.0
sever:1.0
row:1.0
fire:1.0
could:1.0
whole:1.6931471805599454
full:1.0
text:1.0
second:1.6931471805599454
nois:1.0
smallest:1.0
fact:1.6931471805599454
complet:1.6931471805599454
black:1.0
white:1.0
650:1.0
wonder:1.0
amplifi:1.0
signal:1.0
make:1.0
work:1.0
faster:1.0
expens:1.0
requir:1.0
split:1.0
suppli:1.6931471805599454
replac:1.0
49:1.0
quad:1.0
three:1.0
1:1.0
89:1.0
new:1.0
power:1.0
point:1.0
think:1.0
sort:1.0
transistor:2.09861228866811
fast:1.6931471805599454
trick:1.0
unfortun:1.0
leagu:1.0
come:1.0
design:1.0
appeal:1.0
net:1.0
idea:1.0
tip:1.0
pointer:1.0
etc:1.0
greatli:1.0
appreci:1.0
sampl:1.0
thing:1.0
everi:1.0
respons:1.0
time:1.0
howev:1.0
found:1.0
take:1.0
advantag:1.0
thank:1.0
lot:1.0
anybodi:1.0
might:1.0
give:1.0
cours:1.0
undi:1.0
gratitud:1.0
max:1.0
midi:1.0
