jung:1.6931471805599454
rz:2.386294361119891
tu:2.386294361119891
ilmenau:2.6094379124341005
de:2.386294361119891
dirk:2.386294361119891
junghann:2.386294361119891
subject:1.0
w86c451:1.0
w86c456:1.0
info:1.0
want:1.0
nntp:1.0
post:1.0
host:1.0
dali:1.0
repli:1.0
organ:1.0
technisch:1.0
universitaet:1.0
line:1.0
12:1.0
anybodi:1.0
inform:1.0
w:1.6931471805599454
86:1.6931471805599454
c:1.6931471805599454
451:1.0
456:1.0
chip:1.0
40pin:1.0
dil:1.0
pckg:1.0
build:1.0
multifunct:1.0
io:1.0
card:1.0
pc:1.0
thank:1.0
