drand:1.6931471805599454
spinner:1.0
osf:2.09861228866811
org:1.6931471805599454
dougla:1.6931471805599454
rand:1.6931471805599454
subject:1.0
power:2.09861228866811
signal:1.0
surg:1.0
home:1.0
repli:1.0
randal:2.386294361119891
informix:1.6931471805599454
com:1.6931471805599454
messag:1.0
19:1.6931471805599454
apr:1.0
93:1.0
20:1.0
37:1.0
gmt:1.0
organ:1.0
open:1.0
softwar:1.0
foundat:1.0
line:1.0
76:1.0
articl:1.0
735251839:1.0
woof:1.0
rhea:1.0
write:1.6931471805599454
gstoval:1.0
crchh67:1.0
nosubdomain:1.0
nodomain:1.0
greg:1.0
stoval:1.0
anyway:1.0
weekend:1.0
rest:1.0
sofa:1.0
chore:1.0
notic:1.0
briefli:1.0
pick:1.6931471805599454
sound:1.0
like:1.0
ham:3.302585092994046
radio:3.302585092994046
traffic:1.0
stereo:2.09861228866811
televis:1.0
even:1.6931471805599454
though:1.0
also:1.6931471805599454
touch:1.0
sensit:1.0
light:1.0
hous:1.6931471805599454
start:1.6931471805599454
go:1.6931471805599454
wacko:1.0
cycl:1.0
four:1.0
bright:1.0
state:1.0
presum:1.0
oper:2.9459101490553135
illeg:1.6931471805599454
amplifi:1.6931471805599454
drove:1.0
past:1.0
live:1.0
busi:1.0
thoroughfar:1.0
would:2.09861228866811
correct:1.6931471805599454
presumpt:1.0
kind:1.6931471805599454
must:1.0
put:1.6931471805599454
caus:2.6094379124341005
effect:1.0
affect:1.0
equip:1.6931471805599454
100:2.386294361119891
foot:1.6931471805599454
road:1.0
unlik:2.09861228866811
amp:2.09861228866811
dirti:1.0
legal:1.0
run:1.6931471805599454
1500:1.0
watt:2.09861228866811
howev:1.0
car:2.09861228866811
rig:1.0
possibl:1.6931471805599454
either:1.0
need:1.6931471805599454
300:1.0
altern:1.0
see:1.0
slow:1.0
downgrad:1.0
hit:1.0
push:1.0
talk:1.6931471805599454
button:1.0
around:1.0
interfer:2.6094379124341005
consum:1.6931471805599454
electron:1.0
away:1.0
tv:1.6931471805599454
vcr:1.0
poor:1.0
rf:2.09861228866811
shield:1.0
experi:1.0
problem:2.09861228866811
frequent:1.6931471805599454
may:2.791759469228055
cber:1.0
base:1.0
station:1.0
nearbi:1.0
transmitt:1.6931471805599454
use:1.0
purpos:1.0
polic:1.6931471805599454
fire:1.6931471805599454
etc:1.0
heard:1.6931471805599454
voic:1.0
think:1.0
assum:1.6931471805599454
sourc:1.0
troubl:1.6931471805599454
want:1.6931471805599454
tri:1.6931471805599454
ferrit:1.0
choke:2.09861228866811
avail:1.0
shack:1.0
probabl:1.6931471805599454
speaker:1.0
wire:1.6931471805599454
instal:1.0
easili:1.0
without:1.0
cut:1.0
good:1.6931471805599454
instruct:1.0
includ:1.0
solv:1.0
search:1.0
neighborhood:1.0
look:1.0
antenna:1.0
roof:1.0
thing:1.0
reduc:1.0
plea:1.0
rememb:1.0
friendli:1.0
approach:1.0
local:1.6931471805599454
person:1.0
get:1.0
better:1.0
cooper:1.0
help:2.09861228866811
amaz:1.0
accus:1.0
sometim:1.0
dealt:1.0
grew:1.0
blame:1.0
skip:1.0
ghost:1.0
pictur:1.0
occur:1.0
sunspot:1.0
peak:1.0
c:1.0
b:1.0
dead:1.0
grass:1.0
name:1.0
btw:1.0
whether:1.0
directli:1.0
respons:1.0
part:1.0
neighbor:1.0
fcc:1.0
view:1.0
bad:1.0
requir:2.09861228866811
maker:1.0
take:1.0
precaut:1.0
last:1.0
usual:1.0
tell:1.0
v:1.0
cb:1.6931471805599454
declar:1.0
call:1.6931471805599454
sign:1.6931471805599454
everi:1.0
mani:1.0
minut:1.0
10:1.0
hear:1.0
wa1qt:1.0
w:1.0
k:1.0
6:1.0
total:1.0
charact:1.0
er:1.0
know:1.6931471805599454
privat:1.0
id:1.0
tosf:1.0
motif:1.0
dev:1.0
snail:1.0
11:1.0
cambridg:1.6931471805599454
center:1.0
02142:1.0
disclaim:1.0
agre:1.0
let:1.0
vote:1.0
amateur:1.0
kc1kj:1.0
