wtm:1.6931471805599454
uhura:1.6931471805599454
neoucom:2.09861228866811
edu:1.6931471805599454
bill:1.6931471805599454
mayhew:1.6931471805599454
subject:1.0
dayton:1.0
hamfest:1.0
organ:1.0
northeastern:1.0
ohio:1.0
univers:1.0
colleg:1.0
medicin:1.0
distribut:1.0
usa:1.6931471805599454
line:1.0
33:1.0
ye:1.0
take:1.0
interst:1.0
70:1.0
rout:1.0
48:2.09861228866811
exit:1.0
go:1.6931471805599454
south:1.0
2:1.6931471805599454
1:2.386294361119891
mile:2.09861228866811
trun:1.0
right:1.0
shiloh:1.0
spring:1.6931471805599454
road:1.6931471805599454
hamvent:1.6931471805599454
harrah:1.0
arena:2.09861228866811
west:1.6931471805599454
north:1.0
side:1.0
park:1.6931471805599454
limit:1.0
lodg:1.0
probabl:1.0
entir:1.0
book:1.0
within:1.0
40:1.0
radiu:1.0
good:1.6931471805599454
luck:1.0
i75:1.0
i70:1.0
x:1.0
mall:2.09861228866811
possibl:1.6931471805599454
shuttl:1.0
bus:1.0
run:1.0
get:1.0
montgomeri:1.0
counti:1.0
oh:1.6931471805599454
map:1.0
local:1.0
aaa:1.6931471805599454
offic:1.0
free:1.0
member:1.0
alreadi:1.0
definit:1.0
plan:1.0
particularli:1.0
time:1.0
start:1.0
think:1.0
comput:1.0
servic:1.0
depart:1.0
rootstown:1.0
44272:1.0
9995:1.0
phone:1.0
216:1.0
325:1.0
2511:1.0
140:1.0
220:1.0
146:1.0
580:1.0
n8wed:1.0
