dp:1.6931471805599454
cec1:2.09861228866811
wustl:2.09861228866811
edu:2.09861228866811
david:2.09861228866811
prutchi:2.09861228866811
subject:1.0
eeg:2.09861228866811
kit:1.6931471805599454
nntp:1.0
post:1.6931471805599454
host:1.0
organ:1.0
washington:1.6931471805599454
univers:1.6931471805599454
st:2.09861228866811
loui:1.6931471805599454
mo:1.6931471805599454
line:1.0
30:1.0
articl:1.0
cantrel:2.386294361119891
735330560:1.0
sauron:2.09861228866811
msfc:2.09861228866811
nasa:2.09861228866811
gov:1.6931471805599454
eric:1.6931471805599454
write:1.0
awhil:1.0
back:1.0
someon:1.0
inform:1.0
get:2.09861228866811
build:1.6931471805599454
anyon:1.0
rememb:1.0
could:1.0
interest:1.0
info:1.0
thank:1.0
advanc:1.0
contact:1.6931471805599454
circuit:1.0
cellar:1.0
inc:1.0
4:1.6931471805599454
park:1.0
suit:1.0
12:1.0
vernon:1.0
ct:1.0
06066:1.0
203:1.6931471805599454
875:1.0
2751:1.0
fax:1.6931471805599454
872:1.0
2204:1.0
inquir:1.0
hal:1.0
biofeedback:1.0
brainwav:1.0
analyz:1.0
addit:1.0
want:1.0
system:1.0
board:1.0
level:1.0
compo:1.0
nent:1.0
biosign:1.0
amplifi:1.0
analog:1.0
isol:1.6931471805599454
multiplex:1.0
davron:1.0
group:1.0
p:1.0
box:1.6931471805599454
237:1.0
deerfield:1.0
il:1.0
60015:1.0
708:1.0
948:1.0
9290:1.0
hc1dt:1.0
mesun4:1.0
campu:1.0
1185:1.0
one:1.0
brook:1.0
drive:1.0
63130:1.0
4899:1.0
