ianchan:1.0
leland:1.0
stanford:1.6931471805599454
edu:1.0
ian:1.6931471805599454
hin:1.0
yun:1.0
chan:1.0
subject:1.0
need:1.6931471805599454
help:1.6931471805599454
organ:1.0
dsg:1.0
univers:1.0
ca:1.0
94305:1.0
usa:1.0
line:1.0
24:1.0
4:1.0
compon:1.0
bat85:1.0
diod:1.6931471805599454
know:2.09861228866811
digi:1.6931471805599454
key:1.6931471805599454
newark:1.6931471805599454
sell:1.0
minimum:1.0
order:1.6931471805599454
25:1.0
anyon:1.6931471805599454
get:1.0
smaller:1.0
equival:1.0
replac:1.0
bc546b:1.0
transistor:1.6931471805599454
ditto:1.0
74hc239:1.0
chip:2.386294361119891
mouser:1.0
appear:1.0
carri:1.0
th:1.0
obtain:1.6931471805599454
ym3623b:1.0
yamaha:1.0
decod:1.0
pdif:1.0
data:1.0
cd:1.0
dat:1.0
one:1.0
thank:1.0
advanc:1.0
