f92anha:1.0
fy:1.0
chalmer:1.6931471805599454
se:1.0
ander:1.6931471805599454
hammarquist:1.0
subject:1.0
need:1.0
find:1.0
number:2.386294361119891
phone:2.09861228866811
line:1.6931471805599454
organ:1.0
univers:1.0
technolog:1.0
11:1.0
articl:1.0
23321:1.0
mindlink:1.6931471805599454
bc:1.6931471805599454
ca:1.6931471805599454
sean:1.6931471805599454
oliv:1.6931471805599454
write:1.6931471805599454
joseph:1.0
mich:1.0
krzeszewsk:1.0
890:1.0
compani:1.0
read:1.0
live:1.0
use:1.0
bctel:1.0
dial:1.6931471805599454
211:1.0
result:1.0
ny:1.0
citi:1.0
958:1.0
seem:1.0
differ:1.6931471805599454
area:1.0
