gray:2.6094379124341005
felin:1.6931471805599454
uucp:1.6931471805599454
kelli:1.6931471805599454
subject:1.0
pinout:1.6931471805599454
need:1.6931471805599454
til311:1.6931471805599454
organ:1.0
humber:1.0
colleg:1.0
technolog:1.0
dept:1.0
line:1.0
29:1.0
accord:1.0
ti:1.0
databook:1.0
display:1.0
follow:1.0
pin:3.6390573296152584
1:1.0
led:2.386294361119891
suppli:2.6094379124341005
voltag:2.386294361119891
2:1.0
latch:2.6094379124341005
data:2.386294361119891
input:2.791759469228055
b:1.0
3:1.0
4:1.0
left:1.0
decim:1.6931471805599454
point:1.6931471805599454
cathod:1.6931471805599454
5:1.0
strobe:1.0
6:1.0
omit:2.09861228866811
7:1.0
common:1.0
ground:1.0
8:1.0
blank:1.0
9:1.0
10:1.0
right:1.0
11:1.0
12:1.0
13:1.0
c:1.0
14:1.0
logic:1.6931471805599454
vcc:1.0
5v:1.6931471805599454
60:1.0
90ma:1.0
also:1.0
particularli:1.0
well:1.0
regul:1.0
driver:1.0
chip:1.0
use:1.0
constant:1.0
current:1.0
sourc:1.0
intens:1.0
affect:1.0
prefer:1.0
admin:1.0
humberc:1.0
ca:1.0
