baden:2.791759469228055
inqmind:2.09861228866811
bison:2.386294361119891
mb:2.386294361119891
ca:2.386294361119891
de:1.6931471805599454
bari:1.6931471805599454
subject:1.0
mosfet:1.6931471805599454
help:2.09861228866811
organ:1.0
inquir:1.6931471805599454
mind:1.6931471805599454
bb:1.6931471805599454
1:1.0
204:1.6931471805599454
488:1.6931471805599454
1607:1.6931471805599454
line:1.6931471805599454
28:1.0
sinc:1.0
keen:1.0
area:1.0
hook:1.6931471805599454
ask:1.0
know:1.0
better:1.0
12v:1.0
1a:1.0
stepper:1.6931471805599454
one:1.0
unless:1.0
take:1.0
howev:1.0
got:1.0
24:1.0
60v:1.0
sort:1.0
curent:1.0
limmit:1.0
circuitri:1.6931471805599454
would:2.09861228866811
involv:1.0
small:1.0
schemat:1.6931471805599454
probabl:1.0
helpful:1.0
also:1.0
look:1.0
tipc2701n:1.0
ti:1.0
wonder:1.0
use:1.0
suggest:1.0
repli:1.0
messag:1.0
current:1.0
limit:1.0
7:1.0
packag:1.0
illustr:1.0
replyer:1.0
hope:1.0
hmm:1.0
differ:1.0
request:1.0
thank:1.0
inspir:1.0
come:1.0
sys6626:1.0
seek:1.0
unknown:1.0
winnipeg:1.0
manitoba:1.0
