rogerw:1.0
world:1.6931471805599454
std:1.0
com:1.0
roger:1.0
william:1.0
subject:1.0
68hc16:1.0
public:1.6931471805599454
domain:1.0
softwar:1.0
organ:1.0
access:1.0
unix:1.0
brooklin:1.0
line:1.0
1:1.0
motorola:1.0
amcu:1.0
someth:1.0
bb:1.0
yet:1.0
512:1.0
891:1.0
3733:1.0
