gerrit:2.6094379124341005
laosinh:1.6931471805599454
stgt:1.6931471805599454
sub:1.6931471805599454
org:1.6931471805599454
heitsch:1.6931471805599454
subject:1.0
good:1.0
ic:1.6931471805599454
rs232:2.386294361119891
ttl:2.386294361119891
signal:1.0
distribut:1.0
world:1.0
organ:1.0
lao:1.0
sinh:1.0
project:1.0
privat:1.0
uucp:2.09861228866811
site:1.0
line:1.0
26:1.0
articl:1.0
c5nz60:1.0
99z:1.0
scrap:1.0
frank:1.0
holden:1.0
ka3uww:1.0
write:1.0
look:1.6931471805599454
convert:2.09861228866811
voltag:1.6931471805599454
level:1.6931471805599454
someth:1.0
rel:1.0
inexpens:1.0
would:1.6931471805599454
nice:1.0
anyon:1.0
suggest:1.6931471805599454
thank:1.0
well:1.0
digi:1.0
key:1.0
sell:1.6931471805599454
chip:1.6931471805599454
number:1.0
icl232:1.6931471805599454
want:1.6931471805599454
3:1.0
50:1.0
sure:1.0
need:1.6931471805599454
two:1.0
way:1.0
mc1489:1.0
cheap:1.0
0:1.0
80:1.0
dm:1.6931471805599454
germani:1.6931471805599454
5v:1.0
mc1488:1.0
use:1.0
12v:1.6931471805599454
btw:1.0
max232:1.6931471805599454
compat:1.6931471805599454
seem:1.0
expens:1.0
usa:1.0
paid:1.0
2:1.6931471805599454
95:1.0
its80272:1.0
made:1.0
harri:1.0
absolut:1.0
moenchweg:1.0
16:1.0
7038:1.0
holzgerlingen:1.0
logic:1.0
adress:1.0
fido:1.0
2407:1.0
106:1.0
9:1.0
ever:1.0
visit:1.0
alien:1.0
hard:1.0
explain:1.0
lifeform:1.0
intellig:1.0
enough:1.6931471805599454
build:1.0
atom:1.0
weapon:1.0
stupid:1.0
taken:1.0
geo:1.0
special:1.0
space:1.0
page:1.0
88:1.0
91:1.0
