skipper:2.09861228866811
traider:2.6094379124341005
ersi:2.09861228866811
edmonton:2.6094379124341005
ab:2.09861228866811
ca:2.09861228866811
mark:2.09861228866811
bevan:2.09861228866811
subject:1.0
need:1.0
find:1.6931471805599454
number:2.386294361119891
phone:1.6931471805599454
line:2.386294361119891
repli:1.0
organ:1.0
lost:1.6931471805599454
arc:1.6931471805599454
alberta:1.6931471805599454
canada:1.6931471805599454
21:1.0
ale:1.0
ec:1.0
uma:1.0
edu:1.0
write:1.0
greet:1.0
situat:1.0
jack:1.0
mount:1.0
wall:1.0
know:1.0
want:1.0
call:1.0
oper:1.0
place:1.0
trace:1.0
question:1.0
certain:1.0
devic:1.0
use:1.0
thank:1.0
respons:1.0
al:1.0
dial:1.0
511:1.0
sound:1.0
tell:1.0
