v064mb9k:1.0
ubvmsb:1.6931471805599454
cc:1.6931471805599454
buffalo:2.09861228866811
edu:1.6931471805599454
neil:1.6931471805599454
b:1.0
gandler:1.6931471805599454
subject:1.0
radio:1.6931471805599454
electron:1.6931471805599454
free:1.6931471805599454
inform:2.09861228866811
card:1.6931471805599454
organ:1.0
univers:1.0
line:1.0
8:1.0
news:1.0
softwar:1.0
vax:1.0
vm:1.0
vnew:1.0
1:1.0
41:1.0
nntp:1.0
post:1.0
host:1.0
thow:1.0
work:1.0
send:1.0
gener:1.0
compani:1.0
advertis:1.0
magazin:1.0
also:1.0
give:1.0
sign:1.0
catalog:1.0
