csulo:1.6931471805599454
csv:2.09861228866811
warwick:2.6094379124341005
ac:2.386294361119891
uk:2.6094379124341005
mr:1.0
j:1.0
brown:1.6931471805599454
subject:1.0
600rpm:1.6931471805599454
floopi:1.0
drive:2.386294361119891
updat:1.0
organ:1.0
comput:1.6931471805599454
servic:1.0
univers:1.0
line:1.0
26:1.0
distribut:1.0
world:1.0
nntp:1.0
post:1.0
host:1.0
clover:1.0
mani:1.0
thank:1.0
repli:1.0
appeal:1.0
info:1.0
3:1.0
5:1.0
inform:1.0
modifi:1.0
use:1.0
bbc:1.0
b:1.0
chang:2.09861228866811
speed:1.6931471805599454
600:1.0
300:1.0
rpm:1.0
tri:1.0
also:1.6931471805599454
8:1.0
compon:1.0
rec:1.0
play:1.0
section:1.0
allow:1.6931471805599454
lower:1.0
data:1.6931471805599454
rate:1.6931471805599454
250kbit:1.0
500kbit:1.0
design:1.0
record:1.0
current:1.0
low:1.0
rev:1.0
hope:1.0
sort:1.0
bad:1.6931471805599454
9:1.0
quid:1.6931471805599454
normal:1.0
32:1.0
upward:1.0
jvc:1.0
mdp:1.0
seri:1.0
michael:1.0
mjb:1.0
dc:1.0
lost:1.6931471805599454
interest:1.0
apathi:1.0
