einari:1.6931471805599454
rhi:2.09861228866811
hi:2.09861228866811
einar:1.0
indridason:1.0
subject:1.6931471805599454
disk:1.0
copi:2.791759469228055
protect:2.6094379124341005
line:1.0
31:1.0
nntp:1.0
post:1.0
host:1.0
hengil:1.0
1993apr21:1.0
085848:1.0
12704w:1.0
lumen:1.0
edb:1.6931471805599454
tih:2.09861228866811
ketil:1.6931471805599454
albertsen:1.0
write:1.0
may:1.0
interpret:1.0
offer:1.0
volunt:1.6931471805599454
editor:1.0
faq:1.0
quit:1.0
sure:1.0
alon:1.0
welcom:1.0
initi:1.0
ask:1.0
question:1.6931471805599454
provid:1.0
answer:1.6931471805599454
ok:1.6931471805599454
could:1.0
first:1.0
someth:1.0
q:1.0
want:1.6931471805599454
copyprotect:1.6931471805599454
program:2.386294361119891
wrote:1.0
would:1.6931471805599454
wise:1.0
see:1.0
peopl:1.0
get:1.6931471805599454
crack:1.6931471805599454
go:1.0
variou:1.0
length:1.0
cracker:1.0
good:1.0
know:1.0
common:1.0
trick:1.0
stop:1.0
legitim:2.386294361119891
user:2.386294361119891
hassl:1.0
hinder:1.0
work:1.0
expeci:1.0
key:1.0
item:1.0
lost:1.0
help:1.0
much:1.0
make:1.0
life:1.0
somewhat:1.0
miseri:1.0
opinion:1.6931471805599454
speak:1.0
cours:1.0
free:1.0
