leblanc:2.09861228866811
cvm:2.09861228866811
msu:2.09861228866811
edu:2.09861228866811
pat:1.0
subject:1.0
wireless:1.6931471805599454
data:1.6931471805599454
transfer:1.6931471805599454
organ:1.0
michigan:1.6931471805599454
state:1.0
univers:1.0
colleg:1.0
veterinari:1.0
medicin:1.0
line:1.0
5:1.0
nntp:1.0
post:1.0
host:1.0
inst0027:1.0
involv:1.0
compani:1.0
applic:1.0
requir:1.0
expertis:1.0
inform:1.0
may:1.0
assist:1.0
u:1.0
project:1.0
plea:1.0
contact:1.0
internet:1.0
