jbore:2.09861228866811
cosmo:1.0
shearson:2.386294361119891
com:2.386294361119891
joe:1.6931471805599454
bore:1.6931471805599454
subject:1.0
need:1.0
find:2.09861228866811
number:2.09861228866811
phone:1.6931471805599454
line:2.6094379124341005
repli:1.0
ale:2.386294361119891
ec:2.6094379124341005
uma:2.791759469228055
edu:2.9459101490553135
messag:1.0
18:1.6931471805599454
apr:1.6931471805599454
93:1.6931471805599454
15:1.6931471805599454
04:1.6931471805599454
10:1.6931471805599454
gmt:1.6931471805599454
organ:1.0
lehman:1.0
brother:1.0
33:1.0
tri:1.0
friend:1.0
caller:1.0
id:1.0
give:1.0
call:1.6931471805599454
jb:1.0
articl:1.0
20756:1.0
2bd16dea:1.0
write:1.0
path:1.0
uupsi:1.0
psinntp:1.0
uunet:1.6931471805599454
umd:1.0
darwin:1.0
sura:1.0
net:2.386294361119891
newsserv:1.0
jvnc:1.0
howland:1.0
reston:1.0
an:1.0
noc:1.0
near:1.0
nic:1.0
riski:1.0
umaec:1.0
newsgroup:1.0
sci:1.0
electron:1.0
date:1.0
13:1.0
greet:1.0
situat:1.0
jack:1.0
mount:1.0
wall:1.0
know:1.0
want:1.0
oper:1.0
place:1.0
trace:1.0
question:1.0
certain:1.0
devic:1.0
use:1.0
thank:1.0
respons:1.0
al:1.0
life:1.0
short:1.0
code:1.0
hard:1.0
212:1.6931471805599454
464:1.0
3431:1.0
beeper:1.0
396:1.0
4248:1.0
