exuptr:1.6931471805599454
exu:1.6931471805599454
ericsson:2.791759469228055
se:2.09861228866811
patrick:1.6931471805599454
taylor:1.6931471805599454
sound:1.6931471805599454
board:1.6931471805599454
subject:1.6931471805599454
disk:1.6931471805599454
copi:1.6931471805599454
protect:1.6931471805599454
nntp:1.0
post:1.6931471805599454
host:1.0
138:1.0
85:1.6931471805599454
253:1.0
organ:1.0
network:1.6931471805599454
system:1.6931471805599454
inc:1.0
x:1.0
disclaim:1.6931471805599454
articl:1.6931471805599454
user:2.791759469228055
opinion:1.6931471805599454
express:1.0
strictli:1.0
necessarili:1.0
line:1.0
36:1.0
1993apr21:1.0
131908:1.0
29582:1.0
uhura:2.09861228866811
neoucom:2.09861228866811
edu:2.09861228866811
wtm:1.6931471805599454
bill:1.6931471805599454
mayhew:1.6931471805599454
write:1.6931471805599454
date:1.0
wed:1.0
21:1.0
apr:1.0
1993:1.0
13:1.0
19:1.0
08:1.0
gmt:1.0
good:1.0
manual:1.6931471805599454
go:1.0
softwar:1.0
hassl:1.0
photocopi:1.0
offset:1.0
simplic:1.0
purchas:1.0
packag:1.0
15:1.0
also:1.0
consid:1.6931471805599454
offer:1.6931471805599454
inexpens:1.0
attract:1.0
perc:1.0
regist:1.0
instanc:1.6931471805599454
coffe:1.0
mug:1.0
could:1.0
produc:1.0
mail:1.0
incent:1.0
coupl:1.0
dollar:1.0
price:1.6931471805599454
product:1.0
17:1.0
95:1.0
document:1.6931471805599454
program:1.6931471805599454
lot:1.0
sharewar:1.6931471805599454
similar:1.0
approach:1.6931471805599454
send:1.0
money:1.0
get:1.0
free:1.0
upgrad:1.0
latest:1.0
version:1.6931471805599454
perhap:1.0
even:1.0
support:1.0
small:1.0
degre:1.0
whatev:1.0
want:1.0
better:1.0
circul:1.0
lucki:1.0
20:1.0
use:1.0
non:1.0
licens:1.0
figur:1.0
50:1.0
seen:1.0
best:1.0
estim:1.0
loss:1.0
accomod:1.0
structur:1.0
sure:1.0
hurt:1.6931471805599454
legitim:1.0
bad:1.0
realli:1.0
legit:1.0
still:1.0
much:1.0
cheaper:1.0
altern:1.0
visit:1.0
bb:1.6931471805599454
1:1.0
214:1.0
596:1.0
2915:1.0
wildcat:1.0
obdi:1.0
specif:1.0
one:1.0
respons:1.0
thx:1.0
1138:1.0
let:1.0
fool:1.0
