daniel:1.6931471805599454
j:1.6931471805599454
stern:2.09861228866811
dartmouth:2.6094379124341005
edu:2.09861228866811
subject:1.0
seek:1.0
info:1.0
wear:2.09861228866811
monitor:2.09861228866811
x:1.0
post:1.0
internew:1.0
1:1.0
0b16:1.0
organ:1.0
colleg:1.0
hanov:1.0
nh:1.0
line:1.0
12:1.0
engin:1.0
student:1.0
look:1.0
document:1.0
data:1.0
regard:1.0
associ:1.0
turn:1.6931471805599454
relat:1.0
power:1.0
consumpt:1.0
interest:1.0
comparison:1.0
left:1.0
continu:1.0
one:1.0
use:1.0
plea:1.0
person:1.0
e:1.0
mail:1.0
d:1.0
thank:1.0
dan:1.0
oliv:1.0
weir:1.0
