henri:2.6094379124341005
zoo:1.6931471805599454
toronto:2.386294361119891
edu:1.6931471805599454
spencer:1.6931471805599454
subject:1.0
help:1.6931471805599454
mc146818a:1.6931471805599454
real:1.6931471805599454
time:2.386294361119891
clock:1.6931471805599454
standbi:2.09861228866811
mode:1.0
organ:1.0
u:1.6931471805599454
zoolog:1.6931471805599454
line:1.0
20:1.0
articl:1.0
1r0b69inn5ct:1.0
flash:1.6931471805599454
pax:1.6931471805599454
tpa:1.6931471805599454
com:1.6931471805599454
au:1.6931471805599454
mgregori:1.0
martin:1.0
john:1.0
gregori:1.0
write:1.0
troubl:1.0
obtain:1.0
specifi:1.6931471805599454
current:1.6931471805599454
drain:2.09861228866811
lowest:1.0
acheiv:1.0
3:1.0
7v:1.0
vcc:1.6931471805599454
150ua:1.0
three:1.0
maximum:1.0
1:1.0
made:1.6931471805599454
sure:1.6931471805599454
reset:1.0
assert:1.6931471805599454
trlh:1.0
powerup:1.0
low:1.0
2:1.0
cycl:1.0
negat:1.0
rd:1.0
wr:1.0
stbi:1.0
input:1.6931471805599454
chip:1.6931471805599454
come:1.0
ttl:1.6931471805599454
spec:1.0
cmo:1.6931471805599454
typic:1.0
appli:1.0
pull:1.0
way:2.09861228866811
zero:1.0
good:1.0
former:1.0
latter:1.0
without:1.0
pullup:1.0
resistor:1.0
sort:1.0
thing:1.0
easili:1.0
multipli:1.0
power:1.0
consumpt:1.0
consider:1.0
factor:1.0
transistor:1.0
suppos:1.0
hard:1.0
work:1.6931471805599454
one:1.0
man:1.0
kipl:1.0
utzoo:1.0
