paula:2.791759469228055
nlbb:2.09861228866811
com:2.09861228866811
stockholm:2.09861228866811
subject:1.0
need:1.0
find:1.0
number:1.0
phone:1.6931471805599454
line:1.6931471805599454
repli:1.0
organ:1.0
northern:1.0
light:1.0
bb:1.0
portland:1.0
207:1.0
761:1.0
4782:1.0
7:1.0
x:1.0
newsread:1.0
zipnew:1.0
reader:1.0
mailer:1.0
v0:1.0
92d:1.0
beta:1.0
area:1.0
countri:1.0
servic:1.0
es:1.0
ce:1.0
cumberland:1.0
main:1.0
usa:1.0
