wayn:2.09861228866811
uva386:1.6931471805599454
school:1.6931471805599454
virginia:2.09861228866811
edu:1.6931471805599454
toni:1.6931471805599454
subject:1.0
pink:1.6931471805599454
nois:1.6931471805599454
organ:1.0
public:1.0
educ:1.0
network:1.0
charlottesvil:1.0
line:1.0
4:1.0
use:1.0
sound:1.0
experi:1.0
