ulan:2.791759469228055
ee:2.386294361119891
ualberta:2.386294361119891
ca:2.386294361119891
dale:2.09861228866811
subject:1.0
part:1.0
mc68sec811e2:1.0
nntp:1.0
post:1.0
host:1.0
eigen:1.0
repli:1.0
organ:1.0
univers:1.0
alberta:1.0
electr:1.0
engin:1.0
distribut:1.0
na:1.0
line:1.0
8:1.0
know:1.0
68hc811e2:1.0
tri:1.0
figur:1.0
68sec811e2:1.0
specif:1.0
sec:1.0
stand:1.0
ve6dau:1.0
