andrew:2.791759469228055
payn:2.9459101490553135
hal9k:1.6931471805599454
ann:2.386294361119891
arbor:2.386294361119891
mi:1.6931471805599454
u:1.6931471805599454
subject:1.0
want:1.0
tcm3105:1.6931471805599454
chip:1.6931471805599454
small:1.6931471805599454
quantiti:1.6931471805599454
distribut:1.0
world:1.0
organ:1.6931471805599454
hal:2.09861228866811
9000:2.09861228866811
bb:1.6931471805599454
w:1.0
net:1.0
hq:1.0
michigan:1.0
usa:1.0
repli:1.0
keyword:1.0
rec:1.0
mod:1.0
line:1.0
29:1.0
crl:1.6931471805599454
dec:2.386294361119891
com:1.6931471805599454
messag:1.0
id:1.0
1993apr20:1.0
004418:1.0
11548:1.0
cambridg:1.6931471805599454
research:1.6931471805599454
lab:1.6931471805599454
date:1.0
tue:1.0
20:1.0
apr:1.0
1993:1.0
00:1.0
44:1.0
18:1.0
gmt:1.0
anyon:1.0
know:1.0
sourc:1.6931471805599454
modem:1.6931471805599454
use:1.0
baycom:1.0
pmp:2.09861228866811
ideal:1.0
someth:1.0
gear:1.0
toward:1.0
hobbyist:1.0
mail:1.6931471805599454
order:2.09861228866811
etc:1.0
year:1.0
buy:1.0
distributor:1.6931471805599454
marshal:1.0
hundr:1.0
kit:1.6931471805599454
drop:1.0
point:1.0
longer:1.0
afford:1.0
offer:1.0
servic:1.0
check:1.0
crazi:1.0
minimum:1.0
100:1.0
like:1.0
find:1.0
still:1.0
interest:1.0
build:1.0
suggest:1.0
c:1.0
r110b:1.0
wnet:1.0
qwk:1.0
usenet:1.6931471805599454
gateway:1.0
four:1.0
14400:1.0
v:1.0
32bi:1.0
dial:1.0
in:1.0
free:1.0
200:1.0
newsgroup:1.0
pcboard:1.0
14:1.0
5am:1.0
uupcb:1.0
kmail:1.0
call:1.0
1:1.0
313:1.0
663:1.6931471805599454
4173:1.0
3959:1.0
member:1.0
eff:1.0
asp:1.0
asad:1.0
1500mb:1.0
disk:1.0
serv:1.0
sinc:1.0
1988:1.0
