mike:2.09861228866811
diack:1.0
staff:1.0
tc:1.0
umn:2.09861228866811
edu:2.09861228866811
subject:1.0
anyon:1.0
got:1.0
200:1.0
schadow:1.0
switch:1.0
led:1.0
x:2.09861228866811
xxmessag:1.0
id:1.0
a7fc6a05a602655f:1.0
dialup:1.6931471805599454
slip:1.6931471805599454
1:2.09861228866811
95:1.6931471805599454
gw:1.6931471805599454
xxdate:1.0
thu:1.0
22:1.0
apr:1.0
93:1.0
15:1.0
28:1.0
05:1.0
gmt:1.0
nntp:1.0
post:1.0
host:1.0
organ:1.0
persian:1.0
cat:1.0
carpet:1.0
co:1.0
userag:1.0
nuntiu:1.0
v1:1.0
1d7:1.0
line:1.0
3:1.0
name:1.0
price:1.0
cap:1.0
colour:1.0
quantiti:1.0
avail:1.0
cheer:1.0
