mycal:2.386294361119891
netacsi:1.6931471805599454
com:1.6931471805599454
subject:1.0
atari:1.0
2600:2.09861228866811
processor:1.0
distribut:1.0
world:1.0
organ:1.0
acsi:1.0
inc:1.0
line:1.0
19:1.0
peopl:1.0
interest:1.0
everi:1.0
aspect:1.0
tri:1.0
zine:1.0
connect:1.0
1:1.0
cash:1.0
timothi:1.0
duart:1.0
po:1.0
box:1.0
n:1.0
664:1.0
westport:1.0
02790:1.0
sampl:1.0
pgp:1.0
key:1.0
request:1.0
way:1.0
ski:1.0
mogul:1.0
turn:2.09861228866811
air:1.0
surviv:2.09861228866811
risk:1.0
rush:1.0
