rubin:2.386294361119891
ci:2.09861228866811
ohio:2.791759469228055
state:2.386294361119891
edu:2.09861228866811
daniel:1.6931471805599454
j:1.0
subject:1.0
arcad:2.09861228866811
style:1.6931471805599454
button:1.6931471805599454
joystick:1.6931471805599454
organ:1.0
univers:1.0
dept:1.0
comput:1.0
info:1.0
scienc:1.0
line:1.6931471805599454
17:1.0
nntp:1.0
post:1.0
host:1.0
zion:1.0
hi:1.0
anyon:1.0
tell:1.0
possibl:1.0
purchas:1.0
control:1.0
found:1.0
game:1.0
mani:1.0
project:1.0
work:1.0
would:1.0
greatli:1.0
augment:1.0
could:1.0
implement:1.0
thanx:1.0
advanc:1.0
tri:1.0
part:1.6931471805599454
express:1.6931471805599454
dayton:1.6931471805599454
also:1.0
complet:1.0
profession:1.0
etc:1.0
1:2.386294361119891
800:2.386294361119891
number:1.6931471805599454
call:1.0
555:1.0
1212:1.0
ask:1.0
love:1.0
free:1.0
directori:1.0
assist:1.0
dan:1.0
joseph:1.0
go:1.6931471805599454
bengal:1.0
buck:1.0
