hugh:2.386294361119891
jupit:1.6931471805599454
ral:2.09861228866811
rpi:2.09861228866811
edu:2.09861228866811
declan:1.6931471805599454
subject:1.0
manual:2.09861228866811
eprom:1.6931471805599454
blower:1.6931471805599454
logic:1.6931471805599454
devic:1.6931471805599454
prompro:1.6931471805599454
8:1.6931471805599454
want:1.0
nntp:1.0
post:1.0
host:1.0
organ:1.0
renssela:1.0
polytechn:1.0
institut:1.0
troy:1.0
ny:1.0
distribut:1.0
usa:1.0
line:1.0
7:1.0
made:1.0
model:1.0
name:1.0
lost:1.0
anyon:1.0
spare:1.0
would:1.0
like:1.0
sell:1.0
