schuch:2.09861228866811
phx:1.6931471805599454
mcd:1.6931471805599454
mot:1.6931471805599454
com:1.6931471805599454
john:1.6931471805599454
subject:1.0
radio:2.386294361119891
electron:2.386294361119891
free:2.09861228866811
inform:3.0794415416798357
card:3.5649493574615367
nntp:1.0
post:1.0
host:1.0
bopper2:1.0
organ:1.0
motorola:1.6931471805599454
comput:2.6094379124341005
group:1.0
temp:1.0
az:1.0
line:1.6931471805599454
73:1.0
articl:1.0
c5ulqg:1.0
i5:1.0
acsu:1.0
buffalo:1.6931471805599454
edu:1.6931471805599454
v064mb9k:1.0
ubvmsb:1.0
cc:1.0
neil:1.0
b:1.0
gandler:1.0
write:1.0
thow:1.0
work:1.0
send:2.6094379124341005
gener:1.0
compani:2.6094379124341005
advertis:3.302585092994046
magazin:3.0794415416798357
also:2.6094379124341005
give:1.0
sign:1.0
catalog:2.386294361119891
depend:1.0
entir:1.0
upon:1.0
whose:1.0
number:2.791759469228055
circl:2.6094379124341005
compil:1.6931471805599454
get:2.09861228866811
printout:1.6931471805599454
name:2.09861228866811
address:1.0
reader:2.09861228866811
provid:1.6931471805599454
data:2.9459101490553135
self:1.0
adhes:1.0
label:1.0
realli:2.9459101490553135
big:1.6931471805599454
disk:1.0
decid:1.0
notic:1.0
commonli:1.0
call:2.386294361119891
bingo:2.6094379124341005
industri:1.6931471805599454
includ:2.6094379124341005
busi:2.09861228866811
phone:2.386294361119891
guess:1.0
would:1.0
nation:1.0
make:1.0
distinct:1.0
hobbiest:1.6931471805599454
profession:1.0
best:1.6931471805599454
exampl:1.6931471805599454
mail:2.386294361119891
stop:1.0
tektron:2.09861228866811
probabl:1.0
copi:1.0
hard:1.0
bound:1.0
sale:1.6931471805599454
engin:1.0
week:1.6931471805599454
later:1.6931471805599454
leav:1.0
blank:1.0
odd:1.0
slick:1.0
brochur:1.0
direct:1.0
local:1.0
retail:1.0
outlet:1.0
medium:1.0
small:1.0
like:2.386294361119891
th:1.0
e:1.0
whole:1.0
digikey:1.0
jameco:1.0
noth:1.0
accept:1.0
coupl:1.6931471805599454
interest:1.6931471805599454
point:1.6931471805599454
edn:1.0
log:1.0
use:1.6931471805599454
least:1.6931471805599454
three:1.6931471805599454
way:2.09861228866811
note:1.0
read:1.0
continu:1.0
subscript:1.0
push:1.0
repeat:1.0
subscrib:1.0
mani:2.09861228866811
peopl:1.0
request:2.386294361119891
market:1.0
demograph:1.0
thay:1.0
tell:1.0
prospect:1.0
23:1.0
capacitor:1.0
final:1.0
rent:1.6931471805599454
list:1.6931471805599454
certain:1.0
everyon:1.6931471805599454
test:1.0
equip:1.0
past:1.0
6:1.0
month:1.6931471805599454
receiv:1.0
item:1.6931471805599454
want:2.09861228866811
attempt:1.0
cull:1.0
literatur:1.0
collector:1.0
seriou:1.6931471805599454
potenti:1.0
custom:1.0
say:1.0
qualifi:1.6931471805599454
lead:1.0
thought:1.0
could:1.0
deal:1.0
never:1.6931471805599454
8:1.6931471805599454
second:1.0
ask:1.0
cut:1.0
15:1.0
day:1.0
respons:1.0
time:1.6931471805599454
virtual:1.0
take:1.0
voic:1.0
serious:1.0
help:1.0
insur:1.0
keep:1.0
trade:1.0
everi:1.0
two:1.0
even:1.0
hous:1.0
almost:1.0
publish:1.0
arizona:2.09861228866811
high:1.0
tech:1.0
electr:1.0
journal:1.0
hvac:1.0
news:1.0
