brian:2.386294361119891
meaddata:2.386294361119891
com:2.09861228866811
curran:1.6931471805599454
subject:1.0
espn:1.6931471805599454
tb:1.6931471805599454
game:2.09861228866811
articl:1.6931471805599454
1pptv1:1.0
mgb:1.0
distribut:1.0
world:1.0
organ:1.0
mead:1.6931471805599454
data:1.6931471805599454
central:1.6931471805599454
dayton:1.0
oh:1.0
line:1.0
13:1.0
nntp:1.0
post:1.0
host:1.0
tauru:1.0
05apr93:1.0
13661642:1.0
0023:1.0
lafibm:1.6931471805599454
lafayett:1.6931471805599454
edu:1.6931471805599454
vb30:1.6931471805599454
write:1.0
anyon:1.0
know:1.0
get:1.6931471805599454
list:1.6931471805599454
nation:1.0
televis:1.0
live:1.0
east:1.0
coast:1.0
like:1.0
catch:1.0
mani:1.0
giant:1.0
possibl:1.0
publish:1.0
everi:1.0
week:1.0
basebal:1.0
weekli:1.0
swim:1.0
bath:1.0
german:1.0
report:1.0
watch:1.0
1972:1.0
olymp:1.0
superstar:1.0
swimmer:1.0
mark:1.0
spitz:1.0
badli:1.0
beaten:1.0
1991:1.0
comeback:1.0
race:1.0
