subject:1.0
design:2.09861228866811
hitter:2.09861228866811
rule:2.09861228866811
holsend:1.6931471805599454
mhd:1.6931471805599454
moorhead:2.386294361119891
msu:1.6931471805599454
edu:2.6094379124341005
repli:1.0
organ:1.0
state:1.0
univers:1.0
mn:1.0
nntp:1.0
post:1.0
host:1.0
134:1.0
29:1.0
97:1.0
2:1.0
line:1.0
14:1.6931471805599454
articl:2.09861228866811
ekdfc:1.6931471805599454
0:1.0
ttacs1:1.6931471805599454
ttu:1.6931471805599454
david:1.0
coon:1.0
write:1.6931471805599454
1993apr4:1.0
221228:1.0
17577:1.0
bsu:1.6931471805599454
uc:1.0
00ecgillespi:1.6931471805599454
leo:1.0
bsuvc:1.0
postit:1.0
paper:1.0
inform:1.0
even:1.0
opinion:1.0
would:1.0
greatli:1.0
apprecit:1.0
magic:1.0
rescind:1.0
say:1.0
basebal:1.6931471805599454
game:1.0
two:1.0
team:1.0
nine:1.0
player:1.0
let:1.0
keep:1.0
way:1.0
last:1.0
week:1.6931471805599454
sport:1.6931471805599454
illustr:1.6931471805599454
coupl:1.0
big:1.0
1993:1.0
issu:1.0
th:1.0
