gt0523e:2.09861228866811
prism:2.09861228866811
gatech:2.09861228866811
edu:1.6931471805599454
michael:2.09861228866811
andr:1.6931471805599454
mule:2.09861228866811
subject:1.0
ticket:1.0
etc:1.0
articl:1.0
hydra:1.0
91513:1.0
distribut:1.0
usa:1.0
organ:1.0
georgia:2.09861228866811
institut:1.6931471805599454
technolog:1.6931471805599454
line:1.0
39:1.0
let:1.6931471805599454
look:1.0
effect:1.0
inflat:2.386294361119891
1930:1.0
superstar:1.0
salari:2.386294361119891
read:1.0
babe:1.6931471805599454
made:2.09861228866811
80:2.6094379124341005
000:3.1972245773362196
one:1.6931471805599454
year:1.6931471805599454
good:1.0
got:1.0
assum:2.09861228866811
1928:1.6931471805599454
sure:1.0
figur:1.0
know:1.0
ballpark:1.0
pun:1.0
intend:1.0
today:2.09861228866811
4:1.6931471805599454
yearli:1.0
rate:1.6931471805599454
understat:1.0
accur:2.09861228866811
measli:1.0
would:1.6931471805599454
worth:1.0
fv:1.6931471805599454
x:2.09861228866811
1:2.386294361119891
1993:1.0
04:1.0
65:1.6931471805599454
averag:2.386294361119891
around:1.0
5:1.6931471805599454
almost:1.0
2:1.0
crunch:1.0
number:1.6931471805599454
beforehand:1.0
might:1.0
lead:1.0
believ:1.0
player:1.6931471805599454
slightli:1.0
overpaid:1.0
appear:1.0
make:1.6931471805599454
perfectli:1.0
analysi:1.0
think:1.0
much:1.0
chop:1.6931471805599454
atlanta:1.0
30332:1.0
uucp:1.0
decvax:1.0
hplab:1.0
ncar:1.0
purdu:1.0
rutger:1.0
internet:1.0
