khansen:1.6931471805599454
staff:1.6931471805599454
tc:1.6931471805599454
umn:2.6094379124341005
edu:3.70805020110221
kevin:1.6931471805599454
hansen:1.6931471805599454
subject:1.6931471805599454
scott:1.6931471805599454
erickson:2.09861228866811
nntp:1.6931471805599454
post:1.6931471805599454
host:1.6931471805599454
x239:1.0
16:1.0
psych:1.0
organ:1.6931471805599454
minnesota:2.386294361119891
twin:2.09861228866811
famili:1.6931471805599454
studi:1.6931471805599454
univer:1.0
line:1.6931471805599454
38:1.0
articl:1.0
12718:1.6931471805599454
news:3.0794415416798357
duke:3.302585092994046
fierkelab:1.6931471805599454
bchm:2.09861228866811
biochem:2.6094379124341005
eric:2.09861228866811
roush:2.09861228866811
write:1.0
path:1.0
news1:1.0
ci:1.0
feed:1.0
1:1.0
peachnet:1.0
gatech:1.0
concert:1.0
newsgroup:1.0
rec:1.0
sport:1.0
basebal:1.0
messag:1.0
id:1.0
date:1.0
5:1.0
apr:1.0
93:1.6931471805599454
18:2.09861228866811
21:1.0
gmt:1.0
sender:1.0
biochemistri:1.0
13:1.0
bruchner:1.0
usa:1.0
today:1.0
report:1.0
may:1.0
go:1.6931471805599454
dl:1.6931471805599454
arm:1.0
pain:1.0
unspecifi:1.0
natur:1.0
would:1.0
appreci:1.0
tfierkelab:1.0
tbchm:1.0
marxist:1.0
groucho:1.0
sort:1.0
grafitti:1.0
pari:1.0
1968:1.0
tanstaafl:1.0
although:1.0
internet:1.0
come:1.0
close:1.0
15:1.0
day:1.0
pull:1.0
muscl:1.0
left:1.0
side:1.0
near:1.0
rib:1.0
cage:1.0
4:1.0
bring:1.0
mn:1.0
univers:1.6931471805599454
612:1.0
626:1.0
7224:1.0
contact:1.0
woman:1.0
basketbal:1.0
theori:1.0
guid:1.0
experi:1.0
decid:1.0
izaak:1.0
kolthoff:1.0
