jaufrecht:1.6931471805599454
pomona:2.386294361119891
claremont:1.6931471805599454
edu:1.6931471805599454
subject:1.0
dodger:1.6931471805599454
newslett:1.6931471805599454
articl:1.0
0096a95c:1.0
a0cbe0e8:1.0
repli:1.0
organ:1.0
colleg:1.0
line:1.0
3:1.0
could:1.0
somebodi:1.0
plea:1.0
tell:1.0
net:1.0
subscrib:1.0
thank:1.0
joel:1.0
