kbanaian:2.09861228866811
bernard:1.6931471805599454
pitzer:2.386294361119891
claremont:1.6931471805599454
edu:1.6931471805599454
king:1.6931471805599454
banaian:1.6931471805599454
subject:1.0
15:2.6094379124341005
day:3.5649493574615367
30:2.09861228866811
60:2.386294361119891
disabl:1.6931471805599454
list:2.386294361119891
question:1.0
articl:1.6931471805599454
448:1.0
734117444:1.0
organ:1.0
colleg:1.6931471805599454
line:1.0
25:1.0
derichc52gj:1.0
fja:1.0
netcom:1.6931471805599454
com:1.6931471805599454
derich:1.0
scotti:1.0
tissu:1.0
write:1.0
whenev:1.0
person:2.09861228866811
put:1.0
longer:1.6931471805599454
specif:1.6931471805599454
time:1.0
seen:1.0
mayb:1.6931471805599454
4:1.6931471805599454
month:1.0
last:1.0
year:1.0
rememb:1.6931471805599454
need:1.0
littl:1.0
clarif:1.0
believ:1.6931471805599454
two:1.0
rather:1.0
21:1.0
anyway:1.0
gone:1.0
period:1.6931471805599454
length:1.0
minimum:1.0
maximum:1.0
keep:1.0
guy:1.0
long:1.0
want:1.0
still:1.6931471805599454
certifi:1.0
injur:2.09861228866811
player:2.386294361119891
must:1.0
evalu:1.6931471805599454
determin:1.0
thu:1.0
park:1.0
dl:1.6931471805599454
option:1.0
wish:1.0
expo:1.0
waiver:1.0
get:1.0
someon:1.0
qualifi:1.0
reduc:1.0
frequenc:1.0
limit:1.0
number:1.0
place:1.0
often:1.0
choos:1.0
juggl:1.0
sparki:1.0
tax:2.386294361119891
new:1.0
old:1.0
dept:1.0
econom:1.0
enough:1.0
rep:1.0
alan:1.6931471805599454
key:1.0
latest:1.0
1993:1.0
gdp:1.0
forecast:1.0
2:1.0
plea:1.0
run:1.0
