carrd:1.0
iccgcc:1.0
decnet:1.0
ab:1.0
com:1.0
subject:1.0
david:1.6931471805599454
well:1.6931471805599454
line:1.0
5:1.0
land:1.0
team:1.0
yet:1.0
think:1.0
tiger:1.0
anem:1.0
pitch:1.0
would:1.0
grab:1.0
guy:1.0
pronto:1.0
dc:1.0
