pjtier01:1.6931471805599454
ulkyvx:2.386294361119891
louisvil:2.6094379124341005
edu:2.791759469228055
subject:1.0
finnal:1.0
phil:1.0
support:1.0
line:1.0
75:1.0
nntp:1.0
post:1.0
host:1.0
organ:1.0
univers:1.0
articl:1.6931471805599454
c4yxmj:1.0
ble:1.0
news:1.0
udel:1.6931471805599454
philli:1.6931471805599454
bach:1.0
robert:1.0
c:1.0
hite:1.0
write:1.6931471805599454
1993apr3:1.0
182452:1.0
1:1.6931471805599454
everytim:1.0
written:1.0
net:1.0
possibl:1.0
success:1.0
season:2.09861228866811
philadelphia:1.0
gotten:1.0
rip:1.0
everybodi:1.0
pittsburgh:1.0
calcutta:1.0
ignoramous:1.0
care:1.0
look:1.0
week:1.0
basebal:2.09861228866811
weekli:1.0
see:1.0
one:1.0
consid:1.0
divis:2.09861228866811
winner:1.6931471805599454
rest:1.0
respect:1.6931471805599454
writer:2.09861228866811
countri:1.0
well:1.6931471805599454
reason:2.09861228866811
geniu:1.6931471805599454
even:1.6931471805599454
though:1.0
pitch:1.6931471805599454
best:1.0
sound:1.0
win:3.772588722239781
strength:1.0
offens:2.386294361119891
le:2.09861228866811
93:2.09861228866811
92:1.6931471805599454
thompson:2.386294361119891
incaviglia:2.386294361119891
72:2.09861228866811
least:2.09861228866811
88:1.6931471805599454
therefor:1.0
16:1.6931471805599454
learn:1.0
school:1.0
today:1.0
take:2.386294361119891
math:1.6931471805599454
cours:1.0
teacher:1.0
turn:1.0
rob:1.0
rain:1.0
run:1.6931471805599454
walk:1.0
drop:1.0
add:2.6094379124341005
p:1.6931471805599454
tierney:1.6931471805599454
obvious:1.0
know:1.0
hell:1.0
talk:1.0
equal:1.0
two:1.6931471805599454
stan:1.0
javier:1.0
ruben:1.0
amaro:1.0
249:1.0
1hr:1.0
334ab:1.0
219:1.6931471805599454
7hr:1.0
374:1.0
ab:1.6931471805599454
say:2.09861228866811
improv:1.0
equat:1.0
6or:1.0
7:1.6931471805599454
lenni:1.0
dykstra:1.0
play:1.0
85:1.0
game:1.6931471805599454
last:1.6931471805599454
year:1.6931471805599454
project:1.6931471805599454
number:2.09861228866811
301:1.6931471805599454
104:1.0
hit:1.6931471805599454
18:2.09861228866811
2b:1.6931471805599454
6:1.6931471805599454
hr:2.09861228866811
39rbi:1.0
30:1.0
sb:1.6931471805599454
150:1.0
thu:1.6931471805599454
188:1.0
32:1.0
11hr:1.0
70rbi:1.0
54:1.0
okay:2.6094379124341005
put:1.0
leadoff:1.6931471805599454
hole:1.0
bump:1.0
kruk:1.0
hollin:1.0
daulton:1.0
rbi:2.386294361119891
tad:1.0
knock:1.6931471805599454
70:1.0
109:1.0
think:2.09861228866811
fair:1.6931471805599454
5:1.0
manag:1.0
pretti:1.0
nice:1.0
amount:1.0
hitter:1.0
bozo:1.0
mayb:1.0
8:1.0
oh:1.0
forget:1.0
we:1.0
chamberlain:1.0
275:1.0
9:1.0
41:1.0
month:1.0
2:1.0
aaa:1.0
horribl:1.0
first:1.6931471805599454
half:1.0
full:1.6931471805599454
get:1.6931471805599454
80:1.0
worth:1.6931471805599454
final:1.0
wors:2.09861228866811
staff:1.0
nl:1.0
injuri:1.0
decim:1.0
1992:1.0
danni:1.0
jackson:1.0
health:1.0
schill:1.0
3:1.0
conserv:1.0
ad:1.6931471805599454
far:1.0
4:1.0
thank:1.0
expans:1.0
team:1.0
that:1.6931471805599454
22:1.6931471805599454
dipshit:1.0
genuiou:1.0
94:1.6931471805599454
hmmm:1.0
good:1.0
enough:1.0
next:1.6931471805599454
time:1.6931471805599454
someth:1.6931471805599454
foolish:2.09861228866811
clue:1.0
actual:1.0
simpli:1.0
relay:1.0
call:1.0
bw:1.0
agre:1.0
awar:1.0
respond:1.0
btw:1.0
funni:1.0
