organ:1.0
univers:1.6931471805599454
main:2.791759469228055
system:1.0
ryan:1.6931471805599454
robbin:1.6931471805599454
io20456:1.6931471805599454
edu:1.6931471805599454
subject:1.0
redflop:1.0
win:1.0
line:1.0
10:1.0
knock:1.0
vaughn:1.0
spring:1.0
train:1.0
400:1.0
hitter:2.09861228866811
250:1.0
regular:1.0
season:1.0
around:1.0
30:1.0
game:1.0
play:1.0
indic:1.0
good:1.0
qualiti:1.0
pitch:1.0
way:1.0
penobscot:1.0
hall:1.0
