cabanrf:1.0
wkuvx1:1.0
bitnet:1.0
subject:1.0
belat:1.0
predict:1.0
nl:1.0
organ:1.0
western:1.6931471805599454
kentucki:1.6931471805599454
univers:1.6931471805599454
bowl:1.0
green:1.0
ky:1.0
line:1.0
56:1.0
articl:1.6931471805599454
mssc4zyo8:1.0
jsc:1.0
netcom:2.09861228866811
com:2.09861228866811
ms:1.6931471805599454
mark:1.6931471805599454
singer:1.6931471805599454
write:1.6931471805599454
apr:1.0
4:1.0
19:1.0
42:1.0
08:1.0
1993:1.0
12176:1.0
pilot:1.6931471805599454
njin:1.6931471805599454
net:1.6931471805599454
gajarski:1.6931471805599454
bob:1.6931471805599454
hobokenit:1.0
said:1.0
brave:2.09861228866811
would:1.0
improv:1.0
injuri:1.0
well:1.6931471805599454
javier:1.0
lopez:2.09861228866811
better:3.0794415416798357
catcher:2.386294361119891
greg:1.0
olson:2.09861228866811
ryan:1.0
klasko:1.0
firstbaseman:1.0
bream:1.0
chipper:1.0
jone:1.0
shortstop:1.0
anyon:1.0
put:1.0
mel:1.0
niev:1.0
nixon:1.0
sander:1.0
forc:1.0
play:1.0
young:1.6931471805599454
guy:1.0
gaj:1.0
continu:1.6931471805599454
amaz:1.6931471805599454
comment:1.0
might:1.6931471805599454
day:1.6931471805599454
find:1.6931471805599454
total:1.0
suggest:1.0
22:2.09861228866811
year:3.1972245773362196
old:2.386294361119891
three:1.0
season:1.6931471805599454
profession:1.0
basebal:2.09861228866811
five:1.0
mlb:1.0
veteran:1.6931471805599454
note:1.0
abil:1.0
call:1.0
game:1.0
averag:1.0
arm:1.0
oh:1.0
perhap:2.6094379124341005
talk:1.6931471805599454
hit:1.6931471805599454
sure:1.0
probabl:1.0
ever:1.0
histori:1.0
younger:1.0
rooki:2.791759469228055
compar:1.0
favor:1.6931471805599454
among:1.0
leagu:1.0
term:1.0
defens:1.0
brought:1.0
247:1.0
bat:1.6931471805599454
ye:1.0
ivan:1.0
rodriguez:1.0
last:1.6931471805599454
260:1.0
threw:1.0
51:1.0
baserunn:1.0
shabbi:1.0
aa:1.0
20:1.0
sandi:1.0
alomar:1.0
suppos:1.6931471805599454
good:1.6931471805599454
benito:1.0
santiago:1.0
thread:1.0
other:1.6931471805599454
mention:1.0
get:1.0
point:1.0
seem:1.0
quick:1.0
dismiss:1.0
hot:1.0
manag:1.0
team:1.0
pennant:1.0
win:1.0
know:1.6931471805599454
someth:1.0
21:1.0
come:1.0
major:1.0
make:1.0
impact:1.0
tthe:1.0
beastmast:1.0
roy:1.0
f:1.0
cabaniss:1.0
wait:1.0
till:1.0
tommi:1.0
meet:1.0
lord:1.0
wear:1.0
pinstrip:1.0
opinion:1.0
contain:1.0
herein:1.0
gaylord:1.0
perri:1.0
lasorda:1.0
mine:1.0
sin:1.0
way:1.0
spend:1.0
