luigi:2.09861228866811
sgi:2.09861228866811
com:2.6094379124341005
randi:1.6931471805599454
palermo:1.6931471805599454
subject:1.0
1993:1.6931471805599454
predict:1.6931471805599454
articl:1.6931471805599454
odin:1.0
c52w7i:1.0
n09:1.0
organ:1.0
silicon:1.6931471805599454
graphic:1.6931471805599454
inc:1.0
mountain:1.0
view:1.6931471805599454
ca:1.6931471805599454
line:1.0
33:1.0
nntp:1.0
post:2.09861228866811
host:1.0
bullpen:1.0
csd:1.6931471805599454
1993apr6:1.0
143616:1.0
3588:1.0
infonod:1.0
ingr:1.6931471805599454
kenney:1.0
tribe:1.0
b17d:1.0
write:1.0
thought:1.0
stand:1.0
sinc:1.0
find:1.0
other:1.0
interest:1.0
sorri:1.0
open:1.0
day:1.0
certifi:1.0
complet:1.0
first:1.0
pitch:1.6931471805599454
nl:2.386294361119891
west:1.6931471805599454
2:2.09861228866811
best:1.0
team:1.6931471805599454
basebal:1.0
divis:1.0
1:1.0
atlanta:1.6931471805599454
brave:1.6931471805599454
awesom:1.0
starter:1.0
offens:1.0
could:1.6931471805599454
concern:1.0
cincinnati:1.0
red:1.0
would:1.0
surpris:1.0
3:1.0
houston:1.0
astro:1.0
sign:1.0
urib:1.0
contend:1.0
closer:1.0
4:1.6931471805599454
san:1.6931471805599454
diego:1.0
padr:1.0
plantier:1.0
sheffield:1.0
5:1.0
lo:1.0
angel:1.0
dodger:1.0
better:1.0
giant:2.09861228866811
6:1.0
francisco:1.0
rocki:1.6931471805599454
stink:1.0
7:1.0
colorado:1.0
becom:1.0
seattl:1.0
marin:1.0
nlc:1.0
montreal:1.6931471805599454
fan:1.0
ye:1.0
probabl:1.0
contradict:1.0
said:1.0
comment:1.0
alc:1.0
new:1.6931471805599454
york:1.6931471805599454
minnesota:1.0
world:1.0
seri:1.0
hate:1.0
yanke:1.0
fashion:1.0
mvp:1.6931471805599454
barri:1.0
bond:1.6931471805599454
mayb:1.0
mcgriff:1.0
guarante:1.0
win:1.0
finish:1.0
higher:1.0
6th:1.0
fax:1.0
415:1.0
961:1.0
6502:1.0
comput:1.0
system:1.0
2011:1.0
n:1.0
shorelin:1.0
blvd:1.0
mt:1.0
94039:1.0
play:1.0
accordion:1.0
go:1.0
jail:1.0
law:1.0
