brucek:1.0
ingr:1.6931471805599454
com:1.0
bruce:1.0
kleinman:1.0
subject:1.0
dodger:2.09861228866811
move:2.09861228866811
ny:1.6931471805599454
la:2.09861228866811
articl:1.6931471805599454
poni:1.0
1993apr6:1.0
195730:1.0
20277:1.0
organ:1.0
corpor:1.0
subsidiari:1.0
ask:1.0
group:1.0
inc:1.0
line:1.0
6:1.0
1993apr5:1.0
160030:1.0
2328:1.0
ncar:1.0
ucar:1.6931471805599454
edu:1.6931471805599454
tparker:1.0
music:1.0
scd:1.0
tom:1.0
parker:1.0
write:1.0
bet:1.0
buddi:1.0
anyon:1.0
know:1.0
year:1.6931471805599454
first:1.0
1958:1.0
