jonesk:1.6931471805599454
ur:2.09861228866811
msstate:2.6094379124341005
edu:2.6094379124341005
subject:1.0
mo:1.6931471805599454
sanford:1.6931471805599454
articl:1.6931471805599454
ra:1.6931471805599454
1993apr6:1.0
173224:1.0
13148:1.0
repli:1.0
organ:1.0
mississippi:1.0
state:1.0
univers:1.0
line:1.0
6:1.0
nntp:1.0
post:1.0
host:1.0
ur117:1.0
1993apr3:1.0
045040:1.0
10480:1.0
js1:1.0
jazz:1.0
cc:1.0
jiann:1.0
ming:1.0
su:1.0
write:1.0
know:1.0
rocki:1.0
pitcher:1.0
got:1.0
cut:1.0
use:1.0
red:1.0
draft:1.6931471805599454
expans:1.0
believ:1.0
sent:1.0
aaa:1.0
