luigi:2.09861228866811
sgi:2.09861228866811
com:2.09861228866811
randi:1.6931471805599454
palermo:1.6931471805599454
subject:1.0
grate:1.0
dead:2.09861228866811
organ:1.0
silicon:1.6931471805599454
graphic:1.6931471805599454
inc:1.0
mountain:1.0
view:1.6931471805599454
ca:1.6931471805599454
line:1.0
16:1.0
nntp:1.0
post:1.0
host:1.0
bullpen:1.0
csd:1.6931471805599454
articl:1.0
93095:1.0
172834io21087:1.0
main:2.386294361119891
edu:1.6931471805599454
io21087:1.0
write:1.0
basebal:1.0
fan:1.6931471805599454
mention:1.0
band:1.0
wonder:1.0
anyon:1.6931471805599454
could:1.0
clue:1.0
whether:1.0
member:1.0
sang:1.0
nation:1.0
anthem:1.0
today:1.6931471805599454
giant:2.09861228866811
open:2.09861228866811
would:1.6931471805599454
imagin:1.0
bit:1.0
earli:1.0
know:1.0
answer:1.0
greatli:1.0
appreci:1.0
understand:1.0
sing:1.0
na:1.0
home:1.0
mon:1.0
4:1.0
12:1.0
st:1.0
loui:1.0
fax:1.0
415:1.0
961:1.0
6502:1.0
comput:1.0
system:1.0
2011:1.0
n:1.0
shorelin:1.0
blvd:1.0
mt:1.0
94039:1.0
play:1.0
accordion:1.0
go:1.0
jail:1.0
law:1.0
