stwombl:1.0
c:1.0
ulowel:1.0
edu:1.0
steve:1.0
twombl:1.0
subject:1.0
red:1.0
sox:1.0
win:1.0
1st:1.0
organ:1.0
uma:1.0
lowel:1.0
comput:1.0
scienc:1.0
line:1.0
8:1.0
bosox:1.0
3:1.0
royal:1.0
1:2.09861228866811
wp:1.0
clemen:1.0
0:1.6931471805599454
lp:1.0
appier:1.0
key:1.0
hit:1.0
mike:1.0
greenwel:1.0
2:1.0
trippl:1.0
base:1.0
load:1.0
