rickc:1.6931471805599454
krill:1.6931471805599454
corp:2.09861228866811
sgi:2.09861228866811
com:2.09861228866811
richard:1.0
casar:1.0
subject:1.0
vega:1.6931471805599454
odd:1.6931471805599454
nntp:1.0
post:1.0
host:1.0
organ:1.0
silicon:1.0
graphic:1.0
inc:1.0
line:1.0
6:1.0
anyon:1.0
list:1.0
team:1.0
make:1.0
world:1.0
seri:1.0
appreci:1.0
mail:1.0
thank:1.0
