denni:1.6931471805599454
g:1.0
parslow:1.0
p00421:1.0
psilink:1.6931471805599454
com:1.0
subject:1.0
minnesota:1.6931471805599454
pitch:1.0
repli:1.0
4fjvbvy00iuz86yo5:1.0
andrew:1.6931471805599454
cmu:1.6931471805599454
edu:1.6931471805599454
nntp:1.0
post:1.0
host:1.0
127:1.0
0:1.6931471805599454
1:1.6931471805599454
organ:1.0
perform:1.0
system:1.0
int:1.0
l:1.0
x:1.0
mailer:1.0
do:1.0
3:2.386294361119891
4:1.0
line:1.0
36:1.0
date:1.0
mon:1.0
5:1.0
apr:1.0
1993:1.0
00:1.0
19:1.0
45:1.0
0400:1.0
karim:1.0
edvard:1.0
ahm:1.0
ka0k:1.0
sinc:1.0
abl:1.0
keep:1.0
basebal:1.0
much:1.6931471805599454
season:1.0
question:1.0
favorit:1.0
team:1.0
twin:1.0
good:2.386294361119891
rotat:1.0
look:2.386294361119891
last:2.09861228866811
heard:1.6931471805599454
order:1.0
tapani:1.6931471805599454
erikson:1.0
mahom:2.09861228866811
bank:1.6931471805599454
guy:1.0
never:1.0
sound:1.0
pretti:1.0
pathet:1.0
well:1.6931471805599454
mayb:1.6931471805599454
24:1.0
year:2.386294361119891
old:1.6931471805599454
prospect:1.0
matur:1.0
quickli:1.0
would:1.0
like:1.6931471805599454
22:1.0
highli:1.6931471805599454
tout:1.0
erickson:1.0
also:1.0
young:1.0
spring:2.09861228866811
spot:1.6931471805599454
jim:1.0
deshai:1.6931471805599454
formerli:1.0
houston:1.0
mike:1.0
trombley:2.09861228866811
believ:1.6931471805599454
gone:1.0
although:1.0
want:1.0
starter:1.0
unproven:1.0
person:1.0
2:1.0
play:1.6931471805599454
short:1.0
third:1.0
scott:1.0
leiu:1.0
shortstop:1.0
mostli:1.0
3b:1.6931471805599454
s:1.0
minor:1.0
move:1.0
back:1.0
gagn:1.0
left:1.0
k:1.0
c:1.0
split:1.0
pagliarulo:1.0
great:1.0
terri:1.0
jorgenson:1.6931471805599454
kid:1.0
languish:1.0
portland:1.0
sure:1.0
time:1.6931471805599454
divid:1.0
seem:1.0
happi:1.0
fear:1.0
might:1.0
give:1.0
pag:1.0
winfield:1.0
sorri:1.0
help:1.0
