hagin:2.6094379124341005
avlin8:2.09861228866811
u:2.09861228866811
dg:2.09861228866811
com:2.09861228866811
jodi:1.6931471805599454
subject:1.0
lose:1.6931471805599454
openr:1.0
home:1.0
ranger:1.0
repli:1.0
organ:1.0
data:1.6931471805599454
gener:1.6931471805599454
corpor:1.6931471805599454
linthicum:1.6931471805599454
md:1.6931471805599454
line:1.0
11:1.0
sutcliff:2.09861228866811
give:1.6931471805599454
3:1.0
hr:1.6931471805599454
gonzal:1.6931471805599454
1:2.386294361119891
palmer:1.0
2:1.0
mill:1.0
7:1.6931471805599454
4:1.6931471805599454
texa:1.0
10:1.0
0:2.386294361119891
leffert:1.0
baltimor:1.0
9:1.0
