brucek:1.0
ingr:1.6931471805599454
com:1.0
bruce:1.0
kleinman:1.0
subject:1.0
best:1.6931471805599454
record:1.6931471805599454
ever:1.6931471805599454
basebal:1.6931471805599454
articl:1.6931471805599454
poni:1.0
1993apr6:1.0
195932:1.0
20451:1.0
distribut:1.0
usa:1.0
organ:1.0
corpor:1.0
subsidiari:1.0
ask:1.0
group:1.0
inc:1.0
line:1.0
5:1.0
1psl0jinnam3:1.0
jhunix:1.6931471805599454
hcf:1.6931471805599454
jhu:1.6931471805599454
edu:1.6931471805599454
admir:1.0
steve:1.0
c:1.0
liu:1.0
write:1.0
team:1.0
believ:1.0
cub:1.0
sometim:1.0
way:1.0
far:1.0
back:1.0
110:1.0
someth:1.0
think:1.0
1954:1.0
cleveland:1.0
indian:1.0
111:1.0
