jtchern:1.6931471805599454
ocf:1.6931471805599454
berkeley:2.386294361119891
edu:2.386294361119891
joseph:1.6931471805599454
hernandez:1.6931471805599454
subject:1.0
mlb:2.09861228866811
stand:1.6931471805599454
score:2.09861228866811
tue:1.0
apr:1.0
6th:1.6931471805599454
1993:1.6931471805599454
keyword:1.0
04:1.0
06:1.0
articl:1.0
agat:1.0
1ps77v:1.0
5dr:1.0
distribut:1.0
world:1.0
organ:1.0
jtc:1.0
enterpris:1.0
sport:1.0
divis:1.0
major:1.0
leagu:2.09861228866811
basebal:1.0
dept:1.0
line:1.0
72:1.0
nntp:1.0
post:1.0
host:1.0
monsoon:1.0
tuesday:1.0
april:1.0
includ:1.0
yesterday:1.6931471805599454
game:1.0
nation:2.09861228866811
west:1.6931471805599454
lost:3.3978952727983707
pct:1.6931471805599454
gb:1.6931471805599454
last:1.6931471805599454
10:1.6931471805599454
streak:1.6931471805599454
home:1.6931471805599454
road:1.6931471805599454
atlanta:1.6931471805599454
brave:1.0
01:4.58351893845611
00:5.882801922586371
1:4.9889840465642745
000:4.332204510175204
0:5.04305126783455
cincinnati:1.6931471805599454
red:1.6931471805599454
san:2.386294361119891
diego:1.6931471805599454
padr:1.0
5:3.302585092994046
francisco:1.0
giant:1.0
colorado:1.6931471805599454
rocki:1.0
houston:1.6931471805599454
astro:1.0
lo:1.6931471805599454
angel:2.386294361119891
dodger:1.6931471805599454
east:1.6931471805599454
florida:1.6931471805599454
marlin:1.0
new:2.09861228866811
york:2.386294361119891
met:1.0
philadelphia:1.6931471805599454
philli:1.0
pittsburgh:1.6931471805599454
pirat:1.0
st:1.6931471805599454
loui:1.6931471805599454
cardin:1.0
chicago:2.09861228866811
cub:1.0
montreal:1.6931471805599454
expo:1.0
american:1.6931471805599454
oakland:1.0
athlet:1.0
texa:1.0
ranger:1.0
california:1.0
white:1.0
sox:1.6931471805599454
minnesota:1.0
twin:1.0
seattl:1.0
marin:1.0
kansa:1.0
citi:1.6931471805599454
royal:1.0
boston:1.0
yanke:1.0
milwauke:1.0
brewer:1.0
toronto:1.0
blue:1.0
jay:1.0
baltimor:1.0
oriol:1.0
cleveland:1.0
indian:1.0
detroit:1.0
tiger:1.0
tamerican:1.0
t1:2.6094379124341005
tnew:1.0
t9:1.6931471805599454
t2:1.0
tcleveland:1.0
ttexa:1.0
t7:1.0
t0:1.6931471805599454
tbaltimor:1.0
t4:1.6931471805599454
t3:2.386294361119891
tboston:1.0
t6:1.0
tkansa:1.0
tdetroit:1.0
toakland:1.0
tcalifornia:1.0
idl:3.1972245773362196
tchicago:1.0
tmilwauke:1.0
tminnesota:1.0
tseattl:1.0
franciscoidl:1.0
ttoronto:1.0
ram:1.0
laker:1.0
king:1.0
raider:1.0
jtcent:1.0
soda:1.0
clipper:1.0
