subject:1.0
mark:1.6931471805599454
whiten:1.6931471805599454
rsmith:1.0
strobe:1.0
atc:1.0
olivetti:1.0
com:1.0
rus:1.6931471805599454
smith:1.6931471805599454
line:1.0
13:1.0
vacat:1.0
last:1.0
week:1.0
see:1.0
news:1.0
could:1.0
somebodi:1.0
fill:1.0
st:1.0
loui:1.0
end:1.0
trade:1.0
give:1.0
arocha:1.0
allen:1.0
watson:1.0
dmitri:1.0
young:1.0
dal:1.0
make:1.0
decent:1.0
deal:1.0
know:1.6931471805599454
anyth:1.0
x:1.0
georg:1.0
gervin:1.0
assist:1.0
coach:1.0
