rudi:1.6931471805599454
netcom:1.6931471805599454
com:1.0
wade:1.0
subject:1.0
cub:1.6931471805599454
game:1.0
april:1.0
6th:1.0
articl:1.6931471805599454
rudyc53145:1.0
igd:1.0
organ:1.0
home:1.0
brave:1.6931471805599454
line:2.09861228866811
7:1.6931471805599454
1993apr6:1.0
203330:1.0
4974:1.0
oucsac:1.6931471805599454
c:1.6931471805599454
ohiou:1.6931471805599454
edu:1.6931471805599454
jclark:1.0
j:1.0
michael:1.0
clark:1.0
write:1.0
oti:1.0
nixion:1.0
singl:1.0
left:1.0
two:1.0
out:1.0
break:1.0
hitter:1.6931471805599454
win:1.0
1:2.09861228866811
0:1.0
jose:1.0
guzman:1.0
might:1.0
take:1.0
beat:1.0
year:1.0
look:1.0
smoltz:1.0
pitch:1.0
6:1.0
hit:1.0
2:1.0
walk:1.0
er:1.0
loss:1.0
