dtate:1.0
pitt:2.09861228866811
edu:2.09861228866811
david:2.09861228866811
tate:2.09861228866811
subject:1.0
young:1.6931471805599454
catcher:1.0
articl:1.6931471805599454
blue:1.6931471805599454
8007:1.0
organ:1.0
depart:1.0
industri:1.0
engin:1.0
line:1.6931471805599454
81:1.0
ms:1.6931471805599454
netcom:1.6931471805599454
com:1.6931471805599454
mark:1.6931471805599454
singer:1.6931471805599454
said:2.09861228866811
7975:1.0
ci:1.0
genet:1.0
write:1.0
know:2.9459101490553135
player:2.6094379124341005
age:1.0
make:1.0
much:1.6931471805599454
impact:1.0
big:1.6931471805599454
especi:1.0
even:2.386294361119891
play:1.6931471805599454
aaa:2.386294361119891
ball:1.0
ye:1.6931471805599454
irrelev:1.0
talk:1.6931471805599454
averag:1.0
lot:1.6931471805599454
inform:1.6931471805599454
particular:1.0
base:1.0
decis:1.0
realli:2.386294361119891
person:1.0
clay:1.6931471805599454
post:1.0
unfortun:1.0
show:1.0
lopez:2.386294361119891
good:1.6931471805599454
exampl:1.0
niev:1.0
would:2.09861228866811
sinc:1.6931471805599454
last:2.386294361119891
year:2.6094379124341005
number:2.09861228866811
previou:1.6931471805599454
access:1.0
point:1.6931471805599454
remain:1.0
though:1.0
guy:1.0
minor:1.6931471805599454
leagu:2.6094379124341005
histori:1.6931471805599454
major:2.09861228866811
read:1.6931471805599454
like:1.6931471805599454
hit:2.386294361119891
well:2.386294361119891
adjust:1.0
stat:1.6931471805599454
park:1.0
better:1.6931471805599454
absolut:1.0
scale:1.0
olson:1.0
berryhil:1.0
tell:1.0
percentag:1.0
reach:1.6931471805599454
exceed:1.0
mle:2.09861228866811
rooki:1.6931471805599454
season:2.386294361119891
1993:1.0
project:1.0
equival:1.0
term:1.0
rate:1.0
essenc:1.0
alreadi:1.0
guess:1.0
bob:1.0
essenti:1.0
half:1.6931471805599454
surpass:1.0
mayb:1.6931471805599454
improv:1.6931471805599454
purpos:1.0
offerman:1.6931471805599454
spent:1.0
1992:1.0
get:1.6931471805599454
acclim:1.0
dodger:1.0
team:1.0
paid:1.0
price:1.0
may:1.0
differ:1.0
4th:1.0
5th:1.0
place:1.6931471805599454
perhap:1.0
reap:1.0
benefit:1.0
road:1.0
think:1.6931471805599454
done:2.09861228866811
compet:1.0
pennant:1.0
sure:1.0
anyon:1.0
suppos:1.0
might:1.0
gut:1.0
farm:1.0
system:1.0
acquir:1.0
jay:1.0
bell:1.0
spike:1.0
owen:1.0
somebodi:1.0
content:1.0
17:1.0
ab:1.0
signific:1.0
sampl:1.0
rather:1.0
anyth:1.6931471805599454
spring:2.6094379124341005
train:2.6094379124341005
caus:1.0
blockhead:1.0
manag:1.0
question:1.0
whether:1.0
real:1.0
send:1.6931471805599454
warm:1.0
head:1.0
amaz:1.6931471805599454
put:2.09861228866811
credenc:2.09861228866811
wrote:1.0
le:1.0
nowher:1.0
claim:1.0
quit:1.0
contrari:1.0
bozo:1.0
could:1.0
interpret:1.0
failur:1.0
meaningless:1.0
mean:1.0
bobbi:1.0
cox:1.0
case:1.0
rule:1.0
one:1.0
possibl:1.0
explan:1.0
kid:1.0
keith:1.6931471805599454
mitchel:1.6931471805599454
wait:1.0
minut:1.0
miss:1.0
someth:1.6931471805599454
aa:1.0
poorli:1.0
close:1.0
pose:1.0
open:1.0
understand:1.0
e:1.6931471805599454
pocket:1.0
glove:1.0
deeper:1.0
pete:1.0
rose:1.0
dy:1.0
cum:1.0
nobodi:1.0
tim:1.0
rain:1.0
soft:1.0
hand:1.0
