mebonar:2.09861228866811
sn01:2.09861228866811
sncc:2.386294361119891
lsu:2.6094379124341005
edu:2.386294361119891
mscidav:1.0
subject:1.0
young:1.0
catcher:3.1972245773362196
news:1.6931471805599454
softwar:1.0
vax:1.0
vm:1.0
vnew:1.0
1:1.0
3:1.0
4:1.0
repli:1.0
organ:1.0
nntp:1.0
post:1.0
host:1.0
nntpd:1.0
681:1.0
line:1.0
47:1.0
ms:1.0
netcom:1.0
com:1.0
mark:1.0
singer:1.0
said:1.0
need:1.6931471805599454
solid:1.6931471805599454
defens:2.6094379124341005
player:1.0
help:2.09861228866811
club:1.0
big:1.0
argument:1.6931471805599454
lopez:2.791759469228055
brave:2.09861228866811
year:1.0
two:1.0
demonstr:1.0
abil:1.0
call:2.6094379124341005
game:2.386294361119891
work:1.0
pitcher:2.386294361119891
throw:1.0
runner:1.0
tthi:1.0
crux:1.0
least:1.0
sdcn:1.6931471805599454
non:1.0
camp:1.0
seem:1.0
agre:1.0
fact:1.6931471805599454
basic:1.0
nonmeasur:1.0
present:1.0
talk:1.0
import:1.0
frame:1.6931471805599454
pitch:2.9459101490553135
block:1.6931471805599454
ball:1.6931471805599454
dirt:1.0
littl:1.6931471805599454
way:1.6931471805599454
tell:1.6931471805599454
exactli:1.0
variou:1.0
rank:1.0
tlook:1.0
specif:1.0
reason:1.0
suspect:1.0
bad:1.6931471805599454
medium:1.0
label:1.0
far:1.0
particular:1.0
problem:1.6931471805599454
mechan:1.6931471805599454
sasser:1.0
might:1.0
rough:1.0
around:1.0
edg:1.0
get:1.0
good:1.6931471805599454
clear:1.0
play:1.0
practic:1.0
time:1.6931471805599454
see:1.0
repetit:1.0
aaa:2.386294361119891
better:1.0
rep:1.0
major:2.386294361119891
tall:1.0
left:1.0
aspect:1.0
olsen:2.09861228866811
berryhil:1.0
alway:1.0
given:2.09861228866811
credit:1.0
staff:1.6931471805599454
reput:1.0
almost:1.0
veteran:1.0
catch:1.6931471805599454
go:2.09861228866811
learn:2.6094379124341005
leagu:1.6931471805599454
tom:1.6931471805599454
glavin:1.6931471805599454
similarli:1.0
suppris:1.0
claim:1.0
prefer:1.0
use:1.0
say:1.0
comfort:1.0
tnow:1.0
sinc:1.6931471805599454
handl:1.0
glare:1.0
well:1.0
dave:1.6931471805599454
bonar:1.0
lsuvax:1.0
