luriem:1.0
alleg:1.6931471805599454
edu:1.0
liber:1.0
michael:1.0
luri:1.0
subject:1.0
yanke:2.6094379124341005
medit:1.0
articl:1.0
1993apr6:1.0
205911:1.0
2654:1.0
organ:1.0
allegheni:1.0
colleg:1.0
line:1.0
14:1.0
realiz:1.0
pay:1.0
matt:1.0
noke:1.0
2:1.0
500:1.0
000:1.6931471805599454
dollar:1.0
year:1.6931471805599454
geesh:1.0
maa:1.0
get:1.0
125:1.0
way:1.6931471805599454
go:1.0
win:1.0
best:1.0
jt:1.0
snow:1.0
ex:1.0
rooki:1.0
