lyford:1.6931471805599454
dagni:1.0
webo:1.0
dg:1.0
com:2.09861228866811
beverag:1.0
subject:1.0
note:1.0
jay:1.0
v:1.0
indian:1.0
seri:1.0
distribut:1.0
na:1.0
organ:1.0
data:1.0
gener:1.0
corpor:1.0
research:1.0
triangl:1.0
park:1.0
nc:1.0
line:1.0
22:1.0
articl:2.09861228866811
1993apr13:1.0
202037:1.0
9485:1.0
c:2.791759469228055
cornel:1.6931471805599454
edu:1.6931471805599454
tedward:1.0
edward:1.0
ted:1.0
fischer:1.0
write:2.09861228866811
rudyc5fr3q:1.0
1cl:1.0
netcom:1.6931471805599454
rudi:1.6931471805599454
wade:1.0
c5fmxd:1.0
2pm:1.0
dal:1.6931471805599454
ca:1.6931471805599454
niguma:1.6931471805599454
ug:1.0
gord:1.0
refer:1.0
histori:1.6931471805599454
certainli:1.0
best:1.0
season:1.6931471805599454
second:1.0
basemen:1.0
probabl:1.0
even:1.0
good:1.0
alomar:2.6094379124341005
last:2.09861228866811
year:2.386294361119891
measur:1.0
like:1.0
popular:1.0
toronto:1.0
count:1.0
base:1.0
statement:1.0
uh:1.0
ye:1.0
baerga:2.09861228866811
lot:1.0
flash:1.0
better:2.09861228866811
hitter:1.6931471805599454
batter:1.0
ba:1.0
slg:1.0
obp:1.6931471805599454
g:1.0
ab:1.0
r:1.6931471805599454
h:1.0
tb:1.0
2b:1.0
3b:1.0
hr:1.0
rbi:1.0
bb:1.0
sb:1.0
e:1.0
312:1.0
455:1.0
354:1.0
161:1.0
657:1.0
92:1.0
205:1.0
299:1.0
32:1.0
1:1.0
20:1.0
105:1.6931471805599454
35:1.0
76:1.6931471805599454
10:1.0
2:1.0
19:1.0
310:1.0
427:1.0
405:1.0
152:1.0
571:1.0
177:1.0
244:1.0
27:1.0
8:1.6931471805599454
87:1.0
52:1.0
49:1.0
9:1.0
5:1.0
fascin:1.0
say:1.0
immedi:1.0
follow:1.0
number:1.0
show:1.6931471805599454
categori:1.0
see:1.0
advantag:1.0
