acsddc:1.6931471805599454
smucs1:1.6931471805599454
umassd:1.6931471805599454
edu:1.6931471805599454
subject:1.0
fenway:1.6931471805599454
gif:1.6931471805599454
repli:1.0
organ:1.0
uma:1.0
dartmouth:1.6931471805599454
line:1.0
5:1.0
wonder:1.0
anyon:1.0
kind:1.0
park:1.0
would:1.0
appreci:1.0
someon:1.0
could:1.0
send:1.0
one:1.0
thank:1.0
advanc:1.0
dan:1.0
