sbp002:1.0
acad:1.6931471805599454
drake:2.09861228866811
edu:1.6931471805599454
subject:1.0
brave:2.386294361119891
pitch:2.386294361119891
updatedir:1.0
line:1.0
41:1.0
nntp:1.0
post:1.0
host:1.0
organ:1.0
univers:1.0
de:1.0
moin:1.0
iowa:1.0
usa:1.0
articl:1.6931471805599454
1993apr14:1.0
200649:1.0
12578:1.0
pt:1.6931471805599454
mot:1.6931471805599454
com:2.6094379124341005
ep502dn:1.0
dave:1.6931471805599454
naehr:1.0
x2079:1.0
p7630:1.0
write:1.6931471805599454
2482:1.0
adob:2.09861228866811
snichol:1.6931471805599454
sherri:2.09861228866811
nichol:1.6931471805599454
everi:1.0
singl:1.0
piec:1.0
evid:1.6931471805599454
find:1.6931471805599454
point:1.6931471805599454
major:1.0
leagu:1.6931471805599454
basebal:1.0
50:1.6931471805599454
offens:2.386294361119891
defens:1.6931471805599454
run:3.0794415416798357
score:2.9459101490553135
import:1.6931471805599454
prevent:1.6931471805599454
certainli:1.0
pas:1.0
common:1.0
sen:1.0
test:1.0
statist:1.0
say:1.6931471805599454
percent:1.6931471805599454
field:1.0
realli:1.0
like:1.6931471805599454
know:1.6931471805599454
btw:1.0
thank:1.0
da:1.0
data:1.0
fascin:1.0
cours:1.0
penni:1.6931471805599454
save:1.0
earn:1.0
enough:1.0
clich:1.0
starter:1.6931471805599454
abl:1.0
live:1.0
potenti:1.0
need:2.09861228866811
much:1.0
support:1.0
realiz:1.0
big:1.0
staff:1.0
leav:1.0
92:1.0
bosox:1.0
dust:1.0
legitim:1.0
comparison:1.0
two:1.0
cy:1.0
young:1.0
winner:1.0
three:1.0
pitcher:2.386294361119891
team:2.791759469228055
would:2.6094379124341005
kill:1.0
first:1.0
second:1.0
seem:1.0
qualiti:1.6931471805599454
take:1.0
mound:1.0
le:1.0
win:1.6931471805599454
put:1.6931471805599454
better:1.0
advantag:1.6931471805599454
provid:1.0
stop:1.0
oppos:1.0
low:1.6931471805599454
game:2.09861228866811
clearli:1.0
benefit:1.0
mani:1.0
due:1.0
excel:1.0
averag:1.0
hit:1.0
flip:1.0
side:1.0
start:1.0
lineup:1.0
great:1.6931471805599454
player:1.0
argu:1.0
could:1.0
simpli:1.0
outscor:1.0
oppon:1.0
name:1.0
even:1.0
ray:1.0
knight:1.0
scoreboard:1.0
tri:1.0
assembl:1.0
strong:1.0
sam:1.0
