re4:1.6931471805599454
prism:1.6931471805599454
gatech:2.09861228866811
edu:1.6931471805599454
russel:2.09861228866811
earnest:2.09861228866811
subject:1.0
player:1.0
rush:2.09861228866811
major:1.0
organ:1.0
georgia:2.09861228866811
institut:1.6931471805599454
technolog:1.6931471805599454
line:1.0
29:1.0
articl:1.6931471805599454
1993apr15:1.0
145753:1.0
21557:1.0
holos0:1.6931471805599454
uucp:2.09861228866811
lbr:1.0
len:1.6931471805599454
reed:1.0
write:1.6931471805599454
c5hq3o:1.0
g4p:1.0
tss:1.6931471805599454
com:1.6931471805599454
hanson:1.6931471805599454
loo:1.6931471805599454
bob:1.6931471805599454
horner:1.6931471805599454
go:1.0
straight:1.0
arizona:1.0
state:1.0
univ:1.0
atlanta:1.6931471805599454
brave:1.6931471805599454
rememb:1.0
one:1.6931471805599454
great:1.0
month:1.6931471805599454
hit:1.0
dinger:1.0
next:1.0
heard:1.0
japan:1.0
well:1.0
short:1.0
career:1.0
compar:1.0
might:1.6931471805599454
expect:1.0
highli:1.0
tout:1.0
prospect:1.0
due:1.0
injuri:1.6931471805599454
prone:1.6931471805599454
overweight:1.6931471805599454
work:1.6931471805599454
ethic:1.6931471805599454
certainli:1.0
suffer:2.09861228866811
big:1.6931471805599454
sorri:1.0
exactli:1.0
lead:1.0
noth:1.0
correct:1.0
richmond:1.0
intend:1.0
smiley:1.0
comment:1.0
bring:1.0
back:2.09861228866811
long:1.0
memori:1.6931471805599454
pre:1.0
chop:1.0
fan:1.6931471805599454
kept:1.0
promis:1.0
dale:1.6931471805599454
murphi:1.0
power:1.0
slam:1.0
could:1.0
stop:1.0
guess:1.0
never:1.0
know:1.0
p:1.0
rocki:1.0
yet:1.0
get:1.0
play:1.6931471805599454
time:1.0
plan:1.0
game:1.0
june:1.0
28th:1.0
read:1.0
process:1.0
30332:1.0
allegra:1.0
amd:1.0
hplab:1.0
seismo:1.0
ut:1.0
ngp:1.0
arpa:1.0
hous:1.0
