rdetweil:1.6931471805599454
boi:1.6931471805599454
hp:1.6931471805599454
com:1.6931471805599454
richard:1.0
detweil:1.6931471805599454
subject:1.0
torr:2.6094379124341005
worst:1.6931471805599454
manag:1.6931471805599454
organ:1.0
hewlett:1.0
packard:1.0
bois:1.0
printer:1.0
divis:1.0
line:1.6931471805599454
75:1.0
anoth:1.0
distress:1.6931471805599454
still:1.6931471805599454
wonder:2.09861228866811
thing:2.09861228866811
cardin:2.09861228866811
fan:1.6931471805599454
articl:1.0
93095:1.0
hydra:1.0
gatech:2.09861228866811
edu:2.09861228866811
gt7469a:1.6931471805599454
prism:1.6931471805599454
brian:2.09861228866811
r:1.0
landmann:1.6931471805599454
write:1.0
joe:2.09861228866811
basebal:1.0
greatest:1.0
true:1.0
anyon:1.0
see:1.0
sunday:1.6931471805599454
game:2.386294361119891
ti:1.6931471805599454
saw:1.6931471805599454
right:1.6931471805599454
hander:1.6931471805599454
pitch:1.0
decid:1.0
bench:1.6931471805599454
lankform:1.0
left:1.0
hand:1.0
hitter:2.6094379124341005
play:2.386294361119891
jordan:1.0
gilkey:2.6094379124341005
tlankford:1.0
hurt:2.09861228866811
although:1.0
announc:1.0
said:1.6931471805599454
told:1.0
tcould:1.0
pinch:2.386294361119891
hit:2.09861228866811
need:1.0
later:1.0
ninth:1.0
inning:1.0
base:2.6094379124341005
load:1.0
two:1.0
out:1.0
put:1.0
lankford:2.791759469228055
300:1.6931471805599454
power:1.6931471805599454
runner:1.6931471805599454
use:1.0
lui:1.0
alicea:1.6931471805599454
250:1.0
hell:1.0
think:1.6931471805599454
give:1.6931471805599454
benefit:1.0
tdoubt:1.0
say:1.6931471805599454
enough:1.0
trust:1.0
abil:1.0
bat:1.0
effect:1.0
want:1.0
tspeed:1.0
run:1.0
complet:1.0
tconfus:1.0
mayb:1.0
good:1.6931471805599454
record:1.0
tparticular:1.0
pitcher:1.0
know:1.0
anybodi:1.0
got:1.0
idea:1.0
earlier:1.0
interview:1.0
acquir:1.0
mark:1.0
whiten:2.386294361119891
comment:1.0
fortun:1.0
get:1.0
would:2.09861228866811
regular:1.0
even:1.0
though:1.0
meant:1.0
like:1.6931471805599454
come:1.0
last:2.09861228866811
year:2.09861228866811
start:1.6931471805599454
guy:1.0
everi:1.0
team:1.0
leagu:1.0
twell:1.6931471805599454
far:1.0
seen:1.0
much:1.6931471805599454
tbut:1.0
bad:1.6931471805599454
odd:1.0
man:1.0
tjordan:1.0
ahead:1.0
quit:1.0
understand:1.0
furthermor:1.0
thrown:1.0
plate:1.0
replay:1.6931471805599454
show:1.0
bucki:1.6931471805599454
dent:2.09861228866811
third:2.09861228866811
coach:1.6931471805599454
look:2.09861228866811
wave:1.6931471805599454
home:1.6931471805599454
tyup:1.0
tgo:1.6931471805599454
talk:1.0
one:1.0
tgot:1.0
todd:1.0
zeil:1.6931471805599454
believ:1.0
hot:1.0
tcome:1.0
reason:1.0
risk:1.0
go:2.09861228866811
sign:1.0
tin:1.0
situat:1.6931471805599454
unless:1.0
sure:1.6931471805599454
ball:1.0
stand:1.0
tit:1.0
job:1.0
watch:1.0
develop:1.0
known:1.0
larkin:1.0
twa:1.0
back:1.0
throw:1.0
seem:1.0
inexcus:1.0
book:1.0
tbtw:1.0
round:1.0
tand:1.6931471805599454
critic:1.0
treplay:1.0
around:1.0
might:1.0
tseriou:1.0
problem:1.0
card:1.0
fault:1.0
lie:1.0
take:1.0
anymor:1.0
hang:1.0
redbird:1.0
woof:1.6931471805599454
georgia:1.0
institut:1.0
technolog:1.0
internet:1.0
dick:1.0
hpdmd48:1.0
