jrogoff:1.0
scott:1.0
skidmor:1.6931471805599454
edu:1.0
jay:1.6931471805599454
rogoff:1.0
subject:1.0
expand:1.0
nl:1.0
strike:1.6931471805599454
zone:1.0
surfeit:1.0
offens:1.0
organ:1.0
colleg:1.0
saratoga:1.0
spring:1.0
ny:1.0
line:1.0
5:1.0
impress:1.0
watch:1.0
met:1.0
rocki:1.0
umpir:1.0
call:1.0
belt:1.0
far:1.0
letter:1.0
would:1.0
nice:1.0
case:1.0
