idoy:1.6931471805599454
crux1:2.09861228866811
cit:2.09861228866811
cornel:2.386294361119891
edu:2.09861228866811
michael:1.6931471805599454
subject:1.0
keep:1.6931471805599454
score:2.09861228866811
like:1.6931471805599454
offici:1.6931471805599454
nntp:1.0
post:1.0
host:1.0
organ:1.0
univers:1.0
line:1.0
15:1.0
hello:1.0
learn:1.0
watch:1.0
ball:1.0
game:1.0
use:1.6931471805599454
method:1.0
get:1.0
scoresheet:1.0
instruct:1.0
appreci:1.0
mike:1.0
hofstadt:2.09861228866811
law:1.6931471805599454
alway:1.0
take:1.6931471805599454
wilson:1.0
longer:1.0
think:1.0
even:1.0
account:1.0
dougla:1.0
