organ:1.0
penn:1.0
state:1.0
univers:1.0
wjs112:1.0
psuvm:1.0
psu:1.0
edu:2.09861228866811
subject:1.0
phill:1.0
v:1.0
pirat:1.0
c5lcop:1.0
4fv:1.0
boi:1.0
hp:1.0
com:1.0
121055:1.0
netnew:1.0
upenn:1.0
1993apr17:1.0
132013:1.0
1:1.6931471805599454
ulkyvx:1.0
louisvil:1.0
line:1.0
17:1.0
hate:1.0
burden:1.0
bad:1.0
news:1.0
think:1.0
time:3.1972245773362196
philli:1.0
usual:1.6931471805599454
play:1.0
either:1.0
7:1.6931471805599454
05:1.0
p:2.09861228866811
35:1.6931471805599454
eastern:1.6931471805599454
weekday:1.0
sunday:1.0
bois:1.6931471805599454
idaho:1.6931471805599454
part:1.6931471805599454
mountain:2.09861228866811
zone:2.386294361119891
pacif:1.0
given:1.0
start:1.0
plea:1.0
check:1.0
map:1.0
case:1.0
wrong:1.0
certain:1.0
thank:1.0
listen:1.0
shep:1.0
