jja2h:1.0
virginia:1.6931471805599454
edu:1.0
subject:1.0
brien:1.0
taylor:1.6931471805599454
organ:1.0
univers:1.0
line:1.0
9:1.0
last:1.0
year:1.6931471805599454
brein:1.0
ball:1.0
probabl:1.0
tampa:1.0
florida:1.0
state:1.0
leagu:1.0
believ:1.0
began:1.0
aa:1.0
albani:1.0
hope:1.0
georg:1.0
rush:1.0
allow:1.0
progress:1.0
rate:1.0
aaa:1.0
bronx:1.0
guy:1.0
real:1.0
thing:1.0
jonathan:1.0
alboum:1.0
uva:1.0
