shapiro:2.6094379124341005
david:2.386294361119891
yale:2.386294361119891
edu:2.386294361119891
subject:1.0
tiger:1.0
organ:1.6931471805599454
line:1.0
8:1.0
distribut:1.0
na:1.0
nntp:1.0
post:1.0
host:1.0
minerva:1.6931471805599454
ci:1.6931471805599454
repli:1.0
ryan:1.0
kearn:1.0
messag:1.0
wed:1.0
14:1.0
apr:1.0
1993:1.0
10:1.0
09:1.0
21:1.0
edt:1.0
woof:1.6931471805599454
peopl:1.0
call:1.0
monkey:1.0
felt:1.0
like:1.0
piano:1.6931471805599454
back:1.6931471805599454
winter:1.0
long:1.0
mayb:1.0
trombon:1.0
next:1.0
stan:1.0
belinda:1.0
