organ:1.0
univers:1.0
notr:1.0
dame:1.0
offic:1.0
univ:1.0
comput:1.0
rvesterm:1.0
vma:1.0
cc:1.0
nd:1.0
edu:1.0
subject:1.0
boog:1.0
powel:1.0
camden:1.0
yard:1.0
1993apr13:1.6931471805599454
150904:1.6931471805599454
25249:1.6931471805599454
alchemi:1.6931471805599454
chem:1.6931471805599454
utoronto:1.6931471805599454
ca:1.6931471805599454
line:1.0
9:1.0
articl:1.0
mark:1.0
b:1.0
say:1.0
better:1.0
balboni:1.0
border:1.0
blasphemi:1.0
bob:1.0
vesterman:1.0
