scasburn:1.6931471805599454
magnu:2.09861228866811
ac:2.09861228866811
ohio:2.386294361119891
state:2.386294361119891
edu:2.09861228866811
steven:1.0
casburn:1.6931471805599454
subject:1.0
peopl:1.0
want:1.0
stat:1.0
nntp:1.0
post:1.6931471805599454
host:1.0
magnusug:1.0
organ:1.0
univers:1.0
line:1.0
19:1.0
articl:1.0
10010717:1.0
hpfcso:1.6931471805599454
fc:1.6931471805599454
hp:1.6931471805599454
com:1.6931471805599454
doug:1.6931471805599454
steel:1.0
wri:1.0
te:1.0
top:1.6931471805599454
10:1.0
al:1.0
home:1.6931471805599454
run:1.6931471805599454
hit:1.6931471805599454
batter:1.6931471805599454
team:1.6931471805599454
hr:1.0
gonzalez:1.0
tex:1.6931471805599454
5:1.0
baerga:1.0
cle:1.0
13:1.6931471805599454
palmer:1.0
4:1.0
phillip:1.0
det:1.0
anyon:1.0
think:1.0
texa:1.0
would:1.6931471805599454
two:1.0
leader:1.0
given:1.0
point:1.0
season:1.0
neither:1.0
one:1.0
jose:1.0
canseco:1.0
steve:1.6931471805599454
person:1.0
despair:1.0
result:1.0
anyth:1.0
violent:1.0
ruthless:1.0
truth:1.0
tell:1.0
work:1.0
end:1.0
even:1.0
slowli:1.0
john:1.0
maynard:1.0
keyn:1.0
1919:1.0
