jtchern:1.6931471805599454
ocf:1.6931471805599454
berkeley:2.386294361119891
edu:2.386294361119891
joseph:1.6931471805599454
hernandez:1.6931471805599454
subject:1.0
mlb:1.6931471805599454
stand:1.6931471805599454
score:2.09861228866811
thu:1.0
apr:1.0
15th:1.6931471805599454
1993:1.6931471805599454
organ:1.0
jtc:1.0
enterpris:1.0
sport:1.0
divis:1.0
major:1.0
leagu:2.09861228866811
basebal:1.0
dept:1.0
line:1.0
73:1.0
distribut:1.0
world:1.0
nntp:1.0
post:1.0
host:1.0
monsoon:1.0
thursday:1.0
april:1.0
includ:1.0
yesterday:1.6931471805599454
game:1.0
nation:2.09861228866811
west:1.6931471805599454
lost:3.772588722239781
pct:1.6931471805599454
gb:1.6931471805599454
last:1.6931471805599454
10:2.386294361119891
streak:1.6931471805599454
home:1.6931471805599454
road:1.6931471805599454
houston:1.6931471805599454
astro:1.0
05:3.5649493574615367
03:4.610917912644224
625:1.6931471805599454
5:4.258096538021482
3:4.091042453358316
00:3.9444389791664403
atlanta:1.6931471805599454
brave:1.0
06:3.1972245773362196
04:4.044522437723423
600:1.0
6:3.1972245773362196
4:3.772588722239781
1:3.9444389791664403
01:3.995732273553991
san:2.386294361119891
francisco:1.6931471805599454
giant:1.0
556:1.0
0:3.4849066497880004
02:4.828641396489095
lo:1.6931471805599454
angel:2.386294361119891
dodger:1.6931471805599454
333:1.6931471805599454
2:4.178053830347945
colorado:1.6931471805599454
rocki:1.0
286:1.6931471805599454
diego:1.6931471805599454
padr:1.0
250:1.6931471805599454
cincinnati:1.6931471805599454
red:1.6931471805599454
07:1.6931471805599454
222:1.0
7:1.6931471805599454
east:1.6931471805599454
philadelphia:1.6931471805599454
philli:1.0
08:1.0
889:1.0
8:1.0
pittsburgh:1.6931471805599454
pirat:1.0
750:2.386294361119891
st:1.6931471805599454
loui:1.6931471805599454
cardin:1.0
new:2.09861228866811
york:2.386294361119891
met:1.0
571:2.386294361119891
chicago:2.09861228866811
cub:1.0
444:1.0
montreal:1.6931471805599454
expo:1.0
375:1.6931471805599454
florida:1.6931471805599454
marlin:1.0
american:1.6931471805599454
texa:1.0
ranger:1.0
california:1.0
714:1.0
oakland:1.0
athlet:1.0
seattl:1.0
marin:1.0
white:1.0
sox:1.6931471805599454
500:1.6931471805599454
minnesota:1.0
twin:1.0
kansa:1.0
citi:1.6931471805599454
royal:1.0
125:1.0
boston:1.0
yanke:1.0
toronto:1.0
blue:1.0
jay:1.0
detroit:1.0
tiger:1.0
429:1.0
cleveland:1.0
indian:1.0
milwauke:1.0
brewer:1.0
baltimor:1.0
oriol:1.0
idl:2.09861228866811
team:1.0
list:1.0
alphabet:1.0
order:1.0
tamerican:1.0
t9:2.09861228866811
tbaltimor:1.0
t6:2.6094379124341005
t5:2.09861228866811
ttexa:1.0
11:1.0
tseattl:1.0
t7:1.6931471805599454
ttoronto:1.0
tcleveland:1.0
t0:1.0
tboston:1.0
12:1.6931471805599454
t2:1.6931471805599454
tcalifornia:1.0
tmilwauke:1.0
tkansa:1.0
t3:1.0
tnew:1.0
tminnesota:1.0
ppd:1.0
t4:1.0
tchicago:1.0
rain:1.0
tdetroit:1.0
t1:1.0
15:1.0
toakland:1.0
ram:1.0
laker:1.0
king:1.0
raider:1.0
jtcent:1.0
soda:1.0
clipper:1.0
