subject:1.0
let:1.0
known:1.0
issbtl:1.0
byuvm:1.0
bitnet:1.0
organ:1.0
brigham:1.0
young:1.0
univers:1.0
line:1.0
10:1.0
would:1.0
like:1.0
make:1.0
everyon:1.0
awar:1.0
win:1.0
nl:1.0
west:1.0
atlanta:1.0
brave:1.6931471805599454
lead:1.0
wire:1.6931471805599454
game:1.0
4:1.0
14:1.0
93:1.0
houston:1.0
astro:1.6931471805599454
percentag:1.0
point:1.0
ahead:1.0
unbeat:1.0
go:1.0
byron:1.0
lee:1.0
nativ:1.0
texan:1.0
stuck:1.0
utah:1.0
