dtate:1.6931471805599454
pitt:1.6931471805599454
edu:2.09861228866811
david:1.6931471805599454
tate:1.6931471805599454
subject:1.0
brave:2.09861228866811
pitch:3.0794415416798357
updatedir:1.0
organ:1.0
depart:1.0
industri:1.0
engin:1.0
line:1.0
54:1.0
sbp002:1.0
acad:1.0
drake:1.0
said:2.386294361119891
articl:1.0
2482:1.0
adob:1.6931471805599454
com:1.6931471805599454
snichol:1.0
sherri:1.6931471805599454
nichol:1.0
write:1.0
everi:1.6931471805599454
singl:1.0
piec:1.0
evid:1.0
find:1.0
point:2.386294361119891
major:1.0
leagu:1.0
basebal:2.386294361119891
50:2.386294361119891
offens:2.386294361119891
defens:2.09861228866811
run:3.1972245773362196
score:3.302585092994046
import:2.09861228866811
prevent:2.386294361119891
cours:1.0
penni:1.6931471805599454
save:1.0
earn:1.0
enough:1.0
clich:2.09861228866811
unlik:1.0
comment:1.0
tautolog:1.0
true:2.09861228866811
pitcher:2.09861228866811
essenti:1.6931471805599454
qualiti:1.6931471805599454
e:1.0
varianc:1.6931471805599454
abil:2.386294361119891
much:2.386294361119891
smaller:1.0
bat:1.6931471805599454
would:2.6094379124341005
simpli:1.0
activ:1.0
weaker:1.0
starter:1.0
abl:1.0
live:1.0
potenti:1.0
need:1.6931471805599454
support:1.0
fact:1.0
win:2.386294361119891
championship:1.6931471805599454
later:1.0
essenc:1.6931471805599454
neither:1.6931471805599454
say:1.0
claim:1.0
seem:1.0
take:1.0
mound:1.0
team:2.9459101490553135
le:1.0
accus:1.0
mouth:1.0
put:1.0
better:1.6931471805599454
advantag:1.0
provid:1.0
stop:1.0
oppos:1.0
low:2.09861228866811
game:2.386294361119891
clearli:1.0
benefit:1.0
clear:1.0
high:1.6931471805599454
percentag:1.0
time:1.0
split:1.0
regardless:1.0
mani:1.0
due:1.0
excel:1.0
averag:1.0
hit:1.0
flip:1.0
side:1.0
start:1.0
lineup:1.0
great:1.6931471805599454
player:1.0
argu:1.0
thought:1.0
greet:1.0
sir:1.0
quick:1.0
member:1.0
iie:1.0
orsa:1.0
tim:1.0
sabr:1.0
hand:1.0
soft:1.0
eye:1.0
discern:1.0
denver:1.0
call:1.0
slugger:1.0
big:1.0
catullu:1.0
galarraga:1.0
compar:1.0
mattingli:1.0
