warp:1.6931471805599454
c:2.09861228866811
montana:2.09861228866811
edu:2.09861228866811
doug:1.6931471805599454
dolven:2.09861228866811
subject:1.0
mel:1.6931471805599454
hall:1.6931471805599454
organ:1.0
line:1.0
9:1.0
anyon:1.0
heard:1.6931471805599454
anyth:1.0
season:1.0
yanke:1.0
happen:1.0
tdoug:1.0
gdd7548:1.0
trex:1.0
osc:1.0
