ajpat:1.6931471805599454
iastat:1.6931471805599454
edu:1.6931471805599454
ami:1.6931471805599454
j:1.6931471805599454
patterson:1.6931471805599454
subject:1.0
twin:1.6931471805599454
game:1.6931471805599454
repli:1.0
organ:1.0
iowa:1.6931471805599454
state:1.0
univers:1.0
line:1.0
4:1.0
anyon:1.0
know:1.0
broadcast:1.0
good:1.0
ole:1.0
ame:1.0
thank:1.0
