tedward:1.0
c:2.386294361119891
cornel:1.6931471805599454
edu:2.6094379124341005
edward:1.0
ted:1.6931471805599454
fischer:1.0
subject:1.0
defens:2.386294361119891
averag:1.0
1988:1.6931471805599454
1992:1.0
shortstop:1.0
organ:1.0
univ:1.0
dept:1.0
ithaca:1.0
ny:1.0
14853:1.0
line:1.0
13:1.0
articl:1.6931471805599454
1993apr17:1.0
200602:1.0
8229:1.0
leland:1.6931471805599454
stanford:1.6931471805599454
addison:1.0
brett:1.0
roger:1.0
write:1.6931471805599454
steph:1.6931471805599454
735027990:1.0
pegasu:1.6931471805599454
uiuc:1.6931471805599454
dale:1.0
stephenson:1.0
smith:1.6931471805599454
ozzi:1.6931471805599454
742:1.0
717:1.0
697:1.0
672:1.0
664:1.0
0:1.0
701:1.0
wizard:1.0
second:1.0
highest:1.0
year:2.09861228866811
ever:1.0
still:1.0
good:1.0
like:1.0
way:1.0
number:1.0
declin:1.6931471805599454
everi:1.0
may:1.0
liabil:2.09861228866811
rich:1.0
brook:1.0
robinson:1.0
william:1.0
weak:1.0
hitter:1.0
even:1.0
great:1.0
player:1.0
age:1.0
valentin:1.0
