subject:1.0
brave:1.0
pitch:1.0
updatedir:1.0
grabin:2.386294361119891
math:1.0
harvard:2.09861228866811
edu:2.9459101490553135
david:2.09861228866811
organ:1.6931471805599454
etc:1.0
nntp:1.0
post:1.0
host:1.0
boucher:1.0
repli:1.0
drw3l:1.0
delmarva:1.0
evsc:1.0
virginia:1.6931471805599454
messag:1.0
fri:1.0
16:1.6931471805599454
apr:1.0
1993:1.0
19:1.0
23:1.0
gmt:1.0
line:1.0
41:1.0
articl:1.6931471805599454
c5l40c:1.0
9lc:1.0
murdoch:1.0
acc:1.0
robert:1.0
walker:1.0
write:1.6931471805599454
8994:1.0
blue:1.0
ci:1.0
pitt:1.6931471805599454
traven:1.6931471805599454
neal:1.0
one:2.09861228866811
also:1.0
separ:1.0
offens:1.6931471805599454
bat:1.6931471805599454
baserun:2.386294361119891
split:1.0
probabl:1.0
somewher:1.0
around:1.0
49:1.0
5:2.09861228866811
0:1.0
give:2.6094379124341005
littl:1.0
credit:1.0
mayb:1.0
45:1.0
even:1.6931471805599454
40:1.0
10:1.0
team:2.791759469228055
roberto:1.6931471805599454
alomar:2.386294361119891
john:1.0
olerud:2.386294361119891
ident:1.0
stat:1.0
unreason:1.0
let:1.0
steal:1.6931471805599454
singl:1.0
base:2.09861228866811
score:2.386294361119891
lot:1.0
go:1.0
first:2.09861228866811
third:1.6931471805599454
often:1.0
gordon:1.0
much:2.09861228866811
valu:2.09861228866811
effect:1.6931471805599454
clear:1.0
well:1.6931471805599454
hit:2.09861228866811
doubl:2.09861228866811
runner:2.09861228866811
leg:1.0
extra:1.6931471805599454
onto:1.0
gap:1.0
may:1.0
need:1.0
hold:1.0
thu:1.0
advanc:1.0
cours:1.0
like:1.0
anoth:1.0
reason:1.0
run:2.386294361119891
creat:2.09861228866811
formula:1.6931471805599454
work:1.6931471805599454
fast:1.0
slow:1.0
1950:1.6931471805599454
ran:1.0
certainli:1.0
faster:1.0
player:1.0
other:1.0
still:1.0
current:1.0
bill:1.0
jame:1.0
1955:1.0
1958:1.0
senat:1.0
exampl:1.0
use:1.0
harmon:1.0
killebrew:1.0
regularli:1.0
pinch:1.0
1957:1.0
stole:1.0
13:1.0
38:1.0
time:1.0
caught:1.0
yet:1.0
slightli:1.0
predict:1.0
zariski:1.0
sorri:1.0
number:1.0
dial:1.0
imaginari:1.0
plea:1.0
rotat:1.0
phone:1.0
90:1.0
degre:1.0
tri:1.0
disclaim:1.0
speak:1.6931471805599454
