thf2:2.09861228866811
kimbark:1.6931471805599454
uchicago:2.09861228866811
edu:2.9459101490553135
ted:1.6931471805599454
frank:1.6931471805599454
subject:1.0
ozzi:2.386294361119891
smith:2.386294361119891
defens:2.386294361119891
liabil:2.386294361119891
repli:1.0
midway:1.0
organ:1.0
univers:1.0
chicago:1.0
line:1.0
18:1.0
articl:1.6931471805599454
1993apr17:1.0
200602:1.0
8229:1.0
leland:1.6931471805599454
stanford:1.6931471805599454
addison:1.0
brett:1.0
roger:1.0
write:1.6931471805599454
steph:1.6931471805599454
735027990:1.0
pegasu:1.6931471805599454
c:2.09861228866811
uiuc:1.6931471805599454
dale:1.0
stephenson:1.0
742:1.0
717:1.0
697:1.0
672:1.0
664:1.0
0:1.0
701:1.0
wizard:1.0
1988:1.0
second:1.0
highest:1.0
year:2.386294361119891
ever:1.0
still:1.0
good:1.0
like:1.0
way:1.0
number:1.0
declin:1.0
everi:1.0
may:1.0
rich:1.0
expect:1.0
remain:1.0
best:1.0
shortstop:1.0
game:1.0
reach:1.0
seventi:1.0
third:1.0
birthday:1.0
someth:1.0
strang:1.0
concept:1.0
forti:1.0
one:1.0
old:1.0
might:1.0
1996:1.0
sorri:1.0
card:1.0
say:1.0
moop:1.0
u:1.0
law:1.0
school:1.0
standard:1.0
disclaim:1.0
