sean:1.6931471805599454
garrison:1.0
subject:1.0
fenway:1.0
gif:1.6931471805599454
nntp:1.0
post:1.0
host:1.0
berkeley:1.0
kstar:1.0
node:1.0
net:1.0
yale:1.6931471805599454
edu:1.0
organ:1.0
univers:1.0
line:1.0
11:1.0
love:1.0
see:1.0
shea:1.0
stadium:1.0
behind:1.0
bag:1.0
vin:1.0
sculli:1.0
