davewood:1.6931471805599454
bruno:1.6931471805599454
c:2.09861228866811
colorado:2.6094379124341005
edu:2.09861228866811
david:1.6931471805599454
rex:1.6931471805599454
wood:1.6931471805599454
subject:1.0
basebal:1.6931471805599454
spread:1.6931471805599454
nntp:1.0
post:1.0
host:1.0
organ:1.0
univers:1.6931471805599454
boulder:1.6931471805599454
line:1.0
8:1.6931471805599454
one:1.0
read:1.0
bet:1.0
tend:1.0
someth:1.0
like:1.0
9:1.0
mean:1.0
must:1.0
run:1.0
thank:1.0
