cs902043:1.0
ariel:1.0
yorku:1.0
ca:1.6931471805599454
shawn:1.6931471805599454
luddington:1.0
subject:1.0
jack:2.386294361119891
morri:2.386294361119891
organ:1.0
york:1.0
univers:1.0
toronto:1.6931471805599454
canada:1.0
line:1.0
40:1.0
articl:1.6931471805599454
1993apr18:1.6931471805599454
032345:1.0
5178:1.0
c:2.386294361119891
cornel:1.6931471805599454
edu:2.386294361119891
tedward:1.0
edward:1.0
ted:1.0
fischer:1.0
write:2.09861228866811
030412:1.0
1210:1.0
mnemosyn:1.0
du:1.6931471805599454
gspira:1.0
nyx:1.0
greg:1.0
spira:1.0
howard:1.6931471805599454
wong:1.6931471805599454
mindlink:1.0
bc:1.0
lost:1.6931471805599454
bit:1.0
edg:1.6931471805599454
worst:1.0
start:1.6931471805599454
uh:1.0
5:1.6931471805599454
year:2.386294361119891
ago:1.0
one:1.0
averag:1.0
last:2.09861228866811
goe:1.0
prove:1.0
better:1.6931471805599454
good:1.6931471805599454
lucki:1.6931471805599454
count:1.0
tomorrow:1.0
seem:1.0
prone:1.0
bad:1.6931471805599454
finish:1.0
ye:1.0
enjoy:1.0
everi:1.0
run:1.0
give:1.0
said:1.0
sign:1.6931471805599454
viola:1.0
cheer:1.0
valentin:1.6931471805599454
hey:1.0
see:1.0
boston:1.6931471805599454
world:1.0
seri:1.0
ring:1.0
finger:1.0
damn:1.0
three:1.0
probabl:1.0
hall:1.0
fame:1.0
futur:1.0
therefor:1.0
would:1.0
say:1.0
easili:1.0
made:1.0
best:1.0
tell:1.0
win:1.0
even:1.0
top:1.0
4:1.0
divis:1.0
like:1.0
6th:1.0
