addison:1.6931471805599454
leland:1.6931471805599454
stanford:2.09861228866811
edu:2.386294361119891
brett:1.6931471805599454
roger:1.6931471805599454
subject:1.0
defens:2.09861228866811
averag:1.0
1988:1.6931471805599454
1992:1.0
shortstop:1.0
organ:1.0
dsg:1.0
univers:1.0
ca:1.0
94305:1.0
usa:1.0
line:1.0
12:1.0
articl:1.0
steph:1.6931471805599454
735027990:1.0
pegasu:1.6931471805599454
c:1.6931471805599454
uiuc:1.6931471805599454
dale:1.0
stephenson:1.0
write:1.0
smith:1.6931471805599454
ozzi:1.6931471805599454
742:1.0
717:1.0
697:1.0
672:1.0
664:1.0
0:1.0
701:1.0
wizard:1.0
second:1.0
highest:1.0
year:2.09861228866811
ever:1.0
still:1.0
good:1.0
like:1.0
way:1.0
number:1.0
declin:1.0
everi:1.0
may:1.0
liabil:1.6931471805599454
rich:1.0
