mike:2.386294361119891
cunixf:2.09861228866811
cc:2.09861228866811
columbia:2.6094379124341005
edu:3.0794415416798357
michael:1.6931471805599454
chen:1.6931471805599454
subject:1.0
mel:2.09861228866811
hall:2.09861228866811
nntp:1.0
post:1.0
host:1.0
repli:1.0
organ:1.0
univers:1.0
line:1.0
17:1.0
articl:1.0
1993apr17:1.0
212119:1.0
13901:1.0
coe:1.0
montana:2.386294361119891
warp:1.6931471805599454
c:1.6931471805599454
doug:1.6931471805599454
dolven:2.09861228866811
write:1.0
anyon:1.0
heard:1.6931471805599454
anyth:1.0
season:1.0
yanke:1.0
happen:1.0
tdoug:1.0
gdd7548:1.0
trex:1.0
osc:1.0
sign:1.0
japanes:1.0
team:1.0
