bb:1.6931471805599454
comarow:2.386294361119891
jwt:1.6931471805599454
oau:1.6931471805599454
org:2.09861228866811
bob:1.6931471805599454
subject:1.0
jewish:1.6931471805599454
basebal:1.0
player:1.0
repli:1.0
organ:1.0
matrix:1.0
line:1.0
4:1.0
dave:1.0
kingman:1.0
eisner:1.0
decu:1.0
