howard:1.6931471805599454
wong:1.6931471805599454
mindlink:1.0
bc:1.0
ca:1.0
subject:1.0
jack:2.386294361119891
morri:2.09861228866811
organ:1.0
mind:1.0
link:1.0
british:1.0
columbia:1.0
canada:1.0
line:1.0
9:1.0
today:1.0
april:1.0
17:1.0
lost:1.6931471805599454
first:1.0
three:1.0
start:1.6931471805599454
howev:1.0
jay:1.0
well:1.0
without:1.0
injur:1.0
dave:1.0
stuart:1.0
credit:1.0
rest:1.0
pitch:1.0
staff:1.0
bit:1.0
edg:1.0
worst:1.0
