random:1.6931471805599454
access:2.09861228866811
digex:1.6931471805599454
com:1.0
subject:1.0
scott:1.0
erickson:1.6931471805599454
organ:1.0
express:1.0
onlin:1.0
commun:1.0
greenbelt:1.0
md:1.0
usa:1.6931471805599454
line:1.0
3:1.0
distribut:1.0
nntp:1.0
post:1.0
host:1.0
net:1.0
anyon:1.0
scoop:1.0
scot:1.0
long:1.0
go:1.0
