k:2.09861228866811
mullin:2.386294361119891
oz:2.09861228866811
plymouth:2.791759469228055
edu:2.09861228866811
mulli:1.6931471805599454
subject:1.0
montreal:1.0
question:1.0
repli:1.0
organ:1.0
state:1.0
colleg:1.0
n:1.0
h:1.0
line:1.0
9:1.0
posit:1.0
mike:1.0
lan:1.0
play:1.0
seem:1.0
find:1.0
anywher:1.0
thank:1.0
1:1.0
tk:1.0
keith:1.0
j:1.0
p:1.0
c:1.0
ooo:1.6931471805599454
internet:1.0
nh:1.0
take:1.0
big:1.0
man:1.0
cri:1.0
