luriem:1.0
alleg:1.0
edu:2.6094379124341005
michael:1.0
luri:1.0
liber:1.0
subject:1.0
jewish:2.09861228866811
basebal:1.0
player:1.0
organ:1.0
allegheni:1.0
colleg:1.0
articl:1.6931471805599454
1qkkodinn5f5:1.0
jhunix:1.6931471805599454
hcf:1.6931471805599454
jhu:1.6931471805599454
pablo:1.6931471805599454
iglesia:1.0
write:1.6931471805599454
15apr93:1.0
14691229:1.0
0062:1.0
lafibm:1.6931471805599454
lafayett:1.6931471805599454
vb30:1.6931471805599454
hank:1.0
greenberg:1.0
would:1.0
famou:1.0
faith:1.0
actual:1.0
affect:1.0
play:1.0
miss:1.6931471805599454
late:1.0
season:1.0
world:1.6931471805599454
seri:1.6931471805599454
game:1.6931471805599454
yom:1.0
kippur:1.0
kofax:1.0
day:1.0
repent:1.0
