luriem:1.0
alleg:1.0
edu:2.09861228866811
michael:1.0
luri:1.0
liber:1.0
subject:1.0
pleasant:1.0
yanke:1.0
surpris:1.0
organ:1.0
allegheni:1.0
colleg:1.0
line:1.0
9:1.0
articl:1.0
120399:1.0
netnew:1.0
upenn:1.6931471805599454
sepinw:1.0
mail:1.0
sa:1.0
alan:1.0
sepinwal:1.0
write:1.0
farr:1.0
era:1.0
20:1.0
30:1.0
howe:1.6931471805599454
infinit:1.0
think:1.0
thing:1.0
possibl:1.0
actual:1.0
accord:1.0
usa:1.0
today:1.0
1:1.0
inning:1.0
atttribut:1.0
mayb:1.0
incorrect:1.0
excel:1.0
report:1.0
