subject:1.6931471805599454
jewish:1.0
basebal:1.0
player:1.0
rbd:1.0
flash:1.6931471805599454
ece:2.09861228866811
uc:2.09861228866811
edu:2.09861228866811
bobbi:1.0
davi:1.6931471805599454
organ:1.0
univers:1.0
cincinnati:1.0
nntp:1.0
post:1.0
host:1.0
line:1.0
5:1.0
hank:1.0
greenberg:1.0
probabl:1.0
greatest:1.0
ever:1.0
also:1.0
lot:1.0
heckl:1.0
bigot:1.0
oppos:1.0
team:1.0
stand:1.0
never:1.0
seem:1.0
affect:1.0
perform:1.0
neg:1.0
bob:1.0
trbd:1.0
thor:1.0
