cs1442aq:1.6931471805599454
news:1.0
uta:1.0
edu:1.0
subject:1.0
ryam:1.0
2:1.6931471805599454
5:1.6931471805599454
week:1.6931471805599454
organ:1.0
univers:1.0
texa:1.0
arlington:1.0
line:1.0
4:1.0
nolan:1.0
ryan:1.0
torn:1.0
cartlidg:1.0
inhi:1.0
right:1.0
knee:1.0
surgeri:1.0
expect:1.0
miss:1.0
