jbragg:1.6931471805599454
morgan:1.6931471805599454
uc:1.6931471805599454
mun:1.6931471805599454
ca:1.6931471805599454
jame:1.0
bragg:1.6931471805599454
subject:1.0
nl:1.0
stat:1.6931471805599454
organ:1.0
memori:1.0
univers:1.0
newfoundland:1.0
line:1.0
9:1.0
doug:1.0
great:1.0
help:1.0
immens:1.0
tri:1.0
e:2.09861228866811
mail:2.386294361119891
comment:1.0
server:1.0
recogn:1.0
address:1.0
could:1.0
info:1.0
get:1.0
thank:1.0
jim:1.0
