reev:2.386294361119891
steam:2.09861228866811
xylog:2.386294361119891
com:2.09861228866811
scott:1.6931471805599454
subject:1.0
yanke:1.0
fear:1.0
nntp:1.0
post:1.0
host:1.0
repli:1.0
organ:1.0
inc:1.0
burlington:1.0
usa:1.0
01810:1.0
line:1.0
1:1.0
rawley:1.0
eastwick:1.0
