frankkim:1.0
catfish:1.0
lc:1.0
mit:1.6931471805599454
edu:1.0
frank:1.0
kim:1.6931471805599454
subject:1.0
erickson:1.6931471805599454
keith:1.6931471805599454
miller:1.6931471805599454
organ:1.0
laboratori:1.0
comput:1.0
scienc:1.0
line:1.0
12:1.0
hi:1.0
wonder:1.0
anyon:1.0
knew:1.0
expect:1.0
come:1.0
back:1.0
exactli:1.0
ail:1.0
sincer:1.0
tfrank:1.0
