fester:1.6931471805599454
island:1.0
com:1.0
mike:1.6931471805599454
subject:1.0
note:1.0
jay:1.0
v:1.0
indian:1.0
seri:1.0
organ:1.6931471805599454
usr:1.0
local:1.0
rn:1.0
distribut:1.0
na:1.0
line:1.6931471805599454
41:1.0
articl:1.0
1993apr14:1.0
081214:1.0
3921:1.0
csd:1.0
newshost:1.0
stanford:1.6931471805599454
edu:1.6931471805599454
nlu:1.0
xenon:1.0
nelson:1.0
lu:1.0
write:1.0
second:1.0
basemen:1.0
histori:1.0
probabl:1.0
even:1.0
good:1.6931471805599454
season:1.0
alomar:2.791759469228055
last:1.0
year:1.0
guess:1.0
tba:1.0
tobp:1.0
tslg:1.0
tab:1.0
th:1.0
t2b:1.0
t3b:1.0
thr:1.0
tbb:1.0
x:2.386294361119891
310:1.0
405:1.0
427:1.0
t571:1.0
t177:1.0
t27:1.0
t8:1.6931471805599454
t87:1.0
312:1.0
354:1.0
455:1.0
t657:1.0
t205:1.0
t32:1.0
t1:1.0
t20:1.0
t35:1.0
walk:1.0
give:1.6931471805599454
away:1.0
obp:2.09861228866811
gener:1.0
somewhat:1.0
valuabl:2.09861228866811
slug:1.6931471805599454
edg:1.6931471805599454
quit:2.386294361119891
bit:1.0
larger:1.0
baerga:2.6094379124341005
sdcn:1.0
28:1.6931471805599454
hit:2.09861228866811
w:1.6931471805599454
5:1.0
doubl:1.0
12:1.6931471805599454
hr:1.0
7:1.0
tripl:1.0
52:1.0
bb:1.0
let:1.0
forget:2.09861228866811
39:1.0
extra:1.0
sb:2.09861228866811
mani:1.0
c:2.9459101490553135
cours:1.0
homer:1.6931471805599454
58:1.0
out:1.6931471805599454
way:1.0
higher:1.6931471805599454
raw:1.0
number:1.0
due:1.0
play:1.0
time:1.0
thu:1.0
cost:1.0
btw:1.0
answer:1.0
question:1.0
49:1.0
9:1.0
10:1.0
2:1.0
minut:1.0
plu:1.0
side:1.0
someth:1.0
el:1.0
consid:1.0
h:2.6094379124341005
r:1.0
split:1.0
500:1.0
363:1.0
slg:1.0
444:1.0
369:1.0
486:1.0
424:1.0
392:1.0
318:1.0
pretti:1.0
clearli:1.0
got:1.0
huge:1.0
boost:1.0
home:1.0
park:1.0
say:1.0
could:1.0
make:1.0
equal:1.0
right:1.0
p:1.0
rate:1.0
actual:1.0
disclaim:1.0
opiini:1.0
damn:1.0
q:2.791759469228055
wq:1.6931471805599454
exit:1.6931471805599454
quitby:1.0
ctrlaltdel:1.0
logout:1.0
save:1.0
zz:1.0
zzzzzz:1.0
vi:1.6931471805599454
man:1.6931471805599454
l:1.0
e:1.6931471805599454
help:2.09861228866811
helpquit:1.0
ctrlshftdel:1.0
hey:1.0
stop:1.0
l1a:1.0
