crosen1:1.0
ua1vm:1.6931471805599454
ua:1.6931471805599454
edu:1.6931471805599454
charl:1.6931471805599454
rosen:1.0
subject:1.0
lot:1.6931471805599454
run:1.0
nntp:1.0
post:1.0
host:1.0
organ:1.0
univers:1.0
alabama:1.0
tuscaloosa:1.0
line:1.0
4:1.0
notic:1.0
year:1.0
high:1.0
score:1.0
game:1.0
least:1.0
nl:1.0
believ:1.0
one:1.0
reason:1.0
expans:1.0
team:1.0
thought:1.0
