snichol:1.6931471805599454
adob:2.09861228866811
com:1.6931471805599454
sherri:1.6931471805599454
nichol:1.6931471805599454
subject:1.0
brave:1.6931471805599454
pitch:2.09861228866811
updatedir:1.0
organ:1.0
system:1.0
incorpor:1.0
line:1.0
21:1.0
articl:1.0
1993apr15:1.0
214032:1.0
1:2.6094379124341005
acad:1.6931471805599454
drake:1.6931471805599454
edu:1.6931471805599454
sbp002:1.0
write:1.0
clear:1.0
certainli:1.0
rather:1.0
team:1.6931471805599454
win:1.0
4:1.6931471805599454
game:2.6094379124341005
2:1.6931471805599454
luck:1.0
go:1.0
play:1.0
much:1.0
bigger:1.0
role:1.0
still:2.09861228866811
need:1.6931471805599454
staff:1.6931471805599454
hold:1.0
oppos:1.0
one:1.0
run:1.6931471805599454
yeah:1.0
point:1.0
offens:1.0
score:1.0
allow:1.0
fine:1.0
half:1.0
