cjkuo:1.0
symantec:1.6931471805599454
com:1.0
jimmi:1.0
kuo:1.0
subject:1.0
cub:1.6931471805599454
expo:1.0
roster:1.0
question:1.0
organ:1.0
peter:1.0
norton:1.0
group:1.0
line:1.0
5:1.0
nntp:1.0
post:1.0
host:1.0
155:1.0
64:1.0
151:1.0
14:1.6931471805599454
alird:1.0
msu:1.0
osc:1.0
montana:1.0
edu:1.0
write:1.0
today:1.0
4:1.0
activ:1.0
p:1.0
mike:1.0
harkey:1.6931471805599454
dl:1.0
move:1.0
make:1.0
room:1.0
shawn:1.0
boski:1.0
