1605112ec400:1.0
sscl:1.6931471805599454
uwo:1.6931471805599454
ca:1.6931471805599454
subject:1.0
jay:1.6931471805599454
game:1.6931471805599454
organ:1.0
social:1.0
scienc:1.0
comput:1.0
laboratori:1.0
keyword:1.0
score:1.0
nntp:1.0
post:1.0
host:1.0
conslt:1.0
line:1.0
6:1.0
anyon:1.0
know:1.0
outcom:1.0
tonight:1.0
home:1.0
run:1.0
win:1.0
pitcher:1.0
teco:1.0
god:1.0
u:1.0
w:1.0
