joel:2.6094379124341005
math:2.09861228866811
toronto:2.6094379124341005
edu:1.6931471805599454
chan:1.6931471805599454
subject:1.0
game:1.6931471805599454
score:1.6931471805599454
report:1.6931471805599454
organ:1.0
depart:1.0
mathemat:1.6931471805599454
univers:1.6931471805599454
line:1.0
12:1.0
curio:1.0
happen:1.0
weekli:1.0
al:1.0
nl:1.0
use:1.0
enjoy:1.0
read:1.0
throughout:1.0
summer:1.0
last:1.0
two:1.0
year:1.0
inquisit:1.0
dept:1.0
blue:1.0
jay:1.0
1992:1.0
world:1.0
seri:1.0
champ:1.0
histori:1.0
ignor:1.0
condemn:1.0
repeat:1.0
comic:1.0
strip:1.0
betti:1.0
