lynch:2.09861228866811
hpcc01:1.0
corp:1.0
hp:1.6931471805599454
com:1.0
howard:1.0
subject:1.0
philli:1.0
sign:1.0
mark:1.6931471805599454
davi:1.6931471805599454
organ:1.0
corpor:1.0
note:1.0
server:1.0
line:1.0
8:1.0
heard:1.0
rumor:1.0
la:1.0
cin:1.0
hou:1.0
sd:1.0
interest:1.0
surpris:1.0
team:1.0
give:1.6931471805599454
someth:1.0
cash:1.0
actual:1.0
get:1.0
mob:1.0
p:1.0
anyon:1.0
el:1.0
draft:1.0
guy:1.6931471805599454
realli:1.0
got:1.0
loud:1.0
cri:1.0
ever:1.0
