organ:1.0
univers:1.0
notr:1.0
dame:1.0
offic:1.0
univ:1.0
comput:1.0
rvesterm:1.0
vma:1.0
cc:1.0
nd:1.0
edu:2.09861228866811
subject:1.0
millitello:2.09861228866811
updat:1.0
distribut:1.0
usa:1.0
1993apr14:1.6931471805599454
175343:1.6931471805599454
3431:1.6931471805599454
alleg:1.6931471805599454
line:1.0
10:1.0
articl:1.0
millit:1.0
yanke:1.0
org:1.0
sam:1.6931471805599454
say:1.0
uhhhh:1.6931471805599454
think:1.0
spell:1.0
name:1.0
correctli:1.0
three:1.0
l:1.0
bob:1.0
vesterman:1.0
