jtchern:1.6931471805599454
ocf:1.6931471805599454
berkeley:2.386294361119891
edu:2.386294361119891
joseph:1.6931471805599454
hernandez:1.6931471805599454
subject:1.0
mlb:2.09861228866811
stand:1.6931471805599454
score:2.09861228866811
fri:1.0
apr:1.0
16th:1.6931471805599454
1993:1.6931471805599454
organ:1.0
jtc:1.0
enterpris:1.0
sport:1.0
divis:1.0
major:1.0
leagu:2.09861228866811
basebal:1.0
dept:1.0
line:1.0
72:1.0
distribut:1.0
world:1.0
nntp:1.0
post:1.0
host:1.0
monsoon:1.0
keyword:1.0
04:4.367295829986475
16:1.0
friday:1.0
april:1.0
includ:1.0
yesterday:1.6931471805599454
game:1.0
nation:2.09861228866811
west:1.6931471805599454
lost:3.70805020110221
pct:1.6931471805599454
gb:1.6931471805599454
last:1.6931471805599454
10:1.6931471805599454
streak:1.6931471805599454
home:1.6931471805599454
road:1.6931471805599454
san:2.386294361119891
francisco:1.6931471805599454
giant:1.6931471805599454
06:2.791759469228055
600:1.0
6:2.6094379124341005
4:4.295836866004329
1:3.9444389791664403
03:4.49650756146648
01:3.995732273553991
houston:1.6931471805599454
astro:1.6931471805599454
05:3.6390573296152584
556:1.6931471805599454
0:3.833213344056216
5:4.091042453358316
00:3.6390573296152584
atlanta:1.6931471805599454
brave:1.6931471805599454
545:1.0
2:3.995732273553991
02:4.80666248977032
colorado:1.6931471805599454
rocki:1.6931471805599454
375:1.0
3:3.6390573296152584
lo:1.6931471805599454
angel:2.6094379124341005
dodger:2.09861228866811
07:2.9459101490553135
300:1.0
7:2.9459101490553135
diego:1.6931471805599454
padr:1.6931471805599454
222:2.386294361119891
cincinnati:1.6931471805599454
red:2.386294361119891
east:1.6931471805599454
philadelphia:1.6931471805599454
philli:1.0
08:1.0
889:1.0
8:1.0
pittsburgh:1.6931471805599454
pirat:1.6931471805599454
778:2.09861228866811
st:1.6931471805599454
loui:1.6931471805599454
cardin:1.6931471805599454
new:2.09861228866811
york:2.386294361119891
met:1.6931471805599454
500:2.791759469228055
chicago:2.09861228866811
cub:1.6931471805599454
444:1.6931471805599454
montreal:1.6931471805599454
expo:1.6931471805599454
florida:1.6931471805599454
marlin:1.6931471805599454
333:1.6931471805599454
american:1.6931471805599454
texa:1.0
ranger:1.6931471805599454
750:1.0
california:1.0
714:1.0
white:1.6931471805599454
sox:2.386294361119891
minnesota:1.0
twin:1.6931471805599454
oakland:1.0
athlet:1.6931471805599454
seattl:1.0
marin:1.6931471805599454
kansa:1.0
citi:1.6931471805599454
royal:1.6931471805599454
boston:1.0
toronto:1.0
blue:1.6931471805599454
jay:1.6931471805599454
625:1.0
yanke:1.6931471805599454
detroit:1.0
tiger:1.6931471805599454
cleveland:1.0
indian:1.6931471805599454
milwauke:1.0
brewer:1.6931471805599454
286:1.0
baltimor:1.0
oriol:1.6931471805599454
idl:3.0794415416798357
team:1.0
list:1.0
alphabet:1.0
order:1.0
tamerican:1.0
t1:2.09861228866811
tseattl:1.0
t2:2.09861228866811
ttoronto:1.0
t3:2.386294361119891
toakland:1.0
t5:2.09861228866811
tdetroit:1.0
tkansa:1.0
t4:2.386294361119891
13:1.6931471805599454
tnew:1.0
tcleveland:1.0
tboston:1.0
tcalifornia:1.0
ppd:1.0
t6:1.0
tmilwauke:1.0
rain:1.0
tbaltimor:1.0
tchicago:1.0
tminnesota:1.0
philliesidl:1.0
ttexa:1.0
ram:1.0
laker:1.0
king:1.0
raider:1.0
jtcent:1.0
soda:1.0
clipper:1.0
