ching:2.09861228866811
fledgl:2.09861228866811
wpi:2.6094379124341005
edu:2.386294361119891
jay:1.0
heming:1.0
subject:1.0
tiger:1.6931471805599454
stadium:1.6931471805599454
gif:1.0
organ:1.0
worcest:1.0
polytechn:1.0
institut:1.0
line:1.0
9:1.0
distribut:1.0
world:1.0
nntp:1.0
post:1.6931471805599454
host:1.0
origin:1.0
hate:1.0
rude:1.0
screw:1.0
seat:1.0
chart:1.0
instead:1.0
logistician:1.0
reign:1.0
suprem:1.0
go:2.6094379124341005
blue:1.0
piston:1.0
lion:1.0
red:1.0
wing:1.0
