awe:1.0
loch:1.6931471805599454
mit:2.09861228866811
edu:1.6931471805599454
ari:1.6931471805599454
epstein:1.6931471805599454
subject:1.0
jewish:1.0
basebal:1.0
player:1.0
organ:1.0
cmpo:1.0
line:1.0
4:1.0
distribut:1.0
world:1.0
nntp:1.0
post:1.0
host:1.0
think:1.0
add:1.0
former:1.0
first:1.0
baseman:1.0
mike:1.0
relat:1.0
list:1.0
