hbrook:1.6931471805599454
uiatma:1.6931471805599454
atmo:1.6931471805599454
uiuc:1.6931471805599454
edu:1.6931471805599454
harold:2.09861228866811
brook:1.6931471805599454
subject:1.0
rbi:3.302585092994046
risp:2.386294361119891
slg:2.09861228866811
organ:1.0
bill:1.6931471805599454
safeti:1.0
cab:1.0
record:1.0
bar:1.0
chickasha:1.0
ok:1.6931471805599454
line:1.0
49:1.0
last:1.0
sever:1.6931471805599454
month:1.0
thread:1.0
relat:1.0
topic:1.0
gotten:1.0
think:1.6931471805599454
well:1.0
predict:2.386294361119891
player:2.386294361119891
use:2.09861228866811
inform:1.0
overal:1.6931471805599454
perform:1.0
number:1.0
runner:1.0
score:1.6931471805599454
posit:1.6931471805599454
bat:1.0
brock2:1.6931471805599454
model:1.6931471805599454
jame:1.0
calcul:1.0
235:1.0
total:1.0
base:1.0
home:2.09861228866811
run:2.386294361119891
complet:1.0
ignor:1.0
context:1.6931471805599454
could:2.6094379124341005
sinc:1.0
unknown:1.0
thought:1.6931471805599454
take:1.0
idea:1.0
start:2.09861228866811
point:1.0
look:1.6931471805599454
good:1.6931471805599454
fit:2.09861228866811
data:2.386294361119891
get:1.6931471805599454
compar:1.0
team:2.09861228866811
elia:1.6931471805599454
pick:1.0
year:2.6094379124341005
afford:1.0
b:1.0
stomach:1.0
increas:1.0
profit:1.0
gave:1.0
1984:1.0
1986:1.0
1988:1.0
1990:1.0
87:1.6931471805599454
add:1.6931471805599454
simpl:1.0
least:1.0
squar:1.0
0:1.6931471805599454
81:1.0
correl:1.0
lh:1.0
rh:1.0
86:1.0
signific:1.0
ridicul:1.0
high:1.0
level:2.09861228866811
feel:1.0
like:1.0
move:1.0
4:1.0
clark:1.6931471805599454
ozzi:1.6931471805599454
smith:2.09861228866811
joe:1.0
carter:1.6931471805599454
mattingli:1.0
hope:1.6931471805599454
quit:1.0
copiou:1.0
free:1.0
time:1.0
badli:1.0
except:1.0
equat:1.0
underpredict:1.0
low:1.0
hr:1.6931471805599454
hitter:1.0
may:1.0
fault:1.0
result:1.0
actual:1.0
84:2.09861228866811
88:2.386294361119891
90:2.386294361119891
400:1.0
402:1.0
6:2.09861228866811
92:1.0
269:1.6931471805599454
matt:1.0
ly:1.0
471:1.0
460:1.0
8:1.0
317:1.0
280:1.0
make:1.6931471805599454
case:1.0
stronger:1.0
simpli:1.0
know:1.0
slug:1.0
mani:1.0
men:1.0
come:1.0
later:1.0
nation:1.0
storm:1.0
laboratori:1.0
norman:1.0
work:1.0
breweri:1.0
drink:1.0
job:1.0
p:1.0
bavasi:1.0
dal:1.0
maxvil:1.0
view:1.0
florida:1.0
win:1.0
nl:1.0
east:1.0
93:1.0
