nittmo:1.0
camelot:1.6931471805599454
bradley:2.09861228866811
edu:1.6931471805599454
christoph:1.0
taylor:1.0
subject:1.0
melido:1.6931471805599454
due:1.0
back:1.6931471805599454
nntp:1.0
post:1.0
host:1.0
organ:1.0
univers:1.0
distribut:1.0
na:1.0
line:1.0
6:1.0
yanke:1.0
plan:1.0
activ:1.0
perez:1.0
15:1.0
day:1.0
dl:1.0
today:1.0
bring:1.0
weekend:1.0
thank:1.0
info:1.0
