edd:1.0
gvlf4:1.6931471805599454
gvl:1.0
unisi:1.6931471805599454
com:1.0
ed:1.6931471805599454
dougherti:1.0
subject:1.0
phill:1.0
v:1.0
pirat:1.6931471805599454
summari:1.0
good:2.09861228866811
basebal:2.09861228866811
keyword:1.0
mlb:1.0
04:1.0
16:1.0
organ:1.0
defens:1.0
system:1.0
great:1.0
valley:1.0
lab:1.0
paoli:1.0
pa:1.0
line:1.0
9:1.0
nntp:1.0
post:1.0
host:1.0
philli:1.0
fan:1.6931471805599454
penna:1.6931471805599454
anxiou:1.0
see:1.0
seri:1.0
anyon:1.0
know:1.0
start:1.6931471805599454
first:1.0
game:1.0
play:1.0
think:1.0
alway:1.0
also:1.0
doc:1.0
