js1:1.0
isi:1.6931471805599454
msstate:1.6931471805599454
edu:1.6931471805599454
jiann:1.0
ming:1.0
su:1.0
subject:1.0
bonilla:1.6931471805599454
nntp:1.0
post:1.0
host:1.0
organ:1.0
mississippi:1.0
state:1.0
univers:1.0
distribut:1.0
usa:1.0
line:1.0
2:1.0
bobbi:1.0
supposedli:1.0
use:1.0
word:1.0
faggot:1.0
got:1.0
mad:1.0
author:1.0
clubhous:1.0
ban:1.0
basebal:1.0
year:1.0
like:1.0
schott:1.0
