boell:2.09861228866811
hpcc01:1.0
corp:1.0
hp:1.6931471805599454
com:1.0
donald:1.0
p:1.0
subject:1.0
best:1.0
homerun:1.0
organ:1.0
corpor:1.0
note:1.0
server:1.0
line:1.0
5:1.0
say:1.0
impress:1.0
hr:1.0
ever:1.0
see:1.0
came:1.0
dave:1.0
kingman:1.0
infam:1.0
moon:1.0
raker:1.0
drive:1.0
