marti:1.6931471805599454
howdi:1.6931471805599454
wustl:1.0
edu:1.0
olevitch:1.0
subject:1.0
jewish:1.0
basebal:1.0
player:1.0
nntp:1.0
post:1.0
host:1.0
organ:1.0
washington:1.0
u:1.0
physic:1.0
dept:1.0
line:1.0
3:1.0
bo:1.0
bilinski:1.0
