steph:2.386294361119891
pegasu:1.0
c:2.6094379124341005
uiuc:2.6094379124341005
edu:2.6094379124341005
dale:2.386294361119891
stephenson:2.386294361119891
subject:1.0
defens:1.6931471805599454
averag:2.6094379124341005
1988:2.386294361119891
1992:1.6931471805599454
third:2.09861228866811
base:1.6931471805599454
organ:1.0
univers:1.0
illinoi:1.0
dept:1.0
comp:1.0
sci:1.0
urbana:1.0
il:1.0
line:2.09861228866811
64:1.0
c5l068:1.0
6v3:1.0
srgenprp:1.6931471805599454
sr:1.6931471805599454
hp:1.6931471805599454
com:1.6931471805599454
craig:1.6931471805599454
stelter:1.0
write:1.6931471805599454
wrote:1.0
c5jjrj:1.0
em3:1.0
compil:1.0
last:2.386294361119891
five:1.0
report:1.6931471805599454
career:1.6931471805599454
da:2.09861228866811
individu:1.0
player:2.791759469228055
stat:1.0
courtesi:1.0
sherri:1.0
nichol:1.0
list:1.0
descend:1.0
order:1.0
comment:1.0
delet:1.0
basemen:1.0
leiu:2.386294361119891
scott:1.0
653:1.6931471805599454
680:1.6931471805599454
0:2.09861228866811
672:1.0
look:2.09861228866811
good:2.386294361119891
bad:1.0
move:1.0
short:1.0
pagliarulo:1.0
mike:1.0
631:1.0
575:1.0
744:1.6931471805599454
649:1.0
interest:1.0
figur:1.0
slightli:1.0
1990:2.09861228866811
pathet:1.0
1991:2.386294361119891
next:1.6931471805599454
best:1.0
year:2.386294361119891
anybodi:1.0
part:1.0
may:2.09861228866811
mobil:1.0
yanke:1.0
padr:1.0
appear:1.0
rotten:1.0
infield:1.6931471805599454
twin:2.09861228866811
judg:1.0
gaetti:2.6094379124341005
metrodom:1.6931471805599454
place:1.0
play:2.386294361119891
gari:1.0
616:1.6931471805599454
638:1.0
655:1.6931471805599454
632:1.6931471805599454
637:1.0
apolog:1.0
know:1.0
talk:1.0
fan:1.0
like:1.6931471805599454
think:1.6931471805599454
park:2.09861228866811
sure:1.0
rememb:1.0
complet:1.0
87:1.0
world:1.0
seri:1.0
88:1.0
note:1.0
lowest:1.0
4:1.0
believ:1.0
3:1.0
least:1.0
two:1.0
angel:1.0
actual:1.6931471805599454
first:1.0
california:1.0
check:1.0
three:2.09861228866811
al:2.09861228866811
avg:2.09861228866811
604:1.0
pag:1.6931471805599454
620:1.0
603:1.0
highest:1.0
either:1.0
leagu:1.0
post:1.0
minnesota:1.0
differ:1.0
one:1.6931471805599454
includ:1.0
mediocr:1.0
horribl:1.6931471805599454
elsewher:1.0
prove:1.6931471805599454
effect:1.6931471805599454
work:1.6931471805599454
san:1.0
diego:1.0
number:1.0
strong:1.0
possibl:1.0
lot:1.0
factor:1.0
make:1.0
excel:1.0
hate:1.0
mani:1.0
use:1.0
dome:1.0
ideal:1.0
nice:1.6931471805599454
comfort:1.0
enjoy:1.0
basebal:1.6931471805599454
footbal:1.0
even:1.6931471805599454
snow:1.0
rain:1.0
might:1.0
thrid:1.0
j:1.6931471805599454
fanat:1.0
consid:1.0
wise:1.0
especi:1.0
overburden:1.0
inform:1.0
golden:1.0
kimbal:1.0
