roger:2.6094379124341005
crux:1.6931471805599454
princeton:2.386294361119891
edu:2.386294361119891
lustig:1.6931471805599454
subject:1.0
dave:2.6094379124341005
kingman:2.386294361119891
hall:3.0794415416798357
fame:2.386294361119891
origin:1.0
news:1.6931471805599454
nimast:1.0
nntp:1.0
post:1.0
host:1.0
repli:1.0
astro:1.0
organ:1.0
univers:1.0
line:1.0
85:1.0
articl:1.0
1993apr15:1.0
093231:1.0
5148:1.0
yale:1.0
steve:1.6931471805599454
tomassi:1.0
write:1.0
hi:1.0
basebal:1.0
fan:1.0
say:1.0
think:1.0
deserv:1.6931471805599454
mean:1.6931471805599454
heck:1.0
winfield:2.09861228866811
ho:1.0
hum:1.0
serious:1.0
consid:1.0
lee:1.0
smith:2.386294361119891
ha:1.0
give:1.6931471805599454
chanc:1.0
darrel:1.6931471805599454
evan:2.09861228866811
yeah:1.6931471805599454
take:1.6931471805599454
eddi:2.09861228866811
murray:2.09861228866811
jeff:1.0
reardon:1.0
um:1.0
superb:1.0
first:1.0
baseman:1.0
long:2.386294361119891
time:2.386294361119891
produc:1.0
consist:1.0
almsot:1.0
20:1.6931471805599454
year:2.386294361119891
excel:1.6931471805599454
sever:1.0
occas:1.0
best:1.0
like:2.386294361119891
darryl:1.0
strawberri:1.0
typic:1.0
met:1.0
whole:1.0
lot:2.09861228866811
hit:1.0
homer:1.0
kong:1.0
well:1.0
case:2.09861228866811
sick:1.6931471805599454
tire:1.0
mostli:1.0
everybodi:1.0
consider:1.0
player:2.386294361119891
today:1.0
standard:1.6931471805599454
margin:2.09861228866811
talk:1.0
ye:1.6931471805599454
38:1.0
old:1.0
honestli:1.0
ozzi:1.0
robin:1.0
yount:2.09861228866811
belong:1.6931471805599454
shortstop:1.6931471805599454
hung:1.6931471805599454
around:1.6931471805599454
big:1.0
deal:1.0
field:1.0
posit:1.0
better:1.6931471805599454
anyon:1.0
el:1.0
ever:1.0
stop:1.6931471805599454
decad:1.6931471805599454
ago:1.0
notic:1.0
one:1.0
two:1.0
mvp:1.0
award:1.0
centerfield:1.0
let:1.0
littl:1.6931471805599454
select:1.0
huh:1.0
hand:1.6931471805599454
honor:1.0
liber:1.0
save:1.0
guy:2.09861228866811
realli:1.6931471805599454
face:1.0
mani:1.0
anywher:1.6931471805599454
near:1.6931471805599454
goo:1.0
run:1.0
someth:1.0
done:1.0
prestig:1.0
anymor:1.0
alreadi:1.0
bad:1.0
30:1.0
recent:1.0
pick:1.0
gener:1.6931471805599454
certain:1.0
individu:1.0
believ:1.0
garvey:1.6931471805599454
jack:1.0
morri:2.09861228866811
potenti:1.0
candid:1.0
absurd:1.0
appar:1.0
gee:1.0
even:1.0
compar:1.0
futur:1.0
famer:1.0
kirbi:1.0
puckett:1.0
nolan:1.0
ryan:1.6931471805599454
care:1.0
stan:1.0
musial:1.0
good:1.6931471805599454
babe:1.0
ruth:1.0
obvious:1.0
top:2.09861228866811
1:2.09861228866811
major:1.0
leaguer:1.0
come:1.0
game:1.0
pretti:1.0
easi:1.0
argu:1.0
etc:1.0
liabil:1.0
throughout:1.0
career:1.0
cours:1.0
gotten:1.0
hof:1.0
press:1.0
know:1.0
w:1.0
l:1.0
voter:1.0
tend:1.0
look:1.0
aw:1.0
lead:1.0
mlb:1.0
histori:1.0
walk:1.0
allow:1.0
either:1.0
