sepinw:1.0
mail:1.6931471805599454
sa:1.6931471805599454
upenn:1.6931471805599454
edu:1.6931471805599454
alan:1.6931471805599454
sepinwal:1.0
subject:1.0
yanke:1.0
bullpen:2.6094379124341005
help:1.0
organ:1.0
univers:1.0
pennsylvania:1.0
school:1.0
art:1.0
scienc:1.0
line:1.0
26:1.0
nntp:1.0
post:1.0
host:1.0
buck:2.6094379124341005
showalt:1.0
win:1.6931471805599454
bob:1.0
wickman:2.386294361119891
pitch:2.09861228866811
game:2.386294361119891
life:1.6931471805599454
eight:1.6931471805599454
inning:1.6931471805599454
yank:1.6931471805599454
lead:2.09861228866811
6:2.09861228866811
1:1.0
decid:1.0
let:1.0
kid:1.0
tri:1.0
get:2.6094379124341005
first:1.6931471805599454
complet:1.0
manag:1.0
two:1.6931471805599454
out:1.0
four:1.0
fun:1.0
score:1.0
sudden:1.6931471805599454
5:1.6931471805599454
third:1.6931471805599454
goe:1.0
farr:2.09861228866811
guy:1.6931471805599454
face:1.0
last:1.0
night:1.0
jimmi:1.0
key:1.0
anoth:1.0
long:1.0
string:1.0
keep:1.0
better:1.0
4:1.0
0:1.0
time:1.6931471805599454
think:1.6931471805599454
want:1.0
repeat:1.0
near:1.0
fiasco:1.0
give:1.6931471805599454
work:1.0
steve:1.0
howe:1.6931471805599454
whose:1.0
era:1.0
54:1.0
00:1.6931471805599454
come:1.6931471805599454
left:1.0
81:1.0
good:1.0
run:1.0
homer:1.0
royal:1.0
go:1.0
alreadi:1.0
fourth:1.0
year:1.0
blown:1.0
done:1.6931471805599454
twice:1.0
togeth:1.0
monteleon:1.0
even:1.0
habyan:1.0
deal:1.0
final:1.0
terrif:1.0
start:1.0
turn:1.0
shit:1.0
gon:1.6931471805599454
na:1.6931471805599454
georg:1.0
continu:1.0
happen:1.0
