chuck:1.6931471805599454
cygnu:1.6931471805599454
eid:1.6931471805599454
anl:1.6931471805599454
gov:1.6931471805599454
charl:1.0
cilek:1.0
subject:1.6931471805599454
slug:1.0
percentag:1.0
comput:1.0
organ:1.0
utexa:1.6931471805599454
mail:1.0
news:1.0
gateway:1.0
line:1.6931471805599454
3:1.0
nntp:1.0
post:1.0
host:1.0
c:1.0
edu:1.0
say:1.0
thank:1.0
advanc:1.0
plea:1.0
email:1.0
go:1.0
cub:1.0
