as16:2.09861228866811
quad:1.0
uchicago:2.09861228866811
edu:2.386294361119891
adam:1.6931471805599454
shah:1.0
subject:1.0
melido:1.6931471805599454
due:1.0
back:1.6931471805599454
repli:1.0
midway:1.6931471805599454
organ:1.0
univers:1.0
chicago:2.09861228866811
distribut:1.0
na:1.0
line:1.0
18:1.0
articl:1.0
nittmo:1.6931471805599454
734981173:1.0
camelot:1.6931471805599454
bradley:1.0
christoph:1.0
taylor:1.0
write:1.0
yanke:1.6931471805599454
plan:1.0
activ:1.0
perez:1.6931471805599454
15:1.0
day:1.0
dl:1.0
today:1.6931471805599454
bring:1.0
weekend:1.0
thank:1.0
info:1.0
tribun:1.0
pitch:1.6931471805599454
form:1.0
4:1.0
16:1.0
given:1.0
way:1.0
buck:1.0
chang:1.0
rotat:1.0
often:1.0
could:1.0
work:1.0
confus:1.0
stat:1.0
page:1.0
editor:1.0
aka:1.0
mercutio:1.0
obligatori:1.0
go:1.0
basebal:1.0
season:1.0
5338:1.0
woodlawn:1.0
ave:1.0
apt:1.0
2:1.0
il:1.0
60615:1.0
312:1.0
667:1.0
3586:1.0
