fierkelab:1.0
bchm:1.0
biochem:1.6931471805599454
duke:1.6931471805599454
edu:2.386294361119891
eric:1.6931471805599454
roush:1.6931471805599454
subject:1.0
player:1.0
rush:2.09861228866811
major:1.0
organ:1.0
biochemistri:1.0
line:1.0
35:1.0
nntp:1.0
post:1.0
host:1.0
bruchner:1.0
articl:2.09861228866811
93122:1.0
hydra:1.0
gatech:1.6931471805599454
re4:1.0
prism:1.0
russel:1.0
earnest:1.0
write:2.09861228866811
1993apr15:1.0
145753:1.0
21557:1.0
holos0:1.6931471805599454
uucp:1.6931471805599454
lbr:1.0
len:1.6931471805599454
reed:1.0
c5hq3o:1.0
g4p:1.0
tss:1.6931471805599454
com:1.6931471805599454
hanson:1.6931471805599454
loo:1.6931471805599454
bob:1.0
horner:2.09861228866811
go:1.0
straight:1.0
arizona:1.6931471805599454
state:1.0
univ:1.0
atlanta:1.6931471805599454
brave:2.09861228866811
rememb:1.6931471805599454
one:2.09861228866811
great:1.0
month:1.6931471805599454
hit:1.0
dinger:1.0
next:1.0
heard:1.0
japan:1.0
well:1.0
short:1.0
career:1.0
compar:1.0
might:1.6931471805599454
expect:1.0
highli:1.0
tout:1.0
prospect:1.0
due:1.0
injuri:1.6931471805599454
prone:1.6931471805599454
overweight:1.6931471805599454
work:2.09861228866811
ethic:2.09861228866811
certainli:1.0
suffer:1.6931471805599454
big:1.6931471805599454
sorri:1.0
exactli:1.0
lead:1.6931471805599454
noth:1.0
correct:1.0
richmond:1.6931471805599454
intend:1.0
smiley:1.0
comment:1.0
correctli:1.0
alway:1.0
doubt:1.0
sign:1.6931471805599454
conting:1.0
start:1.6931471805599454
think:1.0
could:1.0
gone:1.0
back:1.0
st:1.0
year:1.0
anyhow:1.0
tri:1.0
send:1.0
week:1.0
long:1.0
walkout:1.0
methink:1.0
draft:1.0
minor:1.0
leagu:1.0
play:1.0
help:1.0
raw:1.0
talent:1.0
would:1.0
gotten:1.0
ml:1.0
keep:1.0
fall:1.0
wrist:1.0
lazi:1.0
updat:1.0
sig:1.0
