ind25:1.0
blurt:1.0
oswego:2.09861228866811
edu:1.0
subject:1.0
jewish:1.6931471805599454
basebal:1.0
player:1.6931471805599454
organ:1.0
suni:1.0
colleg:1.0
ny:1.0
line:1.0
3:2.09861228866811
believ:1.0
rusti:1.0
staub:1.0
also:1.6931471805599454
ball:1.0
mordaci:1.0
brown:1.6931471805599454
back:1.0
earli:1.0
20th:1.0
centuri:1.0
pitcher:1.0
whose:1.0
nicknam:1.0
finger:1.6931471805599454
obviou:1.0
reason:1.0
