rickert:2.791759469228055
nextwork:2.386294361119891
rose:2.6094379124341005
hulman:2.6094379124341005
edu:2.9459101490553135
john:2.09861228866811
h:1.6931471805599454
subject:1.0
got:1.6931471805599454
ta:1.0
question:1.0
organ:1.0
comput:1.0
scienc:1.0
depart:1.0
line:1.0
24:1.0
distribut:1.0
usa:1.0
repli:1.0
nntp:1.0
post:1.0
host:1.0
g215a:1.0
1:1.0
articl:1.6931471805599454
47844:1.0
sdcc12:1.0
ucsd:1.6931471805599454
demer:1.6931471805599454
c:1.0
david:1.0
write:2.09861228866811
cjkuo:1.6931471805599454
68:1.0
0:1.0
symantec:1.6931471805599454
com:1.6931471805599454
jimmi:1.0
kuo:1.0
gt0523e:1.0
prism:1.0
gatech:1.0
michael:1.0
andr:1.0
mule:1.0
maximum:1.0
run:2.09861228866811
allow:1.6931471805599454
stopper:1.6931471805599454
get:2.09861228866811
credit:1.0
relief:1.0
e:1.0
come:1.6931471805599454
5:1.6931471805599454
lead:1.6931471805599454
getcredit:1.0
save:2.6094379124341005
pitch:2.386294361119891
last:1.0
three:1.0
inning:2.09861228866811
team:2.09861228866811
ahead:1.0
win:1.0
game:2.6094379124341005
sort:1.0
correct:1.0
least:1.0
3:1.6931471805599454
enter:1.0
pitcher:1.6931471805599454
end:1.0
never:1.0
tie:1.0
stint:1.0
well:1.0
rulebook:1.0
say:1.0
opinion:1.0
scorer:1.6931471805599454
must:1.0
effect:1.0
automat:1.0
unlik:1.0
other:1.0
someon:1.0
sabr:1.0
actual:1.0
look:1.0
year:1.0
ago:1.0
found:1.0
offici:1.0
award:1.0
everi:1.0
one:1.0
even:1.0
badli:1.0
4:1.0
see:1.0
hear:1.0
two:1.0
sen:1.0
worth:1.0
