gidi:2.09861228866811
hilbert:1.0
stanford:1.0
edu:1.0
avrahami:1.0
subject:1.0
jewish:1.6931471805599454
basebal:1.0
player:1.0
organ:1.0
brotherhood:1.0
breath:1.0
line:1.0
8:1.0
thought:1.0
walt:1.0
wei:1.0
seem:1.0
recal:1.0
mention:1.0
still:1.0
oakland:1.0
also:1.0
suspicion:1.0
esther:1.0
canseco:1.0
nee:1.0
haddad:1.0
