napoli:1.0
strobe:1.0
atc:2.09861228866811
olivetti:2.09861228866811
com:1.6931471805599454
gaetano:1.0
napolitano:1.6931471805599454
subject:1.6931471805599454
era:1.6931471805599454
formula:1.6931471805599454
distribut:1.0
ca:1.6931471805599454
organ:1.0
cupertino:1.0
usa:1.0
line:1.0
17:1.0
hello:1.0
tell:1.0
tri:1.0
find:1.0
calcul:1.0
pitcher:1.0
basebal:1.0
fan:1.0
plea:1.0
e:1.0
mail:1.0
tnapoli:1.0
tthank:1.0
much:1.0
tgaetano:1.0
