mpye:1.6931471805599454
vmsb:1.6931471805599454
csupomona:2.09861228866811
edu:2.09861228866811
subject:1.0
medium:1.0
horrifi:1.0
perot:2.09861228866811
investig:2.09861228866811
bush:1.0
visser:2.386294361119891
709454466:1.0
convex:2.6094379124341005
com:2.09861228866811
1992jun25:1.0
151502:1.0
1:1.0
709530365:1.0
organ:1.0
california:1.0
state:2.09861228866811
polytechn:1.0
univers:1.0
pomona:1.0
line:1.0
29:1.0
nntp:1.6931471805599454
post:2.09861228866811
host:1.0
acvax1:1.0
user:1.0
cvads008:1.0
lanc:1.0
write:1.0
find:1.0
sourc:2.09861228866811
retract:1.6931471805599454
claim:2.09861228866811
go:2.09861228866811
dig:1.6931471805599454
one:1.6931471805599454
librari:1.0
fair:1.0
enough:1.6931471805599454
tare:1.0
seriou:1.6931471805599454
talk:1.6931471805599454
anyth:1.0
produc:1.6931471805599454
someth:1.0
tif:1.0
top:1.0
head:1.0
would:1.0
assum:1.0
memori:1.0
tput:1.0
without:1.0
condit:1.0
ye:1.0
substanti:1.0
statement:1.0
rudman:1.0
say:1.0
believ:1.0
error:1.0
point:1.0
provid:1.0
give:1.0
reason:1.0
troubl:1.0
agre:1.0
simpl:1.0
know:1.0
time:1.0
wast:1.0
blow:1.0
tripe:1.0
usual:1.0
michael:1.0
pye:1.0
email:1.0
