hagenjd:1.0
wfu:1.6931471805599454
edu:1.6931471805599454
jeff:1.0
hagen:1.0
subject:1.0
top:1.0
ten:1.0
reason:1.0
aid:1.0
russian:1.0
organ:1.0
wake:1.0
forest:1.0
univers:1.0
line:1.0
4:1.0
nntp:1.0
post:1.0
host:1.0
ac:1.0
wfunet:1.0
tricki:1.0
dick:1.0
issu:1.0
stern:1.0
warn:1.0
bush:1.0
clinton:1.0
lose:1.0
russia:1.0
la:1.0
lost:1.0
china:1.0
