tz:1.0
stein2:1.6931471805599454
u:2.09861228866811
washington:2.09861228866811
edu:1.6931471805599454
tim:1.6931471805599454
smith:1.6931471805599454
subject:1.0
tax:2.09861228866811
evas:1.0
consid:1.0
unpatriot:1.0
organ:1.0
univers:1.0
school:1.0
law:1.0
class:1.0
95:1.0
line:1.0
7:1.0
nntp:1.0
post:1.0
host:1.0
ipser:1.6931471805599454
solomon:1.0
technet:1.0
sg:1.0
ed:1.0
write:1.0
deeper:1.0
reason:1.0
natur:1.0
un:1.0
american:1.0
one:1.0
need:1.0
look:1.0
birth:1.0
histori:1.0
see:1.0
fact:1.0
13:1.0
newli:1.0
independ:1.0
state:1.0
system:1.0
