jmann:2.09861228866811
vineland:2.09861228866811
pub:2.386294361119891
stratu:2.791759469228055
com:2.6094379124341005
jim:1.6931471805599454
mann:1.6931471805599454
subject:1.0
celebr:1.0
liberti:1.0
1993:1.0
organ:1.0
comput:1.6931471805599454
inc:1.0
marlboro:1.0
line:1.0
12:1.0
repli:1.0
nntp:1.0
post:1.6931471805599454
host:1.0
gondolin:1.0
articl:1.0
1993apr5:1.0
201051:1.0
15818:1.0
dsd:1.0
e:1.0
bob:1.6931471805599454
waldrop:1.6931471805599454
f418:1.0
n104:1.0
z1:1.0
fidonet:1.0
org:1.0
write:1.0
sf:2.09861228866811
plea:1.0
answer:1.0
number:1.6931471805599454
libertarian:1.0
fan:2.09861228866811
vice:1.0
versa:1.0
know:1.0
also:1.0
basebal:1.0
plan:1.0
red:1.0
sox:1.0
schedul:1.0
