nickn:1.0
eskimo:2.386294361119891
com:2.09861228866811
nick:1.6931471805599454
nussbaum:1.6931471805599454
subject:1.0
debat:1.6931471805599454
special:1.0
hate:1.0
crime:1.6931471805599454
law:3.302585092994046
mani:1.0
homosexu:1.6931471805599454
organ:1.0
north:1.0
206:1.0
367:1.0
3837:1.0
line:1.0
68:1.0
articl:1.0
1pmrakinnpun:1.0
senat:1.0
bedfellow:1.0
mit:2.09861228866811
edu:2.09861228866811
wdstarr:1.6931471805599454
athena:1.6931471805599454
william:1.6931471805599454
decemb:1.6931471805599454
starr:1.6931471805599454
write:1.0
someon:1.0
beat:1.6931471805599454
get:1.6931471805599454
charg:2.6094379124341005
assault:1.6931471805599454
batteri:1.0
must:1.0
add:1.0
gay:2.6094379124341005
bash:2.386294361119891
list:1.0
sort:1.0
doubl:2.386294361119891
jeopardi:2.386294361119891
fascist:1.0
dougla:1.6931471805599454
meier:1.6931471805599454
assum:1.0
question:1.6931471805599454
rhetor:1.0
answer:1.0
deter:1.6931471805599454
epidem:1.0
singl:1.6931471805599454
act:2.09861228866811
may:2.09861228866811
lead:2.386294361119891
multipl:2.09861228866811
ye:1.6931471805599454
let:1.0
leav:1.0
asid:1.0
person:1.6931471805599454
insult:1.0
potenti:1.0
doug:1.0
creat:1.0
ask:1.0
last:1.6931471805599454
concentr:1.0
legal:1.0
polit:1.0
point:1.0
first:1.0
independ:1.0
howev:1.0
side:1.0
note:1.6931471805599454
think:1.6931471805599454
prohibit:1.0
mandat:1.6931471805599454
suspect:1.0
tri:1.6931471805599454
time:1.6931471805599454
trial:1.0
unless:1.0
cours:1.0
govern:1.0
pull:1.0
separ:1.0
sovereignti:1.0
crock:1.0
use:1.0
four:1.0
lapd:1.0
cop:1.0
arrest:1.0
rodney:1.0
king:1.0
e:1.0
alreadi:1.0
acquit:1.0
state:2.386294361119891
court:2.09861228866811
feder:1.6931471805599454
aris:1.0
appar:1.0
agre:1.6931471805599454
pas:1.0
protect:2.6094379124341005
class:1.6931471805599454
peopl:2.6094379124341005
justic:1.0
specif:1.0
civil:1.0
right:1.6931471805599454
worker:1.0
missisippi:1.0
60:1.0
individu:1.0
supersed:1.0
non:1.0
feasanc:1.0
someth:1.0
similar:1.0
long:1.0
tradit:1.0
well:2.09861228866811
queer:1.0
pay:1.0
money:1.6931471805599454
take:1.0
pick:1.0
lean:1.0
strongli:1.0
toward:2.09861228866811
argument:1.0
know:1.0
treat:1.6931471805599454
everyon:1.0
equal:3.302585092994046
regardless:1.6931471805599454
realiti:1.0
true:2.09861228866811
fact:2.09861228866811
greater:1.0
inequ:1.6931471805599454
nonetheless:1.0
believ:1.0
least:1.0
possibl:1.0
definit:1.0
imposs:1.0
unequ:1.0
treatment:1.0
anatol:1.0
franc:1.0
said:1.0
imparti:1.6931471805599454
majesti:1.6931471805599454
forbid:1.0
rich:1.0
poor:1.0
sleep:1.0
bridg:1.0
constru:1.0
number:1.0
way:1.0
exampl:1.0
properti:1.6931471805599454
theft:1.0
valu:1.0
punish:1.0
lot:1.0
stolen:1.0
could:1.0
easili:1.0
defin:1.0
regard:1.0
term:1.0
signific:1.0
owner:1.0
would:1.6931471805599454
form:1.0
skew:1.0
poorer:1.0
anti:1.0
construct:1.0
offer:1.0
make:1.0
offens:1.0
damag:1.0
base:1.0
motiv:1.0
hatr:1.0
sexual:1.0
orient:1.0
thu:1.0
het:1.0
sure:1.0
great:1.0
relief:1.0
tnickn:1.0
tpo:1.0
4738:1.0
seattl:1.0
wa:1.0
98104:1.0
