clinton:2.09861228866811
hq:1.0
campaign92:1.0
org:1.0
gore:1.0
92:1.0
subject:1.0
presid:2.9459101490553135
remark:1.6931471805599454
trip:1.0
baltimor:1.6931471805599454
4:1.0
5:1.6931471805599454
93:1.0
organ:1.0
project:1.0
gnu:1.0
free:1.0
softwar:1.0
foundat:1.0
675:1.0
mass:1.0
ave:1.0
cambridg:1.0
02139:1.0
usa:1.0
1:1.0
617:1.0
876:1.0
3296:1.0
line:1.0
74:1.0
nntp:1.0
post:1.0
host:1.0
life:1.0
ai:1.0
mit:1.0
edu:1.0
white:1.0
hous:1.6931471805599454
offic:1.0
press:1.6931471805599454
secretari:1.0
immedi:1.0
releas:1.0
april:1.0
1993:1.0
en:1.6931471805599454
rout:1.6931471805599454
camden:1.6931471805599454
yard:1.6931471805599454
oriol:1.0
open:1.0
day:1.6931471805599454
game:1.6931471805599454
marc:1.0
train:1.0
11:1.0
45:1.0
edt:1.6931471805599454
q:2.09861228866811
mr:1.6931471805599454
think:3.833213344056216
jess:1.0
jackson:1.6931471805599454
protest:1.6931471805599454
today:1.6931471805599454
inform:1.6931471805599454
fine:1.6931471805599454
owner:1.0
put:1.0
statement:1.0
ago:1.0
say:1.0
first:1.6931471805599454
step:1.6931471805599454
know:2.09861228866811
effort:1.0
increas:1.6931471805599454
minor:2.386294361119891
ownership:1.0
manag:1.0
encourag:1.0
baylor:1.0
appoint:1.0
colorado:1.0
time:1.6931471805599454
make:1.0
move:1.6931471805599454
front:1.0
legitim:1.0
issu:2.09861228866811
like:2.791759469228055
said:1.6931471805599454
picket:1.0
attempt:1.0
get:1.6931471805599454
peopl:2.09861228866811
go:1.6931471805599454
good:1.6931471805599454
fast:1.0
enough:1.0
well:1.6931471805599454
see:1.0
movement:1.0
deserv:1.0
attent:1.0
obvious:1.0
give:1.0
reverend:1.0
highlight:1.0
logjam:1.0
senat:2.386294361119891
econom:1.6931471805599454
stimulu:1.6931471805599454
plan:1.0
abl:1.0
break:1.0
clotur:1.0
work:1.6931471805599454
mean:2.386294361119891
classic:1.0
articl:1.0
paper:1.6931471805599454
one:1.6931471805599454
saw:1.0
pretti:1.0
sum:1.0
polit:2.09861228866811
power:1.0
play:1.0
major:1.6931471805599454
rule:1.6931471805599454
countri:1.0
choos:1.0
stop:1.0
lot:1.0
republican:1.6931471805599454
told:1.0
might:1.0
vote:1.0
program:2.09861228866811
enorm:1.0
partisan:1.0
pressur:1.0
cours:1.0
new:1.0
job:2.09861228866811
creat:1.6931471805599454
even:1.0
though:1.0
seem:1.0
recoveri:1.0
purpos:1.0
will:1.0
deni:1.0
place:1.0
dalla:1.0
houston:1.0
pittsburgh:1.0
philadelphia:1.0
portland:1.0
seattl:1.0
sad:1.6931471805599454
block:1.0
grant:1.0
design:1.0
hurri:1.0
base:1.0
local:1.0
prioriti:1.0
alway:1.0
champion:1.6931471805599454
democrat:1.0
grassroot:1.0
level:1.0
governor:1.0
real:1.0
chosen:1.0
exert:1.0
muscl:1.0
way:1.0
keep:1.0
american:1.0
mistak:1.0
thank:1.0
end11:1.0
50:1.0
