edo2877:1.0
uc:1.0
usl:1.0
edu:1.0
ott:1.0
edward:1.0
subject:1.0
e:1.6931471805599454
mail:1.6931471805599454
organ:1.0
univ:1.0
southwestern:1.0
la:1.0
lafayett:1.0
distribut:1.0
usa:1.0
line:1.0
7:1.0
anyon:1.0
address:1.0
white:1.0
hous:1.0
plea:1.0
send:1.0
thank:1.0
lot:1.0
