cramer:2.386294361119891
optilink:2.386294361119891
com:2.386294361119891
clayton:1.6931471805599454
subject:1.0
lincoln:1.0
slaveri:1.0
top:1.0
ten:1.0
trick:1.0
articl:2.386294361119891
15232:1.0
organ:1.0
corpor:1.0
petaluma:1.0
ca:1.0
line:1.0
37:1.0
1993apr4:1.0
005634:1.0
24695:1.0
isc:2.386294361119891
br:2.386294361119891
steveh:1.6931471805599454
thor:1.6931471805599454
steve:1.6931471805599454
hendrick:1.6931471805599454
write:2.386294361119891
1993apr3:1.0
002339:1.0
22888:1.0
rigel:1.6931471805599454
econ:1.6931471805599454
uga:1.6931471805599454
edu:2.386294361119891
depken:1.6931471805599454
craig:1.6931471805599454
1993apr2:1.0
154232:1.0
29527:1.0
princeton:1.6931471805599454
glhewitt:1.0
phoenix:1.0
gari:1.0
livingston:1.0
hewitt:1.0
labor:2.791759469228055
tough:1.6931471805599454
one:1.0
defin:2.386294361119891
econom:1.6931471805599454
effort:1.0
mental:1.0
physic:1.0
human:2.791759469228055
capit:1.6931471805599454
intermedi:1.6931471805599454
good:2.386294361119891
use:1.6931471805599454
creat:1.0
servic:1.0
slave:3.5649493574615367
consid:1.6931471805599454
dehuman:1.0
simpli:1.0
machin:1.0
anti:1.0
e:1.6931471805599454
pro:1.0
right:2.09861228866811
argument:1.0
produc:1.0
sorri:1.0
question:1.0
er:1.0
hors:1.6931471805599454
ox:1.0
livestock:1.6931471805599454
legal:1.0
economi:1.0
provid:1.0
evid:1.0
state:2.09861228866811
regard:1.0
outsid:1.0
societi:1.0
similar:1.0
phrase:1.0
basic:1.0
meant:1.0
recogn:1.0
free:1.0
person:1.0
never:1.0
knowledg:1.0
like:1.0
pull:1.0
plow:1.0
return:1.0
requir:1.0
purchas:1.0
feed:1.0
parallel:1.0
obviou:1.0
sure:1.0
miss:1.0
liberti:1.0
properti:1.6931471805599454
saw:1.0
fit:1.0
motiv:1.0
southern:1.0
planter:1.0
emphas:1.0
import:1.0
case:1.0
would:1.0
pas:1.0
mani:1.0
law:2.09861228866811
restrict:1.0
freedom:1.0
owner:1.0
wish:1.0
exampl:1.0
prohibit:1.6931471805599454
manumiss:1.0
without:1.0
legisl:1.0
grant:1.0
teach:1.0
read:1.0
domain:1.0
uunet:1.0
pyramid:1.0
opinion:1.0
mine:1.0
relat:1.0
peopl:1.0
mutual:1.0
consent:1.0
