schwarz:2.386294361119891
starbase1:1.6931471805599454
caltech:2.386294361119891
edu:2.09861228866811
erich:1.6931471805599454
subject:1.0
top:1.6931471805599454
ten:1.6931471805599454
reason:1.6931471805599454
hillari:1.6931471805599454
chealsea:1.6931471805599454
like:1.6931471805599454
men:1.6931471805599454
uniform:1.6931471805599454
organ:1.0
div:1.0
biolog:1.0
line:1.0
20:1.0
distribut:1.0
world:1.0
nntp:1.0
post:1.0
host:1.0
ani:1.0
bio:1.0
articl:1.0
c4vxvk:1.0
bxr:1.0
newsserv:1.0
technet:1.6931471805599454
sg:1.6931471805599454
ipser:2.09861228866811
solomon:1.0
ed:1.6931471805599454
wrote:1.0
6:1.0
keep:1.0
salut:1.0
stuff:1.0
embarass:1.6931471805599454
copyright:1.0
c:1.0
edward:1.0
jr:1.0
1993:1.0
ridicul:1.0
intellig:1.0
peopl:1.0
learn:1.0
spell:1.0
typograph:1.0
error:1.0
inde:1.0
u:1.0
read:1.0
alt:1.0
polit:1.0
libertarian:1.0
allegedli:1.0
superior:1.0
idea:1.0
write:1.0
