andersom:1.6931471805599454
spot:2.09861228866811
colorado:2.386294361119891
edu:3.0794415416798357
marc:1.6931471805599454
anderson:1.0
subject:1.0
respons:2.09861228866811
nntp:1.0
post:2.09861228866811
host:1.0
organ:1.0
univers:1.6931471805599454
boulder:1.0
line:1.0
113:1.0
fuck:1.6931471805599454
news:1.0
reader:1.0
think:2.386294361119891
got:1.6931471805599454
ignor:1.0
time:1.6931471805599454
korey:1.6931471805599454
begin:1.0
articl:2.386294361119891
1plorlinnslt:1.0
matt:2.09861228866811
ksu:2.791759469228055
kkruse:2.386294361119891
j:1.0
kruse:1.0
write:1.6931471805599454
lamontg:1.0
u:1.0
washington:1.0
well:1.0
quick:1.0
medlin:1.0
scan:1.0
came:1.6931471805599454
follow:1.0
tashkin:1.6931471805599454
review:1.6931471805599454
literatur:1.0
probabl:1.0
start:1.0
document:1.0
13:1.0
90273700:1.0
9007a:1.0
au:1.0
p:1.0
depart:1.0
medicin:1.6931471805599454
california:1.0
school:1.0
lo:1.0
angel:1.0
90024:1.0
ti:1.0
pulmonari:1.0
complic:1.0
smoke:1.0
substanc:1.0
abus:1.0
rf:1.0
61:1.0
ref:1.0
inform:1.6931471805599454
faq:1.0
marijuana:1.0
expect:1.6931471805599454
peopl:2.9459101490553135
tell:2.386294361119891
truth:2.09861228866811
drug:3.6390573296152584
group:2.09861228866811
constantli:1.0
refut:1.6931471805599454
everi:1.0
neg:1.6931471805599454
thing:1.0
almost:1.6931471805599454
mayb:1.0
claim:2.09861228866811
deserv:1.0
abstract:1.0
list:1.6931471805599454
variou:1.0
possibl:1.6931471805599454
link:1.0
cannabi:1.6931471805599454
use:2.09861228866811
unfilt:1.0
guarante:1.0
lung:2.09861228866811
problem:1.0
someon:2.09861228866811
may:1.0
get:1.0
overli:1.0
excit:1.0
see:2.09861228866811
without:1.0
actual:1.0
dig:1.0
studi:2.09861228866811
gather:1.0
data:2.09861228866811
realli:1.0
shit:1.6931471805599454
go:1.6931471805599454
track:1.0
hope:1.0
tomarrow:1.0
never:1.0
pot:1.6931471805599454
le:1.0
damag:1.0
cigarett:2.386294361119891
tri:2.09861228866811
keep:1.0
honest:1.0
educ:1.0
kid:1.0
adult:1.0
much:1.6931471805599454
better:1.0
approach:1.0
would:1.6931471805599454
pro:2.09861228866811
con:1.0
type:1.0
justifi:1.6931471805599454
research:1.6931471805599454
sort:1.0
correl:1.0
help:1.0
establish:1.0
theori:2.386294361119891
prove:1.0
anyth:1.0
make:2.09861228866811
decis:1.0
pdfa:1.6931471805599454
one:1.0
hand:1.0
say:1.6931471805599454
absolut:1.0
bad:2.386294361119891
newsgroup:1.0
consist:1.0
refus:1.6931471805599454
admit:1.6931471805599454
like:2.6094379124341005
heroin:2.791759469228055
even:1.0
side:2.09861228866811
effect:2.386294361119891
rel:1.6931471805599454
safe:1.0
unsaf:1.0
iv:1.0
administr:1.0
adulter:1.0
withdraw:1.0
differ:1.0
seen:1.0
numer:1.0
lower:1.0
addict:2.386294361119891
rate:1.0
might:1.0
true:1.0
deceiv:1.0
harm:2.09861228866811
far:1.0
prone:1.0
end:1.0
gutter:1.0
destroy:1.0
famili:1.0
friend:1.0
stereotyp:1.0
statement:1.0
know:1.6931471805599454
opiat:1.0
function:1.0
fine:1.0
societi:1.0
provid:1.0
good:1.0
worri:1.0
legal:1.6931471805599454
decrimin:1.0
movement:1.0
hurt:1.0
name:1.0
debat:1.0
specif:1.0
ask:1.0
risk:1.0
certain:1.0
given:1.0
run:1.6931471805599454
around:1.0
recent:1.6931471805599454
manner:1.0
least:1.0
argu:1.0
enough:1.0
form:1.6931471805599454
scientif:1.0
conclus:2.09861228866811
mean:1.0
benign:1.0
user:1.0
want:1.0
support:1.0
evid:1.0
other:1.0
stronger:1.0
examin:1.0
posit:1.0
understand:1.0
fight:1.0
call:1.0
bunch:1.0
liar:1.0
hell:1.0
state:1.0
un:1.0
fact:1.0
polit:1.0
strategi:1.0
stop:1.0
gener:1.6931471805599454
somewhat:1.0
jack:1.0
herer:1.0
contribut:1.0
quit:1.0
big:1.0
mind:1.0
pretti:1.0
trust:1.0
anybodi:1.0
word:1.0
mouth:1.0
alon:1.0
attitud:1.0
popul:1.0
decreas:1.0
significantli:1.0
ta:1.0
class:1.0
ksuvm:1.6931471805599454
bitnet:1.0
