n4hi:1.6931471805599454
tang:1.6931471805599454
ccr:2.09861228866811
p:2.09861228866811
ida:2.386294361119891
org:2.386294361119891
bob:2.09861228866811
mcgwier:1.6931471805599454
subject:1.0
celebr:1.0
liberti:1.0
1993:1.0
organ:1.0
center:1.6931471805599454
commun:1.6931471805599454
research:1.6931471805599454
line:1.0
19:1.0
distribut:1.0
usa:1.0
nntp:1.0
post:1.6931471805599454
host:1.0
repli:1.0
waldrop:1.0
f418:1.0
n104:1.0
z1:1.0
fidonet:1.0
messag:1.0
mon:1.0
5:1.0
apr:1.0
93:1.0
20:1.0
12:1.0
35:1.0
gmt:1.0
rich:1.0
thompson:1.0
blather:1.0
libertarian:1.6931471805599454
parti:1.0
august:1.0
30:1.0
31:1.0
sept:1.0
1:1.0
everyth:1.0
alway:1.0
want:1.0
know:2.09861228866811
win:1.6931471805599454
elect:1.6931471805599454
ask:1.0
pray:1.0
tell:1.0
robert:1.0
w:1.0
interest:1.0
amateur:1.0
radio:1.0
astronomi:1.0
golf:1.0
princeton:1.0
n:1.0
j:1.0
08520:1.0
asst:1.0
scoutmast:1.0
troop:1.0
5700:1.0
hightstown:1.0
