gemmellj:1.0
merrimack:1.6931471805599454
edu:1.0
subject:1.0
e:2.386294361119891
mail:2.386294361119891
hill:1.0
organ:1.0
colleg:1.0
andov:1.0
usa:1.0
line:1.6931471805599454
4:1.0
clinton:1.0
get:1.0
wonder:1.0
congress:1.0
also:1.6931471805599454
go:1.0
anyon:1.0
address:1.6931471805599454
reach:1.0
look:1.0
bill:1.0
plea:1.0
regualar:1.0
reader:1.0
newsgrouop:1.0
