s5ugxk:1.6931471805599454
almserv:1.0
uucp:1.0
girish:2.09861228866811
kumthek:1.0
subject:1.0
mani:1.0
beibg:1.0
spent:1.6931471805599454
waco:1.6931471805599454
batf:2.09861228866811
organ:1.0
fanni:1.0
mae:1.0
distribut:1.0
na:1.0
line:1.0
18:1.0
hi:1.0
wonder:1.0
much:1.0
money:1.0
pay:1.0
mess:1.0
made:1.0
prestig:1.0
issu:1.0
kumthekar:1.0
tunix:1.0
technic:1.0
support:1.0
e:1.0
mail:1.0
address:1.0
fnma:1.0
com:1.0
