rstevew:1.6931471805599454
armori:2.09861228866811
com:2.386294361119891
richard:1.6931471805599454
steven:1.6931471805599454
walz:1.6931471805599454
subject:1.0
mani:1.6931471805599454
homosexu:2.09861228866811
organ:2.09861228866811
line:1.0
68:1.0
articl:2.09861228866811
1993apr5:1.0
050127:1.0
22304:1.0
news:1.6931471805599454
acn:2.6094379124341005
nwu:2.6094379124341005
edu:2.6094379124341005
dmeier:2.09861228866811
casbah:2.09861228866811
dougla:2.09861228866811
meier:2.09861228866811
write:2.09861228866811
1993apr4:1.0
011042:1.0
24938:1.0
isc:2.09861228866811
br:2.09861228866811
steveh:1.0
thor:1.0
steve:1.0
hendrick:1.0
1993apr3:1.0
211910:1.0
21908:1.0
someon:2.09861228866811
beat:2.6094379124341005
get:2.386294361119891
charg:3.0794415416798357
assault:2.09861228866811
batteri:1.0
must:1.0
add:1.0
gay:2.09861228866811
bash:2.09861228866811
list:1.0
sort:1.0
doubl:1.6931471805599454
jeopardi:1.6931471805599454
fascist:1.0
deter:2.09861228866811
epidem:1.0
law:3.302585092994046
ought:1.0
make:1.6931471805599454
illeg:1.0
straight:2.386294361119891
silli:1.0
think:1.6931471805599454
issu:1.0
peopl:1.6931471805599454
treat:1.0
equal:1.6931471805599454
thank:1.0
straighten:1.0
wrong:1.6931471805599454
bunch:1.0
faggot:1.0
tenderloin:1.0
decid:1.0
go:2.09861228866811
select:1.0
target:1.0
heterosexu:1.0
man:1.0
bloodi:1.0
fuck:1.0
would:2.09861228866811
well:2.6094379124341005
feder:2.09861228866811
exist:1.0
violat:1.6931471805599454
civil:1.6931471805599454
right:2.791759469228055
focu:1.0
intent:1.0
sexual:1.6931471805599454
orient:1.6931471805599454
appli:1.6931471805599454
nation:1.0
govern:2.09861228866811
retain:1.0
necessari:1.0
suffici:1.0
punish:2.386294361119891
crime:1.6931471805599454
behavior:1.0
becom:1.0
nobodi:1.0
even:1.6931471805599454
tri:1.6931471805599454
fact:1.0
last:1.0
count:1.0
thu:1.0
indulg:1.0
judiciari:1.0
enforc:1.0
14th:1.0
amend:1.0
guarante:1.0
protect:2.09861228866811
take:1.0
1000:1.0
possibl:1.0
read:1.6931471805599454
constitut:2.386294361119891
broke:1.0
back:1.0
kkk:1.6931471805599454
harrass:1.0
campaign:1.0
strategi:1.0
earli:1.0
1900:1.0
went:1.6931471805599454
jail:1.0
long:1.0
cut:1.0
heart:1.0
rsw:1.6931471805599454
singl:1.6931471805599454
act:2.09861228866811
may:1.6931471805599454
lead:1.0
multipl:2.09861228866811
meant:1.0
say:1.0
current:1.6931471805599454
mutat:1.6931471805599454
u:1.0
polic:1.0
state:1.0
time:1.0
one:1.0
victim:1.0
question:1.0
shade:1.6931471805599454
never:2.09861228866811
merit:1.0
almost:1.0
like:1.0
four:1.0
cop:1.0
got:1.0
acquit:1.0
cruel:1.0
unusu:1.0
countri:1.0
oh:1.0
mind:1.0
call:1.0
littl:1.0
butt:1.0
happen:1.0
somewher:1.0
somebodi:1.0
el:1.0
tast:1.0
shown:1.0
motiv:1.6931471805599454
racial:1.0
full:1.0
power:1.0
extra:1.0
bring:1.0
come:1.0
harm:1.0
first:1.0
use:1.0
hundr:1.0
year:1.0
ago:1.0
scholar:1.0
convict:1.0
recogn:1.0
reserv:1.0
establish:1.0
short:1.0
live:1.0
peculiar:1.0
awhil:1.0
mayb:1.0
c:1.0
deeptht:1.0
408:1.0
429:1.0
1200:1.0
515:1.0
mapl:1.0
street:1.0
1:1.0
without:1.0
safe:1.0
free:1.0
abort:1.0
woman:1.6931471805599454
santa:1.0
cruz:1.0
ca:1.0
95060:1.0
surrog:1.0
unwant:1.0
parasit:1.0
real:1.0
men:1.0
accept:1.0
slaveri:1.0
