steveth:1.6931471805599454
netcom:1.0
com:2.386294361119891
steve:1.6931471805599454
thoma:2.09861228866811
subject:1.0
good:1.0
neighbor:1.0
polit:1.6931471805599454
hypocrisi:1.0
test:1.0
organ:1.0
visionair:1.0
san:1.0
francisco:1.0
ca:1.0
line:1.0
53:1.0
articl:2.386294361119891
c5ij7h:1.0
l95:1.0
news:1.6931471805599454
iastat:2.386294361119891
edu:2.386294361119891
jrbeach:1.6931471805599454
jeffri:1.6931471805599454
r:1.6931471805599454
beach:1.6931471805599454
write:2.386294361119891
1993apr15:1.0
021021:1.0
7538:1.0
gordian:1.6931471805599454
mike:1.0
michael:1.0
c5huh1:1.0
241:1.0
1qd1sninnr79:1.0
elroy:1.0
jpl:1.6931471805599454
nasa:1.6931471805599454
gov:1.6931471805599454
fogarti:1.6931471805599454
sir:1.0
c:1.0
tim:1.0
would:2.6094379124341005
upset:1.0
although:1.0
abort:1.0
continu:1.0
lot:1.6931471805599454
expens:1.0
rich:1.0
le:1.0
safe:1.0
poor:1.0
thing:1.0
suppos:1.0
legal:2.6094379124341005
keep:1.0
cost:1.6931471805599454
safeti:1.0
factor:1.0
high:1.0
think:1.6931471805599454
drug:2.6094379124341005
lower:1.0
definit:1.0
make:2.09861228866811
safer:1.6931471805599454
use:1.6931471805599454
ye:1.0
want:2.09861228866811
start:1.0
criterion:1.6931471805599454
determin:1.0
get:1.6931471805599454
peopl:1.0
realli:1.6931471805599454
wast:1.0
time:1.0
battl:1.0
prove:1.0
idiot:1.0
idea:1.6931471805599454
go:1.0
yet:1.0
see:1.0
anybodi:1.6931471805599454
justifi:2.386294361119891
prohibit:1.0
ensu:1.0
war:2.09861228866811
world:1.0
usenet:1.0
crazi:1.0
give:1.0
matter:1.0
thought:1.0
beyond:1.0
read:1.0
headlin:1.0
atroc:1.0
individu:1.0
right:1.0
tri:1.0
dare:1.0
point:1.0
pretti:1.0
stupid:1.6931471805599454
someth:1.0
cheaper:1.0
choru:1.0
hold:1.0
prostitut:1.0
kill:1.0
funni:1.0
farm:1.0
patient:1.0
aid:1.0
victim:1.0
elderli:1.0
unemploy:1.0
prision:1.0
etc:1.0
sure:1.0
tax:1.0
decreas:1.0
paragraph:1.0
gibberish:1.0
rossinc:1.0
