thester:1.6931471805599454
nyx:2.386294361119891
c:2.09861228866811
du:1.6931471805599454
edu:2.386294361119891
uncl:1.6931471805599454
fester:1.6931471805599454
subject:1.0
new:1.0
studi:1.0
gay:1.0
percentag:1.0
x:1.0
disclaim:1.0
public:1.6931471805599454
access:1.6931471805599454
unix:1.6931471805599454
system:1.0
run:1.0
univers:1.6931471805599454
tof:1.0
denver:2.09861228866811
commun:1.0
neither:1.0
tcontrol:1.0
respons:1.0
opinion:1.0
user:1.0
organ:1.0
u:1.6931471805599454
math:1.0
dept:1.0
line:1.0
23:1.0
articl:1.0
apr:1.0
17:1.0
06:1.0
54:1.0
41:1.0
1993:1.0
15825:1.0
romulu:1.6931471805599454
rutger:1.6931471805599454
kaldi:1.6931471805599454
theodor:1.0
write:1.0
join:1.0
pythagorean:1.6931471805599454
reform:1.6931471805599454
church:1.6931471805599454
repent:1.0
evil:1.0
irrat:1.0
number:1.0
bean:1.0
eat:2.09861228866811
way:1.0
accept:1.6931471805599454
10:1.6931471805599454
heart:1.0
call:1.0
bb:1.0
508:1.0
793:1.0
9568:1.0
smack:1.0
antihispan:1.0
bigotri:1.6931471805599454
realli:1.0
said:1.0
lentil:1.0
legum:1.0
suppos:1.0
anti:1.0
octal:1.0
geez:1.0
pc:1.0
get:1.6931471805599454
god:2.9459101490553135
want:2.6094379124341005
gigolo:1.0
giraff:1.0
help:1.0
polit:1.0
good:1.0
laugh:1.0
