organ:1.0
citi:1.0
univers:1.0
new:1.0
york:1.0
f36si:1.0
cunyvm:1.0
bitnet:1.0
subject:1.0
billaryklintonkligu:1.0
illeg:1.0
war:1.6931471805599454
line:1.0
5:1.0
oper:2.09861228866811
go:1.0
somalia:1.0
peacekeep:1.0
peaceenforc:1.0
forc:1.0
may:1.0
use:1.0
also:1.0
legal:1.0
intern:1.0
law:1.6931471805599454
higher:1.6931471805599454
u:1.0
occur:1.0
agei:1.0
unit:1.0
nation:1.0
get:1.0
author:1.0
earth:1.0
