thf2:2.09861228866811
kimbark:1.6931471805599454
uchicago:2.09861228866811
edu:2.6094379124341005
ted:1.6931471805599454
frank:1.6931471805599454
subject:1.0
swim:1.0
pool:1.0
defens:1.0
repli:1.0
midway:1.0
organ:1.0
univers:1.0
chicago:1.0
line:1.0
17:1.0
articl:1.0
dasmith:1.6931471805599454
734719640:1.0
husc:1.0
harvard:1.6931471805599454
husc8:1.0
david:1.0
smith:1.0
write:1.0
grant:1.0
simpl:1.0
fact:1.0
hold:2.386294361119891
job:2.6094379124341005
improv:1.0
kid:2.791759469228055
chanc:1.6931471805599454
get:1.0
anoth:1.0
futur:1.0
inner:2.09861228866811
citi:2.09861228866811
would:1.6931471805599454
want:1.6931471805599454
one:1.0
minimum:2.09861228866811
wage:2.09861228866811
much:1.6931471805599454
money:1.6931471805599454
made:1.6931471805599454
deal:1.6931471805599454
drug:1.6931471805599454
suburban:1.0
yet:1.0
somehow:1.0
surburban:1.0
give:1.0
reason:1.0
think:1.0
incap:1.0
legitim:1.0
work:1.0
sorri:1.0
card:1.0
say:1.0
moop:1.0
u:1.0
c:1.0
law:1.0
school:1.0
standard:1.0
disclaim:1.0
