organ:1.0
citi:1.0
univers:1.0
new:1.0
york:1.0
f36si:1.0
cunyvm:1.0
bitnet:1.0
subject:1.0
model:1.6931471805599454
unit:1.6931471805599454
nation:2.09861228866811
line:1.0
3:1.0
observ:1.0
nyc:1.0
one:1.0
word:1.0
awsom:1.0
peac:1.0
matt:1.0
