neal:2.09861228866811
magpi:1.0
linknet:1.0
com:1.0
subject:1.0
race:1.0
violenc:1.6931471805599454
organ:1.0
mane:1.0
associ:1.0
nyc:1.0
distribut:1.0
usa:1.0
x:1.0
newsread:1.0
tin:1.0
version:1.0
1:1.6931471805599454
pl9:1.0
line:1.6931471805599454
8:1.0
repli:1.0
messag:1.0
howev:1.0
list:1.0
new:1.6931471805599454
topic:1.6931471805599454
titl:1.0
rnitedac:1.0
possibl:1.0
nois:1.0
error:1.0
caus:1.0
post:1.0
see:1.0
100:1.0
regard:1.0
