chloupek:2.09861228866811
ohstpi:1.6931471805599454
mp:1.6931471805599454
ohio:2.6094379124341005
state:2.6094379124341005
edu:2.791759469228055
subject:1.0
nc:2.09861228866811
v:1.0
hunt:1.0
marin:1.0
gay:1.0
bash:1.0
wilmington:1.0
verdict:1.0
organ:1.0
univers:2.09861228866811
depart:1.6931471805599454
physic:1.6931471805599454
line:1.0
57:1.0
articl:1.6931471805599454
1qp5juinngu5:1.0
senat:1.0
bedfellow:1.0
mit:1.6931471805599454
wdstarr:1.0
athena:1.0
william:1.0
decemb:1.0
starr:1.0
write:1.0
1993apr14:1.0
135948:1.0
3024:1.0
lynx:1.6931471805599454
dac:1.6931471805599454
northeastern:1.6931471805599454
tfarrel:1.0
thoma:1.0
farrel:1.6931471805599454
said:2.386294361119891
good:2.386294361119891
case:2.791759469228055
f:1.0
king:1.0
defens:2.386294361119891
lawyer:1.0
ask:2.6094379124341005
victim:1.6931471805599454
question:2.386294361119891
like:2.791759469228055
kind:1.0
sexual:1.0
pervers:1.0
particip:1.0
think:2.386294361119891
made:1.6931471805599454
speak:1.0
someon:1.0
six:1.0
week:1.0
6:1.0
900:1.0
tuition:1.0
bill:1.0
away:1.0
becom:1.0
unemploy:1.0
slob:1.0
law:1.0
degre:1.0
realli:1.0
see:1.6931471805599454
transcript:1.6931471805599454
trial:2.09861228866811
especi:1.0
know:1.6931471805599454
happen:1.0
immedi:1.6931471805599454
attorney:1.6931471805599454
assum:1.0
report:1.6931471805599454
accur:1.0
accus:1.0
tom:1.0
make:1.0
anyth:1.6931471805599454
sort:1.0
spawn:1.0
garbl:1.0
misquot:1.0
fals:1.0
rumor:1.0
urban:1.0
legend:1.0
tribbl:1.0
nice:1.0
prosecutor:1.0
object:2.386294361119891
irrelev:1.0
prejudici:1.0
inflammatori:1.0
take:1.0
pick:1.0
judg:1.0
upheld:1.6931471805599454
hear:1.6931471805599454
radio:1.0
news:2.09861228866811
updat:1.0
talk:1.0
ongo:1.0
audio:1.6931471805599454
clip:2.09861228866811
heard:2.09861228866811
background:1.0
end:1.0
point:1.6931471805599454
imagin:1.0
bad:1.0
arrest:1.6931471805599454
offic:2.09861228866811
bastard:1.0
told:1.0
purpos:2.09861228866811
hope:1.6931471805599454
would:1.0
die:1.6931471805599454
wonder:1.0
lose:1.0
apar:1.0
tri:1.0
win:1.0
read:1.0
latter:1.0
bit:1.0
medium:1.0
testifi:1.6931471805599454
one:2.09861228866811
defend:1.6931471805599454
calmli:1.0
condit:1.0
homo:1.0
first:1.0
actual:1.0
let:1.0
alon:1.0
number:1.0
time:1.0
stori:1.0
thing:1.0
stretch:1.0
someth:1.0
come:1.0
somebodi:1.6931471805599454
el:1.6931471805599454
remeb:1.0
better:1.0
second:1.0
feel:1.0
free:1.0
clarifi:1.0
frank:1.6931471805599454
r:1.0
hard:1.0
fast:1.0
rule:1.0
place:1.6931471805599454
parti:1.0
p:1.0
j:1.0
rourk:1.0
