jfh:2.386294361119891
rpp386:2.386294361119891
john:2.09861228866811
f:2.09861228866811
haugh:2.09861228866811
ii:2.09861228866811
subject:1.0
high:2.09861228866811
speed:2.386294361119891
rail:2.09861228866811
bad:1.6931471805599454
repli:1.0
cactu:1.6931471805599454
org:1.6931471805599454
organ:1.0
river:1.0
parish:1.0
program:1.0
austin:1.0
tx:1.6931471805599454
distribut:1.0
line:1.0
14:1.0
articl:1.0
1993apr13:1.0
210503:1.0
11099:1.0
poni:1.0
ingr:1.6931471805599454
com:1.6931471805599454
garrett:1.0
sky:1.0
alreadi:1.6931471805599454
fell:1.0
write:1.0
see:1.6931471805599454
post:1.0
comment:1.0
02:1.0
like:1.6931471805599454
alot:1.0
would:1.0
taint:1.0
corrupt:1.0
limit:1.0
commut:1.0
track:1.0
northeast:1.0
120mph:1.0
someth:1.0
resembl:1.0
countri:1.0
requir:1.0
massiv:1.0
govern:1.6931471805599454
subsidi:1.0
need:1.0
anoth:1.0
boondoggl:1.0
pgp:1.0
2:1.0
1:1.0
c:1.0
utexa:1.0
edu:1.0
bell:1.0
512:1.0
251:1.0
2151:1.0
dof:1.0
17:1.0
look:1.0
ponzi:1.0
scheme:1.0
good:1.0
dictionari:1.0
pictur:1.0
joe:1.0
liber:1.0
handout:1.0
right:1.0
next:1.0
stop:1.0
feder:1.0
spend:1.0
cut:1.0
deficit:1.0
