steveh:2.386294361119891
thor:2.6094379124341005
isc:2.9459101490553135
br:2.9459101490553135
com:2.6094379124341005
steve:2.09861228866811
hendrick:2.09861228866811
subject:1.0
limit:2.791759469228055
govt:1.0
employ:1.0
concentr:1.0
summari:1.0
govern:3.772588722239781
versu:1.0
fail:2.6094379124341005
organ:1.0
boomer:1.0
inc:1.0
line:1.0
49:1.0
nntp:1.0
post:1.0
host:1.0
articl:1.6931471805599454
16apr199317110543:1.0
rigel:1.6931471805599454
tamu:1.6931471805599454
edu:1.6931471805599454
gmw0622:1.0
mr:1.6931471805599454
grinch:1.6931471805599454
write:1.6931471805599454
1993apr15:1.0
170731:1.0
8797:1.0
strawman:1.0
argument:1.6931471805599454
sever:1.0
ground:2.09861228866811
case:1.0
big:1.6931471805599454
defin:1.0
would:2.386294361119891
point:2.09861228866811
lebanon:1.0
somalia:1.0
former:1.0
yugoslavia:1.0
definit:1.0
nation:2.09861228866811
u:1.6931471805599454
canada:1.0
western:1.0
europ:1.0
peopl:1.0
rather:1.0
live:1.0
often:1.0
libertarian:2.09861228866811
view:1.0
well:1.0
let:1.0
help:1.0
explain:1.0
differ:1.6931471805599454
linit:1.0
power:2.09861228866811
clearli:1.0
circumscrib:2.386294361119891
fulli:1.0
capabl:1.0
enforc:1.6931471805599454
decis:1.6931471805599454
within:1.0
area:1.0
incap:1.0
except:1.0
sporadicli:1.0
two:1.0
complet:1.0
beast:1.0
cours:1.0
one:2.386294361119891
face:1.0
question:1.0
keep:1.0
complex:1.0
societi:1.6931471805599454
interest:1.0
neither:1.6931471805599454
capitalist:1.6931471805599454
consum:1.0
refrain:1.0
use:1.0
end:1.6931471805599454
apart:1.0
littl:1.0
conundrum:1.0
seem:1.6931471805599454
ideal:1.6931471805599454
set:1.0
implement:1.0
suppos:1.0
never:1.0
occur:1.0
want:1.6931471805599454
unlimit:1.0
believ:1.6931471805599454
regul:2.791759469228055
economi:1.6931471805599454
serv:1.0
worthwhil:1.0
desir:1.0
empir:1.0
justifi:1.0
ideolog:1.0
vaug:1.0
word:1.0
call:1.6931471805599454
vagu:1.0
elast:1.0
necessarili:1.0
oppos:1.0
treat:1.0
everi:1.0
system:1.0
command:1.0
rel:1.0
free:1.0
market:1.0
ident:1.0
reason:1.0
mani:1.0
rest:1.0
find:1.0
analysi:1.0
simplist:1.0
jsh:1.0
domain:1.0
thing:1.0
data:1.0
sure:1.0
cut:1.0
uucp:1.0
uunet:1.0
bull:1.0
r:1.0
hofferbert:1.0
bell:1.0
509:1.0
838:1.0
8826:1.0
