thf2:2.386294361119891
kimbark:2.09861228866811
uchicago:2.386294361119891
edu:3.0794415416798357
ted:2.09861228866811
frank:2.09861228866811
subject:1.0
kyle:2.09861228866811
k:1.0
rodney:1.0
king:1.0
repli:1.0
midway:1.0
organ:1.0
univers:1.0
chicago:1.0
distribut:1.0
usa:1.0
line:2.09861228866811
26:1.0
articl:1.6931471805599454
c5nh58:1.0
hp4:1.0
news:2.09861228866811
cso:2.386294361119891
uiuc:2.386294361119891
kkopp:1.6931471805599454
uxh:1.6931471805599454
koppenhoef:1.6931471805599454
cramm:1.6931471805599454
write:2.09861228866811
c5lp0i:1.0
fdk:1.0
fact:1.0
bunch:1.0
cop:1.0
put:1.0
live:1.0
day:1.6931471805599454
afraid:1.0
hell:1.0
larg:1.6931471805599454
black:1.0
guy:1.0
took:1.6931471805599454
amount:1.0
punish:1.0
refus:1.0
submit:1.0
curiou:1.6931471805599454
think:1.0
particular:1.0
adject:1.0
import:1.0
beign:1.6931471805599454
statement:1.6931471805599454
cross:2.09861228866811
post:2.6094379124341005
sever:1.0
differ:1.0
group:1.6931471805599454
includ:1.0
someth:1.0
along:1.0
alt:1.6931471805599454
discrimin:1.6931471805599454
exsqueez:1.0
saw:1.0
origin:1.0
three:1.6931471805599454
followup:1.0
two:1.0
omit:1.0
soc:1.0
mot:1.0
instead:1.0
engag:1.0
meta:1.0
discus:1.0
topic:1.0
could:1.0
answer:1.0
question:1.0
pose:1.0
troubl:1.0
polit:1.6931471805599454
respond:1.0
queri:1.0
sorri:1.0
card:1.0
say:1.0
moop:1.0
u:1.0
c:1.0
law:1.0
school:1.0
standard:1.0
disclaim:1.0
