rscharfi:1.6931471805599454
magnu:2.386294361119891
ac:2.386294361119891
ohio:2.6094379124341005
state:2.6094379124341005
edu:2.791759469228055
ryan:2.6094379124341005
c:2.09861228866811
scharfi:2.09861228866811
subject:1.0
drug:2.6094379124341005
legal:2.6094379124341005
nntp:1.0
post:1.0
host:1.0
top:1.0
organ:1.0
univers:1.0
line:1.0
32:1.0
articl:1.6931471805599454
1qrohrinnip:1.0
senat:1.0
bedfellow:1.0
mit:1.6931471805599454
wdstarr:2.09861228866811
athena:1.0
wil:1.0
liam:1.0
decemb:1.0
starr:1.0
write:1.0
1993apr18:1.0
003848:1.0
21571:1.0
said:1.6931471805599454
howev:1.0
stick:1.0
ga:1.0
station:1.0
bought:1.6931471805599454
like:1.6931471805599454
cigarett:1.6931471805599454
plain:1.6931471805599454
silli:1.6931471805599454
govern:1.0
could:1.0
adopt:1.0
radic:1.0
probabl:1.0
unamerican:1.0
idea:1.6931471805599454
citizen:1.0
free:1.0
live:1.6931471805599454
wish:1.0
simpli:1.0
decrimin:1.0
cocain:1.0
marijuana:1.6931471805599454
heroin:1.0
lsd:1.0
etc:1.0
plea:2.09861228866811
explain:2.09861228866811
allow:1.0
recreat:2.09861228866811
work:1.6931471805599454
fine:1.0
nicotin:1.0
yeah:1.0
cancer:1.6931471805599454
pretti:1.0
cool:1.6931471805599454
lack:1.0
thereof:1.0
relev:1.6931471805599454
discus:1.6931471805599454
current:1.6931471805599454
illeg:1.0
matter:1.0
even:1.0
tobacco:2.386294361119891
well:1.0
fascisi:1.0
spell:1.0
worth:1.0
damn:1.0
look:1.0
get:1.0
ridicul:1.0
first:1.0
think:1.0
anybodi:1.0
see:1.0
differ:1.0
got:1.0
high:1.0
