steveh:2.09861228866811
thor:2.386294361119891
isc:2.386294361119891
br:2.386294361119891
com:2.09861228866811
steve:1.6931471805599454
hendrick:1.6931471805599454
subject:1.0
malpractic:3.4849066497880004
issu:1.0
8:1.6931471805599454
myth:1.0
nation:2.09861228866811
health:3.1972245773362196
summari:1.0
insur:2.9459101490553135
litig:1.6931471805599454
explain:1.6931471805599454
u:2.386294361119891
prob:1.0
organ:1.0
free:1.0
barber:1.0
inc:1.0
line:1.0
46:1.0
nntp:1.0
post:1.0
host:1.0
articl:1.6931471805599454
c5p0hx:1.0
39e:1.0
acsu:1.0
buffalo:1.6931471805599454
edu:2.386294361119891
v140pxgt:1.0
ubvmsb:1.0
cc:1.6931471805599454
daniel:1.0
b:1.0
case:1.0
write:1.6931471805599454
1993apr18:1.0
001116:1.0
19872:1.0
news:1.0
columbia:1.6931471805599454
gld:1.0
cunixb:1.0
gari:1.6931471805599454
l:1.0
dare:1.0
differ:2.09861228866811
environ:1.0
reflect:1.0
fee:1.0
lack:1.0
defens:2.386294361119891
medicin:2.386294361119891
near:1.0
absenc:1.0
realli:1.6931471805599454
spend:1.0
le:1.6931471805599454
use:1.0
expens:1.0
approach:1.0
pure:1.0
need:1.0
make:1.0
sen:1.0
find:1.0
way:1.0
cut:1.6931471805599454
cost:2.791759469228055
would:1.6931471805599454
main:1.0
factor:1.0
spiral:1.0
care:2.791759469228055
although:1.0
correct:1.0
note:1.0
relat:1.0
problem:1.6931471805599454
greater:1.0
canada:1.0
mean:1.0
account:2.09861228866811
overal:1.6931471805599454
somewhat:1.0
larger:1.0
portion:1.0
physician:2.09861228866811
gross:1.0
incom:1.0
two:1.0
countri:1.0
fact:1.0
award:1.6931471805599454
1:1.0
total:2.09861228866811
1991:1.0
accord:1.0
survey:1.0
conduct:1.0
medic:1.0
journal:1.0
averag:1.0
pay:1.0
3:1.0
7:1.6931471805599454
practic:1.0
receipt:1.0
premium:1.0
peak:1.0
1985:1.0
declin:1.0
significantli:1.0
sinc:1.0
time:1.6931471805599454
increas:1.6931471805599454
period:1.0
histori:1.0
far:1.0
concern:1.0
ama:1.0
estim:1.6931471805599454
impact:1.6931471805599454
billion:1.0
per:1.0
year:1.0
current:1.0
group:1.0
could:1.0
expect:1.0
overestim:1.0
small:1.0
scheme:1.0
thing:1.6931471805599454
howev:1.0
clinton:1.0
record:1.0
long:1.0
favor:1.0
indemnif:1.0
md:1.0
suit:1.6931471805599454
follow:1.0
procedur:1.0
set:1.0
specialti:1.0
elimin:1.0
frivol:1.0
retain:1.0
abil:1.0
sue:1.0
true:1.0
jsh:1.0
domain:1.0
one:1.0
data:1.0
sure:1.0
uucp:1.0
uunet:1.0
bull:1.0
r:1.0
hofferbert:1.0
bell:1.0
509:1.0
838:1.0
8826:1.0
