lfoard:1.6931471805599454
hopper:1.6931471805599454
virginia:2.09861228866811
edu:2.6094379124341005
lawrenc:1.0
c:2.09861228866811
foard:1.6931471805599454
subject:1.0
new:1.6931471805599454
studi:2.386294361119891
gay:2.386294361119891
percentag:1.0
organ:1.0
itc:1.0
uva:1.0
commun:1.6931471805599454
access:1.0
unix:1.0
internet:1.0
project:1.0
line:1.0
47:1.0
articl:2.09861228866811
1993apr16:1.0
200354:1.0
8045:1.0
magnu:1.6931471805599454
ac:1.6931471805599454
ohio:1.6931471805599454
state:1.6931471805599454
rscharfi:1.0
ryan:1.0
scharfi:1.0
write:2.09861228866811
c5k5lc:1.0
cyf:1.0
murdoch:1.0
acc:1.0
la:1.0
wrenc:1.0
15378:1.0
optilink:1.6931471805599454
com:1.6931471805599454
cramer:1.6931471805599454
clayton:1.0
santa:1.0
rosa:1.0
cal:1.0
press:1.0
democrat:1.0
april:1.0
15:1.0
1993:1.0
p:1.0
b2:1.0
male:1.6931471805599454
sex:1.6931471805599454
survey:1.6931471805599454
activ:1.0
low:1.0
naton:1.0
sexual:1.6931471805599454
behavior:1.0
thorough:1.0
examin:1.0
american:1.6931471805599454
men:1.6931471805599454
practic:1.0
publish:1.6931471805599454
sinc:1.6931471805599454
kinsey:1.6931471805599454
report:1.6931471805599454
four:1.0
decad:1.0
ago:1.0
show:1.0
2:2.09861228866811
percent:2.09861228866811
engag:1.0
homosexu:2.09861228866811
1:1.6931471805599454
consid:1.0
exclus:1.0
figur:1.6931471805599454
releas:1.0
wednesday:1.0
alan:1.0
guttmach:1.0
institut:1.0
significantli:1.0
lower:1.0
10:1.6931471805599454
part:1.0
convent:1.0
wisdom:1.0
le:1.0
claim:1.0
last:1.0
check:1.0
one:1.0
person:1.0
even:1.6931471805599454
elect:1.0
repres:1.6931471805599454
gaydom:1.0
ascrib:1.0
everi:1.6931471805599454
thing:1.0
say:1.0
member:1.0
straight:1.0
interest:1.0
see:1.0
reaction:1.0
5million:1.0
queer:1.6931471805599454
gather:1.0
washington:1.0
dc:1.6931471805599454
6million:1.0
u:1.0
event:1.0
unprecid:1.0
histori:1.0
dream:1.0
abort:1.0
african:1.0
civil:1.0
right:1.0
ralli:1.0
bring:1.0
half:1.0
that:1.0
point:1.0
sever:1.0
million:1.0
better:1.0
start:1.0
wonder:1.0
valid:1.0
join:1.0
pythagorean:1.6931471805599454
reform:1.6931471805599454
church:1.6931471805599454
repent:1.0
evil:1.0
irrat:1.0
number:1.0
bean:1.0
eat:1.0
way:1.0
accept:1.0
heart:1.0
call:1.0
bb:1.0
508:1.0
793:1.0
9568:1.0
