vlad:2.09861228866811
netcom:2.09861228866811
com:2.386294361119891
vladimir:1.6931471805599454
kuznetsov:1.6931471805599454
subject:1.0
mani:1.0
homosexu:1.6931471805599454
organ:1.0
onlin:1.0
commun:1.0
servic:1.0
408:1.6931471805599454
241:1.0
9760:1.0
guest:1.0
distribut:1.0
usa:1.0
line:1.0
22:1.0
articl:1.0
apr:1.0
15:1.0
21:1.0
39:1.0
43:1.0
1993:1.0
8726:1.0
romulu:1.6931471805599454
rutger:1.6931471805599454
edu:1.6931471805599454
kaldi:1.6931471805599454
theodor:1.0
write:1.0
perhap:1.0
1:1.6931471805599454
like:1.0
2:2.09861228866811
new:1.0
studi:1.0
discredit:1.0
kinsey:1.0
say:1.0
ye:1.0
saw:1.0
today:1.0
6:1.0
clock:1.0
news:1.0
kcb:1.0
san:1.0
francisco:1.0
statist:1.6931471805599454
quot:1.0
men:1.0
sex:1.0
anoth:1.0
man:1.0
3:1.0
cinsid:1.0
themself:1.0
understand:1.0
cours:1.0
goe:1.0
common:1.0
believ:1.0
pc:1.0
correct:1.0
must:1.0
complet:1.0
b:1.0
thx:1.0
252:1.0
5455:1.0
natur:1.0
intellig:1.0
consult:1.0
73437:1.0
3344:1.0
compuserv:1.0
vkuznetsov:1.0
mci:1.0
