em:1.0
hprpcd:1.6931471805599454
rose:1.6931471805599454
hp:1.6931471805599454
com:1.6931471805599454
electron:1.0
mainten:1.0
subject:2.09861228866811
incred:1.0
new:1.6931471805599454
b:1.6931471805599454
organ:1.0
hewlett:1.0
packard:1.0
rosevil:1.0
site:1.0
line:1.0
39:1.0
nntp:1.0
post:1.0
host:1.0
x:1.0
newsread:1.0
tin:1.0
version:1.0
1:2.09861228866811
3:1.0
pl7:1.0
wow:1.0
discov:1.0
great:2.09861228866811
bb:2.791759469228055
call:1.0
sovereignti:1.0
lie:1.0
peopl:2.386294361119891
916:1.0
589:1.0
4620:1.0
14:1.0
4:1.0
k:1.0
baud:1.0
free:1.0
confidenti:1.0
fictiti:1.0
name:1.0
ok:1.0
file:1.0
contain:1.0
find:1.0
govern:1.6931471805599454
scam:1.6931471805599454
u:1.6931471805599454
state:2.09861228866811
citizenship:1.6931471805599454
document:1.6931471805599454
issu:2.791759469228055
california:1.0
republ:1.0
citizen:2.09861228866811
feder:2.9459101490553135
rememb:1.0
14th:1.0
amend:1.0
one:2.6094379124341005
incom:1.6931471805599454
tax:2.386294361119891
volunt:1.0
surrend:1.0
got:1.0
social:1.0
secur:1.0
number:1.0
law:2.09861228866811
beat:2.386294361119891
ir:1.0
traffic:2.386294361119891
ticket:2.386294361119891
answer:1.0
allow:1.0
polic:1.0
offic:1.0
arrest:1.0
without:1.6931471805599454
warrant:1.0
religi:1.0
truth:1.0
religion:1.6931471805599454
christian:1.0
creator:1.0
god:1.0
trust:1.0
sysop:1.0
told:1.0
instruct:1.0
shortli:1.0
go:1.0
court:1.0
spread:1.0
word:1.0
also:1.0
come:1.6931471805599454
hear:1.0
talk:1.0
reserv:2.09861228866811
bank:1.6931471805599454
ask:1.0
question:1.0
would:1.0
anyon:1.0
borrow:1.0
money:1.0
interest:1.0
privat:1.0
american:1.6931471805599454
rip:1.0
royal:1.0
100:1.0
goe:1.6931471805599454
pay:1.0
debt:1.0
banker:1.0
dime:1.0
servic:1.6931471805599454
like:1.6931471805599454
militari:1.0
welfar:1.0
excis:1.0
2:1.0
stand:1.0
check:1.0
