kane:1.6931471805599454
buast7:1.6931471805599454
bu:1.6931471805599454
edu:1.6931471805599454
hot:1.6931471805599454
young:1.6931471805599454
star:1.6931471805599454
subject:1.0
mr:1.0
cramer:1.0
evid:1.0
organ:2.386294361119891
astronomi:1.6931471805599454
depart:1.0
boston:2.386294361119891
univers:1.6931471805599454
usa:1.0
line:1.6931471805599454
36:1.0
articl:1.6931471805599454
philc5hsii:1.0
gft:1.0
netcom:1.6931471805599454
com:1.6931471805599454
phil:1.6931471805599454
ronzon:1.0
write:1.6931471805599454
1993apr13:1.0
121723:1.0
20568:1.0
sun0:1.0
urz:1.0
uni:1.6931471805599454
heidelberg:1.6931471805599454
de:1.6931471805599454
gsmith:1.0
lauren:1.0
iwr:1.0
gene:1.0
w:1.0
smith:1.0
libertarian:1.0
go:1.0
draw:1.0
clear:1.0
nambla:1.6931471805599454
statement:1.0
member:1.0
knew:1.0
support:2.6094379124341005
exactli:1.0
name:1.0
abolish:1.0
age:1.6931471805599454
consent:2.09861228866811
never:1.0
may:1.0
paper:1.6931471805599454
abolit:1.0
resembl:1.0
stop:1.0
one:1.6931471805599454
remov:1.0
coerciv:1.6931471805599454
law:1.6931471805599454
facad:1.0
legitim:1.0
sexual:1.0
relat:1.0
child:1.6931471805599454
differ:1.0
practic:1.0
amount:1.0
say:1.6931471805599454
disgust:1.6931471805599454
legal:1.0
someon:1.0
el:1.0
let:1.0
allow:1.0
parti:1.0
involv:1.0
decid:1.0
like:1.0
think:1.0
make:1.0
inform:1.0
brian:1.0
astro:1.0
dept:1.0
02215:1.0
true:1.6931471805599454
person:1.0
salvat:1.0
achiev:1.0
absolut:1.0
faith:1.0
self:1.0
