miner:1.6931471805599454
kuhub:1.6931471805599454
cc:1.6931471805599454
ukan:1.6931471805599454
edu:1.6931471805599454
subject:1.0
none:1.0
distribut:1.0
usa:1.0
organ:1.0
univers:1.0
kansa:1.0
academ:1.0
comput:1.0
servic:1.0
line:1.0
22:1.0
articl:1.0
1993apr12:1.0
183349:1.0
23115:1.0
kadsma:1.0
kodak:1.6931471805599454
com:1.6931471805599454
pajerek:2.09861228866811
telstar:1.0
write:1.0
see:2.09861228866811
medium:2.386294361119891
reason:2.09861228866811
fair:1.6931471805599454
seen:1.6931471805599454
liber:2.386294361119891
conserv:2.386294361119891
think:1.0
anyon:1.0
care:1.0
pattern:1.0
use:1.6931471805599454
exampl:1.0
cours:1.0
discus:1.0
2:1.0
000:1.0
year:1.0
ago:1.0
aristotl:1.0
nicomachean:1.0
ethic:1.0
note:1.0
insight:1.0
backward:1.0
e:1.0
g:1.6931471805599454
sinc:1.0
though:1.0
impli:1.0
standard:1.0
disclaim:1.0
appli:1.0
ken:1.0
nobodi:1.0
explain:1.0
everyth:1.0
everybodi:1.0
opinion:1.0
k:1.0
chesterton:1.0
