lynn:1.6931471805599454
granitt:1.0
uio:1.6931471805599454
malcolm:1.0
subject:1.0
sexual:1.6931471805599454
proposit:1.0
harass:1.0
line:1.6931471805599454
2:1.0
nntp:1.0
post:1.0
host:1.0
pcgeo23:1.0
organ:1.0
univers:1.0
oslo:1.0
3:1.0
tesrt:1.0
