blh:1.0
uibois:1.6931471805599454
idbsu:1.6931471805599454
edu:1.6931471805599454
broward:1.0
l:1.0
horn:1.0
subject:1.0
17:1.6931471805599454
month:2.09861228866811
x:2.9459101490553135
receiv:2.09861228866811
usenet:2.09861228866811
pa:1.6931471805599454
dec:1.6931471805599454
com:1.6931471805599454
id:2.09861228866811
aa25085:1.0
fri:1.6931471805599454
16:2.386294361119891
apr:2.09861228866811
93:2.09861228866811
07:1.6931471805599454
52:1.0
11:1.6931471805599454
0700:1.6931471805599454
inet:1.0
gw:1.0
2:2.6094379124341005
aa12308:1.0
51:1.0
10:1.6931471805599454
6:1.0
aa28928:1.0
thu:1.0
15:1.0
24:1.0
0600:1.0
talk:1.0
polit:1.6931471805599454
misc:1.0
cc:1.0
alt:1.0
clinton:2.386294361119891
mailer:1.0
elm:1.0
revis:1.0
66:1.0
25:1.0
line:1.0
58:1.0
tahhh:1.0
rememb:1.0
day:1.0
yesterday:1.0
tgo:1.0
pay:1.6931471805599454
twhen:1.0
1:1.6931471805599454
popul:1.0
would:1.0
extra:1.6931471805599454
tax:2.386294361119891
trememb:1.6931471805599454
u:1.6931471805599454
predict:1.0
true:1.0
inaugur:1.0
danc:1.0
sing:1.0
liber:1.0
tat:1.0
last:1.0
twell:1.6931471805599454
figur:1.0
t5:1.0
vat:1.0
estim:2.09861228866811
rais:1.0
60:1.6931471805599454
100:1.0
billion:1.0
per:1.0
year:2.791759469228055
cnn:1.0
twork:1.0
chum:1.6931471805599454
000:2.791759469228055
125:1.0
taxpay:1.0
480:1.0
exclaim:1.6931471805599454
get:2.09861228866811
free:1.0
health:1.0
care:1.0
tbut:1.0
tthi:1.0
poor:1.0
37:1.0
million:1.0
none:1.0
tyou:1.0
come:1.6931471805599454
later:1.0
tadd:1.0
energi:1.0
cost:1.0
300:1.0
500:1.0
tplu:1.0
corpor:1.0
rich:1.0
ttrickl:1.0
like:1.0
said:1.0
two:1.0
ago:1.0
tand:1.6931471805599454
best:1.0
part:1.0
anyth:1.0
tdeficit:1.0
still:2.09861228866811
project:1.0
rise:1.0
rate:1.0
trise:1.0
assum:1.0
plan:1.0
work:1.0
ti:1.0
mean:1.0
take:1.0
rocket:1.0
scientist:1.0
see:1.0
tthat:1.0
anoth:1.6931471805599454
3:1.0
whop:1.0
ttax:1.0
increas:1.0
deficit:1.0
grow:1.0
tfaster:1.0
economi:1.0
tall:1.0
move:1.0
higher:1.0
dive:1.0
board:1.0
face:1.6931471805599454
bush:1.0
four:1.0
tcountri:1.0
complet:1.0
bankrupt:1.0
child:1.0
tfutur:1.0
oft:1.0
mention:1.0
pal:1.0
bill:1.0
gone:1.0
delud:1.0
twith:1.0
guilt:1.0
glanc:1.0
watch:1.0
got:1.6931471805599454
ta:1.0
go:1.0
want:1.0
noon:1.0
appoint:1.0
lake:1.0
tthere:1.0
yet:1.0
