cramer:3.0794415416798357
optilink:2.791759469228055
com:2.09861228866811
clayton:2.386294361119891
subject:1.0
concentr:1.0
child:1.0
molest:1.0
organ:1.0
corpor:1.0
petaluma:1.0
ca:1.0
line:1.0
28:1.0
articl:2.09861228866811
c5og5h:1.0
4de:1.0
exnet:1.6931471805599454
co:1.6931471805599454
uk:2.9459101490553135
sys1:1.0
xavier:1.6931471805599454
gallagh:1.0
write:2.09861228866811
15409:1.0
mjcugley:2.386294361119891
93apr14110319:1.0
glenturret:1.0
math:2.386294361119891
c:2.386294361119891
dunde:2.09861228866811
ac:2.386294361119891
wombl:1.0
attitud:1.0
absolut:1.0
noth:1.0
see:1.0
tabl:1.0
heterosexu:2.386294361119891
claim:1.0
supposedli:1.0
higher:1.0
promescu:1.0
amongst:1.0
homosexu:2.09861228866811
male:2.386294361119891
make:2.09861228866811
insur:1.0
risk:1.0
need:1.0
show:1.0
le:1.0
promiscu:2.09861228866811
without:1.0
data:1.0
comparison:1.0
rate:1.0
world:1.0
dund:1.0
well:1.0
obviou:1.0
point:1.0
would:1.6931471805599454
straight:1.0
men:1.0
fuck:1.0
like:1.0
rabbit:1.0
oppertun:1.0
present:1.6931471805599454
reckon:1.0
man:1.0
go:1.0
wildli:1.0
huge:1.0
varieti:1.0
will:1.0
partner:1.0
question:1.0
suppos:1.0
say:1.0
lot:1.0
screw:1.0
e:1.6931471805599454
uunet:1.6931471805599454
pyramid:1.6931471805599454
opinion:1.6931471805599454
mine:1.6931471805599454
relat:1.0
peopl:1.0
mutual:1.0
consent:1.0
