kane:2.09861228866811
buast7:2.09861228866811
bu:2.386294361119891
edu:2.386294361119891
hot:2.09861228866811
young:2.09861228866811
star:2.09861228866811
subject:1.0
concentr:1.0
child:1.6931471805599454
molest:2.09861228866811
organ:1.0
astronomi:1.6931471805599454
depart:1.0
boston:2.386294361119891
univers:1.6931471805599454
usa:1.0
line:1.0
24:1.0
articl:2.09861228866811
15149:1.0
optilink:1.6931471805599454
com:1.6931471805599454
cramer:1.6931471805599454
clayton:1.0
write:1.6931471805599454
113328:1.0
go:1.0
admit:1.6931471805599454
data:1.6931471805599454
present:1.0
show:2.6094379124341005
3:1.0
gay:1.6931471805599454
thu:1.0
overrepres:1.0
respect:1.0
gener:1.0
incid:1.0
homosexu:1.0
someon:1.0
someth:1.6931471805599454
besid:1.0
redbook:1.0
correct:1.0
wrong:1.0
irrelev:1.0
either:1.0
regardless:1.0
studi:1.0
u:1.0
prove:1.0
men:1.0
like:1.0
brian:1.0
astro:1.0
dept:1.0
02215:1.0
true:1.6931471805599454
person:1.0
salvat:1.0
achiev:1.0
absolut:1.0
faith:1.0
one:1.0
self:1.0
