goykhman:1.6931471805599454
apollo:2.386294361119891
hp:2.386294361119891
com:2.6094379124341005
red:1.6931471805599454
her:1.6931471805599454
subject:1.0
clinton:2.09861228866811
immun:3.0794415416798357
program:2.09861228866811
nntp:1.0
post:1.0
host:1.0
dzoo:1.0
ch:1.0
organ:1.0
hewlett:1.0
packard:1.0
compani:1.0
chelmsford:1.0
line:1.0
52:1.0
articl:2.386294361119891
15apr199320293386:1.0
utkvx:1.6931471805599454
utk:1.6931471805599454
edu:2.386294361119891
drevik:1.6931471805599454
steve:1.0
write:2.386294361119891
c5jobh:1.0
7zt:1.0
1993apr14:1.0
122758:1.0
11467:1.0
magnu:1.6931471805599454
ac:1.6931471805599454
ohio:1.6931471805599454
state:2.09861228866811
jlinder:1.0
jeffrey:1.0
linder:1.0
c5fjsl:1.0
6i:1.0
ncratl:1.6931471805599454
atlantaga:1.6931471805599454
ncr:1.6931471805599454
mwilson:1.0
c:1.0
om:1.0
mark:1.0
wilson:1.0
news:1.0
last:1.0
night:1.0
bash:1.0
republican:1.0
stonewal:1.0
call:1.0
stimulu:1.0
packag:1.6931471805599454
seem:1.6931471805599454
one:1.0
small:1.0
item:1.0
within:1.0
go:1.6931471805599454
pay:1.0
free:1.6931471805599454
poor:1.0
kid:1.6931471805599454
child:1.6931471805599454
countri:1.0
alreadi:1.6931471805599454
care:2.386294361119891
done:1.6931471805599454
problem:1.0
cost:1.6931471805599454
irrespon:1.0
parent:1.6931471805599454
stupid:1.0
lazi:1.6931471805599454
know:1.6931471805599454
live:1.6931471805599454
case:1.6931471805599454
nationawid:1.0
perhap:1.0
municip:1.0
put:1.0
togeth:1.0
fund:1.0
area:1.6931471805599454
peopl:1.0
nationwid:1.0
rate:1.6931471805599454
among:1.0
toddler:1.0
50:1.0
reportedli:1.0
low:1.0
10:1.6931471805599454
inner:1.0
citi:1.0
neighborhood:1.6931471805599454
bet:1.0
cover:1.0
medicaid:1.0
massachusset:1.0
univers:1.6931471805599454
kind:1.0
propos:1.0
mani:1.0
year:1.0
two:1.0
decad:1.0
mass:1.0
65:1.0
35:1.0
guess:1.0
inde:1.0
ignor:1.0
simpli:1.0
sorri:1.0
shatter:1.0
stereotyp:1.0
notic:1.0
clintonit:1.0
push:1.0
health:1.6931471805599454
access:1.6931471805599454
mean:1.0
folk:1.0
give:1.0
damn:1.0
servic:1.0
deliv:1.0
doorstep:1.0
disclaim:1.6931471805599454
opinion:1.6931471805599454
express:1.6931471805599454
mine:1.6931471805599454
employ:1.6931471805599454
