muellerm:1.6931471805599454
vuse:1.6931471805599454
vanderbilt:2.09861228866811
edu:2.6094379124341005
marc:2.386294361119891
mueller:2.386294361119891
subject:1.0
pork:2.9459101490553135
c:3.70805020110221
17:3.0794415416798357
5:2.9459101490553135
abolish:1.0
select:1.0
servic:1.0
nntp:1.0
post:1.0
host:1.0
irlsp:1.0
organ:1.0
univers:1.0
school:1.0
engin:1.0
nashvil:1.0
tn:1.0
usa:1.0
line:1.6931471805599454
48:1.6931471805599454
articl:1.0
1993apr16:1.0
174304:1.0
26360:1.0
ra:1.6931471805599454
msstate:2.09861228866811
fpa1:1.6931471805599454
fletcher:1.6931471805599454
p:2.09861228866811
adam:1.6931471805599454
write:2.09861228866811
trumpet:1.0
cc:1.0
elimin:1.0
transport:1.0
wrong:1.0
need:1.0
capabl:2.09861228866811
sure:1.0
problem:1.0
read:2.386294361119891
aviat:1.6931471805599454
week:2.09861228866811
reopen:1.0
would:2.386294361119891
deliv:1.0
year:1.6931471805599454
earlier:1.0
cost:2.09861228866811
billion:2.9459101490553135
le:2.09861228866811
program:2.09861228866811
polit:1.0
though:1.0
popular:1.0
av:1.0
rememb:1.0
could:1.0
suppli:1.0
date:1.0
magazin:1.0
march:1.0
15:1.0
1993:1.0
cbo:1.6931471805599454
estim:1.6931471805599454
match:1.0
100:1.0
requir:1.0
70:1.0
total:1.0
14:1.0
4:1.0
option:1.0
still:1.0
10:1.0
cheaper:1.6931471805599454
complet:1.0
24:1.0
7:1.0
sorri:1.0
nine:1.0
ten:1.0
v:1.0
carri:1.0
much:1.0
land:1.0
smaller:1.0
airfield:1.0
depend:1.0
whether:2.09861228866811
job:2.09861228866811
reli:1.0
california:1.6931471805599454
right:1.6931471805599454
say:1.0
sinc:1.0
due:1.0
peac:1.0
dividend:1.0
mani:1.0
peopl:1.0
work:1.0
well:1.0
vote:1.0
overwhelmingli:1.0
chang:1.0
argument:1.0
continu:1.0
militari:1.0
support:1.0
poor:1.0
one:1.0
kept:1.0
quit:1.0
base:1.0
open:1.0
close:1.0
ago:1.0
wast:1.0
tax:1.0
question:1.6931471805599454
aspin:1.6931471805599454
clinton:1.6931471805599454
abl:1.6931471805599454
face:1.6931471805599454
happi:2.09861228866811
congress:1.6931471805599454
huh:1.0
social:1.0
fpa:1.0
