nil:1.6931471805599454
monro:1.0
dartmouth:1.6931471805599454
edu:1.6931471805599454
nieuwejaar:1.0
subject:1.0
win:1.6931471805599454
war:2.09861228866811
drug:2.9459101490553135
keyword:1.0
dea:2.09861228866811
wod:1.0
legal:1.0
organ:1.6931471805599454
colleg:1.0
hanov:1.0
nh:1.0
line:1.0
42:1.0
kennej:1.0
c:1.0
okstat:1.0
kennedi:1.0
jame:1.0
scot:1.0
write:1.0
chart:1.0
follow:1.0
taken:1.0
wednesday:1.0
april:1.0
14:1.6931471805599454
1993:1.6931471805599454
issu:1.0
usa:1.6931471805599454
today:1.6931471805599454
use:2.6094379124341005
among:1.0
u:1.6931471805599454
eigth:1.0
grader:1.6931471805599454
mike:1.0
snider:1.0
p:1.0
6d:1.0
adolesc:1.0
choic:1.0
eighth:1.0
last:1.0
month:1.0
estim:1.0
per:1.0
100:1.0
student:1.0
1991:1.6931471805599454
1992:1.6931471805599454
pct:1.0
chg:1.0
alcohol:1.0
25:1.0
1:1.6931471805599454
26:1.0
4:1.0
cigarett:1.0
3:2.791759469228055
15:1.0
5:2.09861228866811
8:1.0
marijuana:1.0
2:1.6931471805599454
7:1.6931471805599454
16:1.0
amphetamin:1.0
6:1.6931471805599454
27:1.0
lsd:1.6931471805599454
0:2.791759469228055
9:1.0
50:1.0
cocain:1.6931471805599454
40:1.0
crack:1.6931471805599454
67:1.0
sourc:1.0
univers:1.0
michigan:1.0
institut:1.0
social:1.0
research:1.0
report:1.0
think:1.0
see:1.0
one:1.0
tactic:1.0
employ:1.0
give:1.0
peopl:1.0
impress:1.0
select:1.0
quot:1.0
statist:2.386294361119891
support:1.0
content:1.0
gone:1.0
excerpt:1.0
time:1.0
magazin:1.0
includ:1.0
post:1.0
excel:1.0
exampl:1.0
like:1.0
attempt:1.0
deceiv:1.0
public:1.0
unfortun:1.0
much:1.0
learn:1.0
present:1.6931471805599454
either:1.0
due:1.0
round:1.0
est:1.6931471805599454
could:2.386294361119891
anywher:2.6094379124341005
550:1.0
649:1.0
850:1.0
949:1.0
mean:2.09861228866811
actual:1.0
chang:1.0
believ:1.0
first:1.0
place:1.0
31:1.0
73:1.0
similarli:1.0
increas:1.6931471805599454
18:1.0
66:1.0
29:1.0
120:1.0
even:1.0
take:1.0
account:1.0
margin:1.0
error:1.0
provid:1.6931471805599454
rest:1.0
argument:1.0
unfound:1.0
surprisingli:1.0
virtual:1.0
inform:1.0
