mikeq:1.0
freddi:1.0
cna:1.0
tek:1.0
com:1.0
mike:1.0
quigley:1.0
subject:1.0
bill:1.0
target:1.0
pension:1.0
fund:1.0
liber:1.0
organ:1.0
tektronix:1.0
inc:1.0
redmond:1.0
line:1.0
6:1.0
excerpt:1.0
insight:1.6931471805599454
magazin:1.6931471805599454
march:1.0
15:1.0
1993:1.0
paranoia:1.0
part:1.0
delet:1.0
publish:1.0
mooney:1.0
