rja:1.6931471805599454
mahogany126:2.09861228866811
cray:1.0
com:2.09861228866811
rus:1.6931471805599454
anderson:1.6931471805599454
subject:1.0
new:1.6931471805599454
studi:2.386294361119891
gay:1.6931471805599454
percentag:1.0
origin:1.0
line:1.0
33:1.0
nntp:1.0
post:1.0
host:1.0
organ:1.0
1991:1.0
world:1.6931471805599454
champion:1.0
minnesota:1.0
twin:1.6931471805599454
articl:1.0
15378:1.0
optilink:1.6931471805599454
cramer:1.6931471805599454
clayton:1.0
write:1.0
santa:1.0
rosa:1.0
cal:1.0
press:1.0
democrat:1.0
april:1.0
15:1.0
1993:1.6931471805599454
p:1.0
b2:1.0
male:1.6931471805599454
sex:2.09861228866811
survey:2.09861228866811
activ:1.0
low:1.0
naton:1.0
sexual:1.6931471805599454
behavior:1.0
thorough:1.0
examin:1.0
american:1.0
men:2.09861228866811
practic:1.0
publish:1.6931471805599454
sinc:1.6931471805599454
kinsey:1.6931471805599454
report:1.6931471805599454
four:1.0
decad:1.0
ago:1.0
show:1.6931471805599454
2:1.6931471805599454
percent:2.6094379124341005
engag:1.6931471805599454
homosexu:2.6094379124341005
1:1.6931471805599454
consid:1.6931471805599454
exclus:1.6931471805599454
actual:1.0
said:1.6931471805599454
point:1.0
peopl:1.0
say:1.0
acut:1.0
may:1.0
differ:1.6931471805599454
interest:1.0
clip:1.0
newspap:1.0
mention:1.0
mayb:1.0
conserv:1.0
medium:1.0
bia:1.0
figur:1.6931471805599454
releas:1.0
wednesday:1.0
alan:1.0
guttmach:1.0
institut:1.0
significantli:1.0
lower:1.0
10:1.6931471805599454
part:1.0
convent:1.0
wisdom:1.0
disclaim:1.0
statement:1.0
reflect:1.0
upon:1.0
employ:1.0
anyon:1.0
el:1.0
c:1.0
ex:1.0
jack:1.0
morri:1.0
inning:1.0
pitch:1.0
0:1.0
run:1.0
seri:1.0
mvp:1.0
