blh:1.0
uibois:1.6931471805599454
idbsu:1.6931471805599454
edu:1.6931471805599454
broward:1.0
l:1.0
horn:1.0
subject:1.0
clinton:2.09861228866811
wiretap:2.09861228866811
initi:2.09861228866811
x:2.791759469228055
receiv:2.09861228866811
usenet:2.09861228866811
pa:1.6931471805599454
dec:1.6931471805599454
com:1.6931471805599454
id:2.09861228866811
aa05890:1.0
fri:1.6931471805599454
16:2.386294361119891
apr:2.09861228866811
93:2.09861228866811
11:1.6931471805599454
05:1.0
06:1.0
0700:1.6931471805599454
inet:1.0
gw:1.0
2:1.6931471805599454
aa23713:1.0
03:1.0
42:1.0
6:1.6931471805599454
aa29234:1.0
thu:1.0
15:1.0
13:1.0
23:1.0
52:1.0
0600:1.0
talk:1.0
polit:1.6931471805599454
misc:1.0
cc:1.0
alt:1.0
mailer:1.0
elm:1.0
revis:1.0
66:1.0
25:1.0
line:1.0
19:1.0
tif:1.0
look:1.0
newsgroup:1.0
tabl:1.0
find:1.0
propos:1.0
tfor:1.0
comput:1.0
network:1.0
telephon:1.0
system:1.0
tthi:1.0
congress:1.0
least:1.0
tthe:1.0
past:1.0
month:1.0
gui:1.0
fbi:1.0
tbill:1.0
ti:2.09861228866811
strongli:2.09861228866811
urg:2.09861228866811
begin:1.0
consid:1.6931471805599454
futur:1.0
get:1.0
applic:1.0
passport:1.0
tin:1.0
mail:1.0
soon:1.0
move:1.0
save:1.0
thave:1.0
oversea:1.0
protect:1.0
bank:1.0
account:1.0
tyou:1.0
still:1.0
abl:1.0
