ho:1.0
c:1.6931471805599454
arizona:1.6931471805599454
edu:1.0
hilari:1.6931471805599454
orman:1.6931471805599454
subject:1.0
licens:1.0
public:1.0
key:1.0
implement:1.0
organ:1.0
u:1.0
dept:1.0
tucson:1.0
line:1.0
6:1.0
regard:1.0
specul:1.0
nsa:1.0
involv:1.0
creation:1.0
pkp:1.0
find:1.0
fail:1.0
test:1.0
occam:1.0
butcher:1.0
knife:1.0
never:1.0
attribut:1.0
conspiraci:1.0
explain:1.0
forthright:1.0
greed:1.0
