gradi:1.6931471805599454
netcom:1.6931471805599454
com:1.6931471805599454
1016:1.0
2ef221:1.6931471805599454
subject:1.0
declassifi:2.9459101490553135
medium:3.833213344056216
organ:1.0
capriccioso:1.0
x:1.0
newsread:1.0
tin:1.0
version:1.0
1:2.6094379124341005
pl6:1.0
line:1.0
82:1.0
mani:2.09861228866811
urban:1.0
legend:1.0
mayb:1.0
ought:1.0
crypt:1.0
faq:1.0
actual:2.09861228866811
suffici:1.6931471805599454
clear:2.9459101490553135
magnet:3.0794415416798357
use:2.386294361119891
classifi:1.0
data:1.0
inform:2.6094379124341005
hors:1.0
mouth:1.0
regard:1.0
overwrit:3.1972245773362196
meant:1.0
retain:1.0
within:1.6931471805599454
control:2.386294361119891
environ:1.6931471805599454
materi:1.0
reus:1.0
outsid:1.0
nation:2.09861228866811
telecommun:1.6931471805599454
system:1.6931471805599454
secur:3.0794415416798357
ntis:1.0
advisori:1.0
memorandum:1.0
offic:1.0
autom:1.0
guidelin:1.6931471805599454
ntissam:1.0
compusec:1.0
87:1.0
7:2.09861228866811
6:2.09861228866811
2:2.386294361119891
certain:1.6931471805599454
type:2.09861228866811
remov:2.09861228866811
e:2.386294361119891
g:2.6094379124341005
tape:1.0
floppi:1.6931471805599454
disk:3.1972245773362196
cassett:1.0
card:1.0
may:2.386294361119891
entir:1.0
one:2.791759469228055
time:2.09861228866811
charact:2.6094379124341005
appli:1.6931471805599454
vendor:2.386294361119891
format:1.6931471805599454
program:2.386294361119891
locat:2.386294361119891
given:1.6931471805599454
fix:2.09861228866811
winchest:1.6931471805599454
least:1.6931471805599454
way:1.0
suppli:1.0
shown:1.0
work:1.0
advertis:1.0
user:1.0
bewar:1.0
purport:1.0
resid:1.0
facil:1.6931471805599454
releas:1.0
destruct:2.09861228866811
howev:1.0
mark:1.0
level:1.0
restrict:1.0
sensit:1.0
ever:1.0
record:1.0
declassif:1.0
degauss:2.09861228866811
devic:1.6931471805599454
approv:2.386294361119891
list:1.6931471805599454
maintain:1.0
nsa:1.6931471805599454
exampl:1.0
hard:1.0
oper:1.0
method:1.6931471805599454
pack:1.6931471805599454
employ:1.0
procedur:2.09861228866811
must:1.0
address:1.0
three:1.0
write:1.6931471805599454
complement:1.0
binari:1.6931471805599454
zero:1.0
altern:1.6931471805599454
becom:1.0
inop:1.6931471805599454
imposs:1.0
case:1.0
two:1.0
disassembl:1.0
platter:2.09861228866811
appropri:1.0
equip:1.0
courier:2.09861228866811
sight:1.0
return:1.0
site:1.0
instal:1.0
new:1.0
repair:1.0
problem:1.0
unit:1.0
3:1.0
see:1.0
dod:1.0
comput:1.6931471805599454
center:1.0
depart:1.0
defens:1.0
reman:1.0
csc:1.0
std:1.0
003:1.0
85:1.0
offici:1.0
interest:1.0
document:1.0
probabl:1.0
intend:1.0
obtain:1.0
free:1.0
execut:1.0
secretari:1.0
committe:1.0
agenc:1.0
fort:1.0
georg:1.0
mead:1.0
md:1.0
20755:1.0
6000:1.0
fun:1.0
mail:1.0
15:1.0
e2:1.0
ad:1.0
d3:1.0
d1:1.0
c6:1.0
f3:1.0
fc:1.0
58:1.0
ac:1.0
f7:1.0
3d:1.0
4f:1.0
01:1.0
1e:1.0
2f:1.0
