hooper:2.09861228866811
cc:1.0
queensu:1.0
ca:1.0
andi:1.6931471805599454
subject:1.0
text:1.0
white:1.0
hous:1.0
announc:1.0
q:1.0
clipper:1.6931471805599454
chip:1.0
encrypt:1.0
organ:1.0
queen:1.0
univers:1.0
kingston:1.0
distribut:1.0
na:1.0
line:1.0
3:1.0
trademark:1.0
fairchild:1.0
semiconductor:1.0
