schneier:1.6931471805599454
chinet:1.6931471805599454
chi:1.0
il:1.0
u:1.0
bruce:1.6931471805599454
subject:1.0
issa:1.6931471805599454
93:1.0
confer:1.6931471805599454
organ:1.0
public:1.0
access:1.0
unix:1.0
distribut:1.0
usa:1.0
line:1.0
4:1.0
anyon:1.0
attend:1.0
arlington:1.0
va:1.0
next:1.0
week:1.0
would:1.0
appreci:1.0
get:1.0
touch:1.0
