brad:2.09861228866811
clarinet:2.09861228866811
com:1.0
templeton:1.6931471805599454
subject:1.0
tap:2.09861228866811
code:2.386294361119891
good:2.09861228866811
distribut:1.0
na:1.0
organ:1.0
commun:1.6931471805599454
corp:1.6931471805599454
line:1.0
22:1.0
occur:1.0
get:1.0
wiretap:2.09861228866811
order:1.0
escrow:2.09861228866811
hous:2.09861228866811
releas:1.0
cop:1.6931471805599454
longer:1.0
secur:1.6931471805599454
hand:1.0
sure:1.6931471805599454
time:2.09861228866811
effect:1.0
mean:1.0
perform:1.6931471805599454
end:1.6931471805599454
oblig:1.0
inform:1.0
replac:1.6931471805599454
free:1.0
clipper:1.0
chip:1.6931471805599454
cellular:1.0
phone:1.0
known:1.0
polic:1.0
normal:1.0
reveal:1.0
everi:1.0
even:1.0
charg:1.0
laid:1.0
mani:1.0
way:1.0
would:1.0
posit:1.0
step:1.0
judg:1.0
set:1.0
limit:1.6931471805599454
warrant:1.0
assum:1.0
renew:1.0
go:1.0
scheme:1.0
agre:1.0
sunnyval:1.0
ca:1.0
408:1.0
296:1.0
0366:1.0
