crypt:2.9459101490553135
comment:1.6931471805599454
math:1.6931471805599454
ncsu:1.6931471805599454
edu:2.09861228866811
subject:1.0
cryptographi:2.386294361119891
faq:3.0794415416798357
07:1.6931471805599454
10:2.09861228866811
digit:2.386294361119891
signatur:2.791759469228055
organ:1.0
cabal:1.0
line:1.0
85:1.0
expir:1.0
22:1.0
may:1.6931471805599454
1993:2.09861228866811
04:1.6931471805599454
00:1.0
gmt:1.0
repli:1.0
nntp:1.0
post:1.6931471805599454
host:1.0
pad:1.0
thai:1.0
akti:1.0
com:1.0
summari:1.0
part:3.1972245773362196
7:1.6931471805599454
sci:2.6094379124341005
hash:4.091042453358316
function:3.995732273553991
theori:1.0
one:3.4849066497880004
way:3.1972245773362196
distinct:1.0
term:1.0
md4:2.386294361119891
md5:2.9459101490553135
snefru:2.791759469228055
x:2.09861228866811
last:2.09861228866811
updat:1.0
16:1.0
archiv:1.0
name:1.6931471805599454
part07:1.0
modifi:1.0
4:1.0
15:1.0
seventh:1.0
ten:1.0
mostli:1.0
independ:1.0
read:1.0
first:1.0
rest:1.0
time:1.0
send:1.0
miss:1.0
mail:1.0
ask:1.0
note:1.6931471805599454
kah67:1.0
refer:2.09861228866811
list:1.0
section:1.0
avail:2.09861228866811
via:1.0
anonym:1.0
ftp:1.0
rtfm:1.0
mit:1.0
pub:1.0
usenet:1.0
news:1.6931471805599454
answer:2.09861228866811
xx:1.0
newsgroup:1.0
everi:1.0
21:1.0
day:1.0
content:1.0
differ:2.09861228866811
public:3.3978952727983707
privat:3.302585092994046
secret:1.6931471805599454
share:2.6094379124341005
etc:1.6931471805599454
typic:1.0
take:1.6931471805599454
variabl:1.0
length:1.6931471805599454
messag:3.3978952727983707
produc:2.09861228866811
fix:1.0
given:1.0
comput:2.09861228866811
imposs:1.6931471805599454
find:1.0
fact:1.0
determin:1.6931471805599454
usabl:1.0
inform:1.0
even:1.0
singl:1.0
bit:1.0
also:1.6931471805599454
two:1.0
like:1.6931471805599454
encrypt:2.791759469228055
applic:1.6931471805599454
key:3.302585092994046
system:1.0
rel:1.0
slow:1.0
sign:1.6931471805599454
long:1.0
longer:1.0
user:1.0
will:1.0
wait:1.0
solut:1.0
short:1.0
anyon:1.6931471805599454
want:1.0
verifi:1.6931471805599454
thing:1.0
anoth:1.0
digest:2.09861228866811
horrend:1.0
mishmash:1.0
terminolog:1.0
literatur:1.0
small:1.0
set:1.0
concept:1.0
algorithm:2.6094379124341005
depend:1.6931471805599454
publish:1.6931471805599454
call:2.09861228866811
otherwis:1.0
e:1.6931471805599454
decrypt:1.6931471805599454
h:1.6931471805599454
verif:2.09861228866811
v:1.6931471805599454
1:1.0
cryptosystem:1.0
checksum:1.0
mention:1.0
previou:1.0
question:1.0
person:1.0
everyon:1.0
correct:1.6931471805599454
obvious:1.0
meant:1.0
unus:1.0
real:1.0
data:1.0
friend:1.0
rather:1.6931471805599454
eye:1.0
suddenli:1.0
develop:1.6931471805599454
ron:1.0
rivest:1.0
definit:1.6931471805599454
appear:1.6931471805599454
rfc:2.09861228866811
1320:1.0
1321:1.0
see:1.0
code:1.6931471805599454
ftpmd:1.0
transcript:1.0
error:1.0
found:1.0
origin:1.0
draft:1.0
md5a:1.0
though:1.0
peopl:1.0
famili:1.6931471805599454
ralph:1.0
merkl:1.6931471805599454
8:1.6931471805599454
round:1.0
newest:1.0
paper:1.0
me91a:1.0
ftpsf:1.0
