crypt:3.772588722239781
comment:1.6931471805599454
math:2.09861228866811
ncsu:1.6931471805599454
edu:2.09861228866811
subject:1.0
cryptographi:2.6094379124341005
faq:3.4849066497880004
02:1.0
10:1.6931471805599454
net:2.09861228866811
etiquett:2.09861228866811
organ:1.0
cabal:1.0
line:1.0
92:1.0
expir:1.0
22:1.0
may:1.0
1993:2.09861228866811
04:1.6931471805599454
00:1.0
07:1.0
gmt:1.0
repli:1.0
nntp:1.0
post:2.791759469228055
host:1.0
pad:1.0
thai:1.0
akti:1.0
com:1.0
summari:1.0
part:3.0794415416798357
2:1.6931471805599454
sci:3.70805020110221
relat:1.6931471805599454
newsgroup:2.6094379124341005
appropri:1.0
topic:1.6931471805599454
introduc:1.0
encrypt:2.791759469228055
scheme:2.6094379124341005
x:1.0
last:2.09861228866811
updat:1.0
16:1.0
archiv:1.0
name:1.0
part02:1.0
modifi:1.0
4:1.6931471805599454
15:1.0
second:1.0
ten:1.6931471805599454
mostli:1.0
independ:1.0
read:2.386294361119891
first:1.6931471805599454
rest:1.0
time:2.386294361119891
send:1.0
miss:1.0
mail:1.0
ask:2.09861228866811
note:1.6931471805599454
kah67:1.0
refer:2.09861228866811
list:1.0
section:1.0
avail:1.0
via:1.0
anonym:1.0
ftp:1.0
rtfm:1.0
mit:1.0
pub:1.0
usenet:1.0
news:2.386294361119891
answer:2.6094379124341005
xx:1.0
everi:1.0
21:1.0
day:1.0
content:1.0
group:2.09861228866811
around:1.6931471805599454
polit:2.09861228866811
discus:2.386294361119891
belong:2.09861228866811
present:1.6931471805599454
new:2.6094379124341005
announc:1.0
newus:1.0
week:1.0
alway:1.0
make:1.0
sure:1.0
amaz:1.0
often:1.0
question:2.6094379124341005
month:1.0
much:1.0
better:1.0
sen:1.0
reader:2.386294361119891
want:2.09861228866811
see:1.0
fact:1.0
notabl:1.0
misc:1.6931471805599454
legal:1.6931471805599454
comput:1.6931471805599454
creat:1.0
exactli:1.0
like:2.09861228866811
rsa:1.0
patent:1.6931471805599454
get:2.09861228866811
way:2.09861228866811
technic:1.0
mani:1.0
also:1.0
comp:2.09861228866811
org:1.0
eff:1.0
talk:1.0
compress:1.0
et:1.0
al:1.0
benefit:1.0
peopl:1.0
care:1.0
tri:2.09861228866811
put:1.0
right:1.0
microfilm:1.0
smuggl:1.0
non:1.0
cryptograph:1.6931471805599454
spi:1.0
stuff:1.0
either:1.0
came:1.0
neat:1.0
method:1.6931471805599454
ciphertext:2.09861228866811
fhdsijoyw:1.0
ogbujhkfsyuir:1.0
strong:1.0
without:1.6931471805599454
doubt:1.0
annoy:1.0
traffic:1.0
come:1.6931471805599454
provid:1.0
adequ:1.0
nobodi:1.0
ever:1.0
impress:1.0
random:1.0
gibberish:1.0
algorithm:2.09861228866811
secur:1.6931471805599454
even:1.6931471805599454
oppon:1.0
know:1.0
full:2.09861228866811
includ:1.6931471805599454
messag:1.0
key:1.6931471805599454
distribut:1.0
privat:1.0
kept:1.0
secret:1.0
systemat:1.0
unsystemat:1.0
take:1.6931471805599454
reason:1.0
long:1.0
decrypt:1.0
prior:1.0
knowledg:1.0
consum:1.0
possibl:1.0
fruitless:1.0
exercis:1.0
bother:1.0
find:1.6931471805599454
realli:1.6931471805599454
look:2.09861228866811
familiar:1.0
literatur:1.0
introductori:1.0
textbook:1.0
appreci:1.0
cryptosystem:2.09861228866811
fit:1.0
world:1.0
larg:1.0
break:1.6931471805599454
wast:1.0
thousand:1.0
could:1.0
easili:1.0
think:1.0
system:2.09861228866811
reassur:1.0
expert:2.09861228866811
might:1.6931471805599454
detail:1.0
work:1.0
code:1.0
solid:1.0
theoret:1.0
explan:1.0
keep:1.0
mind:1.0
export:1.0
regul:1.0
area:1.0
lucki:1.0
interest:1.0
encourag:1.0
offer:1.6931471805599454
cash:1.0
reward:1.0
instanc:1.0
ralph:1.0
merkl:1.0
1000:1.0
anyon:1.0
snefru:1.0
guarante:1.0
enough:1.0
experi:1.6931471805599454
abl:1.0
flaw:1.6931471805599454
happen:1.0
respons:1.0
consid:1.0
learn:1.0
rather:1.0
add:1.0
one:1.0
layer:1.0
complic:1.0
back:1.0
anoth:1.0
round:1.0
differ:1.0
review:1.0
nsa:1.0
procedur:1.0
outsid:1.0
scope:1.0
among:1.0
profession:1.0
common:1.0
rule:1.0
thumb:1.0
design:1.0
cryptanalyst:1.0
