johnson:2.791759469228055
trwac:2.09861228866811
fp:2.09861228866811
trw:2.791759469228055
com:2.386294361119891
steve:1.0
subject:1.0
know:1.6931471805599454
key:2.09861228866811
ask:1.0
clipper:1.0
organ:1.0
system:1.6931471805599454
divis:1.0
fairfax:1.6931471805599454
va:1.0
line:1.0
23:1.0
brad:2.09861228866811
clarinet:1.6931471805599454
templeton:1.6931471805599454
write:1.0
cours:1.0
identifi:1.0
phone:2.09861228866811
compani:1.6931471805599454
sinc:1.0
compli:1.0
court:1.0
order:1.0
magic:1.0
number:1.0
chip:1.0
sign:1.0
warrant:1.6931471805599454
present:1.0
escrow:1.0
hous:1.0
make:1.0
forget:1.0
destroy:1.0
copi:1.0
decid:1.0
crimin:1.0
today:1.0
curiou:1.0
commun:1.0
corp:1.0
sunnyval:1.0
ca:1.0
408:1.0
296:1.0
0366:1.0
view:1.6931471805599454
express:1.6931471805599454
employ:1.6931471805599454
steven:1.6931471805599454
c:1.6931471805599454
wb3iru:1.6931471805599454
vk2gd:1.6931471805599454
fp1:1.6931471805599454
3133:1.6931471805599454
129:1.6931471805599454
193:1.6931471805599454
172:1.6931471805599454
90:1.6931471805599454
1:2.09861228866811
feder:1.0
park:1.0
drive:1.0
703:1.6931471805599454
968:1.0
1000:1.0
virginia:1.0
22033:1.0
4412:1.0
u:1.0
fax:1.0
803:1.0
5189:1.0
