gthoma:1.6931471805599454
fraser:1.6931471805599454
sfu:1.0
ca:1.6931471805599454
guy:1.6931471805599454
thoma:1.0
subject:1.0
go:1.0
organ:1.0
simon:1.0
univers:1.0
burnabi:1.0
b:1.0
c:1.0
canada:1.6931471805599454
distribut:1.0
inet:1.0
line:1.0
13:1.0
zrepachol:1.6931471805599454
cc:2.09861228866811
curtin:2.09861228866811
edu:2.09861228866811
au:2.09861228866811
paul:1.6931471805599454
repacholi:1.6931471805599454
write:1.6931471805599454
articl:1.0
1993apr16:1.0
055100:1.0
1:1.0
bother:1.0
read:1.0
get:1.0
video:1.6931471805599454
manufactur:1.0
consent:1.0
repli:1.0
mail:1.0
queri:1.0
know:1.0
avail:1.0
yet:1.0
ask:1.0
month:1.0
ao:1.0
told:1.0
rsn:1.0
ye:1.0
nation:1.0
film:1.0
board:1.0
nativ:1.0
ed:1.0
bc:1.0
