masjhd:1.0
gdr:1.0
bath:2.09861228866811
ac:1.6931471805599454
uk:2.09861228866811
jame:1.6931471805599454
davenport:1.6931471805599454
subject:1.0
trinomi:2.791759469228055
base:1.0
prng:1.0
organ:1.0
school:1.0
mathemat:1.0
scienc:1.0
univers:1.0
line:1.0
27:1.0
tri:1.0
mail:1.6931471805599454
peter:1.0
boucher:1.0
post:1.0
question:1.0
e:1.0
bounc:1.0
apolog:1.0
thsoe:1.0
interest:1.0
form:1.0
x:2.6094379124341005
b:1.0
1:2.09861228866811
read:1.0
bremner:1.0
type:1.0
n:1.6931471805599454
ax:1.0
math:2.6094379124341005
scand:2.386294361119891
49:1.0
1981:1.0
pp:2.386294361119891
145:1.0
155:1.0
zbl:1.6931471805599454
458:1.0
12012:1.0
mr:1.0
83k:1.0
12002:1.0
ljunggren:1.0
w:1.0
irreduc:1.6931471805599454
certain:1.6931471805599454
quadrinomi:1.0
8:1.6931471805599454
1960:1.6931471805599454
65:1.0
70:1.0
tverberg:1.6931471805599454
h:1.6931471805599454
mpm:1.6931471805599454
121:1.0
126:1.0
cubic:1.0
factor:1.0
53:1.0
1983:1.0
178:1.0
184:1.0
513:1.0
12003:1.0
jhd:1.0
