wc:1.6931471805599454
anchor:1.6931471805599454
ho:1.6931471805599454
att:2.09861228866811
com:2.9459101490553135
bill:2.09861228866811
stewart:1.6931471805599454
1:2.386294361119891
908:1.6931471805599454
949:1.6931471805599454
0705:1.6931471805599454
subject:1.0
tap:1.0
code:1.0
good:1.6931471805599454
organ:1.0
typic:1.6931471805599454
phone:1.0
compani:1.0
involv:1.0
daydream:1.0
distribut:1.0
na:1.0
repli:1.0
brad:2.09861228866811
clarinet:2.386294361119891
messag:1.0
17:1.0
apr:1.0
93:1.0
06:1.0
13:1.0
26:1.0
gmt:1.0
1993apr17:1.6931471805599454
061326:1.6931471805599454
16130:1.6931471805599454
nntp:1.0
post:1.0
host:1.0
rainier:1.0
line:1.6931471805599454
21:1.0
articl:1.0
templeton:1.0
write:1.0
hit:1.0
land:1.0
record:2.386294361119891
telco:1.6931471805599454
access:1.0
suppos:1.0
give:1.0
without:2.09861228866811
warrant:2.09861228866811
rule:1.0
today:1.6931471805599454
even:1.6931471805599454
evid:1.0
would:1.6931471805599454
admiss:1.0
think:2.09861228866811
unless:1.0
judg:1.6931471805599454
order:1.0
intercept:1.0
crypttext:1.0
illeg:1.0
cop:1.0
plain:1.0
cellular:1.0
call:1.0
ask:1.0
hey:1.0
permiss:1.0
listen:1.0
tape:1.0
long:1.0
becom:1.0
legal:1.0
polic:1.0
encrypt:2.09861228866811
convers:1.6931471805599454
violat:1.0
privaci:1.0
read:1.0
usual:1.0
faith:1.0
except:1.6931471805599454
accident:1.0
non:1.0
besid:1.0
cover:1.0
drug:1.0
fourth:1.0
amend:1.0
tpray:1.0
peac:1.0
bell:1.0
lab:1.0
4m312:1.0
holmdel:1.0
nj:1.0
new:1.0
jersey:1.0
work:1.0
cyberspac:1.0
white:1.0
hous:1.0
commect:1.0
202:1.6931471805599454
456:1.6931471805599454
1111:1.0
fax:1.0
2461:1.0
