brad:2.6094379124341005
clarinet:2.386294361119891
com:1.6931471805599454
templeton:2.09861228866811
subject:1.0
secret:2.09861228866811
algorithm:1.0
clipper:1.6931471805599454
chip:1.0
crypto:2.6094379124341005
key:1.6931471805599454
escrow:2.09861228866811
organ:1.0
commun:1.6931471805599454
corp:1.6931471805599454
keyword:1.0
encrypt:1.0
wiretap:1.0
mykotronx:1.0
line:1.0
21:1.0
articl:1.6931471805599454
1993apr18:1.0
032405:1.0
23325:1.0
magnu:1.6931471805599454
ac:1.6931471805599454
ohio:1.6931471805599454
state:1.6931471805599454
edu:1.6931471805599454
jebright:1.0
jame:1.0
r:1.0
ebright:1.0
write:1.6931471805599454
greatest:1.0
danger:1.0
databas:1.6931471805599454
kept:1.6931471805599454
disk:1.0
would:1.0
chanc:1.0
complet:1.0
copi:1.6931471805599454
could:1.0
somehow:1.0
leak:1.0
cours:1.0
hard:1.0
backup:2.6094379124341005
howev:1.0
think:1.0
consequ:2.386294361119891
data:1.6931471805599454
warrant:1.6931471805599454
come:1.6931471805599454
wors:1.0
effect:1.6931471805599454
secur:1.6931471805599454
thu:1.0
poster:1.6931471805599454
essentiali:1.0
argu:1.0
better:1.6931471805599454
brain:1.0
wrong:1.0
gear:1.0
infer:1.0
first:1.0
sentenc:1.0
meant:1.0
easi:1.0
sunnyval:1.0
ca:1.0
408:1.0
296:1.0
0366:1.0
