gtoal:1.6931471805599454
com:1.0
graham:1.0
toal:1.0
subject:1.0
clipper:1.0
chip:1.0
technic:1.0
detail:1.6931471805599454
line:1.0
8:1.0
tthe:1.0
protocol:1.0
key:1.0
manag:1.0
descript:1.0
publish:1.0
far:1.0
either:1.0
tincomplet:1.0
incorrect:1.0
leav:1.0
idea:1.0
system:1.0
twould:1.0
actual:1.0
work:1.0
hope:1.0
cpsr:1.0
foia:1.0
request:1.0
succe:1.0
twe:1.0
get:1.0
full:1.0
easier:1.0
ask:1.0
den:1.0
c:1.0
georgetown:1.0
edu:1.0
g:1.0
