skt:1.0
dc:1.0
glasgow:1.6931471805599454
ac:1.6931471805599454
uk:1.6931471805599454
simon:1.0
k:1.0
train:1.0
subject:1.0
help:1.0
plea:1.0
organ:1.0
univers:1.0
comput:1.0
scienc:1.0
dept:1.0
distribut:1.0
net:1.0
line:1.0
7:1.0
phd:1.0
student:1.0
get:1.0
sci:1.0
crypt:1.0
group:1.0
post:1.0
directli:1.0
also:1.0
would:1.0
like:1.0
feed:1.0
back:1.0
encrypt:1.0
scheme:1.0
research:1.0
finit:1.0
field:1.0
appli:1.0
taker:1.0
repli:1.0
gamv25:1.0
udcf:1.0
gla:1.0
thank:1.0
gavin:1.0
