caronni:2.6094379124341005
nessi:1.6931471805599454
c:2.386294361119891
id:2.09861228866811
ethz:1.6931471805599454
ch:2.09861228866811
germano:1.6931471805599454
subject:1.6931471805599454
technic:2.09861228866811
detail:2.09861228866811
organ:1.0
swiss:1.0
feder:1.0
institut:1.0
technolog:1.0
eth:1.0
zurich:1.0
line:1.0
107:1.0
articl:1.0
1993apr19:1.0
134346:1.0
2620:1.0
ulyss:1.0
att:1.6931471805599454
com:1.6931471805599454
smb:1.0
research:1.0
steven:1.0
bellovin:1.0
write:1.0
correct:1.6931471805599454
addit:2.09861228866811
hellman:2.09861228866811
note:2.09861228866811
courtesi:1.0
dorothi:2.09861228866811
den:2.791759469228055
repost:1.0
permiss:1.6931471805599454
two:2.791759469228055
request:1.0
first:2.386294361119891
role:1.0
s1:3.302585092994046
s2:3.1972245773362196
appear:1.0
other:1.0
anyon:1.6931471805599454
know:1.6931471805599454
valu:2.09861228866811
construct:1.0
unit:2.09861228866811
key:3.833213344056216
natur:1.0
gener:2.791759469228055
process:2.09861228866811
k1:2.386294361119891
k2:2.386294361119891
neither:1.0
produc:2.09861228866811
alon:1.0
thu:1.0
scheme:1.0
implement:1.0
one:1.6931471805599454
repositori:1.0
half:1.0
anoth:1.6931471805599454
second:1.6931471805599454
omin:1.0
post:2.386294361119891
reveal:1.0
scriptur:1.0
care:1.0
craft:1.0
spook:1.0
attempt:1.0
draw:1.0
hidden:1.0
mean:1.0
oppos:1.0
say:1.0
offici:1.0
announc:1.0
clipper:2.6094379124341005
leav:1.0
given:1.0
record:1.0
opposit:1.0
de:1.6931471805599454
goe:1.6931471805599454
back:1.0
folk:1.6931471805599454
newsgroup:1.0
knew:1.0
read:1.0
think:2.09861228866811
impugn:1.0
integr:1.0
oh:1.0
yeah:1.0
invent:1.0
stupid:1.0
someth:1.0
make:1.0
sen:1.0
almost:1.0
certainli:1.0
understand:1.6931471805599454
goal:1.0
tech:1.0
cliper:1.0
enligthen:1.0
use:2.386294361119891
keygener:1.0
date:1.0
mon:1.0
19:1.0
apr:1.0
93:1.0
08:1.0
51:1.0
57:1.0
edt:1.0
cosc:1.0
georgetown:1.6931471805599454
edu:1.6931471805599454
chip:1.6931471805599454
convers:1.0
nsa:1.0
clarifi:1.0
featur:1.0
plea:1.6931471805599454
feel:1.0
free:1.0
distribut:1.0
messag:1.6931471805599454
name:1.0
encrypt:2.6094379124341005
algorithm:1.0
skipjack:1.6931471805599454
martin:1.0
written:1.0
serial:3.0794415416798357
number:3.0794415416798357
ad:1.0
three:1.0
part:1.0
system:1.6931471805599454
sk:2.791759469228055
e:2.9459101490553135
k:2.386294361119891
uk:1.0
respond:1.0
call:2.386294361119891
famili:1.6931471805599454
decrypt:1.6931471805599454
correspond:1.0
held:1.0
law:1.0
enforc:1.0
hand:1.0
knowledg:1.0
howev:1.0
singl:1.0
cours:1.0
separ:2.6094379124341005
also:1.0
n:1.6931471805599454
follow:1.0
let:1.6931471805599454
n1:2.09861228866811
n2:2.09861228866811
n3:2.09861228866811
64:1.6931471805599454
bit:3.1972245773362196
block:2.386294361119891
deriv:1.0
80:2.09861228866811
seed:2.386294361119891
comput:2.386294361119891
r1:1.6931471805599454
like:1.0
tripl:1.0
mode:1.0
similarli:1.0
r2:1.6931471805599454
r3:1.6931471805599454
start:1.0
unlear:1.0
whether:1.0
chang:1.6931471805599454
fact:1.0
suggest:1.0
might:1.0
concaten:1.0
togeth:1.0
give:1.0
192:1.0
form:2.09861228866811
next:1.0
remain:1.0
discard:1.6931471805599454
whole:1.0
perform:1.0
laptop:1.0
suppli:1.0
independ:1.0
peopl:1.6931471805599454
person:1.0
entir:1.0
program:1.0
session:1.0
stream:1.0
everyth:1.0
end:1.0
could:1.6931471805599454
thrown:1.0
desir:1.0
30:1.0
pad:1.6931471805599454
fix:1.0
34:1.0
result:1.0
output:1.0
onto:1.0
floppi:1.6931471805599454
disk:1.6931471805599454
pair:1.6931471805599454
store:1.0
file:1.0
taken:1.0
away:1.0
behalf:1.0
escrow:1.0
agenc:1.0
sure:1.0
known:1.0
time:1.0
remark:1.0
automat:1.0
agre:1.0
content:1.0
implic:1.0
swamp:1.0
mailbox:1.0
valuabl:1.0
le:1.0
discus:1.0
rise:1.0
mind:1.0
backdoor:1.0
imagin:1.0
work:1.0
without:1.0
depend:1.0
friendli:1.0
greet:1.0
tgermano:1.0
instrument:1.0
regist:1.6931471805599454
thing:1.0
design:1.0
space:1.0
still:1.0
contain:1.0
infinit:1.0
unknown:1.0
pgp:1.0
341027:1.0
fd560ccf586f3da747ea3c94dd01720f:1.0
