pla:1.6931471805599454
sktb:1.6931471805599454
demon:1.6931471805599454
co:1.6931471805599454
uk:2.386294361119891
paul:1.6931471805599454
l:1.0
allen:1.0
subject:1.0
secret:1.0
algorithm:1.0
clipper:1.6931471805599454
chip:1.0
crypto:2.09861228866811
key:2.386294361119891
escrow:1.6931471805599454
repli:1.0
organ:1.0
chao:1.0
line:1.0
76:1.0
x:1.0
newsread:1.0
archimed:1.0
readnew:1.0
begin:1.6931471805599454
pgp:2.09861228866811
sign:1.0
messag:1.0
articl:1.6931471805599454
pmetzger:1.6931471805599454
93apr18141006:1.0
snark:1.6931471805599454
shearson:1.6931471805599454
com:2.791759469228055
perri:1.0
e:1.0
metzger:1.0
write:2.09861228866811
1qnupd:1.0
jpm:1.0
news:1.6931471805599454
intercon:2.09861228866811
amanda:2.386294361119891
walker:1.6931471805599454
jhess:1.0
netcom:1.0
john:1.0
hess:1.0
oh:1.0
great:1.0
wonder:1.0
nobodi:1.0
listen:2.9459101490553135
except:1.0
fed:2.6094379124341005
hey:1.0
better:1.6931471805599454
statu:1.6931471805599454
quo:1.6931471805599454
far:1.0
le:1.6931471805599454
worri:1.0
tap:2.386294361119891
phone:2.6094379124341005
high:1.0
school:1.0
scanner:1.6931471805599454
surfer:1.0
get:3.0794415416798357
kick:1.0
eavesdrop:1.0
cellular:2.791759469228055
cordless:1.0
call:2.386294361119891
polit:1.0
dissid:1.0
scare:1.6931471805599454
shitless:1.6931471805599454
opinion:1.0
sort:1.6931471805599454
would:1.0
disappear:1.0
slightli:1.0
free:1.0
societi:1.6931471805599454
know:1.0
five:1.0
ten:1.0
year:1.0
friend:1.0
none:1.0
theoret:1.0
well:2.09861228866811
first:1.0
cryptophon:1.0
compani:1.0
like:1.0
cylink:1.0
today:1.0
work:2.09861228866811
addit:1.0
number:1.0
group:1.0
build:1.0
softwar:1.0
turn:1.0
pc:1.0
privaci:1.0
enhanc:1.0
right:2.09861228866811
overdr:1.0
mode:1.6931471805599454
ye:1.0
rather:1.0
see:1.6931471805599454
restrict:1.6931471805599454
lift:1.0
least:1.0
incremement:1.0
improv:1.0
certain:1.0
applic:1.0
yet:1.0
use:2.386294361119891
anyth:1.0
want:2.09861228866811
point:1.6931471805599454
maintain:1.0
seem:1.0
miss:1.0
cover:1.0
cellphon:1.6931471805599454
scrambl:1.0
system:2.386294361119891
discus:1.0
incident:1.0
mp:1.0
respond:1.0
question:1.0
issu:1.0
appear:1.6931471805599454
approv:1.0
countri:1.6931471805599454
secur:1.6931471805599454
a5:1.6931471805599454
encrypt:2.09861228866811
dodgi:1.0
a5x:2.09861228866811
exist:1.0
mobil:1.0
equip:2.09861228866811
drop:1.0
clear:1.6931471805599454
newer:1.0
depend:1.0
capabl:1.0
base:2.386294361119891
station:2.386294361119891
cop:1.6931471805599454
need:2.09861228866811
abl:1.0
hold:1.0
privat:1.0
convers:1.0
end:2.09861228866811
way:1.0
user:1.0
fix:1.0
instal:1.0
talk:1.0
transmiss:1.0
decrypt:1.0
pas:1.0
anoth:1.0
unscrambl:1.0
provid:1.6931471805599454
warrant:2.386294361119891
reason:1.6931471805599454
crackabl:1.0
without:1.0
obtain:1.0
mayb:1.0
realli:1.0
go:1.0
rout:1.0
anyway:1.0
doubt:1.0
even:1.0
true:1.0
never:1.0
particular:1.0
whenev:1.0
judg:1.0
drug:1.0
dealer:1.0
natur:1.0
stop:1.0
everi:1.0
take:1.0
look:1.0
record:1.0
mccarthi:1.0
hoover:1.0
j:1.0
edgar:1.0
cleaner:1.0
though:1.0
excel:1.0
suck:1.0
nixon:1.0
signatur:1.6931471805599454
version:1.0
2:1.6931471805599454
iqcvagubk9ial2v14asak9pnaqevxgqaoxrviaggvpvrdlwzchbnqo6yhunuj8mi:1.0
cvpx2zvkhhjzkfs5luw6z63rrwejvhxegv79ex4xzssswvuzblvyqukgs08sz2eq:1.0
blsuij9afxalv5gj4jb:1.0
hu40qvu6i7gkkrvgtlxeypkvxfd:1.0
tfc4n9hovumvnruc:1.0
ve5zy8988pi:1.0
nocg:1.0
