pmetzger:1.0
snark:1.0
shearson:1.6931471805599454
com:2.09861228866811
perri:1.6931471805599454
e:1.0
metzger:1.6931471805599454
subject:1.0
need:2.6094379124341005
clipper:2.386294361119891
cheap:2.9459101490553135
secur:2.09861228866811
organ:1.0
partnership:1.0
america:1.0
free:1.0
drug:1.0
line:1.0
53:1.0
amanda:1.6931471805599454
intercon:1.0
walker:1.0
write:1.0
answer:1.0
seem:1.0
obviou:1.0
hardwar:1.6931471805599454
compromis:1.6931471805599454
de:2.6094379124341005
exampl:1.0
tripl:1.0
better:1.0
one:2.6094379124341005
buy:1.6931471805599454
encrypt:2.09861228866811
cellular:1.6931471805599454
phone:2.386294361119891
much:1.0
cost:1.0
person:1.6931471805599454
cylink:1.0
stuff:1.6931471805599454
budget:1.0
use:2.09861228866811
chip:2.9459101490553135
crypto:2.6094379124341005
mass:1.0
obvious:1.0
could:1.6931471805599454
thing:1.0
without:2.09861228866811
build:1.0
back:1.0
door:1.0
inde:1.6931471805599454
even:1.0
special:1.0
engin:1.0
construct:1.0
good:2.09861228866811
system:2.09861228866811
right:2.6094379124341005
standard:1.0
codec:1.0
vocod:1.0
v32bi:1.0
integr:1.6931471805599454
modem:1.0
modul:1.0
small:1.0
processor:1.6931471805599454
glue:1.0
work:1.6931471805599454
dump:1.0
fast:1.0
put:1.0
onto:1.0
singl:1.0
futur:1.0
ye:1.0
govern:1.6931471805599454
everyth:1.6931471805599454
white:1.0
hous:1.0
releas:1.0
say:1.0
give:2.09861228866811
peopl:1.6931471805599454
privaci:1.6931471805599454
note:1.0
u:1.0
capabl:1.0
avail:1.6931471805599454
commerci:1.0
possibl:1.0
stop:1.6931471805599454
qualcomm:1.0
would:2.386294361119891
design:1.0
strong:2.09861228866811
cdma:1.0
pioneer:1.0
nsa:1.0
compani:1.0
everywher:1.0
tri:1.0
everi:1.0
trick:1.0
book:1.0
sure:1.0
make:1.0
keep:1.0
hand:1.6931471805599454
get:2.791759469228055
mess:1.0
pottag:1.0
prize:1.0
trade:1.6931471805599454
birthright:1.6931471805599454
safeti:1.6931471805599454
foreign:1.0
read:1.0
confer:1.0
paper:1.0
well:1.0
anyon:1.0
el:1.0
cryptographi:1.6931471805599454
profession:1.0
terrorist:1.0
suspect:1.0
cryptosystem:1.0
open:1.0
market:1.6931471805599454
fine:1.0
idiot:1.0
like:1.0
guy:1.0
bomb:1.0
center:1.0
cheaper:1.0
provid:1.0
deliber:1.0
sabotag:1.0
someon:1.0
plea:1.0
tell:1.0
exactli:1.0
social:1.0
contract:1.0
exchang:1.0
tpmetzger:1.0
laissez:1.6931471805599454
fair:1.0
passer:1.0
le:1.0
mond:1.0
va:1.0
lui:1.0
meme:1.0
