pmetzger:1.6931471805599454
snark:1.0
shearson:1.6931471805599454
com:2.386294361119891
perri:1.6931471805599454
e:1.0
metzger:1.6931471805599454
subject:1.0
fifth:1.0
amend:1.0
password:1.0
repli:1.6931471805599454
caronni:2.09861228866811
nessi:1.6931471805599454
c:1.6931471805599454
id:1.6931471805599454
ethz:2.386294361119891
ch:2.386294361119891
messag:1.0
tue:1.0
20:1.0
apr:1.0
1993:1.0
00:1.0
03:1.0
59:1.0
gmt:1.0
lehman:1.6931471805599454
organ:1.0
brother:1.0
1993apr19:1.0
180049:1.0
20572:1.0
qualcomm:1.0
1qv83m:1.0
5i2:1.0
geraldo:1.0
cc:1.0
utexa:1.0
edu:1.0
1993apr20:1.6931471805599454
000359:1.6931471805599454
20098:1.6931471805599454
bernina:1.6931471805599454
line:1.0
21:1.0
articl:1.0
germano:1.0
write:1.0
question:1.0
provid:1.0
public:1.0
bb:2.386294361119891
servic:1.0
bound:1.0
law:1.0
gurante:1.0
intelligbl:1.6931471805599454
access:1.0
data:2.09861228866811
user:1.0
polic:2.09861228866811
come:1.0
suffic:1.0
authoris:1.0
guess:1.0
would:1.0
basic:1.0
condit:1.0
system:1.0
run:1.6931471805599454
time:1.0
ago:1.0
switzerland:1.0
oblig:1.6931471805599454
let:1.0
search:1.0
equip:1.0
proper:1.0
court:1.0
order:1.0
legal:1.6931471805599454
keep:1.0
wish:1.0
entir:1.0
encrypt:1.0
show:1.0
read:1.0
anyth:1.0
well:1.0
that:1.0
problem:1.0
restrict:1.0
domest:1.0
use:1.0
cryptographi:1.0
unit:1.0
state:1.0
yet:1.0
tpmetzger:1.0
laissez:1.6931471805599454
fair:1.0
passer:1.0
le:1.0
mond:1.0
va:1.0
de:1.0
lui:1.0
meme:1.0
