wc:1.6931471805599454
anchor:1.6931471805599454
ho:1.6931471805599454
att:2.09861228866811
com:2.791759469228055
bill:2.09861228866811
stewart:1.6931471805599454
1:2.386294361119891
908:1.6931471805599454
949:1.6931471805599454
0705:1.6931471805599454
subject:1.0
fifth:1.0
amend:1.0
password:1.6931471805599454
organ:1.6931471805599454
brought:1.0
number:1.0
2:1.0
3:1.0
7:1.0
repli:1.0
pmetzger:1.6931471805599454
snark:1.6931471805599454
shearson:1.6931471805599454
messag:1.0
tue:1.0
20:1.0
apr:1.0
1993:1.0
11:1.0
21:1.0
34:1.0
gmt:1.0
1993apr19:1.0
180049:1.0
20572:1.0
qualcomm:1.0
1qv83m:1.0
5i2:1.0
geraldo:1.0
cc:1.0
utexa:1.0
edu:1.0
1993apr20:1.6931471805599454
000359:1.6931471805599454
20098:1.6931471805599454
bernina:1.6931471805599454
ethz:2.09861228866811
ch:2.09861228866811
93apr20062134:1.0
nntp:1.0
post:1.0
host:1.0
rainier:1.0
line:1.6931471805599454
42:1.0
articl:1.0
caronni:1.6931471805599454
nessi:1.0
c:1.0
id:1.0
germano:1.0
write:1.0
question:1.0
provid:1.0
public:1.0
bb:2.386294361119891
servic:1.6931471805599454
bound:1.0
law:3.0794415416798357
gurante:1.0
intelligbl:1.0
access:1.6931471805599454
data:1.0
user:1.6931471805599454
polic:1.6931471805599454
come:1.6931471805599454
suffic:1.0
authoris:1.0
guess:1.0
would:1.0
basic:1.0
condit:1.0
system:1.0
run:1.0
time:1.0
ago:1.6931471805599454
switzerland:1.0
u:2.09861228866811
yet:1.6931471805599454
mani:1.0
cover:1.6931471805599454
bbs:1.0
common:1.0
carrier:1.0
phone:1.0
compani:1.0
privat:1.0
machin:1.0
oper:1.0
busi:2.386294361119891
oblig:1.0
keep:1.6931471805599454
record:2.6094379124341005
perri:1.0
metzger:1.0
point:1.0
search:1.0
warrant:1.6931471805599454
let:1.0
see:1.0
demand:1.0
exist:1.0
gener:1.0
confisc:1.0
equip:1.0
evid:1.6931471805599454
constitut:1.0
valid:1.0
begin:1.0
develop:1.0
court:2.791759469228055
case:1.6931471805599454
support:1.0
may:1.0
abl:1.6931471805599454
compel:1.0
tell:1.0
inform:1.0
know:1.6931471805599454
encrypt:1.0
disk:1.0
definit:1.0
sinc:1.0
new:1.6931471805599454
situat:1.0
probabl:1.6931471805599454
specif:1.0
forc:1.6931471805599454
key:1.6931471805599454
prevent:1.0
allow:1.0
file:1.0
without:1.0
give:1.0
even:1.0
area:1.0
establish:1.0
uncertainti:1.0
guy:1.0
idaho:1.0
year:1.0
subpoena:1.0
tax:1.0
restrict:1.0
gave:1.0
hebrew:1.6931471805599454
english:1.0
origin:1.6931471805599454
speak:1.0
neither:1.0
anybodi:1.0
think:1.0
much:1.0
might:1.0
illeg:1.0
deni:1.0
potenti:1.0
custom:1.0
base:1.0
race:1.0
religion:1.0
nation:1.0
gender:1.0
sexual:1.0
prefer:1.0
test:1.0
seem:1.0
like:1.0
plausibl:1.0
extens:1.0
anti:1.0
discrimin:1.0
affect:1.0
tpray:1.0
peac:1.0
bell:1.0
lab:1.0
4m312:1.0
holmdel:1.0
nj:1.0
jersey:1.0
work:1.0
cyberspac:1.0
white:1.0
hous:1.0
commect:1.0
202:1.6931471805599454
456:1.6931471805599454
1111:1.0
fax:1.0
2461:1.0
