bontchev:2.6094379124341005
fbihh:2.09861228866811
informatik:2.386294361119891
uni:2.09861228866811
hamburg:2.791759469228055
de:2.09861228866811
vesselin:2.09861228866811
subject:1.0
larg:1.0
commerci:1.0
key:2.386294361119891
repli:1.0
organ:1.0
viru:1.6931471805599454
test:1.6931471805599454
center:1.6931471805599454
univers:1.6931471805599454
line:1.0
15:1.0
butzerd:1.0
maume:1.0
eng:1.0
ohio:1.0
state:1.0
edu:1.0
dane:1.0
c:1.6931471805599454
butzer:1.0
write:1.0
final:1.0
anyon:1.0
even:1.0
conciev:1.0
time:1.0
place:1.0
128:1.6931471805599454
bit:1.6931471805599454
suffici:1.0
depend:1.0
algorithm:1.0
use:1.0
secret:1.0
rsa:1.0
definit:1.0
secur:1.0
enough:1.0
regard:1.0
vladimirov:1.0
tel:1.0
49:1.6931471805599454
40:1.6931471805599454
54715:1.6931471805599454
224:1.0
fax:1.0
226:1.0
fachbereich:1.0
agn:1.0
pgp:1.0
2:1.6931471805599454
public:1.0
avail:1.0
request:1.0
vogt:1.0
koelln:1.0
strass:1.0
30:1.0
rm:1.0
107:1.0
e:1.0
mail:1.0
2000:1.0
54:1.0
germani:1.0
