eachu:2.09861228866811
spectr:1.6931471805599454
mitr:2.09861228866811
org:2.6094379124341005
robert:1.0
subject:1.0
would:1.0
clipper:2.09861228866811
make:1.6931471805599454
good:2.09861228866811
cover:1.6931471805599454
encrypt:1.6931471805599454
method:1.0
repli:1.0
kadi:2.09861228866811
eff:2.09861228866811
messag:2.09861228866811
tue:1.0
20:1.0
apr:1.0
1993:1.0
03:1.0
26:1.0
23:1.0
gmt:1.0
nntp:1.0
post:1.0
host:1.0
organ:1.0
corp:1.0
bedford:1.0
line:1.0
52:1.0
articl:1.0
1993apr20:1.0
032623:1.0
3046:1.0
carl:1.0
write:1.0
might:1.0
way:1.0
use:2.6094379124341005
anoth:1.0
layer:1.0
custom:1.0
equip:1.0
case:1.0
roll:1.0
implement:1.0
report:1.0
wrong:1.0
key:3.302585092994046
escrow:1.0
agenc:1.0
tell:1.6931471805599454
u:1.0
go:1.6931471805599454
chip:2.386294361119891
busi:1.0
thing:1.0
goe:1.0
nsa:1.6931471805599454
someth:1.0
hide:1.0
anyon:1.0
verifi:1.0
phone:2.791759469228055
regist:1.0
serial:1.6931471805599454
number:1.6931471805599454
either:1.6931471805599454
1:1.0
court:1.6931471805599454
order:1.6931471805599454
wiretap:1.6931471805599454
judg:1.0
individu:1.0
realli:1.6931471805599454
privaci:1.0
know:2.09861228866811
enough:1.0
2:1.0
seri:1.6931471805599454
part:1.0
scari:1.0
sinc:1.6931471805599454
expect:1.0
particular:1.0
batch:1.6931471805599454
seed:1.6931471805599454
base:1.0
s1:1.0
s2:1.0
get:1.0
one:2.09861228866811
may:1.0
give:1.0
access:1.0
3:1.0
backdoor:1.6931471805599454
allow:1.0
deciph:2.09861228866811
without:1.0
find:1.6931471805599454
especi:1.0
threaten:1.0
scheme:1.0
seem:1.0
open:1.0
known:1.6931471805599454
plaintext:1.6931471805599454
attack:1.0
need:1.0
data:1.0
header:2.09861228866811
talk:1.6931471805599454
someon:1.0
presum:1.0
automat:1.0
negoti:1.0
gener:1.6931471805599454
tri:1.0
record:1.0
convers:1.6931471805599454
said:1.0
recov:1.6931471805599454
repres:1.0
say:1.0
particip:1.0
even:1.6931471805599454
wors:1.0
relat:1.0
buy:1.0
product:1.0
lot:1.0
elegantli:1.0
brute:1.0
forc:1.0
analysi:1.0
actual:1.0
appli:1.0
process:1.0
target:1.0
hmmm:1.0
think:1.0
want:1.0
ever:1.0
come:1.0
close:1.0
de:1.0
start:1.0
look:1.0
two:1.0
can:1.0
string:1.0
provid:1.0
much:1.0
better:1.6931471805599454
secur:1.0
trobert:1.0
standard:1.6931471805599454
disclaim:1.6931471805599454
function:1.0
text:1.0
clever:1.0
idea:1.6931471805599454
return:1.0
