hanson:2.386294361119891
krono:1.0
arc:2.386294361119891
nasa:2.6094379124341005
gov:2.09861228866811
robin:1.6931471805599454
subject:1.0
estim:2.6094379124341005
wiretap:3.4849066497880004
cost:3.302585092994046
benefit:1.6931471805599454
nntp:1.0
post:1.0
host:1.0
jabberwock:1.0
organ:1.0
inform:1.0
scienc:1.0
divis:1.0
line:1.0
38:1.0
attempt:1.0
write:1.0
seriou:1.0
polici:1.0
paper:1.0
examin:1.0
whether:1.0
propos:2.09861228866811
clipper:1.0
chip:2.791759469228055
effect:1.6931471805599454
tool:1.0
polic:2.09861228866811
investig:2.09861228866811
ignor:1.0
concern:1.0
govern:1.0
intrus:1.0
individu:1.0
privaci:1.0
valu:1.0
easi:1.0
greater:1.0
commun:1.6931471805599454
industri:1.0
custom:1.6931471805599454
support:2.09861228866811
technolog:2.09861228866811
rough:1.0
suggest:1.0
worth:1.0
five:1.0
million:1.6931471805599454
dollar:1.0
per:2.386294361119891
year:2.09861228866811
u:2.09861228866811
law:1.6931471805599454
enforc:1.6931471805599454
agenc:1.6931471805599454
1990:1.0
872:1.0
led:1.6931471805599454
2057:1.0
arrest:1.6931471805599454
total:1.6931471805599454
expenditur:1.0
28:1.0
billion:1.0
11:1.0
25:1.0
ref:1.0
statist:1.0
abstract:1.0
work:1.0
accur:1.0
like:1.0
ask:1.6931471805599454
hardwar:1.6931471805599454
expert:1.0
help:1.0
new:1.0
plea:1.0
send:1.0
quotabl:1.0
citeabl:1.0
mani:1.0
would:2.9459101490553135
need:1.6931471805599454
made:1.0
keep:1.0
phone:2.09861228866811
much:2.09861228866811
make:1.0
develop:1.0
first:1.0
place:1.0
peopl:1.0
etc:1.0
percentag:1.6931471805599454
cheaper:1.0
encrypt:1.6931471805599454
privat:1.0
enterpris:1.0
could:1.0
compet:1.0
meet:1.0
traffic:1.6931471805599454
taken:1.0
block:1.0
handl:1.0
put:1.0
anoth:1.0
way:1.6931471805599454
question:1.0
want:1.0
particular:1.0
pay:1.0
charg:1.0
share:1.0
full:1.0
social:1.0
forc:1.0
compat:1.0
choos:1.0
buy:1.0
find:1.0
instead:1.0
crime:1.0
ptolemi:1.0
415:1.0
604:1.0
3361:1.0
m:1.0
269:1.0
2:1.0
ame:1.0
research:1.0
center:1.0
moffett:1.0
field:1.0
ca:1.6931471805599454
94035:1.0
510:1.0
651:1.0
7483:1.0
47164:1.0
male:1.0
terrac:1.0
fremont:1.0
94539:1.0
7921:1.0
