steve:1.6931471805599454
b:1.0
access:2.09861228866811
digex:1.6931471805599454
com:1.0
brinich:1.0
subject:1.0
tap:1.0
code:1.0
good:1.0
organ:1.0
express:1.0
onlin:1.0
commun:1.0
greenbelt:1.0
md:1.0
usa:1.0
line:1.0
6:1.0
distribut:1.0
na:1.0
nntp:1.0
post:1.0
host:1.0
net:1.0
matter:1.0
difficult:1.0
design:1.0
black:1.0
box:1.0
give:1.0
emr:1.0
similar:1.0
monitor:1.0
gibberish:1.0
screen:1.0
