steve:1.6931471805599454
b:1.0
access:2.09861228866811
digex:1.6931471805599454
com:1.0
brinich:1.0
subject:1.0
tap:1.0
code:1.0
good:1.0
organ:1.0
express:1.0
onlin:1.0
commun:1.0
greenbelt:1.0
md:1.0
usa:1.0
line:1.0
5:1.0
distribut:1.0
na:1.0
nntp:1.0
post:1.0
host:1.0
net:1.0
wonder:1.0
land:1.0
fat:1.0
fee:1.0
cooper:1.0
nsa:1.6931471805599454
design:1.0
propoganda:1.0
stage:1.0
care:1.6931471805599454
say:1.0
total:1.0
perfidi:1.0
least:1.0
redeem:1.0
virtu:1.0
take:1.0
g:1.0
