rlglend:1.0
netcom:2.09861228866811
com:1.6931471805599454
robert:1.0
lewi:1.0
glenden:1.6931471805599454
subject:1.0
estim:2.6094379124341005
wiretap:3.4849066497880004
cost:3.302585092994046
benefit:1.6931471805599454
organ:1.0
onlin:1.0
commun:2.09861228866811
servic:1.0
408:1.0
241:1.0
9760:1.0
guest:1.0
line:1.0
61:1.0
articl:1.0
1993apr20:1.0
203756:1.0
20667:1.0
krono:1.6931471805599454
arc:2.09861228866811
nasa:2.791759469228055
gov:2.6094379124341005
hanson:2.386294361119891
robin:1.6931471805599454
write:1.6931471805599454
attempt:1.0
seriou:1.0
polici:1.6931471805599454
paper:2.09861228866811
examin:1.0
whether:1.0
propos:2.09861228866811
clipper:1.0
chip:2.791759469228055
effect:2.09861228866811
tool:1.0
polic:2.386294361119891
investig:2.09861228866811
ignor:1.0
concern:1.0
govern:1.6931471805599454
intrus:1.0
individu:1.0
privaci:1.0
valu:1.0
easi:1.0
greater:1.0
industri:1.0
custom:1.6931471805599454
support:2.09861228866811
technolog:2.09861228866811
rough:1.0
suggest:1.0
worth:1.6931471805599454
five:1.0
million:1.6931471805599454
dollar:2.386294361119891
per:2.386294361119891
year:2.09861228866811
u:2.386294361119891
law:1.6931471805599454
enforc:1.6931471805599454
agenc:1.6931471805599454
1990:1.0
872:1.0
led:1.6931471805599454
2057:1.0
arrest:1.6931471805599454
total:1.6931471805599454
expenditur:1.0
28:1.0
billion:1.0
11:1.0
25:1.0
ref:1.0
statist:1.0
abstract:1.0
work:1.6931471805599454
accur:1.0
like:1.6931471805599454
ask:1.6931471805599454
hardwar:1.6931471805599454
expert:1.0
help:1.0
new:1.0
plea:1.0
send:1.0
quotabl:1.0
citeabl:1.0
mani:1.0
would:2.9459101490553135
need:1.6931471805599454
made:1.0
keep:1.0
phone:2.09861228866811
much:2.09861228866811
make:1.0
develop:1.0
first:1.6931471805599454
place:1.0
peopl:1.6931471805599454
etc:2.09861228866811
percentag:1.6931471805599454
cheaper:1.0
encrypt:1.6931471805599454
privat:1.0
enterpris:1.0
could:1.0
compet:1.0
meet:1.0
traffic:1.6931471805599454
taken:1.0
block:1.0
handl:1.0
put:1.6931471805599454
anoth:1.0
way:1.6931471805599454
question:1.0
want:1.0
particular:1.0
pay:1.0
charg:1.0
share:1.0
full:1.0
social:1.0
forc:1.0
compat:1.0
choos:1.0
buy:1.0
find:1.0
instead:1.0
crime:1.0
ptolemi:1.0
415:1.0
604:1.0
3361:1.0
m:1.0
269:1.0
2:1.0
ame:1.0
research:1.0
center:1.0
moffett:1.0
field:1.0
ca:1.6931471805599454
94035:1.0
510:1.0
651:1.0
7483:1.0
47164:1.0
male:1.0
terrac:1.0
fremont:1.0
94539:1.0
7921:1.0
fuck:1.0
wast:1.0
tax:1.0
stuff:1.0
far:1.0
outsid:1.0
purvew:1.0
mission:1.0
second:1.0
problem:1.6931471805599454
econom:1.0
increment:1.0
accumul:1.0
state:1.0
power:1.0
exactli:1.0
price:1.0
loss:1.0
freedom:1.0
societi:1.6931471805599454
mayb:1.0
use:1.6931471805599454
life:1.6931471805599454
lost:1.6931471805599454
calcul:1.0
extra:1.0
kill:1.0
pain:1.0
suffer:1.0
case:1.0
tortur:1.0
caus:1.0
inevit:1.6931471805599454
collaps:1.6931471805599454
economi:1.6931471805599454
secondari:1.0
diseas:1.0
diet:1.0
plu:1.0
control:1.0
becom:1.0
corrupt:1.0
favor:1.0
resign:1.0
rather:1.0
right:1.0
go:1.0
lew:1.6931471805599454
trlglend:1.0
perspect:1.0
80:1.0
iq:1.0
point:1.0
tniel:1.0
bohr:1.0
somebodi:1.0
