random:2.09861228866811
presto:2.09861228866811
uucp:1.0
jeff:1.6931471805599454
w:1.0
hych:1.6931471805599454
subject:1.0
tap:1.0
code:1.0
good:1.0
repli:1.0
uunet:1.6931471805599454
uu:1.6931471805599454
net:1.6931471805599454
1qpg8finn982:1.0
dns1:1.0
nmsu:1.0
edu:1.0
1993apr18:1.6931471805599454
150259:1.6931471805599454
1748:1.6931471805599454
escom:1.6931471805599454
com:1.6931471805599454
distribut:1.0
na:1.0
x:1.6931471805599454
newsread:1.0
arn:1.0
v1:1.0
01:1.0
line:1.0
16:1.0
organ:1.0
articl:1.0
al:1.0
donaldson:1.0
write:1.0
unrel:1.0
question:1.0
term:1.0
clipper:1.6931471805599454
neat:1.0
alreadi:1.0
taken:1.0
intergraph:2.09861228866811
ye:1.0
trademark:1.0
risc:1.0
chip:1.0
use:1.0
thier:1.6931471805599454
workstat:1.0
wonder:1.0
go:1.0
infring:1.0
name:1.0
sake:1.0
one:1.0
