gtoal:1.6931471805599454
com:1.0
graham:1.0
toal:1.0
subject:1.0
shelf:1.0
cheap:1.0
de:1.6931471805599454
keyseach:1.0
machin:1.0
corpor:1.0
accept:1.0
wiretap:1.0
chip:1.0
line:1.0
9:1.0
ti:1.0
think:1.0
also:1.0
point:1.0
mystic:1.0
engin:1.6931471805599454
tare:1.0
known:1.0
plaintext:1.0
unless:1.0
add:1.0
ton:1.6931471805599454
realli:1.6931471805599454
smart:2.09861228866811
thardwar:1.0
assum:1.0
hardwar:1.0
g:1.0
