wc:1.6931471805599454
anchor:1.6931471805599454
ho:1.6931471805599454
att:2.09861228866811
com:2.791759469228055
bill:2.09861228866811
stewart:1.6931471805599454
1:2.386294361119891
908:1.6931471805599454
949:1.6931471805599454
0705:1.6931471805599454
subject:1.0
clipper:1.0
algorithm:2.09861228866811
secret:1.0
organ:1.0
brought:1.0
number:1.0
2:1.0
3:1.0
7:1.0
repli:1.0
bear:2.09861228866811
kestrel:1.6931471805599454
fsl:2.386294361119891
noaa:2.386294361119891
gov:2.386294361119891
messag:1.0
tue:1.0
20:1.0
apr:1.0
1993:1.0
01:1.0
41:1.0
35:1.0
gmt:1.0
1993apr18:1.0
225502:1.0
358:1.0
iecc:1.0
cambridg:1.0
u:2.09861228866811
c5pstr:1.6931471805599454
lu2:1.6931471805599454
panix:2.09861228866811
1993apr20:1.6931471805599454
014135:1.6931471805599454
24134:1.6931471805599454
nntp:1.0
post:1.0
host:1.0
rainier:1.0
line:1.6931471805599454
38:1.0
articl:1.6931471805599454
gile:1.0
write:1.6931471805599454
dfl:1.0
danni:1.0
bedlam:1.0
tthe:1.0
classifi:3.1972245773362196
militari:1.6931471805599454
contract:1.0
similar:1.0
govern:1.0
equival:1.0
let:1.0
proprietari:1.0
design:1.6931471805599454
fed:1.0
say:1.6931471805599454
nsa:1.6931471805599454
develop:1.6931471805599454
patent:3.70805020110221
publicli:1.0
avail:1.0
bet:1.0
unless:1.0
major:1.0
chang:1.0
law:1.6931471805599454
beast:1.0
exist:1.0
encourag:1.0
commun:1.0
state:1.0
art:1.0
secreci:1.0
order:1.0
suppos:1.6931471805599454
invent:1.0
voic:1.0
scrambler:1.6931471805599454
cb:1.0
radio:1.0
appli:1.0
offic:1.0
decid:1.0
might:1.6931471805599454
interest:1.0
give:1.6931471805599454
copi:1.0
applic:2.09861228866811
get:2.09861228866811
nice:1.0
note:1.0
back:1.0
nation:1.0
secur:1.0
reason:1.0
longer:1.0
allow:1.6931471805599454
make:1.0
sell:1.6931471805599454
pick:1.0
exampl:1.0
happen:1.0
late:1.0
1970:1.0
probabl:1.6931471805599454
analog:1.0
would:1.6931471805599454
violat:1.0
fcc:1.0
rule:1.0
anyway:1.0
publish:1.6931471805599454
paper:1.0
realli:1.0
spiffi:1.0
file:1.0
sinc:1.0
gain:1.0
anyth:1.0
though:1.0
countri:1.6931471805599454
differ:1.0
obvious:1.0
system:1.6931471805599454
highli:1.0
bogu:1.0
widget:1.0
see:1.0
know:1.0
own:1.0
money:1.0
work:1.6931471805599454
progress:1.0
mayb:1.0
throw:1.0
jail:1.0
espionag:1.0
kind:1.0
quit:1.0
yet:1.0
tpray:1.0
peac:1.0
bell:1.0
lab:1.0
4m312:1.0
holmdel:1.0
nj:1.0
new:1.0
jersey:1.0
cyberspac:1.0
white:1.0
hous:1.0
commect:1.0
202:1.6931471805599454
456:1.6931471805599454
1111:1.0
fax:1.0
2461:1.0
