jhan:1.6931471805599454
debra:2.09861228866811
dgbt:2.09861228866811
doc:2.386294361119891
ca:2.09861228866811
jerri:1.6931471805599454
han:1.6931471805599454
subject:1.0
tap:1.0
code:1.0
good:1.0
nntp:1.0
post:1.0
host:1.0
organ:1.0
commun:1.0
research:1.6931471805599454
centr:1.0
ottawa:1.0
distribut:1.0
na:1.0
line:1.0
58:1.0
articl:1.0
bontchev:2.386294361119891
735404289:1.0
fbihh:2.09861228866811
informatik:2.09861228866811
uni:1.6931471805599454
hamburg:2.386294361119891
de:1.6931471805599454
write:1.0
peopl:3.0794415416798357
thought:1.0
exagger:1.0
claim:1.0
crippl:1.0
chip:1.0
first:1.0
step:1.0
totalitarian:1.0
plot:1.0
civil:1.6931471805599454
liberti:1.6931471805599454
usa:1.0
seem:1.6931471805599454
even:1.6931471805599454
optimist:1.0
thing:1.6931471805599454
happen:1.6931471805599454
faster:1.0
expect:1.0
anoth:1.0
dirti:1.0
trick:1.0
use:1.0
appli:1.0
u:1.6931471805599454
communist:2.09861228866811
regim:1.0
someth:1.6931471805599454
secret:1.0
tell:1.0
fact:1.0
noth:1.0
done:1.6931471805599454
cours:1.0
explain:1.0
much:1.6931471805599454
better:1.0
situat:1.0
previou:1.0
messag:1.0
wrote:1.0
american:1.6931471805599454
wake:1.0
fight:1.0
new:1.0
propos:1.0
alreadi:1.6931471805599454
late:1.0
violat:1.0
stollen:1.0
part:1.0
sleep:1.6931471805599454
happili:1.6931471805599454
sad:1.0
one:1.6931471805599454
would:1.0
like:1.0
ask:1.0
slightli:1.0
overreact:1.6931471805599454
sudden:1.0
go:2.09861228866811
draw:1.0
parallel:1.0
nazi:1.6931471805599454
germani:2.09861228866811
russia:1.0
point:1.0
matter:1.0
ye:1.0
seriou:1.0
problem:1.0
end:1.0
world:1.6931471805599454
guess:1.6931471805599454
countri:1.6931471805599454
complain:2.386294361119891
rather:1.6931471805599454
nobodi:1.0
shoot:1.6931471805599454
real:1.0
bad:1.0
aim:1.0
live:1.0
person:1.0
without:1.0
get:2.09861228866811
shot:1.0
alway:1.0
somebodi:1.6931471805599454
wrong:1.6931471805599454
whatev:1.0
sit:1.0
figur:1.0
two:1.0
1:1.0
right:1.0
2:2.09861228866811
wors:1.0
find:1.0
pretti:1.0
damn:1.0
lucki:1.0
let:1.6931471805599454
talk:1.0
action:1.0
decid:1.0
regard:1.0
vesselin:1.6931471805599454
vladimirov:1.0
viru:1.0
test:1.0
center:1.0
univers:1.0
tel:1.0
49:1.6931471805599454
40:1.6931471805599454
54715:1.6931471805599454
224:1.0
fax:1.0
226:1.0
fachbereich:1.0
agn:1.0
pgp:1.0
public:1.0
key:1.0
avail:1.0
request:1.0
vogt:1.0
koelln:1.0
strass:1.0
30:1.0
rm:1.0
107:1.0
c:1.0
e:1.0
mail:1.0
2000:1.0
54:1.0
crc:1.0
div:1.0
behaviour:1.0
opinion:1.6931471805599454
proud:1.0
frozen:1.0
member:1.0
mighti:1.0
warrior:1.0
band:1.0
memori:1.0
left:1.0
behind:1.0
still:1.0
ring:1.0
ear:1.0
genesi:1.0
