rdippold:1.6931471805599454
qualcomm:2.386294361119891
com:2.386294361119891
ron:1.0
asbesto:1.0
dippold:1.0
subject:1.0
need:2.791759469228055
clipper:1.0
cheap:1.6931471805599454
secur:1.0
origin:1.0
qualcom:1.6931471805599454
nntp:1.0
post:1.0
host:1.0
organ:1.0
inc:1.0
san:1.0
diego:1.0
ca:1.0
line:1.0
36:1.0
gtoal:1.6931471805599454
graham:1.0
toal:1.0
write:1.0
someon:1.0
tell:1.0
hardwar:2.386294361119891
compress:2.386294361119891
run:1.0
digit:1.0
speech:1.6931471805599454
14:1.0
4k:1.0
think:1.0
heard:1.0
let:1.0
say:1.0
8:2.09861228866811
bit:2.6094379124341005
sampl:2.9459101490553135
would:1.0
raw:1.0
data:1.0
correspond:1.0
rate:2.6094379124341005
usabl:1.0
fanci:1.0
good:2.09861228866811
vocod:1.6931471805599454
like:1.0
give:1.0
8000:1.6931471805599454
per:1.0
second:2.09861228866811
lock:1.0
full:2.386294361119891
variabl:1.6931471805599454
voic:1.6931471805599454
activ:1.0
want:1.6931471805599454
le:1.0
qualiti:1.6931471805599454
cut:1.0
4000:1.6931471805599454
bp:1.0
half:1.0
could:2.386294361119891
put:1.0
two:1.6931471805599454
duplex:1.6931471805599454
convers:1.6931471805599454
v:1.6931471805599454
32bi:1.6931471805599454
modem:1.0
requir:1.6931471805599454
dsp:1.6931471805599454
asic:1.0
though:1.0
r:1.0
6000:1.0
cpu:1.0
probabl:1.0
real:1.6931471805599454
time:2.386294361119891
add:1.6931471805599454
multipli:1.0
instruct:1.0
thing:1.6931471805599454
isdn:1.0
32:1.0
kbp:1.6931471805599454
fast:1.6931471805599454
2:1.6931471805599454
1:1.6931471805599454
get:1.0
16:1.0
point:1.0
bleah:1.0
work:1.0
encrypt:1.0
method:1.0
go:1.0
problem:1.6931471805599454
new:1.0
mac:1.0
amiga:1.0
pc:1.6931471805599454
soundblast:2.09861228866811
card:1.6931471805599454
popular:1.0
also:1.0
build:1.0
simpl:1.0
adc:1.0
seem:1.0
play:1.0
backq:1.0
make:1.0
way:1.0
tough:1.0
special:1.0
capabl:1.0
sound:1.0
may:1.0
worri:1.0
automat:1.0
feel:1.0
processor:1.0
intens:1.0
estim:1.0
men:1.0
drink:1.6931471805599454
poet:1.6931471805599454
u:1.0
