wc:1.6931471805599454
anchor:1.6931471805599454
ho:1.6931471805599454
att:2.09861228866811
com:2.09861228866811
bill:2.09861228866811
stewart:1.6931471805599454
1:2.6094379124341005
908:1.6931471805599454
949:1.6931471805599454
0705:1.6931471805599454
subject:1.0
clipper:2.386294361119891
chip:3.0794415416798357
technic:1.0
summari:1.0
organ:1.0
brought:1.0
number:2.6094379124341005
2:1.6931471805599454
3:1.6931471805599454
7:1.0
repli:1.0
den:2.09861228866811
guvax:2.09861228866811
acc:2.09861228866811
georgetown:2.09861228866811
edu:2.09861228866811
messag:2.791759469228055
19:1.0
apr:1.0
93:1.0
18:1.0
23:1.0
27:1.0
0400:1.0
nntp:1.0
post:1.0
host:1.0
rainier:1.0
line:1.6931471805599454
62:1.0
articl:1.0
1993apr19:1.0
182327:1.0
3420:1.0
write:1.0
prof:1.0
descript:1.0
skipjack:1.6931471805599454
mostli:1.0
omit:1.0
tchip:1.0
structur:1.6931471805599454
tthe:1.6931471805599454
contain:1.0
classifi:1.0
64:2.386294361119891
bit:3.6390573296152584
block:3.4849066497880004
encrypt:2.386294361119891
talgorithm:1.0
call:1.0
algorithm:1.0
use:2.09861228866811
80:2.386294361119891
key:2.6094379124341005
compar:1.6931471805599454
twith:1.0
56:1.0
de:2.386294361119891
32:1.0
round:1.0
scrambl:1.0
16:1.0
tfor:1.0
support:1.0
4:2.09861228866811
mode:2.6094379124341005
oper:1.0
throughput:1.0
t16:1.0
mbit:1.0
second:1.0
tf:1.0
famili:1.0
common:1.0
tn:1.0
30:1.6931471805599454
serial:2.386294361119891
tu:1.0
secret:1.0
unlock:1.0
k:3.1972245773362196
stream:1.6931471805599454
e:3.302585092994046
digit:1.0
voic:1.0
tfed:1.0
produc:1.0
two:1.6931471805599454
valu:1.0
u:2.9459101490553135
n:2.09861228866811
f:1.6931471805599454
law:1.0
enforc:1.0
three:1.0
question:1.0
look:1.0
like:2.09861228866811
input:1.0
give:1.0
output:2.09861228866811
te:2.09861228866811
128:1.6931471805599454
192:1.6931471805599454
realli:2.09861228866811
need:1.0
transmit:2.09861228866811
256:1.6931471805599454
time:1.0
wiretap:2.9459101490553135
begin:1.6931471805599454
would:1.0
obnoxi:1.0
bandwidth:1.0
limit:1.6931471805599454
applic:1.0
cellular:1.0
phone:1.6931471805599454
even:1.0
regular:1.6931471805599454
interact:1.0
part:1.0
variou:1.0
feedback:1.6931471805599454
appli:1.0
also:1.0
get:1.0
incorpor:1.0
everyth:1.0
ecb:1.0
check:2.386294361119891
present:1.0
sinc:1.0
receiv:1.0
know:1.0
transmitt:1.0
presum:2.09861228866811
valid:2.09861228866811
form:1.0
mayb:1.0
reason:1.0
unless:1.0
sort:1.0
back:1.0
door:1.0
let:1.0
recogn:1.0
case:1.0
replac:1.0
differ:1.0
old:1.0
one:1.6931471805599454
avoid:1.0
attract:1.0
attent:1.0
postprocess:1.0
peopl:1.6931471805599454
dummi:1.0
paranoid:1.0
someon:1.0
el:1.0
hand:1.0
could:1.6931471805599454
think:1.0
solut:1.0
easili:1.0
nsa:1.0
done:1.0
someth:1.0
tthank:1.0
tpray:1.0
peac:1.0
bell:1.0
lab:1.0
4m312:1.0
holmdel:1.0
nj:1.0
new:1.0
jersey:1.0
work:1.0
cyberspac:1.0
white:1.0
hous:1.0
commect:1.0
202:1.6931471805599454
456:1.6931471805599454
1111:1.0
fax:1.0
2461:1.0
