andyl:1.0
harlqn:1.0
co:2.09861228866811
uk:2.09861228866811
andi:1.0
latto:1.6931471805599454
subject:1.0
shelf:1.0
cheap:1.0
de:2.09861228866811
keyseach:1.0
machin:1.0
corpor:1.0
accept:1.0
wiretap:1.0
chip:1.6931471805599454
repli:1.0
smb:2.09861228866811
research:2.09861228866811
att:2.9459101490553135
com:3.302585092994046
messag:1.0
wed:1.0
21:1.0
apr:1.0
1993:1.0
13:1.0
23:1.6931471805599454
18:1.0
gmt:1.0
nntp:1.0
post:1.0
host:1.0
epcot:1.0
harlequin:2.09861228866811
organ:1.0
limit:1.0
cambridg:1.0
england:1.0
1993apr20:2.09861228866811
150531:1.0
2059:1.0
magnu:1.0
ac:1.0
ohio:1.0
state:1.0
edu:1.0
192105:1.6931471805599454
11751:1.6931471805599454
ulyss:2.386294361119891
c5sy1z:1.6931471805599454
4td:1.6931471805599454
demon:1.6931471805599454
1993apr21:1.6931471805599454
132318:1.6931471805599454
16981:1.6931471805599454
line:1.0
42:1.0
articl:2.09861228866811
steven:1.6931471805599454
bellovin:1.6931471805599454
write:2.09861228866811
graham:1.0
toal:1.0
gtoal:1.6931471805599454
thousand:1.6931471805599454
ten:1.0
arithmet:1.0
plea:1.0
skipjack:1.0
2:2.09861228866811
80:2.09861228866811
possibl:1.6931471805599454
key:3.3978952727983707
yet:1.0
know:1.6931471805599454
bit:3.302585092994046
count:1.0
worri:1.0
go:1.6931471805599454
cheat:1.6931471805599454
someth:1.6931471805599454
get:1.6931471805599454
caught:1.6931471805599454
size:1.0
one:1.0
thing:1.0
verifi:1.6931471805599454
extern:1.6931471805599454
feed:1.0
lot:1.0
random:1.6931471805599454
input:1.6931471805599454
pair:1.0
tri:1.0
flip:1.0
see:1.6931471805599454
happen:1.6931471805599454
output:2.09861228866811
alreadi:1.0
half:1.0
vari:1.6931471805599454
averag:1.0
1:1.0
chang:2.09861228866811
build:1.0
weak:1.0
cryptosystem:1.6931471805599454
might:1.0
case:1.0
much:1.0
le:1.6931471805599454
power:1.0
other:1.0
sen:1.0
enter:1.0
encrypt:1.6931471805599454
late:1.0
game:1.0
contrast:1.0
design:2.09861228866811
use:2.09861228866811
earli:2.09861228866811
50:1.0
rate:1.0
appear:1.0
round:1.0
5:1.0
though:1.0
think:1.0
nsa:1.0
crude:1.0
like:2.386294361119891
consid:1.0
cryptosytem:1.0
start:1.0
xore:1.0
47:1.0
either:1.0
except:1.0
xor:1.0
system:1.6931471805599454
make:1.6931471805599454
everi:1.0
exhaust:1.6931471805599454
search:2.09861228866811
would:2.09861228866811
79:1.0
test:1.0
singl:1.0
turn:1.0
anyth:1.0
interest:1.0
rememb:1.0
promis:1.0
let:1.0
committe:1.0
outsid:1.0
expert:1.0
assum:1.0
bias:1.0
subkey:1.0
gener:1.0
schedul:1.0
stick:1.6931471805599454
sore:1.6931471805599454
thumb:1.6931471805599454
algorithm:1.0
suggest:1.0
sure:1.0
could:1.0
subtl:1.0
redund:1.0
well:1.0
hidden:1.0
still:1.0
take:1.0
far:1.0
believ:1.0
claim:1.0
real:1.0
keysiz:1.0
tandi:1.0
tandyl:1.0
