hab:2.09861228866811
panix:2.386294361119891
com:2.791759469228055
harri:2.09861228866811
shapiro:2.09861228866811
subject:1.0
secret:1.0
sourc:1.0
announc:1.0
organ:1.0
public:1.0
access:1.0
unix:1.0
nyc:1.0
line:1.0
65:1.0
1r1om5:1.0
c5m:1.0
slab:1.0
mtholyok:1.6931471805599454
edu:1.6931471805599454
jbotz:1.0
jurgen:1.0
botz:1.0
write:1.0
even:1.0
interest:1.0
smtp:1.6931471805599454
server:1.0
csrc:2.09861228866811
ncsl:2.386294361119891
nist:2.9459101490553135
gov:2.386294361119891
longer:1.0
recogn:1.0
expn:1.6931471805599454
vrfi:1.0
command:1.6931471805599454
telnet:1.0
tri:1.0
129:1.0
6:1.0
54:1.0
11:1.0
connect:1.0
escap:1.0
charact:1.0
220:1.0
first:1.0
org:2.09861228866811
sendmail:1.0
4:1.0
1:1.0
readi:1.0
tue:1.0
20:1.0
apr:1.0
93:1.0
17:1.0
01:1.0
34:1.0
edt:1.0
clipper:1.6931471805599454
500:1.0
unrecogn:1.0
seem:1.6931471805599454
like:1.6931471805599454
sombodi:1.0
snoop:1.0
around:1.0
marc:1.0
good:1.0
thing:1.0
alreadi:1.6931471805599454
csspub:1.0
mail:2.6094379124341005
list:2.791759469228055
csspab:1.0
gw:1.0
address:1.0
contain:1.0
basic:1.6931471805599454
member:2.09861228866811
secur:3.4849066497880004
board:2.386294361119891
addit:1.0
name:1.6931471805599454
post:1.0
true:1.0
follow:1.0
burrow:1.6931471805599454
ecf:1.6931471805599454
jame:1.0
director:2.791759469228055
nation:2.386294361119891
comput:2.791759469228055
system:2.6094379124341005
laboratori:2.09861228866811
mcnulti:1.6931471805599454
f:1.0
lynn:1.0
associ:1.6931471805599454
institut:2.09861228866811
standard:1.0
technolog:1.0
gangemi:2.09861228866811
dockmast:1.6931471805599454
ncsc:1.6931471805599454
mil:1.6931471805599454
gaetano:1.0
program:1.6931471805599454
wang:1.0
inc:1.6931471805599454
wrote:1.0
deborah:1.0
russel:1.0
g:1.0
sr:1.0
1991:2.09861228866811
reilli:1.0
slambert:1.0
cgin:1.0
cto:1.0
citicorp:1.0
sandra:1.0
lambert:1.0
vice:1.0
presid:1.6931471805599454
inform:2.09861228866811
citibank:1.0
n:1.0
lipner:1.6931471805599454
mitr:1.6931471805599454
corp:2.09861228866811
gallagh:1.6931471805599454
patrick:1.0
agenc:1.0
center:1.0
walker:1.6931471805599454
ti:1.0
stephen:1.0
expert:1.0
trust:1.0
glenwood:1.0
md:1.0
willi:1.6931471805599454
rand:1.6931471805599454
h:1.0
ware:1.0
execut:1.0
chair:1.0
whitehurst:1.6931471805599454
vnet:1.0
ibm:1.6931471805599454
william:1.0
data:1.0
administr:1.6931471805599454
extropi:1.6931471805599454
privat:1.6931471805599454
commun:2.386294361119891
extropian:1.6931471805599454
sinc:1.6931471805599454
