koontzd:1.6931471805599454
phobo:1.6931471805599454
lrmsc:1.0
loral:1.6931471805599454
com:1.0
david:1.0
koontz:1.0
subject:1.0
fed:1.0
troll:1.0
mutil:2.386294361119891
law:3.8903717578961645
enforc:3.8903717578961645
block:4.044522437723423
origin:1.6931471805599454
organ:1.0
rolm:1.0
comput:1.0
system:2.386294361119891
line:1.0
121:1.0
den:1.0
skipjack:1.6931471805599454
encrypt:3.8903717578961645
algorithm:1.0
f:2.9459101490553135
80:1.6931471805599454
bit:2.791759469228055
famili:2.386294361119891
key:3.5649493574615367
common:1.0
chip:3.772588722239781
n:3.0794415416798357
30:1.6931471805599454
serial:3.5649493574615367
number:3.6390573296152584
u:2.386294361119891
secret:1.0
unlock:1.0
messag:1.6931471805599454
e:2.6094379124341005
k:2.6094379124341005
stream:3.302585092994046
session:1.6931471805599454
transmit:2.09861228866811
unit:1.6931471805599454
along:1.0
presum:1.6931471805599454
protocol:3.1972245773362196
recov:2.09861228866811
noth:1.0
el:1.0
differenti:1.0
analysi:1.0
postul:1.0
logic:1.0
sit:1.0
clipper:3.4849066497880004
commun:1.6931471805599454
channel:2.09861228866811
function:1.0
spoof:2.791759469228055
twofold:1.0
t1:1.0
xor:1.6931471805599454
secondari:1.6931471805599454
variabl:1.6931471805599454
render:1.0
unrecover:1.0
t2:1.0
receiv:1.6931471805599454
incom:1.0
assum:1.0
integr:1.0
necessari:1.0
local:1.0
oper:1.6931471805599454
checksum:1.0
sequenc:1.6931471805599454
control:1.6931471805599454
etc:1.0
net:1.0
result:1.6931471805599454
hide:1.0
probabl:1.6931471805599454
theer:1.0
known:1.6931471805599454
plaintext:2.09861228866811
pattern:1.0
use:3.4849066497880004
filler:1.0
contain:2.6094379124341005
34:1.0
gener:1.6931471805599454
u1:1.0
u2:1.0
correct:1.6931471805599454
determin:1.0
wherea:1.0
one:2.386294361119891
propos:1.0
feder:1.0
agenc:1.0
deni:1.6931471805599454
could:3.3978952727983707
test:1.6931471805599454
examin:1.6931471805599454
pad:1.0
select:1.0
alter:1.6931471805599454
detect:2.386294361119891
better:1.0
approach:1.0
would:2.9459101490553135
entir:2.09861228866811
done:1.0
group:1.0
scheme:2.09861228866811
de:1.0
chanc:1.0
lessen:1.0
want:1.6931471805599454
bet:1.0
transmiss:2.791759469228055
recogn:1.0
decrypt:1.6931471805599454
target:1.6931471805599454
search:1.0
digit:1.0
becom:1.0
wide:1.0
avail:1.0
requir:2.386294361119891
refus:1.0
way:1.0
avoid:1.0
notic:1.0
inform:1.0
well:1.0
goal:1.0
secur:2.386294361119891
without:1.6931471805599454
redress:1.6931471805599454
intercept:1.6931471805599454
within:1.6931471805599454
data:1.6931471805599454
return:1.0
state:1.0
proper:1.0
somewhat:1.0
improb:1.0
yet:1.6931471805599454
like:1.0
event:1.0
valid:2.386294361119891
accept:1.0
implement:1.0
anywher:1.0
includ:1.0
exist:1.0
product:1.0
subborn:1.0
high:1.6931471805599454
right:1.6931471805599454
super:2.09861228866811
encipher:1.0
allow:1.0
disclosur:1.0
must:1.0
adequ:1.0
recover:1.0
mean:1.0
see:1.0
cut:1.0
out:1.0
procur:1.0
phone:1.0
enough:1.0
steal:1.0
mistak:1.0
part:1.0
author:1.0
nice:1.0
point:1.6931471805599454
privaci:1.0
associ:1.0
particular:1.0
lot:1.0
manufactur:1.0
distribut:1.0
process:1.0
hope:1.0
list:1.0
miss:1.0
stolen:1.0
suffici:1.0
attact:1.0
made:1.0
difficult:1.0
tempor:1.6931471805599454
spatial:1.6931471805599454
relationship:1.6931471805599454
tip:1.0
aforement:1.0
captur:2.09861228866811
codebook:1.0
sustitut:1.0
store:1.0
librari:1.0
util:1.0
match:1.0
remaind:1.0
simpli:1.0
lie:1.0
deliv:1.0
monitor:1.0
hostil:1.6931471805599454
forc:1.6931471805599454
seemingli:1.0
authent:1.0
manual:1.0
fend:1.0
escal:1.0
code:1.0
might:1.6931471805599454
independ:1.0
attack:1.0
base:1.6931471805599454
knowledg:1.0
reveal:1.0
invalid:1.6931471805599454
chang:1.0
actual:1.0
synchron:1.0
endpoint:1.0
life:1.0
time:2.09861228866811
limit:1.0
follow:1.0
need:1.0
larg:1.0
hey:1.0
suppos:1.0
million:1.0
thing:1.0
ad:1.0
stamp:1.0
impract:1.0
real:1.0
clock:1.0
idea:1.0
