wc:1.6931471805599454
anchor:1.6931471805599454
ho:1.6931471805599454
att:2.09861228866811
com:2.791759469228055
bill:2.09861228866811
stewart:1.6931471805599454
1:2.386294361119891
908:1.6931471805599454
949:1.6931471805599454
0705:1.6931471805599454
subject:1.0
open:1.0
letter:1.0
mr:1.0
clinton:1.0
organ:1.0
sorcer:1.0
apprentic:1.0
clean:1.0
servic:2.09861228866811
repli:1.0
strnlght:1.6931471805599454
netcom:2.09861228866811
messag:1.0
sat:1.0
17:1.0
apr:1.0
1993:1.0
04:1.0
41:1.0
19:1.0
gmt:1.0
nntp:1.0
post:1.0
host:1.0
rainier:1.0
line:1.6931471805599454
26:1.0
articl:1.0
strnlghtc5m2cv:1.0
8hx:1.0
david:1.0
sternlight:1.0
write:1.0
simpl:1.0
way:1.0
convert:1.0
clipper:1.0
propos:1.0
unexception:1.0
one:1.0
make:1.6931471805599454
voluntari:1.6931471805599454
get:1.0
high:1.0
qualiti:1.0
secur:1.6931471805599454
nsa:1.0
classifi:1.0
technolog:1.0
agre:1.0
escrow:1.6931471805599454
key:1.6931471805599454
otherwis:1.0
disturb:1.0
part:1.0
use:1.6931471805599454
product:1.0
press:1.0
releas:1.0
talk:1.0
white:1.6931471805599454
hous:1.6931471805599454
unwilling:1.0
decid:1.0
citizen:1.0
right:1.0
good:1.6931471805599454
commerci:1.6931471805599454
crypto:2.09861228866811
gear:1.0
altern:2.09861228866811
permit:1.0
long:1.0
provid:1.0
clear:1.0
implic:1.0
consid:1.0
ban:1.0
addit:1.0
real:1.0
total:1.0
legal:1.0
allow:1.0
export:1.6931471805599454
realli:1.0
equip:1.6931471805599454
except:1.0
govern:1.6931471805599454
friend:1.0
e:1.0
g:1.0
australian:1.0
even:1.0
bad:1.0
permiss:1.0
regul:1.0
control:1.0
cellular:1.6931471805599454
telephon:1.0
compani:1.0
sure:1.0
two:1.0
competitor:1.0
joe:1.0
garag:1.0
start:1.0
offer:1.0
tpray:1.0
peac:1.0
bell:1.0
lab:1.0
4m312:1.0
holmdel:1.0
nj:1.0
new:1.0
jersey:1.0
work:1.0
cyberspac:1.0
commect:1.0
202:1.6931471805599454
456:1.6931471805599454
1111:1.0
fax:1.0
2461:1.0
