pp:1.0
cbnewsl:1.0
cb:1.0
att:1.6931471805599454
com:1.0
peter:1.6931471805599454
peng:1.6931471805599454
subject:1.0
need:1.0
info:1.0
mazda:1.6931471805599454
626:2.386294361119891
organ:1.0
bell:1.0
laboratori:1.0
distribut:1.0
na:1.0
keyword:1.0
mazeda:1.0
line:1.0
15:1.0
test:1.0
drove:1.0
lx:1.0
past:1.0
weekend:1.0
like:1.0
dealer:1.0
offer:1.0
15k:1.0
1:1.0
good:1.0
price:1.0
2:1.0
comment:1.0
gener:1.0
plea:1.0
use:1.0
email:1.0
thank:1.0
hotsoup:1.0
