mike:2.386294361119891
mk:2.386294361119891
com:1.6931471805599454
brookbank:1.6931471805599454
subject:1.0
mgb:2.09861228866811
real:1.0
world:1.0
organ:1.0
mortic:1.6931471805599454
kern:1.6931471805599454
system:1.6931471805599454
inc:1.6931471805599454
waterloo:1.6931471805599454
ontario:1.6931471805599454
canada:1.6931471805599454
line:1.0
14:1.0
sister:1.0
one:1.6931471805599454
last:1.0
year:1.6931471805599454
produc:1.0
1978:1.0
1979:1.0
good:1.0
shape:1.0
bug:1.0
sell:1.6931471805599454
said:1.0
car:1.6931471805599454
worthless:1.0
maintain:1.0
may:1.0
actual:1.0
increas:1.0
valu:1.0
result:1.0
limit:1.0
avail:1.0
u:1.0
right:1.0
affectionado:1.0
still:1.0
will:1.0
pay:1.0
6k:1.0
8k:1.0
old:1.0
mg:1.0
lot:1.0
market:1.0
35:1.0
king:1.0
st:1.0
north:1.0
director:1.0
interopen:1.0
sale:1.0
mkt:1.0
519:1.6931471805599454
884:1.6931471805599454
2251:1.0
n2j:1.0
2w9:1.0
fax:1.0
8861:1.0
