dduff:1.0
col:1.6931471805599454
hp:2.386294361119891
com:1.6931471805599454
dave:1.0
duff:1.0
subject:1.0
u:1.0
drive:1.0
left:1.6931471805599454
articl:1.0
1pqtuiinnj5d:1.0
organ:1.0
colorado:1.0
spring:1.0
divis:1.0
line:1.0
2:1.0
nntp:1.0
post:1.0
host:1.0
fajita19:1.0
c:1.0
itc:1.0
desoto:1.0
first:1.0
year:1.0
manufactur:1.0
1928:1.0
may:1.0
inde:1.0
export:1.0
special:1.0
hand:1.0
control:1.0
standard:1.0
