netop:1.0
tekgen:1.6931471805599454
bv:1.0
tek:1.0
com:1.0
randi:1.0
king:1.0
subject:1.6931471805599454
left:1.6931471805599454
turn:2.09861228866811
signal:1.6931471805599454
stop:2.09861228866811
automaticali:1.6931471805599454
articl:1.0
2408:1.0
organ:1.0
tektronix:1.0
inc:1.0
beaverton:1.0
line:1.0
5:1.0
say:1.0
1984:1.0
chev:1.0
s10:1.0
pickup:1.0
caus:1.0
mechan:1.0
problem:1.0
steer:1.6931471805599454
wheel:1.6931471805599454
note:1.0
truck:1.0
market:1.0
gt:1.0
grant:1.0
instal:1.0
