netop:1.0
tekgen:1.6931471805599454
bv:1.0
tek:1.0
com:1.0
randi:1.0
king:1.0
subject:1.0
headlight:2.09861228866811
problem:2.09861228866811
keyword:1.0
articl:1.0
2407:1.0
organ:1.0
tektronix:1.0
inc:1.0
beaverton:1.0
line:1.0
6:1.0
thank:1.6931471805599454
respond:1.0
post:1.0
truck:1.0
low:1.0
beam:1.0
loo:1.0
wire:1.0
connect:1.0
fuse:1.0
minor:1.0
suggest:1.0
