em:2.09861228866811
michael:2.791759469228055
appl:2.386294361119891
com:2.386294361119891
e:2.09861228866811
smith:2.09861228866811
subject:1.0
hard:1.0
chang:1.0
spring:3.3978952727983707
f350:1.6931471805599454
truck:2.09861228866811
organ:1.0
circl:1.0
c:1.0
shellfish:1.0
ranch:1.0
shore:1.0
pacif:1.0
california:1.0
line:2.9459101490553135
88:1.0
bottom:2.09861228866811
work:2.386294361119891
tip:1.0
techniqu:1.0
includ:1.0
articl:1.6931471805599454
c4zzpn:1.0
ax7:1.0
constel:1.0
ecn:1.6931471805599454
uoknor:1.6931471805599454
edu:1.6931471805599454
callison:1.6931471805599454
uokmax:1.0
jame:1.0
p:1.0
write:1.6931471805599454
1993apr3:1.0
005245:1.0
10615:1.0
take:2.09861228866811
peculiar:1.0
tool:1.0
remov:1.0
rear:1.6931471805599454
ford:1.6931471805599454
4x4:1.0
leaf:2.09861228866811
front:1.6931471805599454
big:1.0
socket:2.386294361119891
air:1.0
wrench:2.386294361119891
floor:2.09861228866811
jack:2.791759469228055
hydrol:1.0
bottl:2.09861228866811
home:1.0
found:1.0
need:1.6931471805599454
smaller:1.0
undo:2.6094379124341005
shock:1.6931471805599454
wd40:1.6931471805599454
help:1.6931471805599454
metric:1.0
exact:1.0
fit:1.0
abl:1.0
use:1.6931471805599454
sae:1.0
13:1.0
16:1.6931471805599454
15:1.0
rather:1.0
close:1.6931471805599454
21:1.0
24mm:1.0
fun:1.0
canadian:1.0
pictur:1.0
u:2.09861228866811
bolt:3.0794415416798357
put:2.386294361119891
axl:1.6931471805599454
rais:1.6931471805599454
bed:1.0
frame:2.09861228866811
stress:1.0
end:2.09861228866811
bush:1.6931471805599454
drop:1.6931471805599454
turn:1.0
connect:1.0
sound:1.0
right:2.09861228866811
2:2.09861228866811
side:2.09861228866811
absorb:1.0
spare:1.0
tire:1.0
garag:1.0
wooden:1.0
platform:1.0
top:1.6931471805599454
get:2.791759469228055
high:1.0
enough:2.09861228866811
one:1.6931471805599454
talll:1.0
lift:2.09861228866811
free:1.0
axel:1.6931471805599454
block:2.09861228866811
gave:1.0
room:1.0
pin:2.6094379124341005
hold:2.09861228866811
pack:2.791759469228055
togeth:2.09861228866811
held:1.0
nut:2.6094379124341005
round:1.0
head:2.386294361119891
vice:2.09861228866811
grip:2.09861228866811
fine:1.0
soak:1.0
came:1.0
flip:1.0
nightmar:1.0
wait:1.0
happen:1.0
easi:1.6931471805599454
though:1.0
physic:1.0
demand:1.0
thing:1.6931471805599454
well:1.6931471805599454
easier:1.6931471805599454
decent:1.0
trigger:1.0
job:1.0
1911a1:1.6931471805599454
ok:1.0
mayb:1.0
terribl:1.0
difficult:1.0
donno:1.0
littl:1.0
sore:1.0
today:1.0
1:2.09861228866811
5:1.0
foot:1.0
pipe:1.0
cheater:1.0
real:1.0
torqu:1.6931471805599454
spec:1.6931471805599454
150:1.0
200:1.0
ft:1.0
lb:1.0
1911:1.0
a1:1.0
kind:1.0
challeng:1.6931471805599454
back:2.386294361119891
squeez:1.0
two:1.0
hand:1.6931471805599454
third:1.0
fourth:1.0
pick:1.0
fifth:1.0
sixth:1.0
string:1.0
tie:1.0
align:1.0
could:1.0
let:1.0
go:1.0
discov:1.0
tilt:1.6931471805599454
roll:1.6931471805599454
forward:1.6931471805599454
driver:1.0
differenti:1.0
hole:1.6931471805599454
passeng:1.0
wrestl:1.0
wheel:1.0
inch:1.0
spent:1.0
hour:1.0
lever:1.0
rope:1.0
impliment:1.0
distruct:1.0
took:1.0
break:1.0
thought:1.0
anymor:1.0
sinc:1.0
move:2.09861228866811
someth:1.0
el:1.6931471805599454
must:1.0
hmmm:2.09861228866811
longer:1.0
constrain:1.0
much:1.0
btw:1.0
ride:1.0
softer:1.0
quit:1.0
soft:1.0
hope:1.0
least:1.0
sit:1.0
level:1.0
whatev:1.0
dream:1.0
begin:1.0
bold:1.0
geniu:1.0
power:1.0
magic:1.0
goeth:1.0
respons:1.0
anyon:1.0
everyth:1.0
disclaim:1.0
