pminocha:1.0
frx400:1.6931471805599454
intel:2.09861228866811
com:1.6931471805599454
punit:1.0
minocha:1.0
qre:1.0
subject:1.0
saab:2.09861228866811
mail:1.6931471805599454
list:1.6931471805599454
organ:1.0
corpor:1.0
line:1.0
9:1.0
distribut:1.0
usa:1.0
nntp:1.0
post:1.0
host:1.0
keyword:1.0
could:1.6931471805599454
someon:1.0
plea:1.0
tell:1.0
get:1.0
onto:1.0
specif:1.0
need:1.0
address:1.0
instruct:1.0
thank:1.0
advanc:1.0
pete:1.0
