shou:2.09861228866811
logo:1.6931471805599454
asd:2.09861228866811
sgi:2.09861228866811
com:2.09861228866811
tom:2.09861228866811
subject:1.0
ford:1.6931471805599454
explor:1.6931471805599454
4wd:2.09861228866811
need:2.09861228866811
perform:1.6931471805599454
axl:2.09861228866811
organ:1.0
silicon:1.0
graphic:1.6931471805599454
inc:1.0
line:1.0
27:1.0
nntp:1.0
post:1.0
host:1.0
consid:1.0
get:1.0
xlt:1.0
follow:1.0
question:1.0
would:1.0
go:1.0
ski:1.0
road:1.0
1:1.0
limit:1.0
slip:1.0
purpos:1.0
allow:1.0
tire:2.09861228866811
act:1.0
independ:1.0
differ:1.0
terrain:1.6931471805599454
2:1.0
p235:1.0
75x15:1.0
season:1.0
p225:1.0
70x15:1.0
good:1.0
enough:1.0
u:1.0
lake:1.0
taho:1.0
thank:1.0
tsilicon:1.0
tshou:1.0
t2011:1.0
n:1.0
shorelin:1.0
blvd:1.0
t415:1.6931471805599454
390:1.0
5362:1.0
tm:1.0
8u:1.0
815:1.0
962:1.0
0494:1.0
fax:1.0
tmountain:1.0
view:1.0
ca:1.0
94043:1.0
