zakir:1.6931471805599454
leland:1.0
stanford:1.6931471805599454
edu:1.0
sahul:1.0
subject:1.0
inflat:1.0
car:1.6931471805599454
price:1.6931471805599454
organ:1.0
dsg:1.0
univers:1.0
ca:1.0
94305:1.0
usa:1.6931471805599454
distribut:1.0
line:1.0
5:1.0
anyon:1.0
figur:1.0
pointer:1.0
refer:1.0
fast:1.0
much:1.0
gone:1.0
last:1.0
decad:1.0
thank:1.0
