boyl:1.6931471805599454
cactu:1.6931471805599454
org:1.0
craig:1.6931471805599454
subject:1.0
basic:1.6931471805599454
mainten:1.0
articl:2.09861228866811
1993apr6:1.0
002142:1.0
6753:1.0
organ:1.0
capit:1.0
area:1.0
central:1.0
texa:1.0
unix:1.0
societi:1.0
austin:1.0
tx:1.0
line:1.0
30:1.0
1993apr5:1.0
175719:1.0
7892:1.0
telxon:2.386294361119891
mi:1.6931471805599454
com:1.6931471805599454
joe:1.6931471805599454
staudt:1.0
write:1.6931471805599454
1piip4:1.0
bo6:1.0
agat:1.0
berkeley:1.6931471805599454
edu:1.6931471805599454
hubertc:1.0
whistl:1.0
c:1.0
hung:1.0
hsien:1.0
hubert:1.0
chang:2.09861228866811
hi:1.0
new:1.0
car:1.6931471805599454
owner:1.0
would:1.0
pretti:1.0
much:1.0
like:1.0
know:2.09861228866811
maintain:1.0
follow:1.0
1:1.0
oil:2.386294361119891
everi:2.09861228866811
3000:1.0
mile:1.0
filter:1.0
2:1.0
check:2.386294361119891
tire:2.09861228866811
go:1.0
high:1.0
way:1.0
fill:1.6931471805599454
tank:1.0
make:1.0
monthli:1.0
often:1.0
one:1.0
slow:1.0
leak:1.6931471805599454
fix:1.0
other:1.0
thank:1.0
4:1.0
fluid:1.0
regularli:1.0
month:1.0
time:1.0
ga:1.6931471805599454
work:1.0
well:1.0
engin:1.6931471805599454
hot:1.0
accur:1.0
cool:1.0
e:1.0
station:1.0
