boyl:1.6931471805599454
cactu:1.6931471805599454
org:2.09861228866811
craig:1.6931471805599454
subject:1.0
integra:3.3978952727983707
gsr:2.9459101490553135
articl:2.09861228866811
1993apr6:1.0
035020:1.0
16730:1.0
organ:1.0
capit:1.0
area:1.0
central:1.0
texa:1.0
unix:1.0
societi:1.0
austin:1.0
tx:1.0
line:1.0
57:1.0
1993apr5:1.0
234729:1.0
100387:1.0
ns1:1.6931471805599454
cc:1.6931471805599454
lehigh:1.6931471805599454
edu:1.6931471805599454
daz1:1.0
demostheni:1.0
zeppo:1.0
write:1.6931471805599454
3mwf2b1w165w:1.0
njcc:1.6931471805599454
wisdom:1.6931471805599454
bubbl:1.6931471805599454
jonc:1.0
j:1.0
cochran:1.0
like:1.6931471805599454
add:1.0
beretta:2.6094379124341005
gtz:2.791759469228055
car:2.6094379124341005
kick:1.0
g:2.386294361119891
r:2.386294361119891
butt:1.0
anyday:1.0
lot:1.0
cheaper:1.0
boot:1.0
compar:1.0
appl:1.0
orang:1.0
somewhat:1.0
mustang:1.0
5:1.0
0:1.6931471805599454
crx:1.0
differ:2.09861228866811
way:1.0
thing:1.0
ought:1.0
appeal:1.0
buyer:1.0
e:1.0
think:1.0
acura:1.6931471805599454
owner:1.6931471805599454
would:2.09861228866811
seen:1.6931471805599454
dead:1.0
chevi:1.0
dealership:1.0
vice:1.0
versa:1.0
stuff:1.0
delet:1.0
weather:1.0
xgtv4:1.0
mention:1.0
ride:1.0
alot:1.0
better:1.0
come:1.6931471805599454
season:1.0
tire:1.6931471805599454
much:1.0
bigger:1.0
16:2.09861228866811
wheel:1.0
along:1.0
small:1.0
14:1.0
inch:1.0
acceleart:1.0
time:1.6931471805599454
also:1.6931471805599454
vari:1.6931471805599454
magazin:1.6931471805599454
road:1.6931471805599454
track:1.6931471805599454
driver:1.0
6:1.6931471805599454
8:1.6931471805599454
c:1.0
figur:1.6931471805599454
almost:1.6931471805599454
certainli:1.6931471805599454
bogu:1.0
base:1.0
hot:1.0
prototyp:1.0
suppli:1.0
mt:1.0
plausibl:1.0
quarter:1.0
mile:1.6931471805599454
15:1.0
4:1.6931471805599454
1:1.6931471805599454
sound:1.0
reason:1.0
probabl:1.6931471805599454
faster:1.0
regular:1.6931471805599454
handl:1.0
keep:1.0
acceler:1.0
higher:1.0
top:1.0
speed:2.09861228866811
due:1.0
horsepow:1.0
advantag:1.0
160:1.6931471805599454
117:1.6931471805599454
hp:1.0
torqu:1.6931471805599454
v:1.0
180:1.0
alway:1.0
believ:1.0
exact:1.0
number:1.0
drive:1.6931471805599454
see:1.0
self:1.0
low:1.0
torqy:1.0
high:1.0
gear:1.6931471805599454
8000:1.0
horribl:1.0
day:1.6931471805599454
need:1.0
box:1.0
modern:1.0
essenti:1.0
5th:1.0
regualr:1.0
equal:1.0
4th:1.0
buzzi:1.0
rpm:1.0
make:1.6931471805599454
still:1.0
call:1.0
moster:1.0
though:1.0
consid:1.0
save:1.0
3:1.0
000:1.0
dollar:1.0
quad4:1.0
reliabl:2.386294361119891
engin:2.09861228866811
sen:1.0
get:1.0
person:1.0
knew:1.0
bought:1.0
back:1.0
gm:1.0
lemon:1.0
piecv:1.0
junk:1.0
quick:1.0
fwd:1.0
quad:1.0
yeah:1.0
definit:1.0
safe:1.0
say:1.0
gener:1.0
near:1.0
perfect:1.0
know:1.0
throw:1.0
rod:1.0
le:1.0
5k:1.0
rare:1.0
screw:1.0
honda:1.0
flaw:1.0
perform:1.0
enthusiast:1.0
take:1.0
cr:1.0
purchas:1.0
