welti:2.386294361119891
cabot:2.09861228866811
balltown:1.6931471805599454
cma:1.6931471805599454
com:1.6931471805599454
richard:2.09861228866811
subject:1.0
saturn:2.6094379124341005
price:2.386294361119891
polici:1.0
organ:1.0
new:1.0
york:1.0
state:1.0
institut:1.0
sebastian:1.0
studi:1.0
line:1.0
20:1.0
articl:1.0
1993apr5:1.0
230808:1.0
581:1.0
c:1.6931471805599454
brown:1.6931471805599454
edu:1.6931471805599454
cs012055:1.0
hok:1.0
chung:1.0
tsang:1.0
write:1.0
moreov:1.0
realli:1.0
reduc:1.6931471805599454
dealer:1.6931471805599454
profit:1.6931471805599454
margin:1.0
1000:1.6931471805599454
car:2.386294361119891
even:1.6931471805599454
better:1.0
deal:1.0
say:1.0
alreadi:1.6931471805599454
market:1.6931471805599454
averag:1.6931471805599454
class:1.0
would:1.6931471805599454
2000:1.0
1:1.0
attract:1.0
peopl:1.0
buy:1.0
save:1.0
money:1.0
2:1.0
forc:1.0
competitor:1.0
lower:1.6931471805599454
surviv:1.0
motiv:1.6931471805599454
sell:1.0
everi:1.0
make:1.0
multipl:1.0
shift:1.0
plant:1.0
given:1.0
possibl:1.0
could:1.0
cheer:1.0
518:1.0
393:1.0
7228:1.0
noth:1.0
good:1.0
ever:1.0
report:1.0
full:1.0
rotat:1.0
race:1.0
either:1.0
pitch:1.0
roll:1.0
axi:1.0
carrol:1.0
smith:1.0
