cka52397:1.6931471805599454
uxa:1.6931471805599454
cso:1.6931471805599454
uiuc:2.6094379124341005
edu:2.386294361119891
carolinafan:1.6931471805599454
subject:1.0
saturn:3.6390573296152584
price:3.1972245773362196
polici:1.0
articl:1.6931471805599454
news:1.0
c51sma:1.0
anc:1.0
organ:1.0
univers:1.6931471805599454
illinoi:1.6931471805599454
urbana:1.6931471805599454
line:1.0
75:1.0
cs012055:1.0
c:1.0
brown:1.0
hok:1.0
chung:1.0
tsang:1.0
write:1.6931471805599454
c4vir5:1.0
l3r:1.0
shuksan:1.6931471805599454
d:1.0
boe:1.0
com:1.0
fredd:1.0
fred:1.6931471805599454
dickey:1.0
wrote:1.0
tthe:1.0
biggest:1.0
problem:1.0
peopl:2.09861228866811
seem:1.6931471805599454
dealer:3.6390573296152584
make:2.386294361119891
2k:2.09861228866811
car:3.6390573296152584
think:1.0
agre:1.0
compar:2.09861228866811
competitor:1.6931471805599454
overpr:1.0
class:1.6931471805599454
understand:1.0
point:1.6931471805599454
argu:1.0
whether:1.0
never:1.0
understood:1.0
big:1.0
deal:1.6931471805599454
profit:3.6390573296152584
either:1.0
thing:1.6931471805599454
figur:1.0
believ:2.09861228866811
minim:1.6931471805599454
total:1.0
pocket:1.6931471805599454
expens:2.09861228866811
may:2.09861228866811
true:1.6931471805599454
case:1.0
gener:1.6931471805599454
bought:1.6931471805599454
sl:1.0
januari:1.0
92:1.0
time:1.0
base:1.0
studi:1.0
decid:1.0
cheapli:1.0
sure:1.0
mayb:1.6931471805599454
could:1.0
talk:1.0
differ:1.0
import:1.6931471805599454
much:1.0
money:2.9459101490553135
left:1.0
buy:2.09861228866811
reduc:2.6094379124341005
save:2.791759469228055
show:1.0
experi:1.0
necessarili:1.6931471805599454
say:1.6931471805599454
13k:1.0
1000:2.09861228866811
would:2.09861228866811
pay:2.09861228866811
12k:1.0
tye:1.0
competet:1.0
well:1.6931471805599454
sell:1.0
intend:1.0
give:1.6931471805599454
2000:1.6931471805599454
sinc:1.0
comper:1.0
honda:1.6931471805599454
500:1.0
worth:1.0
moreov:1.0
realli:1.0
margin:1.0
even:2.09861228866811
better:1.0
alreadi:1.0
market:1.6931471805599454
averag:1.6931471805599454
1:1.0
attract:1.0
2:1.6931471805599454
forc:1.0
lower:1.6931471805599454
surviv:1.0
owner:1.0
benefit:1.0
buyer:1.0
le:1.6931471805599454
tnot:1.0
salesdroid:1.0
commis:1.6931471805599454
wherea:1.0
counterpart:1.0
dealership:1.0
per:1.6931471805599454
hour:1.0
whatev:1.0
mean:1.0
employe:1.0
taken:1.0
pas:1.0
along:1.0
pressur:1.0
salesman:1.0
woman:1.0
tmayb:1.0
depend:1.0
account:1.0
practic:1.0
rather:1.0
servic:1.0
cut:1.0
corner:1.0
contain:1.0
cost:1.0
0:1.0
02:1.0
doug:1.0
100:1.0
cka:1.0
87:1.0
carolina:1.0
blue:1.0
civic:1.0
dx:1.0
chintan:1.0
amin:1.0
champaign:1.0
mail:1.0
llama:1.0
human:1.0
good:1.0
moral:1.0
call:1.0
insan:1.0
peart:1.0
cinderella:1.0
man:1.0
