kega:1.6931471805599454
celsiustech:2.386294361119891
se:1.6931471805599454
kent:1.6931471805599454
gabrin:1.6931471805599454
subject:1.0
u:1.0
drive:2.09861228866811
left:2.791759469228055
organ:1.0
ab:1.0
line:2.386294361119891
44:1.0
articl:1.0
1993apr6:1.0
060553:1.0
22453:1.0
cactu:1.6931471805599454
org:1.6931471805599454
boyl:1.6931471805599454
craig:1.0
write:1.0
delet:1.6931471805599454
well:1.6931471805599454
sweden:2.386294361119891
australia:1.0
lord:1.0
know:1.0
wherev:1.0
el:1.0
use:1.6931471805599454
australian:1.0
still:1.0
wrong:1.0
side:3.0794415416798357
road:1.6931471805599454
believ:1.0
chang:2.09861228866811
1968:1.0
way:1.0
heard:1.0
swap:1.0
traffic:1.0
sign:1.6931471805599454
around:1.0
one:1.6931471805599454
sunday:1.6931471805599454
live:1.0
rememb:1.0
day:2.386294361119891
perfectli:1.0
1967:1.6931471805599454
09:1.0
03:1.6931471805599454
sep:1.0
remeb:1.0
exactli:1.0
time:1.0
night:1.6931471805599454
big:1.0
citi:1.0
like:1.0
stockholm:1.0
gothenburg:1.0
trafic:1.0
forbidden:1.0
exept:1.0
bus:1.0
taxi:1.0
whole:1.0
weekend:1.0
everyth:1.0
prepar:1.6931471805599454
told:1.0
follow:1.0
yellow:1.0
white:1.0
matter:1.0
arrow:1.6931471805599454
mode:1.6931471805599454
label:1.0
torn:1.0
reveal:1.0
new:1.6931471805599454
right:2.6094379124341005
year:1.0
iceland:1.0
also:1.0
car:2.386294361119891
h:1.6931471805599454
hoegertrafik:1.0
hoeger:1.0
swedish:1.0
stand:1.0
practic:1.0
alreadi:1.0
steer:1.0
wheel:2.09861228866811
even:1.0
import:1.0
uk:1.0
last:1.0
contri:1.0
japan:1.0
tanzania:1.0
think:1.6931471805599454
zeeland:1.0
south:1.0
africa:1.0
btw:1.0
sai:1.0
ivanho:1.0
knight:1.0
meet:1.0
fight:1.0
tournament:1.0
system:1.0
great:1.0
175:1.0
88:1.0
jaerfaella:1.0
oliv:1.0
berendinu:1.0
bumbl:1.0
tri:1.0
compani:1.0
sold:1.0
former:1.0
name:1.0
nobeltech:1.0
