nill:2.386294361119891
toulm:2.386294361119891
datadim:2.09861228866811
uu:1.6931471805599454
holonet:1.6931471805599454
net:1.6931471805599454
subject:1.0
use:1.6931471805599454
tauru:1.6931471805599454
sho:2.386294361119891
purchas:1.0
articl:1.6931471805599454
274:1.0
332:1.0
uupcb:1.0
repli:1.0
distribut:1.0
world:1.0
organ:1.0
data:1.0
dimens:1.0
pcboard:1.0
norcross:1.0
ga:1.0
404:1.0
921:1.0
1186:1.0
line:1.0
31:1.0
quot:1.0
jeffrey:1.0
j:1.0
nucciaron:1.0
nucci:1.0
microwav:1.0
gsfc:1.6931471805599454
nasa:1.6931471805599454
gov:1.6931471805599454
c4g8hv:1.0
cs4:1.0
skate:1.0
04:1.0
06:1.0
93:1.0
pertin:1.0
part:1.0
jj:3.5649493574615367
consid:1.0
buy:1.0
90:1.0
car:2.386294361119891
question:1.6931471805599454
37k:1.0
mile:1.0
took:1.0
test:2.386294361119891
drive:1.6931471805599454
day:1.0
came:1.0
second:1.0
anyth:1.6931471805599454
specif:1.6931471805599454
look:1.0
vintag:1.0
ask:1.0
abt:1.6931471805599454
brake:2.386294361119891
cluthch:1.0
etc:1.0
notic:1.0
clutch:2.09861228866811
engagemen:1.0
point:1.6931471805599454
seem:1.0
littl:1.0
high:1.0
sinc:1.0
auto:1.0
tragic:1.0
sure:1.0
foot:1.0
firmli:1.0
plant:1.0
start:1.6931471805599454
bit:1.0
pop:1.0
pedal:1.0
soon:1.0
engin:1.0
also:2.09861228866811
occur:1.0
bird:1.0
sc:1.0
drove:1.0
ab:1.0
self:1.6931471805599454
rotor:1.0
main:1.0
thing:1.0
replac:1.0
program:1.0
might:1.0
check:1.0
see:1.0
still:1.0
elig:1.0
chang:1.6931471805599454
well:1.0
worth:1.6931471805599454
make:1.6931471805599454
swap:1.0
cruddi:1.0
cabl:1.0
shifter:1.6931471805599454
newer:1.0
rod:1.0
cost:1.0
usual:1.0
one:1.0
wibbl:1.0
wobbl:1.0
startup:1.0
probabl:1.0
normal:1.0
know:1.0
interest:1.0
kind:1.0
tire:1.0
winqwk:1.0
2:1.0
0b:1.0
131:1.0
good:1.0
time:1.0
dial:1.0
7000:1.0
