hhtra:1.6931471805599454
usho0b:1.0
hou281:2.09861228866811
chevron:2.386294361119891
com:2.09861228866811
haddock:1.6931471805599454
subject:1.0
look:2.09861228866811
buy:1.6931471805599454
dodg:1.6931471805599454
stealth:3.0794415416798357
question:1.6931471805599454
keyword:1.0
organ:1.0
line:1.0
66:1.0
articl:1.6931471805599454
1993apr2:1.0
030031:1.0
15691:1.0
cactu:1.6931471805599454
org:1.6931471805599454
boyl:1.6931471805599454
craig:1.0
write:1.6931471805599454
1993apr1:1.0
104746:1.0
usho72:1.6931471805599454
found:1.0
mopar:1.0
spec:1.0
sheet:1.0
weekend:1.0
model:1.0
wgt:1.0
hp:2.386294361119891
3086:1.0
164:1.0
e:2.09861228866811
3186:1.0
222:2.09861228866811
rt:2.09861228866811
3373:1.0
tt:1.0
3803:1.0
300:1.0
okay:1.0
take:1.6931471805599454
word:1.0
give:1.0
everi:1.0
chanc:1.0
retract:1.0
figur:1.6931471805599454
wide:1.0
known:1.0
mustang:2.6094379124341005
rate:2.09861228866811
205:2.09861228866811
17:1.0
17hp:1.0
advantag:1.0
seem:1.0
1993:1.0
5:1.6931471805599454
0:2.09861228866811
ford:1.0
chang:1.0
test:1.6931471805599454
procedur:1.6931471805599454
older:1.0
still:1.6931471805599454
closer:1.0
225:1.0
mean:1.0
3:1.6931471805599454
post:2.09861228866811
weight:1.0
big:1.0
threat:1.0
ko:1.0
civic:1.0
acord:1.0
c:2.09861228866811
yeah:1.6931471805599454
sure:1.0
wet:1.0
dream:1.0
probabl:1.0
got:2.09861228866811
11:1.0
2:1.0
second:1.0
60:1.0
check:2.09861228866811
91:1.6931471805599454
issu:1.6931471805599454
strang:1.0
claim:1.0
go:2.386294361119891
ahead:1.0
asshol:1.0
realiz:1.0
idiot:1.0
data:1.0
beforepost:1.0
car:2.09861228866811
drive:1.6931471805599454
may:1.6931471805599454
222hp:1.6931471805599454
automat:1.6931471805599454
harp:1.0
1991:1.0
driver:1.0
without:1.0
number:1.6931471805599454
prove:1.0
right:1.0
gut:1.0
admit:1.0
thought:1.0
sentra:2.386294361119891
se:1.6931471805599454
r:1.6931471805599454
realli:1.0
alot:1.0
quicker:1.0
fwd:1.6931471805599454
sport:1.0
close:1.0
9k:1.0
report:1.0
plea:1.0
play:1.0
game:1.0
way:1.0
slow:1.0
took:1.6931471805599454
21:1.0
7:1.0
50:1.0
even:1.0
hyundai:1.0
excel:1.0
blow:1.0
door:1.0
12:1.0
yr:1.0
old:1.0
know:1.0
race:1.0
kick:1.0
butt:1.0
blah:2.09861228866811
let:1.0
see:1.0
yep:1.0
sound:1.0
like:1.0
oh:1.0
man:1.0
beavi:1.0
butthead:1.0
would:2.09861228866811
cost:1.0
20k:1.0
capabl:1.0
15:1.0
8:1.0
plainli:1.0
dust:1.0
dunno:1.0
someon:1.0
pick:1.0
nissan:1.0
one:1.0
travi:1.0
