qazi:2.9459101490553135
csd4:2.386294361119891
csd:2.386294361119891
uwm:2.6094379124341005
edu:2.791759469228055
aamir:2.09861228866811
hafeez:1.0
subject:1.0
differ:2.09861228866811
lexu:1.6931471805599454
300:1.6931471805599454
seri:1.0
articl:1.6931471805599454
1pr5f8inn4om:1.0
repli:1.0
organ:1.0
univers:1.0
wisconsin:1.0
milwauke:1.0
line:1.0
18:1.0
nntp:1.0
post:1.0
host:1.0
129:1.0
89:1.0
7:1.0
4:1.0
origin:1.0
1993apr5:1.0
200048:1.0
23421:1.0
ucsu:1.0
colorado:1.6931471805599454
lorenzo:1.6931471805599454
rintintin:1.0
eric:1.0
twhat:1.0
ls300:1.0
es300:2.09861228866811
gs300:2.09861228866811
seem:1.0
stop:1.0
pop:1.0
new:2.09861228866811
model:1.6931471805599454
let:1.0
put:1.0
like:1.0
similar:1.0
three:1.6931471805599454
3:2.09861228866811
liter:1.6931471805599454
engin:1.0
displac:1.0
actual:1.0
sc300:1.6931471805599454
coup:1.6931471805599454
funki:1.0
look:1.6931471805599454
sedan:2.386294361119891
share:1.6931471805599454
0:1.6931471805599454
inlin:1.0
six:1.0
popular:1.0
small:1.0
use:1.0
v6:1.0
camri:1.0
luxuri:1.6931471805599454
sport:1.0
base:1.0
execut:1.0
complet:1.0
care:1.0
rather:1.0
watch:1.0
dri:1.0
paint:1.0
