boyl:2.386294361119891
cactu:2.386294361119891
org:2.09861228866811
craig:2.09861228866811
subject:1.0
look:2.09861228866811
buy:1.0
dodg:1.6931471805599454
stealth:3.1972245773362196
question:1.6931471805599454
keyword:1.0
articl:2.386294361119891
1993apr6:1.0
041810:1.0
17295:1.0
organ:1.0
capit:1.0
area:1.0
central:1.0
texa:1.0
unix:1.0
societi:1.0
austin:1.0
tx:1.0
line:1.0
88:1.0
1993apr5:1.0
203719:1.0
usho0b:1.6931471805599454
hou281:2.386294361119891
chevron:2.386294361119891
com:2.386294361119891
hhtra:1.6931471805599454
haddock:1.6931471805599454
write:2.09861228866811
1993apr2:1.0
030031:1.0
15691:1.0
1993apr1:1.0
104746:1.0
usho72:1.6931471805599454
found:1.0
mopar:1.0
spec:1.0
sheet:1.0
weekend:1.0
model:1.0
wgt:1.0
hp:2.386294361119891
3086:1.0
164:1.0
e:2.6094379124341005
3186:1.0
222:2.09861228866811
rt:2.09861228866811
3373:1.0
tt:1.0
3803:1.0
300:1.0
okay:1.0
take:1.0
word:1.0
areth:1.0
number:2.386294361119891
state:1.0
past:1.0
5:2.9459101490553135
10:1.0
messag:1.0
realli:2.09861228866811
anger:1.0
insist:1.6931471805599454
right:1.6931471805599454
clue:1.0
car:2.6094379124341005
weigh:1.0
check:2.791759469228055
first:1.0
told:1.0
figur:2.386294361119891
implaus:1.0
give:1.0
everi:1.6931471805599454
chanc:1.6931471805599454
retract:1.6931471805599454
wide:1.0
known:1.0
mustang:2.6094379124341005
rate:2.09861228866811
205:2.09861228866811
17:1.0
17hp:1.0
advantag:1.0
seem:1.0
1993:1.0
0:2.6094379124341005
ford:1.0
chang:1.0
test:1.6931471805599454
procedur:1.6931471805599454
older:1.0
still:1.0
closer:1.0
225:1.0
mean:1.0
3:1.6931471805599454
like:1.0
hear:1.0
better:1.0
explanatin:1.0
come:1.6931471805599454
conclus:1.0
data:1.6931471805599454
big:1.0
threat:1.0
ko:1.0
civic:1.0
acord:1.0
c:2.791759469228055
yeah:1.6931471805599454
sure:1.0
wet:1.0
dream:1.0
probabl:1.0
got:1.6931471805599454
sorri:1.0
wrong:1.0
quot:1.0
del:1.0
sol:1.0
60:1.6931471805599454
8:2.09861228866811
1:1.0
accord:2.09861228866811
interestingli:1.0
faster:1.0
samerun:1.0
second:1.6931471805599454
kind:1.6931471805599454
embarass:1.0
post:2.09861228866811
make:1.0
stupid:1.0
caught:1.0
twice:1.0
11:1.0
2:1.6931471805599454
91:1.6931471805599454
issu:1.6931471805599454
strang:1.6931471805599454
claim:1.0
go:2.386294361119891
ahead:1.0
asshol:1.0
realiz:1.6931471805599454
idiot:1.0
beforepost:1.0
drive:1.6931471805599454
may:1.6931471805599454
222hp:2.386294361119891
automat:1.0
harp:1.0
1991:1.0
driver:1.0
without:1.0
prove:1.0
gut:1.0
admit:1.0
thought:1.0
gave:1.0
auto:1.0
16:1.6931471805599454
4:1.0
wonder:1.0
find:1.0
9k:1.6931471805599454
sentra:2.6094379124341005
run:1.6931471805599454
7:1.6931471805599454
se:1.6931471805599454
r:1.6931471805599454
saturn:1.0
15:1.0
think:1.0
sport:1.6931471805599454
easili:1.0
beaten:1.0
weight:1.0
le:1.0
power:1.0
much:1.0
quicker:1.6931471805599454
care:1.0
explain:1.0
abus:1.0
tri:1.0
ration:1.0
explan:1.0
went:1.0
mysteri:1.0
alot:1.0
fwd:1.0
close:1.0
report:1.0
plea:1.0
play:1.0
game:1.0
way:1.0
slow:1.0
took:1.6931471805599454
21:1.0
50:1.0
even:1.0
hyundai:1.0
excel:1.0
blow:1.0
door:1.0
guess:1.0
drove:1.0
speed:1.0
shift:1.0
