mps1:1.6931471805599454
cec1:2.09861228866811
wustl:1.6931471805599454
edu:1.6931471805599454
mihir:1.6931471805599454
pramod:1.0
shah:1.6931471805599454
subject:1.6931471805599454
saturn:2.6094379124341005
puzzl:1.6931471805599454
price:2.09861228866811
articl:1.6931471805599454
wuecl:1.0
1993apr6:1.0
074352:1.0
15514:1.0
distribut:1.0
na:1.0
organ:1.0
washington:1.0
univers:1.0
st:1.0
loui:1.0
mo:1.0
line:1.0
43:1.0
nntp:1.0
post:1.0
host:1.0
1993apr1:1.0
230642:1.0
5207:1.0
cbfsb:1.0
cb:1.6931471805599454
att:1.6931471805599454
com:1.6931471805599454
ykhsu:1.0
cbnewsf:1.0
yung:1.6931471805599454
kao:1.6931471805599454
hsu:1.6931471805599454
write:1.0
ti:2.386294361119891
person:1.0
start:1.6931471805599454
tto:1.0
question:1.0
realli:1.6931471805599454
dealer:1.6931471805599454
profit:1.6931471805599454
tamount:1.0
money:1.6931471805599454
type:1.0
car:2.6094379124341005
settl:1.0
tnew:1.0
92:1.6931471805599454
subaru:1.0
wagon:1.6931471805599454
similar:1.0
amount:1.0
tdealer:1.0
ask:1.0
sw1:1.0
ok:1.6931471805599454
know:1.0
model:1.0
think:1.0
got:1.6931471805599454
better:2.09861228866811
though:1.0
adjust:1.0
initi:1.0
idea:1.0
twhi:1.0
get:1.6931471805599454
new:1.0
ttoday:1.0
convers:1.0
friend:1.0
learn:1.0
reject:1.0
ta:1.0
ford:1.6931471805599454
tarur:1.0
cost:1.0
littl:1.6931471805599454
bit:1.0
tthan:1.0
sl2:2.6094379124341005
may:1.6931471805599454
wrong:1.6931471805599454
load:2.6094379124341005
taru:1.0
beat:1.0
agre:1.0
fulli:2.386294361119891
would:2.386294361119891
come:1.0
close:1.0
lower:1.0
end:1.0
tauru:2.791759469228055
hand:1.0
still:1.0
substanti:1.0
expens:1.0
even:1.0
glitzi:1.0
run:1.0
somewher:1.6931471805599454
around:2.09861228866811
17:1.0
000:2.6094379124341005
lx:1.0
22:1.0
23:1.0
rang:1.0
base:1.0
gl:1.0
believ:1.0
might:1.0
15:1.0
cours:1.0
sho:1.0
push:1.0
30:1.0
tri:1.0
total:1.0
differ:1.0
mainstream:1.0
sedan:1.0
statement:1.0
entir:1.0
faulti:1.0
inaccur:1.0
see:1.0
valu:1.0
tbi:1.0
oh:1.0
spend:1.0
much:1.0
time:1.0
deal:1.6931471805599454
tbe:1.0
inform:1.0
advantag:1.0
well:1.0
least:1.0
bitch:1.0
like:1.0
netter:1.0
seem:1.0
ration:1.0
pick:1.0
best:1.0
loyal:1.0
age:1.0
design:1.0
replac:1.0
impreza:1.0
probabl:1.0
good:1.0
one:1.6931471805599454
last:1.0
tthen:1.0
