ct22:2.386294361119891
cunixa:2.386294361119891
cc:2.386294361119891
columbia:3.1972245773362196
edu:2.6094379124341005
constantino:2.386294361119891
tobio:2.386294361119891
subject:2.386294361119891
quick:2.791759469228055
question:2.791759469228055
articl:2.09861228866811
news:1.0
1993apr6:1.0
050302:1.0
13153:1.0
organ:2.386294361119891
univers:2.386294361119891
line:1.0
62:1.0
nntp:1.0
post:2.09861228866811
host:1.0
newsgroup:2.791759469228055
rec:3.0794415416798357
auto:3.0794415416798357
vw:2.791759469228055
summari:2.09861228866811
expir:1.6931471805599454
sender:1.6931471805599454
repli:1.6931471805599454
followup:1.6931471805599454
distribut:2.09861228866811
keyword:2.09861228866811
remov:1.6931471805599454
panel:2.386294361119891
1993apr5:2.09861228866811
211457:2.09861228866811
12789:2.09861228866811
ole:2.9459101490553135
cdac:2.9459101490553135
com:2.9459101490553135
ssave:2.386294361119891
devil:1.6931471805599454
reincarn:1.6931471805599454
write:1.6931471805599454
take:1.6931471805599454
driver:1.6931471805599454
side:1.6931471805599454
door:1.6931471805599454
insid:1.6931471805599454
87:1.6931471805599454
honda:1.6931471805599454
prelud:1.6931471805599454
speaker:1.6931471805599454
went:1.6931471805599454
scratchi:1.6931471805599454
want:1.6931471805599454
access:1.6931471805599454
pin:1.6931471805599454
see:1.6931471805599454
one:1.6931471805599454
press:1.6931471805599454
button:1.6931471805599454
rest:1.6931471805599454
snug:1.6931471805599454
fit:1.6931471805599454
world:1.0
refer:1.0
jr:1.0
trembl:1.0
weakl:1.0
cower:1.0
fear:1.0
ruler:1.0
land:1.0
sea:1.0
air:1.0
immens:1.0
girth:1.0
erect:1.0
stand:1.0
tall:1.0
nuclear:1.0
murder:1.0
polari:1.0
megadeth:1.0
rust:1.0
peac:1.0
