balsamo:2.791759469228055
stargl:2.09861228866811
enet:2.09861228866811
dec:2.09861228866811
com:2.09861228866811
antonio:2.09861228866811
l:2.09861228866811
save:1.6931471805599454
wail:1.6931471805599454
subject:1.6931471805599454
advis:1.6931471805599454
need:1.6931471805599454
buy:1.6931471805599454
automobil:2.09861228866811
repli:1.0
organ:1.0
digit:1.6931471805599454
equip:1.6931471805599454
corpor:1.0
line:1.0
20:1.0
thwang:1.0
mentor:1.0
cc:1.0
purdu:1.0
edu:1.0
tommi:1.0
hwang:1.0
search:1.0
depend:1.0
purchas:1.0
requir:1.0
t5:1.0
v6:1.6931471805599454
car:1.0
mention:1.0
smaller:1.0
engin:1.0
toni:1.0
name:1.0
compani:1.0
corp:1.0
shrewsburi:1.0
mass:1.0
work:1.0
508:1.0
841:1.0
2039:1.0
e:1.0
mail:1.0
