rjwade:1.0
rainbow:1.0
ecn:1.0
purdu:1.6931471805599454
edu:1.6931471805599454
robert:1.0
j:1.0
wade:1.0
subject:1.0
bang:1.6931471805599454
13:1.0
000:2.09861228866811
16:1.6931471805599454
organ:1.0
univers:1.0
engin:1.6931471805599454
comput:1.0
network:1.0
distribut:1.0
na:1.0
line:1.0
18:1.0
articl:1.0
33759:1.0
oasi:1.6931471805599454
dt:1.6931471805599454
navi:1.6931471805599454
mil:1.6931471805599454
tobia:1.6931471805599454
steve:1.0
write:1.6931471805599454
rec:1.0
auto:1.0
cpkjp:1.0
vm:1.0
cc:1.0
latech:1.0
kevin:1.6931471805599454
parker:1.6931471805599454
like:1.0
get:1.0
feedback:1.0
car:2.386294361119891
buck:1.0
13000:1.0
price:1.0
rang:1.0
look:1.0
enough:1.0
civil:1.0
driven:1.0
everi:1.0
day:1.0
even:1.6931471805599454
long:1.6931471805599454
trip:1.6931471805599454
hit:1.0
ga:1.0
want:2.09861228866811
feel:1.0
acceler:1.0
handl:1.0
import:1.6931471805599454
also:1.0
reliabl:1.6931471805599454
pretti:1.0
low:1.6931471805599454
mainten:1.6931471805599454
cost:1.6931471805599454
stylish:1.0
appear:1.0
nice:1.0
show:1.0
much:1.0
go:1.0
though:1.0
mani:1.0
fast:1.0
realli:1.6931471805599454
turbo:1.0
never:1.0
care:1.0
song:1.0
sung:1.0
four:1.0
clyinder:1.0
prefer:1.0
v6:1.0
v8:1.0
suggest:1.0
one:1.0
fit:1.0
need:1.0
spell:1.0
5:1.0
0:1.0
liter:1.0
mustang:1.0
sorri:1.0
said:1.0
cviliti:1.0
