finnegan:2.386294361119891
invad:1.6931471805599454
navo:2.386294361119891
navi:2.386294361119891
mil:2.386294361119891
kenneth:1.6931471805599454
subject:1.0
top:1.0
10:1.6931471805599454
reason:1.6931471805599454
love:2.09861228866811
cr:2.386294361119891
humor:1.0
impair:1.0
articl:2.09861228866811
c:1.0
1993apr6:1.6931471805599454
195710:1.0
24227:1.0
repli:1.0
distribut:1.0
na:1.0
organ:1.0
grumman:1.0
data:1.0
system:1.0
line:1.0
28:1.0
nntp:1.0
post:1.0
host:1.0
nntpd:1.0
19510:1.0
180456:1.0
17573:1.0
magnu:2.09861228866811
ac:1.6931471805599454
ohio:1.6931471805599454
state:1.6931471805599454
edu:1.6931471805599454
jnielsen:1.0
john:1.6931471805599454
f:1.0
nielsen:1.6931471805599454
write:2.09861228866811
1993apr06:1.0
133319:1.0
7008:1.0
metric:1.6931471805599454
com:1.6931471805599454
tomh:1.0
tom:1.0
haapanen:1.0
chint:1.0
isc:1.0
nu:1.0
sg:1.0
anoth:1.0
ten:1.0
car:1.6931471805599454
salesman:1.0
new:1.0
buy:1.6931471805599454
servic:1.0
2:1.0
later:1.0
ideal:1.0
famili:1.0
sedan:1.0
number:1.0
1:1.6931471805599454
spectacl:1.6931471805599454
religi:1.0
fervour:1.0
true:1.0
believ:1.0
macho:1.6931471805599454
real:1.6931471805599454
men:1.0
would:1.0
never:1.0
bother:1.0
read:1.6931471805599454
magazin:1.0
apt:1.0
critic:1.6931471805599454
hey:1.0
man:1.0
want:1.0
especi:1.0
sinc:1.0
pay:1.0
public:1.0
accept:1.0
outsid:1.0
advertis:1.0
know:1.0
consult:1.0
baldrick:1.0
renaiss:1.0
someth:1.0
happen:1.0
peopl:1.0
black:1.0
adder:1.0
reli:1.0
consum:1.0
report:1.0
pick:1.0
automobil:1.0
like:1.0
let:1.0
field:1.0
stream:1.0
select:1.0
live:1.0
room:1.0
furnitur:1.0
