jnielsen:1.6931471805599454
magnu:2.9459101490553135
ac:2.386294361119891
ohio:2.6094379124341005
state:2.6094379124341005
edu:2.6094379124341005
john:2.6094379124341005
f:1.6931471805599454
nielsen:2.386294361119891
subject:1.0
top:1.0
10:1.6931471805599454
reason:1.6931471805599454
love:2.09861228866811
cr:2.386294361119891
humor:1.0
impair:1.0
articl:2.386294361119891
1993apr6:2.09861228866811
214754:1.0
23608:1.0
distribut:1.0
na:1.0
organ:1.0
univers:1.0
line:1.0
52:1.0
nntp:1.0
post:1.0
host:1.0
magnusug:1.0
195710:1.0
24227:1.0
c:1.0
tulan:1.0
finnegan:1.6931471805599454
navo:1.6931471805599454
navi:1.6931471805599454
mil:1.6931471805599454
write:2.386294361119891
180456:1.0
17573:1.0
1993apr06:1.0
133319:1.0
7008:1.0
metric:1.6931471805599454
com:1.6931471805599454
tomh:1.0
tom:1.0
haapanen:1.0
chint:1.0
isc:1.0
nu:1.0
sg:1.0
anoth:1.0
ten:1.0
car:2.09861228866811
salesman:1.0
new:1.0
buy:2.09861228866811
servic:1.0
2:1.0
later:1.0
ideal:1.0
famili:1.0
sedan:1.0
number:1.0
1:1.6931471805599454
spectacl:1.6931471805599454
religi:1.0
fervour:1.0
true:1.0
believ:1.0
macho:2.09861228866811
real:2.386294361119891
men:2.09861228866811
would:1.6931471805599454
never:1.0
bother:1.0
read:2.09861228866811
magazin:2.09861228866811
apt:1.0
critic:2.09861228866811
hey:1.0
man:1.0
want:1.0
especi:1.0
sinc:1.0
pay:1.0
public:1.0
accept:1.0
outsid:1.0
advertis:1.0
know:1.0
consult:1.6931471805599454
baldrick:1.6931471805599454
renaiss:1.6931471805599454
someth:1.6931471805599454
happen:1.6931471805599454
peopl:2.09861228866811
black:1.6931471805599454
adder:1.6931471805599454
reli:2.09861228866811
consum:1.6931471805599454
report:1.6931471805599454
pick:1.0
automobil:1.0
like:2.09861228866811
let:1.0
field:1.0
stream:1.0
select:1.0
live:1.0
room:1.0
furnitur:1.0
kenneth:1.0
one:1.0
ever:1.0
determin:1.0
care:1.0
btw:1.0
subscrib:1.0
three:1.0
auto:1.0
rag:1.0
think:1.6931471805599454
cu:2.09861228866811
get:1.0
bum:1.0
rap:1.0
hell:1.0
statement:1.0
said:1.6931471805599454
mean:1.0
keep:1.0
say:1.6931471805599454
good:1.0
dishwash:1.0
deterg:1.0
themsevl:1.0
mayb:1.0
content:1.0
