rwf2:1.0
ns1:1.0
cc:1.0
lehigh:1.6931471805599454
edu:1.0
robert:1.0
william:1.0
fusi:1.0
subject:1.0
fast:1.0
organ:1.0
univers:1.0
line:1.0
13:1.0
articl:1.0
3090:1.0
shaman:1.0
wv:2.09861228866811
tek:2.09861228866811
com:2.09861228866811
andrew:2.386294361119891
frip:1.6931471805599454
klossner:1.6931471805599454
wr:1.0
ite:1.0
ask:1.0
speed:1.0
130:1.0
rush:1.0
cocain:1.0
point:1.0
yeah:1.0
cop:1.0
catch:1.0
