bw662:1.0
cleveland:1.6931471805599454
freenet:1.0
edu:1.6931471805599454
bill:1.0
cray:1.0
subject:1.0
think:1.0
buy:1.0
intrepid:1.6931471805599454
good:1.0
bad:1.0
idea:1.0
organ:1.0
case:1.0
western:1.0
reserv:1.0
univers:1.0
ohio:1.0
usa:1.0
line:1.0
6:1.0
nntp:1.0
post:1.0
host:1.0
hela:1.0
in:1.0
cwru:1.0
bought:1.0
two:1.0
month:1.0
ago:1.0
happi:1.0
lot:1.6931471805599454
room:1.0
insid:1.0
even:1.0
smaller:1.0
engin:1.0
enough:1.0
power:1.0
problem:1.0
found:1.0
small:1.0
select:1.0
dealer:1.0
hot:1.0
seller:1.0
around:1.0
