zdem0a:1.6931471805599454
hgo7:1.6931471805599454
hou:1.6931471805599454
amoco:2.09861228866811
com:2.386294361119891
donna:1.6931471805599454
martz:1.6931471805599454
subject:1.0
braindead:1.0
driver:2.09861228866811
look:1.0
ahead:1.6931471805599454
keyword:1.0
bad:1.0
organ:1.0
distribut:1.0
usa:1.0
line:1.0
53:1.0
hhm:1.6931471805599454
cbnewsd:1.6931471805599454
cb:1.6931471805599454
att:1.6931471805599454
herschel:1.6931471805599454
h:2.386294361119891
mayo:2.09861228866811
write:2.09861228866811
block:2.9459101490553135
would:3.1972245773362196
passer:2.9459101490553135
good:1.6931471805599454
well:2.386294361119891
even:1.0
though:1.0
often:1.0
stupid:1.6931471805599454
realiz:1.0
rule:1.0
philosophi:1.0
feel:2.6094379124341005
particularli:1.0
sorri:1.6931471805599454
somebodi:1.6931471805599454
get:2.386294361119891
of:1.6931471805599454
worri:1.0
idiot:1.0
posit:1.0
cash:1.0
chip:1.0
mr:1.0
altruism:1.0
world:1.0
need:1.0
anoth:1.0
frustrat:1.6931471805599454
self:1.0
appoint:1.0
traffic:2.6094379124341005
cop:1.0
want:1.0
stick:1.0
nose:1.0
car:1.0
as:1.0
50:1.0
foot:1.0
semi:1.0
suppos:1.0
neck:1.0
howev:1.0
go:1.0
let:1.0
kill:1.0
bargain:1.0
delay:1.0
inevit:1.0
death:1.0
due:1.6931471805599454
le:1.0
wise:1.6931471805599454
drive:2.09861228866811
practic:1.6931471805599454
tough:1.0
never:1.6931471805599454
wrote:1.0
act:1.0
describ:1.0
state:1.0
reason:1.6931471805599454
prevent:1.0
circumst:1.6931471805599454
fail:1.6931471805599454
see:1.0
deter:1.0
way:1.6931471805599454
decreas:1.0
chanc:1.6931471805599454
involv:1.6931471805599454
accid:1.6931471805599454
fatal:1.0
otherwis:1.0
fact:2.09861228866811
could:1.0
imagin:1.0
actual:2.09861228866811
increas:1.0
especi:1.0
ride:2.09861228866811
bumper:2.386294361119891
intent:2.386294361119891
person:1.0
certainli:1.0
caus:1.0
jam:1.6931471805599454
becom:1.0
congest:1.0
mess:1.0
truck:1.0
watch:1.0
road:2.09861228866811
behind:1.0
perceiv:1.0
rapidli:1.0
close:1.0
pack:1.6931471805599454
vehicl:1.6931471805599454
tri:1.6931471805599454
avoid:1.0
caught:1.0
situat:1.0
decrib:1.0
usual:1.0
either:1.0
build:1.0
deal:1.0
life:1.0
wait:1.0
slow:1.6931471805599454
complet:1.0
pas:1.6931471805599454
make:1.0
clear:1.0
someon:2.09861228866811
decid:1.0
pull:1.0
signal:1.0
move:1.0
right:1.0
first:1.0
opportun:1.0
hope:1.0
open:1.0
courteou:1.6931471805599454
alot:1.0
safer:1.0
action:1.0
advoc:1.0
mani:1.0
imped:1.0
other:1.0
front:1.0
seem:1.0
oblivi:1.0
use:1.0
blinker:1.0
flash:1.0
light:1.0
el:1.0
briefli:1.0
speed:1.0
might:1.0
messag:1.0
faster:1.0
safe:1.0
anyon:1.0
civil:1.0
duti:1.6931471805599454
philosoph:1.0
unfathom:1.0
deserv:1.0
least:1.0
deris:1.0
soooooooo:1.0
long:1.0
