wtm:1.6931471805599454
uhura:1.6931471805599454
neoucom:2.09861228866811
edu:1.6931471805599454
bill:1.6931471805599454
mayhew:1.6931471805599454
subject:1.0
electron:1.6931471805599454
odomet:1.6931471805599454
use:2.791759469228055
bmw:1.0
question:1.0
organ:1.0
northeastern:1.0
ohio:1.0
univers:1.0
colleg:1.0
medicin:1.0
line:1.0
32:1.0
consult:1.0
someon:1.0
work:1.0
design:1.0
microprocessor:1.6931471805599454
base:1.6931471805599454
system:1.0
write:2.09861228866811
somewhat:1.6931471805599454
ofusc:1.0
pattern:1.0
eeprom:2.09861228866811
idea:1.0
make:1.6931471805599454
circuit:1.0
difficult:1.6931471805599454
program:1.0
arbitrari:1.0
valu:1.0
secondari:1.0
purpos:1.6931471805599454
acut:1.0
primari:1.0
standpoint:1.0
practic:1.0
distribut:1.0
avoid:1.0
exce:1.0
maximum:1.0
number:1.0
fof:1.0
also:1.6931471805599454
ignor:1.0
pul:1.6931471805599454
come:1.0
hall:1.0
effect:1.0
rate:1.0
higher:1.0
110:1.6931471805599454
mph:1.6931471805599454
spoof:1.0
read:1.6931471805599454
bench:1.0
least:1.0
undesir:1.0
automobil:1.0
expect:1.0
ever:1.0
exceed:1.0
oper:1.6931471805599454
case:1.0
cours:1.0
might:1.0
1993:1.0
rx:1.0
7:1.0
ecm:1.6931471805599454
modul:1.0
car:2.386294361119891
inde:1.0
store:1.0
info:1.0
condit:1.6931471805599454
sinc:1.0
steer:1.0
angl:1.0
veloc:1.0
data:2.09861228866811
etc:1.0
avail:1.0
would:1.0
collect:1.6931471805599454
sort:1.0
interest:1.0
demograph:1.6931471805599454
inform:1.6931471805599454
driver:1.0
awar:1.0
manufactur:1.6931471805599454
current:1.0
tri:1.0
enforc:1.0
warranti:1.0
restrict:1.0
could:1.6931471805599454
potenti:1.0
invas:1.0
privaci:1.0
access:1.0
drive:1.6931471805599454
style:1.0
provid:1.0
valuabl:1.0
actual:1.0
field:1.0
help:1.0
engin:1.0
appropri:1.0
person:1.0
mind:1.0
dealer:1.0
long:1.0
done:1.0
anonym:1.0
fashion:1.0
comput:1.0
servic:1.0
depart:1.0
rootstown:1.0
oh:1.0
44272:1.0
9995:1.0
usa:1.0
phone:1.0
216:1.0
325:1.0
2511:1.0
140:1.0
220:1.0
1:1.6931471805599454
146:1.0
580:1.0
n8wed:1.0
