sawicki:1.6931471805599454
naspac:1.0
tc:1.0
faa:2.09861228866811
gov:1.6931471805599454
michael:1.0
j:1.0
cta:1.0
subject:1.0
regal:2.6094379124341005
fiberglass:2.6094379124341005
part:2.386294361119891
organ:1.0
technic:1.0
center:1.0
pomona:1.0
nj:1.0
line:1.0
10:1.0
distribut:1.0
world:1.0
nntp:1.0
post:1.0
host:1.0
haydn:1.0
summari:1.0
keyword:1.0
1982:1.0
interest:1.0
buy:1.0
hood:1.0
trunk:1.0
bumper:1.0
anybodi:1.0
know:1.0
compani:1.0
make:1.0
tthank:1.0
advanc:1.0
mike:1.0
