srinagesh:1.0
gavirneni:1.0
sg48:1.0
andrew:1.6931471805599454
cmu:1.6931471805599454
edu:1.6931471805599454
subject:1.0
86:1.6931471805599454
chevi:2.09861228866811
sprint:2.09861228866811
organ:1.0
doctor:1.0
student:1.0
industri:1.0
administr:1.0
carnegi:1.0
mellon:1.0
pittsburgh:1.0
pa:1.0
line:1.0
15:1.0
nntp:1.0
post:1.0
host:1.0
po2:1.0
c:1.0
4door:1.0
odomet:1.0
turn:1.0
90k:1.0
sensor:2.6094379124341005
light:1.6931471805599454
start:1.0
blink:1.0
went:1.6931471805599454
dealer:1.6931471805599454
said:1.6931471805599454
mainten:1.0
say:1.6931471805599454
need:1.0
chang:2.09861228866811
oxygen:2.09861228866811
everi:1.0
30k:1.6931471805599454
sinc:1.0
bought:1.0
car:1.0
77k:1.0
know:1.6931471805599454
thing:1.0
happen:1.0
60k:1.0
quot:1.0
198:1.0
part:2.09861228866811
50:1.0
instal:1.0
cost:1.0
30:1.0
outsid:1.0
mechan:1.0
could:1.0
fix:1.6931471805599454
place:1.0
deep:1.0
engin:1.0
suggest:1.0
wait:1.0
till:1.0
malfunct:1.6931471805599454
anyth:1.0
anyon:1.0
own:1.0
want:1.0
got:1.0
also:1.6931471805599454
face:1.0
problem:1.0
without:1.0
help:1.6931471805599454
result:1.0
would:1.0
greatli:1.0
apprecist:1.0
thank:1.0
nagesh:1.0
