ljbartel:2.386294361119891
naomi:2.09861228866811
b23b:2.09861228866811
ingr:2.386294361119891
com:2.386294361119891
le:2.09861228866811
bartel:1.6931471805599454
subject:1.0
aftermarket:2.6094379124341005
air:1.6931471805599454
condition:1.0
repli:1.0
organ:1.0
intergraph:1.6931471805599454
corpor:1.6931471805599454
line:1.0
30:1.0
articl:1.0
1qcaueinnmt8:1.0
axon:1.0
c:3.0794415416798357
unc:1.6931471805599454
edu:1.6931471805599454
andrew:1.0
brandt:1.6931471805599454
write:1.0
look:1.0
get:1.0
instal:2.386294361119891
1987:1.0
honda:2.09861228866811
crx:1.0
si:1.0
unit:2.791759469228055
875:1.0
plu:1.0
ship:1.0
like:1.0
5:1.0
1:1.0
2:1.0
hour:1.0
top:1.0
hunk:1.0
chang:1.0
anyon:1.6931471805599454
know:1.0
place:1.6931471805599454
third:1.6931471805599454
parti:1.6931471805599454
seem:1.0
find:1.0
put:1.6931471805599454
carolina:1.0
would:1.6931471805599454
prefer:1.0
nearbi:1.0
refer:1.0
handi:1.0
thx:1.0
andi:1.0
sorri:1.0
help:1.0
question:1.0
comment:1.0
make:1.0
concern:1.0
frost:1.6931471805599454
king:1.0
temp:1.0
forget:1.0
cavali:1.0
quit:1.0
unhappi:1.0
fan:1.0
noisi:1.0
much:1.0
never:1.0
vehicl:1.0
trust:1.0
qualiti:1.0
perform:1.0
experi:1.0
ti:1.0
go:1.0
live:1.0
forev:1.0
die:1.0
tri:1.0
electron:1.0
divis:1.0
205:1.0
730:1.0
8537:1.0
