cracker:1.0
tc:1.0
fluke:1.6931471805599454
com:2.09861228866811
graham:1.6931471805599454
subject:1.0
jeep:2.09861228866811
wrangler:2.9459101490553135
opini:1.0
organ:1.0
john:1.0
mfg:1.0
co:1.0
inc:1.0
everett:1.0
wa:1.0
line:1.0
44:1.0
articl:1.0
1qht5einnjdf:1.0
hp:2.386294361119891
col:2.09861228866811
tvervaek:1.0
tom:1.0
vervaek:1.0
write:1.0
two:1.0
still:1.0
second:1.0
right:1.6931471805599454
1991:1.0
base:1.0
model:1.6931471805599454
big:1.0
6:1.6931471805599454
4:2.09861228866811
0l:1.6931471805599454
engin:1.6931471805599454
hard:1.0
top:1.6931471805599454
power:1.0
steer:1.0
air:1.6931471805599454
condit:1.0
run:1.0
like:2.6094379124341005
37k:1.0
never:1.0
shop:1.0
chang:1.6931471805599454
oil:1.6931471805599454
nice:1.6931471805599454
tall:1.0
vehicl:1.0
lube:1.6931471805599454
11:1.0
fit:1.0
occasion:1.0
take:1.0
jiffi:1.0
check:1.0
differenti:1.0
previou:1.0
nari:1.0
problem:1.0
either:1.0
colorado:1.6931471805599454
bmw:1.0
merced:1.0
volvo:1.0
togeth:1.0
fact:1.0
call:1.0
car:1.6931471805599454
hold:1.0
valu:1.0
well:1.0
easi:1.6931471805599454
resel:1.0
mine:1.0
cost:1.0
around:2.09861228866811
14:1.6931471805599454
2k:1.0
new:1.6931471805599454
cours:1.0
blow:1.0
money:1.0
island:1.0
sahara:1.6931471805599454
renegad:1.0
92:1.0
paid:1.0
1:1.0
includ:1.0
rebat:1.0
fanci:1.6931471805599454
insid:1.0
stuff:1.6931471805599454
drive:1.0
cj:1.6931471805599454
5:1.6931471805599454
year:1.0
pretti:1.0
primit:1.0
ride:1.0
dump:1.0
truck:1.0
etc:1.0
live:1.0
area:1.0
get:2.386294361119891
140:1.0
snow:1.0
per:1.0
winter:1.0
one:1.6931471805599454
go:1.0
anywher:1.0
winch:1.6931471805599454
part:1.0
seriou:1.0
road:1.0
keep:1.0
ground:1.0
clearanc:1.0
limit:1.0
suspens:1.0
travel:1.0
would:1.0
arb:1.0
locker:1.0
futur:1.0
put:1.0
180:1.0
190:1.0
20mpg:1.0
bad:1.6931471805599454
love:1.0
0:1.0
experi:1.0
sure:1.0
goe:1.0
make:1.0
