adn6285:1.6931471805599454
ritvax:1.6931471805599454
isc:2.09861228866811
rit:2.09861228866811
edu:2.09861228866811
subject:1.0
mr2:1.6931471805599454
part:2.09861228866811
nntp:1.0
post:1.0
host:1.0
vaxa:1.0
repli:1.0
organ:1.0
rochest:1.0
institut:1.0
technolog:1.0
line:1.0
4:1.0
anyon:1.0
know:1.0
dead:1.0
first:1.0
gener:1.0
need:1.0
bodi:1.0
steer:1.0
rack:1.0
minor:1.0
piec:1.0
buy:1.0
car:1.0
owner:1.0
back:1.0
3:1.0
month:1.0
pull:1.0
leg:1.0
arrrrgh:1.0
mike:1.0
