mad9a:1.6931471805599454
fermi:1.6931471805599454
cla:1.6931471805599454
virginia:2.09861228866811
edu:1.6931471805599454
michael:1.0
davi:1.6931471805599454
subject:1.0
slick:1.6931471805599454
50:1.6931471805599454
good:1.0
organ:1.0
univers:1.0
line:1.0
9:1.0
chanc:1.0
discus:1.6931471805599454
death:1.0
alreadi:1.0
could:1.0
someon:1.0
kept:1.0
mail:1.0
direct:1.0
archiv:1.0
site:1.0
basic:1.0
wonder:1.0
realli:1.0
say:1.0
also:1.0
data:1.0
support:1.0
claim:1.0
thank:1.0
info:1.0
mike:1.0
