wrat:1.0
unisql:1.6931471805599454
uucp:1.0
wharfi:1.0
subject:1.0
fast:1.0
organ:1.0
inc:1.0
austin:1.0
texa:1.0
usa:1.0
line:1.0
7:1.0
articl:1.0
3090:1.0
shaman:1.0
wv:1.6931471805599454
tek:1.6931471805599454
com:1.6931471805599454
andrew:1.0
frip:1.0
write:1.0
cocain:1.0
point:1.0
tthat:1.0
neither:1.0
harm:1.0
use:1.0
care:1.0
