rmt6r:1.0
faraday:1.0
cla:1.0
virginia:1.6931471805599454
edu:1.0
roy:1.6931471805599454
matthew:1.0
thigpen:1.0
subject:1.0
viper:1.6931471805599454
organ:1.0
univers:1.0
line:1.0
8:1.0
last:1.0
night:1.0
dream:1.6931471805599454
dad:1.0
bought:1.0
took:1.0
test:1.0
drive:1.0
without:1.0
knowledg:1.0
push:1.0
way:1.0
home:1.0
avoid:1.0
ticket:1.0
wierd:1.0
wonder:1.0
mean:1.0
