barnesm:1.6931471805599454
sun:2.386294361119891
com:2.09861228866811
mark:1.6931471805599454
barn:1.0
sunsoft:1.0
subject:1.0
lh:1.6931471805599454
workmanship:1.0
organ:1.0
microsystem:1.0
inc:1.0
line:1.0
6:1.0
distribut:1.0
world:1.0
repli:1.0
nntp:1.0
post:1.0
host:1.0
vavau:1.0
corp:1.0
follow:1.0
exampl:1.0
day:1.0
notic:1.0
fit:1.0
tunk:1.0
lid:1.0
rear:1.0
bumper:1.0
gap:1.0
quit:1.0
small:1.0
left:1.0
side:1.0
much:1.0
larger:1.0
right:1.0
blech:1.0
