maloney:2.09861228866811
badland:2.09861228866811
nodak:2.09861228866811
edu:2.09861228866811
pat:1.0
subject:1.0
pontiac:1.6931471805599454
e:1.6931471805599454
mail:1.6931471805599454
car:1.6931471805599454
club:1.6931471805599454
nntp:1.0
post:1.0
host:1.0
organ:1.0
north:1.0
dakota:1.0
higher:1.0
educ:1.0
comput:1.0
network:1.0
x:1.0
newsread:1.0
tin:1.0
version:1.0
1:1.6931471805599454
pl8:1.0
line:1.0
8:1.0
interest:1.0
know:1.0
anyon:1.0
start:1.6931471805599454
one:1.6931471805599454
anybodi:1.0
think:1.0
thank:1.0
info:1.0
give:1.0
