6500alh:1.0
ucsbuxa:1.0
ucsb:1.0
edu:1.0
archi:1.6931471805599454
holm:1.6931471805599454
subject:1.0
prizm:2.386294361119891
radio:1.6931471805599454
question:1.6931471805599454
keyword:1.0
geo:2.09861228866811
theft:1.6931471805599454
distribut:1.0
rec:1.0
line:1.0
7:1.0
lloke:1.0
lsi:1.0
today:1.0
nice:1.0
anyway:1.0
salesperson:1.0
answer:1.6931471805599454
deterr:1.0
audio:1.0
system:1.0
work:1.0
find:1.0
lteratur:1.0
thank:1.0
advanc:1.0
