sylvest:1.6931471805599454
ec:1.0
uma:1.6931471805599454
edu:2.6094379124341005
subject:1.0
ultim:1.0
awd:2.6094379124341005
vehicl:1.0
line:2.09861228866811
24:1.0
articl:1.6931471805599454
apr09:1.0
084236:1.0
19413:1.0
engr:1.6931471805599454
washington:1.6931471805599454
eliot:2.09861228866811
lanmola:1.0
write:1.6931471805599454
1q34huinnjrv:1.0
uwm:1.6931471805599454
qazi:1.0
csd4:1.0
csd:1.0
subaru:1.6931471805599454
sell:1.0
well:1.0
although:1.0
percentag:1.0
sube:1.0
purchas:1.6931471805599454
probabl:1.0
rel:1.0
high:1.0
56:1.0
sold:1.0
4wd:1.6931471805599454
audi:1.0
back:1.0
number:1.0
model:2.09861228866811
offer:1.0
one:1.0
could:1.0
80:1.6931471805599454
90:1.6931471805599454
reserv:1.0
strictli:1.0
top:1.0
goe:1.0
100:1.0
200:1.6931471805599454
80q:1.0
elimin:1.0
u:1.0
lineup:1.0
still:1.6931471805599454
avail:1.0
quattro:1.6931471805599454
version:1.0
though:1.0
hardli:1.0
cheap:1.0
true:1.0
pledg:1.0
make:1.0
option:1.0
entir:1.0
car:1.0
bring:1.0
s4:2.09861228866811
wagon:2.09861228866811
becam:1.0
call:1.0
turbo:1.0
20v:1.0
come:1.0
quick:1.0
rare:1.0
also:1.0
mike:1.0
