jason:2.386294361119891
studsi:2.09861228866811
msc:2.386294361119891
mu:2.09861228866811
edu:2.6094379124341005
hanson:1.6931471805599454
subject:1.0
warn:1.0
plea:1.0
read:1.0
organ:1.0
marquett:1.6931471805599454
univers:1.6931471805599454
depart:1.0
line:1.0
14:1.0
nntp:1.0
post:1.0
host:1.0
articl:1.6931471805599454
1993apr15:1.6931471805599454
192250:1.0
18815:1.0
cbnews:1.6931471805599454
cb:1.6931471805599454
att:1.6931471805599454
com:1.6931471805599454
turbo:1.0
gerald:1.0
l:1.0
lindahl:1.0
write:1.0
024246:1.0
8076:1.0
virginia:1.6931471805599454
ejv2j:1.0
erik:1.0
velapoldi:1.0
happen:1.0
year:1.6931471805599454
ago:1.6931471805599454
washington:1.0
dc:1.0
beltway:1.0
snot:1.0
nose:1.0
drunken:1.0
kid:1.6931471805599454
decid:1.0
would:1.0
realli:1.0
cool:1.0
throw:1.0
huge:1.0
rock:1.6931471805599454
car:1.6931471805599454
overpass:1.6931471805599454
four:1.0
five:1.0
hit:1.0
sever:1.0
seriou:1.0
injuri:1.0
sadli:1.0
toss:1.0
94:1.0
near:1.0
eau:1.0
clair:1.0
wisconsin:1.6931471805599454
kill:1.0
driver:1.0
believ:1.0
schoolteach:1.0
minnesota:1.0
915:1.0
w:1.0
ave:1.0
1010:1.0
414:1.0
288:1.0
2179:1.0
milwauke:1.0
wi:1.0
53233:1.0
2373:1.0
ham:1.0
radio:1.0
n9lea:1.6931471805599454
ae:1.0
n0ari:1.0
nocal:1.0
ca:1.0
usa:1.0
na:1.0
