music:1.6931471805599454
erich:2.09861228866811
triumf:2.6094379124341005
ca:2.09861228866811
fred:1.6931471805599454
w:1.6931471805599454
bach:1.6931471805599454
subject:1.0
auto:1.0
air:2.09861228866811
condit:2.09861228866811
without:1.0
freon:1.6931471805599454
organ:2.09861228866811
tri:1.6931471805599454
univers:2.09861228866811
meson:1.6931471805599454
facil:1.6931471805599454
line:1.0
75:1.0
distribut:1.0
usa:1.0
nntp:1.0
post:1.0
host:1.0
keyword:1.0
r12:2.6094379124341005
r:2.386294361119891
12:2.386294361119891
cfc:2.386294361119891
greenhous:2.386294361119891
news:1.0
softwar:1.0
vax:1.0
vm:1.0
vnew:1.0
1:1.0
41:1.0
articl:2.09861228866811
1993apr19:1.0
220321:1.0
4565:1.0
research:2.09861228866811
nj:2.6094379124341005
nec:2.791759469228055
com:2.9459101490553135
behanna:2.791759469228055
syl:2.09861228866811
chri:2.09861228866811
write:2.09861228866811
1993apr16:1.0
160825:1.0
25622:1.0
newsgat:1.0
sp:1.6931471805599454
mot:1.6931471805599454
rapw20:1.0
email:1.0
1993apr15:1.0
222600:1.0
11690:1.0
tsever:1.0
chemist:1.0
alreadi:1.0
come:1.0
sever:1.0
substitut:2.6094379124341005
hear:1.0
mobil:1.6931471805599454
societi:1.0
mac:1.6931471805599454
peopl:1.0
stand:1.0
rake:1.0
300:1.0
1000:1.0
per:1.6931471805599454
retrofit:1.0
automobil:1.0
mount:1.0
campaign:1.0
squash:1.0
exist:2.09861228866811
ban:1.6931471805599454
altogeth:1.0
shaki:1.0
technic:1.6931471805599454
ground:1.0
best:1.6931471805599454
outright:1.0
lie:1.0
worst:1.0
say:1.0
wrong:1.0
know:1.0
sound:1.6931471805599454
lot:1.6931471805599454
like:1.6931471805599454
200mpg:1.0
carb:1.0
oil:1.0
compani:1.0
keep:1.0
u:1.0
get:1.6931471805599454
tit:1.0
crazi:1.0
true:1.0
one:1.0
subsitut:1.0
ghg:1.0
current:1.6931471805599454
commerci:1.0
product:1.6931471805599454
unfortun:1.0
sae:1.0
committe:1.0
compris:1.0
almost:1.0
exclus:1.0
member:1.0
case:1.0
paper:1.0
altern:1.0
refriger:1.0
134a:1.0
accept:1.0
review:1.0
public:1.0
tyo:1.0
john:1.0
want:1.0
provid:1.0
detail:1.6931471805599454
repost:1.6931471805599454
volumin:1.0
later:1.0
tdod:1.0
114:1.0
1983:1.0
h:1.0
fxwg:1.0
wide:1.0
glide:1.0
jubile:1.0
red:1.0
ladi:1.0
1975:1.0
cb360t:1.0
babi:1.0
bike:1.0
disclaim:1.0
would:2.386294361119891
1991:1.0
zx:1.0
11:1.0
need:1.6931471805599454
name:1.0
agre:1.0
anyway:1.0
rais:1.0
pack:1.0
wild:1.0
corn:1.0
dog:1.0
interest:1.0
info:2.09861228866811
fact:1.0
think:2.09861228866811
realli:1.6931471805599454
appreci:1.0
suppli:1.0
hardwar:1.0
upgrad:1.0
also:1.0
use:1.6931471805599454
solvent:1.0
reagent:1.0
extract:1.0
certain:1.0
pharmaceut:1.0
correspond:1.0
useful:1.0
work:1.6931471805599454
local:1.0
engin:1.0
make:1.6931471805599454
sure:1.0
compliant:1.0
regul:2.09861228866811
troubl:1.0
tell:1.0
longer:1.0
permit:1.0
instead:1.0
caus:2.09861228866811
new:1.0
montreal:1.6931471805599454
protocol:1.6931471805599454
definit:1.0
phase:1.0
schedul:1.0
cours:1.0
done:1.0
ozon:2.386294361119891
deplet:1.6931471805599454
problem:2.386294361119891
someon:1.0
ask:1.0
earlier:1.0
govern:1.0
fast:1.0
chemic:1.0
gasolin:1.0
ga:1.6931471805599454
produc:2.386294361119891
compound:1.0
effect:1.0
infrar:1.0
trap:1.0
gas:1.0
co2:1.6931471805599454
methan:1.6931471805599454
hole:1.0
long:1.0
live:1.6931471805599454
chlorin:1.0
contain:1.0
molecul:1.0
thing:1.0
easier:1.0
someth:1.0
chloro:1.0
fluorocarbon:1.0
stop:1.0
natur:1.0
byproduct:1.0
combust:1.0
anim:1.0
plant:1.0
tree:1.6931471805599454
destroy:1.0
mani:1.0
help:1.0
noth:1.0
oper:1.0
group:1.0
internet:1.0
voic:1.0
604:1.6931471805599454
222:1.6931471805599454
1047:1.0
loc:1.0
327:1.0
278:1.0
4004:1.0
wesbrook:1.0
mall:1.0
ubc:1.0
campu:1.0
fax:1.0
1074:1.0
british:1.0
columbia:1.0
vancouv:1.0
b:1.0
c:1.0
canada:1.0
v6t:1.0
2a3:1.0
opinion:1.0
read:1.0
question:1.0
necessarili:1.0
reflect:1.0
view:1.0
employ:1.0
fellow:1.0
worker:1.0
