jdenun:1.6931471805599454
pandora:2.09861228866811
sdsu:2.09861228866811
edu:2.09861228866811
john:1.6931471805599454
denun:1.0
subject:1.0
car:1.6931471805599454
buy:2.09861228866811
stori:1.0
christ:1.0
anoth:2.386294361119891
dealer:1.0
servic:2.09861228866811
scam:1.0
organ:1.0
san:1.0
diego:1.0
state:1.6931471805599454
univers:1.0
colleg:1.0
scienc:1.0
line:1.0
40:1.0
distribut:1.0
usa:1.0
nntp:1.0
post:1.0
host:1.0
x:1.0
newsread:1.0
tin:1.0
version:1.0
1:1.6931471805599454
pl9:1.0
mark:1.0
monning:1.0
markm:1.0
bigfoot:1.0
sp:1.0
mot:1.0
com:1.0
wrote:1.6931471805599454
exactli:1.0
incid:1.0
similar:1.6931471805599454
experi:1.6931471805599454
recent:1.0
bought:1.6931471805599454
new:1.6931471805599454
truck:1.6931471805599454
pick:1.6931471805599454
vehicl:1.0
want:1.6931471805599454
littl:1.6931471805599454
haggl:1.0
agre:1.6931471805599454
price:2.386294361119891
check:1.6931471805599454
payment:1.0
plu:1.0
tax:1.6931471805599454
licens:2.09861228866811
told:2.386294361119891
back:1.0
even:1.6931471805599454
return:1.0
wait:1.0
hour:1.0
financ:2.09861228866811
guy:2.09861228866811
could:1.0
get:1.0
final:2.09861228866811
got:1.6931471805599454
everyth:1.0
went:1.0
smoothli:1.0
start:1.6931471805599454
ad:1.0
number:1.0
discov:1.0
miscalcul:1.6931471805599454
150:1.6931471805599454
said:1.6931471805599454
need:1.6931471805599454
alreadi:2.09861228866811
problem:1.6931471805599454
give:1.0
money:1.6931471805599454
thing:1.6931471805599454
happend:1.0
year:1.0
ago:1.6931471805599454
use:1.6931471805599454
ford:1.6931471805599454
bronco:1.0
sinc:1.0
stolen:1.0
week:1.0
paid:1.0
took:1.0
deliveri:1.0
sent:1.0
letter:1.6931471805599454
tell:1.6931471805599454
goof:1.0
renew:1.0
300:1.6931471805599454
send:1.0
avoid:1.0
delay:1.0
process:1.0
registr:1.0
receiv:1.6931471805599454
pink:1.0
slip:1.0
dmv:1.0
ignor:1.0
phone:1.0
call:1.6931471805599454
come:1.0
first:1.0
gener:1.0
manag:1.0
hound:1.0
extra:1.0
left:1.0
alon:1.0
paperwork:1.0
point:1.0
claus:1.0
contract:1.0
afteral:1.0
budg:1.0
deal:2.09861228866811
sign:1.0
right:1.0
would:1.6931471805599454
busi:1.6931471805599454
futur:1.0
seem:1.0
toyota:1.0
dealership:1.0
much:1.0
better:1.0
pathfind:1.0
month:1.6931471805599454
certainli:1.0
pay:1.0
last:1.0
sunday:1.0
rain:1.0
done:1.0
weekend:1.0
realli:1.0
will:1.0
kept:1.6931471805599454
think:1.0
drop:1.0
good:1.0
far:1.0
plea:1.0
