jchen:1.6931471805599454
wind:1.6931471805599454
bellcor:2.09861228866811
com:2.09861228866811
jason:1.0
chen:1.0
subject:1.0
haggl:1.0
deal:1.0
save:1.0
nntp:1.0
post:1.0
host:1.0
repli:1.0
ctt:1.0
organ:1.0
bell:1.0
commun:1.0
research:1.0
distribut:1.0
usa:1.0
line:1.0
2:1.0
local:1.0
dealer:1.0
advertis:1.0
negoti:1.0
necessari:1.0
make:1.0
wonder:1.0
