markm:1.0
bigfoot:1.0
sp:2.09861228866811
mot:1.6931471805599454
com:1.6931471805599454
mark:1.6931471805599454
monning:1.0
subject:1.0
haggl:1.0
deal:1.0
save:1.0
nntp:1.0
post:1.0
host:1.0
223:1.0
250:1.0
10:1.0
7:1.0
repli:1.0
rapw20:1.0
email:1.0
organ:1.0
distribut:1.0
usa:1.0
line:1.0
3:1.0
sure:1.0
advantag:1.0
