marshatt:1.0
feserv:1.0
cc:1.0
purdu:1.6931471805599454
edu:1.0
zauber:1.0
subject:1.0
warn:1.0
plea:1.6931471805599454
read:1.0
organ:1.0
univers:1.0
stick:1.0
automot:1.0
topic:1.0
thank:1.0
line:1.0
1:1.0
