ajg1678:1.6931471805599454
ritvax:1.6931471805599454
isc:2.09861228866811
rit:2.09861228866811
edu:2.09861228866811
subject:1.0
buick:1.0
heater:1.6931471805599454
control:1.0
nntp:1.0
post:1.0
host:1.0
vaxa:1.0
repli:1.0
organ:1.0
rochest:1.0
institut:1.0
technolog:1.0
distribut:1.0
usa:1.0
line:1.0
1:1.0
exactli:1.0
problem:1.0
70:1.0
lesabr:1.6931471805599454
also:1.0
cal:1.0
go:1.0
local:1.0
junkyard:1.0
pick:1.0
diaphragm:1.0
68:1.0
set:1.0
work:1.0
littl:1.0
bit:1.0
slow:1.0
chang:1.0
vent:1.0
defogg:1.0
better:1.0
noth:1.0
