joe:2.09861228866811
telxon:2.6094379124341005
mi:1.0
com:2.386294361119891
staudt:1.6931471805599454
subject:1.0
trade:2.386294361119891
car:3.4849066497880004
paid:1.0
pointer:1.0
plea:1.6931471805599454
organ:1.0
corpor:1.0
distribut:1.0
usa:1.0
line:1.0
35:1.0
articl:1.0
49422:1.0
fibercom:1.6931471805599454
rrg:1.0
rtp:1.0
rhonda:1.6931471805599454
gain:1.0
write:1.0
plan:1.0
purchas:2.09861228866811
new:2.9459101490553135
90:1.0
mazda:1.0
mx:1.0
6:1.0
dx:1.0
still:1.6931471805599454
got:1.0
2:1.0
year:1.6931471805599454
pay:2.386294361119891
get:1.6931471805599454
taken:1.0
account:1.0
dealership:1.0
add:1.0
amount:1.6931471805599454
price:1.6931471805599454
someon:1.0
explain:1.0
alreadi:1.0
know:1.0
call:1.0
bank:1.0
credit:1.0
union:1.0
financ:1.0
compani:1.0
hold:1.0
loan:2.09861228866811
present:1.0
current:1.6931471805599454
payoff:1.6931471805599454
cost:1.0
subtract:1.6931471805599454
dealer:1.6931471805599454
give:1.6931471805599454
turn:1.0
neg:1.0
number:1.0
need:1.6931471805599454
reconsid:1.0
deal:1.0
differ:1.0
size:1.0
take:1.0
care:1.0
old:1.0
money:1.0
pick:1.0
least:1.0
work:1.0
5:1.0
ago:1.0
ohio:1.0
thank:1.0
joseph:1.0
corp:1.0
p:1.0
box:1.0
5582:1.0
usenet:1.0
like:1.0
tetri:1.0
peopl:1.0
akron:1.0
oh:1.0
44334:1.0
0582:1.0
rememb:1.0
read:1.0
216:1.0
867:1.0
3700:1.0
x3522:1.0
j:1.0
heller:1.0
