eric:2.09861228866811
thoma:2.09861228866811
mindlink:1.0
bc:1.0
ca:1.0
subject:1.0
1962:1.6931471805599454
thunderbird:1.0
organ:1.0
mind:1.0
link:1.0
british:1.0
columbia:1.0
canada:1.0
line:1.0
4:1.0
bought:1.0
bird:1.0
would:1.0
like:1.0
info:1.0
club:1.0
around:1.0
b:1.0
c:1.0
coast:1.0
