qazi:2.9459101490553135
csd4:2.386294361119891
csd:2.386294361119891
uwm:2.386294361119891
edu:2.791759469228055
aamir:2.09861228866811
hafeez:1.0
subject:1.0
bmw:1.6931471805599454
3:1.0
seri:1.0
94:1.0
organ:1.0
univers:1.0
wisconsin:1.0
milwauke:1.0
line:1.0
14:1.0
repli:1.0
nntp:1.0
post:1.0
host:1.0
129:1.0
89:1.0
7:1.0
4:1.0
origin:1.0
articl:1.0
eabu288:1.6931471805599454
140493210752:1.0
dialin33635:1.0
slip:1.0
nt:1.0
uci:1.6931471805599454
orion:1.0
oac:1.0
alvin:1.0
go:1.0
328:1.0
1994:1.0
could:1.0
2:1.6931471805599454
5:1.0
liter:1.6931471805599454
six:1.0
suppos:1.0
enlarg:1.0
8:1.0
distant:1.0
futur:1.0
care:1.0
rather:1.0
watch:1.0
dri:1.0
paint:1.0
