organ:1.0
univers:1.0
illinoi:1.0
chicago:1.0
academ:1.0
comput:1.0
center:1.0
u37955:1.0
uicvm:1.0
uic:1.0
edu:1.0
subject:1.0
intern:1.6931471805599454
leak:1.6931471805599454
carburetor:2.386294361119891
line:1.0
9:1.0
hi:1.0
friend:1.0
1983:1.0
toyota:1.0
tercel:1.0
acceler:1.0
without:1.6931471805599454
use:1.0
ga:1.0
peddel:1.0
repairman:1.0
said:1.0
air:1.0
need:1.0
new:1.0
cost:1.0
650:1.0
like:1.0
know:1.0
possibl:1.0
fix:1.0
problem:1.0
replac:1.0
whole:1.0
thank:1.0
