jackd:1.0
sad:1.0
hp:1.6931471805599454
com:1.0
jack:1.0
dauler:1.0
subject:1.0
tire:2.09861228866811
ford:1.0
ranger:1.6931471805599454
pickup:1.0
organ:1.0
sonoma:1.0
counti:1.0
srsd:1.0
mwtd:1.0
mid:1.0
x:1.0
newsread:1.0
tin:1.0
version:1.0
1:1.6931471805599454
4:1.0
pl6:1.0
line:1.0
3:1.0
good:1.0
luck:1.0
yokohama:1.0
371:1.0
wear:1.0
well:1.6931471805599454
even:1.0
time:1.0
haul:1.0
heavi:1.0
load:1.0
done:1.0
