rll:2.09861228866811
frieda:1.6931471805599454
mitr:2.791759469228055
org:2.386294361119891
roberto:1.6931471805599454
l:1.6931471805599454
landrau:2.09861228866811
subject:1.0
eagl:1.6931471805599454
talon:2.09861228866811
tsi:2.386294361119891
lemon:1.0
nntp:1.0
post:1.0
host:1.0
organ:1.0
research:1.0
comput:1.0
facil:1.0
corpor:1.6931471805599454
bedford:1.6931471805599454
line:1.0
77:1.0
rec:1.0
auto:1.0
jay:1.0
lorenzana:1.0
u40348:1.0
uicvm:1.0
uic:1.0
edu:1.0
wrote:1.0
dear:1.0
netter:1.0
look:2.386294361119891
buy:1.6931471805599454
use:2.09861228866811
91:2.386294361119891
awd:2.791759469228055
would:1.6931471805599454
concern:1.0
car:2.791759469228055
driven:1.0
well:1.0
maintain:1.0
turbocharg:1.6931471805599454
one:2.386294361119891
never:1.6931471805599454
vehicl:1.0
unless:1.0
knew:1.0
owner:2.6094379124341005
drive:1.6931471805599454
mainten:1.0
habit:1.0
question:1.0
mention:1.0
april:1.0
consum:1.6931471805599454
report:1.6931471805599454
avoid:1.0
wonder:1.0
90:1.6931471805599454
model:2.386294361119891
ident:1.0
except:1.6931471805599454
ab:1.0
option:1.0
particular:1.0
manual:1.6931471805599454
transmiss:1.6931471805599454
ye:1.0
problem:3.0794415416798357
transaxl:2.09861228866811
synthet:1.0
lubric:1.0
solv:1.0
case:1.0
uniqu:1.0
howev:1.0
common:1.0
galant:1.0
vr4:1.0
gsx:1.0
see:1.0
list:1.6931471805599454
cr:1.0
electr:1.0
system:1.0
know:1.6931471805599454
major:1.0
complaint:1.0
area:1.0
batteri:1.0
instal:1.0
factori:1.0
low:1.0
current:1.0
rate:1.0
brake:2.09861228866811
par:1.0
first:1.6931471805599454
fwd:1.6931471805599454
built:1.0
may:2.09861228866811
1989:1.0
recal:1.0
upgrad:1.0
warp:1.0
rotor:1.0
u:1.0
insist:1.0
torqu:1.0
wrench:1.0
everi:1.0
time:2.09861228866811
lug:1.0
nut:1.0
tighten:1.0
friend:1.6931471805599454
mine:1.0
own:1.0
2:1.0
job:1.0
pad:2.09861228866811
refer:1.0
someon:1.0
gone:1.0
set:1.6931471805599454
day:1.0
depend:1.0
seem:2.09861228866811
get:1.6931471805599454
40:1.0
70k:1.0
stuck:1.0
valv:1.6931471805599454
hear:1.0
train:1.0
belt:1.0
failur:1.0
clutch:1.0
someth:1.0
stick:1.0
grind:1.0
second:1.0
gear:1.0
bad:1.0
beat:1.6931471805599454
unit:1.0
repres:1.0
sampl:1.0
reliabl:2.386294361119891
suggest:1.0
instead:1.0
listen:1.0
useless:1.0
talk:1.0
sever:1.0
mail:1.0
best:1.0
way:1.0
reach:1.0
will:1.0
suffer:1.0
speed:1.6931471805599454
pay:1.6931471805599454
big:1.0
buck:1.0
want:1.0
three:1.6931471805599454
anyway:1.0
anyon:1.0
plea:1.0
let:1.0
like:1.0
repair:1.0
worth:1.0
humor:1.0
impair:1.0
skip:1.0
theend:1.6931471805599454
matter:1.0
much:1.0
exampl:1.0
nsx:1.0
ferrari:1.0
h:2.791759469228055
yeah:1.0
right:1.0
opinion:1.0
state:1.0
necessarili:1.0
employ:1.0
kc1yp:1.0
linu:1.6931471805599454
01730:1.0
uucp:1.0
