david:2.6094379124341005
ganglion:1.6931471805599454
ann:2.09861228866811
arbor:2.09861228866811
mi:1.6931471805599454
u:1.6931471805599454
hwang:1.6931471805599454
subject:1.0
sho:1.0
sc:1.0
organ:1.0
j:1.0
servic:1.0
line:1.0
21:1.0
articl:1.6931471805599454
5214:1.0
unisql:1.6931471805599454
uucp:1.6931471805599454
wrat:1.0
wharfi:1.0
write:1.6931471805599454
chrissc587qb:1.0
d1b:1.0
netcom:1.6931471805599454
com:1.6931471805599454
chriss:1.0
chri:1.0
silvest:1.0
wagon:1.0
heard:1.0
somehow:1.0
slightli:1.0
faster:1.0
coup:1.0
twagon:1.0
automat:1.6931471805599454
slower:1.0
could:1.0
due:1.0
rear:1.6931471805599454
end:1.6931471805599454
ratio:1.0
also:1.0
usual:1.0
differ:1.0
manual:1.0
limit:1.0
experi:1.0
anyway:1.0
w:1.0
univers:1.0
michigan:1.6931471805599454
medic:1.0
school:1.0
1050:1.0
wall:1.0
street:1.0
suit:1.0
10c:1.0
telephon:1.0
313:1.0
663:1.0
5557:1.0
48105:1.0
internet:1.0
