etjet:1.0
level:2.09861228866811
unisa:2.09861228866811
edu:2.09861228866811
au:2.09861228866811
subject:1.0
aussi:1.0
need:1.0
info:1.0
car:3.1972245773362196
show:2.09861228866811
repli:1.6931471805599454
johnt:1.6931471805599454
spri:1.6931471805599454
organ:1.0
univers:1.0
south:1.6931471805599454
australia:2.09861228866811
line:1.0
54:1.0
hi:1.0
enthusiast:1.0
particularli:1.0
interest:2.791759469228055
american:1.0
muscl:1.0
1960:1.0
1970:2.09861228866811
make:1.0
amc:1.6931471805599454
ford:1.0
chrysler:1.0
mopar:1.0
gm:1.0
usa:1.0
6:2.386294361119891
week:1.0
may:3.6390573296152584
2nd:1.0
june:3.302585092994046
14:1.0
1993:1.0
chicago:1.0
sun:1.0
2:1.0
thursday:2.386294361119891
denver:1.0
friday:2.386294361119891
7:1.0
sunday:2.6094379124341005
9:1.6931471805599454
austin:1.0
texa:1.0
monday:2.09861228866811
10:2.09861228866811
21:1.6931471805599454
oklahoma:1.0
citi:1.0
24:1.0
anaheim:1.0
california:1.0
tuesday:1.6931471805599454
25:1.0
27:1.0
la:1.6931471805599454
vega:1.0
nevada:1.0
28:1.0
30:1.0
grand:1.0
canion:1.0
31:1.0
1:1.0
angel:1.0
san:1.6931471805599454
diego:1.0
vicin:1.0
wednesday:1.6931471805599454
3:1.0
lake:1.0
taho:1.0
cal:1.0
reno:1.0
fransisco:1.0
13:1.0
wonder:1.0
anyon:1.0
could:1.0
send:1.6931471805599454
inform:1.6931471805599454
swap:1.6931471805599454
meet:2.09861228866811
drag:1.0
model:2.386294361119891
etc:2.09861228866811
period:1.0
anybodi:1.0
tell:1.6931471805599454
pomona:1.0
year:1.0
also:2.09861228866811
place:1.0
visit:1.0
eg:1.0
museum:1.0
privat:1.0
collect:1.6931471805599454
bit:1.0
appreci:1.0
find:1.0
scale:1.0
interst:1.0
1968:2.09861228866811
1974:1.6931471805599454
particular:1.0
amx:1.0
javelin:1.0
1969:1.0
scrambler:1.0
rebel:1.0
machin:1.0
other:1.0
kit:1.0
plastic:1.0
diecast:1.0
sell:1.0
bring:1.0
australian:1.0
high:1.0
perform:1.0
plea:1.0
email:1.0
thank:1.0
john:1.0
tsimbino:1.0
