kastl:1.0
bernoulli:1.6931471805599454
wpi:1.6931471805599454
edu:1.6931471805599454
jacqu:1.6931471805599454
w:1.0
brouillett:1.6931471805599454
subject:1.0
arctic:1.0
wheel:1.0
auto:1.0
show:1.0
organ:1.0
worcest:1.0
polytechn:1.0
institut:1.0
line:1.0
5:1.0
nntp:1.0
post:1.0
host:1.0
want:1.0
two:1.0
thing:1.6931471805599454
world:1.0
58:1.0
plymouth:1.0
small:1.0
opec:1.0
nation:1.0
fuel:1.0
would:1.0
good:1.0
car:1.0
smasher:1.0
go:1.0
home:1.0
sulk:1.0
manufactur:1.0
engin:1.0
