bobml:2.386294361119891
mxmsd:2.09861228866811
msd:2.386294361119891
measurex:2.6094379124341005
com:2.09861228866811
bob:1.6931471805599454
lagess:1.6931471805599454
subject:1.0
chang:1.0
oil:1.0
self:1.0
repli:1.0
organ:1.0
distribut:1.0
line:1.0
26:1.0
articl:1.6931471805599454
1993apr15:1.6931471805599454
193712:1.0
25996:1.0
news:1.0
c:1.6931471805599454
brandei:1.6931471805599454
edu:2.386294361119891
andyh:1.0
chao:1.0
andrew:1.0
j:1.6931471805599454
huang:1.0
write:1.6931471805599454
020356:1.0
28944:1.0
magnu:1.6931471805599454
ac:1.6931471805599454
ohio:2.09861228866811
state:1.6931471805599454
sorlin:1.0
steven:1.0
orlin:1.0
take:1.0
electrod:1.0
amp:1.0
ohm:1.0
volt:1.0
meter:1.0
whatev:1.0
connect:1.0
one:1.0
earlob:1.0
symmetr:1.0
insert:1.0
finger:1.6931471805599454
spark:1.0
plug:1.6931471805599454
boot:1.0
cheat:1.0
guy:1.0
hand:1.6931471805599454
must:1.0
use:1.6931471805599454
coupl:1.0
question:1.0
techniqu:1.0
first:1.0
fire:1.0
order:1.0
start:1.0
pointer:1.0
pinki:1.0
left:1.0
right:1.0
secondli:1.0
12cyl:1.0
two:1.6931471805599454
cylind:1.0
unaccount:1.0
suggest:1.0
andi:1.0
big:1.0
toe:1.0
bother:1.0
remov:1.6931471805599454
drain:1.0
could:1.0
dipstick:1.0
instead:1.0
suck:1.0
mouth:1.0
spit:1.0
domain:1.0
senior:1.0
softwar:1.0
engin:1.0
uucp:1.0
uunet:1.0
manag:1.0
system:1.0
divis:1.0
voic:1.0
513:1.6931471805599454
825:1.6931471805599454
3931:1.0
x303:1.0
1280:1.0
kemper:1.0
meadow:1.0
drive:1.0
fax:1.0
5393:1.0
cincinnati:1.0
45240:1.0
usa:1.0
