wigg:1.6931471805599454
stsci:1.0
edu:1.0
michael:1.0
subject:1.0
kubelwagen:1.0
organ:1.0
space:1.0
telescop:1.0
scienc:1.0
institut:1.0
x:1.0
newsread:1.0
tin:1.0
version:1.6931471805599454
1:1.6931471805599454
pl6:1.0
line:1.0
7:1.0
answer:1.0
question:1.0
sort:1.0
volkswagen:1.0
much:1.0
le:1.0
robust:1.0
armi:1.0
vehicl:1.0
earli:1.0
70:1.0
thereabout:1.0
call:1.0
volskwagen:1.0
thing:1.0
cours:1.0
convert:1.0
havent:1.0
seen:1.0
mani:1.0
around:1.0
good:1.0
luck:1.0
mik:1.0
