jcyuhn:1.6931471805599454
crchh574:2.09861228866811
nosubdomain:1.6931471805599454
nodomain:1.6931471805599454
jame:1.6931471805599454
yuhn:1.6931471805599454
subject:1.0
sho:2.09861228866811
clutch:1.6931471805599454
question:1.0
grind:1.6931471805599454
nois:2.09861228866811
nntp:1.0
post:1.0
host:1.0
organ:1.0
bnr:1.6931471805599454
inc:1.0
line:1.0
15:1.0
articl:1.6931471805599454
5243:1.0
unisql:1.6931471805599454
uucp:1.6931471805599454
wrat:1.0
wharfi:1.6931471805599454
write:1.6931471805599454
c5h6f8:1.0
ldu:1.0
news:1.0
rich:1.0
ca:1.0
hear:1.0
gearbox:1.0
earli:1.6931471805599454
lot:1.0
refer:1.0
gear:1.0
rollov:1.0
gener:1.0
ti:1.0
one:1.0
first:1.0
built:1.6931471805599454
mine:1.6931471805599454
make:1.0
geez:1.0
difficult:1.0
decemb:1.0
88:1.0
qualifi:1.0
pretti:1.0
dang:1.0
certainli:1.0
away:1.0
jim:1.0
