bob1:1.0
co:1.0
com:2.6094379124341005
bob:1.0
blackshaw:1.0
subject:1.0
dumbest:1.0
automot:1.0
concept:1.0
time:1.0
organ:1.0
corpor:1.0
open:1.0
system:1.0
distribut:1.0
na:1.0
line:1.0
21:1.0
1993apr15:1.0
040118:1.0
29272:1.0
slc:1.6931471805599454
slb:2.386294361119891
dcd:1.6931471805599454
se:1.6931471805599454
houston:1.6931471805599454
geoquest:1.6931471805599454
dan:1.6931471805599454
day:1.6931471805599454
write:2.09861228866811
articl:1.6931471805599454
c5hhgm:1.0
1rm:1.0
constel:1.0
ecn:1.6931471805599454
uoknor:1.6931471805599454
edu:1.6931471805599454
callison:1.6931471805599454
uokmax:1.0
jame:1.0
p:1.0
1993apr13:1.0
215605:1.0
26252:1.0
realli:1.0
ugli:1.0
fake:1.6931471805599454
wheel:1.0
compart:1.0
stuck:1.0
onto:1.0
trunk:1.0
side:1.6931471805599454
tacki:1.0
luxuri:1.0
car:2.09861228866811
em:1.0
talk:1.0
continent:2.386294361119891
kit:1.6931471805599454
name:1.6931471805599454
lincoln:1.6931471805599454
first:1.0
sport:1.0
one:2.09861228866811
person:1.0
would:1.0
love:1.0
56:1.0
bird:1.6931471805599454
supercharg:1.0
v:1.0
8:1.0
beauti:1.0
ever:1.0
built:1.0
imho:1.0
go:1.0
39:1.0
could:1.0
find:1.0
sad:1.0
part:1.0
edsel:1.0
ford:1.0
design:1.0
look:1.6931471805599454
abort:1.0
justic:1.0
okay:1.0
admit:1.0
nice:1.0
previou:1.0
owner:1.0
1967:1.0
1968:1.0
thunderbird:1.0
bias:1.0
anyway:1.0
