sorlin:1.6931471805599454
magnu:2.386294361119891
ac:2.386294361119891
ohio:2.6094379124341005
state:2.6094379124341005
edu:2.791759469228055
steven:1.6931471805599454
j:2.09861228866811
orlin:1.6931471805599454
subject:1.0
chang:1.0
oil:1.0
self:1.0
nntp:1.0
post:1.0
host:1.0
magnusug:1.0
organ:1.0
univers:1.0
line:1.0
22:1.0
articl:1.6931471805599454
1993apr15:1.6931471805599454
193712:1.0
25996:1.0
news:1.0
c:1.6931471805599454
brandei:1.6931471805599454
andyh:1.0
chao:1.0
andrew:1.0
huang:1.0
write:1.6931471805599454
020356:1.0
28944:1.0
take:1.6931471805599454
electrod:1.0
amp:1.0
ohm:1.0
volt:1.0
meter:1.0
whatev:1.0
connect:1.0
one:1.6931471805599454
earlob:1.0
symmetr:1.0
insert:1.0
finger:1.6931471805599454
spark:1.0
plug:1.0
boot:1.0
cheat:1.0
guy:1.0
hand:2.09861228866811
must:1.0
use:1.6931471805599454
coupl:1.0
question:1.0
techniqu:1.0
first:1.0
fire:1.6931471805599454
order:1.6931471805599454
start:1.0
pointer:1.0
pinki:1.0
left:1.6931471805599454
right:1.6931471805599454
place:1.0
flat:1.0
tabl:1.0
arrang:1.0
secondli:1.0
12cyl:1.0
two:1.0
cylind:1.6931471805599454
unaccount:1.0
suggest:1.0
well:1.0
friend:1.0
12:1.0
might:1.0
excit:1.0
person:1.0
