organ:1.0
ryerson:2.09861228866811
polytechn:1.0
institut:1.0
distribut:1.0
na:1.0
syst8145:1.6931471805599454
ryevm:1.6931471805599454
ca:1.6931471805599454
subject:1.0
van:2.09861228866811
step:1.6931471805599454
accessori:1.0
help:1.0
line:1.0
13:1.0
hello:1.0
netter:1.0
would:2.09861228866811
like:2.09861228866811
find:1.0
inform:1.0
devic:2.09861228866811
use:1.0
truck:1.0
hook:1.0
onto:1.0
tire:1.0
fold:1.0
storag:1.0
seen:1.0
tnn:1.0
shadi:1.0
tree:1.0
mechan:1.0
know:1.0
good:1.0
product:1.6931471805599454
also:1.0
price:1.0
address:1.0
purchas:1.0
thank:1.0
georg:1.0
chan:1.0
email:1.0
