wigg:1.6931471805599454
stsci:1.0
edu:1.0
michael:1.0
subject:1.0
ignit:1.6931471805599454
kill:1.6931471805599454
organ:1.0
space:1.0
telescop:1.0
scienc:1.0
institut:1.0
x:1.0
newsread:1.0
tin:1.0
version:1.0
1:1.6931471805599454
pl6:1.0
line:1.0
8:1.0
want:1.0
thank:1.0
netter:1.0
either:1.0
post:1.0
respons:1.0
sent:1.0
e:1.0
mail:1.0
regard:1.0
question:1.0
know:1.0
simpl:1.0
procedur:1.0
look:1.0
like:1.0
pay:1.0
local:1.0
pep:1.0
boy:1.0
visit:1.0
weekend:1.0
mik:1.0
