opugli:1.6931471805599454
academ01:1.0
mti:2.09861228866811
itesm:2.386294361119891
mx:2.09861228866811
ing:1.0
orlando:2.09861228866811
puglies:2.09861228866811
subject:1.0
good:1.6931471805599454
price:2.09861228866811
organ:1.0
campu:1.0
monterrey:2.09861228866811
line:1.0
25:1.0
nntp:1.0
post:1.6931471805599454
host:1.0
mtecv2:1.6931471805599454
hi:1.0
everybodi:1.0
buy:1.0
honda:1.0
civic:1.0
ex:1.0
coup:1.0
dealer:2.09861228866811
ask:1.0
12:1.0
750:1.0
includ:1.6931471805599454
c:1.0
instal:1.0
stereo:1.0
tax:1.0
registr:1.0
fee:1.0
live:1.0
mexico:1.6931471805599454
time:1.0
go:1.0
lot:1.6931471805599454
compar:1.0
mcallen:1.0
tx:1.0
car:1.0
much:1.0
pay:1.0
plea:1.0
e:1.0
mail:1.0
asap:1.0
want:1.0
thank:1.0
n:1.6931471805599454
instituto:1.0
tecnologico:1.0
de:2.09861228866811
estudio:1.0
superior:1.0
depto:1.0
informacion:1.0
academica:1.0
l:1.0
83:1.0
58:1.0
2000:1.0
ext:1.0
4113:1.0
