matmcinn:1.0
nuscc:1.0
nu:1.0
sg:1.0
matthew:1.0
macintyr:1.0
nation:1.6931471805599454
univers:1.6931471805599454
seneg:1.0
subject:1.0
opel:1.6931471805599454
owner:1.0
organ:1.0
singapor:1.0
line:1.0
1:2.09861228866811
x:1.0
newsread:1.0
tin:1.0
pl4:1.0
way:1.0
peopl:1.0
think:1.0
calibra:1.0
