a207706:1.0
moe:1.0
dseg:2.09861228866811
ti:2.386294361119891
com:2.6094379124341005
robert:1.6931471805599454
loper:1.6931471805599454
subject:1.0
sho:2.386294361119891
sc:1.0
nntp:1.0
post:1.0
host:1.0
sun278:1.0
organ:1.0
forest:1.0
lane:1.0
design:1.0
center:1.0
line:1.0
42:1.0
articl:2.386294361119891
c5l8re:1.0
28:1.0
constel:1.0
ecn:1.6931471805599454
uoknor:1.6931471805599454
edu:1.6931471805599454
callison:1.6931471805599454
uokmax:1.0
jame:1.0
p:1.0
write:2.386294361119891
1993apr15:1.0
232412:1.0
2261:1.0
ganglion:1.6931471805599454
ann:1.6931471805599454
arbor:1.6931471805599454
mi:1.6931471805599454
u:1.6931471805599454
david:1.6931471805599454
hwang:1.0
5214:1.0
unisql:1.6931471805599454
uucp:1.6931471805599454
wrat:1.0
wharfi:1.0
chrissc587qb:1.0
d1b:1.0
netcom:1.6931471805599454
chriss:1.0
chri:1.0
silvest:1.0
anyon:1.0
would:2.6094379124341005
order:1.0
automat:1.6931471805599454
transmiss:1.6931471805599454
beyond:1.0
handl:1.6931471805599454
stick:2.386294361119891
regular:1.0
tauru:1.0
leav:1.0
real:1.6931471805599454
driver:1.6931471805599454
say:1.0
use:2.09861228866811
eg:1.0
disabl:1.0
person:1.0
posit:1.0
anyway:1.0
will:1.0
bet:1.0
remov:1.0
perform:2.09861228866811
type:1.0
car:1.6931471805599454
like:2.09861228866811
5:2.09861228866811
0l:1.0
mustang:1.6931471805599454
camaro:1.6931471805599454
cut:1.0
number:1.0
accid:1.0
year:1.0
auto:2.386294361119891
fine:1.0
sedat:1.0
littl:1.0
sedan:1.0
busi:1.0
imho:1.6931471805599454
tjame:1.0
disagre:1.0
92:1.0
z28:1.0
350:1.0
4:1.0
speed:1.6931471805599454
w:1.6931471805599454
overdr:1.0
realli:1.0
better:1.0
way:1.0
chevi:1.0
reknown:1.0
long:1.0
life:1.0
abil:1.0
copiou:1.0
amount:1.0
power:1.0
live:1.6931471805599454
dalla:1.0
area:1.0
manual:1.6931471805599454
much:1.0
harder:1.0
drive:1.0
traffic:1.6931471805599454
still:1.0
fun:1.0
safeti:1.0
wise:1.6931471805599454
le:1.0
distract:1.0
hate:1.0
shift:1.0
gear:1.0
tri:1.0
ea:1.0
freeway:1.0
hold:1.0
stock:1.0
0:1.6931471805599454
five:1.0
l:1.0
infin:1.0
notion:1.0
best:1.0
contempl:1.0
robertl:1.0
flopn2:1.0
warm:1.0
bed:1.0
texa:1.0
instrument:1.0
inc:1.0
opinion:1.0
