kissan:2.6094379124341005
black:1.6931471805599454
berkeley:1.0
edu:1.0
john:2.09861228866811
g:1.6931471805599454
subject:1.0
manual:1.0
shift:1.0
bigot:1.0
nntp:1.0
post:1.0
host:1.0
repli:1.0
rtsg:1.6931471805599454
mot:1.6931471805599454
com:1.6931471805599454
organ:1.0
motorola:1.6931471805599454
inc:1.0
cellular:1.0
infrastructur:1.0
group:1.0
line:1.0
7:1.0
matter:1.0
interest:1.0
anyon:1.0
know:1.0
auto:1.0
popular:1.0
u:1.6931471805599454
europ:1.0
rare:1.0
wonder:1.0
ireland:1.6931471805599454
ltd:1.0
uucp:1.0
uunet:1.0
motcid:1.0
gla:1.6931471805599454
kissanej:1.6931471805599454
mahon:1.0
industri:1.0
estat:1.0
internet:1.0
blackrock:1.0
cork:1.0
