aas7:1.6931471805599454
po:1.6931471805599454
cwru:2.09861228866811
edu:2.09861228866811
andrew:1.6931471805599454
spencer:1.6931471805599454
subject:1.0
rush:1.6931471805599454
fast:1.6931471805599454
organ:1.0
case:1.0
western:1.0
reserv:1.0
univers:1.0
cleveland:1.0
oh:1.0
usa:1.0
line:1.0
34:1.0
repli:1.0
nntp:1.0
post:1.0
host:1.0
slc5:1.0
in:1.0
previou:1.0
articl:1.0
gwm:1.0
spl1:1.0
spl:1.0
loral:1.0
com:1.0
gari:1.0
w:1.0
mahan:1.0
say:1.0
good:1.0
driver:2.6094379124341005
terrifi:1.0
130mph:1.0
thing:1.0
fear:1.0
go:2.386294361119891
130:1.6931471805599454
switch:1.0
left:1.6931471805599454
lane:2.09861228866811
without:1.0
use:1.0
either:1.0
rear:1.6931471805599454
view:1.6931471805599454
mirror:1.6931471805599454
flasher:1.0
150:1.0
fun:1.0
get:2.09861228866811
want:1.0
much:1.6931471805599454
faster:1.6931471805599454
defens:1.0
right:1.6931471805599454
state:1.6931471805599454
peopl:1.0
simpli:1.0
expect:1.0
drive:2.09861228866811
overtaken:1.0
speed:2.6094379124341005
differenti:2.09861228866811
50:1.6931471805599454
mph:1.0
think:1.0
stupid:2.09861228866811
cours:1.0
except:1.0
program:1.0
55mph:1.0
limit:2.09861228866811
look:1.6931471805599454
alway:1.0
calcul:1.6931471805599454
futur:1.6931471805599454
posit:1.6931471805599454
car:2.791759469228055
base:1.0
dont:1.0
wrong:1.0
love:1.0
overtak:1.0
slow:1.0
tad:1.0
bit:1.0
reli:1.0
judgement:1.0
recogn:1.0
would:1.6931471805599454
one:1.6931471805599454
satiat:1.0
curio:1.0
make:1.0
seem:1.6931471805599454
everybodi:1.0
awar:1.0
enough:2.09861228866811
need:1.6931471805599454
littl:1.0
glanc:1.0
around:2.791759469228055
abl:1.0
tell:1.0
mayb:1.6931471805599454
precis:1.0
well:1.0
know:1.6931471805599454
let:1.0
tri:1.0
pas:1.6931471805599454
talk:1.0
startl:2.09861228866811
cruis:1.0
90:1.0
100mph:1.0
doin:1.0
55:1.0
65:1.0
problem:1.0
though:1.0
saw:1.0
fault:1.6931471805599454
barrel:1.0
pay:1.6931471805599454
attent:1.6931471805599454
task:1.0
hand:1.0
oddli:1.0
sinc:1.0
2nd:1.0
time:1.0
happen:2.09861228866811
2x:1.0
4:1.0
mo:1.6931471805599454
liscenc:1.0
6:1.0
roughli:1.0
twice:1.0
anoth:1.0
odd:1.0
occur:1.0
fact:1.0
long:1.6931471805599454
trip:1.6931471805599454
along:1.0
even:1.0
adrenalin:1.0
bad:1.0
cop:1.0
experi:1.0
anyth:1.0
adren:1.0
scare:1.0
caught:1.0
rais:1.0
better:1.0
curiou:1.0
otwo:1.0
drew:1.0
