c23reg:2.386294361119891
kocrsv01:1.0
delcoelect:2.09861228866811
com:2.09861228866811
ron:2.09861228866811
gaskin:2.09861228866811
subject:1.0
dumbest:1.6931471805599454
automot:2.09861228866811
concept:1.0
tim:1.0
origin:1.0
koptsw21:2.09861228866811
keyword:1.0
dimmer:2.09861228866811
switch:2.09861228866811
locat:1.0
repost:1.0
organ:1.0
delco:2.09861228866811
electron:2.9459101490553135
corp:1.0
line:1.0
22:1.0
articl:1.6931471805599454
1993apr8:1.0
233443:1.0
22590:1.0
exu:1.6931471805599454
ericsson:1.6931471805599454
se:1.6931471805599454
exulox:1.0
lass:1.0
ohlsson:1.0
tdt:1.0
1129:1.0
write:1.6931471805599454
23250:1.0
ca:1.6931471805599454
org:1.6931471805599454
sdm24:1.0
imho:1.0
thing:1.0
ever:1.0
copi:1.0
japanes:1.0
move:1.0
floor:1.6931471805599454
lever:1.0
control:1.0
turn:1.0
signal:1.0
cruis:1.0
feder:1.0
govern:1.0
mandat:1.0
passeng:1.0
car:1.0
model:1.0
year:1.0
95:1.0
return:1.0
mount:1.0
studi:1.0
nation:1.0
highway:1.0
traffic:1.0
safeti:1.0
administr:1.0
nhtsa:1.0
found:1.0
unaccept:1.0
percentag:1.0
dusk:1.0
collis:1.0
direct:1.0
result:1.0
unskil:1.0
driver:1.0
get:1.0
left:1.0
foot:1.0
stuck:1.0
steer:1.0
wheel:1.0
system:1.6931471805599454
gm:1.6931471805599454
hugh:1.6931471805599454
kokomo:1.6931471805599454
46904:1.6931471805599454
