organ:1.0
penn:1.0
state:1.0
univers:1.0
lrr105:1.0
psuvm:1.0
psu:1.0
edu:1.0
subject:1.0
dent:1.0
car:1.0
line:1.0
5:1.0
turn:1.0
polic:1.0
like:1.0
would:1.6931471805599454
accid:1.6931471805599454
get:1.0
report:1.0
send:1.0
insur:1.6931471805599454
compani:1.6931471805599454
contact:1.0
guy:1.0
pay:1.0
caus:1.0
thu:1.0
need:1.0
go:1.0
court:1.0
friend:1.0
mine:1.0
got:1.0
money:1.0
work:1.0
