gregg:2.386294361119891
xenon:1.0
stanford:2.09861228866811
edu:1.6931471805599454
l:1.6931471805599454
kasten:1.6931471805599454
subject:1.0
differ:1.0
insur:2.09861228866811
compani:2.386294361119891
rate:1.0
keyword:1.0
organ:1.0
c:1.6931471805599454
depart:1.0
univers:1.0
california:1.6931471805599454
usa:1.0
distribut:1.0
ca:1.0
line:1.0
23:1.0
consid:1.0
buy:1.0
new:1.0
car:1.0
call:1.0
three:1.6931471805599454
get:1.0
estim:1.0
ask:1.0
coverag:1.0
deduct:1.0
charg:1.6931471805599454
accord:1.6931471805599454
zip:1.6931471805599454
code:1.6931471805599454
other:1.0
citi:1.6931471805599454
anyhow:1.0
gave:1.0
place:1.0
found:1.0
93:1.0
integra:1.0
g:1.0
aaa:1.6931471805599454
2000:1.0
yr:2.09861228866811
state:1.6931471805599454
farm:1.6931471805599454
2614:1.0
92:1.0
allstat:1.6931471805599454
1220:1.0
non:1.0
profit:1.0
said:1.0
could:1.0
also:1.0
expect:1.0
receiv:1.0
200:1.0
300:1.0
back:1.0
end:1.0
year:1.0
still:1.0
huge:1.0
gap:1.0
want:1.0
twice:1.0
much:1.0
think:1.0
suspici:1.0
never:1.0
heard:1.0
anybodi:1.0
el:1.0
complain:1.0
comment:1.0
thank:1.0
