aas7:1.6931471805599454
po:1.6931471805599454
cwru:2.09861228866811
edu:2.6094379124341005
andrew:1.6931471805599454
spencer:1.6931471805599454
subject:1.0
sho:2.386294361119891
sc:1.0
organ:1.0
case:1.0
western:1.0
reserv:1.0
univers:1.0
cleveland:1.0
oh:1.0
usa:1.0
line:1.0
53:1.0
repli:1.0
nntp:1.0
post:1.0
host:1.0
slc5:1.0
in:1.0
previou:1.0
articl:2.6094379124341005
a207706:1.0
moe:1.0
dseg:1.0
ti:1.0
com:2.09861228866811
robert:1.0
loper:1.0
say:1.6931471805599454
c5l8re:1.0
28:1.0
constel:1.0
ecn:1.6931471805599454
uoknor:1.6931471805599454
callison:1.6931471805599454
uokmax:1.0
jame:1.0
p:1.0
write:2.386294361119891
1993apr15:1.0
232412:1.0
2261:1.0
ganglion:1.6931471805599454
ann:1.6931471805599454
arbor:1.6931471805599454
mi:1.6931471805599454
u:1.6931471805599454
david:1.6931471805599454
hwang:1.0
5214:1.0
unisql:1.6931471805599454
uucp:1.6931471805599454
wrat:1.0
wharfi:1.0
chrissc587qb:1.0
d1b:1.0
netcom:1.6931471805599454
chriss:1.0
chri:1.0
silvest:1.0
anyon:1.0
would:2.6094379124341005
order:1.0
automat:1.6931471805599454
transmiss:1.6931471805599454
beyond:1.0
handl:1.6931471805599454
stick:2.6094379124341005
regular:1.0
tauru:1.0
leav:1.0
real:1.6931471805599454
driver:1.6931471805599454
use:2.09861228866811
eg:1.0
disabl:1.0
person:1.0
posit:1.0
anyway:1.6931471805599454
will:1.0
bet:1.6931471805599454
remov:1.0
perform:2.09861228866811
type:1.0
car:1.6931471805599454
like:2.386294361119891
5:2.386294361119891
0l:1.0
mustang:1.6931471805599454
camaro:1.6931471805599454
cut:1.0
number:1.0
accid:1.0
year:1.0
auto:2.791759469228055
fine:1.0
sedat:1.0
littl:1.6931471805599454
sedan:1.0
busi:1.0
imho:1.6931471805599454
tjame:1.0
disagre:1.6931471805599454
92:1.0
z28:1.0
350:1.0
4:1.0
speed:2.386294361119891
w:1.6931471805599454
overdr:1.0
realli:1.0
better:1.0
way:1.6931471805599454
chevi:1.0
reknown:1.0
long:1.0
life:1.0
abil:1.0
copiou:1.0
amount:1.0
power:1.0
live:2.09861228866811
dalla:1.6931471805599454
area:1.0
manual:1.6931471805599454
much:1.0
harder:1.0
drive:1.6931471805599454
traffic:2.09861228866811
still:1.0
fun:1.0
safeti:1.0
wise:1.6931471805599454
le:1.0
distract:1.0
hate:1.0
shift:2.09861228866811
gear:2.09861228866811
tri:1.0
ea:1.0
freeway:1.0
hold:1.0
stock:1.0
0:1.6931471805599454
five:1.0
ho:2.09861228866811
love:1.0
rush:1.6931471805599454
hour:1.6931471805599454
detest:1.0
time:1.6931471805599454
cours:1.0
dall:1.0
noth:1.0
hear:1.0
la:1.0
might:1.0
differ:1.0
persuas:1.0
record:1.0
rare:1.6931471805599454
merg:1.0
good:1.6931471805599454
4th:1.6931471805599454
around:1.0
80:1.0
90:1.0
wind:1.6931471805599454
go:1.0
hurt:1.0
anyth:1.0
keep:1.0
powerband:1.0
top:1.0
exceed:1.0
redlin:1.0
fairli:1.0
unless:1.0
ferrari:1.0
hit:1.0
cruis:1.0
feel:1.0
comfort:1.0
mother:1.0
sit:1.0
passang:1.0
seat:1.0
complain:1.0
poor:1.0
engin:1.0
hi:1.0
drew:1.0
