mje:1.6931471805599454
pooki:2.09861228866811
pas:2.09861228866811
wayn:2.386294361119891
edu:2.09861228866811
michael:1.0
j:1.0
edelman:1.0
subject:1.0
saturn:2.9459101490553135
price:1.6931471805599454
polici:1.0
organ:1.0
state:1.0
univers:1.0
line:1.0
21:1.0
distribut:1.0
world:1.0
repli:1.0
nntp:1.0
post:1.0
host:1.0
order:1.0
sl1:1.0
consid:1.0
import:1.6931471805599454
frankli:1.0
way:1.0
busi:1.0
servic:1.0
big:1.6931471805599454
plu:1.0
bought:2.386294361119891
new:1.0
car:1.6931471805599454
sinc:1.0
honda:1.0
4wd:1.0
back:1.0
85:1.0
unbeliev:1.0
offend:1.0
salespeopl:1.0
met:1.0
inde:1.0
differ:1.6931471805599454
made:1.6931471805599454
three:1.6931471805599454
visit:1.0
dealer:1.6931471805599454
never:1.0
pressur:1.0
also:2.09861228866811
best:1.0
sale:1.0
support:1.0
fix:1.6931471805599454
easi:1.0
decid:1.0
exactli:1.0
want:1.0
buy:1.6931471805599454
anoth:1.0
sell:1.0
point:1.0
run:1.0
mechan:1.0
20:1.0
year:2.386294361119891
base:1.6931471805599454
seen:1.0
heard:1.0
custom:1.0
good:1.0
extend:1.0
warranti:1.6931471805599454
program:1.0
675:1.0
6:1.6931471805599454
60k:1.0
mile:1.0
fulli:1.0
refund:1.6931471805599454
use:1.6931471805599454
work:1.6931471805599454
actual:1.0
cost:1.0
170:1.0
treasuri:1.0
rate:1.6931471805599454
save:1.0
account:1.0
like:1.0
120:1.0
first:1.0
free:1.0
rental:1.0
without:1.0
count:1.0
mike:1.0
