mobass:1.0
vu:1.0
vlsi:1.0
ee:1.0
vill:1.0
edu:1.0
bijan:1.6931471805599454
mobasseri:1.0
subject:1.0
rent:2.09861228866811
alamo:1.6931471805599454
organ:1.0
villanova:1.0
univers:1.0
line:1.0
14:1.0
caus:1.0
friend:1.0
car:1.0
last:1.0
year:1.0
turn:1.0
need:2.386294361119891
lot:1.0
insur:1.6931471805599454
includ:1.0
base:1.0
price:1.0
hand:1.0
probabl:1.0
unless:1.6931471805599454
accid:1.6931471805599454
joe:1.0
let:1.0
see:1.0
hmmmmmmm:1.0
