nataraja:1.6931471805599454
rtsg:1.6931471805599454
mot:1.6931471805599454
com:2.386294361119891
kumaravel:1.0
natarajan:1.6931471805599454
subject:1.0
water:3.1972245773362196
trunk:2.386294361119891
89:2.6094379124341005
probe:2.386294361119891
nntp:1.0
post:1.0
host:1.0
opal12:1.0
organ:1.0
motorola:1.6931471805599454
inc:1.0
cellular:1.6931471805599454
infrastructur:1.0
group:1.0
line:1.0
39:1.0
jlong:1.0
emcnext2:1.0
tamu:1.0
edu:1.0
jame:1.0
long:1.0
write:1.6931471805599454
articl:1.0
1r1crn:1.0
27g:1.0
transfer:1.0
stratu:1.6931471805599454
tszeto:1.0
sneezi:1.0
t:1.0
tommi:1.0
szeto:1.0
gradual:1.0
build:1.0
friend:1.0
ford:1.0
everi:1.6931471805599454
would:1.6931471805599454
remov:1.0
spare:2.386294361119891
scoop:1.0
plywood:1.0
carpet:1.0
cover:1.0
guess:1.0
usual:1.0
happen:2.09861228866811
good:1.0
thunder:1.0
storm:1.0
q:1.0
1:1.0
common:1.0
problem:2.09861228866811
2:1.6931471805599454
drain:1.6931471805599454
hole:2.09861228866811
locat:1.0
hatch:1.0
notic:2.09861228866811
also:1.0
recent:1.0
clean:1.0
back:1.6931471805599454
think:1.6931471805599454
come:1.0
rubber:1.0
stopper:1.0
beneath:1.0
mine:1.0
look:1.6931471805599454
slightli:1.0
worn:1.0
damag:1.0
level:1.0
area:1.0
taken:1.0
low:1.0
prioriti:1.0
sinc:1.0
found:1.0
rotat:1.0
tire:1.6931471805599454
torn:1.0
cv:1.0
boot:1.0
ugh:1.0
got:1.6931471805599454
gt:1.6931471805599454
smoke:1.0
taillight:1.6931471805599454
assembl:2.09861228866811
get:2.09861228866811
first:1.0
month:2.09861228866811
one:1.6931471805599454
rear:1.0
fog:1.6931471805599454
moistur:1.0
took:1.0
dealer:1.6931471805599454
replac:1.6931471805599454
entir:1.0
3:1.0
later:1.0
time:1.6931471805599454
well:1.0
stand:1.0
reluct:1.0
convinc:1.0
fix:1.6931471805599454
must:1.0
deal:1.0
number:1.0
taillamp:1.6931471805599454
last:1.6931471805599454
5:1.0
year:1.0
go:1.0
tri:1.0
take:1.0
real:1.0
tempt:1.0
drill:1.0
vent:1.0
top:1.0
bottom:1.0
forget:1.0
annoy:1.0
almost:1.0
seen:1.0
vel:1.6931471805599454
arlington:1.0
ht:1.0
il:1.0
