jwg:2.386294361119891
sedv1:1.0
acd4:1.6931471805599454
acd:1.6931471805599454
com:2.386294361119891
subject:1.0
warn:1.0
plea:1.0
read:1.6931471805599454
repli:1.0
bh:1.6931471805599454
anarr:1.6931471805599454
c:1.6931471805599454
berkeley:2.386294361119891
edu:2.386294361119891
messag:1.0
20:1.0
apr:1.0
93:1.0
17:1.6931471805599454
50:1.0
58:1.0
gmt:1.0
organ:1.6931471805599454
u:1.0
rfelixc5sjp:1.0
bq8:1.0
netcom:1.6931471805599454
1r1d62:1.6931471805599454
d6:1.6931471805599454
agat:1.6931471805599454
line:1.0
21:1.0
articl:1.0
brian:1.0
harvey:1.0
write:1.6931471805599454
rfelix:1.0
robbi:1.6931471805599454
felix:1.0
thousand:1.6931471805599454
kind:1.0
teenag:1.6931471805599454
volunt:1.0
local:1.0
agenc:1.0
help:1.0
child:1.0
senior:1.0
homeless:1.0
hear:1.6931471805599454
thank:1.0
also:1.0
much:1.0
violenc:1.0
georg:1.6931471805599454
bush:1.6931471805599454
buri:1.0
aliv:1.0
ten:1.0
unarm:1.0
iraqi:1.0
year:1.0
old:1.0
tri:1.0
surrend:1.0
bulldoz:1.6931471805599454
know:1.0
could:1.0
drive:1.0
kee:1.0
ripe:1.0
jim:1.0
grey:1.0
