vinlai:2.386294361119891
cbnewsb:2.386294361119891
cb:2.6094379124341005
att:2.9459101490553135
com:3.0794415416798357
vincent:2.09861228866811
lai:2.386294361119891
subject:1.6931471805599454
third:2.09861228866811
parti:2.09861228866811
car:2.6094379124341005
antenna:2.386294361119891
organ:1.6931471805599454
distribut:1.6931471805599454
na:1.6931471805599454
line:1.0
32:1.0
sinc:1.0
post:1.6931471805599454
receiv:1.0
repli:1.0
followup:1.0
hope:1.0
feedback:1.6931471805599454
get:1.0
rec:1.6931471805599454
audio:1.6931471805599454
articl:2.09861228866811
number:1.0
9855:1.0
newsgroup:1.0
path:1.0
cbfsb:2.09861228866811
messag:1.0
id:1.0
1993apr13:1.0
202333:1.0
28657:1.0
sender:1.0
news:1.0
date:1.0
tue:1.0
13:1.0
apr:1.0
1993:1.0
20:1.0
23:1.0
33:1.0
gmt:1.0
recent:1.0
saw:1.0
particular:1.0
new:1.6931471805599454
camri:1.0
mine:1.0
caught:1.0
interest:1.0
626:1.0
seem:1.0
replac:1.0
factori:1.0
power:1.0
foot:1.0
long:1.0
made:1.0
plastic:1.0
tube:1.0
seen:1.0
quit:1.0
find:1.0
anyth:1.0
previou:1.0
r:1.6931471805599454
c:1.0
like:1.0
know:1.0
greatli:1.0
appreci:1.0
mom:1.0
hungri:1.0
bud:1.0
bundi:1.6931471805599454
tell:1.0
peg:1.0
forward:1.0
mail:1.0
vlai:1.0
attmail:1.0
eventu:1.0
wind:1.0
wcmnja:1.0
somerset:1.0
