boyl:2.386294361119891
cactu:2.09861228866811
org:1.6931471805599454
craig:2.09861228866811
subject:1.0
fast:1.0
articl:1.6931471805599454
1993apr17:1.0
063040:1.0
2177:1.0
organ:1.0
capit:1.0
area:1.6931471805599454
central:1.0
texa:2.386294361119891
unix:1.0
societi:1.0
austin:1.0
tx:1.6931471805599454
line:1.0
63:1.0
1qmcih:1.0
dh:1.0
armori:1.0
centerlin:2.09861228866811
com:2.09861228866811
jimf:1.6931471805599454
jim:1.6931471805599454
frost:1.6931471805599454
write:1.6931471805599454
qualiti:1.0
autobahn:1.6931471805599454
someth:1.0
myth:1.0
road:2.9459101490553135
surfac:1.6931471805599454
much:2.09861228866811
differ:1.0
typic:1.0
freeway:2.9459101490553135
better:1.0
term:1.6931471805599454
light:2.09861228866811
safeti:1.0
sign:1.0
roadmark:1.0
etc:1.0
highway:1.6931471805599454
funni:1.0
everywher:1.6931471805599454
el:1.0
em:1.0
junction:1.6931471805599454
sorri:1.0
meant:1.0
u:2.791759469228055
even:1.0
get:2.386294361119891
mark:2.09861228866811
vari:2.09861228866811
state:2.09861228866811
local:1.0
except:1.0
say:1.0
essenti:1.0
nonexist:1.0
dip:1.0
asphalt:1.0
test:1.0
shock:1.0
60:1.0
kill:1.0
130:2.386294361119891
wrong:1.0
love:1.0
would:2.386294361119891
quit:1.6931471805599454
sever:1.6931471805599454
recal:1.0
without:1.0
damag:1.0
warn:1.0
regard:1.0
unsaf:1.0
decent:1.0
well:1.6931471805599454
damp:1.0
car:2.09861228866811
suspect:1.6931471805599454
limit:1.0
experi:1.0
dramat:1.0
particularli:1.0
name:1.0
number:1.0
interst:1.6931471805599454
variou:1.0
part:1.0
countri:1.6931471805599454
optimist:1.0
driven:1.6931471805599454
everi:2.09861228866811
alaska:1.0
drive:2.09861228866811
60k:1.0
per:1.0
year:1.0
take:1.6931471805599454
long:1.0
cross:1.0
trip:1.0
chanc:1.0
fun:1.0
reimburs:1.0
job:1.0
allow:1.0
rather:1.0
fli:1.0
labor:1.0
point:1.0
freewayin:1.0
germani:1.0
uk:1.0
franc:1.0
plu:1.0
mexico:1.0
surpisingli:1.0
good:2.09861228866811
sure:1.0
call:1.0
deviat:1.6931471805599454
singl:1.0
bridg:1.0
i84:1.0
ct:1.0
consid:1.0
hard:1.0
85mph:1.0
seen:1.0
one:1.0
frequent:1.0
ye:1.0
age:1.0
total:1.0
case:1.6931471805599454
hazard:1.0
advis:1.0
peopl:1.0
slow:1.0
85:1.0
pretti:1.0
edg:1.0
assum:1.0
condit:1.0
flat:1.6931471805599454
terrain:1.0
sometim:1.0
mostli:1.0
i5:1.0
ca:1.0
compar:1.0
hilli:1.0
wide:1.0
open:1.0
space:1.0
given:1.0
absenc:1.0
traffic:1.0
built:1.0
e:1.0
g:1.0
535:1.0
fine:1.0
problem:1.0
user:1.0
cop:1.0
