jkjec:1.0
westminst:1.6931471805599454
ac:1.0
uk:1.0
shazad:1.0
barla:1.0
subject:1.0
improv:1.0
automat:1.0
transmiss:1.0
organ:1.0
univers:1.0
line:1.0
5:1.0
want:1.0
know:1.0
wheelspin:1.0
auto:1.0
keep:1.0
gear:1.6931471805599454
n:1.0
ga:1.0
stick:1.0
never:1.0
tri:1.0
sure:1.0
work:1.0
screw:1.0
autobox:1.0
bit:1.0
debat:1.0
