sgs1679:1.0
uc:1.6931471805599454
usl:1.6931471805599454
edu:1.6931471805599454
sudhindranath:1.6931471805599454
sira:1.6931471805599454
g:1.0
subject:1.0
help:1.0
mercuri:1.6931471805599454
capri:1.6931471805599454
queri:1.0
keyword:1.0
ga:2.09861228866811
mileag:2.09861228866811
high:1.6931471805599454
idl:1.6931471805599454
carburettor:1.6931471805599454
tune:1.6931471805599454
organ:1.0
univ:1.0
southwestern:1.0
la:1.0
lafayett:1.0
distribut:1.0
usa:1.0
line:1.0
34:1.0
hi:1.0
folk:1.0
recent:1.6931471805599454
bought:1.0
1981:1.0
first:1.0
car:2.791759469228055
ever:1.0
notic:1.0
problem:2.09861228866811
t1:1.0
give:1.0
low:1.0
someth:1.6931471805599454
like:2.6094379124341005
11:1.0
mile:2.6094379124341005
gallon:1.6931471805599454
hear:1.0
owner:1.0
speak:1.0
figur:1.0
25:1.0
wow:1.0
etc:1.0
t2:1.0
start:1.0
goe:1.0
1500:1.0
15000:1.0
rpm:1.6931471805599454
drive:1.0
4:1.0
5:1.0
come:1.0
300:1.0
3000:1.0
would:1.0
know:1.6931471805599454
way:1.0
fix:1.6931471805599454
natur:1.0
old:1.0
done:1.0
117:1.0
000:1.0
someon:1.0
suggest:1.6931471805599454
chang:1.0
rebuild:1.0
recondit:1.0
prepar:1.0
unless:1.0
sure:1.0
ye:1.0
got:1.0
within:1.0
last:1.0
200:1.0
plea:1.6931471805599454
let:1.0
respond:1.0
email:1.6931471805599454
sinc:1.0
scan:1.0
newsgroup:1.0
regularli:1.0
thank:1.0
regard:1.0
sudhi:1.6931471805599454
gopinath:1.0
one:1.6931471805599454
u:1.0
ask:1.0
small:1.0
mind:1.6931471805599454
men:1.0
nobl:1.0
think:1.0
entir:1.0
world:1.0
famili:1.0
hitopadesha:1.0
