georg:2.791759469228055
howel:2.6094379124341005
goucher:2.386294361119891
wb3ffv:2.09861228866811
ampr:2.09861228866811
org:2.09861228866811
subject:1.0
impala:1.0
s:1.0
go:1.0
distribut:1.0
world:1.0
organ:1.0
colleg:1.0
towson:1.0
md:1.0
repli:1.0
line:1.0
9:1.0
mean:1.0
gon:1.0
na:1.0
bring:1.0
back:1.0
biscayn:1.0
bel:1.0
air:1.0
210:1.0
