tedebear:1.0
leland:1.0
stanford:1.6931471805599454
edu:2.09861228866811
theodor:1.0
chen:1.0
subject:1.0
ultim:1.0
awd:1.0
vehicl:1.0
organ:1.0
dsg:1.0
univers:1.0
ca:1.0
94305:1.0
usa:1.6931471805599454
distribut:1.0
line:1.0
7:1.0
articl:1.0
apr16:1.0
215151:1.0
28035:1.0
engr:1.6931471805599454
washington:1.6931471805599454
eliot:1.6931471805599454
stalfo:1.0
write:1.0
price:1.0
part:1.0
differ:1.0
stori:1.0
though:1.0
say:1.0
23:1.0
new:1.0
thermostat:1.0
sound:1.0
teddi:1.0
