doug:2.386294361119891
ingr:1.6931471805599454
com:1.0
schneyman:1.0
subject:1.0
two:2.386294361119891
car:2.791759469228055
chevi:2.791759469228055
nova:2.6094379124341005
cl:2.09861228866811
87:1.6931471805599454
dodg:2.386294361119891
600:1.6931471805599454
se:1.6931471805599454
news:1.0
softwar:1.0
vax:1.0
vm:1.0
vnew:1.0
1:1.6931471805599454
4:1.0
b1:1.0
keyword:1.0
600se:1.0
organ:1.0
ask:1.0
comput:1.0
system:1.0
product:1.0
divis:1.0
line:1.0
29:1.0
see:1.0
1987:1.6931471805599454
worth:1.0
3000:1.6931471805599454
problem:1.0
mainten:1.6931471805599454
cost:1.6931471805599454
run:1.0
4000:1.0
per:1.6931471805599454
year:1.6931471805599454
insur:1.0
wrong:1.6931471805599454
within:1.0
last:1.0
month:1.0
follow:1.0
occur:1.0
attempt:1.6931471805599454
american:1.0
german:1.0
000:1.0
replac:1.0
head:1.0
gasket:1.6931471805599454
300:1.0
new:1.0
radiat:1.0
japan:1.0
import:1.0
500:1.0
tune:1.0
oil:1.0
chang:1.0
valv:1.0
middl:1.0
exhaust:1.0
pipe:1.0
misc:1.0
note:1.0
also:1.0
70:1.0
horsepw:1.0
anyon:1.0
enough:1.0
power:1.0
get:1.0
even:1.6931471805599454
small:1.0
hill:1.0
without:1.0
knock:1.0
someth:1.0
use:1.0
93:1.0
octan:1.6931471805599454
ga:1.0
consid:1.0
go:1.0
110:1.0
find:1.0
anyway:1.0
best:1.0
item:1.0
equip:1.0
need:1.0
thank:1.0
2:1.0
wayn:1.0
nj:1.0
