oehler:2.386294361119891
picard:1.6931471805599454
c:2.09861228866811
wisc:1.6931471805599454
edu:1.6931471805599454
eric:1.6931471805599454
subject:1.0
translat:1.6931471805599454
tttddd:1.6931471805599454
dxf:1.6931471805599454
swiv3d:1.0
articl:1.0
1993apr6:1.0
020751:1.0
13389:1.0
distribut:1.0
usa:1.0
organ:1.0
univers:1.0
wisconsin:1.0
madison:1.0
comput:1.0
scienc:1.0
dept:1.0
line:1.0
8:1.0
mac:1.6931471805599454
user:1.0
come:1.6931471805599454
graphic:1.0
softwar:1.6931471805599454
hardwar:1.0
recent:1.0
across:1.0
larg:1.0
number:1.0
format:1.0
model:1.0
databas:1.0
unix:1.0
someth:1.0
could:1.0
use:1.0
like:1.0
plea:1.0
repli:1.0
via:1.0
email:1.0
thanx:1.0
