teckjoo:1.6931471805599454
iti:1.6931471805599454
gov:1.6931471805599454
sg:1.6931471805599454
chua:1.6931471805599454
teck:1.6931471805599454
joo:1.6931471805599454
subject:1.0
visuallib:2.386294361119891
3d:1.6931471805599454
graphic:2.09861228866811
window:1.6931471805599454
organ:1.0
inform:1.6931471805599454
technolog:1.6931471805599454
institut:1.6931471805599454
nation:1.0
comput:1.0
board:1.0
singapor:1.6931471805599454
line:1.0
17:1.0
current:1.0
look:1.0
librari:1.6931471805599454
run:2.09861228866811
m:1.0
3:1.0
1:1.0
must:1.0
vga:1.0
requir:1.0
add:1.0
card:1.0
metawar:1.0
high:1.0
c:1.0
compil:1.0
v3:1.0
0:1.0
email:1.6931471805599454
contact:1.0
author:1.0
help:1.0
would:1.0
much:1.0
appreci:1.0
thank:1.0
71:1.0
scienc:1.0
park:1.0
drive:1.0
phone:1.0
65:1.6931471805599454
772:1.0
0237:1.0
0511:1.0
fax:1.0
779:1.0
1827:1.0
