sloan:2.386294361119891
ci:2.09861228866811
uab:2.09861228866811
edu:1.6931471805599454
kenneth:1.6931471805599454
subject:1.0
gray:1.0
level:2.386294361119891
screen:1.6931471805599454
organ:1.0
univers:1.6931471805599454
alabama:1.6931471805599454
birmingham:2.09861228866811
line:1.0
22:1.0
articl:1.0
c51c4r:1.0
btg:1.0
csc:1.0
ti:1.6931471805599454
com:1.6931471805599454
rowland:1.6931471805599454
hc:1.0
jon:1.0
write:1.0
year:1.0
ago:1.0
friend:1.0
took:1.6931471805599454
256:1.6931471805599454
grey:1.6931471805599454
photo:1.0
1:1.6931471805599454
bit:1.0
mac:1.0
plu:1.0
use:1.0
method:1.0
display:2.09861228866811
synchron:1.0
60hz:1.0
10:1.0
second:1.0
creat:1.0
8:1.6931471805599454
imag:1.6931471805599454
2:1.0
4:1.0
16:1.0
32:1.0
64:1.0
128:1.0
time:2.386294361119891
slice:1.0
requir:1.0
total:1.0
exposur:1.0
precis:1.0
drastic:1.0
reduc:1.0
prepar:1.0
comput:1.0
inform:1.0
scienc:1.0
205:1.6931471805599454
934:1.6931471805599454
2213:1.0
115a:1.0
campbel:1.0
hall:1.0
station:1.0
5473:1.0
fax:1.0
al:1.0
35294:1.0
1170:1.0
