scrow:1.0
hemel:1.0
bull:1.6931471805599454
co:1.0
uk:1.6931471805599454
simon:1.0
crow:1.6931471805599454
subject:1.0
bgi:2.09861228866811
driver:2.386294361119891
svga:2.09861228866811
summari:1.0
ftp:1.6931471805599454
site:1.6931471805599454
keyword:1.0
nntp:1.0
post:1.0
host:1.0
bogart:1.0
organ:1.0
hn:1.0
line:1.0
11:1.0
requir:1.0
super:1.6931471805599454
vga:1.0
display:1.6931471805599454
xvga:1.0
anyon:1.0
know:1.0
could:1.0
obtain:1.0
relev:1.0
tregard:1.0
tsimon:1.0
