situnaya:1.0
ibm3090:1.6931471805599454
bham:1.6931471805599454
ac:1.6931471805599454
uk:1.6931471805599454
subject:1.0
none:1.0
set:1.0
organ:1.0
univers:1.0
birmingham:1.0
unit:1.0
kingdom:1.0
line:1.0
5:1.0
nntp:1.0
post:1.6931471805599454
host:1.0
bear:1.0
new:1.0
game:1.0
could:1.0
anyon:1.0
explain:1.0
exactli:1.0
dmorf:1.0
simpli:1.0
fade:1.0
one:1.6931471805599454
bitmap:1.0
anoth:1.6931471805599454
shape:1.0
bitma:1.0
p:1.0
plea:1.0
excus:1.0
ignor:1.0
even:1.0
sure:1.0
thi:1.0
messag:1.0
correctli:1.0
