renouar:1.0
amertum:1.6931471805599454
ufr:2.09861228866811
info:1.6931471805599454
p7:1.6931471805599454
ibp:1.6931471805599454
fr:1.6931471805599454
renouard:1.0
olivi:1.0
subject:1.0
look:1.6931471805599454
ctd:2.09861228866811
keyword:1.0
nntp:1.0
post:1.0
host:1.0
organ:1.0
universit:1.0
pari:1.0
7:1.0
informatiqu:1.0
line:1.0
5:1.0
find:1.0
connect:1.0
dot:1.0
smoother:1.0
franc:1.0
commerci:1.0
program:1.0
happili:1.0
pay:1.0
whatev:1.0
may:1.0
cost:1.0
take:1.0
litter:1.0
plea:1.0
help:1.0
lot:1.0
pov:1.0
sourc:1.0
textur:1.0
imag:1.0
anim:1.0
though:1.0
someth:1.0
tell:1.0
