jk87377:1.0
lehtori:1.0
cc:1.6931471805599454
tut:1.6931471805599454
fi:1.6931471805599454
kouhia:1.6931471805599454
juhana:1.6931471805599454
subject:1.0
gray:1.0
level:2.9459101490553135
screen:2.386294361119891
organ:1.0
tamper:1.0
univers:1.0
technolog:1.0
line:1.0
21:1.0
distribut:1.0
inet:1.0
nntp:1.0
post:1.0
host:1.0
articl:1.0
1993apr6:1.0
011605:1.0
909:1.0
ci:1.6931471805599454
uab:1.6931471805599454
edu:1.6931471805599454
sloan:1.6931471805599454
kenneth:1.0
write:1.0
creat:1.0
8:2.386294361119891
grey:1.6931471805599454
imag:2.09861228866811
display:1.0
1:2.6094379124341005
2:2.6094379124341005
4:1.6931471805599454
16:2.09861228866811
32:1.0
64:1.0
128:1.0
time:1.6931471805599454
slice:1.0
mean:1.0
item:1.0
1bit:1.6931471805599454
work:2.09861228866811
intens:1.6931471805599454
non:1.0
linear:2.09861228866811
bit:1.6931471805599454
per:1.0
pixel:1.0
could:1.0
c:2.386294361119891
give:1.0
find:1.0
best:1.6931471805599454
compin:1.6931471805599454
10:1.6931471805599454
chois:1.0
must:1.0
chosen:1.0
differ:1.0
vari:1.0
keep:1.0
order:1.0
reader:1.0
verifi:1.0
wrote:1.0
