sloan:2.386294361119891
ci:2.09861228866811
uab:2.09861228866811
edu:1.6931471805599454
kenneth:1.6931471805599454
subject:1.0
surfac:2.6094379124341005
normal:2.09861228866811
orient:1.6931471805599454
organ:1.0
univers:1.6931471805599454
alabama:1.6931471805599454
birmingham:2.09861228866811
line:1.0
42:1.0
articl:1.0
1pscti:1.0
aqe:1.0
travi:1.6931471805599454
csd:1.6931471805599454
harri:1.6931471805599454
com:1.6931471805599454
srp:1.0
stephen:1.0
pietrowicz:1.0
write:1.0
go:1.6931471805599454
direct:1.0
given:1.0
set:1.0
point:1.6931471805599454
edg:3.833213344056216
face:2.386294361119891
look:1.0
inconsist:2.09861228866811
consid:1.0
two:1.0
vertic:1.0
p:3.302585092994046
q:3.302585092994046
connect:1.0
least:1.0
one:1.6931471805599454
appear:1.6931471805599454
flip:1.6931471805599454
travel:1.0
across:1.0
bad:1.0
assum:1.0
warn:2.09861228866811
otherwis:1.6931471805599454
accept:1.0
pick:1.6931471805599454
travers:1.0
enforc:1.0
consist:2.09861228866811
0:1.0
mark:2.09861228866811
ok:1.6931471805599454
1:2.09861228866811
f:2.09861228866811
contain:1.0
2:1.6931471805599454
oop:1.0
make:1.0
sure:1.0
e:1.0
r:1.6931471805599454
wrong:1.0
add:1.0
queue:2.09861228866811
check:1.0
duplic:1.0
especi:1.0
let:1.0
remov:1.0
discov:1.0
lose:1.6931471805599454
step:1.0
find:1.0
share:1.0
particular:1.0
done:1.0
mean:1.0
either:1.0
decid:1.0
way:1.0
left:1.0
exercis:1.0
comput:1.0
inform:1.0
scienc:1.0
205:1.6931471805599454
934:1.6931471805599454
2213:1.0
115a:1.0
campbel:1.0
hall:1.0
station:1.0
5473:1.0
fax:1.0
al:1.0
35294:1.0
1170:1.0
