stgprao:1.0
st:1.0
unoc:1.6931471805599454
com:1.0
richard:1.0
ottolini:1.0
subject:1.0
rumour:1.0
3do:1.6931471805599454
organ:1.0
corpor:1.0
line:1.0
5:1.0
need:1.0
hit:1.6931471805599454
softwar:2.09861228866811
product:2.09861228866811
encourag:1.0
sale:1.0
e:1.0
pong:1.0
pacman:1.0
visicalc:1.0
dbase:1.0
pagemak:1.0
multi:1.6931471805599454
medium:1.6931471805599454
digit:1.0
televis:1.0
alreadi:1.0
albeit:1.0
capabl:1.0
compel:1.0
reason:1.0
buy:1.0
yet:1.0
perhap:1.0
someon:1.0
news:1.0
group:1.0
write:1.0
