bsaffo01:1.6931471805599454
cad:2.09861228866811
gmed:2.09861228866811
com:2.09861228866811
brian:1.6931471805599454
h:1.6931471805599454
safford:1.6931471805599454
subject:1.0
ige:2.09861228866811
viewer:1.6931471805599454
do:1.6931471805599454
window:2.09861228866811
organ:1.0
ed:1.0
cadillac:1.0
line:1.0
10:1.0
nntp:1.0
post:1.0
host:1.0
ccadmn1:1.0
anybodi:1.0
know:1.0
need:1.0
abl:1.0
display:1.0
computervis:1.0
file:1.0
pc:1.0
run:1.0
3:1.0
1:1.0
thank:1.0
advanc:1.0
email:1.0
electron:1.6931471805599454
data:1.6931471805599454
system:1.6931471805599454
phone:1.0
313:1.0
696:1.0
6302:1.0
note:1.0
view:1.0
opinion:1.0
express:1.0
herein:1.0
mine:1.0
reflect:1.0
corp:1.0
