rob:1.6931471805599454
rjck:1.6931471805599454
uucp:1.6931471805599454
robert:1.6931471805599454
j:1.6931471805599454
c:1.6931471805599454
kyanko:1.6931471805599454
subject:1.0
vga:2.09861228866811
640x400:1.6931471805599454
graphic:1.6931471805599454
mode:2.386294361119891
distribut:1.0
world:1.0
organ:1.0
neptun:1.0
softwar:1.0
inc:1.0
line:1.0
15:1.0
gchen:1.0
essex:1.0
ecn:1.6931471805599454
uoknor:1.6931471805599454
edu:1.6931471805599454
write:1.0
articl:1.0
c55doh:1.0
2ai:1.0
constel:1.0
greet:1.0
anybodi:1.0
know:1.0
possibl:1.0
set:1.0
instead:1.0
640x480:1.6931471805599454
info:1.0
appreci:1.0
vesa:2.09861228866811
bio:1.0
support:2.386294361119891
0x100:1.0
abl:1.0
256:1.6931471805599454
color:1.0
sinc:1.0
requir:1.0
000:1.0
byte:1.0
8514:1.6931471805599454
tsr:1.0
card:1.0
due:1.0
restrict:1.0
wd:1.0
paradis:1.0
respons:1.0
anyth:1.0
say:1.0
opinion:1.0
