mlee:1.6931471805599454
eng:2.09861228866811
sdsu:2.09861228866811
edu:2.09861228866811
mike:1.0
lee:1.0
subject:1.0
mpeg:2.09861228866811
x:2.09861228866811
window:1.6931471805599454
mono:1.6931471805599454
need:1.6931471805599454
organ:1.0
san:1.0
diego:1.0
state:1.0
univers:1.0
comput:1.0
servic:1.0
line:1.0
4:1.0
nntp:1.0
post:1.6931471805599454
host:1.0
newsread:1.0
tin:1.0
version:1.0
1:1.6931471805599454
pl9:1.0
hello:1.0
thank:1.0
read:1.0
request:1.0
viewer:1.0
run:1.6931471805599454
monochrom:1.0
monitor:1.0
driver:1.0
play:1.0
plea:1.0
locat:1.0
file:1.0
better:1.0
yet:1.0
e:1.0
mail:1.0
