aad:1.0
scr:1.0
siemen:2.09861228866811
com:1.6931471805599454
anthoni:1.0
datri:1.0
subject:1.0
nice:1.0
gif:1.0
code:1.0
nntp:1.0
post:1.0
host:1.0
lovecraft:1.0
organ:1.0
weyland:1.0
yutani:1.0
line:1.0
7:1.0
thing:1.0
call:1.0
xgif:1.6931471805599454
grandfath:1.0
xv:1.0
8:1.0
