fischer:2.386294361119891
iesd:1.6931471805599454
auc:1.6931471805599454
dk:1.6931471805599454
lar:2.09861228866811
peter:1.0
subject:1.0
rumour:1.0
3do:1.0
repli:1.0
archer:2.6094379124341005
elysium:1.6931471805599454
esd:2.09861228866811
sgi:2.09861228866811
com:2.6094379124341005
messag:1.0
6:1.0
apr:1.0
93:1.0
18:1.6931471805599454
30:1.0
gmt:1.0
organ:1.0
mathemat:1.0
comput:1.0
scienc:1.0
aalborg:1.6931471805599454
univers:1.0
c51eyz:1.0
4ix:1.0
optimla:1.0
aimla:1.0
1993apr6:1.0
144520:1.0
2190:1.0
unoc:1.0
h48vti:1.0
zola:1.0
line:1.0
11:1.0
bad:1.0
cop:1.0
surli:1.0
interact:1.0
sex:1.0
madonna:1.0
sexium:1.0
short:1.0
take:1.0
uncommon:1.0
mind:1.0
think:1.0
c:1.0
dept:1.0
univ:1.0
denmark:1.0
thing:1.0
calvin:1.0
