graem:1.6931471805599454
labtam:2.09861228866811
oz:1.0
au:1.0
gill:1.6931471805599454
subject:1.0
look:1.6931471805599454
circl:2.09861228866811
algorithm:2.6094379124341005
faster:1.0
bresenham:2.09861228866811
organ:1.0
australia:1.6931471805599454
pti:1.0
ltd:1.0
melbourn:1.0
line:2.6094379124341005
28:1.0
articl:1.0
1993apr13:1.0
025240:1.0
8884:1.0
nwnexu:1.0
wa:1.0
com:1.6931471805599454
mpdillon:1.0
halcyon:1.0
michael:1.0
dillon:1.0
write:1.0
similar:1.0
draw:2.09861228866811
step:2.09861228866811
along:1.0
minor:1.0
axi:1.0
slice:2.09861228866811
like:1.0
aaaa:1.6931471805599454
bbbb:1.6931471805599454
cccc:1.6931471805599454
follow:1.6931471805599454
diagram:1.0
tye:1.0
known:1.0
run:1.0
length:1.6931471805599454
increment:1.6931471805599454
see:1.0
fundament:1.0
comput:2.09861228866811
graphic:2.09861228866811
springer:1.0
verlag:1.0
berlin:1.0
heidelberg:1.0
1985:1.0
tri:1.0
extrapol:1.0
figur:1.0
determin:1.0
idea:1.0
thmm:1.0
think:1.0
help:1.0
might:1.0
take:1.0
doubl:1.6931471805599454
gener:1.6931471805599454
x:1.6931471805599454
wu:1.6931471805599454
j:1.6931471805599454
g:1.6931471805599454
rokn:1.6931471805599454
imag:1.0
process:1.0
vol:1.0
37:1.0
4:1.0
mar:1.0
1987:1.0
pp:1.6931471805599454
331:1.0
334:1.0
ellips:1.0
ieee:1.0
applic:1.0
may:1.0
1989:1.0
56:1.0
69:1.0
tgraem:1.0
