hrs1:1.0
cbnewsi:1.0
cb:1.0
att:1.0
com:1.0
herman:1.6931471805599454
r:1.0
silbig:1.6931471805599454
subject:1.0
ansi:1.0
aiim:1.0
m:1.0
53:1.0
standard:1.0
imag:2.09861228866811
file:2.09861228866811
format:2.09861228866811
organ:1.0
keyword:1.0
line:1.0
6:1.0
wing:1.0
suggest:1.0
stu:1.0
lynn:1.0
post:1.0
execut:1.0
sourc:1.6931471805599454
code:1.0
alt:1.0
