g9134255:1.0
wampyr:1.6931471805599454
cc:1.6931471805599454
uow:1.6931471805599454
edu:1.6931471805599454
au:1.6931471805599454
coronado:1.0
emmanuel:1.0
abad:1.0
subject:1.0
font:2.386294361119891
pov:1.6931471805599454
organ:1.0
univers:1.0
wollongong:1.0
nsw:1.0
australia:1.0
line:1.0
11:1.0
nntp:1.0
post:1.0
host:1.0
keyword:1.0
raytrac:1.0
ti:1.0
seen:1.0
sever:1.0
ray:1.0
trace:1.0
scene:1.0
mtv:1.0
rayshad:1.0
stroke:1.0
appear:1.0
object:1.0
imag:1.0
char:1.0
color:1.0
depth:1.0
even:1.0
textur:1.0
associ:1.0
wonder:1.0
possibl:1.0
thank:1.0
noel:1.0
