clipper:1.6931471805599454
mccarthi:1.6931471805599454
csd:2.09861228866811
uwo:2.09861228866811
ca:2.09861228866811
khun:2.386294361119891
yee:2.386294361119891
fung:2.09861228866811
subject:1.0
look:1.6931471805599454
circl:2.09861228866811
algorithm:2.386294361119891
faster:1.0
bresenham:1.6931471805599454
organ:1.0
depart:1.6931471805599454
comput:2.791759469228055
scienc:1.6931471805599454
univers:1.6931471805599454
western:1.6931471805599454
tontario:1.0
london:1.6931471805599454
ontario:2.09861228866811
canada:1.6931471805599454
repli:1.0
graem:3.5649493574615367
labtam:2.791759469228055
oz:2.09861228866811
au:2.09861228866811
messag:1.0
wed:1.6931471805599454
14:1.6931471805599454
apr:1.6931471805599454
1993:1.6931471805599454
04:1.6931471805599454
49:1.6931471805599454
46:1.6931471805599454
gmt:1.6931471805599454
1993apr13:1.0
025240:1.0
8884:1.0
nwnexu:1.0
wa:1.0
com:1.0
1993apr14:1.0
044946:1.0
12144:1.0
nntp:1.0
post:1.0
host:1.0
line:2.386294361119891
41:1.0
gill:1.0
said:1.0
tye:1.0
known:1.0
run:1.6931471805599454
length:2.09861228866811
slice:2.09861228866811
increment:1.6931471805599454
see:1.0
fundament:1.0
graphic:2.386294361119891
springer:1.0
verlag:1.0
berlin:1.0
heidelberg:1.0
1985:1.0
tri:1.0
extrapol:1.0
figur:1.0
determin:1.0
idea:1.0
thmm:1.0
think:1.0
help:1.0
might:1.6931471805599454
take:1.0
follow:1.0
doubl:1.6931471805599454
step:1.6931471805599454
gener:1.6931471805599454
x:1.6931471805599454
wu:1.6931471805599454
j:1.6931471805599454
g:1.6931471805599454
rokn:1.6931471805599454
imag:1.0
process:1.0
vol:1.0
37:1.0
4:1.0
mar:1.0
1987:1.0
pp:1.6931471805599454
331:1.0
334:1.0
ellips:1.0
ieee:1.0
applic:1.0
may:1.0
1989:1.0
56:1.0
69:1.0
anoth:1.0
paper:1.0
want:1.0
consid:1.0
articl:1.0
fungdraw:1.0
titl:1.0
draw:1.0
without:1.0
divis:1.0
oper:1.0
author:1.0
tina:1.0
nichol:1.0
k:1.0
dewdney:1.0
journal:1.0
forum:1.0
year:1.0
1992:1.0
volum:1.0
11:1.0
number:1.0
3:1.0
page:1.0
c:1.6931471805599454
267:1.0
277:1.0
middlesex:1.0
colleg:1.0
n6a:1.0
5b7:1.0
tel:1.0
519:1.6931471805599454
661:1.6931471805599454
6889:1.0
fax:1.0
3515:1.0
