emm:2.09861228866811
tamarack202:2.09861228866811
cray:2.386294361119891
com:2.09861228866811
mike:1.6931471805599454
mcconnel:1.6931471805599454
subject:1.0
interleaf:2.09861228866811
cgm:2.09861228866811
origin:1.0
keyword:1.0
ileaf:1.0
line:1.0
13:1.0
nntp:1.0
post:1.0
host:1.0
organ:1.0
research:1.0
inc:1.0
anyon:1.0
success:1.0
convert:1.0
graphic:1.0
even:1.0
heard:1.0
done:1.0
love:1.0
hear:1.0
