rjs002c:1.6931471805599454
parsec:2.09861228866811
paradyn:2.09861228866811
com:1.6931471805599454
robert:1.0
synoski:1.0
subject:1.0
24:1.6931471805599454
bit:1.6931471805599454
graphic:1.6931471805599454
card:2.09861228866811
nntp:1.0
post:1.0
host:1.0
repli:1.0
organ:1.0
largo:1.0
florida:1.0
line:1.0
10:1.0
look:1.0
eisa:1.0
vesa:1.0
local:1.0
bu:1.0
support:2.09861228866811
least:1.0
1024x786x24:1.0
resolut:1.0
know:1.6931471805599454
matrox:1.0
one:1.0
expens:1.0
resoult:1.0
striaght:1.0
isa:1.0
also:1.0
x:1.0
server:1.0
unix:1.0
pc:1.0
thank:1.0
