geigel:2.09861228866811
sea:1.6931471805599454
gwu:1.6931471805599454
edu:1.6931471805599454
joseph:1.0
subject:1.0
look:1.0
autocad:1.6931471805599454
dxf:1.6931471805599454
file:1.6931471805599454
parser:1.0
organ:1.0
georg:1.0
washington:1.0
univers:1.0
line:1.0
16:1.0
hello:1.0
anyon:1.0
know:1.0
c:1.6931471805599454
function:1.0
librari:1.0
public:1.0
domain:1.0
assist:1.0
par:1.0
plea:1.0
e:1.0
mail:1.0
thank:1.0
jogl:1.0
