kshin:1.0
stein:1.6931471805599454
u:1.6931471805599454
washington:2.09861228866811
edu:1.6931471805599454
kevin:1.6931471805599454
shin:1.0
subject:1.0
thin:2.09861228866811
algorithm:1.6931471805599454
organ:1.0
univers:1.0
seattl:1.0
line:1.0
10:1.0
nntp:1.0
post:1.0
host:1.0
hi:1.0
netter:1.0
look:1.0
sourc:1.0
code:1.0
read:1.0
ascii:1.0
file:1.6931471805599454
bitmap:1.0
produc:1.0
imag:1.6931471805599454
exampl:1.0
preprocess:1.0
charact:1.0
want:1.0
appli:1.0
thank:1.0
