esuoc:1.6931471805599454
csv:2.09861228866811
warwick:2.386294361119891
ac:2.09861228866811
uk:2.386294361119891
ajay:1.0
soni:1.0
subject:1.0
plea:2.09861228866811
recommend:1.6931471805599454
3d:2.09861228866811
graphic:3.0794415416798357
librari:1.6931471805599454
organ:1.0
comput:1.0
servic:1.0
univers:1.0
line:1.6931471805599454
44:1.0
distribut:1.0
world:1.0
repli:1.0
nntp:1.0
post:1.6931471805599454
host:2.386294361119891
thyme:1.0
articl:1.0
2g1:1.0
bcstec:1.6931471805599454
ca:1.6931471805599454
boe:1.6931471805599454
com:1.6931471805599454
rgc3679:1.0
robert:1.0
g:1.0
carpent:1.6931471805599454
write:1.0
hi:1.0
netter:1.0
build:1.0
cad:1.0
packag:1.0
need:2.09861228866811
handl:1.0
rudimentri:1.0
task:1.0
hidden:1.0
remov:1.0
shade:1.0
anim:1.0
etc:1.0
offer:1.0
also:1.0
contact:1.0
info:1.0
name:1.0
address:1.0
email:1.0
find:1.0
thank:1.0
respons:1.0
case:1.0
other:1.0
bob:1.0
given:1.0
site:1.0
excel:1.0
object:1.0
sort:1.0
file:1.0
format:1.0
plaza:1.0
aarnet:1.0
edu:2.09861228866811
au:1.0
locat:2.09861228866811
mirror:2.386294361119891
directori:2.09861228866811
drwxr:2.09861228866811
xr:2.09861228866811
x:2.09861228866811
512:2.09861228866811
apr:1.0
4:1.0
14:1.6931471805599454
32:1.0
avalon:2.09861228866811
chinalak:2.09861228866811
navi:2.09861228866811
mil:2.09861228866811
compute1:1.0
cc:1.0
ncsu:1.0
wustl:1.6931471805599454
mar:1.0
09:1.0
15:1.0
wuarchiv:1.0
jan:1.0
3:1.0
06:1.0
29:1.0
see:1.0
ya:1.0
tajay:1.0
8:1.0
