lcd:1.6931471805599454
umcc:2.791759469228055
umich:2.09861228866811
edu:2.791759469228055
leon:1.6931471805599454
dent:1.6931471805599454
subject:1.0
mpeg:2.6094379124341005
x:1.0
window:1.0
mono:2.6094379124341005
need:1.0
organ:1.0
ann:1.0
arbor:1.0
mi:1.0
line:1.0
20:1.0
nntp:1.0
post:1.0
host:1.0
sunsit:1.0
unc:1.0
pub:1.6931471805599454
multimedia:1.0
util:1.0
unix:1.0
find:1.6931471805599454
play:2.386294361119891
2:1.0
0:1.6931471805599454
tar:1.0
z:1.0
work:1.0
best:1.6931471805599454
dither:1.6931471805599454
threshold:1.0
though:1.0
use:1.0
face:1.0
view:1.0
situat:1.0
also:1.0
someon:1.0
made:1.0
patch:2.09861228866811
give:1.0
two:1.0
mode:1.0
mono2:1.0
halfton:1.0
jan:1.6931471805599454
pandonia:1.0
canberra:1.6931471805599454
au:1.6931471805599454
newmarch:1.0
found:1.0
csc:1.0
137:1.0
92:1.0
1:1.6931471805599454
motif:1.0
mpeg2:1.0
