djmst19:1.0
unixd2:1.0
ci:1.0
pitt:1.0
edu:1.0
david:1.0
j:1.0
madura:1.0
subject:1.0
rumour:1.0
3do:2.09861228866811
line:1.0
13:1.0
x:1.0
newsread:1.0
tin:1.0
1:1.6931471805599454
pl3:1.0
dave:1.6931471805599454
optimla:1.0
aimla:1.0
com:1.0
ziedman:1.0
write:1.0
still:1.0
concept:1.6931471805599454
softwar:2.09861228866811
sell:1.0
determin:1.0
success:1.0
apparantli:1.0
dont:1.0
keep:1.0
news:1.0
shown:1.0
ce:1.0
develop:1.6931471805599454
other:1.0
privat:1.0
show:1.0
300:1.0
license:1.0
current:1.0
would:1.0
say:1.0
lot:1.0
