joerg:2.6094379124341005
sax:2.791759469228055
de:2.791759469228055
wunsch:2.386294361119891
subject:1.0
variou:1.0
dxf:2.9459101490553135
format:2.6094379124341005
question:1.0
organ:1.0
saxnet:1.0
dresden:1.6931471805599454
germani:1.0
line:1.0
25:1.0
distribut:1.0
world:1.0
nntp:1.0
post:1.0
host:2.386294361119891
summari:1.0
list:1.0
site:1.6931471805599454
hold:1.6931471805599454
document:1.6931471805599454
keyword:1.0
graphic:2.386294361119891
archi:1.0
told:1.0
follow:1.0
nic:1.0
funet:1.0
fi:1.0
128:1.0
214:1.0
6:1.0
100:1.0
last:2.09861228866811
updat:2.09861228866811
15:1.0
11:1.0
7:1.0
apr:1.6931471805599454
1993:1.6931471805599454
locat:2.09861228866811
pub:1.6931471805599454
csc:1.0
file:2.09861228866811
rwxrwxr:1.0
95442:1.6931471805599454
dec:1.0
4:1.0
1991:1.6931471805599454
doc:2.09861228866811
rainbow:1.0
cse:1.0
nau:1.0
edu:1.0
134:1.0
114:1.0
64:1.0
24:1.0
17:1.0
09:1.0
1:1.6931471805599454
jun:1.0
1992:1.0
rw:1.6931471805599454
r:2.386294361119891
mar:1.0
23:1.6931471805599454
31:1.0
ftp:1.0
waseda:1.0
ac:1.0
jp:1.0
133:1.0
9:1.0
32:1.0
00:1.0
47:1.0
5:1.0
data:1.0
39753:1.0
nov:1.0
18:1.0
z:1.0
j:1.0
org:1.0
ham:1.0
dl8dtl:1.0
uriah:1.0
anyth:1.0
go:1.0
wrong:1.0
wutcd:1.0
hadrian:1.0
hrz:1.0
tu:1.0
chemnitz:1.0
tcd:1.0
