ederveen:2.9459101490553135
athena:1.6931471805599454
research:2.9459101490553135
ptt:2.9459101490553135
nl:2.6094379124341005
subject:1.0
micro:1.6931471805599454
world:1.6931471805599454
data:1.6931471805599454
bank:1.6931471805599454
ii:1.6931471805599454
nntp:1.0
post:1.6931471805599454
host:1.0
repli:1.6931471805599454
n:1.6931471805599454
organ:1.0
netherland:1.0
line:1.6931471805599454
18:1.0
look:1.0
databas:2.09861228866811
call:1.6931471805599454
digit:1.0
map:1.0
inform:1.0
contain:1.0
178:1.0
068:1.0
latitud:1.0
longitud:1.0
point:1.0
said:1.0
public:1.0
domain:1.0
anyon:1.6931471805599454
know:2.09861228866811
place:1.0
get:1.0
prefer:1.6931471805599454
ftp:1.0
gopher:1.0
mailserv:1.0
etc:1.0
otherwis:1.0
snail:1.0
mail:1.6931471805599454
plea:1.6931471805599454
let:1.0
will:1.0
send:1.0
file:1.0
drop:1.0
use:1.6931471805599454
program:1.6931471805599454
versamap:1.0
charl:1.0
h:1.0
culberson:1.0
anoth:1.0
detail:1.0
pd:1.0
would:1.0
interest:1.6931471805599454
e:1.0
directli:1.0
read:1.0
group:1.0
regularli:1.0
summari:1.0
cours:1.0
derk:1.0
fidonet:1.0
2:1.0
283:1.0
323:1.0
tel:1.0
31:1.6931471805599454
70:1.6931471805599454
3323202:1.0
hlsdnl5:1.0
bitnet:1.0
fax:1.0
3326477:1.0
x400:1.0
c:1.0
admd:1.0
400net:1.0
prmd:1.0
dnm:1.0
wish:1.0
warrior:1.0
everi:1.0
languag:1.0
speak:1.0
lou:1.0
reed:1.0
