rschmitt:2.09861228866811
shearson:2.09861228866811
com:2.09861228866811
robert:1.6931471805599454
schmitt:1.6931471805599454
subject:1.0
plea:1.0
recommend:1.0
3d:1.0
graphic:1.0
librari:1.0
f:1.0
repli:1.0
organ:1.0
lehman:1.6931471805599454
brother:1.6931471805599454
inc:1.0
line:1.0
9:1.0
hardwar:1.0
plan:1.0
run:1.6931471805599454
workstat:1.0
pc:1.0
cost:1.0
level:1.0
time:1.0
licens:1.0
need:1.0
bob:1.0
appli:1.0
deriv:1.0
technolog:1.0
