weber:2.386294361119891
sipi:2.09861228866811
usc:2.09861228866811
edu:2.09861228866811
allan:1.6931471805599454
g:1.0
subject:1.0
need:1.0
help:1.6931471805599454
mitsubishi:2.09861228866811
p78u:2.09861228866811
imag:3.0794415416798357
printer:1.6931471805599454
organ:1.0
univers:1.6931471805599454
southern:1.6931471805599454
california:1.6931471805599454
lo:1.0
angel:1.0
ca:1.0
line:1.0
26:1.0
distribut:1.0
na:1.0
nntp:1.0
post:1.0
host:1.0
group:1.0
recent:1.0
bought:1.6931471805599454
video:2.386294361119891
could:1.0
use:1.6931471805599454
thing:2.386294361119891
1:2.09861228866811
parallel:2.6094379124341005
data:1.6931471805599454
input:2.09861228866811
addit:1.0
usual:1.0
signal:2.09861228866811
2:1.0
claim:1.6931471805599454
print:2.09861228866811
256:1.6931471805599454
gray:1.0
level:2.09861228866811
howev:1.6931471805599454
manual:1.0
came:1.0
describ:1.0
format:1.0
4:1.6931471805599454
bit:2.9459101490553135
pixel:2.9459101490553135
initi:1.0
problem:1.0
interfac:1.0
run:1.0
port:1.0
hewlett:1.0
packard:1.0
workstat:1.0
fine:1.0
call:1.6931471805599454
peopl:1.0
ask:1.0
said:1.0
avail:1.0
mention:1.0
sale:1.0
literatur:1.0
say:1.0
6:1.6931471805599454
64:1.0
mode:1.0
inform:1.6931471805599454
program:1.0
would:1.6931471805599454
japan:1.0
etc:1.0
frankli:1.0
find:1.0
hard:1.0
believ:1.0
8:2.09861228866811
sourc:1.0
store:1.0
memori:1.6931471805599454
like:1.0
expens:1.0
anybodi:1.0
get:1.0
even:1.0
greatli:1.0
appreci:1.0
send:1.0
thank:1.0
process:1.0
institut:1.0
