lusardi:1.6931471805599454
c:1.6931471805599454
buffalo:2.386294361119891
edu:2.386294361119891
christoph:1.0
subject:1.0
program:1.6931471805599454
includ:2.09861228866811
2:3.0794415416798357
edg:2.6094379124341005
detect:2.09861228866811
algorithm:1.0
articl:1.0
acsu:1.6931471805599454
c5jqm6:1.0
hlg:1.0
organ:1.0
state:1.0
univers:1.0
new:1.0
york:1.0
comp:1.0
sci:1.0
line:1.0
142:1.0
nntp:1.0
post:1.0
host:1.0
hadar:1.0
compass:4.13549421592915
oper:1.6931471805599454
laplacian:1.6931471805599454
output:1.6931471805599454
raw:1.0
grey:1.0
scale:1.0
imag:4.178053830347945
look:1.0
like:1.0
novice:1.0
term:1.0
correct:1.6931471805599454
error:1.0
improv:1.6931471805599454
welcom:1.0
even:1.0
accept:1.0
code:1.0
convolv:1.0
input:3.5649493574615367
digit:1.0
gaussian:1.0
7:1.6931471805599454
remov:1.0
nois:1.0
get:1.0
type:1.0
stdio:1.0
h:1.6931471805599454
math:1.0
defin:1.6931471805599454
imagewidth:3.0794415416798357
300:1.6931471805599454
imageheight:3.0794415416798357
unsign:2.6094379124341005
char:3.1972245773362196
angl:1.0
want:1.0
magnitud:3.0794415416798357
int:4.295836866004329
laplac:1.6931471805599454
op1:2.386294361119891
3:3.8903717578961645
0:4.637586159726386
1:5.30406509320417
4:1.0
op2:1.6931471805599454
op3:1.6931471805599454
op4:1.6931471805599454
op5:1.6931471805599454
op6:1.6931471805599454
op7:1.6931471805599454
op8:1.6931471805599454
void:1.6931471805599454
row:4.970291913552122
col:4.970291913552122
valu:3.772588722239781
op:5.02535169073515
compass1:2.6094379124341005
compass2:2.6094379124341005
compass3:2.6094379124341005
compass4:2.6094379124341005
compass5:2.6094379124341005
compass6:2.6094379124341005
compass7:2.6094379124341005
compass8:2.6094379124341005
tif:1.0
el:2.09861228866811
laplace1:2.791759469228055
tmagnitud:1.0
main:1.0
file:2.386294361119891
origin:2.09861228866811
fp:3.3978952727983707
mag:3.0794415416798357
laplace2:1.0
laplace3:1.0
algo:2.791759469228055
count:2.791759469228055
fopen:2.09861228866811
rb:1.0
wb:1.6931471805599454
fread:1.0
sizeof:2.09861228866811
tfor:1.0
tfwrite:1.6931471805599454
lot:1.0
au:1.6931471805599454
music:1.0
ftp:1.0
sound:1.0
sdsu:1.0
cat:1.0
dev:1.0
audio:1.0
ub:1.0
librari:1.0
catalog:1.0
telnet:1.0
bison:1.0
14261:1.0
doubt:1.0
ask:1.0
xarchi:1.0
xgopher:1.0
xwai:1.0
