bob:2.6094379124341005
black:1.6931471805599454
ox:1.0
ac:2.09861228866811
uk:2.09861228866811
dougla:1.6931471805599454
subject:1.6931471805599454
sphere:3.302585092994046
4:2.791759469228055
point:3.772588722239781
organ:1.0
oxford:2.6094379124341005
univers:1.6931471805599454
comput:1.6931471805599454
servic:1.6931471805599454
13:1.6931471805599454
banburi:1.6931471805599454
rd:1.0
u:2.09861228866811
line:2.6094379124341005
94:1.0
origin:1.0
articl:1.6931471805599454
2406:1.0
hcrlgw92:1.0
crl:1.0
hitachi:1.0
co:1.0
jp:1.0
steve:1.6931471805599454
hcrlgw:1.0
steven:1.0
collin:1.0
write:1.6931471805599454
1qkgbuinns9n:1.0
shelley:1.0
washington:1.6931471805599454
edu:1.6931471805599454
bolson:1.6931471805599454
carson:1.0
edward:1.0
boy:1.0
embarass:1.0
trivial:1.0
faq:1.0
given:1.0
non:1.6931471805599454
coplanar:1.0
one:1.6931471805599454
find:3.3978952727983707
center:1.0
radiu:1.6931471805599454
exactli:1.0
fit:1.0
know:1.0
circl:3.0794415416798357
3:2.791759469228055
immedi:1.0
see:1.6931471805599454
straightforward:1.0
way:1.0
check:2.386294361119891
geometri:1.0
book:1.0
graphic:1.0
gem:1.0
farin:1.0
still:1.0
loss:1.0
plea:1.0
merci:1.0
provid:1.0
solut:1.0
requir:1.0
hyper:1.0
space:1.6931471805599454
specifi:1.0
far:1.0
unless:1.0
prove:1.0
exist:1.6931471805599454
equi:1.0
distant:1.0
may:1.0
necessarili:1.0
happen:1.0
correct:1.0
wrong:1.0
quit:1.0
possibl:1.0
sorri:1.0
call:1.0
four:1.6931471805599454
b:2.6094379124341005
c:2.6094379124341005
three:1.6931471805599454
must:2.09861228866811
collinear:1.0
otherwis:1.6931471805599454
could:1.0
lie:3.0794415416798357
surfac:1.6931471805599454
coplan:1.0
either:1.0
defin:2.09861228866811
infin:1.0
perpendicular:2.386294361119891
bisector:2.386294361119891
ab:2.09861228866811
bc:1.0
ca:1.0
meet:1.0
p:2.9459101490553135
say:1.0
centr:2.09861228866811
desir:2.09861228866811
consid:1.0
normal:3.302585092994046
plane:3.4849066497880004
abc:3.1972245773362196
pas:1.6931471805599454
equidist:1.0
fact:1.0
diamet:1.0
take:1.6931471805599454
contain:2.386294361119891
right:2.09861228866811
angl:2.09861228866811
let:1.0
e:2.09861228866811
two:1.0
circumfer:1.0
need:1.0
q:2.6094379124341005
eq:1.0
dq:1.0
intersect:2.09861228866811
ed:2.386294361119891
sinc:1.0
algorithm:1.0
well:1.0
1:2.09861228866811
coincid:1.0
failur:2.09861228866811
2:2.09861228866811
ye:1.0
n:2.791759469228055
tabc:1.0
l:1.6931471805599454
5:1.0
pictur:1.0
ta:1.0
te:1.0
numer:1.0
ep:1.0
close:1.0
rel:1.0
error:1.0
best:1.0
choos:1.0
least:1.0
ad:1.0
bd:1.0
cd:1.0
larger:1.0
choic:1.0
internet:1.0
address:1.0
road:1.0
ox2:1.0
6nn:1.0
telephon:1.0
44:1.0
865:1.0
273211:1.0
