organ:1.0
stanford:2.09861228866811
linear:1.0
acceler:1.0
center:1.6931471805599454
rcb:1.6931471805599454
slacvm:1.6931471805599454
slac:1.6931471805599454
edu:2.09861228866811
subject:1.0
sphere:2.09861228866811
4:2.386294361119891
point:2.6094379124341005
distribut:1.0
world:1.0
line:1.0
21:1.0
bolson:1.6931471805599454
carson:1.0
u:1.0
washington:1.0
edward:1.0
given:1.6931471805599454
non:1.6931471805599454
coplanar:1.0
one:1.0
find:1.0
cnter:1.0
radiu:1.6931471805599454
exactli:1.0
fit:1.0
equat:1.6931471805599454
x1:2.09861228866811
y1:2.09861228866811
z1:2.09861228866811
x4:2.09861228866811
y4:2.09861228866811
z4:2.09861228866811
x:2.6094379124341005
2:3.772588722239781
z:2.6094379124341005
0:1.6931471805599454
1:2.09861228866811
5:1.6931471805599454
determinin:1.0
expand:1.0
first:1.0
column:1.0
get:1.0
form:1.6931471805599454
bx:1.0
cy:1.0
dz:1.0
e:1.0
need:1.0
jyst:1.0
divid:1.0
zero:1.0
degener:1.0
tetrahedron:1.0
complet:1.0
squar:1.0
obtain:1.0
xc:1.0
yc:1.0
zc:1.0
r:1.0
bob:1.0
beach:1.0
