kew:1.6931471805599454
bskew:1.6931471805599454
atr:1.6931471805599454
bso:1.6931471805599454
nl:1.6931471805599454
corn:2.09861228866811
wessel:2.09861228866811
subject:1.6931471805599454
point:1.6931471805599454
within:1.0
polygon:1.6931471805599454
organ:1.0
mathemag:1.0
line:1.0
71:1.0
articl:1.0
1993apr14:1.0
102007:1.0
20664:1.0
uk03:1.0
bull:1.6931471805599454
co:1.6931471805599454
uk:1.6931471805599454
scrow:1.0
hemel:1.0
write:1.0
look:1.0
algorithm:1.0
determin:1.0
given:1.0
bound:1.0
anyon:1.0
code:1.0
refer:1.0
book:1.0
contain:1.0
inform:1.0
regard:1.0
simon:1.0
function:1.0
puntbinnenpolygoon:1.6931471805599454
auteur:1.0
datum:1.0
11:1.0
01:1.0
1993:1.0
omschrijv:1.0
bepaalt:1.0
de:1.6931471805599454
aangeboden:1.0
vector2d:2.09861228866811
p:3.70805020110221
binnen:1.0
op:1.0
rand:1.0
van:1.0
het:1.0
polygoon:1.6931471805599454
valt:1.0
wijzigingen:1.0
clibstatu:1.0
v:2.791759469228055
w:2.791759469228055
index:1.0
aantal:2.09861228866811
snijpunten:2.386294361119891
n:3.1972245773362196
0:1.6931471805599454
geefpolygoonlengt:1.0
geefpolygoonrandpunt:1.6931471805599454
1:1.0
x:3.4849066497880004
interpoleerlineair:1.0
treturn:1.0
clibsucc:1.6931471805599454
el:1.6931471805599454
taantal:1.0
kopieervector2d:1.0
2:1.0
return:1.6931471805599454
cliberbuiten:1.0
krommenoord:1.0
14:1.0
3079:1.0
zt:1.0
rotterdam:1.0
netherland:1.0
31:1.0
10:1.0
4826394:1.0
