lau:2.09861228866811
auriga:1.0
rose:1.0
brandei:1.6931471805599454
edu:1.6931471805599454
franki:1.6931471805599454
k:1.0
subject:1.0
pc:1.6931471805599454
fastest:1.0
line:2.6094379124341005
circl:2.386294361119891
draw:2.6094379124341005
routin:1.6931471805599454
help:2.386294361119891
organ:1.0
univers:1.0
41:1.0
hi:1.0
short:1.0
look:1.6931471805599454
fast:2.6094379124341005
assembl:1.6931471805599454
code:2.386294361119891
svga:2.09861228866811
graphic:2.386294361119891
complet:1.0
ti:1.0
think:1.6931471805599454
simpl:1.6931471805599454
molecular:1.6931471805599454
program:1.6931471805599454
write:1.0
clone:1.0
ball:1.0
stick:1.0
type:1.0
reason:1.6931471805599454
seen:1.0
far:1.0
slow:1.0
purpos:1.6931471805599454
platform:1.0
386:1.0
486:1.0
class:1.0
machin:1.0
800x600:1.6931471805599454
16:2.09861228866811
1024x728:1.0
vga:1.0
speed:1.6931471805599454
import:1.0
color:1.0
non:1.6931471805599454
render:1.0
enough:1.6931471805599454
may:1.6931471805599454
stay:1.0
hope:1.0
would:1.6931471805599454
gener:1.0
differ:1.0
card:1.6931471805599454
base:1.0
trident:1.0
8900c:1.0
vesa:1.0
1:1.0
shape:1.0
mention:1.0
resolut:1.0
presum:1.0
languagin:1.0
tye:1.0
plea:1.0
2:1.6931471805599454
relat:1.0
rotat:1.6931471805599454
zoom:1.6931471805599454
anim:1.0
screen:1.0
begin:1.0
mainli:1.0
text:1.0
el:1.0
later:1.0
know:1.0
way:1.0
molecul:1.0
preferenti:1.0
c:1.0
project:1.0
final:1.0
remark:1.0
profit:1.0
expect:1.0
becom:1.0
share:1.0
free:1.0
ware:1.0
tani:1.0
appreci:1.0
tthank:1.0
tammi:1.0
harvard:1.0
p:1.0
pl:1.0
also:1.0
email:1.0
miss:1.0
repli:1.0
post:1.0
