khan0095:1.6931471805599454
nova:1.6931471805599454
gmi:2.09861228866811
edu:2.09861228866811
mohammad:1.6931471805599454
razi:1.0
khan:1.6931471805599454
subject:1.0
look:1.0
good:1.6931471805599454
book:1.6931471805599454
beginn:1.0
organ:1.0
engin:1.0
manag:1.0
institut:1.0
flint:1.0
mi:1.0
line:1.0
10:1.0
want:1.0
know:1.0
recommend:1.0
graphic:1.0
still:1.0
anim:1.0
vga:1.0
svga:1.0
thank:1.0
advanc:1.0
r:1.0
juli:1.0
93:1.0
plea:1.0
send:1.0
mail:1.0
mkhan:1.0
nyx:1.0
c:1.0
du:1.0
