seth:2.6094379124341005
north1:2.09861228866811
acpub:2.386294361119891
duke:2.386294361119891
edu:2.386294361119891
wandersman:1.6931471805599454
subject:1.0
oak:1.0
driver:1.6931471805599454
need:1.0
30d:1.0
studio:1.6931471805599454
repli:1.0
line:1.0
8:1.0
nntp:1.0
post:1.0
host:1.0
thi:1.0
look:1.0
3:1.0
toak:1.0
card:1.6931471805599454
1:1.0
ram:1.0
tthi:1.0
would:1.0
greatli:1.0
mean:1.0
appreci:1.0
tmayb:1.0
gotten:1.0
well:1.0
know:1.0
thank:1.0
