jian:1.6931471805599454
coo:1.0
dartmouth:1.6931471805599454
edu:1.0
lu:1.0
subject:1.0
grayscal:2.09861228866811
printer:2.09861228866811
summari:1.0
imag:1.6931471805599454
5000:1.6931471805599454
distribut:1.0
na:1.0
organ:1.0
colleg:1.0
hanov:1.0
nh:1.0
line:1.0
6:1.0
interest:1.0
purchas:1.0
offer:1.0
good:1.0
resoltuion:1.0
medic:1.0
anybodi:1.0
give:1.0
recommend:1.0
product:1.0
market:1.0
particular:1.0
thank:1.0
advic:1.0
