osprey:1.0
ux4:1.0
cso:1.0
uiuc:1.0
edu:1.0
luca:1.6931471805599454
adamski:1.0
subject:1.0
fast:1.6931471805599454
polygon:2.09861228866811
routin:2.09861228866811
need:1.6931471805599454
keyword:1.0
organ:1.0
univers:1.0
illinoi:1.0
urbana:1.0
champaign:1.0
line:1.0
6:1.0
may:1.0
fairli:1.6931471805599454
request:1.0
look:1.0
use:1.0
3d:1.0
game:1.0
one:1.6931471805599454
work:1.0
right:1.0
slow:1.0
could:1.0
anyon:1.0
point:1.0
pref:1.0
asm:1.0
well:1.0
document:1.0
flexibl:1.0
tthanx:1.0
