craig:3.0794415416798357
toontown:2.09861228866811
columbiasc:2.386294361119891
ncr:2.6094379124341005
com:2.386294361119891
williamson:2.386294361119891
subject:1.0
video:1.6931471805599454
repli:1.0
distribut:1.0
na:1.0
organ:1.0
e:1.0
columbia:1.0
sc:1.0
line:1.0
14:1.0
get:1.0
readi:1.0
buy:1.0
multimedia:1.0
workstat:1.0
would:1.0
like:1.0
littl:1.0
advic:1.0
need:1.0
graphic:1.0
card:1.6931471805599454
window:1.6931471805599454
origin:1.0
think:1.0
targa:1.0
work:1.0
look:1.0
thank:1.0
forgiv:1.0
divin:1.0
airhead:1.0
human:1.0
balki:1.0
bartokoma:1.0
home:1.0
perfect:1.0
stranger:1.0
