mike:1.6931471805599454
peredo:1.6931471805599454
mindlink:1.0
bc:1.0
ca:1.0
subject:1.0
fake:1.0
virtual:2.09861228866811
realiti:1.6931471805599454
organ:1.0
mind:1.0
link:1.0
british:1.0
columbia:1.0
canada:1.0
line:1.0
11:1.0
ridicul:1.0
exampl:1.0
vr:1.0
exploit:1.0
seen:1.0
far:1.6931471805599454
cloth:2.09861228866811
compani:1.0
recent:1.0
open:1.0
vancouv:1.0
tell:1.0
anoth:1.0
chic:1.0
spot:1.0
although:1.0
would:1.0
interest:1.0
sell:1.0
e:1.0
mail:1.0
want:1.0
dig:1.0
phone:1.0
probabl:1.0
get:1.0
promot:1.0
lit:1.0
mp:1.0
8:1.0
