edb:2.09861228866811
dmssyd:1.6931471805599454
syd:2.09861228866811
dm:2.09861228866811
csiro:2.9459101490553135
au:2.386294361119891
ed:1.6931471805599454
breen:1.6931471805599454
subject:1.0
dictum:2.791759469228055
93:2.791759469228055
origin:1.0
friend:1.0
keyword:1.0
confer:3.1972245773362196
repli:1.0
organ:1.0
divis:2.386294361119891
mathemat:1.6931471805599454
statist:1.0
australia:2.09861228866811
line:1.0
163:1.0
australian:1.6931471805599454
pattern:2.386294361119891
recognit:2.6094379124341005
societi:1.6931471805599454
2nd:1.6931471805599454
call:1.0
paper:2.6094379124341005
digit:1.6931471805599454
imag:2.791759469228055
comput:2.386294361119891
techniqu:1.0
applic:1.6931471805599454
locat:1.0
macquari:1.6931471805599454
theatr:1.0
univers:2.09861228866811
sydney:1.6931471805599454
date:1.6931471805599454
8:1.6931471805599454
10:1.0
decemb:1.6931471805599454
1993:2.791759469228055
second:1.0
biennial:1.0
nation:1.0
event:1.0
provid:2.09861228866811
opportun:1.0
person:1.0
interest:1.6931471805599454
vision:2.386294361119891
process:2.09861228866811
analysi:1.6931471805599454
aspect:1.6931471805599454
becom:1.0
inform:2.9459101490553135
contemporari:1.0
develop:1.0
area:1.6931471805599454
exchang:1.0
idea:1.0
establish:1.0
contact:1.6931471805599454
share:1.0
detail:1.0
work:1.0
other:1.6931471805599454
follow:1.6931471805599454
invit:1.0
speaker:1.0
specialis:1.0
present:1.6931471805599454
prof:2.386294361119891
gabor:1.0
herman:1.0
pennsylvania:1.0
medic:1.6931471805599454
r:1.0
hodgson:1.0
massey:1.0
new:1.0
zealand:1.0
dominiqu:1.0
juelin:1.0
centr:1.0
de:1.0
morphologi:1.0
mathematiqu:1.0
pari:1.0
morpholog:1.6931471805599454
john:1.0
richard:1.0
aust:1.0
defenc:1.0
forc:1.0
academi:1.0
canberra:1.6931471805599454
remot:1.0
sen:1.0
dr:1.0
phillip:1.0
k:1.0
robertson:1.0
technolog:2.09861228866811
interact:1.0
visualis:1.6931471805599454
concentr:1.0
limit:1.6931471805599454
object:1.0
motion:1.0
fuzzi:1.0
logic:1.0
neural:1.0
network:1.0
code:1.0
machin:1.0
robot:1.0
enhanc:1.6931471805599454
restor:1.6931471805599454
industri:1.0
softwar:1.0
hardwar:1.0
tool:1.0
sought:1.0
public:1.0
proceed:1.0
submiss:1.0
peer:1.0
review:1.0
consist:1.0
extend:1.0
abstract:2.09861228866811
750:1.0
1000:1.0
word:1.0
doubl:1.0
space:1.0
text:1.6931471805599454
summar:1.0
technic:1.0
result:1.0
quot:1.0
final:1.6931471805599454
page:1.0
illustr:1.0
camera:1.0
readi:1.0
form:1.6931471805599454
four:1.0
4:1.0
copi:1.0
sent:1.0
c:1.6931471805599454
toni:2.09861228866811
adriaansen:2.09861228866811
wool:1.6931471805599454
po:1.6931471805599454
box:1.6931471805599454
7:1.6931471805599454
ryde:1.6931471805599454
nsw:1.6931471805599454
2112:1.6931471805599454
import:1.0
due:1.6931471805599454
25th:1.0
june:1.0
accept:1.0
notifi:1.0
27th:1.0
august:1.0
15th:1.0
octob:1.0
social:1.6931471805599454
program:1.0
dinner:1.6931471805599454
held:1.0
thursday:1.0
9th:1.6931471805599454
activ:1.0
arrang:1.0
situat:1.0
beauti:1.0
harbour:2.09861228866811
mani:1.0
vari:1.0
place:1.0
opera:1.0
hous:1.0
bridg:1.0
two:1.0
well:1.0
known:1.0
landmark:1.0
cruis:1.0
citi:1.0
tour:1.0
blue:1.0
mountain:1.0
run:1.0
daili:1.0
request:1.6931471805599454
accommod:2.09861228866811
within:1.0
15:1.0
min:1.0
walk:1.0
distanc:1.0
avail:1.0
rang:1.0
colleg:1.0
style:1.0
5:1.0
star:1.0
hotel:1.0
facil:1.0
suppli:1.0
upon:1.0
fee:1.0
30th:1.6931471805599454
sep:1.6931471805599454
apr:2.6094379124341005
member:2.791759469228055
220:1.0
250:1.6931471805599454
student:1.0
120:1.0
150:1.0
280:1.0
35:1.0
dec:1.0
advanc:1.0
registr:1.0
name:1.0
organis:1.0
address:1.0
phone:1.0
fax:1.0
email:1.6931471805599454
current:1.6931471805599454
plea:1.6931471805599454
send:1.6931471805599454
enclos:1.0
chequ:1.6931471805599454
made:1.0
payabl:1.0
02:1.6931471805599454
809:1.0
9495:1.0
athula:1.0
ginigi:1.0
330:1.0
2393:1.0
dicta93:1.0
ee:1.0
ut:1.0
edu:1.0
iapp:1.0
intern:1.6931471805599454
associ:1.0
inc:1.0
affili:1.0
feder:1.0
