ldo:1.6931471805599454
waikato:2.6094379124341005
ac:1.6931471805599454
nz:1.6931471805599454
lawrenc:2.09861228866811
oliveiro:1.6931471805599454
univers:2.09861228866811
subject:1.0
rumour:1.0
3do:1.0
organ:1.0
hamilton:1.6931471805599454
new:1.6931471805599454
zealand:1.6931471805599454
line:1.0
52:1.0
articl:1.6931471805599454
1993apr16:1.0
212441:1.0
34125:1.0
rchland:1.6931471805599454
ibm:1.6931471805599454
com:1.6931471805599454
ricardo:2.09861228866811
vnet:1.0
hernandez:1.0
muchado:1.0
write:1.6931471805599454
1993apr15:1.0
164940:1.0
11632:1.0
mercuri:1.0
unt:1.6931471805599454
edu:1.6931471805599454
sean:1.6931471805599454
mcmain:1.6931471805599454
anim:1.6931471805599454
playback:1.6931471805599454
refer:1.0
earlier:1.0
post:1.0
plain:1.0
old:1.6931471805599454
quicktim:2.6094379124341005
1:2.386294361119891
5:1.6931471805599454
compact:1.0
video:2.09861228866811
codec:1.0
seen:1.0
digit:2.09861228866811
appl:1.6931471805599454
earli:1.0
commerci:1.0
precis:1.0
run:1.0
centri:1.6931471805599454
650:1.0
30fp:2.09861228866811
nice:1.6931471805599454
16:1.0
bit:2.386294361119891
color:1.0
depth:1.0
would:1.0
expect:1.0
use:2.6094379124341005
algorithm:1.0
risc:1.0
processor:1.6931471805599454
abl:1.0
approach:1.0
full:1.6931471805599454
screen:1.0
motion:1.0
though:1.0
impli:1.0
tax:1.0
highli:1.0
dynam:1.0
materi:1.0
want:1.0
get:1.0
mini:1.0
war:1.0
go:1.0
say:1.6931471805599454
littl:1.6931471805599454
skeptic:1.0
perform:1.6931471805599454
claim:1.6931471805599454
see:1.0
plea:1.0
flame:1.0
reserv:1.0
c:1.0
chicago:1.0
last:1.0
consum:1.0
electron:1.0
show:1.6931471805599454
booth:1.0
walk:1.0
real:1.6931471805599454
time:1.6931471805599454
captur:1.0
radiou:1.0
supermac:1.0
card:1.0
make:1.0
right:1.0
spot:1.0
movi:2.09861228866811
think:1.6931471805599454
one:1.0
fact:1.0
current:1.6931471805599454
version:1.6931471805599454
came:1.0
decemb:1.0
guy:2.09861228866811
talk:1.0
160x2xx:1.0
someth:1.0
play:2.09861228866811
back:2.09861228866811
quit:1.0
expand:1.0
window:1.0
resiz:1.0
25x:1.0
3xx:1.0
320:2.386294361119891
frame:1.0
rate:1.0
decreas:1.0
enough:1.0
notic:1.0
anymor:1.0
drop:1.6931471805599454
like:1.6931471805599454
15:1.0
fp:1.6931471805599454
increas:1.0
10:1.0
12:1.6931471805599454
ask:1.0
mac:1.6931471805599454
quadra:1.6931471805599454
know:1.0
model:1.0
900:1.0
tell:1.0
could:1.0
speed:1.0
even:2.09861228866811
lcii:1.0
well:1.0
spoil:1.0
sinc:1.0
68040:1.0
troubl:1.0
hardisk:1.0
memori:1.0
test:1.0
creat:1.0
240:2.09861228866811
resolut:1.0
scale:2.09861228866811
cpu:1.0
intens:1.0
oper:1.0
origin:1.0
0:1.0
optim:1.0
ratio:1.0
4:1.0
160:1.0
120:1.0
prepar:1.0
believ:1.0
good:1.0
actual:1.0
done:1.0
numer:1.0
measur:1.0
fone:1.0
64:1.6931471805599454
7:2.09861228866811
856:1.0
2889:1.0
comput:1.0
servic:1.0
dept:1.0
fax:1.0
838:1.0
4066:1.0
electr:1.0
mail:1.0
37:1.0
47:1.0
26:1.0
175:1.0
19:1.0
e:1.0
gmt:1.0
00:1.0
