wbdst:1.0
pitt:1.0
edu:1.0
william:1.0
b:1.0
dwinnel:1.0
subject:1.0
vesa:2.386294361119891
graphic:2.386294361119891
standard:2.09861228866811
organ:1.0
univers:1.0
pittsburgh:1.0
line:1.0
7:1.0
u:1.0
x08ibm:1.0
pc:1.0
world:1.0
much:1.0
becom:1.0
svga:1.0
know:1.0
lot:1.0
board:1.0
compani:1.0
well:1.0
sever:1.0
chip:1.0
manufactur:1.0
adher:1.0
effect:1.0
local:1.0
bu:1.0
anyon:1.0
