watson:2.6094379124341005
madvax:1.0
uwa:2.386294361119891
oz:1.0
au:2.09861228866811
david:1.0
subject:1.0
sphere:1.6931471805599454
4:1.6931471805599454
point:2.09861228866811
organ:1.0
math:2.09861228866811
dept:1.0
line:1.6931471805599454
23:1.0
distribut:1.0
world:1.0
nntp:1.0
post:1.0
host:1.0
xanthorrhoea:1.0
edu:2.386294361119891
articl:1.0
1qkgbuinns9n:1.0
shelley:1.0
u:1.6931471805599454
washington:1.6931471805599454
bolson:1.6931471805599454
carson:1.0
edward:1.0
write:1.0
given:1.0
non:1.0
coplanar:1.0
one:1.0
find:1.6931471805599454
center:1.0
radiu:1.0
exactli:1.0
fit:1.0
circumcent:1.6931471805599454
tetrahedron:1.0
discus:1.0
page:1.0
33:1.0
contour:1.0
guid:1.0
analysi:1.0
display:1.0
spatial:1.0
data:1.0
dave:1.6931471805599454
pergamon:1.0
press:1.0
1992:1.0
isbn:1.0
0:1.6931471805599454
08:1.0
040286:1.0
321p:1.0
pair:1.6931471805599454
tetrahedr:1.0
vertic:1.6931471805599454
defin:1.0
plane:2.09861228866811
perpendicular:1.0
bisector:1.0
express:1.0
form:1.0
ax:1.0
cz:1.0
solv:1.0
set:1.0
simultan:1.0
equat:1.0
three:1.0
vertex:1.0
common:1.0
use:1.0
solut:1.0
internet:1.0
depart:1.0
mathemat:1.0
univers:1.0
western:1.0
australia:1.6931471805599454
tel:1.0
61:1.6931471805599454
9:1.6931471805599454
380:1.6931471805599454
3359:1.0
nedland:1.0
wa:1.0
6009:1.0
fax:1.0
1028:1.0
