steve:2.09861228866811
hcrlgw:1.6931471805599454
steven:1.6931471805599454
collin:1.6931471805599454
subject:1.0
sphere:1.0
4:1.0
point:2.386294361119891
organ:1.0
central:1.6931471805599454
research:2.09861228866811
lab:1.6931471805599454
hitachi:2.09861228866811
ltd:1.0
line:2.6094379124341005
24:1.0
nntp:1.0
post:1.0
host:1.0
anoth:1.0
method:1.0
first:1.0
find:1.0
center:1.6931471805599454
circl:2.09861228866811
defin:1.6931471805599454
2:1.6931471805599454
set:1.0
3:1.6931471805599454
intersect:2.386294361119891
normal:1.0
would:1.6931471805599454
also:1.0
howev:1.0
small:1.0
numer:1.0
imprecis:1.0
make:1.0
supposedli:1.0
plane:2.09861228866811
uniqu:1.6931471805599454
parallel:1.6931471805599454
thought:1.0
project:1.0
onto:1.0
2d:1.6931471805599454
form:1.0
calcul:1.6931471805599454
guarante:1.0
solut:1.0
unless:1.0
happen:1.0
case:1.0
use:1.0
parametr:1.0
distanc:1.0
along:1.0
centr:1.0
determin:1.0
exact:1.0
interest:1.0
bypass:1.0
messi:1.0
error:1.0
propog:1.0
requir:1.0
3d:1.0
hope:1.0
put:1.0
foot:1.0
email:1.0
crl:1.0
co:1.0
jp:1.0
visit:1.0
comput:1.0
graphic:1.0
phone:1.0
0423:1.6931471805599454
23:1.0
1111:1.0
tokyo:1.0
fax:1.0
27:1.0
7742:1.0
