jhwitten:2.09861228866811
c:2.386294361119891
ruu:2.09861228866811
nl:2.09861228866811
jurriaan:2.09861228866811
wittenberg:1.6931471805599454
subject:1.0
imag:1.6931471805599454
earth:1.6931471805599454
organ:1.0
utrecht:1.6931471805599454
univers:1.0
dept:1.0
comput:1.0
scienc:1.0
line:1.0
27:1.0
1993apr18:1.0
230732:1.0
27804:1.0
kakwa:1.0
uc:1.0
ualberta:1.6931471805599454
ca:1.6931471805599454
ken:1.0
huisman:1.0
kenneth:1.0
write:1.0
look:1.0
graphic:1.0
shot:1.0
space:2.09861228866811
prefer:1.0
24:1.0
bit:1.6931471805599454
color:1.6931471805599454
256:1.0
gif:2.386294361119891
anyway:1.0
anyon:1.0
know:1.0
ftp:1.6931471805599454
site:1.0
find:1.0
greatli:1.0
appreci:1.0
could:1.0
pas:1.0
inform:1.0
thank:1.0
tri:1.6931471805599454
ing:1.0
pub:2.09861228866811
info:1.0
jpl:1.0
nasa:1.6931471805599454
gov:1.6931471805599454
128:1.0
149:1.0
6:1.0
2:1.0
simpl:1.0
dir:1.0
structur:1.0
ame:1.0
arc:1.0
jpeg:1.6931471805599454
sorri:1.0
8:1.0
great:1.0
picci:1.0
though:1.0
x:1.0
file:1.6931471805599454
semi:1.0
huge:1.0
gif89a:1.6931471805599454
watch:1.0
dead:1.0
ahead:1.0
good:1.6931471805599454
luck:1.0
softwar:1.0
found:1.0
depart:1.0
computersci:1.0
netherland:1.0
