amann:2.6094379124341005
iam:2.09861228866811
unib:2.09861228866811
ch:2.09861228866811
stephan:2.09861228866811
subject:1.0
radio:3.1972245773362196
repli:1.0
organ:1.0
univers:1.6931471805599454
bern:1.6931471805599454
institut:1.0
comput:2.386294361119891
scienc:1.0
appli:1.0
mathemat:1.0
special:1.0
interest:1.6931471805599454
group:1.6931471805599454
graphic:2.386294361119891
line:1.0
54:1.0
articl:1.0
16598:1.0
rz:1.0
uni:1.0
jena:1.0
de:1.6931471805599454
hahm:1.6931471805599454
fossi:1.0
hab:1.0
weimar:1.0
peter:2.09861228866811
write:1.0
sourc:1.6931471805599454
want:1.0
read:1.6931471805599454
comp:1.0
never:1.0
found:1.0
someth:1.0
anybodi:1.0
would:1.6931471805599454
glad:1.0
hear:1.0
somebodi:1.0
look:2.09861228866811
code:1.6931471805599454
method:1.0
alreadi:1.0
common:1.6931471805599454
literatur:1.0
e:1.0
g:1.6931471805599454
foley:1.0
think:1.0
littl:1.0
exampl:1.0
could:1.0
help:2.09861228866811
understand:1.0
work:1.6931471805599454
languag:1.0
c:2.386294361119891
pascal:1.0
prefer:1.0
hope:1.6931471805599454
packag:1.6931471805599454
ahead:1.0
problem:1.0
mile:1.0
sail:1.0
let:1.0
seriou:1.0
written:1.0
like:1.0
make:1.0
public:1.0
domain:1.0
announc:1.0
minut:1.0
finish:1.6931471805599454
good:1.0
news:1.6931471805599454
bad:1.0
take:1.0
anoth:1.0
2:1.0
month:1.0
least:1.0
meantim:1.0
may:1.0
file:1.0
tar:1.0
z:1.0
locat:1.6931471805599454
compute1:1.0
cc:1.0
ncsu:1.0
edu:1.0
archi:1.0
get:1.0
nearest:1.0
sig:1.0
switzerland:1.0
tel:1.0
41:1.6931471805599454
31:1.6931471805599454
65:2.09861228866811
46:1.0
79:1.0
fax:1.0
39:1.0
project:1.0
raytrac:1.0
