sp1mars:1.6931471805599454
lina:1.0
marco:1.6931471805599454
seirio:1.6931471805599454
subject:1.0
surfac:1.6931471805599454
intersect:1.6931471805599454
line:1.0
7:1.0
x:1.0
newsread:1.0
tin:1.0
1:1.6931471805599454
pl3:1.0
problem:1.0
two:1.0
anybodi:1.0
easi:1.0
understand:1.0
algorithm:1.0
mayb:1.0
even:1.0
c:1.0
sourc:1.0
real:1.0
life:1.0
caligula:1.0
