roell:2.09861228866811
informatik:1.6931471805599454
tu:1.0
muenchen:1.6931471805599454
de:1.0
thoma:1.6931471805599454
subject:1.0
24:1.6931471805599454
bit:1.6931471805599454
graphic:1.6931471805599454
card:2.386294361119891
repli:1.0
rjs002c:1.0
parsec:1.0
paradyn:1.0
com:2.09861228866811
messag:1.0
wed:1.0
14:1.0
apr:1.0
1993:1.0
21:1.0
59:1.0
34:1.0
gmt:1.0
organ:1.0
inst:1.0
fuer:1.0
technisch:1.0
univ:1.0
germani:1.0
line:1.0
20:1.0
look:1.0
eisa:1.6931471805599454
vesa:1.0
local:1.0
bu:1.0
support:2.09861228866811
least:1.0
1024x786x24:1.0
resolut:1.0
know:1.6931471805599454
matrox:1.0
one:1.0
expens:1.0
resoult:1.0
striaght:1.0
isa:1.6931471805599454
elsa:1.0
winner4000:1.0
s3:1.6931471805599454
928:1.6931471805599454
bt485:1.6931471805599454
4mb:1.6931471805599454
metheu:1.0
premier:1.0
4vl:1.0
vl:1.0
also:1.0
x:1.0
server:1.0
unix:1.0
pc:1.0
happen:1.0
sgc:2.09861228866811
xserver:1.0
x386:1.0
1:1.0
4:1.0
1024x768x24:1.0
plea:1.0
email:1.0
info:1.0
detail:1.0
da:1.6931471805599454
reh:1.6931471805599454
springt:1.6931471805599454
hoch:1.0
te:1.0
mail:1.0
weit:1.0
includ:1.0
sy:1.0
pizza:1.0
h:1.0
soll:1.0
e:1.6931471805599454
tun:1.0
hat:1.0
ja:1.0
zeit:1.0
