sean:2.386294361119891
white:2.386294361119891
mc:2.09861228866811
com:2.09861228866811
gum:1.6931471805599454
subject:1.0
cview:1.6931471805599454
answer:1.0
organ:1.0
corpor:1.0
harvey:1.0
illinoi:1.0
x:2.791759469228055
newsread:1.0
tin:1.0
1:2.09861228866811
pl4:1.0
line:1.0
23:1.0
bryanw:1.0
rahul:1.0
net:1.0
bryan:1.0
woodworth:1.0
write:1.6931471805599454
1993apr16:1.0
114158:1.0
2246:1.0
stupid:1.0
question:1.0
run:1.0
get:1.0
still:1.0
need:1.0
gif:2.09861228866811
viewer:1.6931471805599454
linux:2.9459101490553135
without:2.09861228866811
window:2.6094379124341005
thank:1.6931471805599454
ho:1.0
boy:1.0
way:1.6931471805599454
hell:1.0
go:1.0
abl:1.0
view:2.386294361119891
graphic:2.09861228866811
love:1.0
easi:1.0
learn:1.0
want:2.386294361119891
text:1.6931471805599454
okay:1.0
use:2.09861228866811
simpl:1.0
painless:1.0
requir:1.0
includ:1.0
fanci:1.0
word:1.0
processor:1.0
like:1.6931471805599454
doc:1.6931471805599454
imag:2.09861228866811
xv:1.0
etc:1.0
ummm:1.0
beg:1.0
differ:1.0
kind:1.0
soul:1.0
sent:1.0
program:1.0
call:1.0
dpg:1.6931471805599454
exactli:1.0
support:1.0
1024x768:1.0
biggest:1.0
complaint:1.0
pain:1.0
slow:1.6931471805599454
take:1.6931471805599454
minut:1.0
display:1.0
cshow:1.0
do:1.0
split:1.0
second:1.0
idea:1.0
anybodi:1.6931471805599454
anyth:1.0
better:1.0
plu:1.0
