sasst11:1.6931471805599454
pitt:1.6931471805599454
edu:1.6931471805599454
scott:2.09861228866811
snowiss:1.6931471805599454
subject:1.0
imagin:2.09861228866811
organ:1.0
univers:1.0
pittsburgh:1.0
line:1.0
16:1.0
hello:1.0
netter:1.0
ti:1.0
final:1.0
receiv:1.6931471805599454
inform:1.0
pc:1.6931471805599454
present:1.0
ship:1.6931471805599454
version:1.6931471805599454
2:2.09861228866811
0:2.791759469228055
softwar:1.0
releas:1.0
3:1.6931471805599454
first:1.0
quarter:1.0
1993:1.0
say:1.0
upgrad:1.6931471805599454
100:1.0
00:2.09861228866811
purchas:1.0
cost:1.0
495:1.0
anoth:1.0
elig:1.0
call:1.0
info:1.6931471805599454
model:1.0
200:1.0
plu:1.0
handl:1.0
requir:1.0
4:1.0
meg:1.0
math:1.0
coprocessor:1.0
do:1.0
5:1.0
microsoft:1.0
mous:1.0
svga:1.0
card:1.0
tthank:1.0
repli:2.09861228866811
product:1.0
mani:1.0
contrast:1.0
scroung:1.0
money:1.0
togeth:1.0
think:1.0
take:1.0
plung:1.0
thank:1.6931471805599454
impuls:1.0
want:1.0
find:1.0
get:1.0
sheet:1.0
sent:1.0
timpuls:1.0
inc:1.0
t8416:1.0
xerx:1.0
avenu:1.0
north:1.0
tminneapoli:1.0
mn:1.0
55444:1.0
t1:1.0
800:1.0
328:1.0
0184:1.0
turn:1.0
jack:1.6931471805599454
