sp1mars:1.6931471805599454
kristin:1.0
marco:1.6931471805599454
seirio:1.6931471805599454
subject:1.0
flat:1.0
globe:2.09861228866811
line:1.0
13:1.0
x:1.0
newsread:1.0
tin:1.0
1:1.6931471805599454
pl3:1.0
anybodi:1.0
algorithm:1.0
flatten:1.0
parametr:1.6931471805599454
surfac:1.0
defini:1.0
would:1.0
like:1.0
take:1.0
sheet:1.0
paper:1.6931471805599454
knife:1.0
abl:1.0
calcul:1.0
must:1.0
cut:1.0
fold:1.0
object:1.0
real:1.0
life:1.0
caligula:1.0
se:1.0
