235wardel:1.0
gw:1.0
wmich:1.0
edu:1.0
subject:1.0
vga:2.386294361119891
passthrough:1.6931471805599454
cabl:2.09861228866811
organ:1.0
western:1.0
michigan:1.0
univers:1.0
line:1.0
14:1.0
tdoe:1.0
anyon:1.0
know:1.0
phone:1.0
number:1.0
place:1.0
get:1.0
ti:1.0
want:1.0
hook:1.0
card:2.09861228866811
xga:1.0
whcih:1.0
need:1.0
connect:1.6931471805599454
type:1.0
would:1.0
say:1.0
video:1.0
blaster:1.0
someth:1.0
tthank:1.0
brad:1.0
