stjohn:1.0
math1:1.0
kaist:1.0
ac:1.0
kr:1.0
ryou:1.0
seong:1.0
joon:1.0
subject:1.0
want:1.0
multi:1.6931471805599454
page:1.6931471805599454
gif:1.6931471805599454
organ:1.0
korea:1.0
advanc:1.6931471805599454
institut:1.0
scienc:1.0
technolog:1.0
x:1.0
newsread:1.0
tin:1.0
1:2.09861228866811
pl3:1.0
line:1.0
12:1.0
hi:1.0
search:1.0
packag:1.6931471805599454
could:1.0
handl:1.0
file:1.0
ftp:1.0
server:1.0
appreci:1.0
one:1.0
work:1.6931471805599454
pc:1.0
either:1.0
do:1.0
window:1.0
3:1.6931471805599454
0:1.0
unix:1.0
ok:1.0
thank:1.0
