ricardo:2.6094379124341005
rchland:2.6094379124341005
vnet:2.09861228866811
ibm:2.9459101490553135
com:2.9459101490553135
hernandez:1.6931471805599454
muchado:1.6931471805599454
subject:1.0
rumour:1.0
3do:1.0
disclaim:1.0
post:1.6931471805599454
repres:1.0
poster:1.0
view:1.0
necessarili:1.0
nntp:1.0
host:1.0
rs43873:1.0
organ:1.0
rochest:1.0
line:1.0
35:1.0
articl:2.09861228866811
1993apr19:1.0
121925:1.0
14451:1.0
microwar:1.6931471805599454
jejon:1.0
jame:1.0
jone:1.6931471805599454
write:2.09861228866811
1993apr15:1.6931471805599454
164940:1.0
11632:1.0
mercuri:1.0
unt:1.6931471805599454
edu:1.6931471805599454
sean:1.0
mcmain:1.6931471805599454
144843:1.0
19549:1.0
cd:1.6931471805599454
cpu:1.0
help:1.0
much:1.0
either:1.0
understand:2.09861228866811
68070:2.9459101490553135
supposedli:1.6931471805599454
variat:1.0
68000:1.6931471805599454
68010:1.0
run:2.791759469228055
someth:1.6931471805599454
like:1.6931471805599454
7mhz:1.6931471805599454
speed:1.6931471805599454
truli:1.0
need:1.6931471805599454
sprite:1.6931471805599454
wow:1.0
interest:1.0
get:1.6931471805599454
hand:1.0
one:1.0
especi:1.0
consid:1.0
fact:1.0
motorola:1.6931471805599454
yet:1.0
releas:1.0
68060:1.0
next:1.0
680x0:1.0
lineup:1.0
8:1.0
excit:1.0
signet:1.0
gave:1.0
number:1.0
rightli:1.0
use:1.6931471805599454
instruct:1.0
set:1.0
chip:1.0
serial:1.0
port:1.0
dma:1.0
15:1.0
mhz:1.0
type:1.0
comput:1.0
rate:1.6931471805599454
know:1.0
serious:1.0
doubt:1.0
clock:1.0
claim:1.0
tjame:1.0
upto:1.0
15mhz:1.6931471805599454
mean:1.0
said:1.0
sure:1.0
think:1.0
read:1.6931471805599454
long:1.0
time:1.0
ago:1.0
anyway:1.0
still:1.0
lot:1.0
trick:1.0
make:1.0
cool:1.0
awesom:1.0
game:1.0
psygnosi:1.0
raist:1.0
new:1.6931471805599454
a1200:1.0
owner:1.0
320:1.0
1280:1.0
x:1.0
200:1.0
600:1.0
256:1.0
000:1.0
color:1.0
24:1.0
bit:1.0
palett:1.0
love:1.0
low:1.0
fat:1.0
sig:1.0
e:1.6931471805599454
mail:1.6931471805599454
valid:1.0
address:1.0
send:1.0
