wdm:1.6931471805599454
world:1.6931471805599454
std:1.6931471805599454
com:1.6931471805599454
wayn:1.6931471805599454
michael:1.6931471805599454
subject:1.0
xv:1.6931471805599454
m:1.6931471805599454
do:1.6931471805599454
organ:1.0
n:1.0
line:1.0
12:1.0
e:1.0
mail:2.09861228866811
address:1.6931471805599454
eicn:1.0
etna:1.0
ch:1.0
write:1.0
hi:1.0
recent:1.0
found:1.0
subdirectori:1.0
gnu:1.0
cc:1.0
gnuish:1.0
plea:1.0
tell:1.0
ftp:1.0
would:1.6931471805599454
like:1.0
copi:1.0
post:1.0
indic:1.0
