max:2.386294361119891
slinki:1.6931471805599454
nyu:1.6931471805599454
edu:1.6931471805599454
david:1.6931471805599454
subject:1.0
24bit:1.6931471805599454
mode:2.09861228866811
speedstar:2.386294361119891
24x:2.386294361119891
summari:1.0
routin:2.09861228866811
24:1.6931471805599454
bit:2.09861228866811
color:1.6931471805599454
keyword:1.0
diamond:1.6931471805599454
16:1.6931471805599454
7:1.0
organ:1.0
new:1.0
york:1.0
univers:1.0
line:1.0
12:1.0
board:1.6931471805599454
want:1.0
program:1.0
640x480:1.0
graphic:1.6931471805599454
possibl:1.0
800x600:1.0
anybodi:1.0
librari:1.0
support:1.0
even:1.0
some:1.0
simpl:1.0
set:1.0
plot:1.0
individu:1.0
pixel:1.0
would:1.0
great:1.0
help:1.0
plan:1.0
use:1.0
djgp:1.0
thank:1.0
advanc:1.0
plea:1.0
respond:1.0
also:1.0
via:1.0
e:1.0
mail:1.0
c:1.0
