oved3b:1.0
kih:2.09861228866811
ove:2.09861228866811
petter:1.6931471805599454
tro:1.6931471805599454
subject:1.6931471805599454
need:1.0
viewer:1.6931471805599454
gl:1.6931471805599454
file:1.6931471805599454
organ:1.0
kongsberg:1.6931471805599454
colleg:1.6931471805599454
engin:1.6931471805599454
line:1.0
16:1.0
distribut:1.0
world:1.0
nntp:1.0
post:1.0
host:1.0
knoll:1.0
articl:1.0
1qu36i:1.0
kh7:1.0
dux:1.0
dunde:1.6931471805599454
ac:1.6931471805599454
uk:1.6931471805599454
dwestner:1.0
cardhu:1.0
mc:1.0
dominik:1.0
westner:1.0
write:1.0
say:1.0
pd:1.0
x:1.6931471805599454
tri:1.0
xviewgl:1.6931471805599454
filenam:1.0
v1:1.0
1:1.0
tar:1.0
z:1.0
lot:1.0
base:1.0
think:1.0
yep:1.0
real:1.0
life:1.0
ford:1.0
fairlan:1.0
norway:1.0
email:1.0
ovep:1.0
