glp:2.386294361119891
phillson:2.09861228866811
cray:2.6094379124341005
com:2.386294361119891
gordon:2.09861228866811
phillip:2.09861228866811
subject:1.0
lyon:1.0
lamb:1.0
miniva:2.386294361119891
2:1.6931471805599454
control:1.0
abeka:2.386294361119891
a66:1.6931471805599454
origin:1.0
line:1.0
12:1.0
nntp:1.0
post:1.0
host:1.0
organ:1.0
research:1.0
inc:1.0
want:1.0
record:1.6931471805599454
function:1.0
work:1.0
go:1.0
set:1.0
hang:1.0
send:1.0
smpte:1.0
time:1.0
code:2.09861228866811
anyon:1.0
compar:1.0
done:1.0
ftp:1.0
site:1.0
