oberto:2.386294361119891
gene:1.6931471805599454
icgeb:2.09861228866811
triest:1.6931471805599454
jacqu:1.6931471805599454
subject:1.0
help:2.09861228866811
grasp:2.791759469228055
organ:1.0
line:1.0
33:1.0
cbw790:1.0
vma:1.0
smsu:1.0
edu:1.0
ext:1.0
corey:1.6931471805599454
webb:1.6931471805599454
write:1.6931471805599454
articl:1.0
1993apr19:1.0
160944:1.0
20236w:1.0
baron:1.0
edb:1.6931471805599454
tih:1.6931471805599454
havardn:1.0
haavard:1.0
ness:1.0
o92a:1.0
could:1.0
anyon:1.0
tell:1.0
possibl:1.0
save:1.0
frame:2.09861228866811
gl:2.09861228866811
anim:2.09861228866811
gif:1.0
jpg:1.0
iff:1.0
pictur:1.0
format:1.6931471805599454
system:1.6931471805599454
ye:1.0
quit:1.0
easi:1.0
simpli:1.0
use:2.09861228866811
glib:1.0
extract:1.6931471805599454
imag:1.0
actual:1.0
complet:1.0
pcx:1.0
clp:1.6931471805599454
file:2.09861228866811
one:1.0
mani:1.6931471805599454
avail:1.6931471805599454
util:2.09861228866811
convert:1.6931471805599454
packag:1.0
afraid:1.0
sorri:1.0
way:1.0
ask:1.0
graphic:1.6931471805599454
profession:1.0
commerci:1.0
product:1.0
sell:1.0
u:1.0
300:1.0
mail:1.0
order:1.0
compani:1.0
seen:1.0
sever:1.0
public:1.0
domain:1.0
usual:1.0
archiv:1.0
site:1.0
allow:1.0
singl:1.0
check:1.0
directori:1.0
problem:1.6931471805599454
gener:1.0
decod:1.0
pd:1.0
hint:1.0
welcom:1.0
let:1.0
know:1.0
locat:1.0
hope:1.0
