sigma:1.6931471805599454
rahul:1.6931471805599454
net:1.6931471805599454
kevin:1.6931471805599454
martin:1.6931471805599454
subject:1.0
xv:1.6931471805599454
m:1.0
do:1.0
nntp:1.0
post:1.0
host:1.0
bolero:1.0
organ:1.0
a2i:1.0
network:1.0
line:1.0
11:1.0
1993apr20:1.0
083731:1.0
260:1.0
eicn:1.6931471805599454
etna:1.6931471805599454
ch:1.6931471805599454
e:1.0
mail:1.0
address:1.0
write:1.0
somenon:1.0
know:1.0
solut:1.0
run:1.6931471805599454
help:1.0
would:1.6931471805599454
appreci:1.0
guess:1.0
requir:1.6931471805599454
x:2.386294361119891
almost:1.0
certainli:1.0
dv:1.6931471805599454
commonli:1.0
use:1.0
go32:1.0
djgpp:1.0
setup:1.0
program:1.0
get:1.6931471805599454
anyth:1.0
interfac:1.0
got:1.0
ta:1.0
anoth:1.0
hat:1.0
