tdawson:1.6931471805599454
llullaillaco:2.09861228866811
engin:2.386294361119891
umich:2.09861228866811
edu:2.09861228866811
chri:1.0
herringshaw:1.0
subject:1.0
ray:1.6931471805599454
tracer:1.0
m:1.0
do:1.0
organ:1.0
univers:1.0
michigan:1.0
ann:1.0
arbor:1.0
line:1.0
9:1.0
distribut:1.0
world:1.0
nntp:1.0
post:1.0
host:1.0
origin:1.0
sorri:1.0
repeat:1.0
request:1.0
anyon:1.0
know:1.0
good:1.0
free:1.0
sharewar:1.0
program:1.0
creat:1.0
trace:1.0
save:1.0
bit:1.0
map:1.0
file:1.0
cours:1.0
thing:1.0
thank:1.0
advanc:1.0
daemon:1.0
