jk87377:1.0
lehtori:1.0
cc:1.6931471805599454
tut:1.6931471805599454
fi:1.6931471805599454
kouhia:1.6931471805599454
juhana:1.6931471805599454
subject:1.0
xv:3.995732273553991
problem:2.09861228866811
organ:1.0
tamper:1.0
univers:1.0
technolog:1.0
line:1.0
113:1.0
distribut:1.0
world:1.0
nntp:1.0
post:1.0
host:1.0
plea:1.0
note:1.6931471805599454
newsgroup:1.6931471805599454
recent:1.0
discus:1.0
held:1.0
text:1.6931471805599454
user:1.0
might:1.0
find:1.0
interest:1.0
ad:1.6931471805599454
collect:1.0
articl:1.6931471805599454
read:1.6931471805599454
even:1.6931471805599454
ago:1.6931471805599454
hope:1.0
author:1.6931471805599454
correct:1.0
best:2.09861228866811
fine:1.0
program:2.9459101490553135
worth:1.0
improv:1.6931471805599454
also:2.09861228866811
minor:1.6931471805599454
idea:2.09861228866811
24bit:3.0794415416798357
e:1.0
mail:1.0
misundertand:1.0
mine:1.0
understand:1.0
clip:3.0794415416798357
delet:2.09861228866811
save:3.0794415416798357
8bit:2.9459101490553135
raster:2.6094379124341005
imag:4.178053830347945
mean:1.0
jpeg:3.1972245773362196
like:1.0
gif:1.0
qualiti:1.6931471805599454
three:1.0
kind:1.0
quantiz:3.302585092994046
final:1.0
depend:1.0
situat:1.0
faq:1.0
imho:1.0
design:2.9459101490553135
error:3.0794415416798357
confus:1.0
two:1.0
allow:1.6931471805599454
origin:1.6931471805599454
instead:1.0
special:2.09861228866811
case:2.386294361119891
made:1.0
main:1.0
avail:1.0
file:1.0
lousier:1.0
view:1.0
purpos:1.0
limit:1.6931471805599454
store:1.0
matter:1.0
fact:1.0
sure:2.09861228866811
display:1.0
known:1.0
bad:1.6931471805599454
time:1.0
format:2.09861228866811
includ:1.0
whole:1.0
chang:2.09861228866811
support:1.0
done:1.6931471805599454
violat:1.0
human:1.6931471805599454
interfac:1.6931471805599454
otherway:1.0
drop:1.0
without:1.0
clearli:1.0
say:1.6931471805599454
expect:1.6931471805599454
normal:1.0
use:2.791759469228055
new:1.0
item:1.0
follow:1.0
seen:1.0
sometim:1.0
poorli:1.6931471805599454
best24:2.09861228866811
option:2.09861228866811
default:2.09861228866811
reason:1.0
surpris:1.0
ppmquant:2.09861228866811
rememb:1.0
test:2.386294361119891
found:1.0
rlequant:1.6931471805599454
come:1.6931471805599454
djpeg:1.0
fbmquant:1.0
order:1.0
suggeed:1.0
actual:1.0
gave:1.0
artifact:1.0
know:1.0
good:1.6931471805599454
suggest:1.6931471805599454
one:1.6931471805599454
rle:1.0
peopl:1.0
give:1.0
permiss:1.0
anoth:1.0
could:1.0
imagemagick:1.0
noth:1.0
bug:1.0
key:1.6931471805599454
press:2.09861228866811
cursor:1.6931471805599454
click:1.6931471805599454
goe:1.0
buffer:1.6931471805599454
often:1.6931471805599454
happen:1.6931471805599454
make:1.0
keyboard:1.6931471805599454
wrong:1.0
place:1.0
annoy:1.6931471805599454
wait:2.09861228866811
five:1.0
minut:1.0
gone:1.6931471805599454
away:1.0
immedi:1.0
clean:1.0
complet:1.6931471805599454
second:1.0
activ:1.0
mous:1.0
pop:1.0
screen:1.0
quickli:1.0
write:1.0
someth:1.6931471805599454
editor:1.6931471805599454
go:1.0
weird:1.0
color:1.6931471805599454
turn:1.0
meter:1.0
releas:1.0
updat:2.386294361119891
imposs:1.0
rgb:1.0
valu:1.0
first:1.0
get:1.0
set:1.0
readi:1.0
yet:1.0
appli:1.0
button:1.0
exchang:1.0
