danni:2.386294361119891
hawrysio:2.386294361119891
canrem:1.6931471805599454
com:1.6931471805599454
subject:1.0
radio:1.6931471805599454
repli:1.0
organ:1.0
canada:1.6931471805599454
remot:1.6931471805599454
system:1.6931471805599454
distribut:1.0
comp:1.0
line:1.0
9:1.0
look:1.0
sourc:1.6931471805599454
code:1.6931471805599454
method:1.0
know:1.0
kind:1.0
machin:1.0
want:1.0
program:1.0
radianc:1.0
come:1.0
c:1.0
ftp:1.0
access:1.0
tell:1.0
get:1.0
via:1.0
way:1.0
toronto:1.0
ontario:1.0
416:1.0
629:1.6931471805599454
7000:1.0
7044:1.0
