srlnjal:1.0
grace:1.6931471805599454
cri:1.6931471805599454
nz:1.6931471805599454
subject:1.0
coreldraw:1.6931471805599454
bitmap:1.6931471805599454
scodal:1.6931471805599454
organ:1.0
industri:1.0
research:1.0
ltd:1.6931471805599454
new:1.6931471805599454
zealand:1.6931471805599454
line:1.0
10:1.0
nntp:1.0
post:1.0
host:1.0
grv:1.0
anyon:1.0
know:1.0
softwar:1.0
allow:1.0
convert:1.0
cdr:1.0
file:1.0
contain:1.0
format:1.0
bureau:1.0
filmrecord:1.0
recognis:1.0
jeff:1.0
lyall:1.0
inst:1.0
geo:1.0
nuc:1.0
sci:1.0
lower:1.0
hutt:1.0
