ddeciacco:1.6931471805599454
cix:1.6931471805599454
compulink:1.6931471805599454
co:1.6931471805599454
uk:1.6931471805599454
david:1.0
deciacco:1.0
subject:1.0
anoth:1.0
cview:1.0
question:1.0
wa:1.0
repli:1.6931471805599454
line:1.0
5:1.0
20apr199312262902:1.0
rigel:1.6931471805599454
tamu:1.6931471805599454
edu:1.6931471805599454
lmp8913:1.0
preston:1.0
lisa:1.0
trident:1.0
card:1.0
fullview:1.0
work:1.0
real:1.0
gif:1.0
jpg:1.0
tri:1.0
dave:1.0
