jr0930:2.09861228866811
eve:1.6931471805599454
albani:2.09861228866811
edu:1.6931471805599454
regan:1.0
jame:1.0
p:1.0
subject:1.0
pascal:1.0
fractal:1.0
organ:1.0
state:1.0
univers:1.0
new:1.0
york:1.0
thank:1.0
advanc:1.0
line:1.0
5:1.0
albnyvm:1.0
bitnet:1.0
go:1.6931471805599454
heavi:1.0
home:1.0
