se92psh:1.6931471805599454
brunel:2.386294361119891
ac:1.6931471805599454
uk:2.09861228866811
peter:2.09861228866811
hauk:1.6931471805599454
subject:1.0
tiff:1.0
philosoph:1.0
signific:1.0
42:1.6931471805599454
organ:1.0
univers:1.6931471805599454
uxbridg:1.0
x:1.0
newsread:1.0
tin:1.0
version:1.0
1:1.6931471805599454
pl8:1.0
line:1.0
20:1.0
joachim:1.6931471805599454
lou:1.0
kih:1.0
wrote:1.6931471805599454
ulrich:1.0
galki:1.0
toppoint:1.0
de:1.0
anyon:1.0
suggest:1.0
came:1.0
yep:1.0
theori:1.0
heard:1.0
bandi:1.0
around:1.0
rather:1.0
think:1.6931471805599454
number:1.0
sound:1.0
tea:2.386294361119891
two:2.386294361119891
sort:1.0
anagram:1.0
