fombaron:2.386294361119891
ufrima:1.6931471805599454
imag:2.09861228866811
fr:1.6931471805599454
marc:2.386294361119891
subject:1.0
3d:1.6931471805599454
studio:1.6931471805599454
v2:2.09861228866811
01:2.09861228866811
differ:1.6931471805599454
previou:1.0
version:1.0
keyword:1.0
2:1.0
nntp:1.0
post:1.0
host:1.0
bool:1.0
organ:1.0
univers:1.0
grenobl:1.6931471805599454
franc:1.0
line:1.0
9:1.0
signific:1.0
00:1.0
thank:1.0
help:1.0
e:1.0
mail:1.0
