jr0930:2.09861228866811
eve:1.6931471805599454
albani:2.09861228866811
edu:1.6931471805599454
regan:1.0
jame:1.0
p:1.0
subject:1.0
pascal:1.0
fractal:1.6931471805599454
organ:1.0
state:1.0
univers:1.0
new:1.0
york:1.0
line:1.0
10:1.0
appar:1.0
editor:1.0
want:1.0
tri:1.0
look:1.0
program:1.0
code:1.0
simpl:1.0
anim:1.0
draw:1.0
use:1.0
turbopasc:1.0
ibm:1.0
thank:1.0
advanc:1.0
albnyvm:1.0
bitnet:1.0
go:1.6931471805599454
heavi:1.0
home:1.0
