schmidt:2.6094379124341005
prakinf:2.09861228866811
th:1.6931471805599454
ilmenau:2.6094379124341005
de:2.09861228866811
subject:1.0
irit:1.6931471805599454
pov:1.6931471805599454
keyword:1.0
raytrac:1.0
format:2.09861228866811
convers:1.0
repli:1.0
organ:1.0
technisch:1.0
hochschul:1.0
line:1.0
8:1.0
nntp:1.0
post:1.0
host:1.0
merkur:1.0
tu:1.6931471805599454
anybodi:1.0
made:1.0
convert:1.0
irt:1.0
dat:1.0
thank:1.0
sebastian:1.0
institut:1.0
f:1.0
praktisch:1.0
informatik:1.0
