emarciniak:1.0
email:1.0
boni:1.0
com:1.0
subject:1.0
imag:1.0
pictur:2.09861228866811
line:1.0
8:1.0
organ:1.0
hi:1.0
look:1.0
advic:1.0
softwar:1.6931471805599454
hardwar:1.0
packag:1.0
make:1.0
store:1.0
process:1.0
ideal:1.0
would:1.6931471805599454
allow:1.0
cahng:1.0
size:1.0
edit:1.0
mean:1.0
add:1.0
text:1.0
import:1.0
do:1.0
command:1.0
interfac:1.0
thank:1.0
advanc:1.0
emanuel:1.0
marciniak:1.0
bank:1.0
new:1.0
york:1.0
