renner:1.6931471805599454
adob:1.6931471805599454
com:2.09861228866811
john:1.6931471805599454
subject:1.0
detect:1.6931471805599454
doubl:1.6931471805599454
point:1.6931471805599454
bezier:2.09861228866811
curv:2.386294361119891
organ:1.0
system:1.0
incorpor:1.0
mountain:1.0
view:1.0
line:1.0
27:1.0
articl:1.0
19930420:1.0
090030:1.0
915:1.0
almaden:1.0
ibm:1.6931471805599454
capelli:1.6931471805599454
vnet:1.0
ron:1.0
write:1.6931471805599454
ia522b1w165w:1.0
oeinck:1.6931471805599454
waterland:1.0
wlink:1.0
nl:1.0
ferdinand:1.0
look:1.0
inform:1.0
calcul:1.0
cusp:1.0
see:1.0
maureen:1.0
stone:1.6931471805599454
toni:1.6931471805599454
deros:1.6931471805599454
geometr:1.0
character:1.6931471805599454
parametr:1.0
cubic:1.6931471805599454
acm:1.0
tog:1.6931471805599454
vol:1.0
8:1.6931471805599454
3:1.0
juli:1.0
1989:1.0
pp:1.0
147:1.0
163:1.0
use:1.0
refer:1.0
found:1.0
need:1.0
go:1.0
origin:1.0
tech:1.6931471805599454
report:2.09861228866811
tmaureen:1.0
txerox:1.0
edl:1.0
88:1.0
decemb:1.0
1988:1.0
obtain:1.0
free:1.0
xerox:1.0
corpor:1.0
palo:1.6931471805599454
alto:1.6931471805599454
research:1.0
center:1.0
3333:1.0
coyot:1.0
hill:1.0
road:1.0
california:1.0
94303:1.0
1:1.0
415:1.0
494:1.0
4440:1.0
paper:1.0
good:1.0
interest:1.0
detail:1.0
