prestonm:1.0
c:1.6931471805599454
man:1.0
ac:1.6931471805599454
uk:1.6931471805599454
martin:2.09861228866811
preston:2.09861228866811
subject:1.0
tiff:2.09861228866811
philosoph:1.0
signific:1.0
42:1.0
line:1.0
18:1.0
c5scgu:1.0
1ll:1.0
mentor:1.0
cc:1.6931471805599454
purdu:1.6931471805599454
edu:1.6931471805599454
ab:1.0
nova:1.0
allen:1.0
b:1.0
write:2.09861228866811
got:1.0
6:1.0
0:1.0
spec:1.0
obvious:1.0
sinc:1.0
quot:1.0
last:1.0
post:1.0
gripe:1.0
far:1.0
complic:1.0
nearli:1.0
infinit:1.0
easier:1.0
read:1.6931471805599454
use:1.6931471805599454
pd:1.0
librari:1.0
file:1.0
took:1.0
good:1.0
20:1.0
minut:1.0
start:1.0
app:1.0
manchest:2.386294361119891
comput:2.09861228866811
graphic:1.6931471805599454
unit:1.0
centr:1.0
univers:1.0
load:1.0
ball:1.0
u:1.0
k:1.0
m13:1.0
9pl:1.0
phone:1.0
061:1.0
275:1.0
6095:1.0
