peterbak:1.6931471805599454
microsoft:2.09861228866811
com:1.0
peter:1.6931471805599454
bako:1.0
subject:1.0
jpeg:1.0
file:2.09861228866811
format:1.6931471805599454
organ:1.0
corp:1.0
line:1.0
11:1.0
could:1.0
find:1.6931471805599454
descript:1.0
jpg:1.6931471805599454
specif:1.0
need:1.0
know:1.0
height:1.0
width:1.0
imag:1.0
perhap:1.0
even:1.0
number:1.0
color:1.0
use:1.0
suggest:1.0
uucp:1.0
compuserv:1.0
71170:1.0
1426:1.0
noth:1.0
v:1.0
ger:1.0
