bockamp:2.791759469228055
informatik:2.386294361119891
tu:2.386294361119891
muenchen:2.6094379124341005
de:2.386294361119891
florian:1.6931471805599454
subject:1.0
want:1.0
matrox:1.6931471805599454
pg:1.6931471805599454
1281:1.6931471805599454
cv:1.6931471805599454
driver:2.09861228866811
origin:1.0
hphalle2g:1.0
organ:1.0
technisch:1.0
universitaet:1.0
germani:1.0
line:1.0
24:1.0
hi:1.0
need:1.0
window:1.6931471805599454
3:1.0
1:1.0
svga:1.0
card:1.6931471805599454
moment:1.0
run:1.0
640x480:1.0
mode:1.0
plea:1.0
send:1.0
oemsetup:1.0
inf:1.0
thank:1.0
ooo:1.6931471805599454
bug:1.0
undocu:1.0
featur:1.0
