jack:2.6094379124341005
robot:2.09861228866811
jpl:2.386294361119891
nasa:2.386294361119891
gov:2.386294361119891
morrison:1.6931471805599454
subject:1.0
fix:1.6931471805599454
point:1.6931471805599454
math:1.6931471805599454
librari:1.6931471805599454
organ:1.0
jet:1.6931471805599454
propuls:1.6931471805599454
laboratori:1.0
line:1.0
11:1.0
distribut:1.0
usa:1.0
repli:1.0
nntp:1.0
post:1.0
host:1.0
medusa:1.0
anyon:1.0
written:1.0
seen:1.0
c:1.6931471805599454
class:1.0
good:1.0
articl:1.0
pretti:1.0
much:1.0
know:1.0
wheel:1.0
invent:1.0
moment:1.0
thank:1.0
type:1.0
call:1.0
1:1.0
818:1.0
354:1.0
7782:1.0
lab:1.0
ms107:1.0
102:1.0
4800:1.0
oak:1.0
grove:1.0
dr:1.0
pasadena:1.0
ca:1.0
91109:1.0
