mikec:1.0
sail:1.0
lab:1.0
tek:1.0
com:1.0
micheal:1.0
cranford:1.0
subject:1.0
disney:1.6931471805599454
anim:1.6931471805599454
organ:1.0
tektronix:1.0
inc:1.0
beaverton:1.0
line:1.6931471805599454
5:1.0
anyon:1.0
tell:1.0
anyth:1.0
softwar:1.0
packag:1.0
note:1.0
followup:1.0
colleagu:1.0
