seth:2.386294361119891
north6:2.09861228866811
acpub:2.09861228866811
duke:2.09861228866811
edu:2.09861228866811
wandersman:1.6931471805599454
subject:1.0
morph:1.6931471805599454
repli:1.0
line:1.0
6:1.0
nntp:1.0
post:1.0
host:1.0
keyword:1.0
look:2.09861228866811
program:1.6931471805599454
dec:1.0
pc:1.0
call:1.6931471805599454
dmorph:1.0
use:1.0
archi:1.0
could:1.0
find:1.0
found:1.0
progrmam:1.0
morpho:1.0
grayscal:1.0
imag:1.0
anyon:1.0
know:1.0
