joshuaf:1.6931471805599454
yang:1.0
earlham:1.6931471805599454
edu:1.0
subject:1.0
tiff:2.6094379124341005
anyth:1.6931471805599454
organ:1.0
colleg:1.0
richmond:1.0
indiana:1.0
line:1.0
10:1.0
program:1.6931471805599454
ibm:1.0
scanner:1.0
work:1.0
view:1.0
cshow:1.0
8:1.0
1:1.0
read:1.0
error:1.0
basic:1.0
jpeg:1.0
gif:1.0
pcx:1.0
bmp:1.0
etc:1.0
thank:1.0
time:1.0
email:1.0
post:1.0
accept:1.0
geiger:1.0
scan:1.0
look:1.0
like:1.0
dooki:1.0
know:1.0
