hwstock:1.0
snll:1.0
arpagw:1.0
llnl:1.0
gov:1.0
stockman:1.0
harlan:1.0
w:1.0
subject:1.0
hp2xx:1.6931471805599454
do:1.6931471805599454
organ:1.0
sandia:1.0
nation:1.0
laboratori:1.0
line:1.0
3:1.0
precompil:1.0
version:1.0
prefer:1.0
386:1.0
486:1.0
