nfoti:2.6094379124341005
ntua:2.386294361119891
gr:2.6094379124341005
nick:2.386294361119891
c:2.09861228866811
foti:2.09861228866811
subject:1.6931471805599454
radio:2.09861228866811
organ:1.6931471805599454
nation:2.09861228866811
technic:2.09861228866811
univers:1.0
athen:2.6094379124341005
line:1.0
34:1.0
amann:1.6931471805599454
iam:1.0
unib:1.6931471805599454
ch:1.6931471805599454
stephan:1.0
write:2.09861228866811
articl:1.6931471805599454
66319:1.0
yuma:1.0
acn:1.0
colost:1.6931471805599454
edu:1.6931471805599454
xz775327:1.0
long:1.0
lanc:1.0
xia:1.0
zhao:1.0
1993apr19:1.0
131239:1.0
11670:1.0
aragorn:1.0
let:1.0
seriou:1.0
work:1.0
packag:1.6931471805599454
written:1.0
would:1.0
like:1.0
make:1.0
public:1.0
domain:1.0
announc:1.0
g:1.0
minut:1.0
finish:1.6931471805599454
good:1.0
news:1.6931471805599454
bad:1.0
take:1.0
anoth:1.0
2:1.0
month:1.0
least:1.0
plea:1.0
note:1.0
resourc:1.6931471805599454
list:2.09861228866811
3:1.0
ftp:1.0
greet:1.0
nikolao:1.6931471805599454
univ:1.6931471805599454
greec:2.6094379124341005
home:1.6931471805599454
16:1.6931471805599454
esperidon:1.6931471805599454
st:1.6931471805599454
internet:1.6931471805599454
thesea:2.386294361119891
halandri:1.6931471805599454
152:1.6931471805599454
32:1.6931471805599454
uucp:1.6931471805599454
mcsun:1.6931471805599454
ariadn:1.6931471805599454
fax:1.6931471805599454
30:1.6931471805599454
1:1.6931471805599454
77:1.6931471805599454
84:1.6931471805599454
578:1.6931471805599454
usenet:1.0
editor:1.0
comp:1.6931471805599454
graphic:1.6931471805599454
soc:1.0
cultur:1.0
faq:1.0
ua:1.0
acm:1.0
student:1.0
chapter:1.0
chair:1.0
small:1.0
confer:1.0
call:1.0
interest:1.0
particip:1.0
