fsmarc:1.6931471805599454
tristero:1.6931471805599454
lerc:2.09861228866811
nasa:2.6094379124341005
gov:2.09861228866811
marc:1.6931471805599454
cooper:1.6931471805599454
subject:1.6931471805599454
march:1.0
cub:1.0
organ:1.0
lewi:1.6931471805599454
research:1.6931471805599454
center:1.6931471805599454
cleveland:1.6931471805599454
ohio:1.0
line:1.0
17:1.0
distribut:1.0
world:1.0
nntp:1.0
post:1.0
host:1.0
keyword:1.0
cube:1.0
program:1.0
c:1.0
saw:1.0
could:1.0
think:1.0
parad:1.0
wrigley:1.0
field:1.0
chicago:1.0
mayb:1.0
graphic:1.0
programm:1.0
sverdrup:1.0
tech:1.0
child:1.0
imaginari:1.0
playmat:1.0
m:1.0
5:1.0
11:1.0
21000:1.0
brookpark:1.0
dr:1.0
tom:1.0
robbin:1.0
oh:1.0
44135:1.0
216:1.0
433:1.0
8898:1.0
even:1.0
cowgirl:1.0
get:1.0
blue:1.0
disclaim:1.0
mine:1.6931471805599454
duck:1.0
