weilej:2.09861228866811
cary115:1.6931471805599454
rpi:2.6094379124341005
edu:2.386294361119891
jason:1.6931471805599454
lee:1.0
weiler:1.6931471805599454
subject:1.0
sun:2.791759469228055
ipx:2.09861228866811
root:2.09861228866811
window:1.6931471805599454
display:2.386294361119891
background:2.6094379124341005
pictur:1.6931471805599454
keyword:1.0
articl:1.6931471805599454
gc15hqk:1.0
repli:1.0
organ:1.0
renssela:1.0
polytechn:1.0
institut:1.0
troy:1.0
ny:1.0
line:1.0
31:1.0
nntp:1.0
post:1.6931471805599454
host:1.0
1993apr19:1.0
220817:1.0
22480:1.0
osi:2.09861228866811
com:1.6931471805599454
scott:2.386294361119891
fleme:1.6931471805599454
write:1.0
hello:1.0
netter:1.0
fairli:1.0
weak:1.0
question:1.6931471805599454
ask:1.0
everybodi:1.0
netland:1.0
look:1.0
though:1.0
last:1.0
faq:1.0
comp:1.0
graphic:1.0
find:1.0
answer:1.0
thu:1.0
keep:1.0
short:1.0
raster:1.0
file:1.6931471805599454
gif:1.0
iff:1.0
tiff:1.0
imag:1.0
ipc:1.6931471805599454
openwindow:1.0
3:1.6931471805599454
0:1.0
o:1.0
4:1.0
1:1.0
help:2.386294361119891
compil:1.0
pov:1.6931471805599454
would:1.0
like:1.0
work:1.6931471805599454
done:1.0
tile:1.0
thank:1.0
inform:1.0
provid:1.6931471805599454
good:1.6931471805599454
day:1.0
p:1.0
kudo:1.0
peopl:1.0
great:1.0
ti:1.0
sure:1.0
usual:1.0
use:1.6931471805599454
xv:2.09861228866811
v2:1.6931471805599454
21:1.6931471805599454
fine:1.0
number:1.0
way:1.0
one:1.0
also:1.0
possibl:1.0
put:1.0
automat:1.0
login:1.0
hope:1.0
btw:1.0
anonym:1.0
ftp:1.0
somewher:1.0
archi:1.0
fer:1.0
