tmc:2.09861228866811
spartan:1.6931471805599454
ac:1.6931471805599454
brocku:1.6931471805599454
ca:1.6931471805599454
tim:1.0
ciceran:1.0
subject:1.0
tiff:1.0
anyth:1.0
organ:1.0
brock:1.0
univers:1.0
st:1.0
catharin:1.0
ontario:1.0
x:1.0
newsread:1.0
tin:1.0
version:1.0
1:1.6931471805599454
pl9:1.0
line:1.0
10:1.0
program:1.6931471805599454
call:1.6931471805599454
graphic:1.6931471805599454
workshop:1.0
ftp:1.0
wuarchiv:1.0
file:1.0
msdo:1.0
directori:1.0
grfwk61t:1.0
zip:1.0
od:1.0
everth:1.0
need:1.0
