gordon:1.6931471805599454
sumerl:1.6931471805599454
itd:1.6931471805599454
dsto:2.09861228866811
gov:1.6931471805599454
au:1.6931471805599454
subject:1.0
grayscal:1.0
printer:1.0
organ:1.0
line:1.0
2:1.0
distribut:1.0
na:1.0
nntp:1.0
post:1.0
host:1.0
iapmac2:1.0
consid:1.0
appl:1.0
laserwrit:1.0
iig:1.0
use:1.0
b:1.0
w:1.0
imag:1.0
print:1.0
