richter:1.6931471805599454
fossi:1.6931471805599454
hab:1.6931471805599454
weimar:2.09861228866811
de:1.6931471805599454
axel:1.0
subject:1.0
true:1.6931471805599454
color:1.6931471805599454
display:1.6931471805599454
pov:2.386294361119891
keyword:1.0
raytrac:1.0
nntp:1.0
post:1.0
host:1.0
organ:1.0
hochschul:1.0
fuer:1.0
architektur:1.0
und:1.0
bauwesen:1.0
germani:1.0
line:1.0
6:1.0
hallo:1.0
render:1.6931471805599454
got:1.0
bocax3:1.0
card:1.0
tri:1.6931471805599454
get:1.0
option:1.0
univesa:1.0
driver:1.0
happen:1.0
correct:1.0
anybodi:1.0
help:1.0
