eapu207:1.6931471805599454
orion:2.09861228866811
oac:2.09861228866811
uci:2.09861228866811
edu:2.09861228866811
john:1.6931471805599454
peter:1.0
kondi:1.6931471805599454
subject:1.0
need:2.6094379124341005
make:1.0
vga:1.6931471805599454
shade:1.6931471805599454
nntp:1.0
post:1.0
host:1.0
line:1.0
12:1.0
routin:1.0
chang:1.6931471805599454
color:1.6931471805599454
rgb:1.0
attribut:1.0
adapt:1.0
work:1.0
mode:1.6931471805599454
specif:1.0
68:1.0
hex:1.0
obscur:1.0
cours:1.0
zillion:1.0
64:1.0
greyscal:1.0
correct:1.0
memori:1.0
address:1.6931471805599454
pointer:1.0
plea:1.0
someon:1.0
start:1.0
mayb:1.0
somewher:1.0
find:1.0
thank:1.0
