h8902939:1.6931471805599454
hkuxa:2.09861228866811
hku:2.09861228866811
hk:2.09861228866811
abel:1.6931471805599454
subject:1.0
develop:2.09861228866811
surfac:2.09861228866811
nntp:1.0
post:1.0
host:1.0
organ:1.0
univers:1.0
hong:1.0
kong:1.0
x:1.0
newsread:1.0
tin:1.0
version:1.0
1:1.6931471805599454
pl6:1.0
line:1.0
9:1.0
hi:1.0
netter:1.0
ti:1.0
current:1.0
investig:1.0
anyon:1.0
familiar:1.0
topic:1.0
give:1.0
inform:1.0
sourc:1.0
allow:1.0
find:1.0
infom:1.0
tthank:1.0
help:1.0
