lm001:1.0
rrz:1.6931471805599454
uni:2.09861228866811
koeln:2.09861228866811
de:2.09861228866811
erwin:2.09861228866811
h:1.0
keev:2.09861228866811
subject:1.0
marchin:1.0
cube:1.6931471805599454
organ:1.0
region:1.0
comput:1.0
center:1.0
univers:1.0
cologn:2.09861228866811
line:1.0
27:1.0
distribut:1.0
world:1.0
nntp:1.0
post:1.0
host:1.0
rs1:1.0
keyword:1.0
polygon:1.6931471805599454
reduct:1.6931471805599454
hi:1.0
anybodi:1.0
know:1.0
algorithm:1.0
march:1.0
surfac:1.0
e:1.0
g:1.0
algirithm:1.0
schroeder:1.0
siggraph:1.0
92:1.0
hint:1.0
hug:1.0
kiss:1.0
ooo:1.6931471805599454
adress:1.0
peter:1.0
welter:1.0
platz:1.0
2:1.0
w:1.0
5000:1.0
1:1.0
germani:1.0
dept:1.0
computergraph:1.0
phone:1.0
49:1.6931471805599454
221:1.6931471805599454
20189:1.6931471805599454
132:1.0
192:1.0
computeranim:1.0
fax:1.0
17:1.0
academi:1.0
medium:1.0
art:1.0
email:1.0
khm:1.0
