dgf1:2.09861228866811
elli:1.0
uchicago:2.09861228866811
edu:2.09861228866811
david:1.6931471805599454
farley:1.6931471805599454
subject:1.0
illustr:1.6931471805599454
autotrac:2.09861228866811
poorli:1.0
repli:1.0
midway:1.6931471805599454
organ:1.0
univers:1.6931471805599454
chicago:2.09861228866811
line:1.0
25:1.0
articl:1.0
0010580b:1.0
vmcbrt:1.0
diablo:2.386294361119891
uucp:1.6931471805599454
cboesel:1.6931471805599454
charl:1.6931471805599454
boesel:1.6931471805599454
write:1.0
tri:1.6931471805599454
figur:1.0
way:1.0
get:1.0
adob:1.0
auto:1.0
trace:1.6931471805599454
exactli:1.6931471805599454
see:1.0
screen:1.0
miss:1.0
edg:1.0
templat:1.0
mani:1.0
6:1.0
pixel:1.0
result:1.0
imag:1.0
useless:1.0
need:1.0
exact:1.0
approxim:1.0
adjust:1.0
freehand:1.6931471805599454
toler:1.6931471805599454
well:1.0
help:1.0
suggest:1.0
creativ:1.0
pro:1.0
con:1.0
uu:1.0
holonet:1.0
net:1.0
opposit:1.0
progress:1.0
1:1.0
510:1.0
980:1.0
1958:1.0
pager:1.0
el:1.0
congress:1.0
problem:1.0
aldu:1.0
think:1.0
one:1.0
featur:1.0
bare:1.0
work:1.0
everybodi:1.0
feel:1.0
compel:1.0
throw:1.0
guy:1.0
librari:1.0
312:1.0
702:1.0
3426:1.0
1100:1.0
east:1.0
57th:1.0
street:1.0
jrl:1.0
210:1.0
illinoi:1.0
60637:1.0
