spl:2.09861228866811
dim:1.6931471805599454
ucsd:2.09861228866811
edu:2.6094379124341005
steve:1.6931471805599454
lamont:1.6931471805599454
subject:1.0
find:1.0
equal:1.0
space:1.0
point:2.9459101490553135
sphere:2.386294361119891
organ:1.0
univers:1.0
calif:1.0
san:2.09861228866811
diego:2.09861228866811
microscopi:1.6931471805599454
imag:1.6931471805599454
resourc:1.6931471805599454
line:1.0
326:1.0
nntp:1.0
post:1.0
host:1.0
articl:1.0
4615trd:1.0
rpi:1.6931471805599454
deweeset:1.0
ptolemy2:1.0
rdrc:1.0
thoma:1.0
e:1.0
dewees:1.0
write:1.0
hello:1.0
know:1.0
discus:1.0
time:1.6931471805599454
need:1.0
tesel:1.0
kind:1.0
soul:1.0
code:1.0
alg:1.0
final:1.0
decid:1.0
upon:1.0
best:1.0
recal:1.0
nice:1.0
iter:1.0
subdivis:1.0
meathod:1.0
would:1.0
appreci:1.0
one:1.0
andrew:1.0
graphic:1.0
gem:1.0
glassner:1.0
got:1.0
collegu:1.0
mine:1.0
think:1.0
fiddl:1.0
littl:1.0
bit:1.0
make:1.6931471805599454
deal:1.0
whatev:1.0
bizarr:1.0
problem:1.0
work:1.6931471805599454
known:1.0
tspl:1.0
asg:1.0
9:1.0
feb:1.0
85:1.0
thu:1.0
mar:1.0
8:1.0
17:1.6931471805599454
40:1.0
est:1.0
1990:1.0
includ:1.6931471805599454
stdio:1.0
h:1.6931471805599454
math:1.0
defin:1.6931471805599454
pi:3.0794415416798357
3:1.0
141592654:1.0
struct:3.3978952727983707
doubl:3.6390573296152584
x:5.2626798770413155
z:5.2626798770413155
static:2.386294361119891
radiu:4.332204510175204
xorg:2.6094379124341005
yorg:2.6094379124341005
zorg:2.6094379124341005
r:2.9459101490553135
freq:2.6094379124341005
int:2.09861228866811
pole:2.9459101490553135
northi:2.6094379124341005
southi:2.6094379124341005
poley:2.386294361119891
rtheta:2.9459101490553135
rtheta2:2.9459101490553135
ntheta:2.386294361119891
ntheta2:2.386294361119891
magicangl:2.386294361119891
theta:3.5649493574615367
thetastart:2.386294361119891
thisi:2.6094379124341005
den:4.951243718581427
node:1.0
pnp:1.0
p1:4.737669618283368
p2:4.891820298110627
p3:4.891820298110627
p4:3.6390573296152584
n1:3.1972245773362196
n2:3.1972245773362196
n3:3.1972245773362196
n4:1.0
pt:3.3978952727983707
north:1.0
30:1.0
0:5.060443010546419
180:2.9459101490553135
sin:3.0794415416798357
2:3.302585092994046
el:1.6931471805599454
36:1.6931471805599454
360:1.6931471805599454
60:2.386294361119891
co:2.791759469228055
ring:1.0
go:1.0
way:1.0
normal:1.0
right:1.0
sqrt:3.3978952727983707
subdivid:3.0794415416798357
tri:3.0794415416798357
bodi:1.0
96:1.0
return:1.6931471805599454
norm:2.386294361119891
v:3.302585092994046
regist:1.0
p12:3.772588722239781
p13:3.772588722239781
p23:3.772588722239781
1:2.386294361119891
noth:1.0
special:1.0
poli:1.0
printf:2.09861228866811
f:3.8903717578961645
sciviguy:1.0
619:1.0
534:1.0
7968:1.0
szechuan:1.0
uc:1.0
la:1.0
jolla:1.0
ca:1.0
92093:1.0
0608:1.0
car:1.6931471805599454
bumper:1.0
strip:1.0
seen:1.0
805:1.0
