ajackson:1.6931471805599454
cch:1.6931471805599454
coventri:1.6931471805599454
ac:1.6931471805599454
uk:1.6931471805599454
alan:1.6931471805599454
jackson:1.6931471805599454
subject:1.0
mpeg:1.6931471805599454
locat:1.0
nntp:1.0
post:1.0
host:1.0
cc:1.0
sysh:1.0
organ:1.0
univers:1.0
line:1.0
11:1.0
anyon:1.0
tell:1.0
find:1.0
viewer:1.0
either:1.0
do:1.0
window:1.0
thank:1.0
advanc:1.0
mail:1.0
cov:1.0
liverpool:1.0
footbal:1.0
club:1.0
simpli:1.0
best:1.0
never:1.0
walk:1.0
alon:1.0
