thoma:1.6931471805599454
ramsey:1.0
c:1.6931471805599454
laurentian:1.6931471805599454
ca:1.0
f:1.0
subject:1.0
print:2.791759469228055
graph:1.0
printer:2.09861228866811
organ:1.0
dept:1.0
comput:1.0
scienc:1.0
univers:1.0
sudburi:1.0
line:1.0
6:1.0
seem:1.0
simpl:1.0
problem:1.6931471805599454
solv:1.0
wrote:1.0
program:1.0
draw:1.0
polygon:1.0
screen:2.386294361119891
want:1.0
press:1.0
keyboard:1.0
ascii:1.0
charact:1.0
way:1.0
without:1.0
use:1.0
plea:1.0
help:1.0
