diablo:2.6094379124341005
uucp:1.6931471805599454
cboesel:2.09861228866811
charl:2.09861228866811
boesel:2.09861228866811
subject:1.0
ftp:1.6931471805599454
achiv:1.0
usg:1.6931471805599454
terrain:1.6931471805599454
data:1.6931471805599454
organ:1.0
creativ:1.6931471805599454
repli:1.0
x:1.0
mailer:1.0
uaccess:1.0
lite:1.0
macintosh:1.0
releas:1.0
1:1.6931471805599454
6v2:1.0
line:1.0
6:1.0
archiv:1.0
unit:1.0
state:1.0
geolog:1.0
servic:1.0
pro:1.0
con:1.0
uu:1.0
holonet:1.0
net:1.0
opposit:1.0
progress:1.0
510:1.0
980:1.0
1958:1.0
pager:1.0
el:1.0
congress:1.0
