valentin:1.0
e:1.0
vulihman:1.0
vulih:1.6931471805599454
ipmc:1.6931471805599454
su:1.6931471805599454
subject:1.0
attract:1.0
draw:1.0
sphere:1.0
line:1.0
2:1.0
repli:1.0
organ:1.0
inst:1.0
prec:1.0
mech:1.0
comp:1.6931471805599454
equip:1.0
moscow:1.0
russia:1.0
subscrib:1.0
graphic:1.0
quit:1.0
