bate:2.386294361119891
spica:1.0
ucsb:1.0
edu:1.0
andrew:1.0
subject:1.0
renderman:2.386294361119891
shader:1.6931471805599454
discus:1.6931471805599454
organ:1.0
univers:1.0
california:1.0
santa:1.0
barbara:1.0
line:1.0
12:1.0
anyon:1.0
know:1.0
site:1.0
could:1.0
ftp:1.0
newsgroup:1.0
inform:1.0
new:1.0
mac:1.0
famili:1.0
like:1.0
get:1.0
much:1.0
info:1.0
lay:1.0
hand:1.0
thank:1.0
andi:1.6931471805599454
