lansd:2.386294361119891
dgp:2.386294361119891
toronto:2.791759469228055
edu:2.09861228866811
robert:1.6931471805599454
lansdal:2.09861228866811
subject:1.6931471805599454
advic:1.0
sought:1.0
turn:2.386294361119891
font:3.1972245773362196
outlin:3.772588722239781
render:3.0794415416798357
polygon:3.302585092994046
organ:1.0
csri:1.0
univers:1.6931471805599454
distribut:1.0
na:1.0
line:1.0
53:1.0
seek:1.0
altern:1.0
solut:2.6094379124341005
postscript:1.6931471805599454
type:1.0
1:1.0
truetyp:2.09861228866811
subsequ:1.0
scan:1.6931471805599454
convert:1.6931471805599454
3d:1.6931471805599454
scanlin:1.6931471805599454
studi:1.0
problem:1.6931471805599454
convers:1.0
year:1.6931471805599454
never:1.0
need:1.6931471805599454
implement:1.6931471805599454
system:2.09861228866811
well:1.0
opportun:1.0
write:1.0
softwar:1.0
would:1.0
like:1.0
question:2.09861228866811
answer:1.0
jump:1.0
deep:1.0
end:1.0
main:1.0
face:1.0
use:2.386294361119891
even:1.6931471805599454
odd:1.6931471805599454
non:1.6931471805599454
wind:1.6931471805599454
rule:1.6931471805599454
singl:1.0
handl:2.09861228866811
complex:1.0
reduc:1.0
simpl:1.6931471805599454
exampl:1.0
letter:1.0
two:1.6931471805599454
t1:1.6931471805599454
outsid:1.6931471805599454
clockwis:1.0
t2:1.6931471805599454
insid:1.0
counterclockwis:1.0
one:1.0
common:1.0
number:1.6931471805599454
packag:1.0
simpli:1.0
connect:1.6931471805599454
inner:1.6931471805599454
outer:1.6931471805599454
point:1.0
closest:1.0
equival:1.0
descib:1.0
hole:1.6931471805599454
make:1.0
appropri:1.0
sinc:2.09861228866811
interior:1.0
edg:1.6931471805599454
opposit:1.0
direct:1.0
want:1.0
simplist:1.0
properli:2.09861228866811
tmatter:1.0
tsome:1.0
fanci:1.0
research:1.6931471805599454
proper:1.0
trapezoid:2.386294361119891
decomposit:1.0
algorithm:1.6931471805599454
done:1.0
raster:1.0
easili:1.0
better:1.0
polgyon:1.0
decompos:1.0
fond:1.0
creat:1.6931471805599454
excess:1.0
anoth:1.0
know:1.0
best:1.6931471805599454
bevel:1.0
offset:1.0
curv:1.0
dozen:1.0
paper:1.0
tell:1.0
method:1.0
thank:1.0
pointer:1.0
rob:1.0
416:1.0
978:1.0
6619:1.0
dynam:1.0
graphic:1.0
project:1.0
internet:1.0
comput:1.0
institut:1.0
uucp:1.0
uunet:1.0
bitnet:1.0
utoronto:1.0
ontario:1.0
m5:1.0
1a4:1.0
canada:1.0
