dr:1.6931471805599454
bobo:1.6931471805599454
ponton:2.09861228866811
han:1.6931471805599454
de:1.6931471805599454
bori:2.09861228866811
pruessmann:1.6931471805599454
subject:1.0
vga:2.386294361119891
scroll:1.6931471805599454
organ:1.0
european:1.0
medium:1.0
art:1.0
lab:1.0
hamburg:1.0
line:1.0
12:1.0
hi:1.0
want:1.0
soft:1.0
chang:1.0
intern:1.0
regist:1.6931471805599454
crtc:1.0
littl:1.0
bit:1.0
difficult:1.0
explain:1.0
would:1.0
suggest:1.0
take:1.0
look:1.0
program:1.0
ega:1.0
adapt:1.0
addison:1.0
wesley:1.0
find:1.0
use:1.0
descript:1.0
everi:1.0
avail:1.0
