rych:2.09861228866811
festiv:1.6931471805599454
ed:1.6931471805599454
ac:1.6931471805599454
uk:1.6931471805599454
r:1.0
hawk:1.6931471805599454
subject:1.0
3d:2.386294361119891
textur:2.09861228866811
rule:2.09861228866811
go:1.0
line:1.0
21:1.0
hi:1.0
notic:1.0
save:2.09861228866811
model:1.0
map:1.0
plane:1.0
posit:2.09861228866811
care:1.0
file:2.791759469228055
reload:1.0
restart:1.0
given:1.0
default:1.0
orient:1.6931471805599454
prj:2.09861228866811
preserv:1.0
anyon:1.6931471805599454
know:1.0
inform:1.6931471805599454
store:1.0
noth:1.0
explicitli:1.0
said:1.0
manual:1.0
like:1.0
abl:1.0
read:1.0
format:1.6931471805599454
cel:1.0
avail:1.0
somewher:1.0
rychard:1.0
temail:1.0
virtual:1.0
environ:1.0
laboratori:1.0
dept:1.0
psycholog:1.0
ttel:1.0
44:1.6931471805599454
31:1.6931471805599454
650:1.0
3426:1.0
univ:1.0
edinburgh:1.0
tfax:1.0
667:1.0
0150:1.0
