maynard:2.386294361119891
ramsey:1.6931471805599454
c:1.6931471805599454
laurentian:2.09861228866811
ca:2.386294361119891
roger:2.09861228866811
subject:1.0
nhl:1.0
team:2.386294361119891
leader:1.0
organ:1.0
dept:1.0
comput:1.0
scienc:1.0
univers:1.0
sudburi:1.0
line:1.0
66:1.0
1993apr5:1.0
185633:1.0
17843:1.0
ist:2.09861228866811
dchhabra:1.0
stpl:1.0
deepak:1.0
chhabra:1.0
write:1.0
implicitli:1.0
assum:1.0
goal:2.791759469228055
score:2.6094379124341005
winnipeg:2.09861228866811
selann:3.0794415416798357
ice:1.0
blame:1.0
forward:1.0
lousi:1.6931471805599454
defens:1.6931471805599454
record:1.0
anyway:1.0
let:2.09861228866811
put:1.0
anoth:1.0
way:2.791759469228055
john:1.0
cullen:2.09861228866811
terribl:1.0
excus:1.6931471805599454
powerplay:1.0
point:1.0
count:1.0
neither:1.0
compar:2.09861228866811
salami:2.09861228866811
would:3.1972245773362196
say:1.6931471805599454
valid:1.0
hell:1.0
stand:1.0
around:1.6931471805599454
bluelin:1.0
puck:1.0
end:1.0
object:1.6931471805599454
game:2.386294361119891
feed:2.09861228866811
win:2.6094379124341005
contribut:2.386294361119891
meaning:1.6931471805599454
knowledg:1.0
hockey:2.09861228866811
observ:1.0
world:1.0
agre:1.0
jet:1.6931471805599454
play:2.386294361119891
500:1.0
check:1.0
ye:1.0
bare:1.0
allow:1.6931471805599454
sound:1.6931471805599454
aw:1.0
lot:1.0
like:1.6931471805599454
well:1.0
better:1.0
solid:1.6931471805599454
two:1.6931471805599454
friend:1.6931471805599454
finland:1.0
claim:1.6931471805599454
capabl:1.0
chal:1.0
leng:1.0
leagu:1.0
lead:1.0
bi:1.0
plane:1.0
might:1.0
challeng:1.0
first:1.0
howev:1.0
worri:1.0
teemu:1.0
glenn:1.0
anderson:1.6931471805599454
see:2.386294361119891
timo:1.0
next:1.0
mike:1.0
foligno:2.09861228866811
know:1.6931471805599454
best:2.09861228866811
manag:1.0
want:1.0
exercis:1.0
refer:1.0
comment:1.0
finnish:1.0
watch:1.6931471805599454
style:1.0
conduc:1.0
think:2.09861228866811
grandstand:1.0
suck:1.0
parad:1.0
arm:1.0
outstretch:1.0
messiah:1.0
return:1.0
nope:1.0
busi:1.0
jump:1.0
believ:1.0
honestli:1.0
read:1.0
far:1.0
help:1.0
use:1.0
littl:1.0
discrimin:1.0
highli:1.0
valu:1.0
could:1.0
tri:1.0
mere:1.0
argument:1.0
cordial:1.0
alway:1.0
rm:1.0
