subject:1.0
nhl:1.0
summari:1.0
par:1.0
result:1.0
game:1.0
play:3.70805020110221
sun:1.6931471805599454
april:1.0
4:4.178053830347945
1993:1.0
c5ff:1.0
jupit:1.0
csd:1.0
unb:1.0
ca:1.0
cook:1.0
charli:1.0
organ:1.0
univers:1.0
new:2.6094379124341005
brunswick:1.0
line:1.0
210:1.0
ny:2.791759469228055
ranger:2.791759469228055
3:4.332204510175204
1:5.969813299576001
0:5.477336814478207
washington:1.6931471805599454
first:2.9459101490553135
period:4.044522437723423
grave:1.6931471805599454
33:2.09861228866811
turcott:1.6931471805599454
low:1.6931471805599454
9:2.791759469228055
13:2.791759469228055
2:4.912023005428146
gartner:1.6931471805599454
44:2.09861228866811
messier:2.09861228866811
11:1.6931471805599454
21:2.6094379124341005
olczyk:1.6931471805599454
amont:1.6931471805599454
14:2.09861228866811
57:1.6931471805599454
second:2.9459101490553135
beukeboom:1.6931471805599454
unassist:1.6931471805599454
30:2.09861228866811
third:2.9459101490553135
score:3.0794415416798357
power:3.6390573296152584
scorer:3.302585092994046
g:3.302585092994046
pt:3.302585092994046
boston:2.6094379124341005
buffalo:1.6931471805599454
leach:1.6931471805599454
24:2.09861228866811
wesley:1.6931471805599454
oat:2.09861228866811
pp:3.772588722239781
03:1.6931471805599454
douri:2.09861228866811
poulin:1.6931471805599454
00:1.0
bourqu:1.6931471805599454
sh:2.386294361119891
55:2.09861228866811
5:3.6390573296152584
special:1.6931471805599454
goal:1.6931471805599454
total:1.6931471805599454
6:3.0794415416798357
pittsburgh:2.9459101490553135
jersey:2.386294361119891
franci:2.6094379124341005
23:1.6931471805599454
lemieux:2.791759469228055
tocchet:2.386294361119891
25:1.0
murphi:2.6094379124341005
mullen:1.6931471805599454
38:2.09861228866811
7:2.9459101490553135
jagr:2.09861228866811
15:1.6931471805599454
22:2.09861228866811
zelepukin:1.6931471805599454
17:1.6931471805599454
driver:1.6931471805599454
19:3.0794415416798357
07:1.0
maclean:1.6931471805599454
nichol:1.6931471805599454
steven:1.6931471805599454
45:1.6931471805599454
62:1.0
en:1.6931471805599454
51:1.0
toronto:1.6931471805599454
philadelphia:2.791759469228055
dineen:2.09861228866811
31:1.0
beranek:1.6931471805599454
hawgood:2.09861228866811
8:2.386294361119891
10:1.6931471805599454
mcgill:1.6931471805599454
lindro:2.09861228866811
recchi:2.09861228866811
galley:2.09861228866811
32:1.6931471805599454
18:2.09861228866811
39:1.0
vancouv:2.6094379124341005
ottawa:1.6931471805599454
plavsic:2.09861228866811
craven:1.6931471805599454
05:1.0
momesso:1.6931471805599454
nedv:1.6931471805599454
52:1.0
bure:1.6931471805599454
27:1.0
st:2.791759469228055
loui:2.791759469228055
chicago:2.9459101490553135
sutter:2.09861228866811
chelio:2.6094379124341005
08:1.0
janney:2.6094379124341005
20:2.09861228866811
shanahan:2.386294361119891
j:1.6931471805599454
brown:1.6931471805599454
49:1.0
roenick:2.09861228866811
smith:1.6931471805599454
graham:1.6931471805599454
gilbert:1.6931471805599454
ruuttu:1.6931471805599454
42:1.0
crossman:1.6931471805599454
belfour:1.6931471805599454
miller:2.09861228866811
hull:1.6931471805599454
04:1.0
calgari:2.791759469228055
san:2.6094379124341005
jose:2.6094379124341005
otto:2.09861228866811
yawney:1.6931471805599454
ashton:2.09861228866811
29:1.0
odger:2.386294361119891
pederson:2.09861228866811
wilkinson:1.6931471805599454
nieuwendyk:1.6931471805599454
34:1.0
johansson:1.6931471805599454
rees:1.6931471805599454
reichel:1.6931471805599454
35:1.0
skrudland:1.6931471805599454
berub:1.6931471805599454
12:1.0
fleuri:1.6931471805599454
evason:2.09861228866811
gaudreau:1.6931471805599454
