mjr4u:1.0
virginia:1.6931471805599454
edu:1.6931471805599454
matthew:1.0
j:1.0
rush:1.0
subject:1.0
ncaa:1.0
final:1.6931471805599454
winner:1.0
organ:1.0
univers:1.0
line:1.0
4:1.6931471805599454
ktgeiss:1.0
miavx1:1.0
ac:1.0
muohio:1.0
write:1.0
lake:1.0
state:1.0
main:1.6931471805599454
plea:1.0
post:1.0
5:1.0
