umturne4:1.6931471805599454
ccu:1.6931471805599454
umanitoba:2.09861228866811
ca:2.386294361119891
daryl:1.6931471805599454
turner:1.6931471805599454
subject:1.0
year:1.0
biggest:2.09861228866811
worst:1.0
opinion:1.0
keyword:1.0
nhl:1.0
award:1.0
nntp:1.0
post:1.0
host:1.0
gibson:1.0
cc:1.0
organ:1.0
univers:1.0
manitoba:1.6931471805599454
winnipeg:2.09861228866811
canada:1.0
line:1.0
24:1.0
articl:1.0
1993apr5:1.0
212018:1.0
25066:1.0
eng:1.6931471805599454
cam:1.6931471805599454
ac:1.6931471805599454
uk:1.6931471805599454
dsci:1.0
c:1.0
yap:1.0
write:1.6931471805599454
smale:1.6931471805599454
healthi:1.0
uwaterloo:1.0
bryan:1.0
team:1.6931471805599454
mvp:1.0
surpris:1.0
disappoint:1.0
washington:1.6931471805599454
capit:1.0
hatcher:1.0
bondra:1.0
cote:1.0
elynuik:1.0
jet:2.386294361119891
selann:1.6931471805599454
druce:1.6931471805599454
two:1.0
trade:1.6931471805599454
poetic:1.0
justic:1.0
even:1.0
might:1.0
consid:1.0
patti:1.0
bust:1.6931471805599454
rework:1.0
minut:1.0
complet:1.0
utter:1.0
5:1.0
goal:1.0
r:1.0
h:1.0
contact:1.0
internet:1.0
fidonet:1.0
1:1.6931471805599454
348:2.09861228866811
701:1.0
4:1.0
plea:1.0
rout:1.0
700:1.0
tkachuk:1.0
zhamnov:1.0
sel:1.6931471805599454
nne:1.6931471805599454
shoot:1.0
score:1.0
win:1.6931471805599454
cup:1.6931471805599454
essensa:1.0
vezina:1.0
housley:1.0
norri:1.0
calder:1.0
