drbombay:1.6931471805599454
netlink:2.386294361119891
ct:1.6931471805599454
com:1.6931471805599454
walter:1.6931471805599454
ladwig:1.6931471805599454
subject:1.0
doubter:1.0
hmm:1.0
articl:1.0
4ibk2b1w165w:1.0
organ:1.0
onlin:1.0
commun:1.0
san:1.0
diego:1.0
ca:1.0
line:1.0
7:1.0
blackhawk:1.0
shall:1.0
triumph:1.0
weather:1.0
cuckoo:1.0
like:1.0
net:1.0
link:1.0
armor:1.0
divis:1.0
submiss:1.0
vernacular:1.0
world:1.0
gambl:1.0
birdhous:1.0
veloc:1.0
cut:1.0
up:1.0
