v124p7kk:1.0
ubvmsc:1.6931471805599454
cc:1.6931471805599454
buffalo:2.386294361119891
edu:1.6931471805599454
darryl:1.6931471805599454
brook:1.6931471805599454
subject:1.0
mani:2.09861228866811
european:3.1972245773362196
nhl:3.1972245773362196
euro:2.09861228866811
bash:1.6931471805599454
organ:1.0
univers:1.6931471805599454
line:1.0
60:1.0
news:1.0
softwar:1.0
vax:1.0
vm:1.0
vnew:1.0
1:1.0
41:1.0
nntp:1.0
post:1.0
host:1.0
articl:1.0
rauser:2.6094379124341005
734062608:1.0
sfu:2.09861228866811
ca:2.09861228866811
fraser:1.0
richard:1.6931471805599454
john:1.0
write:1.0
point:1.6931471805599454
far:1.0
sick:1.0
watch:1.0
game:1.0
american:2.6094379124341005
canadian:2.386294361119891
team:2.09861228866811
let:2.09861228866811
say:1.0
red:1.0
wing:1.0
canuck:2.09861228866811
see:2.386294361119891
name:1.0
like:1.0
bure:2.386294361119891
konstantinov:1.0
borshevshki:1.0
north:2.09861228866811
america:1.0
toronto:1.0
detriot:1.0
quebec:1.0
edmonton:1.0
particularli:1.0
annoy:1.0
number:1.6931471805599454
get:2.386294361119891
wors:1.6931471805599454
well:1.0
live:1.6931471805599454
vancouv:1.0
hear:1.0
one:2.09861228866811
word:1.0
pavel:1.0
russian:1.0
rocket:1.0
complet:1.0
throw:1.0
everi:1.0
time:1.0
play:2.386294361119891
keep:1.0
hope:1.6931471805599454
someon:1.0
cross:1.0
check:1.0
plexiglassso:1.0
hard:1.0
carri:1.6931471805599454
stretcher:1.6931471805599454
way:1.0
fan:1.0
begin:1.0
okay:1.0
remark:1.0
littl:1.0
away:1.0
resent:1.0
owner:1.6931471805599454
draft:1.6931471805599454
instead:1.6931471805599454
deni:1.0
young:1.0
opportun:1.0
leagu:2.6094379124341005
give:1.0
even:1.0
better:1.6931471805599454
hockey:2.386294361119891
player:2.09861228866811
hype:1.0
mystiqu:1.0
sicken:1.0
continu:1.0
fight:1.0
harder:1.0
escal:1.0
problem:1.0
clearli:1.0
creation:1.0
selann:1.0
world:1.0
contin:1.0
want:1.6931471805599454
mine:1.0
tah:1.0
next:1.0
french:1.6931471805599454
canadien:1.6931471805599454
yeah:1.0
idea:1.6931471805599454
speak:1.0
tare:1.0
crazi:1.0
true:1.0
intern:1.0
ye:1.0
deserv:1.0
look:1.0
teemu:1.0
glad:1.0
soon:1.6931471805599454
expand:1.0
europ:1.0
nice:1.0
differ:1.0
peopl:1.0
come:1.0
togeth:1.0
form:1.0
26:1.0
j:1.0
oh:1.0
worri:1.0
profession:1.0
wni:1.0
outlaw:1.0
rememb:1.0
matter:1.0
go:1.6931471805599454
dr:1.0
banzai:1.0
bill:1.0
sabr:1.0
magic:1.0
