peterson:2.6094379124341005
pms001:1.6931471805599454
pm:2.386294361119891
ford:2.791759469228055
com:2.386294361119891
doug:1.0
subject:1.0
ncaa:1.0
hockey:1.0
final:1.0
organ:1.0
motor:1.6931471805599454
compani:1.6931471805599454
line:1.0
34:1.0
distribut:1.0
world:1.0
repli:1.0
pms860:1.6931471805599454
nntp:1.0
post:1.6931471805599454
host:1.0
keyword:1.0
colleg:1.0
seen:1.0
anyon:1.0
honor:1.0
main:2.6094379124341005
beat:1.0
lssu:2.9459101490553135
5:1.0
4:1.6931471805599454
milwauke:1.0
saturday:1.0
night:1.0
quit:1.0
game:3.0794415416798357
storm:1.0
2:2.09861228866811
0:1.0
lead:2.09861228866811
first:2.09861228866811
look:1.6931471805599454
like:2.09861228866811
might:1.6931471805599454
run:1.6931471805599454
away:1.6931471805599454
goal:2.09861228866811
came:2.09861228866811
insid:1.0
thirti:1.0
second:2.386294361119891
back:1.0
end:2.386294361119891
period:1.6931471805599454
cut:1.0
1:1.0
domin:1.0
play:1.6931471805599454
particularli:1.0
along:1.0
board:1.0
went:1.0
quickli:1.0
ref:1.0
hold:1.6931471805599454
bar:1.0
type:1.0
score:2.09861228866811
three:2.09861228866811
unansw:1.6931471805599454
walk:1.0
coach:1.0
walsh:1.0
replac:1.0
start:1.0
goali:2.09861228866811
dunham:1.0
snow:2.6094379124341005
michigan:1.0
prove:1.6931471805599454
much:1.0
aggress:1.0
third:1.0
belong:1.0
team:1.0
behind:1.0
span:1.0
five:1.0
minut:2.386294361119891
four:1.0
mark:1.0
jim:1.0
montgomeri:1.0
tournament:1.0
mvp:1.0
assist:1.0
paul:1.0
kariya:1.0
last:1.6931471805599454
bear:1.0
highlight:1.0
chang:1.0
also:1.0
differ:1.0
one:1.6931471805599454
go:1.0
pull:1.0
duel:1.0
forward:1.0
amaz:1.0
set:1.0
move:1.0
great:1.0
way:1.0
year:1.6931471805599454
championship:1.0
sold:1.0
month:1.0
bradley:1.0
center:1.0
approxim:1.0
17:1.0
700:1.0
dougla:1.0
j:1.0
safeti:1.0
laboratori:1.0
depart:1.0
driven:1.0
313:1.0
390:1.0
8089:1.0
late:1.0
