c5ff:1.0
jupit:1.6931471805599454
sun:1.0
csd:1.0
unb:1.0
ca:1.0
cook:1.0
charli:1.0
subject:1.0
nhl:1.0
summari:1.0
par:1.0
result:1.0
game:1.0
play:2.09861228866811
mon:1.0
april:1.0
5:2.791759469228055
1993:1.0
articl:1.0
1993apr6:1.0
131610:1.0
17465:1.0
organ:1.0
univers:1.0
new:1.0
brunswick:1.0
line:1.0
39:1.6931471805599454
hartford:2.9459101490553135
1:4.555348061489413
3:1.6931471805599454
ny:2.791759469228055
ranger:2.791759469228055
2:3.70805020110221
4:2.791759469228055
first:1.0
period:2.09861228866811
cunneyworth:1.6931471805599454
janssen:1.6931471805599454
greig:1.6931471805599454
12:1.6931471805599454
21:1.0
grave:2.09861228866811
34:1.0
turcott:2.09861228866811
zubov:1.6931471805599454
18:1.0
second:1.0
kovalev:1.6931471805599454
19:1.6931471805599454
sanderson:2.09861228866811
44:1.0
cassel:2.09861228866811
pp:2.09861228866811
54:1.0
amont:2.09861228866811
30:1.0
andersson:2.09861228866811
vanbiesbrouck:1.6931471805599454
13:1.0
third:1.0
6:1.6931471805599454
messier:1.6931471805599454
25:1.0
26:1.0
7:1.0
45:1.0
sh:1.6931471805599454
23:1.0
8:1.6931471805599454
nyland:1.6931471805599454
ladouceur:1.6931471805599454
35:1.0
9:1.0
verbeek:1.6931471805599454
36:1.0
zalapski:1.6931471805599454
17:1.0
43:1.0
power:1.6931471805599454
special:1.0
goal:1.0
total:1.0
scorer:1.6931471805599454
g:1.6931471805599454
pt:1.6931471805599454
0:3.70805020110221
