westerhold:1.6931471805599454
batgirl:1.0
rtp:2.09861228866811
dg:2.09861228866811
com:1.6931471805599454
subject:1.0
want:1.0
mail:1.6931471805599454
order:1.6931471805599454
hockey:1.6931471805599454
equip:1.6931471805599454
distribut:1.0
usa:1.0
organ:1.0
data:1.6931471805599454
gener:1.6931471805599454
corpor:1.6931471805599454
nc:1.6931471805599454
line:1.0
11:1.0
could:1.0
anyon:1.0
recommend:1.0
distributor:1.0
tthank:1.0
advanc:1.0
twayn:1.0
wayn:1.0
e:1.0
wester:1.0
research:1.0
triangl:1.0
park:1.0
