snichol:1.6931471805599454
adob:2.386294361119891
com:1.6931471805599454
sherri:1.6931471805599454
nichol:1.6931471805599454
subject:1.0
mani:1.0
european:1.0
nhl:1.0
articl:1.6931471805599454
1993apr6:1.6931471805599454
201745:1.0
840:1.0
organ:1.0
system:1.0
incorpor:1.0
line:1.0
24:1.0
195022:1.0
6362:1.0
alchemi:1.6931471805599454
chem:1.6931471805599454
utoronto:1.6931471805599454
ca:1.6931471805599454
golchowi:1.0
gerald:1.0
olchowi:1.0
write:1.0
major:1.6931471805599454
leagu:1.6931471805599454
basebal:1.0
told:1.6931471805599454
blue:2.09861228866811
jay:2.09861228866811
expo:2.09861228866811
sign:1.6931471805599454
oscar:1.0
linar:1.6931471805599454
think:1.0
name:1.0
defect:2.09861228866811
point:1.0
mlb:2.09861228866811
requir:1.0
player:1.6931471805599454
first:1.0
canada:1.6931471805599454
restrict:1.0
cuban:1.6931471805599454
u:1.0
team:2.386294361119891
canadian:1.0
would:2.09861228866811
unhappi:1.0
surpris:1.0
long:1.0
pool:1.0
talent:1.0
access:1.0
let:1.0
seem:1.0
perfectli:1.0
reason:1.0
play:1.6931471805599454
could:1.0
81:1.0
home:1.0
game:1.0
without:1.0
troubl:1.0
except:1.0
allow:1.0
ever:1.0
said:1.0
