umturne4:1.6931471805599454
ccu:1.6931471805599454
umanitoba:2.09861228866811
ca:2.6094379124341005
daryl:1.6931471805599454
turner:1.6931471805599454
subject:1.0
mani:2.386294361119891
european:3.3978952727983707
nhl:3.0794415416798357
nntp:1.0
post:1.0
host:1.0
gibson:1.0
cc:1.0
organ:1.0
univers:1.0
manitoba:1.6931471805599454
winnipeg:2.09861228866811
canada:1.6931471805599454
line:1.0
76:1.0
articl:1.0
rauser:2.09861228866811
734062608:1.0
sfu:1.6931471805599454
fraser:1.0
richard:1.0
john:1.0
write:1.0
point:1.6931471805599454
far:1.0
sick:1.0
watch:1.0
game:1.6931471805599454
american:2.386294361119891
canadian:2.791759469228055
team:2.9459101490553135
let:1.6931471805599454
say:1.0
red:1.0
wing:1.0
canuck:2.09861228866811
see:1.6931471805599454
name:1.0
like:1.0
bure:2.6094379124341005
konstantinov:1.0
borshevshki:1.0
north:2.386294361119891
america:2.09861228866811
toronto:1.0
detriot:1.0
quebec:1.0
edmonton:1.0
particularli:1.0
annoy:1.0
number:1.6931471805599454
euro:1.6931471805599454
get:2.791759469228055
wors:1.6931471805599454
well:1.6931471805599454
gee:1.0
think:1.0
would:2.386294361119891
top:1.0
list:1.0
8:1.0
regular:1.0
live:1.0
vancouv:1.0
hear:1.6931471805599454
one:1.6931471805599454
word:1.0
pavel:1.0
russian:1.6931471805599454
rocket:1.0
complet:1.0
throw:1.0
everi:1.0
time:1.0
play:2.9459101490553135
keep:1.6931471805599454
hope:1.0
someon:1.0
cross:1.0
check:1.0
plexiglassso:1.0
hard:1.0
carri:1.6931471805599454
stretcher:1.6931471805599454
way:1.6931471805599454
fan:1.6931471805599454
begin:1.0
jet:2.6094379124341005
sometim:1.0
wish:1.0
knock:1.0
silli:1.0
noth:1.0
seriou:1.0
enough:1.6931471805599454
okay:1.0
remark:1.0
littl:1.6931471805599454
away:1.0
resent:1.0
owner:2.6094379124341005
draft:2.386294361119891
instead:1.6931471805599454
deni:1.0
young:1.0
opportun:1.0
leagu:2.6094379124341005
give:1.6931471805599454
even:1.6931471805599454
better:2.09861228866811
hockey:2.386294361119891
player:3.3978952727983707
hype:1.0
mystiqu:1.0
sicken:1.0
continu:1.0
fight:1.0
harder:1.0
case:1.6931471805599454
gener:1.0
manag:1.0
order:1.0
come:1.6931471805599454
find:1.0
best:1.6931471805599454
win:2.09861228866811
stanley:1.0
cup:2.09861228866811
whether:1.0
kindersley:1.0
saskatchewan:1.0
chelyabinsk:1.0
russia:1.0
gm:1.6931471805599454
believ:1.6931471805599454
call:1.0
refer:1.6931471805599454
belong:1.6931471805599454
want:1.6931471805599454
content:1.0
rule:1.6931471805599454
might:1.0
enforc:1.6931471805599454
doubt:1.0
u:1.0
cfl:1.0
sorri:1.0
footbal:1.0
tri:1.0
push:1.0
import:1.0
ratio:1.0
sacromento:1.0
goldmin:1.0
increas:1.0
competit:1.0
elit:1.0
posit:1.6931471805599454
make:1.0
anyway:1.0
oh:1.0
yeah:1.0
lower:1.0
level:1.0
profession:1.0
ahl:1.0
ihl:1.6931471805599454
primari:1.0
farm:1.6931471805599454
club:1.0
chl:1.0
echl:1.0
secondari:1.0
ie:1.0
moncton:1.0
ft:1.0
wayn:1.0
plenti:1.0
escal:1.0
problem:1.0
clearli:1.0
creation:1.0
selann:1.0
world:2.09861228866811
contin:1.0
mine:1.0
favour:1.0
premier:1.0
grown:1.0
among:1.0
hedberg:1.0
nilsson:1.0
sjoberg:1.0
sel:2.09861228866811
nne:2.09861228866811
zhamnov:1.6931471805599454
olausson:1.0
r:1.0
h:1.0
contact:1.0
internet:1.0
fidonet:1.0
1:1.6931471805599454
348:2.09861228866811
701:1.0
4:1.0
plea:1.0
rout:1.0
700:1.0
tkachuk:1.0
shoot:1.0
score:1.0
essensa:1.0
vezina:1.0
housley:1.0
norri:1.0
calder:1.0
