pbaron:1.6931471805599454
x102a:2.09861228866811
es:2.386294361119891
harri:2.6094379124341005
com:2.09861228866811
baron:1.6931471805599454
philip:1.0
00309:1.0
subject:1.0
usenet:1.6931471805599454
playoff:1.6931471805599454
pool:1.6931471805599454
nntp:1.0
post:1.6931471805599454
host:1.0
x:1.0
newsread:1.0
tin:1.0
1:1.6931471805599454
pl4:1.0
organ:1.0
melbourn:1.0
fla:1.0
line:1.0
15:1.0
saw:1.0
previou:1.0
request:1.0
rule:1.0
instruct:1.0
seen:1.0
responc:1.0
anybodi:1.0
info:1.0
away:1.0
could:1.0
mail:1.0
thank:1.0
advanc:1.0
phil:1.0
internet:1.0
corpor:1.0
gisd:1.0
cape:1.0
canaver:1.0
f:1.0
407:1.0
853:1.0
8169:1.0
