tvartiai:1.0
vipunen:1.6931471805599454
hut:1.6931471805599454
fi:2.386294361119891
tommi:1.6931471805599454
vartiainen:1.0
subject:1.0
tp:1.6931471805599454
stay:1.0
top:2.09861228866811
nntp:1.0
post:1.0
host:1.0
organ:1.0
helsinki:1.0
univers:1.0
technolog:1.0
finland:1.0
line:1.0
15:1.0
1993apr6:1.0
171611:1.0
1:1.0
tnclu:1.6931471805599454
tele:1.6931471805599454
nokia:1.6931471805599454
hahietanen:1.0
write:1.0
btw:1.0
juha:1.6931471805599454
yl:1.0
nen:1.0
centr:1.6931471805599454
hpk:1.0
draft:1.6931471805599454
jet:1.6931471805599454
last:1.0
year:2.09861228866811
reach:1.0
level:1.0
among:1.0
finnish:1.6931471805599454
good:1.6931471805599454
playoff:1.0
game:1.0
sure:1.0
anoth:1.0
center:1.0
rauli:1.0
raitanen:1.6931471805599454
s:1.0
play:1.0
nationalteam:1.0
believ:1.0
one:1.0
best:1.0
finn:1.0
wc:1.0
matikainen:1.0
head:1.0
coach:1.0
elect:1.0
team:1.0
hannu:1.0
