khettri:1.0
r1w2:1.0
pub:1.0
utk:1.6931471805599454
edu:1.0
23064rfl:1.0
subject:1.0
test:1.6931471805599454
organ:1.0
univers:1.0
tennesse:1.0
comput:1.0
center:1.0
distribut:1.0
line:1.0
6:1.0
tjust:1.0
tno:1.0
flame:1.0
plea:1.0
bye:1.0
