lmarsha:1.6931471805599454
cm:2.09861228866811
cc:1.6931471805599454
wayn:2.386294361119891
edu:1.6931471805599454
lauri:1.6931471805599454
marshal:1.6931471805599454
subject:1.0
doubter:1.0
hmm:1.0
articl:1.6931471805599454
16ba79dba:1.0
organ:1.0
state:1.6931471805599454
univers:1.6931471805599454
detroit:1.6931471805599454
mi:1.0
u:1.0
line:1.0
22:1.0
nntp:1.0
post:1.0
host:1.0
1993apr4:1.0
051942:1.0
27095:1.0
ramsey:1.6931471805599454
c:1.6931471805599454
laurentian:1.6931471805599454
ca:1.6931471805599454
maynard:1.6931471805599454
roger:1.0
write:1.0
decid:1.0
team:1.6931471805599454
best:1.0
seen:1.0
stand:1.0
tor:1.0
42:1.6931471805599454
25:1.6931471805599454
11:1.6931471805599454
95:1.6931471805599454
609:1.6931471805599454
chi:1.0
det:1.0
44:1.0
28:1.6931471805599454
9:1.6931471805599454
97:1.0
599:1.0
van:1.0
41:1.0
91:1.0
583:1.0
campbel:1.0
confer:1.0
better:1.0
record:1.6931471805599454
toronto:2.09861228866811
true:1.0
accord:1.0
stat:1.0
chicago:1.6931471805599454
good:1.0
interest:1.0
list:1.0
ahead:1.0
michigan:1.0
go:1.0
wing:1.0
