smithw:1.0
col:1.0
hp:1.6931471805599454
com:1.6931471805599454
walter:1.6931471805599454
smith:1.0
subject:1.0
playoff:1.6931471805599454
predict:1.6931471805599454
organ:1.0
colorado:1.0
spring:1.0
center:1.0
line:1.0
41:1.0
nntp:1.0
post:1.0
host:1.0
fajita19:1.0
c:1.0
itc:1.0
ok:1.0
join:1.0
fun:1.0
give:1.0
1st:1.0
round:2.09861228866811
pitt:3.0794415416798357
v:3.70805020110221
nyi:1.0
4:2.09861228866811
wash:2.09861228866811
njd:1.0
6:2.386294361119891
bo:2.6094379124341005
buf:1.0
5:2.791759469228055
que:1.0
mon:2.09861228866811
7:1.6931471805599454
chi:2.9459101490553135
stl:1.0
det:2.09861228866811
tor:1.0
van:1.0
win:2.09861228866811
cal:2.6094379124341005
la:1.0
2nd:1.0
3rd:1.0
final:1.0
