lli:1.6931471805599454
c:1.6931471805599454
cmu:1.6931471805599454
edu:1.6931471805599454
lori:1.6931471805599454
iannamico:1.0
subject:1.0
giveaway:1.6931471805599454
nntp:1.0
post:1.0
host:1.0
mach:1.0
organ:1.0
school:1.0
comput:1.0
scienc:1.0
carnegi:1.0
mellon:1.0
line:1.0
13:1.0
articl:1.0
1993apr14:1.0
173826:1.0
29856:1.0
philab:1.6931471805599454
philip:1.6931471805599454
com:1.6931471805599454
jpc:1.0
john:1.0
p:1.0
curcio:1.0
write:1.0
probabl:1.0
find:1.0
anyon:1.0
sponser:1.6931471805599454
mayb:1.6931471805599454
us:1.0
could:1.0
pittsburgh:1.6931471805599454
penguin:1.0
u:1.0
steel:2.09861228866811
rod:1.0
night:2.09861228866811
close:1.0
enough:1.0
60:1.0
dead:1.0
industri:1.0
pgh:1.6931471805599454
90:1.0
would:1.0
baboon:1.0
liver:1.0
sponor:1.0
zoo:1.0
