jake:2.09861228866811
rambler:2.09861228866811
eng:2.09861228866811
sun:2.386294361119891
com:2.09861228866811
jason:1.0
cockroft:1.0
subject:1.0
playoff:1.6931471805599454
predict:1.0
organ:1.0
microsystem:1.0
inc:1.0
line:1.0
95:1.0
distribut:1.0
world:1.0
repli:1.0
nntp:1.0
post:1.0
host:1.0
1st:1.0
round:2.386294361119891
pitt:3.3978952727983707
v:3.772588722239781
nyi:2.09861228866811
4:2.9459101490553135
look:1.0
like:2.386294361119891
safe:1.0
bet:1.0
bag:1.0
late:2.09861228866811
njd:2.09861228866811
showdown:1.0
friday:1.0
night:1.0
honour:1.0
pittsburg:1.0
anyway:1.0
pigsburg:1.6931471805599454
wash:2.791759469228055
6:3.302585092994046
think:1.6931471805599454
solid:1.6931471805599454
team:2.791759469228055
compet:1.0
agre:1.0
though:1.6931471805599454
bo:3.302585092994046
buf:1.0
5:3.1972245773362196
b:2.09861228866811
play:1.6931471805599454
awesom:1.0
hockey:1.0
last:2.6094379124341005
two:1.6931471805599454
week:2.09861228866811
question:1.0
long:1.0
fuhr:1.0
dud:1.0
que:2.09861228866811
mon:2.6094379124341005
7:2.386294361119891
seem:2.386294361119891
much:1.0
van:1.6931471805599454
chemistri:1.6931471805599454
hab:1.0
stride:1.0
chi:3.0794415416798357
stl:1.6931471805599454
det:3.1972245773362196
tor:1.0
diehard:1.0
leaf:2.09861228866811
fan:1.0
offens:1.0
shut:1.0
turn:1.0
around:1.0
detroit:1.0
recal:1.0
coupl:1.6931471805599454
time:1.0
met:1.0
pummel:1.0
know:1.6931471805599454
bobbi:1.0
allow:1.0
canada:1.0
yet:1.0
win:2.791759469228055
upset:1.0
make:1.0
anoth:1.0
bad:1.0
someth:1.6931471805599454
gone:1.0
foul:1.0
among:1.0
linden:1.0
momesso:1.0
bure:1.0
cal:3.302585092994046
la:2.09861228866811
anybodi:1.6931471805599454
say:2.386294361119891
could:1.6931471805599454
possibl:1.0
beet:1.0
watch:1.0
smyth:1.0
whole:1.0
lot:1.0
bunch:1.0
geritol:1.0
2nd:1.0
ego:1.0
save:1.0
grace:1.0
bowman:1.0
put:1.0
place:1.0
howev:1.0
pig:1.0
quick:1.0
first:1.0
may:1.6931471805599454
littl:1.6931471805599454
high:1.0
surpris:1.6931471805599454
said:1.0
cam:1.0
great:1.0
sold:1.0
yike:1.0
pretti:1.0
run:1.0
machin:1.0
non:1.0
busi:1.0
end:1.0
season:1.0
killer:1.0
weak:1.0
net:1.0
muscl:1.6931471805599454
3rd:1.0
hate:1.0
logic:1.0
elud:1.0
dark:1.0
side:1.0
take:1.0
give:1.0
extra:1.0
push:1.0
need:1.0
dump:1.0
rivalri:1.0
final:1.0
fli:1.0
overdu:1.0
go:1.0
goaltend:1.0
