groger:1.6931471805599454
slacvx:1.6931471805599454
slac:1.6931471805599454
stanford:2.09861228866811
edu:1.6931471805599454
greg:2.09861228866811
roger:1.6931471805599454
subject:1.0
hockey:1.6931471805599454
tv:1.0
bay:1.6931471805599454
area:1.0
repli:1.0
organ:1.0
linear:1.0
acceler:1.0
center:1.0
line:1.0
9:1.0
hi:1.0
get:1.0
sport:1.6931471805599454
channel:1.0
despar:1.0
playoff:1.0
action:1.0
especi:1.0
cannuck:1.0
anyon:1.0
know:1.0
bar:1.0
peninsula:1.0
show:1.0
game:1.0
look:1.0
someth:1.0
redwood:1.0
citi:1.0
mountain:1.0
view:1.0
thank:1.0
lot:1.0
