kkeller:1.0
mail:2.09861228866811
sa:2.09861228866811
upenn:2.09861228866811
edu:2.6094379124341005
keith:1.6931471805599454
keller:1.6931471805599454
subject:1.6931471805599454
washington:1.6931471805599454
beat:1.6931471805599454
pitt:1.0
articl:2.386294361119891
netnew:1.0
120664:1.0
organ:1.0
univers:1.0
pennsylvania:1.0
school:1.0
art:1.0
scienc:1.0
line:1.0
32:1.0
nntp:1.0
post:1.6931471805599454
host:1.0
c5j59c:1.0
ged:1.0
tauru:1.0
c:1.6931471805599454
np:1.6931471805599454
navi:1.6931471805599454
mil:1.6931471805599454
galvint:1.0
thoma:1.0
galvin:1.0
write:1.6931471805599454
93105:1.0
052120rap115:1.0
psuvm:1.6931471805599454
psu:1.6931471805599454
robbi:1.0
po:1.0
rap115:1.0
1993apr14:1.0
015415:1.0
10176:1.0
mprgate:1.0
mpr:1.6931471805599454
ca:1.6931471805599454
tasallot:1.0
galaxi:1.0
mathew:1.0
tasalloti:1.0
say:1.0
chanc:1.6931471805599454
year:1.0
seem:1.0
like:2.09861228866811
team:1.0
stop:1.0
penguin:1.6931471805599454
win:1.0
next:1.0
stanley:1.0
cup:1.0
realli:1.6931471805599454
think:1.6931471805599454
island:2.6094379124341005
devil:1.0
would:1.6931471805599454
better:1.6931471805599454
capit:1.0
imo:1.0
make:1.0
shot:1.0
even:1.0
whaler:1.0
two:1.6931471805599454
game:1.0
ye:1.6931471805599454
mention:1.0
mani:1.0
time:1.0
play:2.09861228866811
talent:1.0
level:1.0
oppon:1.0
sinc:2.09861228866811
hartford:1.0
piti:1.6931471805599454
pittsburgh:1.0
great:1.6931471805599454
isl:1.0
due:1.0
inexperi:1.0
poor:1.0
shoot:1.6931471805599454
greg:1.0
notic:1.0
hit:1.0
broad:1.0
side:1.0
barn:1.0
puck:1.0
foot:1.0
front:1.0
anyon:1.0
percentag:1.0
know:1.0
help:1.0
often:1.0
miss:1.0
net:1.0
complet:1.0
might:1.0
shed:1.0
light:1.0
playoff:1.0
pool:1.0
run:1.0
exact:1.0
rule:1.0
tomorrow:1.0
hesit:1.0
send:1.0
pick:1.0
tlet:1.6931471805599454
go:1.6931471805599454
ranger:1.0
quaker:1.0
tkkeller:1.0
tivi:1.0
leagu:1.0
champ:1.0
want:1.0
opinion:1.0
give:1.0
