cbn7g:1.0
virginia:2.09861228866811
edu:1.6931471805599454
christoph:1.0
bass:1.0
nystrom:1.0
subject:1.0
espn:1.6931471805599454
tonight:1.6931471805599454
articl:1.0
1993apr15:1.0
215144:1.0
10182:1.0
organ:1.0
univers:1.0
line:1.0
11:1.0
swartzjh:1.0
rosevc:1.0
rose:1.0
hulman:1.0
write:1.0
anyon:1.6931471805599454
heard:1.6931471805599454
game:2.6094379124341005
show:1.6931471805599454
said:1.0
whatev:1.0
mean:1.0
playoff:1.0
wise:1.0
would:1.6931471805599454
assum:1.0
blue:1.0
tampa:1.0
minnesota:1.0
red:1.0
wing:1.6931471805599454
sure:1.0
tjeff:1.0
swartz:1.0
go:1.0
star:1.0
