downec:2.09861228866811
crockett1a:1.6931471805599454
rpi:2.386294361119891
edu:2.386294361119891
christoph:1.0
stevan:1.0
downey:1.0
subject:1.0
predict:2.09861228866811
classic:2.09861228866811
playoff:2.386294361119891
year:1.6931471805599454
nntp:1.0
post:1.0
host:1.0
repli:1.0
organ:1.0
renssela:1.0
polytechn:1.0
institut:1.0
troy:1.0
ny:1.0
line:1.0
82:1.0
articl:1.0
1993apr17:1.0
152611:1.0
12934:1.0
ac:1.6931471805599454
dal:1.6931471805599454
ca:1.6931471805599454
06paul:1.0
write:1.0
yet:1.6931471805599454
anoth:1.6931471805599454
great:2.386294361119891
may:1.6931471805599454
laugh:1.6931471805599454
conveni:1.0
tadam:1.0
divis:2.386294361119891
hate:1.0
ne:1.0
name:1.0
divisoin:1.0
bo:2.09861228866811
v:3.772588722239781
buf:1.0
5:2.09861228866811
b:1.0
hot:1.0
late:1.6931471805599454
mon:2.791759469228055
que:1.6931471805599454
7:2.386294361119891
seri:3.0794415416798357
watch:2.386294361119891
first:1.6931471805599454
round:1.0
bit:1.0
bias:1.0
feel:1.0
canadien:2.09861228866811
smarten:1.0
start:1.0
play:2.09861228866811
two:1.0
month:1.0
ago:1.0
e:1.0
bench:1.0
savard:1.6931471805599454
tpatrick:1.0
pit:2.09861228866811
njd:1.0
6:2.791759469228055
wont:1.0
complet:1.0
cake:1.6931471805599454
walk:1.0
lump:1.0
batter:1.0
nyi:1.6931471805599454
excit:1.6931471805599454
imo:1.0
pitt:1.0
4:1.0
washington:1.0
tire:1.0
tnorri:1.0
chi:2.09861228866811
stl:1.6931471805599454
get:1.6931471805599454
lucki:1.0
game:2.791759469228055
tor:2.386294361119891
det:1.0
like:1.0
intens:1.0
potvin:2.09861228866811
settl:1.0
nice:1.0
point:1.0
tsmyth:1.0
van:2.6094379124341005
win:1.6931471805599454
teemu:1.0
vancouv:1.6931471805599454
better:1.0
team:1.6931471805599454
cal:2.09861228866811
lak:1.0
gretzki:1.0
calgari:1.0
fire:1.0
sorri:1.0
pun:1.0
um:1.0
proven:1.0
lie:1.0
beat:1.0
twale:1.0
confer:1.6931471805599454
final:2.386294361119891
pittsburgh:1.0
montreal:2.09861228866811
tmontreal:1.6931471805599454
imho:1.0
chanc:1.0
tpittsburgh:1.0
tcampbel:1.0
toronto:1.6931471805599454
ttoronto:1.0
mvp:1.6931471805599454
tstanley:1.0
cup:2.09861228866811
mapl:1.0
leaf:1.6931471805599454
stanley:1.6931471805599454
matchup:1.0
also:1.0
dream:1.6931471805599454
come:1.6931471805599454
true:1.6931471805599454
7th:1.0
1:1.0
0:1.0
doubl:1.0
overtim:1.0
roy:1.0
spectacular:1.0
throughout:1.0
share:1.0
possibl:1.0
vincent:1.0
damphous:1.0
net:1.0
winner:1.0
brilliant:1.0
pas:1.0
brian:1.0
bellow:1.0
star:1.0
deni:1.0
buddi:1.0
owner:1.0
box:1.0
nurs:1.0
splinter:1.0
thumb:1.0
left:1.0
disabl:1.0
list:1.0
sinc:1.0
awww:1.0
shuck:1.0
yee:1.0
haa:1.0
poof:1.0
wake:1.0
well:1.0
hope:1.0
stop:1.0
anytim:1.0
tpaul:1.0
tdie:1.0
hard:1.6931471805599454
hab:1.0
fan:2.09861228866811
live:1.0
t3:1.0
die:1.0
one:1.0
comment:1.0
call:1.0
includ:1.0
chicago:1.6931471805599454
detroit:1.6931471805599454
c:1.0
boston:1.0
even:1.0
realiz:1.0
chri:1.0
