mmb:1.6931471805599454
lamar:2.09861228866811
colost:2.09861228866811
edu:2.09861228866811
michael:1.0
burger:1.6931471805599454
subject:1.0
team:1.6931471805599454
pool:1.6931471805599454
tabul:1.0
nntp:1.0
post:1.0
host:1.0
acn:1.0
organ:1.0
colorado:1.6931471805599454
state:1.6931471805599454
univers:2.09861228866811
fort:1.0
collin:1.0
co:1.0
80523:1.0
line:1.0
40:2.09861228866811
thank:1.0
41:1.6931471805599454
peopl:1.6931471805599454
enter:1.0
year:1.6931471805599454
summari:1.0
pick:1.6931471805599454
1st:1.0
round:2.09861228866811
pittsburgh:2.386294361119891
new:2.386294361119891
jersey:1.6931471805599454
0:1.0
chicago:2.386294361119891
st:1.0
loui:1.0
1:2.9459101490553135
boston:2.386294361119891
buffalo:1.0
vancouv:2.09861228866811
30:1.0
winnipeg:1.6931471805599454
11:1.6931471805599454
calgari:2.09861228866811
27:1.0
lo:2.386294361119891
angel:2.386294361119891
14:1.6931471805599454
detroit:2.386294361119891
26:1.6931471805599454
toronto:2.386294361119891
15:2.09861228866811
washington:2.09861228866811
24:1.0
york:1.6931471805599454
island:1.6931471805599454
2:2.9459101490553135
quebec:2.6094379124341005
23:1.0
montreal:1.6931471805599454
18:2.09861228866811
2nd:1.0
38:1.0
31:1.6931471805599454
6:1.0
4:1.6931471805599454
21:1.0
5:2.09861228866811
8:1.0
3rd:1.0
7:1.0
3:1.0
final:1.0
good:1.0
luck:1.0
mike:1.0
canada:1.0
includ:1.0
ontario:1.0
maritim:1.0
prairi:1.0
florida:1.0
begin:1.0
comput:1.0
ta:1.0
stud:1.0
four:1.0
month:1.0
500:1.0
student:1.0
serv:1.0
royal:1.0
canadian:1.0
air:1.0
farc:1.0
michigan:1.0
1990:1.0
199:1.0
