nittmo:1.0
camelot:1.6931471805599454
bradley:2.09861228866811
edu:1.6931471805599454
christoph:1.0
taylor:1.0
subject:1.0
anyon:1.6931471805599454
offici:1.0
shorthand:1.6931471805599454
goal:1.6931471805599454
total:1.6931471805599454
nntp:1.0
post:1.0
host:1.0
organ:1.0
univers:1.0
distribut:1.0
na:1.0
line:1.0
4:1.0
nhl:1.0
player:1.0
season:1.0
tri:1.0
finish:1.0
rotisseri:1.0
stat:1.0
need:1.0
shg:1.0
make:1.0
complet:1.0
