stamber:2.09861228866811
rainbow:1.0
ecn:1.0
purdu:2.09861228866811
edu:2.386294361119891
kevin:1.6931471805599454
l:1.6931471805599454
subject:1.6931471805599454
difficult:1.6931471805599454
get:2.09861228866811
penguin:2.09861228866811
ticket:2.6094379124341005
organ:1.0
univers:1.6931471805599454
engin:1.0
comput:1.0
network:1.0
line:1.6931471805599454
27:1.0
articl:1.0
1993apr18:1.0
201811:1.0
28965:1.0
magnu:2.09861228866811
ac:2.09861228866811
ohio:2.09861228866811
state:2.09861228866811
dmoney:1.6931471805599454
dean:1.6931471805599454
r:1.0
money:1.6931471805599454
write:1.0
say:1.0
terribl:1.0
game:2.09861228866811
especi:1.0
playoff:2.09861228866811
would:1.0
easi:1.0
find:1.0
scalper:1.6931471805599454
outsid:1.6931471805599454
igloo:1.0
sell:1.6931471805599454
tradit:1.0
experi:1.0
otherwis:1.0
civic:1.0
arena:1.6931471805599454
scalp:1.0
illeg:1.0
nonetheless:1.0
present:1.0
best:1.0
strategi:1.0
given:1.0
mind:1.0
miss:1.0
anthem:1.0
ok:1.0
b:1.0
e:1.6931471805599454
taylor:1.0
decid:1.0
come:1.0
back:1.0
ever:1.0
wait:1.0
7:2.09861228866811
40:1.0
45:1.6931471805599454
roll:1.0
point:1.0
desper:1.0
reduc:1.0
near:1.0
face:1.0
valu:1.0
rid:1.0
littl:1.0
differ:1.0
good:1.0
seat:1.0
go:1.0
earli:1.0
left:1.0
may:1.0
noseble:1.0
materi:1.0
section:1.0
other:1.0
add:1.0
opinion:1.0
well:1.0
6:1.0
devil:1.0
3:1.0
pen:1.0
lead:1.0
seri:1.0
1:1.0
none:1.0
