dmoney:1.6931471805599454
magnu:2.09861228866811
ac:2.09861228866811
ohio:2.386294361119891
state:2.386294361119891
edu:2.09861228866811
dean:1.6931471805599454
r:1.0
money:1.6931471805599454
subject:1.6931471805599454
difficult:1.6931471805599454
get:1.6931471805599454
penguin:1.6931471805599454
ticket:2.09861228866811
nntp:1.0
post:1.0
host:1.0
bottom:1.0
organ:1.0
univers:1.0
line:1.6931471805599454
6:1.0
say:1.0
terribl:1.0
game:1.0
especi:1.0
playoff:1.0
would:1.0
easi:1.0
find:1.0
scalper:1.0
outsid:1.0
igloo:1.0
sell:1.0
