mmilitzo:1.6931471805599454
scott:1.0
skidmor:2.09861228866811
edu:1.6931471805599454
matthew:1.0
militzok:1.0
subject:1.6931471805599454
nhl:1.0
playoff:1.6931471805599454
stat:2.09861228866811
score:1.6931471805599454
organ:1.0
colleg:1.0
saratoga:1.0
spring:1.0
ny:1.0
line:1.0
2:1.0
updat:1.6931471805599454
summari:1.0
e:1.0
mail:1.0
