maynard:2.09861228866811
ramsey:1.6931471805599454
c:1.6931471805599454
laurentian:2.09861228866811
ca:1.6931471805599454
roger:1.6931471805599454
subject:1.0
div:1.0
conf:1.0
name:3.302585092994046
organ:1.0
dept:1.0
comput:1.0
scienc:1.0
univers:1.0
sudburi:1.0
distribut:1.0
na:1.0
line:1.0
63:1.0
c5pdgi:1.0
ljl:1.0
news:1.0
cso:1.0
uiuc:1.6931471805599454
edu:1.6931471805599454
epritcha:1.0
psych:1.0
evan:1.0
pritchard:1.0
write:1.0
ti:1.6931471805599454
think:2.09861228866811
incorrect:1.0
patrick:1.0
smyth:2.386294361119891
adam:1.0
play:1.0
coach:1.6931471805599454
leagu:2.386294361119891
becom:1.0
front:1.0
offic:1.0
type:1.0
henc:1.6931471805599454
help:1.6931471805599454
build:1.6931471805599454
although:1.0
great:2.386294361119891
player:2.791759469228055
punch:1.0
imlach:1.0
contribut:2.09861228866811
gm:1.0
far:1.0
greater:1.0
combin:1.0
divis:2.9459101490553135
trophi:1.6931471805599454
norri:1.0
bunch:1.6931471805599454
honour:2.09861228866811
pure:1.0
power:1.0
owner:2.09861228866811
certainli:1.0
whether:1.0
develop:1.0
game:2.791759469228055
anoth:1.0
question:1.0
altogeth:1.0
go:1.6931471805599454
evolut:1.0
glori:1.0
sport:1.0
agre:1.6931471805599454
peopl:2.791759469228055
troubl:1.0
easili:1.6931471805599454
process:1.6931471805599454
fan:1.0
chang:1.0
seem:1.0
like:1.0
reason:1.0
idea:1.6931471805599454
get:1.0
arena:1.0
door:1.0
uncompl:1.0
let:1.0
realiz:1.0
hockey:2.386294361119891
teach:1.0
someth:1.0
abotu:1.0
histori:1.6931471805599454
disagre:1.0
put:2.386294361119891
rather:1.6931471805599454
succinctli:1.0
aforemen:1.0
tion:1.0
use:1.0
make:2.386294361119891
money:2.6094379124341005
imagin:1.0
pocklington:1.0
ballard:1.6931471805599454
green:1.0
tno:1.0
would:2.386294361119891
want:1.0
see:1.0
say:1.6931471805599454
asshol:2.09861228866811
nhl:1.0
manag:1.6931471805599454
fallaci:1.0
conn:1.0
exampl:1.0
classi:1.6931471805599454
individu:1.6931471805599454
heard:1.6931471805599454
major:1.0
definit:1.0
littl:1.6931471805599454
origin:1.0
phrase:1.0
beat:1.6931471805599454
em:1.6931471805599454
alley:1.0
ice:2.09861228866811
chanc:1.0
cherri:1.0
talso:1.0
point:1.6931471805599454
profession:1.0
involv:1.0
includ:1.0
might:1.0
made:1.0
much:1.0
due:1.0
ad:1.0
insult:1.0
form:1.0
lesser:1.0
recognit:1.0
injuri:1.0
le:1.0
deserv:1.0
issu:1.0
irrelev:1.0
exactli:1.0
true:1.0
kind:1.0
nepot:1.0
stein:1.0
hall:1.0
fame:1.0
alway:1.6931471805599454
thought:1.0
nonsens:1.0
cordial:1.0
mani:1.0
moron:1.0
rm:1.0
time:1.0
