rrmadiso:1.6931471805599454
undergrad:1.0
math:1.0
uwaterloo:1.6931471805599454
ca:1.6931471805599454
chuck:1.0
subject:1.0
correct:2.386294361119891
playoff:1.0
predict:1.6931471805599454
organ:1.0
univers:1.0
waterloo:1.0
line:1.0
29:1.0
everyon:1.0
read:1.0
alreadi:1.0
sent:1.0
plea:1.6931471805599454
patrick:1.6931471805599454
divis:1.6931471805599454
would:1.0
like:1.0
midnight:1.0
monday:1.0
time:1.0
may:1.0
need:1.0
game:1.0
3:1.0
pittsburgh:1.0
v:1.6931471805599454
new:1.6931471805599454
jersey:1.0
4:1.6931471805599454
york:1.0
island:1.0
washington:1.0
10:1.0
winner:2.09861228866811
13:1.0
wale:1.0
confer:1.0
15:1.0
stanley:1.0
cup:1.0
forward:1.0
richard:1.0
madison:1.0
napier:1.0
1st:1.0
rd:1.0
tpen:1.6931471805599454
isl:1.0
tdevil:1.0
cap:1.0
6:1.0
2nd:1.0
devil:1.0
7:1.0
