organ:1.0
central:1.0
michigan:1.0
univers:1.0
martin:1.0
hill:1.0
32gfkkh:1.0
cmuvm:1.0
csv:1.0
cmich:1.0
edu:1.0
subject:1.0
colleg:1.6931471805599454
hockey:1.6931471805599454
star:1.6931471805599454
game:2.09861228866811
line:1.0
3:1.0
anybodi:1.0
know:1.0
detail:1.0
shriner:1.0
featur:1.0
best:1.0
senior:1.0
orono:1.0
main:1.0
plea:1.0
repli:1.0
