kkeller:1.0
mail:2.09861228866811
sa:2.09861228866811
upenn:2.09861228866811
edu:2.09861228866811
keith:2.09861228866811
keller:2.09861228866811
subject:1.0
playoff:1.0
pool:1.6931471805599454
updat:1.0
organ:1.0
univers:1.0
pennsylvania:1.0
school:1.0
art:1.0
scienc:1.0
line:1.0
44:1.0
nntp:1.0
post:1.0
host:1.0
well:1.6931471805599454
compil:1.0
statist:1.6931471805599454
entri:1.0
unoffici:1.0
52:1.0
entrant:1.0
stat:1.0
team:1.0
pick:2.6094379124341005
win:1.0
pittsburgh:2.386294361119891
t34:1.0
1:2.9459101490553135
sweep:1.0
14:1.0
5:2.386294361119891
15:1.0
6:3.0794415416798357
4:1.6931471805599454
7:2.6094379124341005
boston:1.6931471805599454
t6:1.6931471805599454
detroit:2.6094379124341005
t4:1.6931471805599454
3:1.0
montreal:1.0
t2:2.386294361119891
toronto:1.6931471805599454
roger:1.0
calgari:1.6931471805599454
t1:2.791759469228055
quebec:1.6931471805599454
vancouv:1.6931471805599454
washington:1.0
hell:1.0
anybodi:1.0
chicago:2.386294361119891
nobodi:1.0
got:1.6931471805599454
absolut:1.0
odd:1.0
loser:1.0
t20:1.0
t16:1.0
lo:1.6931471805599454
angel:1.6931471805599454
twhat:1.0
mind:1.0
good:1.0
luck:2.09861228866811
need:1.0
consensu:1.0
winner:1.0
stanley:1.0
cup:1.0
beat:1.0
game:1.0
haha:1.0
happen:1.0
said:1.0
everi:1.0
one:1.0
come:1.0
true:1.0
lose:1.0
final:1.0
tough:1.6931471805599454
picket:1.0
ya:1.0
geniu:1.0
tlet:1.6931471805599454
go:1.6931471805599454
ranger:1.0
quaker:1.0
tkkeller:1.0
tivi:1.0
leagu:1.0
champ:1.0
cow:1.0
vegetarian:1.0
dish:1.0
1993:1.0
