gballent:1.6931471805599454
hudson:2.09861228866811
uvic:2.09861228866811
ca:2.09861228866811
greg:1.0
ballentin:1.0
subject:1.0
wing:1.6931471805599454
win:2.386294361119891
nntp:1.0
post:1.0
host:1.0
repli:1.0
organ:1.0
univers:1.0
victoria:1.6931471805599454
bc:1.0
canada:1.0
line:1.0
25:1.0
articl:1.0
735249453:1.0
vela:1.6931471805599454
ac:1.6931471805599454
oakland:1.6931471805599454
edu:1.6931471805599454
ragraca:1.0
randi:1.0
graca:1.0
write:1.0
also:1.0
think:1.6931471805599454
hard:1.0
time:1.0
pittsburgh:1.0
face:1.0
final:1.0
detroit:1.0
sportswrit:1.0
predict:1.0
although:1.0
bryan:2.09861228866811
murray:2.791759469228055
probabl:1.0
best:2.09861228866811
gm:2.9459101490553135
ever:1.6931471805599454
seen:2.09861228866811
hockey:2.09861228866811
figur:1.0
took:1.0
pretti:1.6931471805599454
good:2.09861228866811
team:2.386294361119891
contend:1.6931471805599454
stanley:2.09861228866811
cup:2.09861228866811
look:1.6931471805599454
unlik:1.6931471805599454
truli:1.0
great:1.0
would:1.0
abl:1.0
make:1.0
move:1.0
push:1.6931471805599454
upper:1.0
echelon:1.0
nhl:1.0
mayb:1.0
like:1.0
maintain:1.0
success:1.0
next:1.0
level:1.0
histori:1.0
sever:1.0
better:1.0
way:1.0
mani:1.0
name:1.0
even:1.0
leagu:1.0
today:1.0
fail:1.0
comparison:1.0
sinden:1.0
sather:1.0
savard:1.0
caron:1.0
fletcher:1.0
quinn:1.0
estim:1.0
imagin:1.0
anyon:1.0
unless:1.0
gregmeist:1.0
