rrmadiso:1.6931471805599454
undergrad:1.0
math:1.0
uwaterloo:1.6931471805599454
ca:1.6931471805599454
chuck:1.0
subject:1.0
playoff:1.0
predict:1.6931471805599454
organ:1.0
univers:1.0
waterloo:1.0
line:1.0
32:1.0
tri:1.0
laugh:1.6931471805599454
hyster:1.0
somebodi:1.6931471805599454
save:1.0
win:1.0
pool:1.0
prize:1.0
love:1.0
brag:1.0
right:1.0
winner:1.0
take:1.0
also:1.0
sort:1.0
score:1.0
system:1.0
let:1.0
know:1.0
think:1.0
1:1.6931471805599454
1st:1.0
round:1.0
victori:1.0
2:1.6931471805599454
second:1.0
3:1.6931471805599454
3rd:1.0
4:1.6931471805599454
4th:1.0
may:1.0
get:1.0
alot:1.0
tie:1.0
idea:1.0
buffalo:1.0
montreal:2.386294361119891
pittsburgh:1.6931471805599454
washington:1.0
5:1.0
chicago:2.09861228866811
6:1.0
toronto:1.0
7:1.0
winnipeg:1.6931471805599454
8:1.0
lo:1.0
angel:1.0
9:1.0
10:1.0
11:1.0
12:1.0
13:1.0
14:1.0
15:1.0
richard:1.0
madison:1.0
napier:1.0
