igor:1.0
pravda:1.0
tse:1.0
su:1.0
subject:1.0
broadcast:1.0
wc:1.0
origin:1.0
tervo:1.0
messi:1.0
uku:1.0
fi:1.0
organ:1.0
central:1.0
red:1.6931471805599454
armi:1.0
soviet:1.0
union:1.0
line:1.0
9:1.0
german:1.0
satellit:1.0
channel:1.0
show:1.0
world:1.6931471805599454
championship:1.0
action:1.0
dusseldorf:1.0
munich:1.0
someon:1.0
plea:1.0
tell:1.0
must:1.0
abl:1.0
root:1.0
machin:1.0
thank:1.0
russian:1.0
titl:1.0
nordiqu:1.0
cup:1.0
