kkeller:1.0
mail:2.09861228866811
sa:2.09861228866811
upenn:2.09861228866811
edu:2.09861228866811
keith:1.6931471805599454
keller:1.6931471805599454
subject:1.0
playoff:1.0
pool:1.0
rule:1.6931471805599454
entri:2.09861228866811
form:2.09861228866811
organ:1.0
univers:1.0
pennsylvania:1.0
school:1.0
art:1.0
scienc:1.0
line:1.0
39:1.0
nntp:1.0
post:2.386294361119891
host:1.0
well:1.6931471805599454
tent:1.6931471805599454
anyway:1.6931471805599454
cours:1.0
sinc:1.0
season:1.6931471805599454
entir:1.0
care:1.0
real:1.0
hockey:1.0
start:1.0
deal:1.0
email:1.0
prefer:1.0
predict:1.0
number:1.0
game:3.6390573296152584
think:1.0
seri:2.09861228866811
go:2.09861228866811
round:3.0794415416798357
weight:1.0
stanley:2.6094379124341005
cup:2.6094379124341005
final:1.0
import:2.09861228866811
earli:1.0
still:1.0
score:1.6931471805599454
pick:3.9444389791664403
1st:2.09861228866811
winner:2.791759469228055
way:2.386294361119891
2:1.6931471805599454
point:3.70805020110221
within:2.386294361119891
one:2.386294361119891
3:1.6931471805599454
5:1.6931471805599454
2nd:2.09861228866811
4:1.6931471805599454
6:1.6931471805599454
confer:2.09861228866811
champ:2.9459101490553135
9:1.0
8:1.0
10:1.0
14:1.0
loser:1.6931471805599454
7:2.386294361119891
goe:1.0
decid:1.0
ot:1.0
last:1.0
two:1.0
sympathi:1.0
probabl:2.09861228866811
happen:1.0
obvious:1.0
champion:1.0
test:1.0
see:1.6931471805599454
format:1.0
fair:1.0
lazi:1.0
modifi:1.0
like:1.0
get:1.0
long:1.0
next:1.0
tlet:1.6931471805599454
ranger:1.0
quaker:1.0
tkkeller:1.0
tivi:1.0
leagu:1.0
want:1.0
opinion:1.0
give:1.0
