dale:2.6094379124341005
odi:1.6931471805599454
c:2.386294361119891
mun:1.6931471805599454
ca:2.09861228866811
fraser:1.6931471805599454
subject:1.0
ahl:1.0
news:2.386294361119891
st:2.09861228866811
john:2.09861228866811
part:1.0
xxxviii:1.0
organ:1.0
dept:1.0
memori:1.6931471805599454
univers:1.6931471805599454
newfoundland:1.6931471805599454
line:1.0
49:1.0
brifre1:1.0
ac:1.0
dal:1.0
write:1.6931471805599454
articl:1.0
1993apr13:1.0
132906:1.0
1827:1.0
clarkson:1.6931471805599454
edu:1.6931471805599454
farenebt:1.0
craft:1.0
camp:1.0
droopi:1.0
pete:1.0
raymond:1.0
email:1.0
piec:1.0
info:1.0
sure:1.6931471805599454
game:2.6094379124341005
7:1.0
intent:1.0
unintent:1.0
omit:1.0
ie:1.0
date:1.6931471805599454
set:1.0
bri:1.0
begin:1.0
quot:1.0
materi:1.0
moncton:2.386294361119891
win:1.0
friday:1.0
night:1.0
halifax:2.9459101490553135
elimin:1.0
thu:1.0
make:1.6931471805599454
home:1.6931471805599454
first:1.0
round:1.0
play:1.0
off:1.0
wil:1.0
take:1.0
place:1.0
tapril:2.6094379124341005
14:1.0
metro:2.09861228866811
center:2.09861228866811
leaf:2.09861228866811
april:1.0
17:1.0
21:1.0
23:1.0
26:1.0
30:1.0
least:1.0
resid:1.0
dream:1.0
come:1.0
true:1.0
favorit:1.0
nhl:1.0
team:1.6931471805599454
know:1.0
say:1.0
even:1.0
better:1.6931471805599454
citadel:1.0
playoff:1.0
quebec:1.0
farm:1.0
care:1.0
way:1.0
nfld:1.0
fan:1.0
asn:2.09861228866811
carri:2.09861228866811
stupid:1.0
heard:1.0
local:1.0
cabl:1.6931471805599454
station:1.0
9:1.0
live:1.0
hey:1.0
noth:1.0
go:1.6931471805599454
sex:1.0
popular:1.0
easi:1.0
see:1.0
contain:1.0
sodium:1.0
undergrad:1.0
class:1.0
92:1.0
cholesterol:1.0
free:1.0
shelbi:1.0
friedman:1.0
blue:1.0
jay:1.0
1992:1.0
world:1.0
seri:1.0
champ:1.0
opinion:1.0
express:1.0
belong:1.0
institut:1.0
