max:2.09861228866811
maxim:1.6931471805599454
rinaco:1.6931471805599454
msk:1.6931471805599454
su:1.6931471805599454
subject:1.0
test:2.09861228866811
messag:1.6931471805599454
distribut:1.0
world:1.0
organ:1.0
home:1.0
repli:1.0
keyword:1.0
line:1.0
2:1.0
