fmsalvat:2.386294361119891
eo:2.6094379124341005
ncsu:2.386294361119891
edu:2.791759469228055
frank:2.09861228866811
micha:1.6931471805599454
salvator:2.09861228866811
subject:1.0
get:1.0
real:1.0
cap:2.09861228866811
chanc:1.0
origin:1.0
c00532:1.0
106p:1.0
repli:1.0
organ:1.0
north:1.0
carolina:1.0
state:1.0
univers:1.0
project:1.0
line:1.0
15:1.0
articl:1.0
1993apr15:1.0
162719:1.0
staff:1.6931471805599454
dcc:1.6931471805599454
upenn:1.6931471805599454
filinuk:1.6931471805599454
geoff:1.0
write:1.0
tanyon:1.0
realli:1.0
believ:1.0
beat:1.0
pen:2.09861228866811
kid:1.0
may:1.6931471805599454
loo:1.6931471805599454
one:2.09861228866811
game:2.09861228866811
playoff:1.6931471805599454
let:1.0
honest:1.0
put:1.0
definit:1.0
lose:1.0
rememb:1.0
regular:1.0
season:1.0
mean:1.0
much:1.0
come:1.0
time:1.0
shot:1.0
least:1.0
flyer:1.0
sure:1.0
