cdkaupan:2.386294361119891
eo:2.6094379124341005
ncsu:2.386294361119891
edu:2.386294361119891
carl:1.6931471805599454
david:2.09861228866811
kaupang:2.09861228866811
subject:1.0
stop:1.6931471805599454
predict:2.09861228866811
origin:1.0
c00544:1.0
106p:1.0
repli:1.0
organ:1.0
north:1.0
carolina:1.0
state:1.0
univers:1.0
project:1.0
line:1.0
10:1.0
realli:1.6931471805599454
annoy:1.0
see:1.0
net:1.0
care:1.0
think:1.0
win:1.6931471805599454
plea:1.0
know:1.0
cap:1.0
go:1.6931471805599454
cup:1.0
let:1.0
