dmjewlal:1.0
chemic:1.0
watstar:1.0
uwaterloo:1.0
ca:2.6094379124341005
derrick:1.6931471805599454
jewlal:1.6931471805599454
subject:1.6931471805599454
plu:2.09861228866811
minu:2.09861228866811
stat:1.6931471805599454
line:1.0
45:1.0
organ:1.0
univers:1.0
waterloo:1.6931471805599454
articl:1.0
1993apr14:1.0
174828:1.0
13445:1.0
ramsey:2.386294361119891
c:2.386294361119891
laurentian:2.386294361119891
maynard:2.9459101490553135
roger:2.386294361119891
write:1.6931471805599454
date:1.0
wed:1.0
14:1.0
apr:1.0
1993:1.0
17:1.0
48:1.0
28:1.0
gmt:1.0
dreier:2.09861228866811
93apr14092901:1.0
jacobi:1.6931471805599454
berkeley:1.6931471805599454
edu:1.6931471805599454
roland:1.0
selann:1.0
7:1.0
lead:1.0
jet:1.0
teppo:1.0
numminen:1.0
4:1.0
think:1.0
better:2.09861228866811
defens:2.09861228866811
ron:1.0
franci:1.6931471805599454
penguin:1.0
5:1.0
although:1.0
97:1.0
point:1.6931471805599454
jaromir:1.0
jagr:1.6931471805599454
87:1.0
30:1.0
realli:1.0
exactli:1.0
interpret:1.0
fact:1.0
mario:1.6931471805599454
lemieux:1.6931471805599454
far:1.6931471805599454
highest:1.0
leagu:2.09861228866811
get:1.6931471805599454
selk:2.09861228866811
well:1.0
ross:1.0
measur:1.6931471805599454
alon:1.6931471805599454
attempt:1.0
player:2.791759469228055
total:1.6931471805599454
contribut:1.0
team:1.6931471805599454
effort:1.0
certainli:1.0
perfect:1.0
post:1.6931471805599454
never:1.0
impli:1.0
otherwis:1.0
suggest:1.0
indic:1.0
effect:1.6931471805599454
examin:1.0
context:1.0
perform:1.0
mere:1.0
score:1.0
doug:1.6931471805599454
gilmour:1.0
would:1.0
rather:1.0
ice:1.0
situat:1.0
enforc:1.0
obvi:1.0
ousli:1.0
game:1.0
use:1.0
call:1.0
bob:1.6931471805599454
gainey:1.6931471805599454
award:2.386294361119891
came:1.0
result:1.0
statement:1.0
made:1.0
anatoli:1.0
tarasov:1.6931471805599454
best:1.0
hockey:1.0
world:1.0
sure:1.0
either:1.0
misquot:1.0
origin:1.0
tini:1.0
bit:1.0
much:1.0
vodka:1.0
toy:1.0
report:1.0
event:1.0
nhl:1.0
decid:1.0
honour:1.0
one:1.6931471805599454
dimension:1.0
checker:1.0
along:1.0
dimen:1.0
sional:1.0
scorer:1.0
mayb:1.0
start:1.0
gil:1.0
mour:1.0
anual:1.0
round:1.0
cordial:1.0
alway:1.0
rm:1.0
tannoy:1.0
fan:1.0
34:1.0
laurel:1.0
st:1.0
apt:1.0
1:1.0
747:1.0
4804:1.0
