stamber:2.09861228866811
rainbow:1.0
ecn:1.0
purdu:2.09861228866811
edu:2.09861228866811
kevin:1.6931471805599454
l:1.6931471805599454
subject:1.0
radio:1.6931471805599454
station:2.09861228866811
organ:1.0
univers:1.6931471805599454
engin:1.0
comput:1.0
network:1.0
line:1.0
31:1.0
articl:1.0
ragraca:1.6931471805599454
735252641:1.0
vela:1.6931471805599454
ac:1.6931471805599454
oakland:1.6931471805599454
randi:1.6931471805599454
graca:1.0
write:1.6931471805599454
greania:1.6931471805599454
texa:1.0
mitr:1.0
org:1.0
steve:1.0
ti:1.0
cabl:1.0
night:1.0
cap:1.0
play:1.6931471805599454
would:1.0
like:1.0
tune:1.0
game:2.791759469228055
anyon:1.0
list:1.0
broadcast:2.386294361119891
nhl:1.0
team:1.6931471805599454
tthank:1.0
advanc:1.0
give:1.0
coupl:1.6931471805599454
detroit:1.0
wjr:1.0
760:1.0
least:1.0
first:1.6931471805599454
wing:1.0
toronto:1.0
seri:1.0
sinc:1.0
50000:1.0
watt:1.6931471805599454
may:1.0
abl:1.0
pick:1.0
dark:1.0
pittsburgh:1.0
penguin:1.6931471805599454
use:1.0
kdka:1.6931471805599454
1020:1.0
know:1.0
whether:1.0
pre:1.0
empt:1.0
basebal:1.6931471805599454
move:1.0
anoth:1.0
tri:1.0
local:1.0
time:1.0
anyway:1.0
right:1.6931471805599454
pirat:1.0
split:1.0
probabl:1.0
50:2.09861228866811
conflict:1.0
preempt:1.0
check:1.0
102:1.0
5:1.0
wdve:1.0
fm:1.0
dve:1.0
also:1.0
000:1.0
funni:1.0
sig:1.0
today:1.0
