ayari:2.386294361119891
judikael:1.0
loria:2.09861228866811
fr:2.09861228866811
iskand:1.6931471805599454
subject:1.0
nhlpa:1.6931471805599454
poll:1.6931471805599454
stat:1.0
3rd:1.6931471805599454
uptad:1.6931471805599454
organ:1.0
crin:1.0
inria:1.0
lorrain:1.0
line:1.0
54:1.0
stand:1.0
39:1.0
vote:2.09861228866811
5:2.9459101490553135
point:2.09861228866811
1st:1.0
4:2.386294361119891
2nd:1.0
1:2.791759469228055
5th:1.0
ea:1.0
game:1.6931471805599454
det:1.0
102:1.0
2:2.09861228866811
chi:1.0
97:1.0
3:2.6094379124341005
ny:1.0
74:1.0
van:1.0
73:1.0
mtl:1.0
69:1.0
6:1.0
pit:1.0
33:1.0
7:1.6931471805599454
wsh:1.0
29:1.0
8:1.6931471805599454
bo:1.0
21:1.6931471805599454
9:1.6931471805599454
asw:1.0
16:1.0
10:1.6931471805599454
cgi:1.0
11:1.0
que:1.0
12:1.0
ase:1.0
13:1.0
wpg:1.0
14:1.0
la:1.0
otw:1.0
stl:1.0
tor:1.0
18:1.0
buf:1.0
phi:1.0
tbi:1.0
sj:1.0
22:1.0
min:1.0
atlanta:1.0
win:1.0
turner:1.0
cup:1.0
person:1.0
24:1.0
edm:1.0
0:2.386294361119891
htf:1.0
li:1.0
nj:1.0
team:1.0
continu:1.0
send:1.0
format:1.0
april:1.0
20th:1.0
approxim:1.0
keyword:1.0
email:1.0
ou:1.0
