arsenaul:1.0
ere:1.0
umontr:1.0
ca:1.0
arsenault:1.6931471805599454
michel:1.6931471805599454
subject:1.0
look:1.6931471805599454
boxscor:1.6931471805599454
organ:1.0
universit:1.0
de:1.0
montreal:1.0
distribut:1.0
na:1.0
line:1.0
5:1.0
84:1.0
nhl:1.0
team:1.0
person:1.0
research:1.0
someon:1.0
help:1.0
