lli:2.09861228866811
c:2.09861228866811
cmu:2.09861228866811
edu:2.6094379124341005
lori:1.6931471805599454
iannamico:1.0
subject:1.0
pen:2.09861228866811
playoff:1.6931471805599454
radio:2.9459101490553135
coverag:1.0
station:2.386294361119891
keyword:1.0
kdka:2.791759469228055
wdve:2.386294361119891
kbl:2.386294361119891
nntp:1.0
post:1.6931471805599454
host:1.0
mach:1.0
organ:1.0
school:1.0
comput:1.0
scienc:1.0
carnegi:1.0
mellon:1.0
line:1.0
42:1.0
articl:1.0
ragraca:1.6931471805599454
735252641:1.0
vela:1.6931471805599454
ac:1.6931471805599454
oakland:1.6931471805599454
randi:1.0
graca:1.0
write:1.6931471805599454
greania:1.6931471805599454
texa:1.0
mitr:1.0
org:1.0
steve:1.0
give:1.0
coupl:1.6931471805599454
detroit:1.0
wjr:1.0
760:1.0
broadcast:2.6094379124341005
least:1.0
first:1.0
game:3.3978952727983707
wing:1.0
toronto:1.0
seri:1.0
sinc:1.0
50000:1.0
watt:1.0
may:1.0
abl:1.0
pick:1.0
dark:1.0
pittsburgh:1.0
penguin:2.09861228866811
use:1.0
1020:1.6931471805599454
know:1.0
whether:1.0
pre:1.0
empt:1.0
basebal:1.6931471805599454
move:1.0
anoth:1.0
tri:1.0
local:1.0
team:2.09861228866811
play:2.09861228866811
time:1.6931471805599454
anyway:1.0
accord:1.0
morn:1.0
gazett:1.0
carri:2.386294361119891
unless:1.0
pirat:1.6931471805599454
102:1.0
5:1.0
fm:1.0
12:1.6931471805599454
start:1.0
tonight:1.0
fact:1.0
season:2.09861228866811
longer:1.6931471805599454
flagship:1.6931471805599454
struck:1.0
new:1.6931471805599454
deal:1.6931471805599454
regard:1.0
tv:2.791759469228055
right:1.0
seem:1.0
like:1.6931471805599454
next:1.0
62:1.0
17:1.0
simulcast:1.6931471805599454
remain:1.0
22:1.0
well:1.0
earli:1.0
round:1.0
avail:1.0
subscript:1.0
receiv:1.0
pay:1.0
one:1.0
hook:1.0
fee:1.6931471805599454
monthli:1.0
11:1.0
dollar:1.0
also:1.0
word:1.0
announc:1.0
mike:1.0
lang:1.6931471805599454
paul:1.0
steigerwald:1.6931471805599454
contract:1.6931471805599454
expir:1.0
end:1.0
presid:1.0
bill:1.0
craig:1.0
said:1.0
hire:1.0
contact:1.0
