c5ff:1.0
jupit:1.0
sun:1.0
csd:1.0
unb:1.0
ca:1.0
cook:1.0
charli:1.0
subject:1.0
nhl:1.0
summari:1.0
par:1.0
result:1.0
game:1.0
play:2.6094379124341005
mon:1.0
april:1.0
19:1.6931471805599454
1993:1.0
organ:1.0
univers:1.0
new:1.0
brunswick:1.0
line:1.0
79:1.0
toronto:2.6094379124341005
1:5.465908118654584
3:2.9459101490553135
detroit:3.0794415416798357
4:2.791759469228055
6:2.9459101490553135
first:1.6931471805599454
period:2.791759469228055
yzerman:2.09861228866811
gallant:1.6931471805599454
ciccarelli:1.6931471805599454
48:1.0
2:3.995732273553991
cullen:2.09861228866811
clark:1.6931471805599454
gill:1.6931471805599454
10:1.6931471805599454
44:1.0
second:1.6931471805599454
sheppard:1.6931471805599454
probert:1.6931471805599454
coffey:2.09861228866811
pp:2.791759469228055
5:2.6094379124341005
04:1.0
burr:1.6931471805599454
racin:2.09861228866811
sh:1.6931471805599454
42:1.0
chiasson:1.6931471805599454
11:1.0
00:1.0
howe:1.6931471805599454
drake:2.09861228866811
14:1.0
46:1.0
7:1.6931471805599454
gilmour:1.6931471805599454
borschevski:1.6931471805599454
ellett:1.6931471805599454
59:1.0
third:1.6931471805599454
8:1.0
primeau:1.6931471805599454
9:1.6931471805599454
lefebvr:1.6931471805599454
pearson:1.6931471805599454
45:1.0
power:2.386294361119891
special:1.0
goal:1.0
total:1.0
scorer:2.386294361119891
g:2.386294361119891
pt:2.386294361119891
0:4.433987204485146
winnipeg:2.386294361119891
vancouv:2.791759469228055
adam:1.6931471805599454
linden:2.09861228866811
bure:2.09861228866811
23:1.0
craven:1.6931471805599454
murzyn:1.6931471805599454
56:1.0
steen:1.6931471805599454
shannon:1.6931471805599454
housley:1.6931471805599454
17:1.0
53:1.0
score:1.0
king:1.6931471805599454
barn:1.6931471805599454
43:1.0
courtnal:2.09861228866811
mclean:1.6931471805599454
12:1.0
16:1.0
ron:1.6931471805599454
18:1.0
31:1.0
