bks2:1.0
cbnewsi:1.0
cb:1.0
att:2.09861228866811
com:1.0
bryan:1.0
k:1.0
strous:1.0
subject:1.0
nhl:1.6931471805599454
playoff:1.6931471805599454
result:1.6931471805599454
game:1.6931471805599454
play:1.0
4:2.6094379124341005
19:2.386294361119891
93:1.6931471805599454
organ:1.0
keyword:1.0
divis:1.0
semi:1.6931471805599454
one:1.0
line:1.0
77:1.0
confer:1.0
final:1.0
best:1.0
seven:1.0
patrick:1.0
adam:1.6931471805599454
norri:1.0
smyth:1.0
nj:1.0
buf:1.0
lead:3.302585092994046
1:4.688879454113936
0:3.772588722239781
stl:1.0
win:2.09861228866811
pit:1.0
bo:1.0
chi:1.0
van:2.6094379124341005
nyi:1.0
mon:1.0
tor:2.386294361119891
la:1.0
que:1.0
det:2.9459101490553135
cal:1.0
toronto:1.6931471805599454
mapl:2.09861228866811
leaf:2.386294361119891
3:2.09861228866811
detroit:1.6931471805599454
red:1.6931471805599454
wing:2.386294361119891
seri:1.6931471805599454
6:2.386294361119891
1st:1.6931471805599454
period:2.791759469228055
yzerman:1.6931471805599454
gallant:1.0
ciccarelli:1.0
48:1.0
cullen:1.6931471805599454
clark:1.0
gill:1.0
10:2.09861228866811
44:1.0
2nd:1.6931471805599454
sheppard:1.0
probert:1.0
coffey:1.6931471805599454
pp:2.6094379124341005
5:2.6094379124341005
04:1.0
burr:1.0
racin:1.6931471805599454
sh:1.0
42:1.0
chiasson:1.0
11:1.0
00:1.0
howe:1.0
drake:1.6931471805599454
14:1.0
46:1.0
gilmour:1.0
borschevski:1.0
ellett:1.0
59:1.0
3rd:1.6931471805599454
primeau:1.0
lefebvr:1.0
pearson:1.0
7:1.6931471805599454
45:1.0
powerplay:1.6931471805599454
opportun:1.6931471805599454
tred:1.6931471805599454
2:2.386294361119891
shot:2.791759469228055
goal:1.6931471805599454
tmapl:1.0
9:2.386294361119891
23:2.09861228866811
13:1.0
8:1.0
12:2.386294361119891
33:2.386294361119891
potvin:1.0
27:1.0
save:2.386294361119891
chevelda:1.0
20:1.6931471805599454
875:1.0
winnipeg:1.6931471805599454
jet:2.09861228866811
vancouv:1.6931471805599454
canuck:1.6931471805599454
linden:1.6931471805599454
bure:1.6931471805599454
craven:1.0
murzyn:1.0
56:1.0
steen:1.0
shannon:1.0
housley:1.0
17:1.0
53:1.0
none:1.0
king:1.0
barn:1.0
43:1.0
courtnal:1.6931471805599454
mclean:1.6931471805599454
16:1.0
ron:1.0
18:1.0
31:1.0
tcanuck:1.6931471805599454
tjet:1.0
22:1.6931471805599454
essensa:1.0
29:1.0
15:1.0
918:1.0
spike:1.0
