gballent:2.09861228866811
hudson:2.386294361119891
uvic:2.386294361119891
ca:2.386294361119891
greg:1.6931471805599454
ballentin:1.6931471805599454
subject:1.0
wing:3.1972245773362196
win:2.6094379124341005
nntp:1.0
post:1.6931471805599454
host:1.0
repli:1.0
organ:1.0
univers:1.0
victoria:1.6931471805599454
bc:1.0
canada:1.0
line:1.0
67:1.0
articl:1.6931471805599454
735307970:1.0
vela:2.386294361119891
ac:2.386294361119891
oakland:2.386294361119891
edu:2.386294361119891
ragraca:1.6931471805599454
randi:1.6931471805599454
graca:1.6931471805599454
write:2.09861228866811
735249453:1.0
also:2.09861228866811
think:2.09861228866811
hard:2.09861228866811
time:2.6094379124341005
pittsburgh:1.6931471805599454
face:2.09861228866811
final:2.386294361119891
detroit:1.0
sportswrit:1.0
predict:1.0
although:1.0
bryan:1.6931471805599454
murray:3.302585092994046
probabl:1.6931471805599454
best:1.6931471805599454
gm:3.3978952727983707
ever:1.0
seen:1.0
hockey:2.386294361119891
figur:1.0
took:1.0
pretti:2.09861228866811
good:2.791759469228055
team:3.5649493574615367
contend:2.09861228866811
stanley:2.386294361119891
cup:2.6094379124341005
look:1.6931471805599454
unlik:2.09861228866811
truli:1.0
great:2.09861228866811
would:2.09861228866811
abl:1.0
make:1.6931471805599454
move:1.0
push:2.09861228866811
upper:1.0
echelon:1.0
nhl:1.6931471805599454
mayb:1.0
like:2.09861228866811
maintain:1.0
success:1.6931471805599454
next:1.6931471805599454
level:1.6931471805599454
jacqu:1.0
demer:1.6931471805599454
brought:1.6931471805599454
confer:1.6931471805599454
twice:1.0
year:2.09861228866811
back:1.0
everyon:1.0
give:2.09861228866811
100:2.09861228866811
percent:1.6931471805599454
littl:1.0
talent:2.791759469228055
yzerman:1.6931471805599454
bob:1.0
probert:1.6931471805599454
drink:1.0
problem:1.0
coupl:1.6931471805599454
decent:1.0
goaltend:1.0
hanlon:1.0
stefan:1.0
got:1.6931471805599454
hot:1.0
name:1.6931471805599454
one:2.09861228866811
player:1.0
earlier:1.0
even:1.6931471805599454
deserv:1.0
star:1.0
game:1.6931471805599454
much:1.0
le:1.0
actual:1.0
petr:1.0
klima:1.0
break:1.0
edmonton:1.0
play:1.6931471805599454
clear:1.0
simpli:1.0
superior:1.0
could:1.0
get:2.09861228866811
norri:1.0
divis:1.6931471805599454
still:1.0
weakest:1.0
past:1.0
chicago:1.0
toronto:1.0
impress:1.0
today:1.0
score:1.0
ago:1.0
devellano:1.0
coach:3.0794415416798357
ysebaert:1.0
kozlov:1.0
paul:1.0
coffey:1.0
made:2.09861228866811
definit:1.6931471805599454
posit:1.0
impact:1.0
power:1.0
especi:1.0
built:1.0
present:1.0
possibl:1.0
except:1.0
penguin:1.0
least:1.0
five:1.0
30:1.0
goal:1.0
scorer:1.0
defenseman:1.0
worth:1.0
playoff:1.6931471805599454
experi:1.0
fail:1.6931471805599454
mention:1.0
wrong:1.0
found:1.0
strong:1.0
motiv:1.6931471805599454
go:1.0
full:1.0
60:1.0
minut:1.0
everi:1.0
night:1.0
last:1.6931471805599454
run:1.6931471805599454
lose:1.6931471805599454
reflect:1.0
point:1.0
origin:1.0
outmatch:1.0
oppon:1.6931471805599454
term:1.0
anyway:1.6931471805599454
case:1.6931471805599454
struggl:1.0
indic:1.6931471805599454
done:1.0
job:1.0
build:1.0
came:1.0
gave:1.0
beaten:1.0
easili:1.0
lack:1.0
fine:1.0
never:1.0
said:1.6931471805599454
bad:1.0
mere:1.0
honor:1.0
claim:2.09861228866811
poor:1.0
intellig:1.0
enough:1.0
hire:1.0
averag:1.0
unspectacular:1.0
none:1.0
true:1.0
gregmeist:1.0
