dchhabra:1.6931471805599454
stpl:2.09861228866811
ist:2.386294361119891
ca:2.6094379124341005
deepak:1.0
chhabra:1.0
subject:1.0
nord:2.09861228866811
3:1.0
hab:2.386294361119891
2:1.6931471805599454
rob:1.6931471805599454
nntp:1.0
post:1.0
host:1.0
organ:1.0
solar:1.0
terresteri:1.0
physic:1.0
laboratori:1.0
line:1.0
66:1.0
articl:1.6931471805599454
18apr93:1.0
25909598:1.0
0086:1.0
vm1:1.0
mcgill:1.6931471805599454
jbe5:1.6931471805599454
musicb:1.0
write:1.0
aargh:1.0
paul:1.0
stewart:2.386294361119891
worst:1.6931471805599454
bias:1.0
ref:1.0
present:1.0
nhl:1.0
call:2.386294361119891
total:1.0
4:1.0
penalti:2.791759469228055
one:1.6931471805599454
nordiqu:1.6931471805599454
came:1.0
ex:1.0
look:2.09861228866811
let:2.6094379124341005
get:1.0
away:1.0
murder:1.0
patrick:1.6931471805599454
roy:2.386294361119891
reason:2.09861228866811
game:2.6094379124341005
lost:1.6931471805599454
ron:1.0
hextal:1.0
quebec:2.386294361119891
everybodi:1.0
said:1.0
would:1.6931471805599454
come:1.6931471805599454
goaltend:1.6931471805599454
key:1.6931471805599454
etc:1.6931471805599454
well:1.6931471805599454
quit:1.0
fit:1.0
montreal:1.6931471805599454
dionn:1.0
kind:1.0
cheesi:1.0
face:1.6931471805599454
liter:1.0
left:1.6931471805599454
foot:1.0
throw:1.0
elbow:1.0
blame:1.0
excus:1.0
avoid:1.6931471805599454
fact:1.0
allow:1.6931471805599454
goal:3.0794415416798357
could:1.0
possibl:1.6931471805599454
even:2.09861228866811
saw:1.0
whole:1.0
shot:1.6931471805599454
dammit:1.0
besid:1.0
thing:1.0
bit:1.0
ot:1.0
play:1.6931471805599454
solid:1.0
although:1.6931471805599454
still:1.6931471805599454
know:1.6931471805599454
clear:1.6931471805599454
traffic:1.0
front:1.0
net:1.0
loss:1.6931471805599454
schneider:1.0
hurt:1.0
normal:1.0
say:1.0
team:2.791759469228055
blow:1.0
lead:1.0
le:1.0
five:1.6931471805599454
alon:1.0
two:1.6931471805599454
minut:1.0
go:1.0
regul:1.0
time:1.6931471805599454
playoff:1.6931471805599454
especi:2.09861228866811
need:1.0
smack:1.0
upsid:1.0
collect:1.0
head:1.0
think:2.09861228866811
kean:1.0
abl:1.0
zone:1.6931471805599454
prior:1.0
first:1.6931471805599454
paid:1.0
big:1.0
money:1.0
like:1.0
player:2.09861228866811
industri:1.0
leagu:1.0
sakic:1.0
demer:1.0
start:1.0
racicot:1.0
next:1.6931471805599454
damn:1.0
read:1.0
paper:1.0
day:1.0
mayb:1.0
collaps:1.0
tie:1.0
shaki:1.0
knee:1.0
rest:1.6931471805599454
night:1.0
win:1.6931471805599454
gone:1.6931471805599454
wrap:1.0
around:1.6931471805599454
bad:1.6931471805599454
second:2.09861228866811
also:1.6931471805599454
scott:1.0
young:1.0
gotten:1.0
defend:1.0
rememb:1.0
place:1.0
correct:1.0
regardless:1.0
oh:1.6931471805599454
least:1.0
bruin:1.0
ha:1.6931471805599454
yep:1.0
moog:1.0
mogilni:1.0
imo:1.0
neeli:1.0
though:1.0
holi:1.0
shit:1.0
speak:1.0
great:1.0
man:1.6931471805599454
skate:1.0
seen:1.0
potent:1.0
rush:1.0
long:1.0
watch:1.6931471805599454
break:1.0
sundin:1.0
treat:1.0
remind:1.0
red:1.0
armi:1.0
hate:1.6931471805599454
st:1.0
loui:1.0
powerplay:1.0
cost:1.0
chicago:1.0
dearli:1.0
detroit:1.0
goe:1.0
calgari:1.0
undisciplin:1.0
marti:1.0
mcsore:1.0
wave:1.0
guy:1.0
bench:1.0
fight:1.0
someth:1.0
new:1.0
jersey:1.0
overmatch:1.0
terreri:1.0
heroic:1.0
notwithstand:1.0
mario:1.0
unbeliev:1.0
jagr:1.0
show:1.0
anyway:1.0
piss:1.0
fan:1.0
