au021:1.0
cleveland:1.6931471805599454
freenet:1.0
edu:1.6931471805599454
roland:2.09861228866811
behunin:2.386294361119891
subject:1.0
anybodi:1.6931471805599454
schedul:2.09861228866811
game:2.9459101490553135
sunday:2.386294361119891
25:1.6931471805599454
apr:1.6931471805599454
93:1.0
organ:1.0
case:1.0
western:1.0
reserv:1.0
univers:1.0
ohio:1.0
usa:1.0
line:1.0
31:1.0
nntp:1.0
post:1.0
host:1.0
hela:1.0
in:1.0
cwru:1.0
hello:1.0
hockey:2.386294361119891
fan:1.0
bonjour:1.0
tout:1.0
le:1.0
mond:1.0
well:1.0
salt:1.0
lake:1.0
citi:1.0
past:1.0
local:1.0
abc:1.6931471805599454
station:1.0
decid:1.0
televis:1.0
la:2.09861228866811
directr:1.0
de:1.6931471805599454
programm:1.0
est:1.0
tete:1.0
merd:1.0
anyway:1.0
satellit:1.0
dish:1.6931471805599454
friend:1.0
invit:1.0
watch:1.0
come:1.6931471805599454
find:1.0
correct:1.0
time:1.6931471805599454
calgari:1.0
show:1.0
everyth:1.0
11:1.6931471805599454
00:2.386294361119891
mdt:2.09861228866811
5:1.6931471805599454
pm:2.09861228866811
even:1.0
sure:1.6931471805599454
go:1.0
play:1.0
muck:1.0
think:1.0
abl:1.0
pull:1.0
three:1.0
2:1.0
30:1.0
plea:1.0
emial:1.0
see:1.0
telent:1.0
get:1.6931471805599454
rec:1.0
sport:1.0
sometim:1.0
difficult:1.0
link:1.0
thank:1.0
advanc:1.0
merci:1.0
avanc:1.0
p:1.0
anglai:1.0
ou:1.0
francai:1.0
accord:1.0
oodis01:1.6931471805599454
af:1.6931471805599454
mil:1.6931471805599454
hill:1.0
