nlu:1.0
xenon:1.0
stanford:2.09861228866811
edu:1.6931471805599454
nelson:1.6931471805599454
lu:1.6931471805599454
subject:1.0
shark:2.791759469228055
review:1.0
part:2.09861228866811
2:2.09861228866811
defensemen:2.386294361119891
19:1.6931471805599454
organ:1.0
comput:1.0
scienc:1.0
depart:1.0
univers:1.0
line:1.0
92:3.4849066497880004
final:1.0
got:1.6931471805599454
back:2.09861228866811
great:1.0
thank:1.0
mark:1.0
spiegel:1.0
save:1.6931471805599454
send:1.0
trob:1.0
zettler:1.6931471805599454
tseason:2.791759469228055
t4th:1.0
acquir:2.791759469228055
91:3.3978952727983707
minnesota:2.09861228866811
dispers:2.09861228866811
draft:2.6094379124341005
grade:2.791759469228055
tc:1.6931471805599454
c:1.6931471805599454
gave:1.0
everi:1.0
bit:1.0
year:3.1972245773362196
unfortun:1.0
still:2.386294361119891
enough:1.0
make:2.09861228866811
margin:1.0
nhler:1.0
work:1.0
hard:1.0
sure:1.0
better:1.0
averag:1.0
defens:3.772588722239781
prone:2.09861228866811
costli:1.0
penalti:2.09861228866811
lap:1.0
time:2.09861228866811
basic:1.6931471805599454
offens:3.302585092994046
zero:1.0
0:1.0
goal:1.6931471805599454
7:1.0
assist:1.6931471805599454
79:1.0
game:3.302585092994046
would:1.6931471805599454
hardpress:1.6931471805599454
team:3.3978952727983707
next:2.09861228866811
3:1.6931471805599454
tdavid:1.0
william:1.6931471805599454
2nd:2.09861228866811
free:1.0
agent:1.0
new:1.0
jersey:1.0
imo:1.6931471805599454
valuabl:1.0
defenseman:2.791759469228055
play:3.0794415416798357
combin:1.6931471805599454
good:2.6094379124341005
25:1.6931471805599454
56:1.0
first:1.0
season:2.6094379124341005
kansa:1.0
citi:1.0
neither:1.0
appear:1.0
fluke:1.0
although:1.0
improv:2.386294361119891
toward:1.0
end:1.0
posit:1.0
demonstr:1.0
playmak:1.0
skill:1.0
made:1.6931471805599454
lead:1.0
scorer:1.6931471805599454
among:1.6931471805599454
last:1.6931471805599454
also:2.6094379124341005
4:1.0
tjayson:1.0
montreal:1.0
expans:1.0
tb:2.09861228866811
tout:1.0
top:2.09861228866811
prospect:1.0
train:1.0
camp:1.0
rather:1.0
disappoint:1.6931471805599454
particularli:1.0
17:1.0
point:2.386294361119891
46:1.0
proceed:1.0
massiv:1.0
becom:1.6931471805599454
reliabl:1.0
count:1.0
night:1.6931471805599454
steadi:1.0
provid:1.0
occasion:1.6931471805599454
flash:1.0
even:1.6931471805599454
11:1.0
73:1.0
tremend:1.0
probabl:2.09861228866811
best:1.6931471805599454
5:1.0
tneil:1.0
wilkinson:1.6931471805599454
4th:1.0
howev:1.6931471805599454
partial:1.0
injuri:2.6094379124341005
miss:1.6931471805599454
total:1.0
due:1.0
nag:1.0
knee:1.6931471805599454
seem:1.0
slow:1.0
often:1.0
partner:1.0
solid:2.09861228866811
complet:1.0
healthi:1.0
forc:1.6931471805599454
6:1.0
tsandi:1.0
ozolinsh:2.09861228866811
1st:1.6931471805599454
round:1.0
pick:1.0
entri:1.0
ti:1.0
decemb:1.0
30:1.0
philadelphia:1.0
flyer:1.0
well:1.0
track:1.0
mvp:1.0
seriou:1.0
though:1.0
rest:1.0
47:1.0
finish:1.0
23:1.0
cours:1.0
tell:1.6931471805599454
lack:1.0
abil:1.0
along:1.0
excel:1.0
suscept:1.0
call:1.0
rooki:1.6931471805599454
mistak:1.0
least:1.0
veteran:1.0
come:1.0
readi:1.0
star:1.0
tdoug:1.0
zmolek:1.6931471805599454
durabl:1.0
one:1.0
two:1.0
84:1.0
bill:1.0
show:1.0
15:1.0
229:1.0
minut:1.0
second:1.0
indic:1.0
fearli:1.0
face:1.0
tough:1.0
physic:1.6931471805599454
oppon:1.6931471805599454
fixtur:1.0
leagu:1.0
need:1.0
cut:1.0
number:1.0
power:1.0
give:1.0
go:2.09861228866811
calgari:1.0
flame:1.0
al:1.0
macinni:1.0
norri:1.0
gari:1.0
robert:1.0
hart:1.0
smyth:1.0
edmonton:1.6931471805599454
oiler:1.0
playoff:1.0
stay:1.0
claudiu:1.0
leland:1.0
rec:1.0
sport:1.0
hockey:1.0
contact:1.0
san:1.0
jose:1.0
