wangr:1.6931471805599454
rs6410:1.6931471805599454
ec:1.6931471805599454
rpi:2.09861228866811
edu:2.09861228866811
isl:1.0
fan:1.0
subject:1.0
island:1.0
sux:1.0
nntp:1.0
post:1.0
host:1.0
repli:1.0
organ:1.0
renssela:1.0
polytechn:1.0
institut:1.0
troy:1.0
ny:1.0
line:1.0
2:1.0
tneed:1.0
say:1.0
