gp2011:1.0
andi:1.0
bgsu:1.0
edu:1.0
georg:1.6931471805599454
pavlic:1.0
subject:1.0
matt:1.6931471805599454
militzok:1.0
plea:1.6931471805599454
read:1.0
organ:1.0
bowl:1.0
green:1.0
state:1.0
univers:1.0
b:1.0
g:1.0
oh:1.0
line:1.0
6:1.0
sorri:1.0
everyon:1.0
wast:1.0
space:1.0
day:1.0
post:1.0
mail:1.0
list:1.6931471805599454
playoff:1.0
stat:1.0
lost:1.0
address:1.0
put:1.0
thank:1.0
