gp2011:1.0
andi:1.0
bgsu:1.0
edu:2.386294361119891
georg:1.6931471805599454
pavlic:1.0
subject:1.0
pen:2.09861228866811
playoff:1.6931471805599454
radio:2.9459101490553135
coverag:1.0
station:2.09861228866811
organ:1.0
bowl:1.0
green:1.0
state:1.0
univers:1.0
b:1.0
g:1.0
oh:1.0
line:1.0
42:1.0
articl:1.0
c5sfjv:1.0
fa1:1.0
1:1.0
c:2.09861228866811
cmu:2.09861228866811
lli:1.6931471805599454
lori:1.6931471805599454
iannamico:1.0
wrote:1.0
accord:1.0
morn:1.0
post:1.0
gazett:1.0
carri:2.386294361119891
kdka:2.6094379124341005
1020:1.0
unless:1.0
pirat:1.6931471805599454
play:1.6931471805599454
game:3.1972245773362196
wdve:2.09861228866811
102:1.0
5:1.0
fm:1.0
12:1.6931471805599454
start:1.0
tonight:1.0
fact:1.0
season:2.09861228866811
longer:1.6931471805599454
flagship:1.6931471805599454
penguin:1.6931471805599454
kbl:2.09861228866811
struck:1.0
new:1.6931471805599454
deal:1.6931471805599454
regard:1.0
tv:2.791759469228055
right:1.0
seem:1.0
like:1.6931471805599454
next:1.0
62:1.0
17:1.0
simulcast:1.6931471805599454
remain:1.0
22:1.0
well:1.0
earli:1.0
round:1.0
avail:1.0
subscript:1.0
receiv:1.0
pay:1.0
one:1.6931471805599454
time:1.0
hook:1.0
fee:1.6931471805599454
monthli:1.0
11:1.0
dollar:1.0
also:1.0
broadcast:1.6931471805599454
team:1.6931471805599454
word:1.0
announc:1.6931471805599454
mike:1.6931471805599454
lang:1.6931471805599454
paul:1.0
steigerwald:1.6931471805599454
contract:1.6931471805599454
expir:1.0
end:1.0
presid:1.0
bill:1.0
craig:1.0
said:1.0
hire:1.0
contact:1.0
nooooooooooooooooo:1.0
mindschem:1.0
behind:1.0
ted:1.0
simmon:1.0
say:1.6931471805599454
goe:1.0
broke:1.0
fix:1.0
230:1.0
mile:1.0
home:1.6931471805599454
school:1.0
year:1.0
never:1.0
abl:1.0
pick:1.0
dve:1.6931471805599454
least:1.0
sort:1.0
make:1.0
steigi:1.0
static:1.0
may:1.0
enough:1.0
reason:1.0
transfer:1.0
duquesn:1.0
live:1.0
go:1.0
anyway:1.0
paulson:1.0
krenn:1.0
kid:1.0
