golchowi:1.6931471805599454
alchemi:1.6931471805599454
chem:1.6931471805599454
utoronto:1.6931471805599454
ca:1.6931471805599454
gerald:2.09861228866811
olchowi:1.6931471805599454
subject:1.0
wc:2.09861228866811
93:1.0
result:1.0
april:1.0
18:1.0
organ:1.0
univers:1.0
toronto:1.0
chemistri:1.0
depart:1.0
line:1.0
26:1.0
articl:1.0
1r1439:1.0
c9t:1.0
access:1.0
digex:1.0
net:1.0
steveg:1.0
cadkey:1.0
com:1.0
steve:1.0
gallichio:1.0
write:1.6931471805599454
podein:1.0
interest:1.0
case:1.6931471805599454
elig:1.0
play:2.386294361119891
cape:1.0
breton:1.0
ahl:1.0
playoff:1.6931471805599454
like:1.0
kovalev:1.6931471805599454
zubov:1.6931471805599454
andersson:1.6931471805599454
obvious:2.09861228866811
sather:1.0
pocklington:1.0
total:1.0
scroog:1.0
everyon:1.0
make:1.0
certainli:1.0
massiv:1.0
outclass:1.0
paramount:1.0
new:1.0
york:1.0
ranger:2.09861228866811
polici:1.0
regard:1.0
player:1.6931471805599454
minor:1.0
leagu:1.6931471805599454
versu:1.0
know:1.6931471805599454
hold:1.0
back:1.0
binghamton:1.0
also:1.0
whaler:2.386294361119891
want:1.6931471805599454
michael:1.0
nyland:2.09861228866811
springfield:1.6931471805599454
sweden:1.0
allow:1.0
nhl:2.6094379124341005
decid:1.0
chose:1.0
differ:1.0
oiler:1.0
go:1.0
could:1.0
forc:1.6931471805599454
ultim:1.0
team:2.09861228866811
choic:1.0
would:1.0
prefer:1.0
annoy:1.6931471805599454
european:1.0
hockey:1.0
feder:1.0
right:1.0
free:1.0
probabl:1.0
way:1.0
farm:1.0
affili:1.0
