stamber:2.09861228866811
rainbow:1.0
ecn:1.0
purdu:2.09861228866811
edu:1.0
kevin:1.6931471805599454
l:1.6931471805599454
subject:1.0
list:1.0
tee:1.0
time:1.0
metropolitan:1.0
toronto:1.0
golf:1.0
cours:1.0
monday:1.0
organ:1.0
univers:1.6931471805599454
engin:1.0
comput:1.0
network:1.0
line:1.0
6:1.0
phil:1.0
kirzyc:1.0
kielbasa:1.0
kid:1.0
roam:1.0
arena:1.0
interview:1.0
