filipow:1.0
spk:1.0
hp:1.0
com:1.0
denni:1.0
filipowski:1.0
subject:1.0
octopu:1.6931471805599454
organ:1.0
hewlett:1.0
packard:1.0
x:1.0
newsread:1.0
tin:1.0
version:1.0
1:1.6931471805599454
4:1.6931471805599454
pl6:1.0
line:1.0
detroit:1.0
game:1.0
mon:1.0
night:1.0
thrown:1.0
ice:1.6931471805599454
mean:1.0
symbol:1.0
use:1.0
throw:1.0
fish:1.0
spokan:1.0
afew:1.0
year:1.0
ago:1.0
never:1.0
knew:1.0
came:1.0
