900073:1.0
dragon:1.6931471805599454
acadiau:1.6931471805599454
ca:2.386294361119891
donald:1.6931471805599454
smith:1.6931471805599454
subject:1.0
list:1.0
tee:1.0
time:1.6931471805599454
metropolitan:1.0
toronto:1.0
golf:1.6931471805599454
cours:1.0
monday:1.0
organ:1.0
acadia:1.6931471805599454
univers:1.6931471805599454
line:1.0
17:1.0
lee139:1.6931471805599454
gaul:1.6931471805599454
csd:1.6931471805599454
uwo:1.6931471805599454
steve:2.09861228866811
lee:1.6931471805599454
write:1.6931471805599454
articl:1.0
c5spec:1.0
euc:1.0
noos:1.0
ecn:1.6931471805599454
purdu:1.6931471805599454
edu:1.6931471805599454
stamber:1.6931471805599454
rainbow:1.0
kevin:1.0
l:1.0
woop:1.0
rec:1.6931471805599454
sport:1.6931471805599454
hockey:1.0
hope:1.0
check:1.0
newsgroup:1.0
header:1.0
next:1.0
post:1.0
western:1.0
ontario:1.0
london:1.0
canada:1.0
obelix:1.0
actual:1.0
think:1.0
refer:1.0
leaf:1.0
expect:1.0
hit:1.0
green:1.0
axemen:1.0
ciau:1.0
champion:1.0
1993:1.0
