plarsen:1.6931471805599454
sanjuan:2.09861228866811
p:1.6931471805599454
allen:1.6931471805599454
larsen:1.6931471805599454
subject:1.0
canada:2.09861228866811
3:1.6931471805599454
sweden:1.6931471805599454
1:2.09861228866811
world:2.09861228866811
champioship:1.0
nntp:1.0
post:1.0
host:1.0
uvic:1.6931471805599454
ca:2.6094379124341005
organ:1.0
univers:1.6931471805599454
victoria:2.09861228866811
b:1.0
c:1.0
line:1.0
16:1.0
articl:1.0
20apr199319243244:1.0
venu:2.09861228866811
cc:2.09861228866811
hollandc:2.09861228866811
pe:2.09861228866811
white:2.09861228866811
take:1.0
babi:1.0
write:1.0
ttoday:1.0
championship:1.0
munich:1.0
score:1.6931471805599454
impress:1.0
victori:1.0
defend:1.0
champ:1.0
believ:1.0
4:1.0
rod:1.0
brind:1.0
amour:1.0
19:1.0
59:1.0
third:1.0
kevin:1.0
