vergolin:1.0
haydn:1.6931471805599454
lb:1.6931471805599454
msu:1.6931471805599454
edu:1.6931471805599454
david:1.0
vergolini:1.0
subject:1.0
probert:2.09861228866811
wendal:1.0
organ:1.0
michigan:1.0
state:1.0
univers:1.0
line:1.0
6:1.0
nntp:1.0
post:1.0
host:1.0
summari:1.0
believ:2.09861228866811
game:2.386294361119891
two:2.09861228866811
det:1.0
tor:1.0
seri:1.6931471805599454
rougher:1.6931471805599454
keyword:1.0
fight:1.6931471805599454
break:1.0
detroit:1.0
toronto:1.6931471805599454
clark:1.6931471805599454
come:1.6931471805599454
hit:1.6931471805599454
cylindar:1.0
take:1.0
except:1.0
result:1.0
know:1.6931471805599454
sound:1.0
kind:1.0
ridicul:1.0
taker:1.0
issu:1.0
