ching:1.6931471805599454
bigwpi:1.6931471805599454
wpi:2.386294361119891
edu:2.09861228866811
logistician:1.6931471805599454
subject:1.0
77:1.6931471805599454
organ:1.0
worcest:1.0
polytechn:1.0
institut:1.0
line:1.0
11:1.0
distribut:1.0
world:1.0
nntp:1.0
post:1.0
host:1.0
need:1.0
player:1.0
wear:1.0
nhl:1.0
know:1.0
one:1.0
ray:1.0
borqu:1.0
bruin:1.0
help:1.0
would:1.0
greatli:1.0
appreci:1.0
thanx:1.0
reign:1.0
suprem:1.0
go:2.6094379124341005
blue:1.0
tiger:1.0
piston:1.0
lion:1.0
red:1.0
wing:1.0
