jpc:2.386294361119891
philab:1.6931471805599454
philip:2.386294361119891
com:1.6931471805599454
john:1.6931471805599454
p:1.6931471805599454
curcio:1.6931471805599454
subject:1.0
tv:1.6931471805599454
schedul:1.6931471805599454
next:1.0
week:1.0
origin:1.0
condor:1.0
organ:1.0
laboratori:1.6931471805599454
briarcliff:1.6931471805599454
ny:1.6931471805599454
10510:1.6931471805599454
distribut:1.0
na:1.0
line:1.0
23:1.0
articl:1.0
apr16:1.0
043426:1.0
69352:1.0
yuma:1.0
acn:1.0
colost:1.6931471805599454
edu:1.6931471805599454
mmb:1.0
lamar:1.0
michael:1.0
burger:1.0
write:1.0
unit:1.0
state:1.0
april:2.791759469228055
18:2.09861228866811
devil:1.6931471805599454
island:1.6931471805599454
pittsburgh:1.6931471805599454
1:1.0
est:1.0
abc:2.09861228866811
eastern:1.0
time:2.386294361119891
zone:2.09861228866811
st:1.0
loui:1.0
chicago:1.0
12:1.6931471805599454
cdt:1.0
cent:1.0
mou:1.0
lo:1.0
angel:1.0
calgari:1.0
pdt:1.0
pacif:1.0
20:1.0
7:2.09861228866811
30:2.09861228866811
espn:2.386294361119891
22:1.0
tba:1.6931471805599454
24:1.0
anyon:1.0
know:1.0
altern:1.0
game:1.0
citi:1.0
local:1.0
broadcast:1.0
right:1.0
protect:1.0
realli:1.0
love:1.0
see:1.6931471805599454
bruin:1.6931471805599454
coupl:1.0
pro:1.0
patrick:1.0
bia:1.0
shown:1.0
someth:1.0
tell:1.0
wait:1.0
confer:1.0
final:1.0
go:1.0
345:1.0
scarborough:1.0
road:1.0
914:1.0
945:1.0
6442:1.0
manor:1.0
