yatrou:2.386294361119891
inr:1.6931471805599454
telecom:1.6931471805599454
uquebec:1.6931471805599454
ca:1.6931471805599454
paul:1.6931471805599454
subject:1.0
stop:1.6931471805599454
predict:2.09861228866811
organ:1.0
bell:1.0
northern:1.0
research:1.0
montreal:1.0
canada:1.0
line:1.0
22:1.0
1993apr16:1.0
060010:1.0
10012:1.0
ncsu:2.09861228866811
edu:2.09861228866811
cdkaupan:1.6931471805599454
eo:1.6931471805599454
carl:1.0
david:1.6931471805599454
kaupang:1.6931471805599454
write:1.0
realli:1.6931471805599454
annoy:1.0
see:1.0
net:1.0
care:1.0
think:1.0
win:1.6931471805599454
plea:1.0
know:1.0
cap:1.6931471805599454
go:1.6931471805599454
cup:1.0
let:1.0
yeah:1.0
first:1.0
deal:1.0
devil:1.0
number:1.0
year:1.6931471805599454
say:1.0
good:1.0
team:1.0
thorn:1.0
hab:1.0
side:1.0
past:1.6931471805599454
10:1.0
get:1.0
nj:1.0
run:1.0
pool:1.0
today:1.0
wish:1.0
luck:1.0
