twork:2.6094379124341005
egr:2.386294361119891
msu:2.386294361119891
edu:2.386294361119891
michael:1.6931471805599454
subject:1.0
thumb:1.0
espn:1.0
organ:1.0
michigan:1.0
state:1.0
univers:1.0
line:1.0
6:1.0
repli:1.0
nntp:1.0
post:1.0
host:1.0
frith:1.6931471805599454
istribut:1.0
origin:1.0
especi:1.0
wing:1.6931471805599454
player:1.6931471805599454
hit:1.0
rut:1.0
went:1.0
board:1.0
injur:1.0
shoulder:1.0
blot:1.0
injuri:1.0
report:1.0
yve:1.0
racin:1.0
return:1.0
later:1.0
period:1.0
mike:1.0
