cdash:2.09861228866811
moet:1.6931471805599454
c:2.386294361119891
colorado:2.791759469228055
edu:2.386294361119891
charl:1.0
shub:1.6931471805599454
subject:1.0
thumb:1.0
way:2.09861228866811
espn:2.09861228866811
keyword:1.0
basebal:2.09861228866811
goddamn:1.0
nntp:1.0
post:1.0
host:1.0
organ:1.0
univers:1.6931471805599454
spring:1.0
line:1.0
12:1.0
tuesday:1.0
isl:1.0
cap:1.0
game:1.0
go:1.0
overtim:1.0
tom:1.0
mee:1.0
say:1.6931471805599454
oblig:1.0
bring:1.0
hate:1.0
last:1.0
year:1.6931471805599454
coverag:1.0
playoff:1.0
sport:1.0
channel:1.0
america:1.0
vastli:1.0
superior:1.0
give:1.0
u:1.0
charli:1.0
719:1.0
593:1.0
3492:1.0
leav:1.0
iowa:1.0
uiowa:1.0
319:1.0
335:1.0
0739:1.0
