umturne4:1.6931471805599454
ccu:2.09861228866811
umanitoba:2.09861228866811
ca:2.09861228866811
daryl:1.6931471805599454
turner:1.6931471805599454
subject:1.0
espn:1.6931471805599454
suck:1.0
ot:1.0
basebal:1.6931471805599454
guess:1.0
nntp:1.0
post:1.0
host:1.0
organ:1.0
univers:1.0
manitoba:1.6931471805599454
winnipeg:1.6931471805599454
canada:1.0
line:1.0
10:1.0
show:1.0
meaningless:1.0
rel:1.0
game:1.6931471805599454
overtim:1.0
tie:1.0
le:1.0
3:1.0
second:1.0
left:1.0
clock:1.0
gim:1.0
break:1.0
get:1.0
brilliant:1.0
decis:1.0
r:1.0
h:1.0
contact:1.0
jet:2.09861228866811
internet:1.0
fidonet:1.0
1:1.6931471805599454
348:2.09861228866811
701:1.0
4:1.0
plea:1.0
rout:1.0
700:1.0
tkachuk:1.0
zhamnov:1.0
sel:1.6931471805599454
nne:1.6931471805599454
shoot:1.0
score:1.0
win:1.6931471805599454
cup:1.6931471805599454
essensa:1.0
vezina:1.0
housley:1.0
norri:1.0
calder:1.0
