patrick:1.6931471805599454
walker:1.6931471805599454
f1hh:1.0
unb:1.0
ca:1.0
subject:1.0
guy:1.0
bad:1.0
mouth:1.0
ulf:1.6931471805599454
line:1.0
16:1.0
organ:1.0
univers:1.6931471805599454
new:1.6931471805599454
brunswick:1.6931471805599454
ditto:1.0
allow:1.0
peopl:1.6931471805599454
like:1.6931471805599454
continu:1.0
shame:1.0
say:1.6931471805599454
cheap:1.0
shot:1.0
draw:1.0
penalti:1.0
fake:1.0
ing:1.0
part:1.0
game:1.0
bullsh:1.0
ever:1.0
tri:1.0
yzerman:1.0
would:1.0
deal:1.0
probert:1.0
even:1.0
retaliatori:1.0
way:1.0
one:1.0
could:1.0
justifi:1.0
fool:1.0
canada:1.0
detroit:1.0
fan:1.0
extraordinair:1.0
