holger:2.9459101490553135
ohlwein:2.791759469228055
ap:2.09861228866811
mchp:2.09861228866811
sni:2.09861228866811
de:2.09861228866811
subject:1.0
canada:2.386294361119891
3:1.6931471805599454
sweden:2.09861228866811
1:2.09861228866811
world:2.09861228866811
champioship:1.0
repli:1.0
organ:1.0
siemen:1.0
nixdorf:1.0
informationssystem:1.0
ag:1.0
line:1.0
16:1.6931471805599454
nntp:1.0
post:1.6931471805599454
host:1.0
139:1.0
21:1.0
6:1.6931471805599454
articl:1.0
20apr199319243244:1.0
venu:1.6931471805599454
cc:1.6931471805599454
hollandc:1.6931471805599454
pe:1.6931471805599454
ca:1.6931471805599454
white:1.0
take:1.0
babi:1.0
write:1.0
ttoday:1.0
championship:1.0
munich:1.6931471805599454
score:1.0
impress:1.0
victori:1.0
defend:1.0
champ:1.0
game:1.6931471805599454
seen:1.0
yesterday:1.0
olympiahal:1.0
4:1.0
last:1.0
goal:1.0
19:1.0
59:1.0
3rd:1.0
period:1.0
mayb:1.0
go:1.0
get:1.0
anoth:1.0
beer:1.0
imaginari:1.0
result:1.0
e:1.6931471805599454
n:1.6931471805599454
ap153:1.0
otto:1.0
hahn:1.0
ring:1.0
8000:1.0
muenchen:1.0
83:1.0
tel:1.0
49:1.0
89:1.0
636:1.0
3746:1.0
email:1.0
x:1.0
r:1.0
f:1.0
never:1.0
put:1.0
till:1.0
tomorrow:1.0
avoid:1.0
togeth:1.0
