cain:1.6931471805599454
uxa:1.0
cso:1.0
uiuc:1.0
edu:1.0
lord:1.0
vader:1.0
subject:1.0
trivia:1.0
hab:1.6931471805599454
organ:1.0
univers:1.0
illinoi:1.0
urbana:1.0
line:1.0
7:1.0
ok:1.0
sure:1.0
ask:1.0
100:1.0
time:1.0
wonder:1.0
sinc:1.0
heard:1.0
hell:1.0
nicknam:1.0
come:1.0
montreal:1.0
canadien:1.0
thank:1.0
advanc:1.0
schneider:1.0
