c5ff:1.0
jupit:1.0
sun:1.6931471805599454
csd:1.0
unb:1.0
ca:1.0
cook:1.0
charli:1.0
subject:1.0
nhl:1.0
summari:1.0
par:1.0
result:1.0
game:1.0
play:3.5649493574615367
april:1.0
18:2.386294361119891
1993:1.0
organ:1.0
univers:1.0
new:2.791759469228055
brunswick:1.0
line:1.0
219:1.0
jersey:2.6094379124341005
1:6.293304824724492
0:5.499809670330265
2:5.143134726391533
3:4.526360524616162
pittsburgh:3.0794415416798357
6:3.302585092994046
first:2.791759469228055
period:3.8903717578961645
tocchet:1.6931471805599454
steven:2.791759469228055
lemieux:2.6094379124341005
pp:3.5649493574615367
40:1.6931471805599454
barr:1.6931471805599454
guerin:1.6931471805599454
holik:1.6931471805599454
24:1.0
jagr:2.386294361119891
ramsey:2.09861228866811
9:2.791759469228055
33:1.0
second:2.791759469228055
4:3.772588722239781
murphi:1.6931471805599454
11:2.6094379124341005
5:3.4849066497880004
franci:1.6931471805599454
mullen:1.6931471805599454
12:2.6094379124341005
57:1.0
tippett:1.6931471805599454
mceachern:1.6931471805599454
17:2.09861228866811
13:1.6931471805599454
third:2.791759469228055
7:3.0794415416798357
samuelsson:1.6931471805599454
8:3.302585092994046
35:1.0
niedermay:2.09861228866811
driver:1.6931471805599454
48:1.6931471805599454
semak:1.6931471805599454
56:1.6931471805599454
power:3.4849066497880004
scorer:3.4849066497880004
g:3.4849066497880004
pt:3.4849066497880004
st:2.791759469228055
loui:2.791759469228055
chicago:2.6094379124341005
noonan:2.386294361119891
larmer:1.6931471805599454
brown:2.791759469228055
shanahan:2.09861228866811
emerson:2.09861228866811
roenick:1.6931471805599454
chelio:1.6931471805599454
matteau:1.6931471805599454
sutter:1.6931471805599454
51:1.0
felsner:1.6931471805599454
mcrae:1.6931471805599454
janney:1.6931471805599454
49:1.6931471805599454
hull:2.09861228866811
29:1.0
lo:3.0794415416798357
angel:3.0794415416798357
calgari:2.6094379124341005
sydor:2.09861228866811
gretzki:1.6931471805599454
sandstrom:2.09861228866811
16:1.6931471805599454
suter:1.6931471805599454
fleuri:1.6931471805599454
sh:1.6931471805599454
carson:2.09861228866811
shuchuk:1.6931471805599454
huddi:1.6931471805599454
taylor:1.6931471805599454
rychel:1.6931471805599454
37:1.0
mcsorley:1.6931471805599454
unassist:2.09861228866811
36:1.0
millen:1.6931471805599454
granato:1.6931471805599454
donnelli:1.6931471805599454
06:1.0
dahlquist:1.6931471805599454
otto:1.6931471805599454
23:1.0
yawney:1.6931471805599454
macinni:1.6931471805599454
reichel:1.6931471805599454
47:1.0
robitail:1.6931471805599454
10:1.6931471805599454
32:1.6931471805599454
special:1.0
goal:1.0
total:1.0
ny:1.6931471805599454
island:1.6931471805599454
ferraro:1.6931471805599454
flatley:1.6931471805599454
vask:1.6931471805599454
score:1.0
washington:2.386294361119891
hunter:2.09861228866811
elynuik:1.6931471805599454
krygier:1.6931471805599454
khristich:2.09861228866811
johansson:2.09861228866811
01:1.0
pivonka:1.6931471805599454
15:1.6931471805599454
25:1.0
buffalo:2.9459101490553135
boston:2.791759469228055
hannan:1.6931471805599454
lafontain:1.6931471805599454
mogilni:2.386294361119891
26:1.0
juneau:2.6094379124341005
neeli:2.386294361119891
oat:2.386294361119891
20:1.0
14:1.0
42:1.0
hawerchuk:1.6931471805599454
smehlik:2.09861228866811
19:1.6931471805599454
55:1.0
46:1.0
44:1.0
heinz:1.6931471805599454
00:1.0
overtim:1.6931471805599454
sweeney:1.6931471805599454
khmylev:1.6931471805599454
03:1.0
montreal:2.386294361119891
quebec:2.6094379124341005
dionn:1.6931471805599454
dipietro:1.6931471805599454
brunet:1.6931471805599454
52:1.0
bellow:1.6931471805599454
muller:1.6931471805599454
desjardin:1.6931471805599454
58:1.0
rucinski:1.6931471805599454
lapoint:2.09861228866811
sundin:1.6931471805599454
31:1.0
sakic:1.6931471805599454
young:1.6931471805599454
ricci:1.6931471805599454
duchesn:1.6931471805599454
