subject:1.0
colleg:1.6931471805599454
hockey:1.6931471805599454
star:1.6931471805599454
roster:2.09861228866811
bdhissong:1.0
miavx1:1.0
ac:1.0
muohio:1.0
edu:1.0
organ:1.0
miami:1.0
univers:1.0
academ:1.0
comput:1.0
servic:1.0
line:1.0
2:1.0
could:1.0
someon:1.0
plea:1.0
post:1.0
game:1.0
east:1.0
west:1.0
thank:1.0
advanc:1.0
