mmb:1.0
lamar:1.6931471805599454
colost:1.6931471805599454
edu:1.6931471805599454
michael:1.6931471805599454
burger:1.0
subject:1.0
tv:1.0
info:1.0
distribut:1.0
na:1.0
nntp:1.0
post:1.0
host:1.0
acn:1.0
organ:1.0
colorado:1.0
state:1.6931471805599454
univers:1.0
fort:1.0
collin:1.0
co:1.0
80523:1.0
line:1.0
36:1.0
unit:1.0
coverag:1.6931471805599454
sunday:1.6931471805599454
april:2.9459101490553135
18:1.6931471805599454
n:2.791759469228055
j:2.09861228866811
pittsburgh:2.09861228866811
1:1.0
00:2.6094379124341005
edt:2.791759469228055
eastern:1.0
time:1.0
zone:2.09861228866811
abc:2.09861228866811
gari:1.6931471805599454
thorn:1.6931471805599454
bill:1.6931471805599454
clement:1.6931471805599454
st:1.6931471805599454
loui:1.6931471805599454
chicago:1.6931471805599454
12:1.6931471805599454
cdt:1.0
11:1.6931471805599454
mdt:1.0
central:1.0
mountain:1.0
mike:1.0
emerick:1.0
jim:1.0
schoenfeld:1.0
lo:1.0
angel:1.0
calgari:1.0
pdt:1.0
adt:1.0
pacif:1.0
alaskan:1.0
al:1.0
john:1.0
davidson:1.0
tuesday:1.6931471805599454
20:1.6931471805599454
7:2.386294361119891
30:2.6094379124341005
nationwid:2.6094379124341005
espn:1.6931471805599454
thursday:1.0
22:1.0
saturday:1.0
24:1.0
announc:1.6931471805599454
canadian:1.0
buffalo:1.0
boston:1.0
tsn:2.09861228866811
wednesday:1.0
21:1.0
8:1.0
