william:1.0
k:1.0
willi:1.0
ww1a:1.0
andrew:1.6931471805599454
cmu:1.6931471805599454
edu:1.6931471805599454
subject:1.0
let:1.0
go:1.0
buffalo:1.0
organ:1.0
administr:1.0
comput:1.0
info:1.0
servic:1.0
carnegi:1.0
mellon:1.0
pittsburgh:1.0
pa:1.0
line:1.0
3:1.0
nntp:1.0
post:1.0
host:1.0
po2:1.0
know:1.0
never:1.0
realli:1.0
appreci:1.0
