tvartiai:1.0
vipunen:1.6931471805599454
hut:1.6931471805599454
fi:2.386294361119891
tommi:1.6931471805599454
vartiainen:1.0
subject:1.0
finland:2.791759469228055
sweden:1.6931471805599454
v:1.0
nhl:3.1972245773362196
team:2.386294361119891
helsinki:1.6931471805599454
stockholm:1.0
expans:1.0
nntp:1.0
post:1.0
host:1.0
organ:1.0
univers:1.0
technolog:1.0
line:1.0
51:1.0
1993apr16:1.0
195754:1.0
5476:1.0
ousrvr:1.0
oulu:1.6931471805599454
mep:1.0
phoenix:1.0
marko:1.0
poutiainen:1.0
write:1.0
jyrki:1.0
lumm:2.09861228866811
20:1.6931471805599454
teppo:1.0
numminen:2.09861228866811
peter:1.0
ahola:1.0
13:1.0
well:2.386294361119891
like:2.386294361119891
defend:2.6094379124341005
mainli:1.6931471805599454
25:1.6931471805599454
correct:1.0
r:1.0
teemu:1.0
selann:1.6931471805599454
27:1.6931471805599454
compar:1.6931471805599454
kurri:2.09861228866811
point:1.6931471805599454
high:1.0
let:1.0
make:1.0
26:1.0
low:1.0
28:1.0
sel:2.09861228866811
nne:2.09861228866811
canada:2.09861228866811
cup:1.6931471805599454
world:1.0
championship:1.0
larg:1.6931471805599454
due:1.0
effort:1.0
marku:1.0
ketter:1.6931471805599454
goali:1.0
3:1.0
4:1.0
player:3.0794415416798357
list:1.0
luck:1.6931471805599454
presum:1.0
lot:1.0
decent:1.0
superstar:1.0
highest:1.0
level:1.6931471805599454
still:1.0
valuabl:1.0
role:1.0
howev:1.0
guess:1.0
would:1.6931471805599454
finnish:2.09861228866811
500:1.0
wow:1.0
look:1.0
guy:1.0
nieminen:1.0
jutila:1.0
riihijarvi:1.0
varvio:1.0
laukkanen:1.0
makela:1.0
keskinen:1.0
even:1.0
age:1.0
ruotsalainen:1.0
main:1.6931471805599454
differ:1.6931471805599454
north:2.09861228866811
american:1.6931471805599454
tend:1.0
better:2.386294361119891
larger:1.0
rink:2.09861228866811
canadian:1.0
usual:1.0
slower:1.0
europ:1.6931471805599454
think:1.6931471805599454
success:1.0
though:1.0
help:1.0
reason:1.0
work:1.0
togeth:1.0
true:1.0
game:1.6931471805599454
ame:1.0
rican:1.0
small:1.0
european:2.386294361119891
averag:1.6931471805599454
russian:1.0
tsech:1.0
slovakia:1.0
skater:1.6931471805599454
puckhandl:1.0
colleagu:1.0
especi:1.0
slow:1.0
clumsi:1.6931471805599454
also:2.09861228866811
said:1.6931471805599454
sm:1.0
leagu:1.6931471805599454
base:1.0
skill:1.0
get:1.0
mani:1.0
breakaway:1.0
much:1.0
alpo:1.0
suhonen:1.0
speed:1.0
accentu:1.0
defensemen:1.0
admit:1.0
best:2.09861228866811
come:1.0
regular:1.6931471805599454
skil:1.0
top:1.0
except:1.0
lemieux:1.0
class:1.0
