huot:2.386294361119891
cray:2.386294361119891
com:2.09861228866811
tom:1.6931471805599454
subject:1.0
bruin:1.0
pen:1.0
ulf:1.0
neeley:1.0
fight:1.0
line:1.0
9:1.0
nntp:1.0
post:1.0
host:1.0
pittpa:1.0
organ:1.0
research:1.0
inc:1.0
x:1.0
newsread:1.0
tin:1.0
version:1.0
1:1.6931471805599454
pl8:1.0
oh:1.0
excus:1.0
wast:1.0
bandwidth:1.0
refer:1.0
origin:1.0
incid:1.0
recent:1.0
skirmish:1.0
occur:1.0
past:1.0
month:1.0
