e8l6:1.0
jupit:1.0
sun:1.0
csd:1.0
unb:1.6931471805599454
ca:1.6931471805599454
rocket:1.6931471805599454
subject:1.0
dear:1.0
montana:1.0
pinetre:1.0
org:1.0
hockey:1.6931471805599454
pool:1.0
distribut:1.0
rec:1.0
sport:1.0
organ:1.0
univers:1.0
new:1.0
brunswick:1.0
line:1.0
15:1.0
hi:1.0
seem:1.0
get:1.0
mail:1.0
tell:1.0
entir:1.0
adress:1.0
even:1.0
dot:1.0
decim:1.0
address:1.0
ie:1.0
131:1.0
202:1.0
3:1.0
10:1.0
thank:1.0
calvin:1.0
c:1.0
mauric:1.0
richard:1.0
