kkeller:1.0
mail:2.09861228866811
sa:2.09861228866811
upenn:2.09861228866811
edu:2.09861228866811
keith:1.6931471805599454
keller:1.6931471805599454
subject:1.0
playoff:1.6931471805599454
pool:1.6931471805599454
rule:1.6931471805599454
revis:1.0
organ:1.0
univers:1.0
pennsylvania:1.0
school:1.0
art:1.0
scienc:1.0
line:1.0
10:1.0
nntp:1.0
post:1.6931471805599454
host:1.0
well:1.0
chang:1.0
score:1.6931471805599454
unfortun:1.0
time:1.0
right:1.0
certainli:1.0
new:1.0
tomorrow:1.0
matter:1.0
enter:1.0
anyway:1.0
good:1.0
tlet:1.6931471805599454
go:1.6931471805599454
ranger:1.0
quaker:1.0
tkkeller:1.0
tivi:1.0
leagu:1.0
champ:1.0
want:1.0
opinion:1.0
give:1.0
