dfclark:1.6931471805599454
snll:1.6931471805599454
arpagw:1.0
llnl:1.0
gov:1.6931471805599454
clark:2.09861228866811
dean:2.09861228866811
f:1.0
subject:1.0
centri:1.6931471805599454
cach:1.6931471805599454
bernoulli:1.6931471805599454
box:1.6931471805599454
articl:1.6931471805599454
arp:1.0
519:1.0
distribut:1.0
world:1.0
organ:1.0
sandia:1.6931471805599454
nation:1.0
laboratori:1.0
line:1.0
27:1.0
1993apr2:1.0
123619:1.0
548:1.0
physc1:1.6931471805599454
byu:2.09861228866811
edu:2.09861228866811
goblec:1.6931471805599454
write:1.0
tri:1.0
run:1.0
driver:2.09861228866811
softwar:1.0
seem:1.0
work:1.6931471805599454
040:2.09861228866811
get:2.09861228866811
messag:1.0
macintosh:1.0
disk:1.0
wish:1.0
initi:1.0
iomega:1.0
3:1.6931471805599454
4:1.0
2:1.0
newer:1.0
version:2.09861228866811
someth:1.0
wrong:1.0
gobl:1.0
theori:1.0
5:1.0
1:1.6931471805599454
believ:1.0
need:1.0
machin:1.0
abl:1.0
newest:1.0
call:1.0
tech:1.0
support:1.0
800:1.0
456:1.0
5522:1.0
modem:1.0
bb:1.0
801:1.0
778:1.0
4400:1.0
internet:1.0
ca:1.0
