glang:2.09861228866811
slee01:1.6931471805599454
srl:2.386294361119891
ford:2.6094379124341005
com:2.386294361119891
gordon:2.386294361119891
lang:2.386294361119891
subject:1.0
plea:1.6931471805599454
help:1.0
find:1.0
video:1.6931471805599454
hardwar:2.09861228866811
articl:2.09861228866811
fmsrl7:1.0
1pqf9oinn88:1.0
organ:1.0
motor:1.0
compani:1.0
research:1.0
laboratori:1.0
line:1.0
19:1.6931471805599454
nntp:1.0
post:2.386294361119891
host:1.0
x:1.0
newsread:1.0
tin:1.0
1:1.6931471805599454
pl5:1.0
crosspost:1.6931471805599454
comp:1.6931471805599454
sy:1.6931471805599454
hp:1.0
author:1.6931471805599454
5:1.6931471805599454
apr:1.6931471805599454
1993:1.6931471805599454
23:1.6931471805599454
25:1.0
27:1.0
gmt:1.6931471805599454
ibm:1.0
pc:1.0
01:1.0
need:1.6931471805599454
devic:1.0
either:1.0
isa:1.0
board:1.0
subsystem:1.0
take:1.0
two:1.6931471805599454
rgb:1.6931471805599454
signal:2.09861228866811
combin:1.0
accord:1.0
templat:1.6931471805599454
simpl:1.0
rectangular:1.0
window:1.0
one:1.0
use:1.0
interior:1.0
exterior:1.0
beleiv:1.0
fancier:1.0
harwar:1.0
may:1.0
also:1.0
exist:1.6931471805599454
want:1.0
exclud:1.0
search:1.0
know:1.0
sort:1.0
ntsc:1.0
etc:1.0
email:1.0
lead:1.0
smail:1.0
holo6:1.0
