ivancich:2.09861228866811
eec:2.09861228866811
umich:1.6931471805599454
edu:2.791759469228055
eric:1.6931471805599454
subject:1.0
14:1.0
monitor:2.6094379124341005
repli:1.0
fredm:2.09861228866811
medium:2.6094379124341005
mit:2.6094379124341005
messag:1.0
wed:1.0
31:1.0
mar:1.0
1993:1.0
20:1.6931471805599454
39:1.0
45:1.0
gmt:1.0
organ:1.0
univers:1.0
michigan:1.0
depart:1.0
distribut:1.0
na:1.0
line:1.0
37:1.0
articl:1.0
1993mar31:1.0
203945:1.0
8757:1.0
news:1.0
fred:1.6931471805599454
g:1.0
martin:1.6931471805599454
write:1.0
part:1.6931471805599454
post:1.6931471805599454
remov:1.6931471805599454
soni:1.6931471805599454
cpd:1.0
1304:1.6931471805599454
better:1.0
video:2.386294361119891
circuitri:1.0
either:1.6931471805599454
two:1.0
display:2.09861228866811
appl:2.6094379124341005
640x480:2.09861228866811
vga:1.6931471805599454
800x600:1.0
though:1.0
56:1.0
hz:1.6931471805599454
flicker:1.6931471805599454
832x624:1.6931471805599454
75:1.0
refresh:1.0
might:1.6931471805599454
abl:1.0
1024x768:1.0
sure:1.6931471805599454
pixel:1.0
would:1.6931471805599454
real:1.0
small:1.0
anyway:1.0
use:1.6931471805599454
note:1.0
need:1.0
proper:1.0
adapt:1.0
connect:1.6931471805599454
signal:1.0
properli:1.0
also:1.0
inform:1.0
macintosh:1.0
hardwar:2.09861228866811
mode:1.0
617:1.0
253:1.0
7143:1.0
ame:1.0
st:1.0
rm:1.0
e15:1.0
301:1.0
epistemolog:1.0
learn:1.0
group:1.0
lab:1.0
cambridg:1.0
02139:1.0
usa:1.0
assum:1.0
cabl:1.6931471805599454
tell:1.0
mac:2.6094379124341005
startup:1.6931471805599454
kind:1.0
think:1.0
seen:1.0
ad:1.0
popular:1.0
magazin:1.0
product:1.0
card:1.0
packag:1.0
allow:1.0
chang:1.0
resolut:1.0
fli:1.0
w:1.0
restart:1.6931471805599454
buy:1.0
possibl:1.0
switch:1.6931471805599454
back:1.0
forth:1.0
without:1.0
strictli:1.0
function:1.0
softwar:1.0
interven:1.0
occasion:1.0
probe:1.0
set:1.0
automat:1.0
thank:1.0
