kjt001:1.0
dunix:1.6931471805599454
drake:2.09861228866811
edu:1.0
albatross:1.0
subject:1.0
14:1.0
monitor:1.0
articl:1.0
1993apr6:1.0
012714:1.0
11565:1.0
distribut:1.0
na:1.0
organ:1.0
univers:1.0
de:1.0
moin:1.0
iowa:1.0
usa:1.0
line:1.0
12:1.0
relat:1.0
note:1.0
1304:1.0
work:1.0
centri:1.0
650:1.0
intern:1.0
video:1.0
give:1.0
multipl:1.0
resolut:1.0
curiou:1.0
thank:1.0
kevin:1.0
tieskoett:1.0
technic:1.0
support:1.0
loonivers:1.0
microfronti:1.0
inc:1.0
