bruceg:2.09861228866811
ccwf:1.6931471805599454
cc:2.386294361119891
utexa:2.386294361119891
edu:2.386294361119891
bruce:1.6931471805599454
gimbl:1.6931471805599454
subject:1.0
built:2.09861228866811
video:2.09861228866811
articl:1.0
geraldo:1.0
1pqt5ninn605:1.0
repli:1.0
distribut:1.0
usa:1.0
organ:1.0
univers:1.0
texa:1.0
austin:1.6931471805599454
tx:1.0
line:1.0
14:1.0
nntp:1.0
post:1.0
host:1.0
sneezi:1.6931471805599454
origin:1.0
mani:1.0
question:1.0
expert:1.0
pertain:1.0
appl:1.0
1:1.0
mac:1.6931471805599454
abil:1.0
use:1.0
vga:2.6094379124341005
monitor:2.09861228866811
2:1.0
capabl:1.6931471805599454
3:1.0
drive:2.386294361119891
svga:1.6931471805599454
well:1.6931471805599454
4:1.0
big:1.0
5:1.0
tell:1.0
unlabel:1.0
pinout:1.0
look:1.0
like:1.0
particularli:1.0
interest:1.0
know:1.0
si:1.0
ci:1.0
lc:1.0
thank:1.0
