vng:1.6931471805599454
isc:1.6931471805599454
nu:1.6931471805599454
sg:1.6931471805599454
subject:1.0
wyse:1.6931471805599454
60:1.6931471805599454
termin:1.6931471805599454
emul:1.6931471805599454
repli:1.0
organ:1.0
dept:1.0
info:1.0
sy:1.0
comp:1.0
sci:1.0
nation:1.0
univers:1.0
singapor:1.6931471805599454
line:1.0
6:1.0
comm:1.0
toolbox:1.0
kit:1.0
avail:1.0
net:1.0
somewher:1.0
thank:1.0
vinc:1.0
