subject:1.0
mac:1.6931471805599454
laserjet:1.6931471805599454
iiip:1.6931471805599454
osterb:1.6931471805599454
husc8:1.6931471805599454
harvard:2.386294361119891
edu:2.09861228866811
richard:1.0
osterberg:1.6931471805599454
nntp:1.0
post:1.0
host:1.0
line:1.0
12:1.0
friend:1.6931471805599454
lc:1.6931471805599454
ii:1.0
think:1.0
famili:1.0
extra:1.0
sit:1.0
around:1.0
way:1.0
connect:1.0
two:1.0
make:1.0
work:1.0
without:1.0
postscript:1.0
cartridg:1.0
told:1.0
random:1.0
mention:1.0
someth:1.0
softwar:1.0
packag:1.0
could:1.0
translat:1.0
rick:1.6931471805599454
husc:1.0
617:1.6931471805599454
493:1.6931471805599454
7784:1.0
3892:1.0
2032:1.0
yard:1.0
mail:1.0
center:1.0
cambridg:1.0
02138:1.0
7510:1.0
usa:1.0
