tomj:2.386294361119891
pnet16:2.6094379124341005
ct:1.6931471805599454
com:1.6931471805599454
tom:1.6931471805599454
jenkin:1.0
subject:1.0
lciii:1.6931471805599454
v:1.0
centri:1.6931471805599454
610:1.6931471805599454
organ:1.0
peopl:1.0
net:1.0
nctam:1.0
eastpac:1.0
line:1.0
8:1.0
titl:1.0
say:1.0
particularli:1.0
interest:1.0
perform:1.0
differ:1.0
much:1.0
faster:1.0
50:1.0
uucp:1.0
humu:1.6931471805599454
nctams1:1.6931471805599454
arpa:1.0
nosc:1.0
mil:1.0
inet:1.0
