cmmiller:1.0
iastat:1.0
edu:1.0
c:1.0
miller:1.0
subject:1.0
lciii:1.6931471805599454
v:1.0
centri:1.6931471805599454
610:1.6931471805599454
articl:1.6931471805599454
news:1.0
c51s6w:1.0
9nr:1.0
organ:1.0
iowa:1.6931471805599454
state:1.6931471805599454
univers:1.0
ame:1.0
ia:1.0
line:1.0
29:1.0
1993apr5:1.0
221603:1.0
17245:1.0
nctams1:2.09861228866811
uucp:1.6931471805599454
tomj:2.386294361119891
pnet16:2.386294361119891
ct:1.6931471805599454
com:1.6931471805599454
tom:1.6931471805599454
jenkin:1.0
write:1.0
titl:1.0
say:1.0
particularli:1.0
interest:1.0
perform:1.0
differ:1.6931471805599454
much:1.0
faster:1.6931471805599454
50:1.0
humu:1.6931471805599454
arpa:1.0
nosc:1.0
mil:1.0
inet:1.0
appl:1.0
came:1.0
demo:1.0
got:1.0
chanc:1.0
run:1.6931471805599454
speedometer3:1.6931471805599454
1:2.09861228866811
new:1.0
mac:1.0
machin:2.09861228866811
system7:1.0
14:1.0
rgb:1.0
know:1.0
cach:1.0
set:1.0
neither:1.0
fpu:1.0
appear:1.0
centris610:1.0
quit:1.0
bit:1.0
lc:1.0
iii:1.0
tcentris610:1.0
tlciii:1.0
cpu:1.0
t13:1.0
01:1.0
t6:1.6931471805599454
92:1.0
graf:1.0
t15:1.0
67:1.0
t7:1.0
69:1.0
disk:1.0
t2:1.6931471805599454
22:1.0
44:1.0
math:1.0
t25:1.0
57:1.0
t10:1.0
19:1.0
p:1.0
r:1.0
rate:1.0
t12:1.0
91:1.0
58:1.0
comparison:1.0
definit:1.0
notic:1.0
speed:1.0
two:1.0
accord:1.0
chad:1.0
