taihou:1.0
chromium:1.0
i:1.0
nu:1.6931471805599454
sg:1.0
tng:1.6931471805599454
tai:1.6931471805599454
hou:1.6931471805599454
subject:1.0
adb:2.09861228866811
graphic:1.0
tablet:2.09861228866811
help:2.09861228866811
organ:1.0
institut:1.0
system:1.0
scienc:1.0
line:1.0
13:1.0
graphicsd:1.0
want:1.6931471805599454
connect:1.0
quadra:1.0
950:1.6931471805599454
unfortun:1.0
one:1.0
port:1.0
seem:1.0
would:1.0
give:1.0
mous:1.6931471805599454
plea:1.0
someon:1.0
use:1.0
well:1.0
keyboard:1.0
cours:1.0
thank:1.0
advanc:1.0
singapor:1.0
