jfinet:1.6931471805599454
cat:1.6931471805599454
ucsc:2.09861228866811
edu:2.6094379124341005
joseph:1.0
manuel:1.0
finet:1.6931471805599454
subject:1.0
think:1.6931471805599454
iivx:2.9459101490553135
organ:1.0
univers:1.0
california:1.0
santa:1.0
cruz:1.0
line:1.0
28:1.0
nntp:1.0
post:1.0
host:1.0
articl:1.0
1p5e0tinnojp:1.0
minerva:1.0
ci:1.0
yale:1.6931471805599454
bell:1.6931471805599454
peter:1.6931471805599454
write:1.0
advisor:1.0
decid:2.09861228866811
get:2.09861228866811
mac:1.0
lab:1.6931471805599454
fund:1.0
consensu:1.0
realli:1.6931471805599454
need:2.09861228866811
lciii:2.6094379124341005
want:1.6931471805599454
centri:1.6931471805599454
610:2.386294361119891
lack:1.0
fpu:1.6931471805599454
machin:1.6931471805599454
price:2.09861228866811
struck:1.0
make:1.0
worth:1.0
le:1.0
suggest:1.0
instead:1.0
seem:1.6931471805599454
heavili:1.0
expand:1.0
peopl:1.6931471805599454
like:1.6931471805599454
good:1.0
nubu:2.09861228866811
slot:1.6931471805599454
case:1.0
ultim:1.0
work:1.0
video:1.0
perform:1.0
reason:1.0
full:1.0
size:1.0
keep:1.0
mind:1.0
support:1.0
appl:1.6931471805599454
monitor:1.0
option:1.0
ethernet:1.0
lessen:1.0
elimin:1.0
card:1.0
unless:1.0
run:1.0
intens:1.0
softwar:1.0
blow:1.0
door:1.0
hand:1.0
suffici:1.0
great:1.0
guess:1.0
find:1.0
halv:1.0
bu:1.6931471805599454
clock:1.0
32mhz:1.0
v:1.0
16mhz:1.0
throughli:1.0
bad:1.0
thing:1.0
hope:1.0
never:1.0
joe:1.0
