ktiedtk:1.6931471805599454
jarthur:1.6931471805599454
claremont:2.09861228866811
edu:1.6931471805599454
kurt:1.6931471805599454
tiedtk:1.6931471805599454
subject:1.0
compar:1.0
scsi:1.6931471805599454
perform:1.6931471805599454
articl:1.0
news:1.0
c51zdm:1.0
bf5:1.0
organ:1.0
harvey:1.0
mudd:1.0
colleg:1.0
ca:1.0
91711:1.0
line:1.0
8:1.0
could:1.0
someon:1.0
direct:1.0
inform:1.0
mac:1.0
max:1.0
throughput:1.0
etc:1.0
plea:1.0
email:1.0
thank:1.0
