dmaluso:2.09861228866811
mtholyok:2.386294361119891
edu:2.386294361119891
dian:2.09861228866811
maluso:2.09861228866811
subject:1.0
quadra:1.6931471805599454
800:1.6931471805599454
configur:2.09861228866811
articl:1.0
slab:1.6931471805599454
1ps093:1.0
f0u:1.0
organ:1.0
mount:1.6931471805599454
holyok:1.6931471805599454
colleg:1.6931471805599454
line:1.0
19:1.0
nntp:1.0
post:1.0
host:1.0
x:1.0
newsread:1.0
tin:1.0
1:1.6931471805599454
pl5:1.0
notic:1.0
mention:1.0
own:1.0
8:2.09861228866811
230:1.6931471805599454
cd300:2.09861228866811
1meg:1.0
vram:1.6931471805599454
seem:1.0
purchas:1.0
complet:1.0
alreadi:1.0
instal:1.6931471805599454
box:1.0
interest:1.0
exact:1.0
buy:1.6931471805599454
educ:1.6931471805599454
discount:1.0
found:1.0
bundl:1.0
q800:1.0
smaller:1.0
500:1.0
bought:1.0
know:2.09861228866811
cd:1.0
plea:1.0
let:1.0
via:1.0
email:1.0
send:1.0
messag:1.0
mhc:1.6931471805599454
thank:1.0
internet:1.0
depart:1.0
psycholog:1.0
south:1.0
hadley:1.0
01075:1.0
413:1.0
538:1.0
2107:1.0
