asson:2.386294361119891
chacmool:1.0
stsci:1.6931471805599454
edu:1.6931471805599454
drew:2.09861228866811
justin:1.0
subject:1.0
ext:1.0
hard:2.09861228866811
drive:2.386294361119891
se:1.6931471805599454
30:1.6931471805599454
organ:1.0
space:1.6931471805599454
telescop:1.6931471805599454
scienc:1.6931471805599454
institut:1.6931471805599454
line:1.0
20:1.0
interest:1.0
get:1.0
extern:1.0
got:1.0
intern:1.0
40mb:1.0
pretti:1.0
full:1.0
even:1.0
compress:1.0
w:1.0
alot:1.0
peopl:1.6931471805599454
talk:1.0
mb:1.0
good:1.0
ratio:1.0
think:1.0
ad:1.0
either:1.0
80:1.0
100:1.0
105:1.0
brand:1.0
would:1.0
suggest:1.0
final:1.0
place:2.09861228866811
buy:1.0
popular:1.0
mail:1.6931471805599454
order:1.6931471805599454
better:1.0
sell:1.0
e:1.6931471805599454
g:1.0
one:1.0
advertis:1.0
back:1.0
macworld:1.0
macus:1.0
thank:1.0
advanc:1.6931471805599454
repli:1.0
sent:1.0
compil:1.0
post:1.0
j:1.0
ai:1.0
senior:1.0
softwar:1.0
engin:1.0
3700:1.0
san:1.0
martin:1.0
plan:1.0
system:1.0
branch:1.0
baltimor:1.0
md:1.0
21218:1.0
usa:1.0
internet:1.0
410:1.0
338:1.6931471805599454
4474:1.0
1592:1.0
fax:1.0
