chyang:1.6931471805599454
leghorn:2.09861228866811
engin:2.386294361119891
umich:2.09861228866811
edu:2.6094379124341005
chung:1.6931471805599454
hsiung:1.0
yang:1.6931471805599454
subject:1.0
cd300:1.0
300i:1.0
organ:1.0
univers:1.0
michigan:1.0
ann:1.0
arbor:1.0
line:1.0
28:1.0
distribut:1.0
world:1.0
nntp:1.0
post:1.0
host:1.0
origin:1.0
articl:1.6931471805599454
bauer:2.6094379124341005
060493101758:1.0
134:1.0
60:1.0
68:1.0
23:1.0
informatik:1.6931471805599454
uni:1.6931471805599454
ulm:1.6931471805599454
de:1.6931471805599454
christian:1.6931471805599454
write:1.0
afi9shs00vohmryle:1.0
andrew:1.0
cmu:1.6931471805599454
donpaul:1.0
c:1.0
stephen:1.0
deathbird:1.0
wrote:1.0
differ:1.0
want:1.0
doubl:1.0
spin:1.0
cd:2.09861228866811
rom:2.09861228866811
drive:1.6931471805599454
may:1.0
look:1.0
nec:2.09861228866811
appl:2.6094379124341005
doublespin:1.6931471805599454
best:1.0
toshiba:1.6931471805599454
soni:1.6931471805599454
nearli:1.0
deliv:1.0
speed:1.0
price:1.0
low:1.0
compar:1.0
ram:1.0
simm:1.0
buy:1.0
inexpenc:1.0
think:1.0
driver:1.6931471805599454
revis:1.0
easier:1.0
get:1.0
kit:1.0
everi:1.0
manufactur:1.0
ti:1.0
thought:1.0
mechan:1.0
averag:1.0
access:1.6931471805599454
time:1.6931471805599454
le:1.0
200:1.0
m:1.6931471805599454
300:1.0
model:1.0
