rgonzal:1.6931471805599454
gandalf:2.09861228866811
rutger:2.386294361119891
edu:1.6931471805599454
ralph:2.09861228866811
gonzalez:1.6931471805599454
subject:1.0
use:1.6931471805599454
1:1.6931471805599454
4:1.6931471805599454
mb:1.6931471805599454
disk:1.0
mac:2.09861228866811
ii:2.09861228866811
articl:1.0
apr:1.0
6:1.0
13:1.0
20:1.0
40:1.0
1993:1.0
1397:1.0
organ:1.0
univ:1.6931471805599454
new:1.0
brunswick:1.0
n:1.0
j:1.0
line:1.0
11:1.0
need:1.0
get:1.0
rom:1.6931471805599454
upgrad:1.0
floppi:1.0
drive:1.6931471805599454
3rd:1.0
parti:1.0
work:1.0
thank:1.0
comput:1.0
scienc:1.0
camden:1.0
nj:1.0
phone:1.0
609:1.0
225:1.0
6122:1.0
internet:1.0
