sunnyt:1.0
code:1.0
bch:1.6931471805599454
uh:1.6931471805599454
edu:2.6094379124341005
subject:1.0
price:2.09861228866811
drop:2.09861228866811
c650:2.386294361119891
within:1.0
2:1.0
month:1.6931471805599454
articl:1.6931471805599454
menudo:1.0
1psm47:1.0
td:1.0
repli:1.0
ln63sdm:1.0
sdcc4:1.0
ucsd:1.0
organ:1.0
univers:1.0
houston:1.0
line:1.0
19:1.0
nntp:1.0
post:1.0
host:1.0
protein:1.0
apr06:1.0
184114:1.0
73926:1.0
yuma:1.0
acn:1.0
colost:1.6931471805599454
ns111310:1.0
lanc:1.0
nathaniel:1.0
sammon:1.0
write:1.0
go:1.0
get:1.6931471805599454
soon:1.0
want:2.09861228866811
appl:1.0
come:1.0
cyclon:1.0
tempest:1.0
system:1.0
negoti:1.0
good:1.0
deal:2.09861228866811
supplier:1.0
8:1.6931471805599454
80:1.6931471805599454
would:1.0
like:1.0
jump:1.0
smuther:1.0
btw:1.0
mous:1.0
2295:1.0
anyon:1.0
know:1.6931471805599454
better:1.0
thank:1.0
low:1.0
end:1.0
configur:1.6931471805599454
68lc040:1.6931471805599454
fpu:1.6931471805599454
oppos:1.0
68rc040:1.6931471805599454
sure:1.0
buy:1.0
around:1.0
350:1.0
400:1.0
right:1.0
intend:1.0
upgrad:1.0
sunni:1.0
