gener:2.09861228866811
nova:1.0
sti:2.386294361119891
nasa:2.386294361119891
gov:1.6931471805599454
curti:2.09861228866811
subject:1.0
appl:1.6931471805599454
tape:2.09861228866811
backup:2.09861228866811
40sc:1.6931471805599454
system:1.0
7:1.6931471805599454
x:1.6931471805599454
keyword:1.0
organ:1.0
line:1.0
12:1.0
need:1.0
get:1.0
unit:1.0
work:1.0
sy:1.0
0:1.0
driver:1.0
softwar:1.0
access:1.6931471805599454
devic:1.6931471805599454
anyon:1.0
know:1.0
fidn:1.0
tool:1.0
appreci:1.0
info:1.0
comment:1.0
c:1.0
tgener:1.0
703:1.0
685:1.0
1140:1.0
code:1.0
jtt:1.0
washington:1.0
dc:1.0
20546:1.0
