peterco:2.09861228866811
eff:2.386294361119891
org:2.386294361119891
peter:1.6931471805599454
cohen:1.6931471805599454
subject:1.0
compar:1.0
scsi:1.6931471805599454
perform:1.6931471805599454
origin:1.0
nntp:1.0
post:1.0
host:1.0
organ:1.0
electron:1.0
frontier:1.0
foundat:1.0
x:1.0
newsread:1.0
tin:1.0
version:1.0
1:2.09861228866811
pl8:1.0
line:1.0
12:1.0
kurt:1.0
tiedtk:1.0
ktiedtk:1.0
jarthur:1.0
claremont:1.0
edu:1.0
wrote:1.0
could:1.0
someon:1.0
direct:1.0
inform:1.0
mac:1.0
max:2.386294361119891
throughput:1.0
etc:1.0
thruput:2.09861228866811
centri:1.0
quadra:1.0
3:1.6931471805599454
mb:1.6931471805599454
sec:1.6931471805599454
iici:1.0
iifx:1.0
equival:1.0
4:1.0
slower:1.6931471805599454
machin:1.0
reflect:1.0
employ:1.6931471805599454
opinion:1.0
heck:1.0
even:1.0
know:1.0
