gsnow:2.09861228866811
clark:2.6094379124341005
edu:1.6931471805599454
gari:2.09861228866811
snow:1.6931471805599454
subject:1.0
question:1.0
1024:1.6931471805599454
x:1.6931471805599454
768:1.6931471805599454
quadra:1.0
800:1.0
articl:1.6931471805599454
1993apr6:1.0
215836:1.0
27428:1.0
organ:1.0
colleg:1.0
vancouv:1.0
wa:1.0
usa:1.0
line:1.0
14:1.0
d2150026:1.0
u982nu:1.0
bostrauma:1.0
trauma:1.6931471805599454
com:1.6931471805599454
ennui:1.6931471805599454
n:1.0
nevil:1.0
die:1.0
write:1.0
anyon:1.0
inform:1.0
acheiv:1.0
resolut:1.0
q800:1.0
use:1.0
interanl:1.0
video:1.6931471805599454
even:1.0
possibl:1.6931471805599454
suspect:1.0
although:1.0
certainli:1.0
like:1.0
know:1.0
sure:1.0
cours:1.0
get:1.0
1024x768:1.0
centri:1.0
650:1.0
need:1.0
correctli:1.0
wire:1.0
cabl:1.0
uunet:1.0
