jmilhoan:1.0
magnu:2.09861228866811
ac:1.6931471805599454
ohio:2.09861228866811
state:2.09861228866811
edu:1.6931471805599454
jt:1.6931471805599454
subject:1.0
2:1.6931471805599454
powerbook:1.6931471805599454
question:1.0
articl:1.0
1993apr6:1.0
215646:1.0
23800:1.0
organ:1.0
univers:1.0
line:1.0
13:1.0
nntp:1.0
post:1.0
host:1.0
bottom:1.0
1:1.0
actual:1.0
640:1.0
x:1.0
400:1.0
pixel:1.0
display:1.0
regardless:1.0
9:1.0
10:1.0
still:1.0
keep:1.0
72:1.0
dpi:1.0
resolut:1.0
assum:1.0
mean:1.0
impli:1.0
dimens:1.0
info:1.0
price:1.0
drop:1.0
new:1.0
model:1.0
non:1.0
duo:1.0
come:1.0
thank:1.0
