matt:1.0
harrop:1.0
magic:1.0
bb:1.0
corp:1.0
appl:2.386294361119891
com:1.0
distribut:1.0
na:1.0
organ:1.0
macintosh:1.0
awar:1.0
group:1.0
canada:1.0
subject:1.0
intern:1.0
scsi:1.6931471805599454
instal:1.0
line:1.0
9:1.0
hd:1.0
sc:1.0
say:1.0
unabl:1.0
locat:1.0
suitabl:1.0
drive:1.6931471805599454
wrong:1.0
hdsc:1.0
format:1.6931471805599454
hard:1.0
sold:1.0
need:1.0
use:1.0
third:1.0
parti:1.0
like:1.0
drive7:1.0
spoton:1.0
