orgin:1.0
old:1.6931471805599454
dominion:1.6931471805599454
univers:1.6931471805599454
comput:1.0
commun:1.0
servic:1.0
kay:1.6931471805599454
alexand:1.6931471805599454
kba100:2.09861228866811
oduvm:2.09861228866811
bitnet:1.6931471805599454
subject:1.0
quadra:2.09861228866811
800:1.6931471805599454
problem:1.0
question:1.0
line:1.0
16:1.0
got:1.0
8:1.0
230:1.0
notic:1.0
chang:1.0
desktop:1.0
color:1.0
beauti:1.0
gray:1.0
thought:1.0
mayb:1.0
reinstal:1.0
o:1.0
use:2.09861228866811
instal:1.6931471805599454
first:1.0
macintosh:2.09861228866811
centri:1.0
diskett:1.6931471805599454
system:2.09861228866811
file:1.0
recent:1.0
one:1.0
hard:1.0
disk:1.0
easi:1.0
select:1.0
cnetri:1.0
softwar:1.6931471805599454
anyon:1.0
know:1.0
custom:1.0
matter:1.0
thank:1.0
advanc:1.0
suggest:1.0
internet:1.0
cc:1.0
odu:1.0
edu:1.0
