ns111310:1.0
lanc:1.6931471805599454
colost:1.6931471805599454
edu:1.6931471805599454
nathaniel:1.0
sammon:1.0
subject:1.0
68lc040:1.0
v:1.0
68rc040:1.0
centri:1.0
650:1.0
nntp:1.0
post:1.0
host:1.0
casco:1.0
organ:1.0
colorado:1.0
state:1.0
u:1.0
engin:1.0
colleg:1.0
line:1.0
4:1.0
also:1.0
use:1.0
photoshop:1.0
edit:1.0
photo:1.0
dtp:1.0
work:1.0
nate:1.0
