monti:2.791759469228055
roscom:2.09861228866811
think:2.09861228866811
com:2.09861228866811
solomon:2.09861228866811
subject:1.0
powerbook:1.6931471805599454
170:1.6931471805599454
4:1.6931471805599454
40:1.6931471805599454
expir:1.0
mon:1.0
26:1.0
apr:1.0
1993:1.0
00:1.6931471805599454
43:1.0
13:1.0
gmt:1.0
repli:1.0
organ:1.0
propon:1.0
line:1.0
8:1.0
fax:1.6931471805599454
data:1.6931471805599454
modem:1.6931471805599454
avail:1.0
thru:1.0
citibank:1.0
citidollar:1.6931471805599454
catalog:1.0
1995:1.0
19:1.0
95:1.0
h:1.0
500:1.0
2400:1.0
bp:1.6931471805599454
9600:1.0
send:1.0
po:1.0
box:1.0
2486:1.0
framingham:1.0
01701:1.0
0405:1.0
