ulf:2.386294361119891
kirsch:1.0
c3consult:2.386294361119891
comm:1.6931471805599454
se:1.6931471805599454
lagerstedt:1.6931471805599454
subject:1.0
mous:2.09861228866811
organ:1.0
commun:1.6931471805599454
ab:1.0
distribut:1.0
comp:1.0
line:1.0
12:1.0
bottom:1.0
drawer:1.0
found:1.0
old:1.0
db:1.0
9:1.6931471805599454
pin:1.0
plug:1.0
assum:1.0
belong:1.0
deceas:1.0
plu:1.0
someth:1.0
could:1.0
simpl:1.0
modif:1.0
turn:1.0
proper:1.0
adb:1.0
repli:1.0
mail:1.0
prefer:1.0
thank:1.0
sweden:1.0
