jbailey:1.6931471805599454
world:2.09861228866811
std:1.6931471805599454
com:1.6931471805599454
jim:1.6931471805599454
bailey:1.6931471805599454
subject:1.0
quadra:1.6931471805599454
900:2.6094379124341005
950:2.386294361119891
organ:1.0
public:1.0
access:1.0
unix:1.0
brooklin:1.0
line:1.0
26:1.0
hade:1.6931471805599454
coo:1.0
dartmouth:1.0
edu:1.6931471805599454
brian:1.6931471805599454
v:1.0
hugh:1.0
write:2.09861228866811
b:1.0
clark:1.6931471805599454
nwu:1.0
quarda:1.0
popular:1.0
misspel:1.0
25:1.0
mhz:1.6931471805599454
040:1.6931471805599454
processor:1.0
33:1.0
local:1.0
buse:1.0
motherboard:1.0
run:1.6931471805599454
faster:1.0
video:2.386294361119891
differ:1.0
also:1.0
13:1.6931471805599454
believ:1.0
16:2.6094379124341005
monitor:2.6094379124341005
bit:2.791759469228055
color:2.09861228866811
without:1.0
vram:2.386294361119891
upgrad:1.6931471805599454
actual:1.0
could:1.0
put:1.0
much:1.0
q900:1.0
want:1.0
still:1.0
abl:1.0
get:1.6931471805599454
part:1.0
board:1.0
q950:1.0
howev:1.0
use:1.0
19:1.6931471805599454
2mb:1.0
ye:1.0
24:1.6931471805599454
realli:1.0
care:1.0
point:1.0
box:1.0
capabl:1.0
size:1.0
support:1.0
8:1.0
21:1.0
