iisi:2.386294361119891
owner:1.6931471805599454
subject:1.0
clock:1.6931471805599454
upgrad:1.6931471805599454
organ:1.0
cumc:1.0
line:1.0
4:1.0
new:1.0
report:1.0
25:1.0
mhz:1.6931471805599454
33:1.0
failur:1.0
slow:1.0
mac:1.0
itchci:1.0
solder:1.0
iron:1.0
