jbailey:1.6931471805599454
world:2.09861228866811
std:1.6931471805599454
com:2.386294361119891
jim:1.6931471805599454
bailey:1.6931471805599454
subject:1.0
sampl:2.386294361119891
cd:3.302585092994046
audio:3.1972245773362196
put:1.0
centri:1.6931471805599454
650:1.6931471805599454
organ:1.0
public:1.0
access:1.0
unix:1.0
brooklin:1.0
line:1.0
28:1.0
ldo:1.0
waikato:1.6931471805599454
ac:1.0
nz:1.0
lawrenc:1.0
oliveiro:1.0
univers:1.0
write:2.09861228866811
articl:1.0
bskendigc5h91i:1.0
fu3:1.0
netcom:1.6931471805599454
bskendig:1.0
brian:1.0
kendig:1.0
ye:1.0
get:2.09861228866811
intern:1.6931471805599454
mix:1.6931471805599454
analog:1.0
output:1.0
mac:1.6931471805599454
gener:1.0
motherboard:1.0
also:1.0
use:1.0
sound:2.09861228866811
control:1.0
panel:1.0
click:1.0
option:1.6931471805599454
button:1.0
next:1.0
microphon:2.386294361119891
icon:1.6931471805599454
iivx:1.0
find:1.0
either:1.0
hand:1.0
see:1.6931471805599454
need:1.6931471805599454
one:1.0
tri:1.6931471805599454
record:1.0
built:1.0
play:1.0
drive:1.0
guess:1.0
unplug:1.0
uncontamin:1.0
admittedli:1.0
8:1.0
bit:1.0
convers:1.0
sorri:1.0
misinform:1.0
made:1.0
bad:1.6931471805599454
assumpt:1.0
new:1.0
machin:1.0
behav:1.0
like:1.6931471805599454
quadra:1.6931471805599454
900:1.0
previou:1.0
post:1.0
though:1.6931471805599454
found:1.0
alias:1.0
realli:1.0
filter:1.0
someth:1.6931471805599454
much:1.0
wors:1.0
expect:1.0
instal:1.0
300:1.0
mayb:1.0
miss:1.0
everyth:1.0
el:1.0
work:1.0
great:1.0
