nextug:1.0
ac:1.6931471805599454
dal:1.6931471805599454
ca:1.6931471805599454
subject:1.0
powerbook:2.386294361119891
140:1.6931471805599454
180:1.6931471805599454
batteri:2.6094379124341005
organ:1.0
dalhousi:1.0
univers:1.0
halifax:1.0
nova:1.0
scotia:1.0
canada:1.0
line:1.0
15:1.0
quick:1.0
queri:1.0
guru:1.0
tom:1.6931471805599454
spearman:1.6931471805599454
post:1.6931471805599454
altern:1.0
option:1.0
mention:1.0
exist:1.0
3:1.0
version:1.0
2:2.09861228866811
5:1.0
amp:2.09861228866811
hour:2.09861228866811
one:2.09861228866811
m5545:2.09861228866811
8:1.0
b:1.0
9:1.0
c:1.0
anyon:1.6931471805599454
know:2.09861228866811
determin:1.0
look:1.0
obviou:1.0
exterior:1.0
indic:1.0
contact:1.0
glean:1.0
inform:1.0
macus:1.0
either:1.0
answer:1.6931471805599454
tthank:1.0
tchristoph:1.0
majka:1.0
tnextug:1.0
btw:1.0
repli:1.0
via:1.0
email:1.0
would:1.0
grate:1.0
often:1.0
read:1.0
newsgroup:1.0
summari:1.0
