jbailey:1.6931471805599454
world:2.09861228866811
std:1.6931471805599454
com:1.6931471805599454
jim:2.791759469228055
bailey:1.6931471805599454
subject:1.0
quadra:1.0
900:1.6931471805599454
950:2.09861228866811
differ:1.6931471805599454
organ:1.0
public:1.0
access:1.0
unix:1.0
brooklin:1.0
line:1.0
43:1.0
jagubox:1.6931471805599454
gsfc:2.09861228866811
nasa:2.09861228866811
gov:1.6931471805599454
jagielski:1.6931471805599454
write:2.09861228866811
rdk2:1.6931471805599454
cec2:1.6931471805599454
wustl:1.6931471805599454
edu:1.6931471805599454
robert:1.6931471805599454
david:1.0
klapper:1.6931471805599454
ti:1.0
also:1.0
believ:1.0
fix:2.09861228866811
bug:1.6931471805599454
cpu:1.6931471805599454
screw:1.6931471805599454
float:1.6931471805599454
point:1.6931471805599454
calcul:1.6931471805599454
washington:1.0
univers:1.0
st:1.0
loui:1.0
lubarski:1.0
law:1.0
cybernet:1.0
entomolog:1.0
alway:1.0
one:1.0
someon:1.0
definit:1.0
inform:1.0
first:1.0
heard:1.0
get:1.0
hardwar:1.0
upgrad:1.6931471805599454
make:1.0
much:1.0
sen:1.0
let:1.0
see:1.6931471805599454
basic:1.0
t1:1.0
run:1.0
33mhz:1.0
25mhz:1.6931471805599454
t2:1.0
bu:1.0
16mhz:1.0
t3:1.0
graphic:1.0
control:1.0
t4:1.0
3:1.0
result:1.0
q950:1.0
requir:1.0
80n:1.0
vram:1.0
100n:1.0
t5:1.0
rom:1.6931471805599454
round:1.0
error:1.0
15th:1.0
digit:1.0
patch:1.0
latest:1.0
o:1.0
version:1.0
problem:1.6931471805599454
b:1.0
ethernet:1.0
16:1.0
buffer:1.0
doubt:1.0
person:1.0
refer:1.0
5a:1.0
hardli:1.0
though:1.0
gon:1.0
na:1.0
stiff:1.0
say:1.0
hey:1.0
lama:1.0
someth:1.0
code:1.0
734:1.0
4:1.0
know:1.0
effort:1.0
greenbelt:1.0
md:1.0
20771:1.0
