klein:1.6931471805599454
math205:1.6931471805599454
mathematik:1.6931471805599454
uni:1.6931471805599454
bielefeld:2.09861228866811
de:1.6931471805599454
john:1.0
r:1.0
subject:1.0
happen:1.0
complet:2.9459101490553135
flatten:1.0
pb:1.6931471805599454
batteri:3.3978952727983707
nntp:1.0
post:1.0
host:1.0
organ:1.0
universitaet:1.0
rechenzentrum:1.0
line:1.0
32:1.0
articl:1.0
c5fodg:1.0
raistlin:1.0
udev:1.0
cdc:1.6931471805599454
com:2.09861228866811
swier:1.6931471805599454
chao:1.0
aqeng:1.0
aaron:1.0
write:2.09861228866811
schuyler:1.6931471805599454
netcom:1.0
gabriel:1.0
stanger:1.6931471805599454
otago:1.0
ac:1.0
nz:1.0
nigel:1.0
run:1.0
powerbook:1.0
flat:1.0
detriment:1.0
side:1.0
effect:1.6931471805599454
go:1.0
ask:1.0
two:1.0
thing:1.0
think:1.0
1:1.6931471805599454
although:1.0
nicad:2.386294361119891
145:1.6931471805599454
160:1.0
165c:1.0
170:1.0
180:1.0
discharg:2.9459101490553135
month:1.0
leadacid:1.0
100:1.0
ever:1.0
well:1.0
mayb:1.0
okay:1.6931471805599454
common:1.6931471805599454
mi:1.0
concept:1.0
deal:1.0
ni:2.09861228866811
cad:2.09861228866811
good:1.6931471805599454
idea:1.6931471805599454
cell:3.0794415416798357
period:1.0
differ:1.6931471805599454
one:2.09861228866811
put:1.0
2:1.6931471805599454
volt:1.6931471805599454
like:1.0
recharg:1.0
aaa:1.0
aa:1.0
c:1.0
defin:1.0
9:1.0
7:1.0
equival:1.0
due:1.0
individu:1.6931471805599454
actual:1.0
harm:1.0
help:1.0
overcom:1.0
memori:1.0
problem:1.0
time:1.0
develop:1.0
intern:1.0
short:1.0
weaken:1.0
connect:1.0
thu:1.0
reduc:1.0
lifespan:1.0
pack:1.0
etc:1.0
naiv:1.0
question:1.0
without:1.0
entir:1.0
