dudek:2.09861228866811
daeron:1.6931471805599454
mcrcim:1.6931471805599454
mcgill:2.09861228866811
edu:1.6931471805599454
gregori:1.0
subject:1.0
iici:2.386294361119891
q700:2.09861228866811
upgrad:2.09861228866811
nntp:1.0
post:1.6931471805599454
host:1.0
organ:1.0
research:1.0
centr:1.0
intellig:1.0
machin:1.6931471805599454
line:1.0
28:1.0
articl:1.0
c5ha0x:1.0
11oq:1.0
austin:1.6931471805599454
ibm:1.6931471805599454
com:1.6931471805599454
login:1.0
write:1.0
ago:1.0
note:1.0
ask:1.0
spec:1.0
quadra:1.0
700:1.0
opinion:1.0
v:1.0
acceler:2.09861228866811
card:1.6931471805599454
far:1.0
respons:1.0
notic:1.0
plea:1.0
let:1.0
know:1.0
think:1.6931471805599454
possibl:1.0
path:1.6931471805599454
cost:1.6931471805599454
effici:1.0
pro:1.0
con:1.0
etc:1.0
thank:1.0
complet:1.0
best:1.0
obtain:1.0
dealer:1.0
recent:1.0
copi:1.0
macworld:1.0
macus:1.0
foggi:1.0
memori:1.0
suggest:1.0
relev:1.0
comparison:1.6931471805599454
factor:1.0
vi:1.6931471805599454
follow:1.0
25:1.0
mhz:1.6931471805599454
68040:1.6931471805599454
16:1.0
data:1.0
recal:1.0
sure:1.6931471805599454
slower:1.0
q:1.0
950:1.0
style:1.0
ethertalk:1.0
board:1.0
audio:1.6931471805599454
4:1.6931471805599454
mb:1.0
ram:1.0
motherboard:1.0
simm:1.0
slot:1.6931471805599454
2:1.0
nubu:1.0
flexibl:1.0
build:1.0
video:1.6931471805599454
ci:1.0
use:1.0
vram:1.0
give:1.0
ethernet:1.0
option:1.0
cpu:1.0
perform:1.0
compar:1.0
end:1.0
greg:1.0
