thoma:1.0
kephart:1.6931471805599454
snowhit:1.0
eeap:1.0
cwru:2.09861228866811
edu:2.6094379124341005
subject:1.0
interest:1.6931471805599454
adb:1.6931471805599454
behaviour:1.0
c650:1.6931471805599454
organ:1.0
case:1.0
school:1.0
engin:1.0
line:1.0
29:1.0
distribut:1.0
world:1.0
nntp:1.0
post:1.0
host:1.0
b62182:1.6931471805599454
student:1.6931471805599454
x:2.09861228866811
userag:1.0
nuntiu:1.0
v1:1.0
1:1.0
1d20:1.0
xxmessag:1.0
id:1.0
a7f350070401f2e6:1.0
xxdate:1.0
thu:1.6931471805599454
15:1.0
apr:1.0
93:1.0
17:1.0
46:1.0
47:1.0
gmt:1.0
articl:1.0
16bb1a4df:1.0
djcohen:1.6931471805599454
yalevm:1.6931471805599454
ycc:1.6931471805599454
yale:1.6931471805599454
daniel:1.0
cohen:1.0
write:1.0
notic:1.6931471805599454
phenomenon:1.6931471805599454
centri:2.09861228866811
650:1.0
unplug:1.0
keyboard:1.0
mous:2.9459101490553135
plug:1.0
without:1.0
turn:1.0
power:1.0
suddenli:1.0
switch:1.0
half:1.0
normal:1.6931471805599454
movement:1.0
speed:2.09861228866811
check:1.0
control:1.0
panel:1.0
chang:1.0
set:1.6931471805599454
still:1.0
full:1.0
way:1.6931471805599454
like:1.0
restart:1.0
machin:1.6931471805599454
restor:1.0
happen:1.0
newer:1.0
style:1.6931471805599454
came:1.0
older:1.0
iifx:1.0
work:1.6931471805599454
think:1.0
anyth:1.0
resolut:1.0
definit:1.0
quirk:1.6931471805599454
interfac:1.0
either:1.0
hardwar:1.0
softwar:1.0
exact:1.0
occur:1.0
lciii:1.0
perhap:1.0
new:1.0
sorri:1.0
mine:1.0
fine:1.0
2:1.0
cent:1.0
worth:1.0
