ado:1.0
quinc:1.6931471805599454
bbn:1.6931471805599454
com:1.6931471805599454
buz:1.0
owen:1.0
subject:1.0
performa:1.6931471805599454
450:1.6931471805599454
intern:2.09861228866811
modem:2.386294361119891
line:1.0
10:1.0
distribut:1.0
world:1.0
nntp:1.0
post:1.0
host:1.0
hear:1.0
realli:1.0
lciii:1.6931471805599454
part:1.0
obtain:1.0
instal:1.0
would:1.0
nice:1.0
actual:1.0
powerbook:1.0
might:1.0
much:1.0
hope:1.0
