jartsu:2.386294361119891
hut:2.09861228866811
fi:2.09861228866811
subject:1.0
best:1.6931471805599454
frontplat:1.6931471805599454
syquest:1.6931471805599454
iivi:1.6931471805599454
iivx:1.6931471805599454
c650:1.6931471805599454
nntp:1.0
post:1.0
host:1.0
lk:1.0
hp:1.0
7:1.0
repli:1.0
vipunen:1.0
organ:1.0
helsinki:1.0
univers:1.0
technolog:1.0
finland:1.0
line:1.0
11:1.0
could:1.0
someon:1.0
tell:1.0
make:1.6931471805599454
find:1.0
get:1.0
intern:1.0
drive:1.0
one:2.09861228866811
avail:1.0
origin:1.0
cd:1.0
rom:1.0
scratch:1.0
everi:1.0
suggest:1.0
welcom:1.0
