isaaci:1.0
ccsg:1.0
tau:1.0
ac:1.0
il:1.0
barash:1.0
isaac:1.0
subject:1.0
spigot:2.386294361119891
lc:2.6094379124341005
iii:2.09861228866811
organ:1.0
tel:1.0
aviv:1.0
univers:1.0
comput:1.0
center:1.0
line:1.0
16:1.0
friend:1.0
mine:1.0
problem:1.0
run:1.0
configur:1.0
system:1.0
7:1.0
1:1.6931471805599454
video:1.0
extens:1.0
0:1.0
would:1.0
apprici:1.0
get:1.0
postit:1.0
neg:1.0
experi:1.0
setup:1.0
thank:1.0
amir:1.0
