news:2.09861228866811
claremont:1.6931471805599454
edu:1.0
system:1.0
subject:1.0
dead:1.0
mous:1.0
organ:1.0
harvey:1.0
mudd:1.0
colleg:1.0
ca:1.0
91711:1.0
line:1.0
1:1.0
