hew:1.0
guvax:1.0
acc:1.0
georgetown:1.6931471805599454
edu:1.6931471805599454
subject:1.0
monitor:2.09861228866811
shut:1.0
13:2.09861228866811
hi:1.6931471805599454
re:1.6931471805599454
organ:1.0
univers:1.0
line:1.0
11:1.0
summari:1.0
shutoff:1.0
er:1.0
repli:1.0
torricelli:1.0
unhh:1.0
unh:1.0
distribut:1.0
world:1.0
defect:1.0
bring:1.0
dealer:1.0
replac:1.0
flyback:1.0
free:1.6931471805599454
think:1.0
ti:1.0
heard:1.0
problem:1.0
work:1.0
today:1.0
fix:1.0
r:1.6931471805599454
