narlochn:1.0
kirk:1.0
msoe:1.0
edu:1.0
subject:1.0
gener:1.0
question:1.6931471805599454
distribut:1.0
usa:1.6931471805599454
organ:1.0
milwauke:1.6931471805599454
school:1.0
engin:1.0
wi:1.0
line:1.6931471805599454
8:1.0
two:1.0
1:1.0
would:1.6931471805599454
requir:1.0
creat:1.6931471805599454
macintosh:1.0
pc:1.0
network:2.09861228866811
includ:1.0
laser:1.6931471805599454
printer:2.09861228866811
etc:1.0
2:1.0
bare:1.0
minimum:1.0
primari:1.0
purpos:1.0
approx:1.0
3:1.0
mac:1.0
