mirski:2.09861228866811
hal:1.6931471805599454
gnu:1.6931471805599454
ai:2.09861228866811
mit:2.09861228866811
edu:2.6094379124341005
david:1.6931471805599454
joshua:1.0
subject:1.0
desktop:2.09861228866811
rebuild:2.09861228866811
datadesk:2.6094379124341005
keyboard:3.1972245773362196
organ:1.0
di:1.0
line:1.6931471805599454
30:1.0
nntp:1.0
post:1.0
host:1.0
articl:1.0
c5i77w:1.0
3oe:1.0
c:1.6931471805599454
uiuc:1.6931471805599454
tthiel:1.0
terri:2.09861228866811
thiel:1.0
write:1.0
ijust:1.0
got:1.0
new:1.6931471805599454
101e:1.6931471805599454
go:1.0
centri:1.0
610:1.0
problem:2.09861228866811
hold:1.0
command:1.6931471805599454
option:1.6931471805599454
key:2.09861228866811
restart:1.0
noth:1.6931471805599454
happen:1.6931471805599454
dip:1.0
switch:1.0
set:1.0
right:1.0
way:1.0
seem:1.0
work:2.386294361119891
anyth:1.0
el:1.0
run:1.0
7:1.0
1:1.0
btw:1.0
anyon:1.0
know:1.0
hi:1.0
recent:1.0
bought:1.0
lciii:1.0
rememb:1.0
tri:2.09861228866811
howev:1.0
give:1.0
strang:1.0
held:1.0
shift:1.6931471805599454
startup:1.0
disabl:1.6931471805599454
extens:1.6931471805599454
anoth:1.0
use:1.0
adb:1.0
connector:1.0
cabl:1.0
well:1.6931471805599454
otherwis:1.0
check:1.0
dipswitch:1.0
fine:1.0
tell:1.6931471805599454
annoy:1.6931471805599454
sent:1.0
mail:1.0
inspect:1.6931471805599454
repair:1.6931471805599454
replac:1.0
technician:1.0
phone:1.0
said:1.0
10:1.0
14:1.0
day:1.0
turn:1.0
around:1.0
time:1.6931471805599454
mean:1.0
receiv:1.0
3:1.0
week:1.0
still:1.0
gotten:1.0
littl:1.0
info:1.0
cost:1.0
12:1.0
send:1.0
refund:1.0
money:1.0
costum:1.0
servic:1.0
toll:1.0
call:1.0
similar:1.0
experi:1.0
