subject:1.0
68lc040:1.0
v:1.0
68rc040:1.0
centri:2.09861228866811
650:2.6094379124341005
bruce:1.6931471805599454
hoult:1.6931471805599454
actrix:1.0
gen:1.0
nz:1.0
line:1.0
16:1.0
zack:1.0
smith:1.0
write:1.6931471805599454
konpej:1.0
eua:1.0
ericsson:1.0
se:1.0
per:1.6931471805599454
ejeklint:1.6931471805599454
hm:1.0
mayb:1.0
miss:1.6931471805599454
someth:1.0
040:1.0
fpu:2.6094379124341005
least:1.0
one:1.6931471805599454
ship:2.09861228866811
europ:1.6931471805599454
inde:1.0
4:1.6931471805599454
80:1.6931471805599454
model:1.6931471805599454
definit:1.0
know:1.6931471805599454
anyth:1.0
right:1.6931471805599454
usa:1.0
without:1.0
ethernet:2.09861228866811
also:1.0
repeat:1.0
sold:1.0
new:1.0
zealand:1.0
assum:1.0
bought:1.0
