john:2.09861228866811
chung:1.6931471805599454
dartmouth:2.09861228866811
edu:1.6931471805599454
subject:1.0
powervis:1.6931471805599454
pb:1.6931471805599454
organ:1.0
colleg:1.0
hanov:1.0
nh:1.0
line:1.0
10:1.0
x:1.0
post:1.0
internew:1.0
1:1.0
0b14:1.0
hi:1.0
market:1.0
intern:1.0
color:1.0
video:1.0
adaptor:1.6931471805599454
145:1.0
wonder:1.0
anyon:1.0
use:1.0
made:1.0
mirror:1.0
tell:1.0
feel:1.0
speed:1.0
compat:1.0
might:1.0
also:1.0
interest:1.0
board:1.6931471805599454
envisio:1.0
etc:1.0
plea:1.0
e:1.0
mail:1.0
opinion:1.0
thank:1.0
advanc:1.0
