jmilhoan:1.0
magnu:1.6931471805599454
ac:1.6931471805599454
ohio:2.09861228866811
state:2.09861228866811
edu:1.6931471805599454
jt:1.6931471805599454
subject:1.0
stylewrit:1.0
ii:1.0
question:1.0
nntp:1.0
post:1.0
host:1.0
top:1.0
organ:1.0
univers:1.0
line:1.0
10:1.0
articl:2.09861228866811
egail:1.6931471805599454
734894813:1.0
miniac:1.0
etu:1.0
gel:1.0
ulav:1.0
ca:1.0
eric:1.0
gailloux:1.0
write:1.0
read:1.0
swii:1.6931471805599454
one:1.0
thing:1.0
puzzl:1.0
say:1.0
serial:1.0
devic:1.0
mean:1.0
unplug:1.0
modem:2.09861228866811
time:1.0
want:1.0
print:1.0
someth:1.0
plug:1.0
printer:1.6931471805599454
port:1.6931471805599454
