mori:2.09861228866811
volga:1.6931471805599454
mfd:2.09861228866811
c:2.09861228866811
fujitsu:2.386294361119891
co:2.09861228866811
jp:2.09861228866811
tsuyoshi:1.0
subject:1.0
want:1.0
use:2.386294361119891
deskjet:2.6094379124341005
system7:2.386294361119891
organ:1.0
ltd:1.0
kawasaki:1.0
japan:1.6931471805599454
line:1.0
15:1.0
distribut:1.0
comp:1.0
nntp:1.0
post:1.0
host:1.0
cere:1.0
hp:1.0
orang:1.0
micro:1.0
grappler:1.6931471805599454
l:1.6931471805599454
system6:1.0
0:1.6931471805599454
5:1.6931471805599454
updat:1.0
system:1.0
6:1.0
kanji:1.0
talk:1.0
7:1.0
1:1.0
print:1.0
old:1.0
plea:1.0
tell:1.0
thank:1.0
