drlovemd:1.0
jhuvm:1.6931471805599454
hcf:2.09861228866811
jhu:1.6931471805599454
edu:1.6931471805599454
steve:1.6931471805599454
liu:1.0
subject:1.0
current:1.0
rom:1.6931471805599454
version:1.6931471805599454
ship:1.0
syquest:1.0
drive:1.0
organ:1.0
john:1.0
hopkin:1.0
univers:1.0
line:1.0
4:1.0
distribut:1.0
world:1.0
nntp:1.0
post:1.0
host:1.0
news:1.0
softwar:1.0
vax:1.0
vm:1.0
vnew:1.0
1:1.0
41:1.0
titl:1.0
say:1.0
need:1.0
know:1.0
44:1.0
88:1.0
88c:1.0
