hlsw:1.6931471805599454
ltd:1.6931471805599454
uhura:2.09861228866811
cc:2.09861228866811
rochest:2.6094379124341005
edu:2.09861228866811
dave:1.6931471805599454
hollinsworth:1.6931471805599454
subject:1.0
2:1.6931471805599454
question:1.6931471805599454
centri:1.0
650:1.0
ram:2.09861228866811
nntp:1.0
post:1.0
host:1.0
organ:1.0
univers:1.0
ny:1.0
distribut:1.0
usa:1.0
line:1.0
18:1.0
littl:1.0
luck:1.0
could:1.6931471805599454
c650:2.09861228866811
sometim:1.0
near:1.0
futur:1.0
wonder:1.6931471805599454
someon:1.0
clear:1.0
two:1.6931471805599454
1:1.0
speed:1.0
simm:1.6931471805599454
need:1.6931471805599454
want:1.0
know:1.0
80n:1.0
vram:1.0
sure:1.0
main:1.0
heard:1.0
conflict:1.0
stori:1.0
total:1.0
expand:1.0
132:1.0
136:1.0
meg:2.6094379124341005
true:1.0
perhap:1.0
anoth:1.0
phrase:1.0
would:1.0
better:1.0
8:1.6931471805599454
version:1.0
come:1.0
logic:1.0
board:1.0
4:1.6931471805599454
astound:1.0
time:1.0
fleet:1.0
mad:1.0
take:1.0
play:1.0
toll:1.0
riff:1.0
raff:1.0
rocki:1.0
horror:1.0
pictur:1.0
show:1.0
pinbal:1.0
disclaim:1.0
opinion:1.0
