andi:2.6094379124341005
ie:1.6931471805599454
utoronto:1.6931471805599454
ca:1.6931471805599454
sun:1.6931471805599454
subject:1.0
centri:2.386294361119891
650:2.09861228866811
decstat:2.9459101490553135
e:2.09861228866811
net:1.0
adapt:3.3978952727983707
organ:1.0
univers:1.6931471805599454
toronto:2.386294361119891
depart:1.6931471805599454
industri:1.6931471805599454
engin:1.6931471805599454
line:1.0
86:1.0
pnsf01dw:1.0
smucs1:1.0
umassd:1.0
edu:1.0
denni:1.0
j:1.0
wilkinson:1.0
write:1.6931471805599454
necessarili:1.0
thrid:1.0
parti:2.09861228866811
appl:2.6094379124341005
manufactur:1.0
transceiv:1.6931471805599454
thinwir:3.1972245773362196
10baset:1.6931471805599454
twist:1.6931471805599454
pair:1.6931471805599454
cabl:2.791759469228055
medium:2.791759469228055
well:1.0
aui:3.0794415416798357
attach:1.0
unit:1.6931471805599454
interfac:1.0
transciev:2.09861228866811
run:1.6931471805599454
100:1.0
use:2.386294361119891
probabl:1.0
also:1.0
need:2.791759469228055
termin:2.9459101490553135
self:2.09861228866811
rememb:1.6931471805599454
correctli:1.0
idea:1.0
dec:1.6931471805599454
third:1.6931471805599454
usual:1.0
cheaper:1.0
least:1.6931471805599454
bought:1.0
asant:1.0
instead:1.0
gurman:1.6931471805599454
umbra:1.0
gsfc:1.0
nasa:1.0
gov:1.0
joseph:1.0
b:1.0
5000:3.0794415416798357
model:2.386294361119891
200:2.6094379124341005
240:2.386294361119891
come:2.386294361119891
say:1.0
certain:1.0
125:2.09861228866811
133:2.386294361119891
best:1.0
bet:1.0
true:1.0
bnc:2.386294361119891
coaxial:1.6931471805599454
ethernet:2.09861228866811
connector:2.386294361119891
25:2.09861228866811
singl:1.0
15:2.09861228866811
pin:2.09861228866811
distinctli:1.0
got:1.0
first:1.0
thought:1.0
go:2.386294361119891
eventu:1.0
back:1.0
order:1.0
desta:1.0
over:1.0
version:2.09861228866811
must:1.0
rest:1.0
station:1.0
advis:1.0
origin:1.0
poster:1.0
beverli:1.0
1:2.9459101490553135
want:1.0
creat:1.0
lan:1.0
two:2.386294361119891
workstat:1.0
add:1.0
machin:2.09861228866811
ever:1.0
regardless:1.0
type:1.0
utp:1.0
unshield:1.0
wire:1.0
requir:1.0
concentr:1.0
mean:1.0
extra:1.0
money:1.0
believ:1.0
6:1.0
port:1.6931471805599454
thicknet:1.0
nightmar:1.0
expens:1.0
avoid:1.0
unless:1.0
choic:1.0
g:1.0
floor:1.0
part:1.0
2:2.09861228866811
mac:1.0
side:1.6931471805599454
one:1.6931471805599454
macx:2.09861228866811
make:1.0
sure:1.0
get:2.6094379124341005
7:1.6931471805599454
system:1.0
mactcp:2.09861228866811
v1:1.6931471805599454
earlier:1.0
may:1.6931471805599454
25ohm:2.09861228866811
depend:1.0
ask:1.0
sale:1.0
configur:1.0
3:1.0
plug:1.0
directli:1.0
way:1.0
save:1.0
cost:1.0
male:1.0
femal:1.0
network:1.0
look:1.0
like:1.0
rg58:1.0
thick:1.0
thin:1.0
thickwir:1.0
assum:1.0
4:1.0
taddl:1.0
creek:1.0
road:1.0
comput:1.0
coordin:1.0
ontario:1.0
canada:1.0
m5:1.0
1a4:1.0
phone:1.0
416:1.6931471805599454
978:1.6931471805599454
8830:1.0
fax:1.0
3453:1.0
