rogoschp:1.0
max:1.0
cc:1.0
uregina:1.0
ca:1.0
fun:1.0
yet:1.0
subject:1.0
vga:2.09861228866811
monitor:2.386294361119891
mac:2.386294361119891
lc:2.6094379124341005
seri:1.0
comput:1.0
organ:1.0
univers:1.0
regina:1.0
line:1.0
9:1.0
recal:1.0
read:1.0
presum:1.0
ii:1.0
iii:1.0
use:1.6931471805599454
stand:1.0
ard:1.0
appropri:1.0
cabl:1.0
adapt:1.0
uncertain:1.0
sinc:1.0
e:1.0
ask:1.0
peopl:1.0
say:1.0
spec:1.0
need:1.0
pc:1.0
work:1.0
horizont:1.0
nad:1.0
vertic:1.0
frequenc:1.0
