billd:2.09861228866811
informix:2.386294361119891
com:1.6931471805599454
william:1.6931471805599454
daul:1.6931471805599454
subject:1.0
toshiba:2.09861228866811
3401:1.6931471805599454
e:2.09861228866811
p:2.09861228866811
cd:2.386294361119891
rom:2.09861228866811
summari:1.0
need:1.0
info:1.0
differ:1.6931471805599454
find:1.6931471805599454
3401p:1.0
keyword:1.0
organ:1.0
softwar:1.6931471805599454
inc:1.6931471805599454
line:1.0
10:1.0
notic:1.0
3:1.0
version:1.6931471805599454
b:1.0
intern:1.0
extern:1.6931471805599454
portabl:1.6931471805599454
anyon:1.0
tell:1.0
sf:1.0
bay:1.0
area:1.0
model:1.0
thank:1.0
bill:1.0
advanc:1.0
support:1.0
4100:1.0
bohannon:1.0
dr:1.0
415:1.0
926:1.0
6488:1.0
wk:1.0
menlo:1.0
park:1.0
ca:1.0
94025:1.0
uunet:1.0
infmx:1.0
