d88:1.0
jwa:1.0
hemul:1.6931471805599454
nada:2.09861228866811
kth:2.09861228866811
se:2.09861228866811
jon:1.6931471805599454
wtte:1.0
subject:1.0
rom:1.0
acceler:1.0
video:1.0
nntp:1.0
post:1.0
host:1.0
organ:1.0
royal:1.0
institut:1.0
technolog:1.0
stockholm:1.0
sweden:1.0
line:1.0
18:1.0
1qknuq:1.0
9ut:1.0
agat:1.0
berkeley:1.6931471805599454
edu:1.6931471805599454
c60b:1.0
3jl:1.0
web:1.0
4f:1.0
jame:1.0
wang:1.0
write:1.0
address:1.0
mode:1.0
command:1.0
fill:1.0
slightli:1.0
faster:1.0
sinc:1.0
new:1.6931471805599454
instruct:1.6931471805599454
fetch:2.09861228866811
2:1.0
byte:2.09861228866811
time:2.09861228866811
versu:1.0
one:1.6931471805599454
even:1.0
68000:1.0
two:1.0
68040:1.0
move16:1.0
16:1.0
instead:1.6931471805599454
4:1.6931471805599454
68030:1.0
mean:1.0
24bit:1.0
pixel:1.0
cheer:1.0
h:1.6931471805599454
w:1.0
tte:1.0
mac:1.0
hacker:1.0
delux:1.0
articl:1.0
print:1.0
100:1.0
recycl:1.0
electron:1.0
