distribut:1.0
world:1.0
matthew:1.6931471805599454
j:1.6931471805599454
wilson:1.6931471805599454
mcontent:1.6931471805599454
apana:1.6931471805599454
org:1.6931471805599454
au:1.6931471805599454
organ:1.0
maccont:1.6931471805599454
bb:2.09861228866811
doncast:1.0
victoria:1.6931471805599454
australia:1.0
return:1.0
receipt:1.0
subject:1.0
colour:1.0
card:1.6931471805599454
lc:1.6931471805599454
line:1.0
8:1.0
wouldani:1.0
one:1.0
know:1.0
afair:1.0
price:1.0
color:1.0
aussi:1.0
dollar:1.0
wonder:1.0
view:1.0
express:1.0
post:1.0
individu:1.0
author:1.0
number:1.0
613:1.0
848:1.0
1346:1.0
first:1.0
icon:1.0
