smith:2.386294361119891
pell:1.6931471805599454
anu:1.6931471805599454
edu:2.09861228866811
au:1.6931471805599454
michael:2.09861228866811
subject:1.0
desktop:1.6931471805599454
rebuild:1.6931471805599454
datadesk:1.6931471805599454
keyboard:1.6931471805599454
organ:1.0
australian:1.6931471805599454
nation:1.6931471805599454
univers:1.6931471805599454
line:1.0
17:1.0
nntp:1.0
post:1.0
host:1.0
150:1.0
203:1.0
22:1.0
65:1.0
repli:1.0
mirski:1.0
hal:1.0
gnu:1.0
ai:1.0
mit:1.0
messag:1.0
15:1.0
apr:1.0
1993:1.0
19:1.0
35:1.0
58:1.0
0400:1.0
mac:1.0
101e:1.0
similar:1.0
problem:1.0
found:1.0
hold:1.6931471805599454
right:1.6931471805599454
hand:2.09861228866811
shift:1.6931471805599454
key:1.6931471805599454
startup:1.0
work:1.0
disabl:1.0
extens:1.0
left:1.6931471805599454
unfortun:1.0
sinc:1.0
one:1.6931471805599454
instinct:1.0
reach:1.0
similarli:1.0
train:1.0
pair:1.0
command:1.0
option:1.0
irrit:1.0
cheer:1.0
mathemat:1.0
research:1.0
section:1.0
