hade:2.09861228866811
coo:1.0
dartmouth:2.09861228866811
edu:2.09861228866811
brian:1.0
v:1.0
hugh:1.0
subject:1.0
lciii:2.09861228866811
powerpc:2.09861228866811
repli:1.0
organ:1.0
colleg:1.0
hanov:1.0
nh:1.0
disclaim:1.0
person:1.0
realli:1.0
care:1.0
think:1.0
speak:1.0
moder:1.0
rec:1.0
art:1.0
comic:1.0
info:1.0
line:1.0
10:1.0
mirski:1.6931471805599454
hal:1.0
gnu:1.0
ai:1.0
mit:1.0
david:1.0
joshua:1.0
write:1.0
hi:1.0
recent:1.0
heard:2.09861228866811
interest:1.0
rumor:1.0
built:1.0
slot:2.386294361119891
chip:1.0
true:1.6931471805599454
pd:1.0
believ:1.0
hype:1.0
thing:1.0
