andrem:2.09861228866811
pyrtech:1.6931471805599454
mi:1.6931471805599454
pyramid:2.6094379124341005
com:2.09861228866811
andr:2.09861228866811
molyneux:2.09861228866811
subject:1.0
lciii:2.09861228866811
powerpc:2.09861228866811
repli:1.0
organ:1.0
technolog:1.6931471805599454
mt:1.0
view:1.0
california:1.0
line:1.0
34:1.0
articl:1.0
1qksuq:1.0
1tt8:1.0
hal:1.6931471805599454
gnu:2.09861228866811
ai:2.09861228866811
mit:2.09861228866811
edu:2.09861228866811
mirski:2.386294361119891
david:1.6931471805599454
joshua:1.0
write:1.0
hi:1.0
recent:1.0
heard:2.09861228866811
interest:1.0
rumor:1.0
built:1.0
slot:2.386294361119891
chip:1.6931471805599454
true:1.6931471805599454
pd:2.09861228866811
thank:1.0
well:1.0
also:1.0
lc:2.6094379124341005
iii:1.0
pop:1.0
top:1.0
reveal:1.0
tone:2.09861228866811
socket:2.09861228866811
addit:1.6931471805599454
vram:1.0
simm:1.6931471805599454
72:1.0
pin:1.0
ram:1.0
flat:1.0
pack:1.0
fpu:1.0
ta:1.0
processor:1.0
direct:1.0
ident:1.0
ii:1.6931471805599454
tan:1.0
set:1.0
connet:1.0
one:1.0
side:1.0
full:1.0
32:1.0
bit:1.0
tdata:1.0
path:1.0
lack:1.0
guess:1.0
board:1.0
could:1.0
made:1.0
would:1.0
fit:1.0
place:1.0
ka7wvv:1.6931471805599454
insert:1.0
favorit:1.0
disclaim:1.0
corp:1.0
internet:1.0
3860:1.0
n:1.0
first:1.0
street:1.0
san:1.0
jose:1.0
ca:1.6931471805599454
packet:1.0
408:1.0
428:1.0
8229:1.0
n0ari:1.0
nocal:1.0
usa:1.0
na:1.0
