jsm1:2.386294361119891
crux1:1.6931471805599454
cit:2.09861228866811
cornel:2.6094379124341005
edu:2.6094379124341005
jason:2.09861228866811
macdonald:2.09861228866811
subject:1.0
lc:1.6931471805599454
ram:1.6931471805599454
upgrad:1.0
slow:1.0
nntp:1.0
post:1.0
host:1.0
repli:1.0
organ:1.0
ono:1.0
sendai:1.0
corpor:1.0
line:1.0
35:1.0
douc:1.0
tfsquad:1.0
mn:1.0
org:1.0
andrew:1.0
gewek:1.0
write:1.6931471805599454
speak:1.0
dale:1.6931471805599454
quit:1.0
sure:1.0
macintosh:1.0
use:1.0
full:2.09861228866811
16:1.0
bit:3.0794415416798357
32:2.6094379124341005
data:2.6094379124341005
path:2.386294361119891
advantag:1.0
run:1.0
fast:1.0
two:1.6931471805599454
four:1.6931471805599454
30:1.6931471805599454
pin:2.386294361119891
simm:2.9459101490553135
would:2.386294361119891
one:2.386294361119891
72:1.6931471805599454
may:1.6931471805599454
longword:2.386294361119891
access:1.0
assum:1.0
get:1.6931471805599454
first:1.6931471805599454
byte:2.791759469228055
second:1.6931471805599454
mean:1.0
memori:2.386294361119891
actual:1.0
split:1.0
among:1.0
hand:1.0
could:1.6931471805599454
interleav:2.6094379124341005
word:1.0
success:1.6931471805599454
control:1.0
deal:1.0
eight:1.0
suspect:1.0
though:1.0
extent:1.0
read:1.0
written:1.0
indic:1.0
level:1.0
confus:1.0
new:1.0
machin:1.0
sort:1.6931471805599454
although:1.0
seem:1.0
idea:1.6931471805599454
essenti:1.0
64:1.0
ro:1.0
excus:1.0
instead:1.0
ye:1.0
cpu:1.0
handl:1.0
address:1.0
speed:1.0
someth:1.0
right:1.0
allow:1.0
bu:1.0
common:1.0
usenet:1.0
particular:1.0
clueless:1.0
everyon:1.0
el:1.0
conclus:1.0
drawn:1.0
tri:1.0
figur:1.0
kind:1.0
configur:1.0
iii:1.0
datapath:1.0
fastest:1.0
thank:1.0
scott:1.0
crux3:1.0
technolog:1.0
suffici:1.0
advanc:1.0
indistinguish:1.0
magic:1.0
cat:1.0
exist:1.0
arthur:1.0
c:1.0
clark:1.0
caress:1.0
lion:1.0
