rodc:1.6931471805599454
fc:2.09861228866811
hp:2.09861228866811
com:2.09861228866811
rod:2.09861228866811
cerkoney:2.09861228866811
subject:1.0
g4qxf:1.0
fekvh6:1.0
nntp:1.0
post:1.0
host:1.0
hpfcmrc:1.0
organ:1.0
hewlett:1.6931471805599454
packard:1.6931471805599454
fort:1.6931471805599454
collin:1.6931471805599454
co:1.6931471805599454
x:1.0
newsread:1.0
tin:1.0
version:1.0
1:1.6931471805599454
pl8:1.0
5:1.0
line:1.0
15:1.0
regard:1.0
m:1.0
37:1.0
email:1.0
3404:1.0
east:1.0
harmoni:1.0
rd:1.0
hpdesk:1.0
80525:1.0
hp4000:1.0
ux:1.0
