chen:2.09861228866811
nuclear:2.09861228866811
med:1.6931471805599454
bcm:2.09861228866811
tmc:2.09861228866811
edu:2.09861228866811
chenlin:1.0
subject:1.0
get:1.0
640:1.0
x:1.0
480:1.0
13:1.6931471805599454
monitor:2.09861228866811
organ:1.0
baylor:1.0
colleg:1.0
medicin:1.0
line:1.0
5:1.0
distribut:1.0
na:1.0
repli:1.0
nntp:1.0
post:1.0
host:1.0
keyword:1.0
8:1.0
24:1.0
resolut:1.0
tri:1.0
maxapplezoom:1.0
sharewar:1.0
init:1.0
driven:1.0
intern:1.0
video:1.0
