noah:2.6094379124341005
appl:2.6094379124341005
com:1.6931471805599454
price:1.0
subject:1.0
long:1.0
ram:1.0
simm:1.6931471805599454
last:1.0
distribut:1.0
usa:1.0
organ:1.0
opinion:1.6931471805599454
comput:1.6931471805599454
inc:1.6931471805599454
line:1.0
12:1.0
articl:1.0
1993apr11:1.0
234818:1.0
1755:1.0
ultb:1.6931471805599454
isc:1.6931471805599454
rit:1.6931471805599454
edu:1.6931471805599454
jek5036:1.0
j:1.0
e:1.0
king:1.0
wrote:1.0
1:1.0
mb:1.0
1024:1.6931471805599454
8:1.0
move:1.6931471805599454
flip:1.0
flop:1.0
anybodi:1.0
much:1.0
bigger:1.0
electron:1.0
macintosh:1.0
hardwar:1.0
design:1.0
sun:1.0
decwrl:1.0
