root:1.6931471805599454
ncube:2.386294361119891
com:2.09861228866811
oper:1.0
subject:1.0
fax:1.6931471805599454
modem:1.0
best:1.0
nntp:1.0
post:1.0
host:1.0
admin:1.0
repli:1.0
organ:1.0
corp:1.0
foster:1.0
citi:1.0
ca:1.0
line:1.0
19:1.0
well:1.0
use:1.6931471805599454
home:1.0
offic:1.0
bought:1.0
around:1.0
350:1.0
14:1.0
4:1.0
know:1.0
data:1.0
featur:1.0
voic:1.0
mail:1.0
box:1.0
realli:1.0
like:1.0
captain:1.0
zod:1.6931471805599454
0:1.6931471805599454
