erm:2.09861228866811
pobox:1.6931471805599454
upenn:1.6931471805599454
edu:1.6931471805599454
maula:1.0
subject:1.0
mac:1.0
suck:1.0
buy:1.0
pc:1.0
organ:1.0
univers:1.0
pennsylvania:1.0
line:1.0
7:1.0
nntp:1.0
post:1.0
host:1.0
test:1.0
