mmadsen:2.09861228866811
bonni:1.6931471805599454
ic:2.386294361119891
uci:2.386294361119891
edu:2.386294361119891
matt:2.09861228866811
madsen:2.09861228866811
subject:1.0
se:2.386294361119891
30:2.09861228866811
acc:1.0
graphic:2.09861228866811
card:2.09861228866811
nntp:1.0
post:1.0
host:1.0
repli:1.0
organ:1.0
univ:1.0
calif:1.0
irvin:1.0
info:1.0
comput:1.0
sci:1.0
dept:1.0
line:1.0
9:1.0
also:1.0
say:1.0
040:1.0
acceler:1.6931471805599454
seem:1.0
plenti:1.0
none:1.0
seen:1.0
thank:1.0
