daniel:1.6931471805599454
salber:2.386294361119891
imag:2.6094379124341005
fr:2.09861228866811
subject:1.0
quadra:2.6094379124341005
vram:3.1972245773362196
question:2.09861228866811
x:2.09861228866811
xxmessag:1.0
id:1.0
a7f4f033e3012026:1.0
planet:1.6931471805599454
xxdate:1.0
fri:1.0
16:2.6094379124341005
apr:1.0
93:1.0
23:1.0
22:1.0
27:1.0
gmt:1.0
nntp:1.0
post:1.0
host:1.0
organ:1.0
institut:1.0
grenobl:1.6931471805599454
franc:1.6931471805599454
userag:1.0
nuntiu:1.0
v1:1.0
1:1.6931471805599454
1d20:1.0
line:1.0
28:1.0
hi:1.0
regard:1.0
tri:1.0
find:1.0
info:1.0
could:1.0
get:1.6931471805599454
precis:1.0
answer:1.0
one:1.0
hand:1.6931471805599454
950:2.386294361119891
monitor:1.6931471805599454
capabl:2.09861228866811
32:1.0
bit:2.386294361119891
color:2.386294361119891
much:1.0
800:2.09861228866811
8:1.0
must:1.6931471805599454
512:1.0
ko:1.0
would:1.0
like:1.0
take:2.09861228866811
simm:2.386294361119891
put:1.0
machin:1.0
possibl:1.0
ye:1.0
mani:1.0
document:1.6931471805599454
mo:1.0
correct:1.0
bonu:1.0
hide:1.0
seem:1.0
behind:1.0
power:1.6931471805599454
suppli:1.6931471805599454
realli:1.0
access:1.0
thank:1.0
help:1.0
user:1.0
interfac:1.0
research:1.0
team:1.0
lgi:1.0
