bcherka:1.6931471805599454
netcom:2.386294361119891
com:1.6931471805599454
brian:2.09861228866811
cherka:1.6931471805599454
subject:1.0
help:1.6931471805599454
duo:2.9459101490553135
230:2.09861228866811
problem:3.0794415416798357
organ:1.0
line:2.09861228866811
commun:1.6931471805599454
servic:1.6931471805599454
408:1.0
241:1.0
9760:1.0
guest:1.0
41:1.0
chess:1.6931471805599454
cat:1.0
ucsc:1.0
edu:1.0
vantuyl:1.0
write:1.0
got:1.0
difficulti:1.0
machin:1.6931471805599454
plug:1.0
wall:1.6931471805599454
adapt:1.0
put:1.6931471805599454
sleep:2.09861228866811
unplug:1.0
woken:1.0
crash:1.0
75:1.0
time:2.09861228866811
noth:1.0
origin:1.0
system:2.386294361119891
softwar:2.09861228866811
batteri:1.0
plenti:1.0
life:1.0
think:1.6931471805599454
must:1.0
power:1.0
manag:1.0
know:1.0
also:1.6931471805599454
speaker:1.0
occasion:2.09861228866811
make:1.0
high:1.6931471805599454
pitch:1.6931471805599454
hiss:1.6931471805599454
nois:1.0
irregular:1.0
seem:1.6931471805599454
favor:1.0
restart:1.0
command:1.0
week:1.0
suffer:1.0
reinstal:1.6931471805599454
twice:1.6931471805599454
effort:1.0
combat:1.0
initi:1.0
anymor:1.0
tri:1.0
wake:1.0
get:1.6931471805599454
solid:1.0
screen:2.09861228866811
horizont:1.0
freez:1.0
startup:1.0
call:1.0
appl:2.09861228866811
hotlin:1.0
800:1.0
so:1.0
three:1.0
alreadi:1.0
final:1.0
agre:1.0
someth:1.0
astray:1.0
would:1.0
go:1.0
dim:1.0
hard:1.0
drive:1.0
spun:1.0
itselft:1.0
occur:1.0
sent:1.0
box:1.0
ship:1.0
look:1.0
new:1.0
york:1.0
intermitt:1.0
afford:1.0
without:1.0
anyon:1.0
aol:1.0
brianc22:1.0
compuserv:1.0
71251:1.0
3253:1.0
onlin:1.0
san:1.0
jose:1.0
ca:1.0
