jame:1.0
jim:1.6931471805599454
frazier:1.6931471805599454
cup:1.0
portal:1.6931471805599454
com:1.6931471805599454
subject:1.0
5:1.6931471805599454
25:1.6931471805599454
mo:1.0
sector:1.6931471805599454
track:2.09861228866811
organ:1.0
system:1.0
tm:1.0
distribut:1.0
world:1.0
line:1.0
8:1.0
iso:1.0
ansi:1.0
standard:1.0
magneto:1.0
optic:1.0
disc:2.09861228866811
mani:1.6931471805599454
per:1.6931471805599454
revolut:1.0
thank:1.0
73447:1.0
3113:1.0
compuserv:1.0
