jartsu:2.386294361119891
hut:2.09861228866811
fi:2.09861228866811
subject:1.0
help:1.0
want:1.0
monitor:1.6931471805599454
problem:1.0
nec:3.1972245773362196
3d:2.6094379124341005
iivi:1.6931471805599454
nntp:1.0
post:1.6931471805599454
host:1.0
lk:1.0
hp:1.0
15:2.791759469228055
repli:1.0
vipunen:1.0
organ:1.0
helsinki:1.0
univers:1.0
technolog:1.0
finland:1.0
line:1.6931471805599454
107:1.0
hello:1.0
past:1.0
day:1.0
fight:1.0
get:1.6931471805599454
multisync:2.09861228866811
predecessor:1.0
3fg:1.6931471805599454
work:2.09861228866811
properli:1.0
intern:1.0
video:3.0794415416798357
mac:1.6931471805599454
vga:2.09861228866811
adapt:3.302585092994046
describ:1.0
dale:1.0
adam:1.0
quadra:1.6931471805599454
minor:1.0
interfer:2.6094379124341005
occur:1.0
small:1.0
enough:2.09861228866811
prevent:1.0
action:1.0
screen:1.6931471805599454
visibl:1.0
clear:2.09861228866811
scanrat:1.0
stuff:1.6931471805599454
well:2.386294361119891
emul:2.09861228866811
appl:2.386294361119891
13:2.9459101490553135
rgb:1.0
first:1.0
made:2.6094379124341005
got:1.0
one:2.386294361119891
fron:1.0
local:1.0
distributor:1.0
picur:1.0
look:1.0
excel:1.0
time:1.6931471805599454
everi:1.0
radic:1.0
chang:1.6931471805599454
open:1.0
palett:1.0
larg:1.0
window:1.0
etc:1.6931471805599454
major:1.0
sync:3.4849066497880004
pictur:2.09861228866811
either:1.0
tilt:1.6931471805599454
sideway:1.6931471805599454
scrabl:1.0
total:1.0
even:1.6931471805599454
spiki:1.0
horizont:1.0
align:1.0
access:1.0
pull:1.0
down:1.0
self:2.386294361119891
almost:1.0
ident:1.0
sen:2.6094379124341005
pin:2.791759469228055
differ:1.0
sometim:1.6931471805599454
imposs:1.0
boot:1.0
shut:1.0
menu:1.0
everyth:1.0
badli:1.0
complet:1.6931471805599454
lost:1.0
nearli:1.0
often:1.0
know:1.0
alway:1.0
provid:1.6931471805599454
sourc:1.0
give:1.0
pinout:1.6931471805599454
whole:1.0
mess:1.0
hope:1.0
least:1.6931471805599454
someon:1.6931471805599454
plea:1.0
tri:1.0
figur:1.6931471805599454
could:1.0
best:1.0
assign:1.0
go:1.0
make:1.6931471805599454
new:1.0
cabl:1.0
maximum:1.0
shield:1.0
isol:1.0
soon:1.0
arrang:1.0
especi:1.0
ground:1.6931471805599454
ye:1.0
check:1.0
defect:1.0
perfectli:1.0
pc:1.0
graphic:1.0
1024x768:1.0
pixel:1.0
also:1.0
atari:1.0
71hz:1.0
monochrom:1.0
use:1.0
mini:2.09861228866811
sub:2.386294361119891
t15:1.6931471805599454
1:2.6094379124341005
red:2.386294361119891
t1:1.6931471805599454
gnd:3.772588722239781
2:2.6094379124341005
green:2.386294361119891
t2:1.6931471805599454
3:2.09861228866811
blue:2.386294361119891
t3:1.6931471805599454
composit:1.0
4:2.09861228866811
t4:1.6931471805599454
0:1.0
5:2.09861228866811
t5:1.6931471805599454
6:2.386294361119891
t6:1.6931471805599454
7:1.6931471805599454
t7:1.6931471805599454
8:1.6931471805599454
t8:1.6931471805599454
nc:2.386294361119891
9:2.09861228866811
t9:1.0
10:1.6931471805599454
t10:1.6931471805599454
11:1.6931471805599454
t11:1.6931471805599454
c:1.0
v:2.09861228866811
12:1.6931471805599454
t12:1.0
h:2.09861228866811
t13:1.6931471805599454
14:2.09861228866811
t14:1.6931471805599454
shell:1.6931471805599454
tshell:1.0
connect:2.09861228866811
suggest:1.0
svga:1.0
15pin:1.6931471805599454
tmac:1.6931471805599454
sense0:1.0
measur:1.0
4fg:1.0
repres:1.0
tnec:1.0
wait:1.0
solut:1.0
thank:1.0
