distribut:1.0
world:1.0
david:1.6931471805599454
schnider:1.0
bmug:2.6094379124341005
org:1.0
organ:1.0
inc:1.0
subject:1.0
se:1.6931471805599454
price:1.0
line:1.0
7:1.0
valu:1.0
hdfd:1.0
4:1.0
20:1.0
planet:1.0
firstclass:1.0
bb:1.0
messag:1.0
contain:1.0
post:1.0
way:1.0
reflect:1.0
offici:1.0
view:1.0
