zxxst:1.0
pitt:1.0
edu:1.0
zhihua:1.0
xie:1.0
subject:1.0
poor:1.0
owner:1.0
iisi:2.386294361119891
organ:1.0
univers:1.0
pittsburgh:1.0
line:1.0
16:1.0
macintosh:1.0
3:1.0
40:1.0
80n:1.0
clock:1.0
upgrad:1.6931471805599454
work:1.6931471805599454
well:1.0
25mhz:1.6931471805599454
howev:1.0
nubu:1.0
adaptor:1.0
1400k:1.0
disk:2.09861228866811
even:1.0
though:1.0
read:1.0
write:1.0
800k:1.0
at32mhz:1.0
interestingli:1.0
overcom:1.0
basic:1.0
fight:1.0
vedio:1.0
system:1.6931471805599454
cpu:1.6931471805599454
never:1.0
reduc:1.0
8:2.386294361119891
mater:1.0
whether:1.0
cach:1.0
pretti:1.0
use:1.6931471805599454
virtual:1.0
memori:1.0
7:2.386294361119891
20mhz:1.0
32mhz:1.0
5:1.6931471805599454
46:1.0
6:2.6094379124341005
0:2.09861228866811
81:1.0
t8:1.0
83:1.0
74:1.0
7vm:1.0
graf:1.0
72:1.6931471805599454
56:1.6931471805599454
11:1.6931471805599454
07:1.0
9:1.6931471805599454
19:1.0
1:2.6094379124341005
44:1.0
50:1.0
49:1.0
math:1.0
27:1.0
fpu:1.0
36:1.0
84:1.0
speedometer3:1.0
