fredm:1.0
medium:1.6931471805599454
mit:1.6931471805599454
edu:2.09861228866811
fred:1.6931471805599454
g:1.0
martin:1.0
subject:1.0
put:1.6931471805599454
ex:1.0
syquest:2.09861228866811
centri:1.0
610:1.0
organ:1.0
laboratori:1.0
line:1.0
54:1.0
instal:1.6931471805599454
5:2.791759469228055
25:2.791759469228055
tape:2.09861228866811
backup:1.0
c610:1.0
lot:1.0
issu:1.0
answer:1.0
question:1.6931471805599454
articl:1.0
1993apr16:1.0
141820:1.0
1:1.6931471805599454
cstp:1.6931471805599454
umkc:1.6931471805599454
kmoffatt:1.0
write:1.0
pli:1.0
80m:1.0
drive:3.3978952727983707
wire:1.6931471805599454
id:2.386294361119891
switch:2.09861228866811
outsid:1.0
case:2.09861228866811
connect:1.0
comput:1.0
tell:1.6931471805599454
intern:1.6931471805599454
probabl:1.6931471805599454
want:1.0
hard:1.0
scsi:1.0
short:1.0
jumper:1.0
conveni:1.0
number:1.0
like:1.0
could:1.0
cut:2.09861228866811
hole:1.6931471805599454
back:1.6931471805599454
machin:1.6931471805599454
rout:1.0
go:1.6931471805599454
hassl:1.0
need:1.0
frequent:1.0
chang:1.0
ti:1.0
notic:1.0
lay:1.6931471805599454
part:2.09861228866811
motherboard:1.6931471805599454
look:1.0
close:1.0
seem:1.0
recal:1.0
ram:1.6931471805599454
solder:1.0
onto:1.0
would:1.0
caus:1.0
problem:1.6931471805599454
yeah:1.0
first:1.0
littl:1.0
concern:1.0
devic:2.9459101490553135
design:1.0
fit:1.0
fine:1.0
overhang:1.0
reach:1.0
beyond:1.0
rom:2.09861228866811
vram:1.0
simm:1.0
though:1.0
tone:1.0
last:1.0
anywher:1.0
order:2.09861228866811
facepl:2.386294361119891
cover:1.0
front:1.0
panel:2.09861228866811
smaller:1.0
space:1.0
left:1.0
size:1.0
spotsbm:1.0
clone:1.0
plastic:1.0
current:1.0
hold:1.6931471805599454
tmpti:1.0
place:1.0
special:1.0
mount:2.09861228866811
local:1.0
appl:2.09861228866811
dealer:1.0
relev:1.0
922:1.6931471805599454
0358:1.0
blank:1.0
bezel:2.09861228866811
0850:1.0
cd:2.386294361119891
carrier:1.0
e:1.0
gener:1.0
bracket:1.6931471805599454
note:1.0
unfortun:1.0
choic:1.0
name:1.0
slide:1.0
servic:1.0
tech:1.0
talk:1.0
said:1.0
oh:1.0
sure:1.0
stock:1.0
cours:1.6931471805599454
think:1.0
caddi:1.0
disk:1.0
stick:1.0
far:1.0
sell:1.6931471805599454
alreadi:1.0
standard:2.09861228866811
advertis:1.0
abl:1.0
accept:1.0
bay:1.0
provid:1.0
cutout:1.6931471805599454
use:1.0
hack:1.0
extra:1.0
make:1.0
good:1.0
luck:1.0
