pilon:2.09861228866811
aix02:1.6931471805599454
ec:1.6931471805599454
rpi:2.09861228866811
edu:2.09861228866811
j:1.6931471805599454
subject:1.0
iicx:1.6931471805599454
turn:2.09861228866811
nntp:1.0
post:1.0
host:1.0
line:1.0
14:1.0
anyon:1.0
know:1.0
would:1.0
caus:1.0
hit:1.6931471805599454
keyboard:1.0
switch:1.6931471805599454
one:1.0
back:2.09861228866811
machin:1.6931471805599454
work:1.6931471805599454
either:1.0
way:1.0
unplug:1.0
minut:1.0
plug:1.0
power:1.0
immedi:1.0
sometim:1.0
even:1.0
long:1.6931471805599454
time:1.6931471805599454
rememb:1.0
hear:1.0
problem:1.6931471805599454
ago:1.0
logic:1.0
board:1.0
failur:1.0
mention:1.0
sourc:1.0
true:1.0
tthank:1.0
tt:1.0
tpilon:1.0
