jtrascap:1.6931471805599454
nyx:1.6931471805599454
c:1.0
du:1.6931471805599454
edu:1.6931471805599454
jim:1.6931471805599454
trascapoulo:1.6931471805599454
subject:1.0
put:1.6931471805599454
1:2.09861228866811
44:1.6931471805599454
floppi:2.791759469228055
se:2.386294361119891
organ:1.0
univers:1.0
denver:1.0
dept:1.0
math:1.0
comp:1.0
sci:1.0
line:1.0
24:1.0
ericr:1.6931471805599454
solbourn:1.6931471805599454
com:1.6931471805599454
eric:2.09861228866811
robison:1.6931471805599454
write:1.0
got:1.6931471805599454
mac:1.0
spare:1.0
44mb:1.0
drive:2.6094379124341005
seen:1.0
ith:1.0
get:2.386294361119891
ork:1.0
thank:1.0
disclaim:1.0
claim:1.0
di:1.0
offa:1.0
planet:1.0
sure:1.0
thing:1.0
fdhd:1.0
upgrad:1.0
kit:1.6931471805599454
appl:1.6931471805599454
includ:1.0
hd:1.0
2:1.0
differ:1.6931471805599454
chip:1.6931471805599454
swim:1.0
mention:1.0
anoth:1.0
post:1.0
cabl:1.0
dealer:1.0
size:1.0
id:1.0
wear:1.0
