thoma:1.0
kephart:1.6931471805599454
snowhit:1.0
eeap:1.0
cwru:2.6094379124341005
edu:2.6094379124341005
subject:1.0
need:1.0
help:1.0
instal:1.6931471805599454
simm:2.09861228866811
700:1.6931471805599454
quick:1.0
organ:1.0
case:1.0
school:1.0
engin:1.0
line:1.0
5:1.0
distribut:1.0
world:1.0
nntp:1.0
post:1.0
host:1.0
b62182:1.6931471805599454
student:1.6931471805599454
x:2.09861228866811
userag:1.0
nuntiu:1.0
v1:1.0
1:1.0
1d20:1.0
xxmessag:1.0
id:1.0
a7f60e8b6e01f2e6:1.0
xxdate:1.0
sat:1.0
17:1.0
apr:1.0
93:1.0
19:1.0
44:1.0
11:1.0
gmt:1.0
could:1.0
someon:1.0
plea:1.0
send:1.0
instruct:1.0
vram:1.6931471805599454
jmk13:1.6931471805599454
po:1.6931471805599454
gotten:1.0
want:1.0
drop:1.0
extra:1.0
thank:1.0
repli:1.6931471805599454
joe:1.0
