bunt0003:1.0
student:1.6931471805599454
tc:1.6931471805599454
umn:1.6931471805599454
edu:1.6931471805599454
monthian:1.0
buntan:1.0
1:1.0
subject:1.0
appl:1.6931471805599454
give:1.0
u:1.0
confus:1.6931471805599454
messag:2.09861228866811
nntp:1.0
post:1.0
host:1.0
organ:1.0
univers:1.0
minnesota:1.0
line:1.0
18:1.0
hi:1.0
anyon:1.0
know:1.6931471805599454
ambigu:1.0
c650:2.386294361119891
regard:1.6931471805599454
fpu:2.386294361119891
mac:1.0
price:1.6931471805599454
list:1.6931471805599454
seen:1.0
everi:1.0
option:1.6931471805599454
discus:1.0
newsgroup:1.0
built:1.6931471805599454
except:1.0
4:1.0
80:1.0
configur:1.0
would:1.0
unclear:1.0
issu:1.0
plan:1.0
buy:1.0
8:1.0
230:1.0
cd:1.0
pretti:1.0
soon:1.0
get:1.0
whether:1.0
come:1.0
say:1.0
plea:1.0
anybodi:1.0
help:1.0
understand:1.0
game:1.0
thian:1.0
