bunt0003:1.0
student:1.6931471805599454
tc:2.09861228866811
umn:2.386294361119891
edu:2.386294361119891
monthian:1.0
buntan:1.0
1:1.6931471805599454
subject:1.0
fax:2.09861228866811
modem:2.386294361119891
mac:1.6931471805599454
nntp:1.0
post:2.09861228866811
host:1.0
organ:1.0
univers:1.0
minnesota:1.0
line:1.0
36:1.0
articl:1.0
c5llpo:1.0
in2:1.0
news2:1.0
ci:1.0
mbuntan:1.0
staff:1.0
write:1.0
hi:1.0
thank:1.6931471805599454
respond:1.6931471805599454
request:1.0
info:1.0
variou:1.6931471805599454
kind:1.6931471805599454
like:1.6931471805599454
ask:1.0
question:1.6931471805599454
advantag:1.0
buy:2.09861228866811
global:1.0
villag:1.0
teleport:1.6931471805599454
gold:1.6931471805599454
cheaper:1.0
brand:1.0
supra:2.386294361119891
zoom:1.6931471805599454
etc:1.0
2:1.0
heard:1.6931471805599454
use:1.0
softwar:1.0
mani:1.6931471805599454
complaint:1.0
incompat:1.6931471805599454
problem:1.0
3:1.0
decid:1.0
possibl:2.09861228866811
add:1.0
voic:2.09861228866811
option:2.09861228866811
near:1.0
futur:1.0
4:1.0
anyon:1.0
offer:1.0
come:1.0
summer:1.0
5:1.0
person:1.0
mention:1.0
new:1.0
get:1.0
good:1.0
review:1.0
magazin:1.0
6:1.0
want:1.0
best:1.0
fastest:1.0
econom:1.0
sound:1.0
sorri:1.0
think:1.0
necessari:1.0
promis:1.0
repost:1.6931471805599454
answer:1.0
alreadi:1.0
much:1.0
advanc:1.0
regard:1.6931471805599454
thian:1.6931471805599454
sinc:1.0
messag:1.0
second:1.0
time:1.0
hope:1.0
hear:1.0
folk:1.0
topic:1.0
plea:1.0
repli:1.0
