cph:1.0
quak:1.6931471805599454
sylmar:1.6931471805599454
ca:1.6931471805599454
u:1.0
charl:1.0
hobb:1.0
subject:1.0
color:2.6094379124341005
ink:2.09861228866811
stylewrit:1.6931471805599454
organ:1.0
public:1.0
access:1.0
line:1.0
9:1.0
know:1.0
jet:1.6931471805599454
inc:1.0
make:1.0
refil:1.6931471805599454
deskwrit:1.0
cartridg:2.386294361119891
sever:1.0
pre:1.0
fill:1.0
avail:1.6931471805599454
anyon:1.0
use:1.0
one:1.0
chanc:1.0
print:1.0
also:1.0
process:1.0
cyan:1.0
magenta:1.0
yellow:1.0
thank:1.0
advanc:1.0
