haas:2.386294361119891
meediv:1.6931471805599454
lanl:1.6931471805599454
gov:1.6931471805599454
peter:1.6931471805599454
subject:1.0
upgrad:1.6931471805599454
pb170:1.0
memori:1.6931471805599454
organ:1.0
lo:1.6931471805599454
alamo:1.6931471805599454
nation:1.6931471805599454
laboratori:1.6931471805599454
distribut:1.0
usa:1.0
line:1.0
18:1.0
articl:1.0
1993apr17:1.0
185806:1.0
7216:1.0
ncar:1.0
ucar:1.6931471805599454
edu:1.6931471805599454
bill:2.09861228866811
lhots:1.0
hao:1.0
robert:1.0
wrote:1.0
one:1.0
origin:1.0
powerbook:1.0
170:1.6931471805599454
4mb:2.09861228866811
ram:2.386294361119891
find:1.0
drag:1.0
tri:1.6931471805599454
work:1.0
best:1.6931471805599454
way:1.0
get:1.6931471805599454
maximum:1.6931471805599454
unit:1.0
go:1.0
cost:1.0
hope:1.0
latest:1.0
info:1.0
real:1.0
user:1.0
post:1.0
group:1.0
well:1.0
2mb:2.09861228866811
solder:1.0
logic:1.0
board:1.0
expans:2.09861228866811
slot:1.0
give:1.6931471805599454
thing:1.0
remov:1.0
instal:1.0
6mb:1.0
total:1.0
8mb:1.0
max:1.0
call:1.0
techwork:1.0
vendor:1.0
macweek:1.0
macworld:1.0
etc:1.0
internet:1.0
network:1.0
manag:1.0
