michael:2.386294361119891
amer:2.386294361119891
f204:1.6931471805599454
n2603:1.6931471805599454
z1:1.6931471805599454
fidonet:2.09861228866811
org:1.6931471805599454
subject:1.0
x86:1.0
680x0:1.0
compar:1.0
organ:1.0
node:1.0
1:1.0
2603:1.0
204:1.0
even:1.0
odd:1.0
forest:1.0
hill:1.0
ny:1.0
line:1.6931471805599454
26:1.0
believ:1.0
goe:1.0
go:1.0
680060:1.6931471805599454
powerpc:2.09861228866811
pentium:1.6931471805599454
680040:1.0
486:1.0
680030:1.0
386:1.0
680020:1.0
286:1.0
680000:1.0
resent:1.0
articl:1.0
one:1.0
macmag:1.0
think:1.6931471805599454
50mhz:1.0
030:2.09861228866811
acceler:1.0
slightli:1.0
slower:1.0
25mhz:1.0
040:2.386294361119891
accel:1.0
use:1.0
system:2.6094379124341005
design:1.6931471805599454
stand:1.0
reason:1.0
ie:1.0
quadra:1.6931471805599454
would:1.0
better:1.0
overal:1.0
figur:1.0
2:1.0
5:1.0
along:1.0
new:1.0
stuff:1.0
suppos:1.0
run:1.0
level:1.0
fast:1.0
8:1.0
whatev:1.0
allow:1.0
3:1.0
time:1.0
speed:1.0
base:1.0
wait:1.0
lap:1.0
pro:1.6931471805599454
life:1.0
woman:1.0
internet:1.0
