b:2.09861228866811
clark:2.6094379124341005
nwu:2.386294361119891
edu:2.386294361119891
brian:1.6931471805599454
subject:1.0
high:1.0
resolut:1.0
adc:1.0
mac:1.6931471805599454
ii:1.0
nntp:1.0
post:1.0
host:1.0
elvex34:1.0
acn:1.6931471805599454
organ:1.0
northwestern:1.0
univers:1.0
line:1.0
28:1.0
articl:1.0
160493183822:1.0
elvex33:1.0
wrote:1.0
know:1.0
instrutech:1.6931471805599454
board:2.6094379124341005
though:1.0
plan:1.0
check:1.6931471805599454
need:1.0
care:1.0
monoton:2.386294361119891
n:2.386294361119891
ratio:1.6931471805599454
mani:1.0
16:2.6094379124341005
bit:2.9459101490553135
ni:1.0
clearli:1.0
specifi:1.0
term:1.6931471805599454
accuraci:2.09861228866811
etc:1.0
nb:1.6931471805599454
a2100:1.0
a2150:1.0
dyynam:1.0
rang:1.0
freedom:1.0
distort:1.0
expect:1.0
good:1.0
true:1.6931471805599454
convert:2.6094379124341005
spectral:1.0
innov:1.0
exampl:1.0
boorishli:1.0
repli:1.0
found:1.0
inform:1.0
alreadi:1.0
spec:2.386294361119891
use:1.6931471805599454
loo:1.0
follow:1.0
14:1.6931471805599454
100:1.0
khz:2.09861228866811
12:1.0
200:1.0
linear:1.6931471805599454
8:1.0
multiplex:1.0
input:1.6931471805599454
share:1.0
singl:1.0
sampl:2.09861228866811
time:1.0
convers:1.0
channel:2.386294361119891
rate:1.6931471805599454
must:1.0
thu:1.0
two:1.0
unknown:1.0
qualiti:1.6931471805599454
50:1.0
per:1.0
poorer:1.0
nation:1.0
instrument:1.0
4:1.0
output:1.0
price:1.0
extern:1.0
box:1.0
itc:1.0
nubu:1.0
interfac:1.0
23:1.0
plu:1.0
c:1.0
driver:1.0
softwar:1.0
igor:1.0
xop:1.0
2695:1.0
rather:1.0
steep:1.0
