slang:2.09861228866811
bnr:2.09861228866811
ca:2.09861228866811
steven:2.09861228866811
langloi:2.09861228866811
subject:1.0
increas:1.6931471805599454
number:2.09861228866811
serial:2.386294361119891
port:1.6931471805599454
repli:1.0
organ:1.0
bell:1.0
northern:1.0
research:1.0
ltd:1.0
line:1.0
15:1.0
anyon:1.0
know:1.0
devic:2.386294361119891
avail:1.6931471805599454
mac:1.6931471805599454
use:1.6931471805599454
simultan:1.0
would:1.0
like:1.0
connect:1.0
8:1.0
applic:1.0
work:1.0
must:1.0
abl:1.0
access:1.0
one:1.0
independ:1.0
exist:1.0
limit:1.0
inform:1.0
appreci:1.0
