aa341:2.09861228866811
freenet:2.6094379124341005
carleton:2.09861228866811
ca:2.09861228866811
david:2.09861228866811
hugh:2.09861228866811
subject:1.0
sound:1.6931471805599454
record:1.6931471805599454
mac:1.6931471805599454
portabl:1.6931471805599454
repli:1.0
organ:1.0
nation:1.6931471805599454
capit:1.6931471805599454
line:1.0
14:1.0
anyon:1.0
know:1.0
hardwar:1.0
requir:1.0
could:1.0
find:1.0
thank:1.0
secretari:1.0
ve3:1.0
tkp:1.0
