ejbehr:1.0
rs6000:1.0
cmp:1.0
ilstu:2.386294361119891
edu:2.09861228866811
eric:2.09861228866811
behr:2.791759469228055
subject:1.0
asant:2.386294361119891
en:2.791759469228055
sc:2.791759469228055
hang:1.0
scsi:2.791759469228055
devic:2.386294361119891
repli:1.0
math:1.6931471805599454
organ:1.0
central:1.0
illinoi:1.6931471805599454
surf:1.0
club:1.0
line:1.0
31:1.0
hook:1.0
mac:2.791759469228055
iisi:1.0
rel:1.0
old:1.0
1:1.0
year:1.6931471805599454
adapt:1.6931471805599454
10base:1.0
connect:1.6931471805599454
work:1.6931471805599454
like:1.6931471805599454
charm:1.0
instal:1.0
newest:1.0
driver:1.0
ftp:1.0
server:1.0
problem:1.6931471805599454
begin:1.0
attach:1.0
one:1.6931471805599454
chain:1.6931471805599454
specif:1.0
50mb:1.0
drive:2.791759469228055
power:2.09861228866811
test:1.0
memori:1.0
etc:1.0
happi:1.0
face:1.0
normal:1.6931471805599454
show:1.0
light:1.0
goe:1.0
boot:2.09861228866811
process:1.0
stop:1.0
use:1.0
network:1.0
extern:1.6931471805599454
make:1.0
box:1.6931471805599454
pretti:1.0
much:1.0
unus:1.0
look:1.0
pure:1.0
electr:1.0
turn:1.0
second:1.0
late:1.0
get:1.0
notic:1.0
initi:1.0
poll:1.0
even:1.0
though:1.0
hard:1.6931471805599454
disk:2.09861228866811
never:1.0
fail:1.0
intern:2.09861228866811
tri:2.386294361119891
chang:1.6931471805599454
id:1.0
sever:1.6931471805599454
permut:1.0
order:1.0
e:2.09861228866811
head:1.0
tail:1.0
overtermin:1.0
termin:1.0
undertermin:1.0
remov:1.0
resistor:1.0
anoth:1.6931471805599454
ident:1.0
differ:1.0
cabl:1.0
anybodi:1.0
seen:1.0
importantli:1.0
anyon:1.0
solut:1.0
thank:1.0
lot:1.0
state:1.0
univers:1.0
mathemat:1.0
depart:1.0
bitnet:1.0
plea:1.0
avoid:1.0
