brucet:2.09861228866811
extro:2.09861228866811
ucc:2.09861228866811
su:2.09861228866811
oz:2.09861228866811
au:2.09861228866811
bruce:1.6931471805599454
tulloch:1.6931471805599454
subject:1.0
help:2.386294361119891
duo:3.4849066497880004
230:2.386294361119891
problem:3.6390573296152584
nntp:1.0
post:1.0
host:1.0
organ:1.0
sydney:2.09861228866811
univers:1.0
comput:1.0
servic:1.6931471805599454
nsw:1.0
australia:2.09861228866811
line:2.09861228866811
76:1.0
bcherka:1.6931471805599454
netcom:2.09861228866811
com:1.6931471805599454
brian:2.09861228866811
cherka:1.6931471805599454
write:1.6931471805599454
chess:1.6931471805599454
cat:1.0
ucsc:1.0
edu:1.0
vantuyl:1.0
got:1.0
difficulti:1.0
machin:2.09861228866811
plug:1.0
wall:1.6931471805599454
adapt:1.0
put:1.6931471805599454
sleep:2.09861228866811
unplug:1.0
woken:1.0
crash:1.0
75:1.0
time:2.09861228866811
noth:1.0
origin:1.0
system:3.1972245773362196
softwar:2.9459101490553135
batteri:1.0
plenti:1.0
life:1.0
think:1.6931471805599454
must:1.0
power:2.386294361119891
manag:2.09861228866811
know:1.0
also:2.09861228866811
speaker:1.0
occasion:2.09861228866811
make:1.0
high:1.6931471805599454
pitch:1.6931471805599454
hiss:1.6931471805599454
nois:1.0
irregular:1.0
seem:2.6094379124341005
favor:1.0
restart:1.0
command:1.6931471805599454
week:1.6931471805599454
suffer:1.0
reinstal:1.6931471805599454
twice:1.6931471805599454
effort:1.0
combat:1.0
initi:1.0
anymor:1.0
tri:1.0
wake:1.0
get:1.6931471805599454
solid:1.0
screen:2.09861228866811
horizont:1.0
freez:1.0
startup:1.6931471805599454
call:1.0
appl:3.0794415416798357
hotlin:1.0
800:1.0
so:1.0
three:1.0
alreadi:1.0
final:1.0
agre:1.0
someth:1.6931471805599454
astray:1.0
would:1.6931471805599454
go:1.0
dim:1.0
hard:1.0
drive:1.0
spun:1.0
itselft:1.0
occur:1.0
sent:1.0
box:1.0
ship:1.0
look:1.0
new:1.0
york:1.0
intermitt:1.0
afford:1.0
without:1.0
anyon:1.0
aol:1.0
brianc22:1.0
compuserv:1.0
71251:1.0
3253:1.0
onlin:1.0
commun:1.0
san:1.0
jose:1.0
ca:1.0
ye:1.0
quit:1.6931471805599454
number:1.6931471805599454
peopl:1.0
discus:1.0
includ:1.0
bought:1.0
coupl:1.0
ago:1.0
well:1.0
start:1.0
experi:1.0
via:1.0
dealer:1.0
said:1.0
potenti:1.0
caus:1.0
faulti:1.6931471805599454
applic:1.6931471805599454
third:1.0
parti:1.0
hardwar:2.386294361119891
modem:1.0
memori:1.0
etc:1.0
pram:2.09861228866811
corrupt:2.09861228866811
none:1.0
relev:1.0
case:1.6931471805599454
except:1.0
last:1.0
two:1.0
mayb:1.0
run:1.0
instal:1.0
addit:1.0
found:1.0
clear:1.0
appear:1.6931471805599454
least:1.0
hold:1.6931471805599454
option:1.0
p:1.0
r:1.0
unfortun:1.0
return:1.0
suggest:1.6931471805599454
bug:1.6931471805599454
non:1.0
issu:1.0
init:1.0
appar:1.0
reset:1.6931471805599454
interrupt:1.6931471805599454
button:1.6931471805599454
advic:1.6931471805599454
sinc:2.09861228866811
sure:1.0
mean:1.0
may:1.0
someon:1.0
deciph:1.0
beyond:1.0
follow:1.0
technic:1.0
procedur:1.0
check:1.0
mani:1.0
other:1.6931471805599454
introduc:1.0
somewher:1.0
along:1.0
recent:1.6931471805599454
purchas:1.0
comment:1.0
boat:1.0
welcom:1.0
particularli:1.0
engin:1.0
cheer:1.0
complex:1.0
straight:1.0
forward:1.0
easi:1.0
understand:1.0
wrong:1.0
answer:1.0
