dpb:2.09861228866811
sdchemw2:2.386294361119891
ucsd:2.386294361119891
edu:2.386294361119891
doug:2.09861228866811
p:1.6931471805599454
book:2.09861228866811
subject:1.0
stereo:3.302585092994046
sound:2.9459101490553135
problem:2.9459101490553135
mac:2.09861228866811
game:2.6094379124341005
organ:1.0
uc:1.0
san:1.0
diego:1.0
chemistri:1.0
line:1.0
62:1.0
distribut:1.0
world:1.6931471805599454
repli:1.0
nntp:1.0
post:1.0
host:1.0
keyword:1.0
quadra:2.6094379124341005
900:2.386294361119891
powerbook:2.386294361119891
170:2.6094379124341005
hi:1.0
think:1.0
output:1.0
total:1.0
sure:1.0
roomat:1.0
info:1.0
experi:1.0
anyopn:1.0
would:1.6931471805599454
greatli:1.0
appreci:1.0
hook:1.0
home:1.0
system:2.791759469228055
follow:1.6931471805599454
type:1.0
mono:2.09861228866811
far:1.0
tell:1.0
play:2.6094379124341005
fine:1.0
speaker:2.386294361119891
beep:2.09861228866811
alreadi:1.0
provid:1.6931471805599454
one:2.386294361119891
indigo:1.0
record:1.0
armor:1.0
alley:1.0
spectr:1.6931471805599454
spaceward:1.0
ho:1.0
left:1.6931471805599454
channel:2.09861228866811
lem:2.09861228866811
awesom:1.0
btw:1.0
glider:1.0
4:1.6931471805599454
0:1.0
oid:1.0
still:1.6931471805599454
specif:1.0
referr:1.0
apocolypt:1.0
begin:1.0
roommat:1.0
download:1.0
ftp:1.0
site:1.0
sumex:1.0
symptom:1.0
rommat:1.0
run:1.6931471805599454
ootw:1.0
color:1.0
7:1.6931471805599454
1:1.6931471805599454
anyon:1.0
three:1.0
mention:1.0
get:1.0
ii:1.6931471805599454
class:1.0
lc:1.0
140:1.0
greater:1.0
centri:1.0
se:1.0
30:1.0
etc:1.6931471805599454
machin:2.09861228866811
use:1.6931471805599454
sort:1.0
rememeb:1.0
could:1.6931471805599454
mistaken:1.0
though:1.6931471805599454
quad:1.0
pb:1.0
wonder:1.6931471805599454
apparantli:1.0
written:1.0
support:1.0
least:1.0
come:1.0
like:1.0
rom:1.6931471805599454
knowledg:1.0
mayb:1.0
patch:1.0
thank:1.0
help:1.0
