hardwick:2.791759469228055
panix:2.386294361119891
com:2.09861228866811
paul:2.386294361119891
subject:1.0
pc:2.386294361119891
syquest:2.09861228866811
mac:2.386294361119891
organ:1.0
public:1.0
access:1.0
unix:1.0
nyc:1.0
line:1.0
35:1.0
1qsk6u:1.0
d8l:1.0
usenet:1.0
in:1.0
cwru:1.6931471805599454
edu:1.6931471805599454
rcs8:1.0
po:1.0
robert:1.0
c:1.0
sprecher:1.0
write:1.0
possibl:1.0
ie:1.0
via:1.0
creativ:1.0
cabl:2.386294361119891
splice:1.0
whatev:1.0
hook:1.0
44mb:1.0
remov:1.0
drive:2.09861228866811
differ:2.386294361119891
gut:1.0
thank:1.0
ibm:2.386294361119891
two:1.0
main:1.0
format:1.6931471805599454
disk:1.6931471805599454
correct:1.6931471805599454
softwar:1.0
read:1.6931471805599454
other:1.0
mayb:1.0
depend:1.0
scsi:1.0
board:1.0
get:1.0
softawr:1.0
allow:1.0
mount:1.6931471805599454
br:1.0
abl:1.0
good:1.0
luck:1.0
technic:1.6931471805599454
consult:1.6931471805599454
internet:1.6931471805599454
p:1.6931471805599454
box:1.6931471805599454
1482:1.6931471805599454
mv:1.6931471805599454
sp:1.6931471805599454
xa:1.6931471805599454
esa:1.6931471805599454
voic:1.6931471805599454
212:2.386294361119891
535:1.6931471805599454
0998:1.6931471805599454
ny:2.386294361119891
10274:1.6931471805599454
3rd:1.6931471805599454
parti:1.6931471805599454
addon:1.6931471805599454
fax:1.6931471805599454
pend:1.6931471805599454
