petrack:2.386294361119891
vnet:2.09861228866811
ibm:2.09861228866811
com:2.09861228866811
subject:1.0
serial:2.09861228866811
line:1.6931471805599454
connect:1.6931471805599454
duo:3.4849066497880004
210:2.791759469228055
pc:2.09861228866811
repli:1.0
disclaim:1.0
post:1.0
may:1.0
contain:1.0
view:1.0
news:1.0
softwar:1.6931471805599454
usenet:1.0
3:1.6931471805599454
1:1.6931471805599454
45:1.0
tri:1.0
almost:1.0
everyth:1.0
sun:1.0
get:1.0
null:1.6931471805599454
modem:2.9459101490553135
mac:2.6094379124341005
use:2.386294361119891
mackermit:1.0
versaterm:1.0
side:2.09861228866811
procomm:1.0
kermit:1.0
softerm:1.0
o:1.0
2:1.6931471805599454
p:2.9459101490553135
non:1.0
hardwar:2.6094379124341005
handshak:2.09861228866811
ahdshak:1.0
cabl:1.6931471805599454
know:2.386294361119891
hand:1.0
shake:1.0
effort:1.0
noth:1.0
allow:1.0
file:2.6094379124341005
transfer:2.09861228866811
gener:1.0
type:2.386294361119891
back:1.6931471805599454
forth:1.6931471805599454
troubl:1.0
set:1.0
speed:2.09861228866811
9600:1.0
baud:1.0
send:2.386294361119891
possibl:1.0
straight:1.6931471805599454
ascii:1.6931471805599454
flawlessli:1.0
binhex:1.0
way:1.0
quit:1.0
fast:1.6931471805599454
transmiss:1.0
error:1.6931471805599454
free:1.0
sent:1.0
full:1.0
unless:1.0
cours:1.0
text:1.0
pace:1.0
slow:1.0
like:2.386294361119891
human:1.6931471805599454
well:1.0
time:1.6931471805599454
faster:1.0
would:1.0
hear:1.6931471805599454
anyon:1.6931471805599454
abl:1.0
via:2.09861228866811
plea:1.6931471805599454
tell:1.0
exact:1.0
combin:1.0
obvious:1.0
talk:1.0
true:1.0
port:2.09861228866811
express:1.0
mayb:1.0
kind:1.0
soul:1.0
access:1.0
check:1.6931471805599454
right:1.0
opinion:1.0
work:2.09861228866811
high:1.0
power:1.0
interrupt:1.0
low:1.0
crazi:1.0
reason:1.0
understand:1.0
could:1.6931471805599454
someon:1.0
attest:1.0
realli:1.0
pump:1.0
inform:1.0
sy:1.0
ex:1.0
dump:1.0
help:1.6931471805599454
go:1.6931471805599454
absolut:1.0
insan:1.0
wan:1.0
na:1.0
problem:1.0
ye:1.0
000:1.6931471805599454
zterm:1.6931471805599454
alert:1.0
user:1.0
ct:1.0
also:1.0
accord:1.0
stat:1.0
buffer:1.0
never:1.0
overflow:1.0
figur:1.0
scott:1.0
haifasc3:1.0
