trrrc:1.0
rc:1.6931471805599454
rit:2.09861228866811
edu:1.6931471805599454
thoma:1.0
r:1.0
ridley:1.0
subject:1.0
token:1.6931471805599454
ring:1.6931471805599454
card:1.0
mac:1.0
nntp:1.0
post:1.0
host:1.0
mutsu:1.0
organ:1.0
research:1.0
corp:1.0
distribut:1.0
usa:1.0
line:1.0
6:1.0
look:1.0
recommend:1.0
experi:1.0
bring:1.0
macintosh:1.0
cpu:1.0
onto:1.0
net:1.0
someon:1.0
point:1.0
right:1.0
direct:1.0
inform:1.0
thank:1.0
advanc:1.0
tom:1.0
