hade:1.6931471805599454
coo:1.0
dartmouth:2.09861228866811
edu:1.6931471805599454
brian:1.0
v:1.0
hugh:1.0
subject:1.0
quadra:2.6094379124341005
vram:3.70805020110221
question:2.09861228866811
repli:1.0
organ:1.0
colleg:1.0
hanov:1.0
nh:1.0
line:1.0
39:1.0
disclaim:1.0
person:1.0
realli:2.09861228866811
care:1.0
think:1.0
speak:1.0
moder:1.0
rec:1.0
art:1.0
comic:1.0
info:1.6931471805599454
daniel:1.0
salber:1.6931471805599454
imag:1.0
fr:1.0
write:1.0
regard:1.0
tri:1.0
find:1.0
could:1.0
get:2.386294361119891
precis:1.0
answer:1.0
one:1.0
hand:1.6931471805599454
950:2.6094379124341005
16:2.6094379124341005
monitor:2.09861228866811
capabl:2.09861228866811
32:1.0
bit:2.386294361119891
color:2.6094379124341005
much:1.0
display:1.0
million:1.0
need:1.6931471805599454
2mb:1.6931471805599454
q950:1.0
800:2.09861228866811
8:1.0
must:1.6931471805599454
512:1.0
ko:1.0
correct:2.09861228866811
amount:1.0
board:1.0
q800:1.6931471805599454
come:1.0
would:1.0
like:1.0
take:2.6094379124341005
simm:2.9459101490553135
put:1.6931471805599454
machin:1.0
possibl:1.6931471805599454
ye:2.09861228866811
mani:1.0
technic:1.0
2:1.6931471805599454
leav:1.0
two:1.0
anyth:1.6931471805599454
1:1.6931471805599454
5mb:1.0
know:1.0
1mb:1.6931471805599454
document:1.6931471805599454
mo:1.0
256k:1.0
slot:1.0
motherboard:1.0
bonu:1.0
hide:1.0
seem:1.0
behind:1.0
power:2.09861228866811
suppli:2.09861228866811
access:1.0
yup:1.0
coupl:1.0
screw:1.0
ok:1.0
make:1.0
sure:1.0
everyth:1.0
disconnect:1.0
watch:1.0
static:1.0
discharg:1.0
