hay:2.386294361119891
ug:2.09861228866811
c:2.386294361119891
dal:2.09861228866811
ca:2.09861228866811
kevin:1.6931471805599454
b:1.0
subject:1.0
chang:2.09861228866811
port:1.6931471805599454
buffer:1.6931471805599454
size:1.6931471805599454
zterm:1.6931471805599454
nntp:1.0
post:1.6931471805599454
host:1.0
organ:1.0
math:1.0
stat:1.0
dalhousi:1.6931471805599454
univers:1.6931471805599454
halifax:1.6931471805599454
n:1.0
canada:1.6931471805599454
line:1.0
20:1.0
19930419:1.0
060948:1.0
343:1.0
almaden:1.0
ibm:1.6931471805599454
com:1.6931471805599454
petrack:1.0
vnet:1.0
write:1.0
kind:1.0
soul:1.0
told:1.0
could:2.386294361119891
serial:1.0
via:1.0
resedit:1.6931471805599454
tell:1.6931471805599454
use:1.0
lost:1.0
e:1.0
mail:1.0
address:1.0
one:1.0
el:1.0
plea:2.09861228866811
assum:1.0
relev:1.0
resourc:1.0
zset:1.0
know:1.6931471805599454
chop:1.0
net:1.0
sure:1.0
mani:1.0
other:1.0
would:1.0
like:1.0
thank:1.0
kev:1.0
opinion:1.6931471805599454
necessarili:1.0
reflect:1.0
nova:1.0
scotia:1.0
sue:1.0
