gcohen:1.6931471805599454
mailer:1.6931471805599454
acn:1.0
fsu:1.6931471805599454
edu:1.6931471805599454
gregori:1.0
cohen:1.0
subject:1.6931471805599454
photo:1.6931471805599454
shop:1.6931471805599454
scanner:2.09861228866811
organ:1.0
florida:1.0
state:1.0
univers:1.0
line:1.0
37:1.0
articl:1.0
c5lgii:1.0
euj:1.0
ncube:2.386294361119891
com:2.386294361119891
root:1.6931471805599454
oper:1.6931471805599454
write:1.6931471805599454
date:1.0
fri:1.0
16:1.0
apr:1.0
1993:1.0
20:1.0
49:1.0
30:1.0
gmt:1.0
macc:1.0
iici:1.0
color:1.6931471805599454
scan:1.6931471805599454
pictur:1.6931471805599454
600:1.0
dpi:1.0
tri:1.6931471805599454
print:2.386294361119891
hp500:1.0
printer:1.0
10:1.0
minut:1.0
make:1.0
nois:1.0
mac:1.0
hang:1.0
would:1.0
need:1.6931471805599454
reboot:1.0
mean:1.0
buy:1.0
memori:1.0
5:1.0
0:2.09861228866811
mb:2.09861228866811
also:1.0
50:1.0
disk:1.0
free:1.0
12:1.0
captain:1.0
zod:1.6931471805599454
data:1.0
file:1.6931471805599454
tiff:1.0
anoth:1.0
applic:1.6931471805599454
freehand:1.0
pagemak:1.0
found:1.0
photoshop:1.0
occasion:1.0
problem:1.0
greg:1.0
cc:1.0
infinit:1.0
illus:1.0
juggl:1.0
suppli:1.0
bewar:1.0
fnord:1.0
1:1.0
800:1.0
54torch:1.0
call:1.0
eat:1.0
catalog:1.0
