hade:2.09861228866811
coo:1.0
dartmouth:2.09861228866811
edu:2.386294361119891
brian:1.0
v:1.0
hugh:1.0
subject:1.0
appl:2.9459101490553135
give:1.0
u:1.6931471805599454
confus:2.386294361119891
messag:2.09861228866811
repli:1.0
organ:1.0
colleg:1.0
hanov:1.0
nh:1.0
disclaim:1.0
person:1.0
realli:1.6931471805599454
care:1.0
think:2.09861228866811
speak:1.0
moder:1.0
rec:1.0
art:1.0
comic:1.0
info:1.0
line:1.0
56:1.0
ub:1.0
carson:1.0
washington:1.0
univers:1.0
bookstor:1.0
write:2.09861228866811
bunt0003:1.0
student:1.0
tc:1.0
umn:1.0
monthian:1.0
buntan:1.0
1:1.0
anyon:1.0
know:1.6931471805599454
ambigu:1.0
c650:2.6094379124341005
regard:1.0
fpu:3.70805020110221
mac:1.6931471805599454
price:2.09861228866811
list:2.09861228866811
seen:1.0
everi:1.0
option:2.9459101490553135
discus:1.0
newsgroup:1.6931471805599454
built:2.09861228866811
except:1.0
4:2.09861228866811
80:2.09861228866811
configur:3.0794415416798357
would:1.6931471805599454
unclear:2.09861228866811
issu:1.0
mostli:1.0
fault:1.0
peopl:1.0
literatur:1.0
sinc:1.6931471805599454
two:2.09861228866811
possibl:1.6931471805599454
processor:2.386294361119891
one:2.386294361119891
seem:1.0
even:1.0
though:1.0
plan:1.0
buy:1.0
8:1.0
230:1.0
cd:1.6931471805599454
pretti:1.0
soon:1.0
get:2.6094379124341005
whether:1.6931471805599454
come:2.09861228866811
well:1.0
allow:1.0
end:1.0
lc040:2.386294361119891
base:1.0
say:1.0
good:1.0
question:1.0
wonder:1.0
feb:1.0
10th:1.0
centri:2.386294361119891
650:1.6931471805599454
68rc040:1.6931471805599454
math:1.0
coprocessor:1.0
support:1.6931471805599454
understand:1.0
refer:1.0
purchas:1.0
without:1.0
someth:1.0
suppos:1.0
abl:1.0
request:1.0
want:1.0
done:1.0
given:1.0
buyer:1.0
choic:1.0
offer:1.0
upgrad:2.386294361119891
non:2.09861228866811
system:2.09861228866811
becom:1.0
040:2.6094379124341005
68lc040:1.6931471805599454
replac:1.0
suppli:1.0
anoth:1.6931471805599454
vendor:1.0
fact:1.0
includ:1.0
rom:1.0
machin:1.0
code:1.0
recogn:1.0
presenc:1.0
full:2.386294361119891
use:1.0
therebi:1.0
make:1.0
easi:1.0
switch:1.0
chip:1.6931471805599454
pop:1.6931471805599454
send:1.0
memo:1.6931471805599454
point:1.0
sate:1.0
610:1.0
pin:1.6931471805599454
appar:1.0
match:1.0
swap:1.0
accord:1.0
doubl:1.0
check:1.0
state:1.0
countless:1.0
time:1.0
hardwar:1.0
design:1.0
compat:1.0
c610:1.0
