rjack:1.6931471805599454
austlcm:1.6931471805599454
sp:1.6931471805599454
mot:1.6931471805599454
com:1.6931471805599454
rodney:1.6931471805599454
jack:1.6931471805599454
subject:1.0
appl:2.09861228866811
go:1.6931471805599454
ship:1.0
cd300i:1.6931471805599454
nntp:1.0
post:1.0
host:1.0
223:1.0
8:1.0
248:1.0
12:1.6931471805599454
organ:1.0
motorola:1.0
inc:1.0
austin:1.0
texa:1.0
line:1.0
would:1.0
realli:1.0
like:1.0
get:1.0
one:1.6931471805599454
new:1.0
cdrom:1.0
drive:2.09861228866811
c650:1.0
local:1.0
know:1.6931471805599454
avail:1.6931471805599454
even:1.0
part:1.6931471805599454
number:1.6931471805599454
yet:1.0
anyon:1.0
dealer:1.0
suggest:1.0
buy:1.0
cd300:1.0
extern:1.0
want:1.0
pay:1.0
extra:1.0
case:1.0
power:1.0
suppli:1.0
use:1.0
