fag2:1.0
cunixb:1.6931471805599454
cc:1.6931471805599454
columbia:2.386294361119891
edu:1.6931471805599454
farul:1.6931471805599454
ghazali:1.6931471805599454
subject:1.0
pd:1.6931471805599454
card:1.6931471805599454
lciii:1.6931471805599454
nntp:1.0
post:1.0
host:1.0
organ:1.0
univers:1.6931471805599454
line:1.0
8:1.0
expans:1.0
specif:1.0
take:1.0
advantag:1.0
32:1.0
bit:1.0
data:1.0
path:1.0
25mhz:1.0
clock:1.0
speed:1.0
exist:1.0
significantli:1.0
faster:1.0
lc:1.0
lcii:1.0
version:1.0
citi:1.0
new:1.0
york:1.0
