altan:1.6931471805599454
j:1.6931471805599454
stalker:1.6931471805599454
astalk:1.6931471805599454
nickel:1.6931471805599454
uc:1.6931471805599454
indiana:2.386294361119891
edu:1.6931471805599454
subject:1.0
se:1.6931471805599454
30:1.6931471805599454
hard:1.6931471805599454
drive:2.09861228866811
problem:2.9459101490553135
content:2.09861228866811
type:1.0
text:1.0
plain:1.0
charset:1.0
u:1.0
ascii:1.0
transfer:1.0
encod:1.0
7bit:1.0
organ:1.0
univers:1.6931471805599454
mime:1.0
version:1.0
1:1.0
0:1.0
length:1.0
1161:1.0
line:1.0
33:1.0
80:1.0
meg:1.0
hd:2.09861228866811
date:1.0
back:1.0
april:1.0
1989:1.6931471805599454
origin:1.0
purchas:1.0
experienc:1.0
failur:1.0
boot:2.6094379124341005
fix:1.6931471805599454
soon:1.0
rom:1.0
upgrad:1.0
late:1.0
similar:1.0
occur:1.6931471805599454
comput:2.386294361119891
power:2.386294361119891
light:1.0
flash:1.0
time:1.6931471805599454
given:1.0
disk:1.0
icon:1.0
howev:1.0
upon:1.0
ture:1.0
alway:1.6931471805599454
fine:1.0
furthermor:1.0
instead:1.0
turn:1.6931471805599454
press:1.0
reboot:1.0
button:1.0
said:1.0
work:1.0
differ:1.0
often:1.0
requir:1.6931471805599454
sever:1.0
on:1.0
get:1.6931471805599454
anybodi:1.0
suggest:1.0
wonder:1.0
old:1.0
come:1.0
speed:1.0
pram:1.0
scsi:1.0
set:1.0
allow:1.0
tell:1.0
wait:1.0
littl:1.0
longer:1.0
tri:1.0
access:1.0
thank:1.0
scienc:1.0
dept:1.0
