jbs5g:1.0
faraday:1.0
cla:1.0
virginia:1.6931471805599454
edu:1.0
jame:1.0
b:1.0
sheir:1.0
subject:1.0
scsi:2.09861228866811
ethernet:1.6931471805599454
convert:1.0
sale:1.0
organ:1.0
univers:1.0
distribut:1.0
usa:1.0
line:1.0
6:1.0
strang:1.0
piec:1.0
equip:1.0
unload:1.0
ether:1.0
interfac:1.0
appar:1.0
plug:1.0
port:1.0
way:1.0
save:1.0
slot:1.0
nifti:1.0
well:1.0
assum:1.0
peopl:1.0
know:1.0
judg:1.0
350:1.0
price:1.0
tag:1.0
new:1.0
ask:1.0
say:1.0
75:1.0
anybodi:1.0
interest:1.0
