v:1.0
cckch:1.0
microsoft:1.6931471805599454
com:1.0
kenneth:1.0
charlton:1.0
subject:1.0
jump:1.0
start:1.0
mac:1.0
ii:1.0
organ:1.0
corp:1.0
distribut:1.0
usa:1.0
line:1.0
5:1.0
appl:1.0
dealership:1.0
kit:1.0
replac:1.0
solder:1.6931471805599454
batteri:1.6931471805599454
holder:1.0
real:1.0
easi:1.0
instal:1.0
requir:1.0
