hsieh:2.386294361119891
ipld04:1.0
hac:1.6931471805599454
com:1.6931471805599454
julia:1.6931471805599454
subject:1.0
reach:1.6931471805599454
micron:2.09861228866811
distribut:1.0
na:1.0
line:1.0
15:1.0
anyon:1.0
know:1.0
interest:1.0
get:1.0
specif:1.0
type:1.0
monitor:1.0
work:1.0
xceed:1.0
card:1.0
se:1.0
30:1.0
either:1.0
e:1.0
mail:1.0
phone:1.0
number:1.0
would:1.0
prefer:1.0
answer:1.0
question:1.0
appreci:1.0
repli:1.0
thank:1.0
opinion:1.0
intend:1.0
reflect:1.0
ipld01:1.0
hugh:1.0
aircraft:1.0
compani:1.0
