wstuartj:1.6931471805599454
lucki:1.0
ecn:1.6931471805599454
purdu:2.09861228866811
edu:1.6931471805599454
w:1.0
stuart:2.09861228866811
jone:2.09861228866811
subject:1.0
ad:1.0
vram:2.6094379124341005
quadra:2.386294361119891
800:2.386294361119891
summari:1.0
mani:1.6931471805599454
512k:2.386294361119891
simm:1.6931471805599454
need:2.09861228866811
add:1.6931471805599454
keyword:1.0
organ:1.0
univers:1.0
engin:1.0
comput:1.0
network:1.0
line:1.0
12:1.0
want:1.0
go:1.0
1m:1.0
buy:1.0
current:1.6931471805599454
solder:1.0
board:1.0
take:1.0
thank:1.0
wesley:1.6931471805599454
jonesw:1.0
re:1.0
we:1.0
mot:1.0
com:1.0
