abea:1.0
az:1.6931471805599454
stratu:2.09861228866811
com:1.6931471805599454
art:1.6931471805599454
beatti:1.6931471805599454
subject:1.0
quadra:2.791759469228055
scsi:2.6094379124341005
problem:3.0794415416798357
organ:1.0
comput:1.6931471805599454
inc:1.0
line:1.0
63:1.0
distribut:1.0
world:1.0
nntp:1.0
post:1.0
host:1.0
cababi:1.0
articl:2.386294361119891
katinka:1.6931471805599454
fenk:1.0
wau:1.0
nl:1.0
van:1.0
der:1.0
linden:1.0
write:2.386294361119891
would:1.6931471805599454
like:1.0
info:1.0
anybodi:1.6931471805599454
exabyt:1.0
8500:1.0
tapedr:1.6931471805599454
never:1.0
work:2.6094379124341005
950:1.0
tri:1.0
sinc:1.0
septemb:1.0
1992:1.0
replac:1.0
cabl:2.386294361119891
init:1.0
know:2.6094379124341005
industri:1.0
expert:1.6931471805599454
phone:1.0
dealer:2.09861228866811
appl:1.0
softwar:2.09861228866811
say:1.6931471805599454
fault:1.0
last:1.6931471805599454
thing:1.6931471805599454
said:1.0
need:1.0
special:1.0
termin:3.0794415416798357
thank:1.0
1993apr19:1.0
131311:1.0
25871:1.0
mintaka:1.6931471805599454
lc:2.386294361119891
mit:2.386294361119891
edu:2.791759469228055
nodin:2.386294361119891
mark:2.09861228866811
h:1.6931471805599454
wrote:1.0
c5l39p:1.0
2qz:1.0
news:1.0
udel:1.6931471805599454
johnston:1.6931471805599454
bill:1.0
1993apr16:1.0
144750:1.0
1568:1.0
specif:1.6931471805599454
mention:1.0
messag:1.0
definit:1.0
q700:1.6931471805599454
vener:1.6931471805599454
jasmin:1.6931471805599454
megadr:1.6931471805599454
10:1.0
cartridg:2.791759469228055
drive:2.791759469228055
solut:1.0
get:1.6931471805599454
silverlin:1.0
none:1.0
loop:2.09861228866811
involv:1.0
blind:1.0
fact:1.0
macintosh:1.0
whatev:1.0
mean:1.0
doubt:1.0
rid:1.0
bernoulli:1.0
20:1.6931471805599454
year:1.0
enough:1.0
purchas:1.0
90:1.0
make:1.6931471805599454
whole:1.6931471805599454
worth:1.0
tech:1.0
support:1.0
guy:1.0
ocean:1.0
microsystem:1.0
suggest:1.0
third:1.0
parti:1.0
driver:1.0
might:1.6931471805599454
fix:1.0
case:1.0
format:1.6931471805599454
mount:1.0
partit:1.0
ux:1.0
perfectli:1.0
mac:2.09861228866811
plu:1.0
powerbook:1.0
140:1.0
reason:1.0
assum:1.0
someth:1.0
even:1.6931471805599454
mostli:1.0
ok:1.0
occur:1.0
eject:1.0
start:1.0
pop:1.0
dialog:1.0
box:2.791759469228055
must:2.09861228866811
drivewar:1.0
though:1.0
use:2.09861228866811
pli:1.6931471805599454
soni:1.0
3:1.0
5:1.0
mo:1.6931471805599454
sharp:1.6931471805599454
color:1.0
scanner:1.6931471805599454
standard:1.6931471805599454
iifx:1.0
anoth:1.0
stori:1.0
sure:1.6931471805599454
one:2.09861228866811
end:1.6931471805599454
intern:2.09861228866811
switch:1.6931471805599454
other:1.0
socket:1.6931471805599454
count:1.0
put:1.0
disabl:1.6931471805599454
ie:1.0
pull:1.0
2:1.0
etc:1.0
cover:1.0
experi:1.0
connect:1.0
indic:1.0
packag:1.0
talk:1.0
good:1.0
luck:1.0
speak:1.0
