charl:1.6931471805599454
p:1.6931471805599454
cox:2.386294361119891
jr:1.6931471805599454
snowhit:1.6931471805599454
eeap:1.6931471805599454
cwru:2.6094379124341005
edu:2.6094379124341005
subject:1.0
call:1.0
mac:1.0
guru:1.0
organ:1.0
case:1.6931471805599454
western:1.6931471805599454
reserv:1.6931471805599454
univers:1.6931471805599454
line:1.0
21:1.0
distribut:1.0
world:1.0
nntp:1.0
post:1.0
host:1.0
b61506:1.6931471805599454
student:1.6931471805599454
x:2.09861228866811
userag:1.0
nuntiu:1.0
v1:1.0
1:1.6931471805599454
1d17:1.0
xxmessag:1.0
id:1.0
a7f8ecc4a901f042:1.0
xxdate:1.0
mon:1.0
19:1.0
apr:1.0
93:1.0
04:1.0
56:1.0
52:1.0
gmt:1.0
question:1.0
familiar:1.0
quadra:1.6931471805599454
vram:1.6931471805599454
put:1.6931471805599454
2:1.6931471805599454
256k:1.0
simm:2.09861228866811
700:1.0
slot:2.09861228866811
closest:1.0
ram:1.6931471805599454
got:1.0
result:1.0
whatsoev:1.0
told:1.0
built:1.0
video:1.0
support:1.0
least:1.0
16bit:1.0
mayb:1.0
24bit:1.0
color:2.09861228866811
macintosh:1.0
display:1.0
howev:1.0
monitor:1.6931471805599454
control:1.6931471805599454
panel:1.6931471805599454
still:1.0
list:1.0
8bit:1.0
256:1.0
highest:1.0
possibl:1.0
make:1.0
differ:1.0
someth:1.6931471805599454
activ:1.0
btw:1.0
run:1.0
system:1.0
7:1.0
8:1.0
meg:1.0
comput:1.0
engin:1.0
cpc3:1.0
po:1.0
