mikael:2.386294361119891
fredriksson:2.386294361119891
macexchang:1.6931471805599454
se:1.6931471805599454
subject:1.0
quadra:2.6094379124341005
scsi:1.6931471805599454
problem:3.1972245773362196
x:1.0
mailer:1.0
telefind:1.0
version:1.0
3:1.0
0:1.0
organ:1.0
mac:2.386294361119891
exchang:2.09861228866811
bb:2.6094379124341005
46:2.386294361119891
31:2.386294361119891
948290:1.6931471805599454
fax:1.6931471805599454
948294:1.6931471805599454
pl:1.6931471805599454
3813:1.6931471805599454
437:1.6931471805599454
92:1.6931471805599454
lindom:1.6931471805599454
sweden:2.09861228866811
line:1.6931471805599454
5:1.6931471805599454
articl:1.6931471805599454
c5l39p:1.0
2qz:1.0
news:1.0
udel:1.6931471805599454
edu:2.386294361119891
johnston:1.6931471805599454
bill:1.0
write:2.09861228866811
1993apr16:1.0
144750:1.0
1568:1.0
mintaka:1.0
lc:1.6931471805599454
mit:1.6931471805599454
nodin:1.6931471805599454
mark:1.6931471805599454
h:1.0
know:1.0
specif:1.6931471805599454
mention:1.0
messag:1.6931471805599454
definit:1.0
q700:1.0
vener:1.6931471805599454
jasmin:1.6931471805599454
megadr:1.6931471805599454
10:1.0
cartridg:2.791759469228055
drive:2.6094379124341005
solut:1.0
get:1.6931471805599454
silverlin:1.0
none:1.0
loop:1.6931471805599454
involv:1.0
blind:1.0
work:2.6094379124341005
op:1.0
macintosh:1.0
softwar:1.0
whatev:1.0
mean:1.0
doubt:1.0
rid:1.0
bernoulli:1.0
20:1.0
last:1.0
year:1.0
enough:1.0
purchas:1.0
90:1.0
make:1.0
whole:1.6931471805599454
thing:1.0
worth:1.0
comput:1.6931471805599454
tech:1.6931471805599454
support:1.0
guy:1.0
ocean:1.0
microsystem:1.0
suggest:1.0
third:1.0
parti:1.0
driver:1.0
might:1.0
fix:1.6931471805599454
case:1.0
format:2.386294361119891
mount:1.0
partit:1.0
ux:1.0
hat:1.0
perfectli:1.0
plu:1.0
powerbook:1.0
140:1.0
reason:1.0
assum:1.0
someth:1.0
even:1.6931471805599454
mostli:1.0
ok:1.0
occur:1.0
eject:1.0
would:1.0
start:1.0
pop:1.0
dialog:1.0
box:1.0
say:1.0
must:1.0
drivewar:1.0
though:1.0
confirm:1.0
appl:1.6931471805599454
dealer:1.0
servic:1.0
want:1.0
diskett:1.0
syquest:1.0
ther:1.0
noth:1.0
sytem:1.0
7:1.0
1:1.0
email:1.0
fido:1.0
2:1.0
203:1.0
211:1.0
disclaim:1.0
held:1.0
respons:1.0
content:1.0
