gene:2.386294361119891
jackatak:2.09861228866811
raider:2.09861228866811
net:2.09861228866811
wright:1.6931471805599454
subject:1.0
sound:1.6931471805599454
record:1.0
mac:2.386294361119891
portabl:1.6931471805599454
answer:1.0
lead:1.0
organ:1.0
jack:1.0
amaz:1.0
cockroach:1.0
capitalist:1.0
ventur:1.0
line:1.0
7:1.0
whatev:1.0
equip:1.6931471805599454
work:2.09861228866811
plu:1.0
se:1.0
fine:1.6931471805599454
input:1.0
model:1.0
mention:1.0
macus:1.0
macworld:1.0
615:1.0
377:1.0
5980:1.0
