u8121520:1.0
cc:1.0
nctu:1.0
edu:1.0
tw:1.0
subject:1.0
hi:1.6931471805599454
could:1.6931471805599454
join:1.0
organ:1.0
nation:1.0
chiao:1.0
tung:1.0
univers:1.0
x:1.0
newsread:1.0
tin:1.0
version:1.0
1:1.6931471805599454
pl6:1.0
line:1.0
7:1.0
anybodi:1.6931471805599454
known:1.0
much:1.0
buy:2.09861228866811
ethernet:1.0
card:1.0
mac:1.6931471805599454
se:1.6931471805599454
besid:1.0
goto:1.0
mail:1.0
order:1.0
brand:1.0
suitabl:1.0
network:1.0
coxial:1.0
wire:1.0
thank:1.6931471805599454
lot:1.0
tell:1.0
