wstomv:1.6931471805599454
wsinpa04:1.6931471805599454
win:2.09861228866811
tue:2.09861228866811
nl:2.386294361119891
tom:1.0
verhoeff:1.0
subject:1.0
deskwrit:2.09861228866811
driver:1.6931471805599454
3:2.386294361119891
1:2.791759469228055
instal:2.09861228866811
organ:1.0
eindhoven:2.09861228866811
univ:1.0
technolog:1.6931471805599454
netherland:1.6931471805599454
line:1.0
15:1.0
nntp:1.0
post:1.0
host:1.0
keyword:1.0
hp:1.0
dw:1.6931471805599454
system:1.6931471805599454
7:1.6931471805599454
recent:1.0
upgrad:1.6931471805599454
also:1.0
2:1.6931471805599454
got:1.0
softwar:1.0
sumex:1.0
clear:1.0
someon:1.0
tell:1.0
file:1.0
come:1.0
go:1.0
purpos:1.0
left:1.0
instanc:1.0
want:1.0
background:1.0
print:1.0
thank:1.0
ttom:1.0
internet:1.0
univers:1.0
voic:1.0
31:1.6931471805599454
40:1.6931471805599454
47:1.0
41:1.0
25:1.0
dept:1.0
mathemat:1.0
comput:1.0
scienc:1.0
fax:1.0
43:1.0
66:1.0
85:1.0
po:1.0
box:1.0
513:1.0
5600:1.0
mb:1.0
