cm51:1.6931471805599454
lafibm:1.6931471805599454
lafayett:1.6931471805599454
edu:1.0
subject:1.0
half:1.0
page:1.0
hand:1.0
scanner:1.0
organ:1.0
colleg:1.0
line:1.0
6:1.0
origin:1.0
news:1.0
lafcol:1.0
nntp:1.0
post:1.0
host:1.0
anyon:1.0
use:1.0
greyscal:1.0
handscann:1.0
think:1.0
buy:1.0
one:1.0
inexpens:1.0
logitech:1.0
pretti:1.0
good:1.0
need:1.0
super:1.0
high:1.0
qualiti:1.0
scan:1.0
want:1.0
worth:1.0
thank:1.0
advanc:1.0
mike:1.0
charl:1.0
