averi:2.09861228866811
gestalt:1.0
stanford:1.6931471805599454
edu:1.0
wang:1.0
subject:1.0
serial:2.386294361119891
line:1.6931471805599454
connect:2.09861228866811
duo:3.1972245773362196
210:2.6094379124341005
pc:2.386294361119891
organ:1.0
dso:1.0
univers:1.0
41:1.0
articl:1.0
19930419:1.0
062907:1.0
155:1.0
almaden:1.0
ibm:1.6931471805599454
com:1.6931471805599454
petrack:1.0
vnet:1.0
write:1.0
tri:2.09861228866811
almost:1.0
everyth:1.0
sun:1.0
get:1.6931471805599454
null:1.0
modem:1.6931471805599454
mac:2.386294361119891
use:2.6094379124341005
mackermit:1.0
versaterm:1.0
side:2.09861228866811
procomm:1.0
kermit:1.6931471805599454
softerm:1.0
o:1.0
2:1.0
p:1.6931471805599454
non:1.0
hardwar:1.6931471805599454
handshak:2.6094379124341005
ahdshak:1.0
cabl:1.0
know:2.386294361119891
hand:1.0
shake:1.0
effort:1.0
noth:1.0
allow:1.0
file:1.6931471805599454
transfer:1.0
could:2.386294361119891
hear:1.0
someon:1.0
attest:1.0
realli:1.0
pump:1.0
inform:1.0
port:1.0
fast:1.0
like:1.6931471805599454
via:1.6931471805599454
sy:1.0
ex:1.0
dump:1.0
anyon:1.0
help:1.6931471805599454
go:1.0
absolut:1.0
insan:1.0
wan:1.0
na:1.0
problem:2.6094379124341005
hmmm:1.0
sound:1.0
vagu:1.0
similar:1.0
long:1.0
time:1.0
ago:1.0
build:1.0
next:2.386294361119891
think:1.6931471805599454
basic:1.0
need:1.0
make:1.0
sure:1.0
protocol:1.6931471805599454
safe:1.0
place:1.0
start:1.0
select:1.0
either:1.0
end:1.0
one:1.6931471805599454
zilog:1.6931471805599454
chip:1.6931471805599454
seem:1.0
perman:1.0
wedg:1.6931471805599454
talk:1.0
wrong:1.6931471805599454
reset:1.6931471805599454
clear:1.0
specif:1.0
nonlinear:1.0
screw:1.6931471805599454
attempt:1.0
debug:1.0
system:1.0
well:1.0
thing:1.0
right:1.0
eventu:1.0
move:1.0
bad:1.0
correct:1.0
action:1.0
machin:1.0
also:1.0
way:1.0
send:1.0
back:1.0
forth:1.0
without:1.0
pretti:1.6931471805599454
high:1.0
speed:1.0
kind:1.0
8530:1.0
standard:1.0
hope:1.0
