mantolov:1.0
golum:1.0
riv:1.6931471805599454
csu:2.09861228866811
edu:2.6094379124341005
au:2.09861228866811
michael:1.6931471805599454
antolovich:2.09861228866811
subject:1.0
ethernet:1.6931471805599454
card:1.6931471805599454
use:1.0
rose:2.09861228866811
organ:1.0
charl:1.0
sturt:1.0
univers:1.0
riverina:1.0
wagga:2.386294361119891
nsw:1.0
australia:1.0
line:1.0
11:1.0
articl:1.0
aaron:2.09861228866811
bratcher:2.09861228866811
140493082909:1.0
fpm:1.6931471805599454
mac:1.0
1:1.0
uchicago:1.6931471805599454
write:1.0
anyon:1.0
know:1.0
take:1.0
advantag:1.0
extens:1.6931471805599454
anyway:1.0
tmichael:1.0
great:1.0
place:1.0
mantolovich:1.0
zac:1.0
