subject:1.0
monitor:2.386294361119891
shut:1.0
13:2.09861228866811
hi:2.386294361119891
re:2.09861228866811
sadam:1.0
ei:1.0
calstat:1.0
edu:2.6094379124341005
steven:1.0
adam:1.0
organ:1.0
calif:1.0
state:1.0
univ:1.0
electron:1.0
inform:1.0
servic:2.6094379124341005
line:1.0
34:1.0
luck:1.0
howev:1.0
call:1.0
local:1.0
appl:2.09861228866811
dealer:1.6931471805599454
said:1.0
think:1.6931471805599454
serial:1.6931471805599454
number:1.6931471805599454
machin:1.0
cover:1.0
begin:1.0
either:1.0
70:1.0
53:1.0
56:1.0
mayb:1.0
one:1.0
also:1.0
told:1.0
extend:1.0
anoth:1.0
year:1.6931471805599454
still:1.0
hope:1.0
get:1.6931471805599454
jeffh:1.6931471805599454
ludwig:1.6931471805599454
cc:1.6931471805599454
uoregon:1.6931471805599454
jeff:1.6931471805599454
hite:1.6931471805599454
write:1.6931471805599454
articl:1.0
1993apr15:1.0
183527:1.0
3365:1.0
guvax:1.6931471805599454
acc:1.6931471805599454
georgetown:1.6931471805599454
hew:1.0
defect:1.0
bring:1.0
replac:1.6931471805599454
flyback:1.0
free:2.09861228866811
ti:1.0
heard:1.0
problem:1.0
work:1.0
today:1.0
fix:1.6931471805599454
r:1.6931471805599454
notic:1.0
expir:1.0
3:1.6931471805599454
23:1.6931471805599454
93:1.0
date:1.0
reimburs:1.0
provid:1.6931471805599454
voltag:1.0
capacitor:1.0
folk:1.0
put:1.0
intermitt:1.0
shutdown:1.0
without:1.0
miss:1.0
freebi:1.0
forc:1.0
got:1.6931471805599454
deal:1.0
comput:1.0
center:1.0
u:1.0
oregon:1.0
