ferch:1.6931471805599454
uc:1.6931471805599454
ubc:1.6931471805599454
ca:1.6931471805599454
le:1.0
subject:1.0
appl:1.0
go:1.0
ship:1.0
cd300i:1.0
organ:1.0
univers:1.0
british:1.0
columbia:1.0
line:1.0
5:1.0
nntp:1.0
post:1.0
host:1.0
swiss:1.0
note:1.0
get:1.0
extern:1.0
cd300:1.0
centri:1.0
q800:1.0
miss:1.0
sound:2.09861228866811
mix:1.0
featur:1.0
unless:1.6931471805599454
will:1.0
run:1.0
wire:1.0
motherboard:1.0
input:1.6931471805599454
connector:1.0
stereo:1.0
output:1.0
cd:1.0
connect:1.0
port:1.0
back:1.0
comput:1.0
live:1.0
mono:1.0
