frodel:1.0
dhhalden:1.0
frode:1.0
lundemo:1.0
subject:1.0
appl:1.6931471805599454
13:1.6931471805599454
giong:1.0
brighter:2.09861228866811
nntp:1.0
post:1.0
host:1.0
pc138:1.0
organ:1.0
ostfold:1.0
region:1.0
colleg:1.0
line:1.0
4:1.0
rgb:1.0
monitor:1.0
past:1.0
month:1.0
gone:1.0
color:1.0
rich:1.0
anyon:1.6931471805599454
encount:1.0
similar:1.0
problem:1.6931471805599454
dow:1.0
happen:1.0
know:1.0
may:1.0
due:1.0
