anielsen:1.6931471805599454
uniwa:1.6931471805599454
uwa:1.6931471805599454
edu:1.6931471805599454
au:2.09861228866811
andrew:1.6931471805599454
nielsen:1.6931471805599454
subject:1.0
versatec:1.6931471805599454
plotter:1.6931471805599454
ppd:1.6931471805599454
organ:1.0
univers:1.0
western:1.0
australia:1.6931471805599454
line:1.0
13:1.0
distribut:1.0
world:1.6931471805599454
nntp:1.0
post:1.0
host:1.0
x:1.0
newsread:1.0
tin:1.0
1:1.6931471805599454
pl5:1.0
hello:1.0
anyon:1.0
know:1.0
postscript:1.6931471805599454
a0:1.0
size:1.0
gener:1.0
access:1.0
via:1.0
zeh:1.0
interpret:1.0
repli:1.0
e:1.0
mail:1.0
grate:1.0
receiv:1.0
prove:1.0
quit:1.0
tricki:1.0
one:1.0
internet:1.0
dialix:1.0
oz:1.0
advanc:1.0
system:1.0
consult:1.0
applelink:1.0
aust0278:1.0
applecentr:1.0
perth:1.6931471805599454
69:1.0
adelaid:1.0
tce:1.0
tel:1.0
61:1.6931471805599454
9:1.6931471805599454
2214511:1.0
wa:1.0
6004:1.0
fax:1.0
2212527:1.0
opinion:1.0
express:1.0
employ:1.0
