blob:1.6931471805599454
appl:2.791759469228055
com:2.386294361119891
brian:1.6931471805599454
bechtel:1.6931471805599454
subject:1.0
driver:2.09861228866811
cd:2.09861228866811
rom:2.09861228866811
organ:1.0
comput:1.0
inc:1.6931471805599454
cupertino:1.0
california:1.0
line:1.0
44:1.0
nntp:1.0
post:1.0
host:1.0
sakelley:1.0
jeev:1.0
ucsd:1.0
edu:1.0
scott:1.0
kelley:1.0
write:1.0
anybodi:1.0
know:1.0
could:1.0
find:1.0
futur:1.0
echo:1.0
infomasst:1.0
sic:1.0
cde:1.0
600:1.0
drive:2.09861228866811
friend:1.0
run:1.0
pc:1.0
would:1.0
like:1.0
use:1.6931471805599454
mac:1.0
contact:1.0
gener:1.0
toptic:1.6931471805599454
access:1.0
intern:1.6931471805599454
t800:1.0
west:1.0
cum:1.0
park:1.0
suit:1.6931471805599454
2050:1.0
twoburn:1.0
01801:1.0
617:1.6931471805599454
937:1.6931471805599454
3910:1.0
3950:1.0
fax:2.09861228866811
tapplelink:2.6094379124341005
oai:1.0
tfwb:1.0
t2040:1.0
polk:1.0
street:1.0
215:1.0
tsan:1.0
francisco:1.0
ca:2.09861228866811
94109:1.0
415:2.386294361119891
474:1.0
8055:1.0
775:1.0
2125:1.0
fwb:1.0
medium:1.0
t180:1.0
knowl:1.0
tlo:1.0
gato:1.0
95030:1.0
408:1.6931471805599454
376:1.6931471805599454
3511:1.0
3519:1.0
omi:1.0
ttrantor:1.0
system:1.0
intel:1.0
architectur:1.0
machin:1.0
t5415:1.0
randal:1.0
place:1.0
tfremont:1.0
94538:1.0
770:1.0
1400:1.0
trantor:1.0
tsoftwar:1.0
architect:1.0
verifi:1.6931471805599454
t11812:1.0
north:1.0
creek:1.0
parkway:1.0
n:1.0
tsuit:1.0
202:1.0
tbothel:1.0
wa:1.0
98011:1.0
softarch:1.0
dev:1.0
tcasa:1.0
blanca:1.0
work:1.0
461:1.0
2227:1.0
applelink:2.386294361119891
cbwork:1.0
send:1.0
messag:1.0
someon:1.0
form:1.0
address:2.09861228866811
replac:1.0
appropri:1.0
opinion:1.0
