dale:2.09861228866811
adam:2.09861228866811
gateway:1.0
qm:1.0
appl:1.6931471805599454
com:1.0
subject:1.0
ad:1.0
vram:2.791759469228055
quadra:2.09861228866811
800:1.6931471805599454
organ:1.0
comput:1.0
inc:1.0
cupertino:1.0
ca:1.0
line:1.0
13:1.0
articl:1.0
wstuartj:1.6931471805599454
735273842:1.0
lucki:1.6931471805599454
ecn:1.6931471805599454
purdu:1.6931471805599454
edu:1.6931471805599454
w:1.0
stuart:1.0
jone:1.0
write:1.0
want:1.0
go:1.0
512k:2.6094379124341005
1m:1.0
mani:1.0
simm:2.386294361119891
need:2.09861228866811
buy:1.0
current:1.6931471805599454
solder:1.6931471805599454
board:1.6931471805599454
take:1.0
add:2.09861228866811
two:1.6931471805599454
256k:1.6931471805599454
work:1.0
centri:1.0
machin:1.0
alreadi:1.0
logic:1.0
give:1.0
total:1.0
1:1.0
mb:1.0
