am:1.6931471805599454
auspex:2.6094379124341005
com:2.09861228866811
allan:2.09861228866811
schwartz:1.6931471805599454
subject:1.0
make:1.0
intern:1.0
hard:1.0
disk:1.0
extern:1.0
organ:1.0
system:1.0
santa:1.0
clara:1.0
line:1.0
29:1.0
nntp:1.0
post:1.0
host:1.0
difficult:1.0
oper:1.0
cabl:1.0
standard:1.0
except:1.0
scsi:2.386294361119891
id:2.386294361119891
usual:1.0
three:1.0
jumper:2.386294361119891
pad:1.6931471805599454
label:1.0
a0:1.6931471805599454
a2:1.6931471805599454
quantum:1.0
tri:1.0
put:1.0
40mb:1.0
drive:2.386294361119891
lc:1.0
case:1.0
conner:1.0
cp3040a:1.0
figur:1.0
anyon:1.6931471805599454
familiar:1.0
end:1.0
oposit:1.0
50:1.0
pin:2.6094379124341005
pibbon:1.0
connector:1.0
eleven:1.0
look:1.0
like:1.0
1:1.6931471805599454
2:1.0
l5:1.6931471805599454
cr12:1.6931471805599454
c37:1.6931471805599454
repres:1.0
silk:1.6931471805599454
screen:1.6931471805599454
notat:1.0
near:1.0
elsewher:1.0
board:1.0
four:1.0
mark:1.0
e1:1.0
e2:1.0
e3:1.0
e4:1.0
know:1.0
a1:1.0
activ:1.0
light:1.0
led:1.0
plug:1.0
408:1.0
492:1.0
0900:1.0
