boylan:3.0794415416798357
sltg04:1.6931471805599454
ljo:1.6931471805599454
dec:2.09861228866811
com:2.386294361119891
steve:2.386294361119891
subject:1.0
christian:1.0
daemon:1.0
biblic:1.0
demon:1.0
updat:1.0
repli:1.0
ljohub:1.0
enet:1.0
organ:1.0
digit:1.0
equip:1.0
corpor:1.0
line:1.0
61:1.0
articl:1.0
1993apr1:1.0
024850:1.0
20111:1.0
sradzi:2.386294361119891
uucp:2.09861228866811
radzi:2.386294361119891
radzykewycz:1.6931471805599454
write:2.386294361119891
swaim:1.6931471805599454
owlnet:1.0
rice:1.0
edu:1.0
michael:1.0
park:1.0
666:1.0
file:2.09861228866811
permiss:2.09861228866811
beast:3.9444389791664403
sorri:1.0
600:1.0
home:1.0
directori:1.0
700:1.6931471805599454
hey:1.0
must:1.0
depend:1.0
system:1.6931471805599454
access:1.0
polici:1.0
get:1.6931471805599454
l:1.0
lg:1.0
usr:3.4849066497880004
user:3.6390573296152584
ttotal:1.0
3:1.0
tdrwxrwxrwx:1.0
22:1.0
1536:1.0
jan:1.0
01:1.0
1970:1.0
tdrwxr:1.6931471805599454
x:2.09861228866811
32:1.0
2048:1.0
mar:1.0
31:1.0
09:1.0
08:1.0
xr:1.0
2:1.0
guest:1.6931471805599454
512:1.0
sep:1.0
18:1.0
1992:1.0
su:1.6931471805599454
tpassword:1.0
troot:1.6931471805599454
tbeast:2.09861228866811
umask:1.6931471805599454
t111:1.0
minut:1.0
grep:1.0
etc:1.0
passwd:1.0
k5tuk76rauogq:1.0
497:1.0
0:1.0
walt:1.0
disney:1.0
mv:1.0
profil:3.1972245773362196
echo:1.0
077:1.0
cat:1.6931471805599454
tchmod:1.0
tmv:2.09861228866811
mailrc:2.386294361119891
techo:1.0
log:1.0
mail:1.6931471805599454
jack:1.0
sn:1.0
chmod:1.0
777:1.0
wait:1.0
final:1.0
think:1.0
made:1.0
mistak:1.0
check:1.0
see:1.0
run:1.0
ultrix:1.0
miss:1.0
49th:1.0
new:1.0
england:1.0
folk:1.0
festiv:1.0
april:1.0
23:1.0
25:1.0
1993:1.0
natick:1.0
massachusett:1.0
