joslin:1.6931471805599454
pogo:1.0
isp:1.0
pitt:1.0
edu:1.6931471805599454
david:1.0
subject:1.0
food:1.0
thought:1.0
tyre:1.0
organ:1.0
intellig:1.0
system:1.0
program:1.0
line:1.0
10:1.0
af664:1.0
yfn:1.0
ysu:1.0
frank:1.0
decenso:1.0
jr:1.0
write:1.0
pp:1.0
give:1.0
mani:1.6931471805599454
clue:1.6931471805599454
enough:1.0
substanc:1.0
ask:1.0
lot:1.0
good:1.0
question:1.6931471805599454
though:1.0
worri:1.0
inerrantist:1.0
let:1.0
know:1.0
readi:1.0
get:1.0
seriou:1.0
dj:1.0
