subject:1.0
christian:2.791759469228055
devil:2.6094379124341005
reveal:1.0
pharvey:1.0
quack:1.0
kfu:1.0
com:1.0
paul:1.0
harvey:1.0
organ:1.0
duck:1.0
pond:1.0
public:1.0
unix:1.0
1:1.0
408:1.0
249:1.0
9630:1.0
log:1.0
guest:1.0
line:1.0
56:1.0
puzzl:1.0
concept:1.0
adam:1.0
eve:1.0
come:1.6931471805599454
know:2.09861228866811
good:3.0794415416798357
evil:2.386294361119891
resolv:1.0
within:1.6931471805599454
god:2.09861228866811
univers:1.0
action:1.0
evok:1.0
equal:1.0
opposit:1.6931471805599454
reaction:1.0
without:1.0
issu:1.0
give:1.6931471805599454
allegi:1.0
even:1.6931471805599454
sin:2.386294361119891
state:1.0
perform:1.6931471805599454
act:1.6931471805599454
submit:1.0
place:1.6931471805599454
account:1.0
rom:1.6931471805599454
4:1.0
8:1.0
vein:1.0
deed:1.0
book:1.0
life:2.09861228866811
control:1.0
still:1.0
see:2.386294361119891
14:1.0
23:1.0
take:2.09861228866811
look:1.0
tell:1.6931471805599454
man:2.791759469228055
real:1.6931471805599454
viru:1.0
meme:1.0
infect:1.0
posse:1.0
peopl:2.6094379124341005
keep:2.09861228866811
em:1.0
becom:1.0
human:1.0
be:1.0
emphasi:1.0
matter:2.09861228866811
vex:1.0
burn:1.0
lynch:1.0
rape:1.0
wise:1.0
let:1.6931471805599454
rise:1.0
el:1.0
explain:1.6931471805599454
five:1.0
hundr:1.0
year:1.0
histori:1.0
invok:1.0
knock:1.0
got:2.09861228866811
understand:1.0
live:1.6931471805599454
walk:1.0
right:1.6931471805599454
sit:1.0
love:2.791759469228055
play:1.0
clown:1.0
bend:1.0
low:1.0
yah:1.6931471805599454
buke:1.0
brother:1.0
stone:1.0
woe:2.9459101490553135
hung:1.0
tree:1.0
gang:1.0
honest:1.0
want:2.791759469228055
somewher:2.09861228866811
hallelujah:1.6931471805599454
lay:1.0
head:1.0
ska:1.0
beat:1.0
eaven:1.0
stiff:1.6931471805599454
neck:1.6931471805599454
fool:2.386294361119891
think:1.6931471805599454
cool:1.6931471805599454
deni:1.6931471805599454
simplic:1.6931471805599454
ye:2.6094379124341005
gone:1.0
long:1.0
vaniti:1.6931471805599454
wrong:1.6931471805599454
interpret:1.6931471805599454
mix:1.6931471805599454
vain:2.09861228866811
imagin:1.6931471805599454
jah:3.0794415416798357
sun:1.6931471805599454
moon:1.6931471805599454
rain:1.6931471805599454
star:1.6931471805599454
forev:1.6931471805599454
era:1.6931471805599454
fantasi:1.6931471805599454
yeah:1.6931471805599454
lip:1.0
righteou:1.6931471805599454
teach:1.0
mani:1.0
die:1.0
wisdom:1.0
rich:1.0
wealth:1.6931471805599454
citi:1.0
holi:1.0
destruct:1.6931471805599454
poor:1.0
poverti:1.0
soul:1.0
rule:1.0
ya:2.09861228866811
school:1.0
thing:1.0
might:1.0
never:1.0
oh:1.0
move:1.0
rhythm:1.0
danc:1.0
great:1.0
joy:1.0
feel:1.0
sweet:1.0
togeth:1.0
everyon:1.0
best:1.0
remind:1.0
day:1.6931471805599454
jericho:1.6931471805599454
trodden:1.0
wall:1.0
trod:1.6931471805599454
true:1.0
babylon:2.09861228866811
gon:1.0
na:1.0
fall:1.0
saw:1.0
angel:1.0
seven:1.0
seal:1.0
say:1.0
throne:1.0
go:1.0
weep:1.0
wail:1.0
tonight:1.0
