bobsarv:1.0
microsoft:1.6931471805599454
com:1.0
bob:1.0
sarver:1.0
subject:1.0
question:1.6931471805599454
popular:1.0
moral:3.5649493574615367
organ:1.0
corp:1.0
distribut:1.0
usa:1.0
line:1.0
123:1.0
hudson:3.1972245773362196
ye:1.0
say:2.386294361119891
immor:2.386294361119891
onesself:1.0
experi:1.0
pain:1.0
hurt:2.6094379124341005
way:1.0
mayb:1.6931471805599454
unpleas:1.0
anyth:1.6931471805599454
violat:1.6931471805599454
free:1.0
deriv:1.6931471805599454
someon:2.09861228866811
el:1.0
entir:1.0
selfish:2.6094379124341005
motiv:1.6931471805599454
exampl:1.6931471805599454
wrong:2.09861228866811
peopl:2.6094379124341005
make:2.386294361119891
le:1.6931471805599454
product:1.6931471805599454
member:2.09861228866811
societi:3.1972245773362196
screw:1.0
defin:1.6931471805599454
right:2.09861228866811
also:2.09861228866811
accept:3.0794415416798357
social:1.6931471805599454
behavior:1.6931471805599454
without:1.0
overton:1.0
good:1.6931471805599454
evil:1.6931471805599454
pick:1.0
trash:1.0
realli:1.0
issu:1.0
etern:1.0
sen:1.6931471805599454
yet:1.0
definit:1.6931471805599454
word:1.0
caus:1.6931471805599454
trip:1.0
sinc:1.0
want:2.6094379124341005
maxim:1.0
gain:1.6931471805599454
anoth:1.6931471805599454
action:1.6931471805599454
might:2.386294361119891
cut:1.0
much:1.6931471805599454
benefit:2.386294361119891
somehow:1.0
relat:1.0
shoot:1.6931471805599454
foot:1.0
feel:1.0
person:2.09861228866811
enhanc:1.0
would:1.6931471805599454
damag:1.0
deplet:1.0
overal:1.0
resourc:1.0
someth:1.6931471805599454
help:1.0
immensli:1.0
irrat:1.0
think:1.6931471805599454
may:2.386294361119891
death:1.0
atom:1.0
destruct:1.0
sublim:1.0
wonder:1.0
thing:1.0
go:1.0
let:1.6931471805599454
execut:1.0
idea:1.6931471805599454
simpli:1.0
mind:1.0
prevent:1.0
spot:1.0
stop:1.6931471805599454
madman:1.0
see:1.6931471805599454
one:2.386294361119891
even:1.6931471805599454
interfer:1.6931471805599454
life:1.6931471805599454
differ:1.0
live:1.0
affect:1.0
central:1.6931471805599454
charact:1.6931471805599454
dostoevski:1.0
novel:1.0
crime:1.0
punish:1.0
r:1.0
reason:1.6931471805599454
kill:2.09861228866811
old:1.0
jewish:1.0
woman:1.0
stole:1.0
money:1.6931471805599454
educ:1.0
establish:1.0
financi:1.0
could:1.0
great:1.6931471805599454
contribut:1.0
profit:1.0
collect:1.0
rent:1.0
hoard:1.0
point:1.0
system:1.0
intern:1.6931471805599454
consist:2.09861228866811
premis:2.09861228866811
end:1.0
justifi:1.0
mean:1.0
order:1.0
must:1.0
day:1.6931471805599454
appli:1.0
standard:2.09861228866811
unwil:1.6931471805599454
will:1.0
behav:1.6931471805599454
inconsist:1.0
footbal:1.0
delet:1.0
suppos:1.0
freshman:2.386294361119891
bench:1.0
get:1.6931471805599454
play:2.386294361119891
player:2.09861228866811
field:1.0
court:1.0
injur:1.0
big:1.0
game:2.09861228866811
talent:2.09861228866811
scout:2.09861228866811
team:2.09861228866811
slightli:1.0
lessen:1.0
chanc:1.0
win:2.09861228866811
oper:1.0
pure:1.0
arrang:1.0
sniper:1.0
leg:1.0
front:1.6931471805599454
intent:1.0
sometim:1.0
gener:1.0
appar:1.0
alway:1.0
two:1.0
problem:1.6931471805599454
bat:1.0
1:1.0
analog:1.6931471805599454
address:1.6931471805599454
goal:1.6931471805599454
start:1.0
tri:1.0
creat:1.0
keep:1.0
ultim:1.0
2:1.0
fact:1.0
happen:1.0
