ad354:2.09861228866811
freenet:2.386294361119891
carleton:2.09861228866811
ca:2.09861228866811
jame:2.09861228866811
owen:2.09861228866811
subject:1.0
666:1.6931471805599454
number:1.0
beast:1.0
viewer:1.0
discret:1.0
advis:1.0
repli:1.0
organ:1.0
nation:1.0
capit:1.0
line:1.0
13:1.0
un:1.0
resolut:1.0
guarante:1.0
humanitarian:1.0
aid:1.6931471805599454
get:1.6931471805599454
irag:1.0
gulf:1.0
war:2.09861228866811
still:1.0
tri:1.0
smoke:1.0
saddam:1.0
middl:1.0
east:1.0
talk:1.0
religi:1.0
rant:1.0
ottawa:1.0
ontario:1.0
canada:1.0
