jmeritt:1.0
mental:1.0
mitr:1.0
org:1.0
subject:1.0
god:1.0
promis:1.0
righteou:2.09861228866811
organ:1.0
utexa:1.6931471805599454
mail:1.0
news:1.0
gateway:1.0
line:1.0
3:1.0
nntp:1.0
post:1.0
host:1.0
c:1.0
edu:1.0
p:1.0
92:1.0
12:1.0
shall:1.0
flourish:1.0
like:1.0
palm:1.0
tree:1.0
isa:1.0
57:1.0
1:1.0
perisheth:1.0
man:1.0
layeth:1.0
heart:1.0
