bskendig:1.6931471805599454
netcom:1.6931471805599454
com:1.6931471805599454
brian:2.791759469228055
kendig:2.386294361119891
subject:1.0
14:1.0
apr:1.0
93:1.0
god:1.6931471805599454
promis:1.0
1:1.6931471805599454
john:1.0
7:1.0
organ:1.0
starfleet:1.0
headquart:1.0
san:1.0
francisco:1.0
line:1.0
47:1.0
lpl:1.0
arizona:1.0
edu:1.0
ceccarelli:1.0
602:1.0
621:1.0
9615:1.0
write:1.0
contort:1.0
tit:1.0
light:1.0
clean:1.0
tif:1.0
taint:1.0
blood:2.09861228866811
tof:1.0
innoc:1.6931471805599454
man:1.6931471805599454
show:1.6931471805599454
dark:1.0
fundament:1.0
basic:1.0
old:1.6931471805599454
testament:1.6931471805599454
concept:1.0
like:1.0
santif:1.0
lev:1.6931471805599454
17:1.6931471805599454
11:1.6931471805599454
must:1.0
foreign:1.0
bad:1.6931471805599454
interest:1.0
understand:2.09861228866811
prefer:1.0
blurt:1.0
folli:1.0
even:2.09861228866811
shame:1.0
life:1.6931471805599454
flesh:1.0
given:1.0
upon:1.0
altar:1.0
make:2.09861228866811
aton:1.6931471805599454
soul:1.6931471805599454
big:1.0
eye:1.6931471805599454
busi:1.0
sen:1.0
leviticu:1.0
would:2.09861228866811
support:1.0
physic:1.0
injuri:1.0
repay:1.0
moral:1.0
wrongdo:1.0
know:1.6931471805599454
sanctif:1.0
taught:1.0
sunday:1.0
school:1.0
catech:1.0
class:1.6931471805599454
theolog:1.0
still:1.6931471805599454
accept:2.09861228866811
mayb:1.6931471805599454
well:1.0
bottom:1.0
heart:1.0
punish:1.0
wrong:1.0
tri:1.0
repeatedli:1.0
cours:1.0
sever:1.0
year:1.0
mean:1.6931471805599454
premis:1.0
allow:1.0
perfectli:1.0
good:1.6931471805599454
ignor:1.0
u:1.0
next:1.0
guess:1.0
wait:1.0
till:1.0
tomorrow:1.0
explain:1.0
death:1.0
jesu:1.0
thing:1.0
glad:1.0
hear:1.0
might:1.0
convert:1.0
warn:1.0
howev:1.0
heard:1.0
common:1.0
argument:1.0
convinc:1.0
je:2.09861228866811
ne:1.6931471805599454
sui:1.6931471805599454
fait:1.6931471805599454
comm:1.6931471805599454
aucun:1.6931471805599454
de:1.6931471805599454
ceux:1.6931471805599454
que:1.0
j:1.6931471805599454
ai:1.0
vu:1.0
ose:1.0
croir:1.0
n:1.0
etr:1.0
qui:1.0
exist:1.0
si:1.0
vaux:1.0
pa:1.0
mieux:1.0
au:1.0
moin:1.0
autr:1.0
end:1.0
rousseau:1.0
