ekr:2.09861228866811
kyle:1.6931471805599454
eitech:2.09861228866811
com:2.6094379124341005
eric:1.6931471805599454
rescorla:1.6931471805599454
subject:1.6931471805599454
2000:1.0
year:1.0
say:1.6931471805599454
christian:1.0
moral:2.09861228866811
organ:1.0
eit:1.0
line:1.0
29:1.0
nntp:1.0
post:1.0
host:1.0
articl:2.09861228866811
1qjd3o:1.0
nlv:1.0
horu:1.6931471805599454
ap:1.6931471805599454
mchp:1.6931471805599454
sni:1.6931471805599454
de:2.09861228866811
frank:2.386294361119891
d012s658:1.6931471805599454
uucp:1.6931471805599454
dwyer:1.6931471805599454
write:1.6931471805599454
sandvik:2.386294361119891
140493230024:1.0
kent:1.6931471805599454
appl:1.6931471805599454
newton:1.0
1qie61:1.0
fkt:1.0
wrote:1.0
object:2.9459101490553135
built:1.0
valu:3.0794415416798357
push:1.0
defint:1.0
realm:1.0
need:1.0
explain:2.09861228866811
well:1.6931471805599454
sub:1.0
part:1.0
atom:1.6931471805599454
quark:1.0
firstli:1.0
scienc:2.386294361119891
basi:2.09861228866811
way:1.0
round:1.0
keep:1.0
think:2.09861228866811
mean:2.386294361119891
perhap:1.0
reason:1.0
peopl:1.0
result:1.0
stop:1.6931471805599454
work:1.0
privaci:1.0
better:1.0
get:1.0
go:1.0
see:1.0
would:1.0
buy:1.0
use:1.0
code:1.0
man:1.0
