joslin:2.386294361119891
pogo:1.6931471805599454
isp:1.6931471805599454
pitt:1.6931471805599454
edu:1.6931471805599454
david:1.6931471805599454
subject:1.6931471805599454
kind:1.6931471805599454
love:1.0
merci:1.0
forgiv:1.0
god:1.6931471805599454
organ:1.0
intellig:1.0
system:1.0
program:1.0
line:1.0
43:1.0
m23364:1.6931471805599454
mwunix:1.6931471805599454
mitr:1.6931471805599454
org:1.6931471805599454
jame:1.6931471805599454
meritt:1.6931471805599454
write:2.09861228866811
context:3.1972245773362196
must:1.0
miss:1.0
said:1.6931471805599454
promis:1.0
keep:1.0
get:1.0
could:1.6931471805599454
plea:1.6931471805599454
explain:2.386294361119891
wrong:1.6931471805599454
ok:1.6931471805599454
acknowledg:1.6931471805599454
public:1.0
hypocrisi:1.0
neither:1.0
accord:1.0
jim:2.09861228866811
way:1.0
critic:1.0
one:1.6931471805599454
person:1.6931471805599454
take:2.791759469228055
quot:3.0794415416798357
without:1.0
hypocrit:1.6931471805599454
post:1.6931471805599454
respons:1.6931471805599454
everi:1.0
r:1.6931471805599454
either:1.0
ask:1.6931471805599454
assert:1.0
misaim:1.0
telepathi:1.0
work:1.0
1:1.0
stephen:3.0794415416798357
took:1.6931471805599454
2:2.386294361119891
note:1.0
repli:1.6931471805599454
articl:1.6931471805599454
call:1.6931471805599454
3:1.6931471805599454
lack:1.6931471805599454
evid:1.6931471805599454
x:1.6931471805599454
constitut:1.0
common:1.0
creationist:2.09861228866811
error:1.6931471805599454
4:1.0
fact:1.0
justifi:1.0
conclus:1.0
condon:2.09861228866811
5:1.0
6:1.0
choic:1.0
give:1.0
assum:1.6931471805599454
7:1.6931471805599454
logic:1.0
sentenc:1.6931471805599454
begin:1.0
nonsequitur:1.0
intend:1.0
follow:1.0
preced:1.0
8:1.0
therefor:1.6931471805599454
conclud:1.0
believ:1.6931471805599454
impli:2.09861228866811
9:1.0
alreadi:1.0
seen:1.0
10:1.0
incorrect:1.0
thought:1.0
okay:1.0
make:1.0
frequent:1.6931471805599454
made:1.0
better:1.0
argument:2.386294361119891
disagre:1.0
sound:1.0
admit:1.0
assumpt:1.0
may:1.0
bit:1.0
hasti:1.0
agre:1.0
say:1.0
yup:1.6931471805599454
dj:1.0
e:1.0
mail:1.0
point:1.0
straw:1.0
man:1.0
reminisc:1.0
ploy:1.0
22:1.0
93:1.0
