pharvey:1.0
quack:1.0
kfu:1.0
com:2.6094379124341005
paul:1.0
harvey:1.0
subject:1.0
kind:1.0
love:1.6931471805599454
god:1.6931471805599454
organ:1.0
duck:1.0
pond:1.0
public:1.0
unix:1.0
1:1.0
408:1.0
249:1.0
9630:1.0
log:1.0
guest:1.0
sandvik:3.0794415416798357
150493181533:1.0
kent:2.386294361119891
appl:2.386294361119891
1993apr16:1.6931471805599454
181605:1.6931471805599454
15072:1.6931471805599454
ra:1.6931471805599454
royalroad:2.09861228866811
ca:2.09861228866811
160493205451:1.6931471805599454
line:1.0
28:1.0
articl:1.6931471805599454
newton:1.0
write:1.0
mlee:1.0
post:1.0
malcolm:1.0
lee:1.0
wrote:1.0
bring:1.0
anoth:1.0
question:1.0
still:1.0
ponder:1.0
much:1.0
anti:2.386294361119891
semit:2.386294361119891
peopl:2.09861228866811
hate:1.6931471805599454
jew:2.6094379124341005
consid:2.09861228866811
like:1.0
anyon:1.6931471805599454
el:1.6931471805599454
sinner:1.0
know:1.6931471805599454
care:1.0
ethnic:1.0
right:1.6931471805599454
wrong:1.0
evid:1.0
christian:2.9459101490553135
longer:1.0
sole:1.0
select:1.0
group:1.0
case:1.0
come:1.0
obviou:1.0
fact:1.0
hebrew:1.6931471805599454
scriptur:1.0
better:1.6931471805599454
yet:1.0
convert:1.0
en:1.0
mass:1.0
thu:1.0
reject:1.0
wonder:1.6931471805599454
caus:1.0
one:1.6931471805599454
might:1.0
even:1.6931471805599454
separ:1.6931471805599454
would:1.6931471805599454
start:1.0
see:1.0
rest:1.0
tribal:1.0
happen:1.6931471805599454
tribe:2.09861228866811
america:1.0
cultur:1.6931471805599454
seen:1.0
differ:1.0
undesir:1.0
west:1.0
particular:1.0
u:1.0
fail:1.0
melt:1.0
pot:1.0
concept:1.0
hunt:1.0
extinct:1.0
surviv:1.0
neolith:1.0
cours:1.0
becom:1.0
difficult:1.0
time:1.0
western:1.0
experi:1.6931471805599454
perhap:1.6931471805599454
world:1.0
never:1.0
