livesey:2.386294361119891
solntz:2.09861228866811
wpd:2.09861228866811
sgi:2.6094379124341005
com:2.386294361119891
jon:2.09861228866811
subject:1.6931471805599454
2000:1.0
year:1.0
say:1.0
christian:1.0
moral:1.0
organ:1.0
line:1.0
31:1.0
nntp:1.0
post:1.0
host:1.0
articl:2.386294361119891
1qm069:1.0
fm8:1.0
horu:1.6931471805599454
ap:1.6931471805599454
mchp:1.6931471805599454
sni:1.6931471805599454
de:1.6931471805599454
frank:2.386294361119891
d012s658:1.6931471805599454
uucp:1.6931471805599454
dwyer:1.6931471805599454
write:2.386294361119891
1qkndq:1.0
k:1.0
fido:1.0
asd:1.0
1qjbn0:1.0
na4:1.0
kmr4:1.6931471805599454
1571:1.0
734847050:1.0
po:1.6931471805599454
cwru:1.6931471805599454
edu:1.6931471805599454
keith:1.0
ryan:1.0
tyou:1.0
push:1.0
back:1.0
undefin:1.0
mean:1.6931471805599454
must:1.0
defin:1.0
object:2.6094379124341005
valu:2.6094379124341005
realli:1.0
know:2.386294361119891
offer:1.6931471805599454
peopl:2.09861228866811
u:2.386294361119891
collect:1.0
1:1.6931471805599454
land:1.6931471805599454
america:1.6931471805599454
would:2.09861228866811
sound:1.0
like:1.0
good:1.6931471805599454
deal:2.6094379124341005
find:1.0
ridicul:1.0
price:2.09861228866811
rest:1.0
suppos:1.0
conclud:1.0
correct:1.0
exist:1.6931471805599454
said:1.0
noth:1.0
ask:1.6931471805599454
complet:1.0
non:1.0
sequitur:1.0
come:1.0
derisori:1.0
tell:1.0
anyth:1.0
accept:1.0
turn:1.0
believ:1.0
appeal:1.0
becasu:1.0
think:1.0
someth:1.0
exhibit:1.0
lead:1.0
reject:1.0
great:1.0
