sandvik:2.9459101490553135
newton:2.09861228866811
appl:2.386294361119891
com:2.791759469228055
kent:2.386294361119891
subject:1.0
ignor:2.6094379124341005
bliss:1.6931471805599454
good:1.0
jesu:1.0
die:1.0
organ:1.0
cookamunga:1.0
tourist:1.0
bureau:1.0
line:1.0
17:1.0
articl:1.6931471805599454
f1682ap:1.0
quack:1.6931471805599454
kfu:1.6931471805599454
pharvey:1.0
paul:1.0
harvey:1.0
wrote:1.0
170493104859:1.0
write:1.0
strength:1.6931471805599454
help:1.0
spread:1.0
truth:1.0
huh:1.0
distribut:1.0
piec:1.0
inform:1.0
want:1.0
follow:1.0
advic:1.0
contradict:1.0
cheer:1.0
alink:1.0
ksand:1.0
privat:1.0
activ:1.0
net:1.0
