rkwmo:1.0
pukrs3:1.0
puk:1.0
ac:1.0
za:1.0
mnr:1.0
oosthuysen:1.0
subject:1.0
kind:2.09861228866811
love:2.09861228866811
god:1.6931471805599454
organ:1.0
pu:1.6931471805599454
vir:1.0
cho:1.0
che:1.0
line:1.0
33:1.0
articl:1.0
9304141620:1.0
aa01443:1.0
dangermous:1.0
mitr:1.6931471805599454
org:1.6931471805599454
jmeritt:1.0
mental:1.0
write:1.0
leviticu:1.0
21:1.6931471805599454
9:1.0
daughter:1.0
priest:1.0
profan:1.0
play:1.0
whore:1.0
profaneth:1.0
father:1.6931471805599454
shall:2.9459101490553135
burnt:1.0
fire:1.0
deuteronomi:2.386294361119891
22:2.6094379124341005
20:1.0
token:1.0
virgin:1.6931471805599454
found:1.6931471805599454
damsel:2.386294361119891
bring:1.6931471805599454
door:1.0
hous:1.0
men:1.6931471805599454
citi:2.09861228866811
stone:2.386294361119891
die:2.6094379124341005
man:2.791759469228055
lie:2.09861228866811
woman:1.0
marri:1.0
husband:1.6931471805599454
23:1.0
24:1.0
betroth:1.6931471805599454
unto:1.6931471805599454
find:1.6931471805599454
ye:1.6931471805599454
gate:1.0
25:1.0
field:1.0
forc:1.0
lay:1.0
nt:1.0
sin:2.09861228866811
none:1.0
kill:1.0
would:1.0
necesarri:1.0
also:1.6931471805599454
righteou:1.0
must:1.0
punish:1.0
jesu:1.6931471805599454
take:1.0
took:1.0
upon:1.0
forgiv:1.0
peopl:1.0
left:1.0
