slhw4:1.6931471805599454
cc:1.6931471805599454
usu:1.6931471805599454
edu:2.386294361119891
jason:1.6931471805599454
hunsak:1.6931471805599454
subject:1.0
christian:2.09861228866811
own:1.6931471805599454
organ:1.6931471805599454
list:1.6931471805599454
utah:1.6931471805599454
state:1.0
univers:1.0
line:1.0
12:1.0
articl:1.0
47749:1.0
sdcc12:1.0
ucsd:1.6931471805599454
shopper:1.0
write:1.0
anyon:1.0
know:1.6931471805599454
find:1.0
corpor:1.0
compani:1.0
one:1.0
wordperfect:1.6931471805599454
naw:1.0
owner:1.0
mormon:1.6931471805599454
toni:1.0
rose:1.0
robert:1.0
wei:1.0
standard:1.0
internet:1.0
logan:1.0
