sandvik:2.09861228866811
newton:1.6931471805599454
appl:1.6931471805599454
com:1.6931471805599454
kent:1.6931471805599454
subject:1.0
14:1.0
apr:1.0
93:1.0
god:1.6931471805599454
promis:1.0
1:1.6931471805599454
john:2.09861228866811
7:1.6931471805599454
organ:1.0
cookamunga:1.0
tourist:1.0
bureau:1.0
line:1.0
25:1.0
articl:1.0
1993apr15:1.0
202729:1.0
6649:1.0
organpip:1.0
uug:1.0
arizona:1.6931471805599454
edu:1.6931471805599454
brian:1.6931471805599454
lpl:1.0
ceccarelli:1.0
602:1.0
621:1.0
9615:1.0
wrote:1.0
jesu:2.09861228866811
give:1.0
reason:1.6931471805599454
16:1.0
one:1.6931471805599454
obviou:2.09861228866811
die:1.0
everyth:1.0
el:1.0
noth:1.0
punish:1.0
could:1.0
rise:1.6931471805599454
life:1.0
would:2.09861228866811
stop:1.0
doubt:1.0
believ:1.0
21:1.0
27:1.0
fact:1.0
rose:1.0
dead:1.6931471805599454
hope:1.6931471805599454
point:1.6931471805599454
overlook:1.0
without:1.0
faith:1.0
vaniti:1.0
glad:1.0
hear:1.0
note:1.0
osiri:1.6931471805599454
mithra:1.0
mani:1.0
cult:1.0
resurrect:1.0
well:1.0
good:1.0
chanc:1.0
u:1.0
mayb:1.0
end:1.0
virtual:1.6931471805599454
realiti:1.6931471805599454
simul:1.0
live:1.0
forev:1.0
hurrah:1.0
sorri:1.0
joke:1.0
sort:1.0
anyway:1.0
first:1.0
connect:1.0
person:1.0
databas:1.0
time:1.0
write:1.0
book:1.0
cheer:1.0
alink:1.0
ksand:1.0
privat:1.0
activ:1.0
net:1.0
