asiivo:1.0
c:1.0
joensuu:1.6931471805599454
fi:1.0
antti:1.0
siivonen:1.0
subject:1.0
part:1.6931471805599454
1:1.0
2:1.0
homosexu:1.0
organ:1.0
univers:1.0
line:1.0
9:1.0
tlong:1.0
time:1.0
see:1.0
tandrea:1.6931471805599454
siperian:1.0
sirri:1.0
siberian:1.0
stint:1.0
tno:1.0
itu:1.0
love:1.0
evolut:1.0
tuusniemi:1.0
sii:1.0
imein:1.0
suut:1.0
