rosst:1.0
pogo:1.0
wv:1.0
tek:1.0
com:1.0
ross:1.0
taylor:1.0
subject:1.0
davidian:1.6931471805599454
compass:1.0
organ:1.0
tektronix:1.0
inc:1.0
wilsonvil:1.0
line:1.0
9:1.0
evid:1.0
independ:1.0
fbi:1.0
indic:1.0
branch:1.0
set:1.0
fire:1.0
survivor:1.0
said:1.0
press:1.0
see:1.0
anyth:1.0
unfortun:1.0
preced:1.6931471805599454
u:1.0
govern:1.6931471805599454
save:1.0
child:1.0
roast:1.0
aliv:1.0
religi:1.0
self:1.0
imol:1.0
well:1.0
still:1.0
wonder:1.0
leav:1.0
alon:1.0
