bskendig:1.6931471805599454
netcom:1.6931471805599454
com:1.6931471805599454
brian:2.386294361119891
kendig:1.6931471805599454
subject:1.0
14:1.0
apr:1.0
93:1.0
god:1.0
promis:1.0
1:1.6931471805599454
john:1.0
7:1.0
organ:1.0
starfleet:1.0
headquart:1.0
san:1.0
francisco:1.0
line:1.0
19:1.0
lpl:1.0
arizona:1.0
edu:1.0
ceccarelli:1.0
602:1.0
621:1.0
9615:1.0
write:1.0
consid:1.0
mother:2.386294361119891
merlyn:1.6931471805599454
know:1.0
would:2.09861228866811
think:1.0
assert:1.6931471805599454
9:1.0
foot:1.6931471805599454
tall:1.6931471805599454
murder:1.0
father:1.6931471805599454
sexual:1.0
abus:1.0
kid:1.0
go:1.0
fetch:1.0
parent:1.0
show:1.0
therebi:1.0
prove:1.0
quit:2.09861228866811
definit:1.0
name:1.0
nine:1.0
aliv:1.0
simpli:1.0
deiti:1.0
exist:1.6931471805599454
wait:1.0
similar:1.0
demonstr:1.0
je:2.09861228866811
ne:1.6931471805599454
sui:1.6931471805599454
fait:1.6931471805599454
comm:1.6931471805599454
aucun:1.6931471805599454
de:1.6931471805599454
ceux:1.6931471805599454
que:1.0
j:1.6931471805599454
ai:1.0
vu:1.0
ose:1.0
croir:1.0
n:1.0
etr:1.0
qui:1.0
mean:1.0
life:1.0
si:1.0
vaux:1.0
pa:1.0
mieux:1.0
au:1.0
moin:1.0
autr:1.0
end:1.0
rousseau:1.0
