rana:2.09861228866811
rintintin:2.09861228866811
colorado:2.386294361119891
edu:2.09861228866811
nabeel:1.6931471805599454
ahmad:1.0
subject:1.6931471805599454
new:1.0
newsgroup:1.6931471805599454
soc:1.0
religion:1.0
islam:2.9459101490553135
ahmadiyya:1.0
nntp:1.0
post:2.09861228866811
host:1.0
organ:1.0
univers:1.0
boulder:1.0
line:1.0
68:1.0
mr:1.6931471805599454
esam:1.6931471805599454
abdel:1.6931471805599454
rahem:1.6931471805599454
write:1.6931471805599454
urg:1.0
vote:1.0
format:1.0
news:1.0
group:2.09861228866811
ahmadya:1.0
want:1.6931471805599454
word:1.6931471805599454
shouldnot:1.0
attach:1.0
name:2.09861228866811
consid:3.0794415416798357
muslim:3.772588722239781
dr:1.6931471805599454
tahir:1.6931471805599454
ijaz:2.09861228866811
comment:1.6931471805599454
statement:2.6094379124341005
problem:2.386294361119891
ourself:1.0
even:1.6931471805599454
though:1.0
luckili:1.0
faith:2.386294361119891
determin:1.0
one:2.09861228866811
believ:1.6931471805599454
person:1.6931471805599454
matter:1.6931471805599454
declar:2.09861228866811
someon:1.0
el:1.6931471805599454
jawad:1.6931471805599454
ali:1.6931471805599454
consequ:1.0
argument:1.6931471805599454
convers:1.6931471805599454
would:2.09861228866811
dont:1.6931471805599454
ahmadi:2.386294361119891
co:1.0
also:1.0
wrong:1.6931471805599454
tell:1.0
includ:1.0
self:1.0
defin:1.0
funni:1.0
light:1.0
correct:1.0
non:1.0
get:1.0
solv:1.0
human:1.6931471805599454
decid:1.0
may:1.0
other:1.0
simpl:1.0
understand:1.0
mere:1.0
use:1.6931471805599454
becom:1.0
big:1.0
issu:1.0
seen:1.6931471805599454
numor:1.0
net:1.0
say:1.6931471805599454
singl:1.6931471805599454
state:1.0
right:1.0
give:1.0
author:1.0
quran:1.0
hadith:1.0
someth:1.0
know:1.0
small:1.0
remind:1.0
brother:1.6931471805599454
ever:1.0
holi:1.6931471805599454
prophet:2.09861228866811
muhammad:2.09861228866811
pbuh:1.6931471805599454
anyon:2.09861228866811
call:1.0
never:1.6931471805599454
challeng:1.0
produc:1.0
evid:1.0
histori:1.0
henc:1.0
could:1.6931471805599454
mullah:1.0
govern:1.0
today:1.0
sincer:1.0
note:1.0
love:1.0
view:1.0
abeel:1.0
ana:1.0
hatr:1.0
none:1.0
e:1.0
mail:1.0
mine:1.0
