m23364:1.6931471805599454
mwunix:2.09861228866811
mitr:2.386294361119891
org:2.09861228866811
jame:1.6931471805599454
meritt:2.09861228866811
subject:1.0
see:1.0
apolog:2.09861228866811
jim:2.791759469228055
silenc:1.0
concur:1.0
nntp:1.0
post:1.0
host:1.0
organ:1.0
corpor:1.0
mclean:1.0
va:1.0
distribut:1.0
usa:1.0
line:1.0
45:1.0
articl:1.0
9473:1.0
blue:1.6931471805599454
ci:1.6931471805599454
pitt:2.09861228866811
edu:2.09861228866811
joslin:1.6931471805599454
pogo:1.0
isp:1.0
david:1.0
write:1.6931471805599454
stop:1.0
dodg:1.6931471805599454
question:1.0
hypocrit:1.0
critic:1.0
bad:1.0
argument:2.09861228866811
given:1.6931471805599454
agre:1.0
conclus:1.6931471805599454
disagre:1.0
one:1.0
claim:1.6931471805599454
posse:1.0
fruit:1.0
precognit:2.09861228866811
telepathi:2.386294361119891
telempathi:1.6931471805599454
divin:1.6931471805599454
anoth:1.0
oh:1.0
well:1.0
match:1.0
amaz:1.0
repertoir:1.0
red:1.6931471805599454
her:1.6931471805599454
smoke:1.6931471805599454
screen:1.6931471805599454
ask:1.0
go:1.0
point:1.6931471805599454
straw:1.6931471805599454
man:1.6931471805599454
say:1.0
list:1.0
bibl:1.0
contradict:1.0
show:1.0
low:1.0
standard:1.0
scholarship:1.0
embarrass:1.6931471805599454
anti:1.0
inerrantist:1.0
josh:1.0
mcdowel:1.0
fundus:1.0
object:1.0
variou:1.0
time:1.0
take:1.0
quot:2.09861228866811
context:1.0
excus:1.0
call:1.0
follow:1.0
inaccur:1.0
unsubstanti:2.09861228866811
accus:1.0
8257:1.0
threaten:1.6931471805599454
threat:2.386294361119891
produc:1.6931471805599454
realiz:1.0
display:1.0
spite:2.09861228866811
forecast:1.0
ever:1.0
happen:1.6931471805599454
respond:1.0
never:1.6931471805599454
prepar:1.0
still:1.6931471805599454
mystifi:1.0
untru:1.0
mayb:1.0
scandal:1.0
seem:1.0
habit:1.0
troubl:1.0
realiti:1.0
appear:1.6931471805599454
get:1.0
bother:1.0
fact:1.0
product:1.0
paranatur:1.0
method:1.0
yawn:1.0
