jmeritt:1.0
mental:1.0
mitr:1.0
org:1.0
jim:1.0
meritt:1.0
system:1.0
admin:1.0
subject:1.0
keep:1.0
firm:1.0
foundat:1.6931471805599454
organ:1.0
utexa:1.6931471805599454
mail:1.0
news:1.0
gateway:1.0
line:1.0
6:1.0
nntp:1.0
post:1.0
host:1.0
c:1.0
edu:1.0
job:1.6931471805599454
26:1.0
7:1.0
stretcheth:1.0
north:1.0
empti:1.0
place:1.0
hangeth:1.0
earth:1.6931471805599454
upon:1.0
noth:1.0
38:1.0
4:1.0
wast:1.0
thou:1.6931471805599454
laid:1.0
declar:1.0
hast:1.0
understand:1.0
