jburril:1.6931471805599454
boi:1.6931471805599454
hp:1.6931471805599454
com:1.6931471805599454
jim:1.6931471805599454
burril:1.6931471805599454
subject:1.0
question:2.09861228866811
islam:2.09861228866811
view:2.09861228866811
organ:1.0
idaho:1.0
river:1.0
countri:1.0
salmon:1.0
payett:1.0
clearwat:1.0
bois:1.0
selway:1.0
priest:1.0
x:1.0
newsread:1.0
tin:1.0
version:1.0
1:1.6931471805599454
8:1.6931471805599454
pl6:1.0
line:1.0
regard:1.0
toward:1.6931471805599454
homosexu:1.6931471805599454
came:1.0
discus:1.0
group:1.0
particip:1.0
like:1.0
ask:1.0
