subject:1.6931471805599454
ld:1.6931471805599454
rick:2.386294361119891
repli:2.09861228866811
librba:1.6931471805599454
byuvm:1.6931471805599454
bitnet:1.6931471805599454
organ:2.09861228866811
brigham:1.0
young:1.0
univers:1.0
line:1.6931471805599454
95:1.0
articl:1.0
c5kdzk:1.0
497:1.0
acsu:1.0
buffalo:2.09861228866811
edu:2.09861228866811
psyrobtw:1.6931471805599454
ubvmsd:1.0
cc:1.6931471805599454
robert:2.6094379124341005
wei:1.6931471805599454
say:2.9459101490553135
briefli:1.0
someth:2.09861228866811
mention:1.6931471805599454
pas:1.0
refer:1.6931471805599454
differ:2.09861228866811
interpret:1.6931471805599454
creat:2.6094379124341005
mani:1.6931471805599454
christian:1.0
may:1.6931471805599454
agre:1.6931471805599454
realli:2.386294361119891
irrelev:1.0
base:1.0
faith:1.0
peopl:2.09861228866811
think:1.6931471805599454
one:2.9459101490553135
way:1.0
anoth:1.0
bottom:1.0
truth:1.0
regardless:1.0
popular:1.0
opinion:1.0
sorri:1.0
thought:1.0
discus:1.6931471805599454
heresi:1.6931471805599454
assum:1.0
meant:1.0
departur:1.0
orthodoxi:1.0
case:1.6931471805599454
gener:1.6931471805599454
accept:1.0
belief:3.3978952727983707
inde:1.0
import:2.386294361119891
issu:3.0794415416798357
definit:1.0
word:2.386294361119891
great:1.6931471805599454
sinc:1.0
creation:2.09861228866811
also:1.6931471805599454
find:1.6931471805599454
rather:2.386294361119891
strang:1.0
tri:2.09861228866811
persuad:1.0
etern:1.6931471805599454
exist:1.6931471805599454
equival:1.0
grant:2.09861228866811
mormon:3.6390573296152584
conclus:2.09861228866811
expect:1.0
point:2.6094379124341005
address:2.791759469228055
order:1.0
answer:1.0
rais:1.6931471805599454
jump:1.0
said:1.0
given:1.0
disagre:1.0
function:1.0
substanc:1.0
ex:1.0
nihilo:1.0
bibl:3.5649493574615367
state:1.6931471805599454
lucif:2.09861228866811
jesu:2.6094379124341005
creator:1.0
contradict:1.6931471805599454
correct:1.0
mean:1.6931471805599454
specif:1.0
term:1.0
child:2.09861228866811
god:2.386294361119891
liter:1.0
noth:1.0
symbol:1.6931471805599454
howev:1.0
teach:2.791759469228055
everyon:1.0
alway:1.0
crack:1.0
anti:1.0
presum:1.0
tell:1.0
believ:2.386294361119891
fact:2.09861228866811
includ:1.0
christ:1.0
sen:1.6931471805599454
whatev:1.0
offspr:1.0
appli:1.0
spiritu:1.0
born:1.0
thu:1.0
use:1.0
convey:1.0
languag:1.0
work:1.0
make:1.0
someon:1.0
offend:1.0
danger:1.0
red:1.6931471805599454
her:1.6931471805599454
seek:1.0
obfusc:1.0
group:1.6931471805599454
read:1.0
chang:1.0
first:1.0
look:2.09861228866811
see:2.386294361119891
discount:1.0
even:1.0
view:2.09861228866811
self:1.0
defeat:1.0
contrari:1.6931471805599454
show:1.0
reli:1.0
wholli:1.0
seem:1.0
must:1.0
simpli:1.0
centuri:1.0
sho0wn:1.0
sure:1.0
understand:1.0
scriptur:1.0
curiou:1.6931471805599454
need:2.09861228866811
save:2.09861228866811
put:1.0
forward:1.0
quot:1.6931471805599454
late:1.0
apostl:1.0
bruce:2.09861228866811
mcconki:2.9459101490553135
part:1.0
come:1.0
closest:1.0
let:1.0
clarifi:1.0
time:1.0
keep:1.6931471805599454
sourc:1.0
doctrin:1.6931471805599454
ignor:1.0
instead:1.0
hop:1.0
scotch:1.0
whether:2.09861228866811
offici:1.0
matter:1.0
canon:2.09861228866811
write:1.0
indic:2.09861228866811
real:1.0
certainli:1.0
question:1.0
would:1.0
ascertain:1.0
interview:1.0
larg:1.0
number:1.0
ubvm:1.0
anderson:1.0
