joshua:2.791759469228055
cpac:2.6094379124341005
washington:2.6094379124341005
edu:3.3978952727983707
geller:1.6931471805599454
subject:1.0
merlin:1.0
mithra:1.0
magick:1.0
organ:1.0
institut:1.0
studi:1.6931471805599454
ancient:1.0
scienc:1.0
line:1.0
30:1.0
distribut:1.0
world:1.0
93apr19183833:1.6931471805599454
bailey:2.09861228866811
pegasu:2.9459101490553135
200493113800:1.6931471805599454
fp1:2.09861228866811
dialin:2.09861228866811
1:1.6931471805599454
uoregon:2.791759469228055
nntp:1.0
post:1.0
host:1.0
repli:1.0
aaa:2.09861228866811
messag:1.0
20:1.0
apr:1.0
1993:1.0
18:1.0
43:1.0
14:1.0
gmt:1.0
articl:2.09861228866811
write:1.6931471805599454
wrote:1.0
150493132018:1.0
4:1.0
laurieewbrandt:1.0
lewb:2.6094379124341005
let:1.0
add:1.0
percentag:1.0
13:1.0
15:1.0
orphaic:1.6931471805599454
docterian:1.0
brought:1.6931471805599454
group:1.0
paul:1.0
saul:1.0
high:1.0
rank:1.0
initi:1.0
develop:1.0
mysteri:1.6931471805599454
see:1.0
jane:1.0
harrison:1.6931471805599454
prolegomenon:1.0
greek:1.0
religion:1.0
cambridg:1.0
u:1.0
press:1.0
1922:1.0
easli:1.0
draw:1.0
conclus:1.0
josh:1.6931471805599454
perhap:1.0
quot:1.0
bit:1.6931471805599454
argument:1.0
love:1.0
must:1.0
later:1.0
copi:1.0
pack:1.0
last:1.0
chapter:1.0
best:1.0
rember:1.0
deal:1.0
orphic:1.6931471805599454
view:1.6931471805599454
woman:1.0
though:1.0
come:1.0
say:1.0
strongli:1.0
impli:1.0
christian:1.0
drawn:1.0
heavli:1.0
major:1.0
cult:1.0
time:1.0
would:1.0
realli:1.0
appreci:1.0
someon:1.6931471805599454
someth:1.0
like:1.0
back:1.0
ask:1.0
detail:1.0
day:1.0
