pharvey:1.0
quack:1.0
kfu:1.0
com:1.0
paul:1.6931471805599454
harvey:1.0
subject:1.0
clarif:1.0
person:1.0
posit:1.0
organ:1.0
duck:1.0
pond:1.0
public:1.0
unix:1.0
1:1.0
408:1.0
249:1.0
9630:1.0
log:1.0
guest:1.0
line:1.0
26:1.0
articl:1.6931471805599454
c5rbht:1.0
fw4:1.0
athena:1.6931471805599454
c:1.6931471805599454
uga:1.6931471805599454
edu:2.386294361119891
hudson:1.6931471805599454
jr:1.0
write:1.6931471805599454
c5muiw:1.0
aqc:1.0
mailer:1.0
cc:1.0
fsu:1.6931471805599454
dlecoint:1.0
garnet:1.0
acn:1.0
dariu:1.0
lecoint:1.0
sin:1.0
violat:1.0
sunday:1.6931471805599454
one:1.6931471805599454
could:1.0
ever:1.0
forgiven:1.0
jesu:2.6094379124341005
never:1.0
kept:1.0
holi:2.386294361119891
recogn:1.6931471805599454
day:2.791759469228055
seven:1.0
also:1.0
like:1.6931471805599454
passov:1.0
act:1.0
15:1.0
say:1.6931471805599454
lay:1.0
gentil:1.0
necessari:1.0
sabbath:2.386294361119891
list:1.0
epistl:1.0
instruct:1.0
peopl:1.6931471805599454
keep:2.386294361119891
7th:1.6931471805599454
christian:2.09861228866811
live:1.0
among:1.0
look:1.0
would:1.0
problem:1.0
instead:1.0
scriptur:1.0
tell:1.0
u:1.6931471805599454
esteem:1.0
alik:1.0
roman:1.0
14:1.0
5:1.0
man:1.0
judg:1.6931471805599454
regard:2.09861228866811
kind:1.0
food:1.0
eat:1.0
jewish:1.0
col:1.0
2:1.6931471805599454
question:1.0
author:1.0
proclaim:1.0
requir:1.0
fourth:1.0
command:2.09861228866811
longer:1.0
relev:1.0
modern:1.6931471805599454
think:1.0
law:1.6931471805599454
total:1.0
irrelev:1.0
collos:1.0
run:1.0
away:1.0
word:2.09861228866811
somebodi:1.0
supersed:1.0
follow:1.6931471805599454
moral:1.6931471805599454
ten:1.0
prophet:1.0
whose:1.0
