psyrobtw:1.0
ubvmsb:1.6931471805599454
cc:1.6931471805599454
buffalo:2.09861228866811
edu:1.6931471805599454
robert:1.0
wei:1.0
subject:1.0
21:1.0
apr:1.0
93:1.0
god:1.0
promis:1.0
2:2.09861228866811
chronicl:1.6931471805599454
15:1.6931471805599454
organ:1.0
univers:1.0
line:1.0
10:1.0
news:1.0
softwar:1.0
vax:1.0
vm:1.0
vnew:1.0
1:1.0
41:1.0
nntp:1.0
post:1.0
host:1.0
tand:2.386294361119891
went:1.0
meet:1.0
asa:1.6931471805599454
said:1.0
unto:1.0
thear:1.0
ye:2.386294361119891
judah:1.0
benjamin:1.0
tthe:1.0
lord:1.0
seek:1.0
found:1.0
tbut:1.0
forsak:1.6931471805599454
t2:1.0
