organ:1.0
citi:1.0
univers:1.0
new:1.0
york:1.0
kevxu:1.0
cunyvm:1.0
bitnet:1.0
subject:1.0
abort:2.386294361119891
privat:1.0
health:2.6094379124341005
insur:2.09861228866811
line:1.0
22:1.0
1qid8:1.0
ik0:1.0
agat:1.0
berkeley:1.6931471805599454
edu:1.6931471805599454
dzkriz:1.0
ocf:1.0
denni:1.6931471805599454
kriz:1.0
write:1.0
recent:1.6931471805599454
becom:1.6931471805599454
awar:1.6931471805599454
includ:1.6931471805599454
coverag:2.386294361119891
strongli:1.0
oppos:1.0
reason:1.6931471805599454
conscienc:1.0
disturb:1.6931471805599454
deepli:1.6931471805599454
know:1.6931471805599454
premium:2.386294361119891
may:1.6931471805599454
use:1.6931471805599454
pay:1.6931471805599454
sincer:1.6931471805599454
believ:1.6931471805599454
murder:1.0
would:1.6931471805599454
like:1.6931471805599454
request:1.6931471805599454
exempt:1.6931471805599454
reduc:1.6931471805599454
accordingli:1.6931471805599454
share:1.0
outrag:1.0
similar:1.0
manner:1.0
ill:1.0
injuri:1.0
suffer:1.0
christian:1.6931471805599454
divin:1.0
punish:1.0
sin:1.0
conduct:1.0
addit:1.0
folk:1.0
abl:1.0
avail:1.0
altern:1.0
therapi:1.0
lourd:1.0
fatima:1.0
morri:1.0
cerullo:1.0
benni:1.0
hinn:1.0
etc:1.0
case:1.0
jesu:1.0
save:1.0
feel:1.0
cover:1.0
bet:1.0
expens:1.0
jack:1.0
carrol:1.0
