mlee:1.6931471805599454
post:1.6931471805599454
royalroad:2.09861228866811
ca:2.09861228866811
malcolm:2.09861228866811
lee:2.09861228866811
subject:1.0
kind:1.0
love:1.0
god:2.6094379124341005
organ:1.6931471805599454
royal:1.0
road:1.0
militari:1.0
colleg:1.0
victoria:1.0
b:1.0
c:1.0
line:1.0
32:1.0
articl:1.6931471805599454
sandvik:2.6094379124341005
200493235610:1.0
kent:2.09861228866811
appl:2.09861228866811
com:2.09861228866811
newton:1.6931471805599454
write:1.0
1993apr20:1.0
143754:1.0
643:1.0
ra:1.0
wrote:1.0
understand:1.0
sympath:1.0
pain:1.0
happen:1.0
waco:1.0
sad:1.0
tradgedi:1.0
take:1.0
u:1.0
christian:1.6931471805599454
though:1.0
branch:1.0
davidian:1.0
religion:1.0
cult:1.6931471805599454
led:1.0
ego:1.0
maniac:1.0
leader:1.0
faith:1.6931471805599454
stand:1.0
shoulder:1.0
one:1.0
man:1.6931471805599454
lord:1.6931471805599454
king:1.6931471805599454
jesu:2.09861228866811
christ:2.09861228866811
btw:1.6931471805599454
david:1.0
koresh:1.6931471805599454
claim:1.6931471805599454
interest:1.6931471805599454
notion:1.0
watch:1.0
tv:1.0
tonight:1.0
never:1.6931471805599454
offici:1.0
believ:1.0
hope:1.0
would:1.6931471805599454
took:1.0
standpoint:1.0
break:1.6931471805599454
seven:1.0
seal:1.6931471805599454
revel:1.0
make:1.0
sure:1.0
armageddon:1.0
start:1.0
well:1.0
19:1.0
child:1.6931471805599454
die:1.0
save:1.6931471805599454
alink:1.0
ksand:1.0
privat:1.0
activ:1.0
net:1.0
say:1.0
scriptur:1.0
know:1.6931471805599454
hour:1.0
come:1.0
even:1.0
angel:1.0
heaven:1.6931471805599454
father:1.0
dk:1.6931471805599454
tri:1.0
play:1.0
kill:1.0
mani:1.0
follow:1.0
could:1.0
far:1.0
better:1.0
place:1.0
