mlee:1.6931471805599454
post:1.6931471805599454
royalroad:1.6931471805599454
ca:1.6931471805599454
malcolm:2.09861228866811
lee:2.09861228866811
subject:1.0
kind:1.0
love:1.0
god:3.6390573296152584
organ:1.0
royal:1.0
road:1.0
militari:1.0
colleg:1.0
victoria:1.0
b:1.0
c:1.0
line:1.0
70:1.0
articl:1.0
1r0hicinnjfj:1.0
owl:1.0
csrv:1.6931471805599454
uidaho:2.09861228866811
edu:2.09861228866811
lanph872:1.6931471805599454
crow:1.0
rob:1.6931471805599454
lanphier:1.6931471805599454
write:1.0
wrote:1.0
refer:1.0
leviticu:1.0
21:1.0
9:1.0
deuteronomi:1.6931471805599454
22:1.0
20:1.6931471805599454
25:1.0
law:3.6390573296152584
written:2.09861228866811
israelit:2.386294361119891
chosen:2.09861228866811
peopl:2.791759469228055
expressli:1.0
set:1.6931471805599454
apart:1.0
rest:1.0
world:1.6931471805599454
direct:1.0
wit:1.0
exist:1.0
disobey:1.0
know:2.09861228866811
real:1.0
would:1.0
outright:1.0
denial:1.0
therefor:1.0
immedi:1.6931471805599454
punish:1.6931471805599454
rememb:1.0
differ:1.0
time:1.0
appli:2.09861228866811
jesu:3.0794415416798357
chang:2.09861228866811
live:1.6931471805599454
age:1.0
grace:1.6931471805599454
sin:1.0
longer:1.0
death:1.0
repent:1.0
salvat:1.6931471805599454
lord:1.0
christ:1.0
avail:1.0
everyon:1.0
jew:1.6931471805599454
gentil:1.6931471805599454
alik:1.0
hmm:1.0
book:1.0
sure:1.0
quot:2.6094379124341005
lot:2.09861228866811
mt:2.09861228866811
4:1.6931471805599454
7:1.6931471805599454
10:1.6931471805599454
addit:1.0
allud:1.0
sever:1.6931471805599454
place:1.0
19:1.0
8:1.0
mk:1.0
3:1.0
5:2.09861228866811
jn:1.0
46:1.0
47:1.0
case:1.0
clear:1.0
thought:1.0
old:1.6931471805599454
testament:1.6931471805599454
obsolet:1.6931471805599454
repeat:1.0
vers:1.6931471805599454
matthew:1.0
get:1.0
group:1.0
think:2.386294361119891
come:1.6931471805599454
abolish:1.6931471805599454
prophet:1.0
fulfil:1.0
tell:1.6931471805599454
truth:1.0
heaven:2.791759469228055
earth:1.0
disappear:1.6931471805599454
smallest:1.0
letter:2.386294361119891
least:2.09861228866811
stroke:1.0
pen:1.0
mean:1.6931471805599454
everyth:1.0
accomplish:1.0
anyon:1.0
break:1.0
one:1.6931471805599454
command:1.6931471805599454
teach:1.6931471805599454
other:1.6931471805599454
call:1.6931471805599454
kingdom:2.6094379124341005
whoever:1.0
practic:1.6931471805599454
great:1.0
unless:1.0
righteous:1.6931471805599454
surpass:1.6931471805599454
pharise:2.6094379124341005
teacher:1.0
certainli:1.0
enter:1.0
17:1.0
niv:1.0
pretti:1.0
red:1.0
talk:1.0
caus:1.0
seriou:1.0
dilemma:1.0
christian:1.6931471805599454
paul:1.0
harvey:1.0
like:1.0
much:1.0
clarifi:1.6931471805599454
earlier:1.0
origin:1.0
fact:1.0
make:1.0
applic:1.0
could:1.0
part:1.0
save:1.0
never:1.6931471805599454
said:1.0
made:1.6931471805599454
anyth:1.0
follow:1.6931471805599454
take:1.0
portion:1.0
expound:1.0
upon:1.0
give:1.0
clearer:1.0
intend:1.0
notic:1.0
also:1.0
ream:1.0
muck:1.0
contriv:1.0
interpret:1.0
knew:1.0
everi:1.0
head:2.09861228866811
heart:1.6931471805599454
point:1.0
must:1.0
order:1.0
accept:1.0
realli:1.6931471805599454
go:1.0
way:1.0
debat:1.0
number:1.0
angel:1.0
danc:1.0
pin:1.0
becom:1.0
legalist:1.0
rule:1.6931471805599454
maker:1.0
religi:1.0
lawyer:1.0
believ:1.6931471805599454
agre:1.0
today:1.0
modern:1.0
day:1.0
bibl:1.0
end:1.6931471805599454
good:1.0
knowledg:1.0
noth:1.0
lifestyl:1.0
perspect:1.0
person:1.0
conduct:1.0
demand:1.0
obedi:1.0
mani:1.0
choic:1.0
respect:1.6931471805599454
