cocoa:2.09861228866811
netcom:2.6094379124341005
com:2.386294361119891
subject:1.0
jewish:2.386294361119891
histori:1.0
question:1.0
organ:1.0
onlin:1.0
commun:1.0
servic:1.0
408:1.0
241:1.0
9760:1.0
guest:1.0
line:1.0
60:1.0
articl:1.6931471805599454
1993apr10:1.0
195513:1.0
17991:1.0
csi:1.6931471805599454
uottawa:1.6931471805599454
ca:1.6931471805599454
misrael:1.0
mark:1.0
israel:1.0
write:1.6931471805599454
cocoac5797:1.0
43i:1.0
littl:1.6931471805599454
e:2.09861228866811
delet:1.6931471805599454
ti:1.0
someon:1.6931471805599454
told:1.0
old:2.09861228866811
testament:2.6094379124341005
book:1.6931471805599454
translat:2.791759469228055
greek:2.791759469228055
long:1.0
time:1.0
ago:1.0
ye:1.0
famou:1.6931471805599454
version:3.0794415416798357
call:1.0
septuagint:2.09861228866811
made:1.0
jew:1.6931471805599454
origin:2.386294361119891
destroy:1.6931471805599454
fire:1.0
soon:1.6931471805599454
afterward:1.0
know:1.6931471805599454
refer:1.0
jersusalem:1.0
templ:1.0
manuscript:2.09861228866811
may:1.0
lost:1.0
think:1.0
extant:1.0
hebrew:2.386294361119891
good:2.386294361119891
one:1.6931471805599454
person:1.0
tell:1.0
said:1.0
wonder:1.6931471805599454
librari:1.0
alexandria:1.0
full:1.0
scroll:1.0
burn:1.6931471805599454
perhap:2.09861228866811
conceal:1.0
chang:2.09861228866811
differ:2.09861228866811
part:1.0
typic:1.0
valuabl:1.0
thing:1.0
occur:1.0
power:1.0
group:1.0
dunno:1.0
sinc:1.0
imagin:1.0
peopl:1.0
somewher:1.0
must:1.0
copi:1.0
earlier:1.0
deriv:1.0
discrep:1.0
isaiah:1.0
propheci:1.0
young:1.0
woman:1.0
virgin:1.0
new:1.6931471805599454
writer:1.0
read:1.6931471805599454
mani:1.0
well:1.0
answer:1.0
go:1.0
bookstor:1.0
get:1.0
bibl:2.6094379124341005
interpret:1.0
text:1.6931471805599454
basic:1.6931471805599454
want:1.6931471805599454
buy:1.0
interlinear:1.0
contain:1.0
english:1.0
written:1.0
underneath:1.0
word:1.0
possibl:1.0
tri:1.0
find:2.09861228866811
samaritan:2.6094379124341005
luck:1.0
never:1.0
seen:1.0
5:1.0
mose:1.0
claim:1.0
alter:1.0
ezra:1.0
thank:1.0
tip:1.0
teach:1.0
hard:1.6931471805599454
oh:1.0
finish:1.0
chocolati:1.0
arm:1.0
castl:1.0
wetwar:1.0
liason:1.0
mail:1.0
voicemail:1.0
415:1.0
337:1.0
4940:1.0
