jvp4u:1.0
virginia:1.6931471805599454
edu:1.0
jefferi:1.0
vernon:1.0
park:1.0
subject:1.0
info:1.0
new:1.6931471805599454
age:1.6931471805599454
organ:1.0
univers:1.0
line:1.0
1:1.0
suggest:1.0
tri:1.0
expo:1.0
dougla:1.0
groothui:1.0
