mlee:1.6931471805599454
post:1.6931471805599454
royalroad:1.6931471805599454
ca:1.6931471805599454
malcolm:2.09861228866811
lee:2.09861228866811
subject:1.0
kind:1.0
love:2.9459101490553135
god:2.6094379124341005
organ:1.0
royal:1.0
road:1.0
militari:1.0
colleg:1.0
victoria:1.0
b:1.6931471805599454
c:1.0
line:1.0
99:1.0
articl:1.0
1r1ma9innno7:1.0
owl:1.0
csrv:1.6931471805599454
uidaho:2.09861228866811
edu:2.09861228866811
lanph872:1.6931471805599454
crow:1.0
rob:1.6931471805599454
lanphier:1.6931471805599454
write:1.0
wrote:1.0
consid:1.6931471805599454
neo:2.386294361119891
nazi:2.6094379124341005
white:2.6094379124341005
supremist:2.09861228866811
christian:4.178053830347945
hardli:1.0
classifi:1.0
follow:1.0
teach:1.6931471805599454
christ:3.1972245773362196
one:2.386294361119891
anoth:1.0
neighbour:1.0
enemi:2.386294361119891
jesu:2.9459101490553135
lord:1.6931471805599454
saviour:1.6931471805599454
persecut:3.0794415416798357
jew:2.9459101490553135
violat:1.6931471805599454
precept:1.0
die:1.0
direct:1.0
even:1.6931471805599454
crucifi:1.0
jewish:1.6931471805599454
leader:1.0
time:1.0
ask:2.09861228866811
father:1.0
forgiv:1.6931471805599454
sin:2.9459101490553135
bear:1.0
animos:1.0
toward:1.0
el:1.0
satan:1.0
fellow:1.0
man:1.0
mark:1.0
16:1.6931471805599454
quot:1.0
say:3.1972245773362196
whoever:1.6931471805599454
believ:3.3978952727983707
baptiz:1.0
save:1.0
condemn:1.0
supremisist:1.6931471805599454
feel:1.6931471805599454
necessari:1.0
justifi:1.0
action:1.6931471805599454
bibl:2.386294361119891
suppos:1.0
instead:1.0
may:2.6094379124341005
speak:1.6931471805599454
differ:1.0
everyon:1.0
tell:2.09861228866811
came:1.0
investig:1.0
conclus:1.6931471805599454
ultim:1.0
choic:1.0
salvat:1.0
howev:1.0
grant:1.0
grace:1.0
provid:1.0
u:1.6931471805599454
clear:1.0
definit:1.0
goe:1.0
long:1.0
forgiven:1.6931471805599454
model:1.6931471805599454
oneself:1.0
impli:1.6931471805599454
name:1.6931471805599454
head:1.0
heart:1.0
belief:2.09861228866811
brand:1.6931471805599454
hate:1.0
see:1.6931471805599454
entail:1.0
give:1.0
free:1.0
licenc:1.0
repent:1.6931471805599454
tri:1.6931471805599454
lump:1.0
racist:1.6931471805599454
accus:1.0
pre:1.0
judg:1.0
btw:1.0
chine:1.0
racial:1.6931471805599454
background:1.0
know:1.0
part:1.0
visibl:1.0
minor:1.0
countri:1.0
think:1.6931471805599454
would:2.09861228866811
favour:1.0
look:1.0
upon:1.0
call:1.6931471805599454
anyon:1.0
practic:1.0
preach:1.0
fals:1.0
concur:1.0
origin:1.0
statement:1.0
bother:1.0
peopl:2.386294361119891
religi:1.6931471805599454
affili:1.0
continu:1.0
hatr:1.0
major:1.0
bound:1.0
anti:1.0
semit:1.0
bandwagon:1.0
predomin:1.0
atheist:2.09861228866811
agnost:2.09861228866811
hard:1.0
press:1.0
exampl:1.6931471805599454
hand:1.0
gener:1.0
come:1.6931471805599454
immedi:1.0
attent:1.0
use:1.0
mask:1.0
intoler:1.0
bigotri:1.0
hide:1.0
behind:1.0
noth:1.0
mind:1.0
former:1.0
soviet:1.0
union:1.0
mani:1.6931471805599454
suffer:1.6931471805599454
sort:1.0
mention:1.0
govern:1.0
suck:1.0
arguement:1.0
point:1.0
make:1.0
draw:1.0
accept:1.0
person:1.0
criterion:1.0
