ece:1.0
0028:1.0
bigdog:1.0
engr:1.0
arizona:1.6931471805599454
edu:2.9459101490553135
david:1.0
anderson:1.0
subject:1.0
christian:1.6931471805599454
own:2.09861228866811
organ:1.6931471805599454
list:2.09861228866811
univers:1.0
line:1.0
19:1.0
articl:2.09861228866811
byu:1.6931471805599454
stephan:1.6931471805599454
sasb:1.0
fassmann:1.0
write:2.09861228866811
1993apr13:1.0
025426:1.0
22532:1.0
mnemosyn:1.0
c:1.6931471805599454
du:1.6931471805599454
kcochran:1.0
nyx:1.0
keith:1.0
justifi:1.0
ancient:1.0
cochran:1.0
47749:1.0
sdcc12:1.0
ucsd:1.6931471805599454
shopper:1.0
anyon:1.0
know:1.6931471805599454
find:1.0
corpor:1.0
compani:1.6931471805599454
one:1.0
wordperfect:2.09861228866811
believ:1.6931471805599454
actual:1.0
mormon:1.6931471805599454
sorri:1.0
ld:1.6931471805599454
church:1.6931471805599454
slight:1.0
semant:1.0
differ:1.0
heck:1.0
lot:1.0
howev:1.0
largest:1.0
land:1.0
holder:1.0
missouri:1.0
think:1.0
christ:1.0
appear:1.0
second:1.0
come:1.0
also:1.0
larg:1.0
beverag:1.0
like:1.0
pepsi:1.0
take:1.0
caffien:1.0
forbidden:1.0
substanc:1.0
