brian:3.1972245773362196
lpl:1.6931471805599454
arizona:1.6931471805599454
edu:1.6931471805599454
ceccarelli:1.6931471805599454
602:1.0
621:1.0
9615:1.0
subject:1.0
14:1.0
apr:1.0
93:1.0
god:3.772588722239781
promis:1.0
1:1.6931471805599454
john:2.09861228866811
7:1.0
organ:1.0
lunar:1.0
planetari:1.0
laboratori:1.0
tucson:1.0
az:1.0
line:1.0
89:1.0
articl:1.0
bskendigc5ku3c:1.0
6dx:1.0
netcom:1.6931471805599454
com:1.6931471805599454
bskendig:1.0
kendig:1.0
write:2.09861228866811
ask:2.09861228866811
sever:1.0
time:2.09861228866811
heart:1.6931471805599454
come:2.386294361119891
realli:1.0
wish:1.0
could:2.386294361119891
believ:3.0794415416798357
co:1.0
matter:2.09861228866811
much:1.6931471805599454
confid:1.6931471805599454
build:1.0
univers:1.0
big:1.0
place:1.0
would:2.386294361119891
nice:1.0
know:1.6931471805599454
someon:1.0
watch:1.0
k:1.0
plea:1.6931471805599454
honesti:1.0
honest:1.0
well:1.0
say:2.09861228866811
thing:2.09861228866811
net:1.0
manner:1.0
show:1.6931471805599454
made:1.0
attempt:1.0
pas:1.0
real:1.6931471805599454
got:1.6931471805599454
news:1.6931471805599454
sound:1.0
like:2.386294361119891
mine:1.0
exist:1.6931471805599454
gone:1.0
open:2.791759469228055
mind:2.09861228866811
lay:1.0
belief:1.0
asid:1.6931471805599454
doubt:1.0
pray:1.6931471805599454
see:2.9459101490553135
good:2.386294361119891
short:1.0
decid:1.6931471805599454
reason:2.386294361119891
zeu:2.386294361119891
seem:2.386294361119891
pretti:1.0
cool:1.0
candid:1.0
sorri:1.0
read:1.6931471805599454
post:1.6931471805599454
misunderstand:1.0
lack:1.0
knowledg:1.6931471805599454
arrog:1.0
mockeri:1.6931471805599454
tell:1.0
still:1.0
remain:1.0
true:1.6931471805599454
end:1.0
gain:2.09861228866811
put:1.6931471805599454
presumpt:1.0
bibl:2.09861228866811
truli:1.0
everyth:1.0
love:1.6931471805599454
depth:1.0
goe:1.0
beyond:1.6931471805599454
shallow:1.0
worldli:1.0
experi:1.0
person:2.09861228866811
commit:1.6931471805599454
seek:1.0
find:2.386294361119891
jesu:2.9459101490553135
stand:1.0
door:1.0
knock:1.0
half:1.0
heartedli:1.0
purpos:1.0
someth:1.0
mock:1.6931471805599454
learn:1.0
noth:1.6931471805599454
one:2.791759469228055
attitud:1.0
folli:1.0
care:1.6931471805599454
jump:1.0
gun:1.0
first:1.6931471805599454
glanc:1.0
mani:1.0
passag:1.0
bizarr:1.0
absurd:1.0
assur:1.6931471805599454
even:1.6931471805599454
though:1.0
alien:1.0
present:1.0
comprehens:1.0
lie:1.0
deep:1.0
inde:1.6931471805599454
satisfi:1.0
guarante:1.0
never:1.0
thirsti:1.0
cup:1.0
flow:1.0
king:1.6931471805599454
solomon:1.0
970:1.0
b:1.6931471805599454
c:1.6931471805599454
930:1.0
glori:1.6931471805599454
conceal:1.0
search:1.0
6:1.0
44:1.0
55:1.0
unless:1.0
father:1.6931471805599454
sent:1.0
draw:1.6931471805599454
3:1.0
16:1.0
world:1.0
gave:1.0
son:1.0
whosoev:1.6931471805599454
shall:1.0
perish:1.0
etern:1.6931471805599454
life:1.6931471805599454
includ:1.0
also:1.6931471805599454
el:1.0
talk:1.0
religion:1.0
misc:1.0
rememb:1.0
st:1.0
paul:2.6094379124341005
make:1.0
christian:1.6931471805599454
pleasur:1.0
stone:1.0
yet:1.0
merci:1.0
save:1.0
becam:1.0
celebr:1.0
men:1.0
histori:1.0
church:1.0
better:1.0
judg:1.0
next:1.6931471805599454
fervor:1.6931471805599454
attack:1.0
day:1.0
might:1.0
proclaim:1.0
peter:2.6094379124341005
said:1.0
probabl:1.0
satan:1.0
sure:1.0
hard:1.0
head:1.0
cynic:1.0
demonstr:1.0
great:1.0
moment:1.0
stupid:1.0
task:1.0
full:1.0
apostl:1.0
faith:1.0
walk:1.0
water:1.0
offer:1.0
gamma1:1.0
