susan:2.386294361119891
soric:2.386294361119891
upub:1.6931471805599454
uchicago:1.6931471805599454
edu:1.6931471805599454
subject:1.0
want:1.0
moltmann:1.6931471805599454
god:1.6931471805599454
creation:2.09861228866811
organ:1.0
import:1.0
line:1.0
15:1.0
greatli:1.0
need:1.0
jurgen:1.0
book:1.0
ecolog:1.0
doctrin:1.0
copi:1.0
will:1.0
part:1.0
love:1.0
hear:1.0
soon:1.0
may:1.0
call:1.0
312:1.0
702:1.0
8367:1.0
e:1.0
mail:1.0
thank:1.0
independ:1.0
agent:1.0
