psyrobtw:1.0
ubvmsb:1.6931471805599454
cc:1.6931471805599454
buffalo:2.09861228866811
edu:1.6931471805599454
robert:1.0
wei:1.0
subject:1.0
17:1.0
apr:1.0
93:1.0
god:1.6931471805599454
promis:1.0
luke:1.0
11:1.6931471805599454
28:1.6931471805599454
organ:1.0
univers:1.0
line:1.0
8:1.0
news:1.0
softwar:1.0
vax:1.0
vm:1.0
vnew:1.0
1:1.0
41:1.0
nntp:1.0
post:1.0
host:1.0
tbut:1.0
said:1.0
tyea:1.0
rather:1.0
tbless:1.0
tthat:1.0
hear:1.0
word:1.0
tand:1.0
keep:1.0
tluke:1.0
