kilroy:1.6931471805599454
gboro:1.6931471805599454
rowan:2.09861228866811
edu:1.6931471805599454
dr:1.0
nanci:1.0
sweeti:1.0
subject:1.0
food:1.0
thought:1.0
tyre:3.302585092994046
summari:1.0
anoth:1.0
inerrantist:1.6931471805599454
rewrit:1.6931471805599454
bibl:2.09861228866811
keyword:1.0
scriptur:1.0
implic:2.386294361119891
prophesi:2.09861228866811
woof:1.0
organ:1.0
colleg:1.0
new:1.6931471805599454
jersey:1.0
disclaim:1.0
brandi:1.0
wonderdog:1.0
hope:1.0
doghous:1.0
rebuilt:2.6094379124341005
line:1.6931471805599454
93:1.0
lot:1.6931471805599454
discus:1.0
sum:1.0
ezekiel:3.772588722239781
place:1.6931471805599454
would:3.70805020110221
mash:1.0
never:2.791759469228055
peopl:3.0794415416798357
live:1.6931471805599454
appear:1.0
liter:2.6094379124341005
correct:1.6931471805599454
bother:1.0
understand:1.0
languag:1.0
use:2.09861228866811
differ:1.0
call:1.0
biblic:1.0
literalist:1.0
exampl:2.09861228866811
sometim:1.0
happen:1.0
someon:1.0
say:2.9459101490553135
grandson:1.0
cutest:1.6931471805599454
babi:1.6931471805599454
turn:1.6931471805599454
around:1.6931471805599454
see:1.6931471805599454
granddaught:1.0
oh:1.6931471805599454
thing:1.0
person:1.6931471805599454
claim:1.0
world:1.0
accord:1.0
cute:1.0
discov:1.0
grandchild:1.0
tie:1.0
first:1.0
rather:1.0
tri:1.6931471805599454
express:1.0
emot:1.0
word:1.6931471805599454
object:1.0
orient:1.0
one:2.09861228866811
common:1.0
mani:1.0
nobodi:1.0
misunderstand:1.0
intent:1.0
statement:1.0
howev:1.6931471805599454
often:1.0
merci:1.0
assum:1.6931471805599454
everyth:1.0
within:1.0
must:1.0
exactli:1.0
true:1.0
exist:1.0
problem:1.6931471805599454
latest:1.0
defend:1.0
read:2.6094379124341005
john:1.0
e:1.0
king:2.09861228866811
clearli:2.386294361119891
impli:2.6094379124341005
still:2.09861228866811
area:1.0
noth:2.09861228866811
kind:1.0
propheci:1.6931471805599454
told:1.0
interpret:1.0
mean:2.09861228866811
hous:2.09861228866811
busi:1.0
plant:1.0
stuff:1.6931471805599454
like:1.0
make:1.0
bare:1.6931471805599454
rock:1.6931471805599454
conclud:1.6931471805599454
way:1.6931471805599454
get:1.6931471805599454
fish:1.0
net:1.0
build:1.6931471805599454
medium:1.6931471805599454
larg:1.0
popul:1.6931471805599454
know:2.386294361119891
latter:1.6931471805599454
answer:1.0
misl:1.0
everybodi:1.0
time:1.0
written:1.0
given:1.0
could:1.0
passag:1.0
size:1.0
citi:1.0
seem:1.0
feel:1.0
mayb:1.0
hardli:1.0
clear:2.09861228866811
mr:1.6931471805599454
also:1.0
write:1.0
far:1.0
seen:1.0
state:1.6931471805599454
figur:1.0
rang:1.0
15:1.0
000:2.386294361119891
22:2.09861228866811
let:1.6931471805599454
modern:1.0
standard:1.0
talk:1.0
hors:1.6931471805599454
town:2.09861228866811
well:1.0
bit:1.0
le:1.0
annapoli:1.6931471805599454
naval:1.0
acadami:1.0
capit:1.0
georg:1.0
washington:1.0
resign:1.0
commiss:1.0
statehous:1.0
may:1.0
york:1.0
least:1.0
two:1.0
suppos:1.0
small:1.0
predict:1.6931471805599454
said:2.386294361119891
chapter:2.09861228866811
26:2.09861228866811
nebuchadnezzar:1.6931471805599454
destroy:2.6094379124341005
loot:1.0
valuabl:2.09861228866811
29:1.0
even:1.0
quot:1.0
god:1.0
armi:1.0
got:1.0
reward:1.0
campaign:1.0
led:1.0
ignor:1.0
alexand:1.0
moment:1.0
pay:1.0
attent:1.0
n:3.4849066497880004
plunder:1.6931471805599454
regardless:1.0
think:1.0
fact:1.0
die:1.0
go:1.0
post:1.0
cours:1.0
pointless:1.0
amaz:1.0
abil:1.0
need:1.0
fit:1.0
whatev:1.0
want:1.6931471805599454
expect:1.0
respond:1.0
comment:1.0
pull:1.0
hat:1.0
demolish:1.6931471805599454
tower:1.6931471805599454
wall:2.09861228866811
stand:1.0
fine:1.0
throw:1.0
stone:1.0
timber:1.0
rubbl:1.0
sea:1.0
set:1.0
foot:1.0
island:1.0
wrote:1.0
ramp:1.0
spend:1.0
13:1.0
year:1.0
stomp:1.0
mainland:1.0
close:1.0
total:1.0
contrari:1.0
text:1.0
reconcil:1.0
anyth:1.0
darren:1.0
f:1.0
provin:1.0
enabl:1.0
demand:1.0
cliff:1.0
claven:1.0
