royc:1.6931471805599454
rbdc:1.0
wsnc:1.0
org:1.0
roy:1.0
crabtre:1.0
subject:1.0
messag:1.0
mr:1.0
presid:1.0
know:1.0
happen:1.0
organ:1.0
red:1.0
barn:1.0
data:1.0
center:1.0
line:1.6931471805599454
11:1.0
articl:1.0
keng:1.6931471805599454
735334134:1.0
tunfair:1.0
den:1.0
mmc:1.0
com:1.0
ken:1.0
garrido:1.0
write:1.0
lotsa:1.0
stuff:1.0
taken:1.0
bottom:1.0
due:1.0
process:1.0
serv:1.6931471805599454
peac:1.0
attempt:1.0
warrant:1.0
occur:1.0
think:1.0
