ekr:2.6094379124341005
squick:2.386294361119891
eitech:2.9459101490553135
com:2.9459101490553135
eric:2.6094379124341005
rescorla:2.386294361119891
subject:1.0
2000:1.0
year:1.0
say:2.6094379124341005
christian:1.0
moral:2.09861228866811
organ:1.0
eit:1.0
line:1.0
88:1.0
nntp:1.0
post:1.0
host:1.0
articl:2.386294361119891
1r3le9:1.0
mlj:1.0
horu:1.6931471805599454
ap:1.6931471805599454
mchp:1.6931471805599454
sni:1.6931471805599454
de:1.6931471805599454
frank:2.791759469228055
d012s658:1.6931471805599454
uucp:1.6931471805599454
dwyer:1.6931471805599454
write:2.386294361119891
1r22qp:1.0
4sk:1.0
1r0m89:1.0
r0o:1.0
1qvu33:1.0
jk3:1.0
kyle:1.6931471805599454
almost:2.09861228866811
peopl:3.4849066497880004
agre:3.3978952727983707
sun:2.386294361119891
exist:2.09861228866811
usual:1.0
uncrit:1.0
sen:1.0
deal:1.6931471805599454
bad:1.6931471805599454
reason:1.6931471805599454
conclus:1.0
realli:2.6094379124341005
disagre:2.6094379124341005
complet:1.6931471805599454
rather:1.6931471805599454
recent:1.0
believ:2.6094379124341005
evolut:1.0
possibl:1.6931471805599454
atom:1.0
bomb:1.0
popular:3.0794415416798357
opinion:3.3978952727983707
notori:1.0
wrong:1.0
matter:2.791759469228055
fact:2.9459101490553135
true:1.6931471805599454
nevertheless:1.0
basi:2.09861228866811
overwhelm:2.09861228866811
shine:1.6931471805599454
physic:1.6931471805599454
would:3.0794415416798357
person:1.6931471805599454
assum:1.0
differ:2.9459101490553135
u:1.0
yourgrav:1.0
mygrav:1.0
theoret:1.0
framework:1.0
encompass:1.0
predict:1.6931471805599454
simpli:1.0
nonsens:1.0
class:1.0
major:1.0
inform:1.6931471805599454
valu:2.09861228866811
hate:1.0
base:1.0
knowledg:1.0
instanc:1.0
qm:1.0
peer:1.0
world:1.0
see:2.386294361119891
talk:1.0
uninterpret:1.6931471805599454
observ:3.0794415416798357
agreement:1.6931471805599454
prerequisit:1.0
theori:1.0
ye:1.0
clear:1.0
exactli:1.0
pretti:2.386294361119891
low:1.0
level:1.6931471805599454
stuff:1.6931471805599454
alreadi:1.0
lot:1.0
higher:1.0
perceiv:1.0
bright:1.0
perhap:1.0
take:1.6931471805599454
experi:2.09861228866811
good:2.791759469228055
evil:1.6931471805599454
everi:1.0
bit:1.0
raw:1.0
pain:1.0
vision:1.0
might:1.0
seem:2.9459101490553135
like:2.09861228866811
first:1.0
pas:1.0
guess:1.6931471805599454
turn:1.0
cruddi:1.0
way:1.0
look:2.9459101490553135
thing:1.6931471805599454
abl:1.0
meter:1.6931471805599454
compar:1.0
appl:1.6931471805599454
situat:3.0794415416798357
fundament:2.386294361119891
nobodi:1.0
extent:2.09861228866811
trivial:1.0
unawar:1.0
either:1.0
huh:1.6931471805599454
mean:1.0
let:1.0
denni:1.0
kriz:1.0
exampl:1.0
think:2.386294361119891
whether:1.6931471805599454
day:1.0
night:1.0
abort:1.0
accept:1.0
yet:1.0
certainli:1.0
respect:1.0
weasel:1.0
word:1.0
evid:1.6931471805599454
point:1.0
interest:1.0
much:1.0
prepar:1.0
trust:1.0
direct:1.0
larg:1.6931471805599454
accord:1.0
howev:1.0
everyon:1.6931471805599454
el:1.6931471805599454
said:1.6931471805599454
dial:1.6931471805599454
read:1.0
1:1.6931471805599454
5:1.6931471805599454
3:1.6931471805599454
hope:1.0
e:1.0
probabl:1.6931471805599454
sinc:1.0
know:1.0
other:1.0
discount:1.0
begin:1.0
predictor:1.0
imposs:1.0
get:1.0
number:1.0
best:1.0
object:1.0
bogu:1.0
actual:1.0
firstli:1.0
saw:1.0
check:1.0
len:1.0
prescript:1.0
secondli:1.0
show:1.0
noth:1.0
may:1.0
virtu:1.0
eleph:2.09861228866811
impli:1.0
iguana:1.0
confus:1.0
decid:1.0
mind:1.0
explain:1.0
thirdli:1.0
question:1.0
assumpt:1.0
achiev:1.0
secondari:1.0
goal:2.09861228866811
therefor:1.0
disagr:1.0
refer:1.0
buy:1.0
use:1.0
code:1.0
man:1.0
