halat:2.6094379124341005
pooh:1.6931471805599454
bear:1.6931471805599454
jim:2.09861228866811
subject:2.386294361119891
2000:1.0
year:1.0
say:2.09861228866811
christian:1.6931471805599454
moral:1.6931471805599454
repli:1.0
line:1.0
43:1.0
articl:1.0
1993apr15:1.0
071814:1.0
27960:1.0
wam:1.6931471805599454
umd:1.6931471805599454
edu:1.6931471805599454
judi:1.0
jay:1.0
stein:1.0
object:2.386294361119891
write:1.0
1qhn7m:1.0
a95:1.0
horu:1.0
ap:1.0
mchp:1.0
sni:1.0
de:1.0
frank:1.6931471805599454
d012s658:1.0
uucp:1.0
dwyer:1.0
cull:1.0
discus:1.0
question:1.0
effect:1.0
differ:1.6931471805599454
valu:2.386294361119891
exist:2.09861228866811
disagr:1.6931471805599454
see:1.0
absolut:1.0
truth:1.6931471805599454
peopl:1.6931471805599454
think:1.6931471805599454
lie:1.0
rel:1.0
exampl:1.0
first:1.0
statement:1.6931471805599454
fundament:1.0
least:1.0
two:1.0
second:1.0
agre:1.6931471805599454
upon:1.0
put:1.0
anoth:1.0
way:1.0
someon:1.0
