tim:2.6094379124341005
kimba:1.6931471805599454
catt:2.09861228866811
citri:2.386294361119891
edu:1.6931471805599454
au:1.6931471805599454
liddelow:1.6931471805599454
subject:1.0
help:1.0
build:1.6931471805599454
x11r5:2.09861228866811
gcc:2.09861228866811
keyword:1.0
organ:1.0
centr:1.6931471805599454
melbourn:1.6931471805599454
australia:1.6931471805599454
line:1.0
16:1.0
peopl:1.6931471805599454
plea:1.0
send:1.0
hint:1.6931471805599454
2:1.0
3:2.386294361119891
pitfal:1.0
avoid:1.0
would:1.0
appreci:1.0
hear:1.0
stori:1.0
fork:1.0
system:1.0
programm:1.0
advanc:1.0
technolog:1.0
telecommun:1.0
brain:1.0
bad:1.0
day:1.0
internet:1.0
phone:1.0
61:1.6931471805599454
282:1.6931471805599454
2455:1.0
fax:1.0
2444:1.0
