beck:2.6094379124341005
irzr17:1.6931471805599454
inf:2.386294361119891
tu:2.6094379124341005
dresden:2.6094379124341005
de:2.386294361119891
andr:2.386294361119891
subject:1.0
pixmap:3.0794415416798357
mask:2.791759469228055
icon:3.0794415416798357
clue:1.6931471805599454
organ:1.0
dept:1.0
comput:1.0
scienc:1.0
germani:1.0
line:1.0
40:1.0
distribut:1.0
world:1.0
repli:1.0
ir:1.6931471805599454
nntp:1.0
post:1.0
host:1.0
articl:1.6931471805599454
44975:1.0
sophia:1.0
inria:1.6931471805599454
fr:1.6931471805599454
lehor:1.0
koala:1.0
arnaud:1.0
le:1.0
hor:1.0
write:1.6931471805599454
buzz:2.09861228866811
93mar31093626:1.0
lion:1.0
bear:1.6931471805599454
com:1.6931471805599454
moschetti:1.0
simpl:1.0
x:2.386294361119891
graphic:1.0
question:1.6931471805599454
assum:1.0
valid:1.0
window:1.6931471805599454
w:2.09861228866811
background:2.09861228866811
also:1.0
wish:1.0
place:1.0
without:1.0
combin:1.0
xcopyarea:1.6931471805599454
gc:2.386294361119891
function:1.0
necessari:1.0
think:1.0
idea:1.0
merg:2.09861228866811
pixel:2.09861228866811
indic:1.0
correspond:1.0
valu:1.0
specif:1.0
problem:1.0
involv:1.0
gener:1.0
xpm:1.6931471805599454
lib:1.0
would:2.09861228866811
appreci:1.0
provid:1.0
symbol:1.6931471805599454
color:1.6931471805599454
name:1.0
specifi:1.0
load:1.0
time:1.0
want:2.09861228866811
suggest:1.0
defin:1.0
file:1.0
set:2.09861228866811
whatev:1.0
use:2.09861228866811
widget:1.0
put:1.0
sure:1.0
simplest:1.0
fastest:1.0
way:1.6931471805599454
soon:1.0
blit:2.386294361119891
two:1.0
top:1.0
littl:1.0
disloc:1.0
see:1.0
rectangular:1.0
crash:1.0
much:1.0
first:1.0
draw:1.0
full:1.0
rectangl:1.0
creat:1.0
bitmap:1.6931471805599454
1:1.0
0:1.0
clip:2.09861228866811
origin:1.6931471805599454
coordin:1.0
destin:1.6931471805599454
drawabl:1.6931471805599454
gxcopi:1.0
brain:1.0
insid:1.0
abpsoft:1.0
mehl:1.0
