guy:2.791759469228055
x:2.6094379124341005
co:2.09861228866811
uk:2.791759469228055
singh:1.6931471805599454
subject:1.0
mous:2.386294361119891
button:3.1972245773362196
1:1.6931471805599454
2:1.0
3:1.6931471805599454
urgent:1.0
repli:1.0
it4ik:1.6931471805599454
dmu:1.6931471805599454
ac:1.6931471805599454
messag:1.6931471805599454
5:1.6931471805599454
apr:1.6931471805599454
93:1.6931471805599454
10:2.386294361119891
23:1.6931471805599454
gmt:1.6931471805599454
disclaim:1.0
view:1.0
ixi:2.386294361119891
ltd:1.0
unless:1.0
explicitli:1.0
state:1.0
line:1.0
29:1.0
nntp:1.6931471805599454
post:1.6931471805599454
host:1.6931471805599454
york:1.0
organ:1.0
lot:1.0
copyright:1.0
author:1.0
assert:1.0
right:1.0
patern:1.0
kler:1.0
said:1.0
ik:3.3978952727983707
elm:1.0
know:2.386294361119891
sound:1.0
stupid:1.0
anyon:1.0
control:1.0
individu:1.0
write:1.0
applic:1.0
current:1.0
make:1.0
use:1.6931471805599454
buttonpressmask:1.0
howev:1.6931471805599454
invok:1.0
press:2.09861228866811
want:1.0
abl:1.0
restrict:1.0
one:1.0
tri:1.0
button1pressmask:1.0
get:1.0
undefin:1.0
error:1.0
done:1.0
pretti:1.0
sure:1.0
there:1.0
easi:1.0
answer:1.0
time:1.0
essenc:1.0
event:2.6094379124341005
mask:1.0
particular:1.0
handler:1.0
structur:1.0
pas:1.0
queri:1.0
find:1.0
e:1.0
void:1.0
someeventhandl:1.0
widget:1.0
w:1.0
xtpointer:1.0
data:1.0
xevent:1.0
catch:1.0
usual:1.0
left:1.0
xbutton:1.0
button1:1.0
action:1.0
el:1.0
noth:1.0
exit:1.0
function:1.0
internet:1.0
vision:1.0
park:1.0
uucp:1.6931471805599454
cambridg:1.0
bang:1.0
uunet:1.0
cb4:1.0
4zr:1.0
tel:1.0
44:1.0
223:1.0
236:1.0
555:1.0
