beck:2.6094379124341005
irzr17:1.6931471805599454
inf:2.386294361119891
tu:2.6094379124341005
dresden:2.6094379124341005
de:2.386294361119891
andr:2.386294361119891
subject:1.0
cute:1.0
x:1.0
client:1.0
organ:1.0
dept:1.0
comput:1.0
scienc:1.0
germani:1.0
line:1.0
69:1.0
distribut:1.0
world:1.0
repli:1.0
ir:1.6931471805599454
nntp:1.0
post:1.0
host:1.0
tri:1.0
includ:2.09861228866811
stdio:1.0
h:2.09861228866811
x11:1.6931471805599454
xlib:1.0
xutil:1.0
display:1.0
dpi:3.70805020110221
int:1.6931471805599454
tscreen:1.0
xcolor:1.6931471805599454
xclr:3.302585092994046
xclrp:4.044522437723423
xid:1.0
tcmap:1.0
tcell:1.0
j:1.0
red:2.6094379124341005
green:2.6094379124341005
blue:2.6094379124341005
got:3.5649493574615367
main:1.0
xopendisplay:1.0
null:1.0
screen:2.6094379124341005
defaultscreen:1.0
cell:3.1972245773362196
displaycel:1.0
cmap:2.9459101490553135
xcreatecolormap:1.0
rootwindow:1.0
defaultvisu:1.0
1:3.1972245773362196
malloc:1.0
sizeof:1.0
0:2.6094379124341005
pixel:1.0
flag:1.0
7:1.0
xquerycolor:1.0
defaultcolormap:1.0
xstorecolor:2.09861228866811
xinstallcolormap:2.09861228866811
65000:2.09861228866811
256:3.1972245773362196
work:1.0
pseudocolor:1.0
xserver:1.0
hope:1.0
brain:1.0
insid:1.0
abpsoft:1.0
mehl:1.0
