brian:1.6931471805599454
mdavcr:1.0
mda:1.0
ca:1.0
lemir:1.0
subject:1.0
join:1.6931471805599454
x:1.6931471805599454
consortium:1.6931471805599454
organ:1.0
macdonald:1.0
dettwil:1.0
13800:1.0
commerc:1.0
parkway:1.0
richmond:1.0
bc:1.0
canada:1.0
v6v:1.0
2j3:1.0
line:1.0
6:1.0
hi:1.0
tdoe:1.0
anyon:1.0
inform:1.0
cost:1.0
benefit:1.0
contact:1.0
thank:1.0
