mbheprg:1.0
problem:1.0
inew:1.0
gateway:1.0
file:2.09861228866811
raju:1.6931471805599454
gurung:1.6931471805599454
subject:1.0
convert:1.0
content:1.6931471805599454
x:2.386294361119891
window:2.6094379124341005
color:1.6931471805599454
postscript:2.09861228866811
organ:1.0
electr:1.6931471805599454
engin:1.6931471805599454
dept:1.6931471805599454
manchest:2.09861228866811
univers:2.09861228866811
line:1.0
22:1.0
newsread:1.0
tin:1.0
version:1.0
1:1.6931471805599454
pl8:1.0
jeff:1.6931471805599454
haferman:2.386294361119891
icaen:1.6931471805599454
uiowa:1.6931471805599454
edu:1.6931471805599454
wrote:1.0
somebodi:1.0
point:1.0
sourc:1.0
code:1.0
dump:1.6931471805599454
written:1.0
app:1.0
bring:1.0
want:1.0
click:1.0
mous:1.0
thank:1.0
internet:1.0
depart:1.0
mechan:1.0
dod:1.0
0186:1.0
bmwmoa:1.0
44469:1.0
ama:1.0
460140:1.0
iowa:1.6931471805599454
citi:1.0
ia:1.0
52242:1.0
76:1.0
r90:1.0
use:1.6931471805599454
xwd:1.6931471805599454
xwd2p:1.0
within:1.0
program:1.0
id:1.6931471805599454
xxxxx:1.6931471805599454
obtain:1.0
xtwindow:1.0
widget:1.0
109:1.0
build:1.0
eng:1.0
oxford:1.0
rd:1.0
u:1.0
k:1.0
