lemon:2.09861228866811
cadsi:1.6931471805599454
enet:1.6931471805599454
dec:1.6931471805599454
com:1.6931471805599454
subject:1.0
xremot:1.6931471805599454
x11r6:2.09861228866811
repli:1.0
organ:1.0
digit:1.6931471805599454
equip:1.6931471805599454
corpor:1.6931471805599454
line:1.6931471805599454
12:1.0
x:1.6931471805599454
newsread:1.0
mxrn:1.0
6:1.0
18:1.0
hi:1.0
rememb:1.0
read:1.0
hallucin:1.0
ncd:1.6931471805599454
pc:1.0
function:1.0
given:1.0
mit:1.0
inclus:1.0
true:1.0
set:1.0
mode:1.0
cheap:1.0
wait:1.0
get:1.0
compress:1.0
serial:1.0
server:1.0
support:1.0
thank:1.0
terri:1.0
