ndd:2.09861228866811
sunbar:1.6931471805599454
mc:2.09861228866811
duke:2.6094379124341005
edu:2.09861228866811
ned:1.6931471805599454
danieley:1.6931471805599454
subject:1.0
problem:2.09861228866811
tek:1.0
xtermin:2.386294361119891
organ:1.0
basic:1.6931471805599454
arrhythmia:1.6931471805599454
laboratori:1.6931471805599454
univ:1.0
med:1.0
center:1.6931471805599454
durham:1.6931471805599454
n:1.0
c:1.0
line:1.6931471805599454
18:1.0
nntp:1.0
post:1.0
host:1.6931471805599454
bal1:1.6931471805599454
origin:1.0
recent:1.0
purchas:1.0
tektronix:1.0
graphic:1.6931471805599454
widget:1.0
wrote:1.0
display:1.0
waveform:1.0
work:1.6931471805599454
button:1.0
etc:1.0
show:1.0
seem:1.0
take:1.0
right:1.0
amount:1.0
time:1.0
draw:1.0
noth:1.0
visibl:1.0
window:1.0
clue:1.0
start:1.0
look:1.0
program:1.0
fine:1.0
sun:1.6931471805599454
3:1.6931471805599454
4:1.6931471805599454
color:1.6931471805599454
b:1.0
w:1.0
could:1.0
anyon:1.0
suggest:1.0
attack:1.0
tekxpress:1.0
xp380:1.0
run:1.6931471805599454
6:1.0
0:1.6931471805599454
ipx:1.0
suno:1.0
1:1.0
x11r5:1.0
pl17:1.0
box:1.0
3140:1.0
univers:1.0
medic:1.0
nc:1.0
27710:1.0
919:1.0
660:1.6931471805599454
5111:1.0
5100:1.0
