rob:1.6931471805599454
earhart:1.6931471805599454
cmu:1.6931471805599454
edu:1.6931471805599454
subject:1.0
q:1.0
avoid:1.6931471805599454
xopendisplay:1.6931471805599454
hang:1.6931471805599454
organ:1.0
sophomor:1.0
physic:1.0
carnegi:1.0
mellon:1.0
pittsburgh:1.0
pa:1.0
line:1.0
4:1.0
nntp:1.0
post:1.0
host:1.0
po4:1.0
andrew:1.0
repli:1.0
c512xr:1.0
3oy:1.0
skate:1.0
gsfc:1.0
nasa:1.0
gov:1.0
know:1.0
perhap:1.6931471805599454
could:1.0
use:1.0
someth:1.0
el:1.0
zephyr:1.0
