lungtt:1.0
gu:1.0
ecn:1.0
purdu:1.6931471805599454
edu:1.0
terenc:1.0
lung:1.0
subject:1.0
honor:1.6931471805599454
degre:1.6931471805599454
mean:1.0
anyth:1.0
organ:1.0
univers:1.6931471805599454
engin:1.0
comput:1.0
network:1.0
line:1.0
6:1.0
hear:1.0
georg:1.0
bush:1.0
rememb:1.0
receiv:1.0
kuwaiti:1.6931471805599454
contribut:1.0
certain:1.0
interest:1.0
long:1.0
ago:1.0
think:1.0
would:1.0
add:1.0
much:1.0
resum:1.0
