chatterj:1.0
haji:1.6931471805599454
lc:2.09861228866811
mit:2.386294361119891
edu:2.386294361119891
shash:2.09861228866811
chatterje:1.6931471805599454
subject:1.0
help:1.0
sunview:1.6931471805599454
olwm:2.09861228866811
xview3:2.09861228866811
x11r5:1.6931471805599454
articl:1.0
9304051753:1.0
aa05339:1.0
organ:1.0
internet:1.0
line:1.0
23:1.0
nntp:1.0
post:1.0
host:1.0
enterpoop:1.0
xpert:1.0
expo:1.0
fin:2.09861228866811
hi:1.0
compil:1.6931471805599454
distribut:1.6931471805599454
sun3:1.0
sunos4:1.0
1:1.6931471805599454
also:1.6931471805599454
public:1.0
domain:1.0
old:1.0
3rd:1.0
parti:1.0
applic:1.0
binari:1.0
program:1.6931471805599454
get:1.6931471805599454
work:1.6931471805599454
tri:1.0
use:1.0
openwindow:1.0
version:1.0
2:1.0
svenv:1.0
news:1.0
access:1.0
mail:1.0
directli:1.0
email:1.6931471805599454
alia:1.0
question:1.0
comp:1.6931471805599454
window:1.6931471805599454
x:1.0
open:1.0
look:1.0
plea:1.0
respond:1.0
fwr8bv:1.6931471805599454
af:1.6931471805599454
mil:1.6931471805599454
thank:1.0
ec:1.0
softwar:1.0
phone:1.0
817:1.6931471805599454
763:1.0
1495:1.0
lockhe:1.0
fort:1.0
worth:1.6931471805599454
compani:1.0
fax:1.0
777:1.0
2115:1.0
p:1.0
box:1.0
748:1.0
mz1719:1.0
ft:1.0
tx:1.0
76101:1.0
