drisko:1.6931471805599454
ic:2.09861228866811
com:1.6931471805599454
jason:1.0
subject:1.0
app:3.1972245773362196
default:3.1972245773362196
file:2.9459101490553135
keyword:1.0
xdefault:1.0
nntp:1.0
post:1.0
host:1.0
sunburn:1.0
organ:1.0
integr:1.0
comput:1.0
solut:1.0
inc:1.0
line:1.0
30:1.0
hello:1.0
start:1.0
bx:2.6094379124341005
reciev:1.0
error:1.0
messag:1.0
say:1.6931471805599454
load:1.6931471805599454
check:1.0
xapplresdir:1.0
environ:2.09861228866811
variabl:2.09861228866811
put:1.0
builderxcessori:2.09861228866811
directori:2.386294361119891
specifi:1.0
xuserfilesearchpath:2.386294361119891
set:2.6094379124341005
use:1.0
setenv:1.0
command:1.0
csh:1.0
note:1.0
name:1.0
end:1.0
ad:1.6931471805599454
n:1.0
get:1.0
correctli:1.0
make:1.6931471805599454
sure:1.6931471805599454
read:1.0
user:1.0
copi:1.0
link:1.0
exist:1.0
usr:1.6931471805599454
lib:1.6931471805599454
x11:1.0
openwin:1.0
depend:1.0
system:1.6931471805599454
taken:1.0
care:1.0
systemdirectori:1.6931471805599454
resourc:1.6931471805599454
instal:1.6931471805599454
exampl:1.0
let:1.0
like:1.0
thank:1.0
tech:1.0
support:1.0
