jessea:2.09861228866811
u013:1.0
vp:1.6931471805599454
com:1.6931471805599454
jess:1.6931471805599454
w:1.6931471805599454
asher:1.6931471805599454
subject:1.0
x:1.6931471805599454
version:1.6931471805599454
whoi:1.6931471805599454
organ:1.0
varco:1.6931471805599454
pruden:1.6931471805599454
build:1.6931471805599454
line:1.0
8:1.0
written:1.0
ftp:1.0
thank:1.0
901:1.0
762:1.0
6000:1.6931471805599454
poplar:1.0
ave:1.0
suit:1.0
400:1.0
memphi:1.0
tn:1.0
38119:1.0
internet:1.0
vpbuild:1.6931471805599454
uucp:1.0
