beck:2.6094379124341005
irzr17:1.6931471805599454
inf:2.386294361119891
tu:2.6094379124341005
dresden:2.6094379124341005
de:2.386294361119891
andr:2.386294361119891
subject:1.0
m:3.1972245773362196
window:3.0794415416798357
v:1.0
motif:3.302585092994046
gui:1.6931471805599454
design:1.0
differ:2.386294361119891
futur:1.0
unix:1.0
organ:1.0
dept:1.0
comput:1.0
scienc:1.0
germani:1.0
line:1.0
46:1.0
distribut:1.0
usa:1.0
repli:1.0
ir:1.6931471805599454
nntp:1.0
post:1.0
host:1.0
articl:1.0
ik:2.09861228866811
93apr9075401:1.0
sneaker:1.6931471805599454
ctt:1.6931471805599454
bellcor:1.6931471805599454
com:2.386294361119891
su:1.0
yoo:1.0
write:2.386294361119891
aab:2.9459101490553135
andi:1.0
burgess:1.0
cichlid:1.0
1993apr7:1.0
200950:1.0
16856:1.0
texhrc:1.0
uucp:1.0
pyeatt:1.6931471805599454
texaco:1.0
larri:1.0
delet:1.0
look:2.09861228866811
close:1.0
see:1.0
eye:1.0
plea:1.0
color:1.0
textur:1.0
real:1.0
applic:2.09861228866811
contain:1.0
toplevel:1.0
child:1.6931471805599454
launch:1.0
onto:1.0
desktop:1.0
familiar:1.0
correct:1.0
experi:1.0
x:1.6931471805599454
make:1.0
think:1.0
msw:2.09861228866811
behavior:1.0
easili:1.0
duplic:1.0
x11:1.0
know:1.0
anoth:1.6931471805599454
import:1.0
handl:1.0
sophist:1.0
geometri:1.0
manag:1.6931471805599454
like:2.386294361119891
xmform:1.0
also:1.0
believ:1.0
3:1.0
limit:1.0
64k:1.0
resourc:1.0
menu:1.6931471805599454
icon:1.0
etc:1.0
imho:1.6931471805599454
whole:1.0
discus:1.0
name:1.6931471805599454
windog:1.0
total:1.0
stupid:1.0
thing:1.0
remot:1.0
influenc:1.6931471805599454
featur:1.6931471805599454
arrang:1.0
button:1.0
somewhat:1.0
similiar:1.0
w:2.6094379124341005
windowmanag:1.6931471805599454
agent:1.0
howev:1.0
mwm:2.09861228866811
small:1.0
part:1.0
fact:1.0
work:1.0
without:1.0
one:1.6931471805599454
outfit:1.0
reason:1.0
switch:1.0
toolkit:1.6931471805599454
widget:1.0
uncompar:1.0
much:1.0
wellorgan:1.0
alot:1.0
goodi:1.0
interfac:1.0
say:1.0
porsch:1.0
vw:1.0
kfer:1.0
wheel:1.6931471805599454
gear:1.6931471805599454
posit:1.6931471805599454
complet:1.0
world:1.6931471805599454
element:1.0
brain:1.0
insid:1.0
abpsoft:1.0
mehl:1.0
