whaley:2.386294361119891
sigma:1.0
kpc:1.6931471805599454
com:1.6931471805599454
ken:1.0
subject:1.0
xcopyplan:2.386294361119891
question:1.0
repli:1.0
nanci:2.09861228866811
neko:1.6931471805599454
cs:1.6931471805599454
gov:1.6931471805599454
messag:1.0
14:1.0
apr:1.0
1993:1.0
15:1.0
19:1.0
05:1.0
0400:1.0
organ:1.0
kubota:1.6931471805599454
pacif:1.6931471805599454
comput:1.6931471805599454
inc:2.09861228866811
line:1.0
88:1.0
tri:2.09861228866811
use:2.6094379124341005
copi:2.09861228866811
singl:1.0
plane:2.6094379124341005
depth:2.9459101490553135
8:2.09861228866811
pixmap:2.791759469228055
1:3.3978952727983707
everytim:1.0
see:1.6931471805599454
absolut:1.0
noth:1.0
display:3.5649493574615367
know:1.6931471805599454
data:2.09861228866811
becuas:1.0
check:1.0
xcopyarea:1.0
screen:2.791759469228055
success:1.0
get:1.0
work:1.0
two:1.0
problem:1.0
could:1.6931471805599454
someon:1.0
plea:1.0
scan:1.0
code:1.6931471805599454
segment:1.0
let:1.0
go:1.0
wrong:1.0
creat:1.0
xmdrawingarea:1.0
widget:1.0
call:1.0
canva:2.09861228866811
w:3.833213344056216
id:2.09861228866811
xtwindow:1.0
xtdisplay:1.0
defaultscreen:1.0
pixmap8:2.09861228866811
xcreatepixmap:1.6931471805599454
rootwindow:1.6931471805599454
width:2.386294361119891
height:2.386294361119891
defaultdepth:1.0
pixmap1:2.6094379124341005
gc8:2.09861228866811
xcreategc:1.6931471805599454
0:3.3978952727983707
null:1.6931471805599454
gc1:2.09861228866811
read:1.0
xwd:1.0
imag:1.6931471805599454
omit:1.0
set:1.0
foreground:1.6931471805599454
background:1.0
color:1.6931471805599454
someth:1.0
whitepixel:1.0
blackpixel:1.0
macro:1.0
server:1.6931471805599454
may:1.0
return:1.0
valu:3.0794415416798357
suitabl:1.0
drawabl:1.0
one:1.6931471805599454
16:1.6931471805599454
sure:1.0
fifth:1.6931471805599454
differ:1.0
pixel:1.0
0x10:1.0
might:1.0
clipmask:1.6931471805599454
fg:1.0
clip:2.9459101490553135
x:1.0
origin:1.6931471805599454
mask:2.09861228866811
gcforeground:1.0
gcclipmask:1.0
xchangegc:1.0
xfillrectangl:1.0
want:1.6931471805599454
better:1.0
perform:1.0
stippl:1.6931471805599454
rectangl:2.09861228866811
fill:1.0
mani:1.0
stupid:1.0
handl:1.0
complex:1.0
list:1.0
turn:1.0
bitmap:1.0
region:1.0
hundr:1.6931471805599454
littl:1.6931471805599454
everi:1.6931471805599454
draw:1.6931471805599454
primit:1.0
triangl:1.0
actual:1.0
must:1.0
also:1.0
ask:1.0
faq:1.0
popular:1.0
reason:1.0
graphic:1.0
show:1.0
wait:1.0
expo:1.0
event:1.0
info:1.0
x11r5:1.0
patchlevel:1.0
10:1.0
motif:1.0
2:1.0
sun:1.0
sparc2:1.0
run:1.0
suno:1.0
4:1.0
thank:1.0
advanc:1.0
p:1.0
marin:1.0
net:1.0
ensco:1.0
mail:1.0
445:1.0
pineda:1.0
ct:1.0
melbourn:1.0
fl:1.0
32940:1.0
407:1.6931471805599454
254:1.6931471805599454
4122:1.0
fax:1.0
3293:1.0
kenneth:1.0
408:1.0
748:1.0
6347:1.0
email:1.0
2630:1.0
walsh:1.0
avenu:1.0
santa:1.0
clara:1.0
ca:1.0
95051:1.0
