ndd:2.09861228866811
sunbar:1.6931471805599454
mc:2.09861228866811
duke:2.6094379124341005
edu:2.09861228866811
ned:1.6931471805599454
danieley:1.6931471805599454
subject:1.0
compil:1.6931471805599454
client:1.6931471805599454
sun:1.0
ipx:2.386294361119891
organ:1.0
basic:1.6931471805599454
arrhythmia:1.6931471805599454
laboratori:1.6931471805599454
univ:1.0
med:1.0
center:1.6931471805599454
durham:1.6931471805599454
n:1.0
c:1.0
line:1.0
19:1.0
nntp:1.0
post:1.0
host:1.0
bal1:1.6931471805599454
origin:1.0
tri:1.6931471805599454
set:1.0
anoth:1.0
group:1.0
copi:1.0
x:1.0
stuff:1.0
4:2.386294361119891
280:1.6931471805599454
run:2.09861228866811
suno:1.0
1:2.386294361119891
use:1.0
gcc:1.0
2:1.0
thing:1.0
fine:1.0
howev:1.0
find:1.0
coupl:1.0
bug:1.0
recompil:1.0
3:1.0
get:2.09861228866811
ld:1.0
undefin:1.0
symbol:1.0
xshapequeryextens:1.0
xshapecombinemask:1.0
know:1.0
includ:1.0
libxext:1.0
rid:1.0
messag:1.0
figur:1.0
idea:1.0
box:1.0
3140:1.0
univers:1.0
medic:1.0
nc:1.0
27710:1.0
919:1.0
660:1.6931471805599454
5111:1.0
5100:1.0
