stolk:1.6931471805599454
fwi:2.386294361119891
uva:2.09861228866811
nl:2.09861228866811
bram:1.0
subject:1.0
creat:2.791759469228055
8:2.791759469228055
bit:2.9459101490553135
window:3.0794415416798357
24:2.09861228866811
display:2.386294361119891
organ:1.0
univers:1.0
amsterdam:1.0
line:2.09861228866811
75:1.0
nntp:1.0
post:1.0
host:1.0
carol:1.0
greet:1.0
use:2.6094379124341005
x:1.6931471805599454
server:1.0
provid:1.0
3:1.0
visual:3.3978952727983707
pseudocolor:2.09861228866811
truecolor:1.0
directcolor:1.0
problem:1.0
occur:1.6931471805599454
tri:1.0
differ:1.0
parent:1.6931471805599454
default:1.6931471805599454
tc24:1.0
xlib:1.0
refer:1.0
guid:1.6931471805599454
reilli:1.0
one:1.0
read:1.0
section:1.0
xcteatewindow:1.0
someth:1.0
like:1.6931471805599454
current:1.0
implement:1.0
x11:1.0
sure:1.0
find:1.0
suitabl:1.6931471805599454
colourmap:1.6931471805599454
attribut:1.0
el:1.0
badmatch:2.09861228866811
warn:1.0
strang:1.0
enough:1.0
mention:1.0
newer:1.0
edit:1.0
x11r5:1.0
howev:1.0
even:1.0
pas:1.0
along:1.0
still:1.0
get:1.0
non:1.0
code:1.6931471805599454
look:1.0
cut:1.6931471805599454
destroy:1.6931471805599454
crt:1.6931471805599454
8bit:1.0
truecolour:1.0
dpi:3.302585092994046
width:2.386294361119891
height:2.09861228866811
int:1.0
win:2.09861228866811
xvisualinfo:1.0
vinfo:2.6094379124341005
xsetwindowattribut:1.0
attr:2.09861228866811
fprintf:2.09861228866811
stderr:2.09861228866811
open:1.0
xmatchvisualinfo:1.0
defaultscreen:1.0
handl:1.0
exit:1.0
1:1.0
visualid:1.0
cmap:2.09861228866811
xcreatecolormap:1.0
defaultrootwindow:1.6931471805599454
allocnon:1.0
xsync:1.0
fals:1.0
xinstallcolormap:1.0
ommis:1.0
give:1.0
result:1.6931471805599454
colormap:1.0
xcreatewindow:1.0
10:1.6931471805599454
copyfrompar:1.0
border:1.0
depth:1.0
inputoutput:1.0
class:1.0
cwcolormap:1.0
return:1.0
execut:1.0
piec:1.0
error:1.0
anybodi:1.0
know:1.0
plea:1.0
drop:1.0
ttake:1.0
care:1.0
tbram:1.0
tstolk:1.0
