hess:1.6931471805599454
swt1:1.0
informatik:1.0
uni:1.0
hamburg:1.6931471805599454
de:1.0
hauk:1.6931471805599454
subject:1.0
xwindow:2.09861228866811
alway:1.0
opaqu:1.0
summari:1.0
way:1.0
parent:2.09861228866811
window:2.09861228866811
overpaint:1.0
child:2.09861228866811
keyword:1.0
relat:1.0
organ:1.0
univers:1.0
germani:1.0
distribut:1.0
comp:1.0
line:1.0
9:1.0
hi:1.0
wonder:1.0
possibl:1.6931471805599454
paint:1.0
area:1.0
could:1.0
implement:1.0
rubberband:1.0
across:1.0
multipl:1.0
select:1.0
object:1.0
display:1.0
one:1.0
