derrick:1.0
j:1.0
brashear:1.0
db74:1.0
andrew:1.6931471805599454
cmu:1.6931471805599454
edu:1.6931471805599454
subject:1.0
mouseless:1.6931471805599454
oper:1.6931471805599454
ol:1.0
v:1.0
wm:1.0
organ:1.0
sophomor:1.0
civil:1.0
engin:1.0
carnegi:1.0
mellon:1.0
pittsburgh:1.0
pa:1.0
line:1.6931471805599454
11:1.0
nntp:1.0
post:1.0
host:1.0
po5:1.0
document:1.0
man:1.0
page:1.0
olwm:1.0
olvwm:1.0
howev:1.0
get:1.0
work:1.0
either:1.0
xdefault:1.0
openwindow:1.0
keyboardcommand:1.0
full:1.0
rebound:1.0
key:1.0
miss:1.0
someth:1.0
