deali:3.1972245773362196
narya:2.09861228866811
gsfc:2.6094379124341005
nasa:2.791759469228055
gov:2.6094379124341005
brian:2.09861228866811
csc:1.0
subject:1.0
xwindow:2.09861228866811
alway:1.0
opaqu:1.0
organ:1.0
goddard:1.0
space:1.0
flight:1.0
center:1.0
line:1.6931471805599454
57:1.0
distribut:1.0
comp:1.0
nntp:1.0
post:1.0
host:1.0
keyword:1.0
parent:1.6931471805599454
child:1.6931471805599454
relat:1.0
origin:1.0
articl:1.0
hess:2.09861228866811
734959172:1.0
swt1:1.6931471805599454
informatik:1.0
uni:1.0
hamburg:1.0
de:1.0
hauk:1.6931471805599454
write:1.0
hi:1.0
wonder:1.0
possibl:1.6931471805599454
window:2.09861228866811
paint:1.0
area:1.0
could:1.0
implement:1.0
rubberband:1.0
across:1.0
multipl:1.6931471805599454
select:1.0
object:1.0
display:1.0
one:2.09861228866811
specifi:1.0
rootwindow:1.0
creat:1.0
gc:1.0
may:1.0
use:1.6931471805599454
xlib:1.0
draw:1.6931471805599454
applic:1.0
someth:1.0
similar:1.0
rubber:1.6931471805599454
band:2.386294361119891
cur:1.0
move:2.09861228866811
xcreatefontcursor:1.0
disp:2.386294361119891
data:2.386294361119891
xc:1.0
crosshair:1.0
geom:3.1972245773362196
val:2.791759469228055
foreground:1.0
blck:1.0
pixl:1.0
grey:1.0
dark:1.0
plane:1.0
mask:2.09861228866811
allplan:1.0
width:1.0
0:1.0
function:1.0
gxxor:1.0
subwindow:1.0
mode:1.0
includeinferior:1.0
evnt:1.6931471805599454
gcforeground:1.0
gcplanemask:1.0
gclinewidth:1.0
gcfunction:1.0
gcsubwindowmod:1.0
gcon:2.09861228866811
xcreategc:1.0
root:2.09861228866811
iden:2.09861228866811
later:1.0
follow:1.0
logic:1.0
void:1.0
tselect:1.0
int:1.6931471805599454
delt:2.791759469228055
xloc:2.09861228866811
yloc:2.09861228866811
stuff:1.6931471805599454
delet:1.6931471805599454
xdrawrectangl:1.6931471805599454
sele:3.4849066497880004
pntr:3.4849066497880004
rootx:2.09861228866811
rooti:2.09861228866811
xlnth:1.6931471805599454
ylnth:1.6931471805599454
undraw:1.0
old:1.0
papax:1.0
papay:1.0
new:1.0
hope:1.0
help:1.0
301:1.6931471805599454
572:1.6931471805599454
8267:1.6931471805599454
know:2.386294361119891
kong:2.386294361119891
import:1.6931471805599454
uunet:1.6931471805599454
dftsrv:1.6931471805599454
b:1.6931471805599454
dylan:1.6931471805599454
