jlong:1.6931471805599454
brtph368:1.6931471805599454
bnr:1.6931471805599454
ca:1.6931471805599454
john:1.6931471805599454
long:1.6931471805599454
p205:1.6931471805599454
subject:1.0
need:1.0
xman:2.09861228866811
sourc:2.09861228866811
repli:1.0
organ:1.0
bell:1.0
northern:1.0
research:1.0
ltd:1.0
line:1.0
3:1.0
get:1.6931471805599454
would:1.0
rather:1.0
hp:1.0
9000:1.0
700:1.0
