dev:1.0
hollywood:1.6931471805599454
acsc:2.09861228866811
com:1.6931471805599454
subject:1.0
circular:2.09861228866811
motif:1.6931471805599454
widget:2.09861228866811
organ:1.0
inc:1.0
line:1.0
7:1.0
distribut:1.0
world:1.0
nntp:1.0
post:1.0
host:1.0
support:1.0
round:1.0
next:1.0
releas:1.0
love:1.0
knob:1.0
could:1.0
use:1.0
instead:1.0
slider:1.0
cheer:1.0
dm:1.0
