straw:2.09861228866811
cam:1.6931471805599454
nist:1.6931471805599454
gov:1.6931471805599454
mike:1.6931471805599454
strawbridg:1.6931471805599454
x3852:1.0
subject:1.0
need:1.0
help:1.6931471805599454
athena:1.0
text:2.791759469228055
widget:2.09861228866811
organ:1.0
nation:1.6931471805599454
institut:1.6931471805599454
standard:1.6931471805599454
technolog:1.6931471805599454
gaithersburg:1.6931471805599454
md:1.6931471805599454
line:1.6931471805599454
24:1.0
want:1.6931471805599454
creat:1.0
singl:1.0
enter:1.0
small:1.0
amount:1.0
fix:1.0
width:1.0
horizont:1.6931471805599454
scrollbar:2.09861228866811
scroll:1.6931471805599454
automat:1.6931471805599454
user:1.6931471805599454
type:1.6931471805599454
order:1.6931471805599454
keep:1.6931471805599454
insert:1.6931471805599454
point:1.6931471805599454
visibl:1.6931471805599454
tri:1.0
two:1.0
problem:1.0
addit:1.0
make:1.0
taller:1.0
instead:1.0
seem:1.0
cover:1.0
part:1.0
appreci:1.0
name:1.0
michael:1.0
ttele:1.0
301:1.0
975:1.0
3852:1.0
usmail:1.0
tarpa:1.0
tand:1.0
tuucp:1.0
uunet:1.0
cme:1.0
durer:1.0
rm:1.0
b:1.0
146:1.0
bldg:1.0
225:1.0
20899:1.0
