mjo:2.386294361119891
iao:1.6931471805599454
ford:2.791759469228055
com:2.386294361119891
mike:2.09861228866811
connor:2.09861228866811
subject:1.0
motif:1.6931471805599454
v:1.0
athena:2.386294361119891
etc:1.0
organ:1.0
offici:1.0
spokesperson:1.0
motor:1.6931471805599454
compani:1.6931471805599454
line:1.0
21:1.0
repli:1.0
fmsrl7:2.09861228866811
srl:1.6931471805599454
nntp:1.0
post:1.0
host:1.0
ope209:1.0
articl:1.0
1993apr16:1.0
133856:1.0
21829:1.0
nrao:1.0
edu:1.0
rgooch:1.0
rp:1.0
csiro:1.0
au:1.0
richard:1.0
gooch:1.0
write:1.6931471805599454
realli:1.0
involv:1.0
mani:1.0
peopl:1.6931471805599454
use:1.6931471805599454
linux:2.09861228866811
like:1.6931471805599454
stay:1.0
cut:1.0
bleed:1.0
edg:1.0
ie:1.0
kernel:1.0
patch:1.6931471805599454
c:1.0
librari:1.0
compil:1.0
come:1.0
rebuild:1.0
entir:1.0
system:1.0
prime:1.0
requir:1.6931471805599454
softwar:2.09861228866811
avail:1.0
gnu:1.0
style:1.0
public:1.0
licens:1.0
henc:1.0
either:1.0
widget:1.6931471805599454
xview:1.0
individu:1.0
may:1.0
doubt:1.0
wide:1.0
adopt:1.0
shameless:1.0
plug:1.0
xaw3d:1.0
make:1.0
much:1.0
nicer:1.0
altern:1.0
stock:1.0
mit:1.0
code:1.0
michael:1.0
j:1.0
internet:1.0
opeo:1.6931471805599454
uucp:1.0
20000:1.0
rotunda:1.0
bldg:1.0
1:2.09861228866811
3001:1.0
phone:1.0
313:1.6931471805599454
248:1.0
1260:1.0
dearborn:1.0
mi:1.0
48121:1.0
fax:1.0
323:1.0
6277:1.0
