nmm1:1.6931471805599454
cu:2.09861228866811
cam:2.09861228866811
ac:2.09861228866811
uk:2.09861228866811
nick:1.6931471805599454
maclaren:1.6931471805599454
subject:1.0
key:2.386294361119891
definit:1.0
emac:2.9459101490553135
x:1.6931471805599454
organ:1.0
u:1.0
cambridg:2.09861228866811
england:1.6931471805599454
line:1.0
28:1.0
nntp:1.0
post:1.0
host:1.0
apu:1.0
articl:1.0
1993apr16:1.0
183525:1.0
25197:1.0
midway:1.0
uchicago:1.6931471805599454
edu:1.6931471805599454
ajaff:1.0
oddjob:1.0
andrew:1.0
jaff:1.0
write:1.0
use:2.09861228866811
want:1.0
custom:1.0
keyboard:1.6931471805599454
better:1.0
set:1.0
stuff:1.6931471805599454
keymap:1.0
defin:1.6931471805599454
access:1.0
certain:1.0
termin:1.0
get:2.09861228866811
e:1.0
g:1.0
f10:1.0
home:1.0
end:1.0
pgup:1.0
pgdn:1.0
seem:1.0
either:1.0
keycod:1.0
feel:1.0
fix:1.0
need:1.0
xmodmap:2.09861228866811
someon:1.0
help:1.0
actual:1.0
wors:1.0
think:1.0
problem:1.6931471805599454
given:1.0
intern:1.0
tabl:1.6931471805599454
somewher:1.0
accept:1.0
system:1.0
depend:1.0
sun:1.0
hp:1.6931471805599454
shift:1.6931471805599454
pageup:1.6931471805599454
work:2.386294361119891
suffici:1.0
least:1.0
make:1.0
howev:1.0
ordinari:1.0
cursorright:1.0
customis:1.0
thing:1.0
note:1.0
exactli:1.0
configur:1.0
univers:1.0
comput:1.0
laboratori:1.0
new:1.0
museum:1.0
site:1.0
pembrok:1.0
street:1.0
cb2:1.0
3qg:1.0
email:1.0
tel:1.0
44:1.6931471805599454
223:1.6931471805599454
334761:1.0
fax:1.0
334679:1.0
