wsander:1.0
spectrum:1.0
xerox:2.09861228866811
com:1.0
bob:1.6931471805599454
hosid:1.6931471805599454
r382:1.0
423:1.0
subject:1.0
dynam:1.0
chang:1.6931471805599454
titl:1.6931471805599454
bar:1.6931471805599454
organ:1.0
x:1.0
newsread:1.0
tin:1.0
version:1.0
1:1.6931471805599454
pl8:1.0
line:1.0
4:1.0
look:1.0
program:1.0
insert:1.0
code:1.0
allow:1.0
window:1.0
dynamicli:1.0
one:1.0
alreadi:1.0
would:1.0
appreci:1.0
locat:1.0
creat:1.0
scratch:1.0
thank:1.0
advanc:1.0
dloslv300:1.0
