markku:2.386294361119891
savela:2.791759469228055
tel:2.386294361119891
vtt:2.386294361119891
fi:2.386294361119891
subject:1.0
raster:1.6931471805599454
text:1.6931471805599454
widget:2.386294361119891
view:1.0
xew:2.6094379124341005
1:3.1972245773362196
3:2.386294361119891
version:2.386294361119891
organ:1.0
technic:1.6931471805599454
research:1.6931471805599454
centr:1.6931471805599454
finland:2.09861228866811
line:1.0
18:1.0
distribut:1.0
comp:1.0
repli:1.0
nntp:1.0
post:1.0
host:1.0
tel4:1.0
mime:1.0
0:1.0
content:1.6931471805599454
type:1.0
plain:1.0
charset:1.0
iso:1.0
8859:1.0
transfer:1.0
encod:1.0
8bit:1.0
avail:1.0
texport:1.6931471805599454
lc:1.6931471805599454
mit:1.6931471805599454
edu:1.6931471805599454
contrib:1.6931471805599454
tar:1.0
z:1.6931471805599454
readm:1.6931471805599454
better:1.0
detail:1.6931471805599454
check:1.0
extens:1.0
p:1.0
still:1.0
time:1.0
updat:1.0
one:1.0
new:1.0
function:1.0
ad:1.6931471805599454
sinc:1.0
2:1.0
handl:1.0
expo:1.0
event:1.0
slightli:1.0
intellig:1.0
realli:1.0
simpl:1.6931471805599454
program:1.6931471805599454
use:1.0
x11r5:1.0
athena:1.0
porthol:1.6931471805599454
panner:1.6931471805599454
demo:1.0
viewer:1.0
c:1.0
demonstr:1.0
usag:1.0
copi:1.0
editr:1.0
actual:1.0
telecommun:1.0
laboratori:1.0
otakaari:1.0
7:1.0
b:1.0
sf:1.0
02150:1.0
espoo:1.0
