mous:2.09861228866811
thunder:1.0
mcrcim:1.6931471805599454
mcgill:2.09861228866811
edu:1.6931471805599454
der:1.0
subject:1.0
x:2.6094379124341005
server:2.9459101490553135
multi:3.1972245773362196
screen:3.302585092994046
organ:1.0
research:1.0
centr:1.0
intellig:1.0
machin:1.6931471805599454
line:1.0
42:1.0
articl:1.6931471805599454
1qlop6:1.0
sgp:1.0
sun3:1.6931471805599454
eeam:1.6931471805599454
elin:1.6931471805599454
co:1.6931471805599454
rainer:1.6931471805599454
hochreit:1.0
write:1.6931471805599454
seen:1.0
lot:1.0
differ:1.6931471805599454
term:2.386294361119891
seem:1.0
mean:2.386294361119891
thing:2.09861228866811
give:1.0
exact:1.0
definit:1.0
head:1.6931471805599454
display:3.0794415416798357
zaphod:1.6931471805599454
mode:1.0
appli:1.6931471805599454
first:1.0
three:1.0
fuzzi:1.0
tend:1.0
use:1.6931471805599454
system:2.386294361119891
multipl:2.6094379124341005
monitor:1.6931471805599454
sometim:1.0
even:1.6931471805599454
multiplex:1.0
onto:1.0
eg:1.0
sun:1.0
cg4:1.0
would:2.09861228866811
taken:1.0
strictli:1.0
sinc:1.0
strict:1.0
refer:1.6931471805599454
keyboard:1.0
pointer:1.6931471805599454
probabl:1.6931471805599454
provid:1.0
way:1.0
mit:1.6931471805599454
switch:1.0
one:1.6931471805599454
anoth:1.0
slide:1.0
side:1.0
limit:2.9459101490553135
mani:1.0
singl:1.6931471805599454
handl:1.6931471805599454
articel:1.0
read:1.6931471805599454
someth:1.0
upper:1.0
12:1.6931471805599454
protocol:1.0
restrict:1.0
given:1.0
255:1.0
know:1.0
invoc:1.0
unless:1.0
possibl:1.0
kludg:1.0
r4:1.0
look:1.0
upon:1.0
tcp:1.0
base:1.0
necessarili:1.0
65535:1.0
per:1.0
inher:1.6931471805599454
like:1.0
talk:1.0
particular:1.0
implement:1.0
claim:1.0
author:1.0
busi:1.0
tder:1.0
tmous:1.0
