dick:2.386294361119891
ahold:2.386294361119891
nl:1.6931471805599454
heijn:1.6931471805599454
subject:1.0
xdm:1.6931471805599454
solaris2:1.0
1:1.6931471805599454
organ:1.0
nv:1.6931471805599454
zaandam:1.6931471805599454
netherland:1.6931471805599454
eec:1.6931471805599454
line:1.0
11:1.0
solari:1.0
2:1.6931471805599454
broke:1.0
sinc:1.6931471805599454
two:1.0
week:1.0
sun:1.6931471805599454
distribut:1.0
patch:1.0
releas:1.0
work:1.0
fine:1.0
support:1.0
etc:1.0
shadow:1.0
run:1.0
ever:1.0
experienc:1.0
problem:1.0
call:1.0
local:1.0
rep:1.0
room:1.0
146:1.0
ankersmidplein:1.0
1506:1.0
ck:1.0
ccsd:1.0
tel:1.0
31:1.6931471805599454
75:1.6931471805599454
592151:1.0
fax:1.0
313030:1.0
