slg3x:1.0
cc:1.0
usu:1.0
edu:1.0
subject:1.0
x:1.0
color:1.6931471805599454
bitmap:1.6931471805599454
editor:1.6931471805599454
need:1.0
organ:1.0
utah:1.0
state:1.0
univers:1.0
line:1.0
7:1.0
hi:1.0
folk:1.0
anybodi:1.0
know:1.0
find:1.0
around:1.0
public:1.0
site:1.0
inform:1.0
appreci:1.0
c:1.0
chang:1.0
