bash:2.386294361119891
tware:1.6931471805599454
com:1.6931471805599454
paul:1.6931471805599454
subject:1.0
x11r5:1.6931471805599454
open:1.0
look:1.0
organ:1.0
techwar:1.6931471805599454
design:1.6931471805599454
boulder:1.6931471805599454
co:1.6931471805599454
usa:1.0
line:1.0
34:1.0
articl:1.6931471805599454
1993apr12:1.6931471805599454
220600:1.0
10691:1.0
nrao:1.0
edu:2.09861228866811
rgooch:1.0
rp:1.0
csiro:1.0
au:1.0
richard:1.0
gooch:1.0
write:1.6931471805599454
155820:1.0
82:1.0
aedc:1.6931471805599454
vax:1.6931471805599454
af:1.6931471805599454
mil:1.6931471805599454
bond:1.0
repost:1.0
sure:2.09861228866811
first:1.6931471805599454
post:1.0
ever:1.0
made:1.0
built:1.6931471805599454
instal:1.6931471805599454
sparcstat:1.0
2:1.6931471805599454
aim:1.0
run:1.0
mit:2.386294361119891
x:1.6931471805599454
server:2.09861228866811
retain:1.0
openlook:1.6931471805599454
window:2.386294361119891
manag:2.09861228866811
uncommon:1.0
want:1.6931471805599454
make:1.0
chang:1.0
delet:1.0
everyth:1.0
need:1.0
instanc:1.0
start:1.0
xdm:1.0
rc:1.0
local:1.0
get:2.09861228866811
rid:1.0
xnew:1.0
sourc:1.0
avail:1.6931471805599454
contrib:2.09861228866811
tape:1.0
export:1.6931471805599454
lc:1.6931471805599454
would:1.6931471805599454
suggest:2.09861228866811
build:1.6931471805599454
rather:1.0
use:1.6931471805599454
version:2.09861228866811
openwindow:2.09861228866811
olwm:2.09861228866811
v3:1.0
skip:1.0
olvwm:1.6931471805599454
instead:1.0
implement:1.0
virtual:1.0
desktop:1.0
find:1.0
realli:1.0
handi:1.0
even:1.0
larg:1.0
monitor:1.0
also:1.6931471805599454
olvwm3:1.0
tar:1.0
z:1.0
readm:1.0
file:1.6931471805599454
xview3:1.0
case:1.0
xview:1.0
second:1.0
usr:1.6931471805599454
x5:1.0
verifi:1.0
work:1.6931471805599454
correctli:1.0
happili:1.0
issu:1.0
rm:1.0
rf:1.0
openwin:1.0
gcc:1.0
3:2.09861228866811
result:1.0
system:1.0
intent:1.0
purpos:1.0
ident:1.0
0:1.0
incred:1.0
faster:1.0
bit:1.0
tweak:1.0
thing:1.0
exactli:1.0
like:1.0
much:1.0
u:1.0
