thoma:2.6094379124341005
aeon:1.6931471805599454
berlin:2.386294361119891
de:2.09861228866811
wolfram:1.6931471805599454
subject:1.0
titl:2.6094379124341005
xterm:2.791759469228055
keyword:1.0
organ:1.0
citi:1.0
dust:1.0
line:1.0
37:1.0
1993apr17:1.0
170907:1.0
25718:1.0
samba:1.0
oit:1.0
unc:2.09861228866811
edu:2.09861228866811
naoumov:1.6931471805599454
physic:1.0
sergei:1.0
write:1.0
hey:1.0
guy:1.0
work:1.6931471805599454
mani:1.0
station:1.0
would:1.0
like:1.0
name:1.6931471805599454
current:1.6931471805599454
lognam:2.386294361119891
open:1.6931471805599454
machin:1.0
close:1.6931471805599454
word:1.0
want:1.0
host:2.6094379124341005
appear:1.0
thnsk:1.0
advanc:1.0
tserg:1.6931471805599454
gluttoni:1.0
astro:1.0
almost:1.0
window:1.0
manag:1.0
twm:1.0
mwm:1.0
olwm:1.0
deriv:1.0
support:1.0
escap:1.0
sequenc:1.6931471805599454
purpos:1.0
put:2.09861228866811
follow:1.0
login:1.0
use:1.0
csh:1.0
tcsh:1.0
sh:1.0
modifi:1.0
term:1.0
techo:1.0
2:1.6931471805599454
g:2.791759469228055
1:1.0
endif:1.0
note:1.0
stand:1.0
esc:1.6931471805599454
vi:1.6931471805599454
enter:1.0
press:1.6931471805599454
ctrl:2.386294361119891
v:1.6931471805599454
mean:1.0
first:1.0
string:1.0
bar:1.6931471805599454
second:1.0
icon:1.0
btw:1.0
also:1.0
directori:1.0
make:1.0
alia:1.6931471805599454
cd:2.09861228866811
echo:1.0
cwd:1.0
greet:1.0
eantc:1.0
tu:1.6931471805599454
wolf:1.0
prz:1.0
49:1.0
030:1.0
31421294:1.0
