stevew:2.09861228866811
chineham:2.6094379124341005
euro:2.6094379124341005
csg:2.6094379124341005
mot:3.302585092994046
com:3.4849066497880004
steve:2.09861228866811
weet:2.09861228866811
subject:1.0
xterm:2.6094379124341005
cursor:2.6094379124341005
x:3.302585092994046
receiv:2.6094379124341005
usenet:2.386294361119891
pa:1.6931471805599454
dec:2.386294361119891
id:2.386294361119891
aa19241:1.0
sun:1.6931471805599454
18:1.6931471805599454
apr:2.6094379124341005
93:2.09861228866811
23:1.6931471805599454
09:1.0
02:1.0
0700:1.6931471805599454
inet:1.0
gw:1.0
2:2.386294361119891
aa08122:1.0
08:2.386294361119891
16:1.0
pobox:1.6931471805599454
129:1.0
188:1.0
137:1.0
100:1.0
motgat:1.0
smtp:1.6931471805599454
5:2.09861228866811
65c:1.6931471805599454
ida:1.6931471805599454
1:2.386294361119891
4:2.386294361119891
13:1.0
comp:2.09861228866811
window:2.09861228866811
decwrl:1.6931471805599454
aa13841:1.0
mon:2.09861228866811
19:2.09861228866811
1993:1.6931471805599454
01:1.6931471805599454
0500:1.6931471805599454
chimpc01:1.6931471805599454
140:1.0
101:1.0
110:1.0
3:1.6931471805599454
12:1.0
aa05426:1.0
06:2.09861228866811
61:1.0
mcdmail:1.0
ir04:1.0
03:1.0
92:1.0
15:1.0
24:1.0
36:1.0
tid:1.0
aa07883:1.0
07:1.0
04:1.0
gmt:1.0
mailer:1.0
z:1.0
mail:2.09861228866811
26jan93:1.0
line:1.6931471805599454
42:1.0
forgiv:1.0
faq:1.0
check:1.0
list:1.0
cant:1.0
find:1.6931471805599454
problem:1.6931471805599454
within:1.0
mono:1.0
grayscal:1.0
monitor:1.0
charact:1.0
applic:1.0
display:1.0
input:2.09861228866811
field:1.6931471805599454
revers:1.0
video:1.0
text:1.0
get:1.0
lost:1.0
edg:1.0
solut:1.0
would:1.6931471805599454
appear:1.0
set:1.0
rather:1.0
block:1.6931471805599454
mean:1.0
although:1.0
variou:1.0
sourc:1.0
seem:1.6931471805599454
indic:1.0
done:1.0
lose:1.0
focu:1.0
becom:1.0
outlin:1.0
also:1.0
prefer:1.0
forc:1.0
default:1.0
either:1.0
configur:1.0
motorola:2.09861228866811
88k:1.0
x11r4:1.0
plea:1.0
repli:1.0
email:1.0
po:1.0
thank:1.0
european:1.6931471805599454
mi:1.6931471805599454
cellular:1.6931471805599454
subscrib:1.6931471805599454
group:1.6931471805599454
beechgreen:1.6931471805599454
court:1.6931471805599454
basingstok:1.6931471805599454
hant:1.6931471805599454
england:1.6931471805599454
phone:1.6931471805599454
44:2.791759469228055
0:2.791759469228055
256:2.386294361119891
790154:1.6931471805599454
e:1.6931471805599454
fax:1.6931471805599454
817481:1.6931471805599454
mobil:1.6931471805599454
850:1.6931471805599454
335105:1.6931471805599454
post:1.6931471805599454
w10075:1.6931471805599454
