welch:2.09861228866811
xcf:1.6931471805599454
berkeley:2.09861228866811
edu:1.6931471805599454
sean:1.6931471805599454
n:1.0
subject:1.0
troubl:1.0
compil:1.6931471805599454
x11r5:1.0
suno:2.6094379124341005
4:2.791759469228055
1:3.0794415416798357
3:2.09861228866811
organ:1.0
experiment:1.0
comput:1.0
facil:1.0
u:1.0
c:1.0
line:1.6931471805599454
35:1.0
nntp:1.0
post:1.0
host:1.0
articl:1.0
schneck:2.09861228866811
735153129:1.0
physik:1.6931471805599454
tu:1.6931471805599454
muenchen:1.6931471805599454
de:1.6931471805599454
bernhard:1.0
write:1.6931471805599454
nemo:1.0
aguirr:1.0
dia:1.0
fi:1.0
upm:1.0
e:1.0
francisco:1.0
j:1.0
ballestero:1.0
problem:2.09861228866811
occur:1.0
initi:1.0
make:1.6931471805599454
world:1.0
get:1.0
standard:1.0
x:1.0
client:1.6931471805599454
seem:1.0
find:1.0
librari:1.0
right:1.0
highli:1.0
suspect:1.0
program:1.0
ld:2.09861228866811
updat:1.0
yip:1.0
fix:2.9459101490553135
found:1.0
link:1.0
static:1.0
btw:1.0
use:1.6931471805599454
cc:1.0
read:1.0
9:1.0
10:1.6931471805599454
11:1.6931471805599454
mit:2.09861228866811
distribut:1.0
known:1.0
appli:1.6931471805599454
set:1.0
sunpost411fcsld:1.6931471805599454
ye:1.6931471805599454
osteenyvers:1.6931471805599454
config:2.09861228866811
sun:2.09861228866811
cf:1.6931471805599454
09:1.0
run:1.6931471805599454
patch:1.6931471805599454
100170:1.0
6:1.0
need:1.0
edit:1.0
site:1.0
def:1.0
add:1.0
aftervendorcf:1.0
section:1.0
defin:1.0
2:2.09861228866811
chang:1.0
valu:1.0
brief:1.0
note:1.0
fail:1.0
unless:1.0
tree:1.0
previous:1.0
built:1.0
