mahan:2.791759469228055
tgv:2.6094379124341005
com:2.386294361119891
patrick:2.09861228866811
l:2.09861228866811
subject:1.0
newsgroup:1.0
dead:1.0
organ:1.0
internet:1.0
line:1.0
24:1.0
nntp:1.0
post:1.6931471805599454
host:1.0
enterpoop:1.0
mit:1.6931471805599454
edu:1.6931471805599454
xpert:1.0
expo:1.0
lc:1.0
rlm:1.0
helen:1.0
surfcti:1.0
gotten:1.0
group:1.6931471805599454
last:1.0
coupl:1.0
day:1.0
recent:1.0
ad:1.0
feed:1.0
list:1.6931471805599454
near:1.0
death:1.0
seen:1.0
mail:1.0
side:1.0
get:1.0
right:1.0
amount:1.0
traffic:1.0
window:1.6931471805599454
washer:1.6931471805599454
wake:1.6931471805599454
person:1.6931471805599454
unnecessarili:1.6931471805599454
consid:1.6931471805599454
lazaru:2.386294361119891
long:2.386294361119891
capit:1.6931471805599454
crime:1.6931471805599454
first:1.6931471805599454
offens:1.6931471805599454
notebook:1.6931471805599454
