deali:2.791759469228055
narya:2.09861228866811
gsfc:2.9459101490553135
nasa:3.0794415416798357
gov:2.9459101490553135
brian:2.09861228866811
csc:1.0
subject:1.0
motif:2.386294361119891
male:1.0
list:2.386294361119891
organ:1.0
goddard:1.0
space:1.0
flight:1.0
center:1.0
line:1.0
14:1.0
distribut:1.0
world:1.0
nntp:1.0
post:1.0
host:1.0
origin:1.0
mail:2.386294361119891
locat:1.0
lobo:2.09861228866811
would:1.0
like:1.0
ad:1.0
delet:1.0
plea:1.0
send:1.6931471805599454
request:1.0
301:1.0
572:1.0
8267:1.0
know:1.6931471805599454
kong:1.6931471805599454
import:1.0
uunet:1.0
dftsrv:1.0
b:1.0
dylan:1.0
