dbohdal:2.09861228866811
jaguar:1.6931471805599454
es:1.6931471805599454
harri:1.6931471805599454
com:1.6931471805599454
subject:1.0
icon:2.386294361119891
box:2.09861228866811
organ:1.0
internet:1.0
line:1.0
9:1.0
nntp:1.0
post:1.0
host:1.0
enterpoop:1.0
mit:2.09861228866811
edu:2.09861228866811
xpert:1.6931471805599454
expo:1.6931471805599454
lc:1.6931471805599454
cc:1.0
dear:1.0
want:1.0
place:1.0
specif:1.0
group:1.0
appear:1.0
outsid:1.0
anyon:1.0
know:1.0
way:1.0
use:1.0
x11r5:1.0
motif:1.0
1:1.6931471805599454
2:1.0
thank:1.0
