kbw:1.6931471805599454
helio:2.09861228866811
ath:2.09861228866811
epa:2.09861228866811
gov:2.09861228866811
kevin:2.09861228866811
b:1.0
weinrich:1.6931471805599454
subject:1.0
solut:1.0
need:1.0
xrdb:1.0
xdefault:2.09861228866811
unchang:1.0
organ:1.0
comput:1.6931471805599454
scienc:1.6931471805599454
corp:1.6931471805599454
line:1.0
9:1.0
distribut:1.0
world:1.0
nntp:1.0
post:1.0
host:1.0
short:1.0
answer:1.0
seem:1.6931471805599454
particular:1.0
packag:1.0
wscrawl:1.0
reset:1.0
default:1.0
miss:1.6931471805599454
file:1.6931471805599454
ad:1.0
one:1.0
problem:1.0
goe:1.0
away:1.0
