hsteve:2.386294361119891
carina:2.386294361119891
unm:2.6094379124341005
edu:2.6094379124341005
subject:1.0
xtranslatecoord:1.6931471805599454
problem:1.0
organ:1.0
univers:1.0
new:1.0
mexico:1.0
albuquerqu:1.0
line:1.0
13:1.0
nntp:1.0
post:1.0
host:1.0
seem:1.0
like:1.0
work:1.0
way:1.6931471805599454
expect:1.0
right:1.6931471805599454
perform:1.0
xmovewindow:1.0
want:1.0
know:1.6931471805599454
absolut:1.0
window:1.6931471805599454
posit:1.0
respect:1.0
root:1.0
get:1.0
info:1.0
xtranslatecoordin:1.0
ab:1.6931471805599454
x:1.0
anybodi:1.0
find:1.0
inform:1.0
thank:1.0
plea:1.0
e:1.0
mail:1.0
possibl:1.0
steve:1.0
hydra:1.0
say:1.0
vm:1.0
