aff209:1.6931471805599454
tijc02:1.6931471805599454
uucp:1.0
ann:1.6931471805599454
freeman:1.6931471805599454
subject:1.0
seek:1.0
user:1.0
experi:1.6931471805599454
x:2.09861228866811
base:1.0
test:1.6931471805599454
tool:1.6931471805599454
organ:1.0
siemen:1.6931471805599454
industri:1.6931471805599454
autom:2.09861228866811
johnson:1.6931471805599454
citi:1.6931471805599454
tn:1.6931471805599454
distribut:1.0
net:1.6931471805599454
line:1.0
10:1.0
anyon:1.0
use:1.0
xrunner:1.0
capbak:1.0
prevuex:1.0
plea:1.0
email:1.0
directli:1.0
opinion:1.0
posit:1.0
neg:1.0
inc:1.0
uunet:1.0
uu:1.0
