defaria:2.9459101490553135
cup:2.386294361119891
hp:2.6094379124341005
com:2.386294361119891
andi:1.6931471805599454
subject:1.0
mysteri:1.0
beep:2.791759469228055
nntp:1.0
post:1.6931471805599454
host:1.0
hpclapd:1.0
organ:1.0
hewlett:2.09861228866811
packard:2.09861228866811
x:2.09861228866811
newsread:1.0
tin:1.0
version:1.0
1:1.6931471805599454
pl8:1.0
8:1.0
line:1.0
121:1.0
articl:1.0
crosspost:1.0
window:1.0
author:1.0
mon:1.0
19:1.6931471805599454
apr:1.0
1993:1.0
18:1.6931471805599454
08:1.0
38:1.0
gmt:1.0
reason:1.6931471805599454
follow:2.09861228866811
code:2.6094379124341005
caus:1.0
applic:2.386294361119891
whenev:1.6931471805599454
intercept:1.0
keystrok:1.6931471805599454
chang:1.6931471805599454
mean:1.6931471805599454
intent:1.0
allow:1.0
date:3.5649493574615367
field:1.6931471805599454
special:2.09861228866811
key:2.386294361119891
tt:2.09861228866811
tinsert:1.0
today:1.0
tbump:1.6931471805599454
day:1.6931471805599454
one:1.6931471805599454
hardcod:1.0
exampl:1.0
perhap:1.0
use:1.0
xmtext:1.0
hit:1.0
idea:1.0
interpret:1.6931471805599454
impli:1.0
would:1.0
like:1.0
get:1.0
rid:1.0
far:1.0
tell:1.0
lose:1.0
understand:1.0
occur:1.0
includ:2.6094379124341005
x11:1.0
intrins:1.0
h:2.6094379124341005
xm:2.6094379124341005
rowcolumn:1.0
mainw:1.0
text:2.09861228866811
widget:3.1972245773362196
ttoplevel:1.0
tmainwindow:1.0
tmainpan:1.0
tdatefield:1.0
xtappcontext:1.0
tapplic:1.0
void:2.6094379124341005
marktoday:2.09861228866811
char:2.386294361119891
todaysd:1.6931471805599454
04:2.09861228866811
93:2.09861228866811
xtvasetvalu:2.09861228866811
xmnvalu:2.09861228866811
null:3.1972245773362196
marktomorrow:2.09861228866811
tomorrowsd:1.6931471805599454
20:1.0
markyesterday:2.09861228866811
yesterdaysd:1.6931471805599454
datekey:2.386294361119891
callingwidget:1.0
xmtextverifyptr:1.0
callbackdata:2.6094379124341005
captur:1.0
behaviour:1.0
found:1.0
set:1.6931471805599454
doit:2.386294361119891
fals:2.386294361119891
switch:1.6931471805599454
ptr:1.0
0:1.6931471805599454
case:2.791759469228055
return:2.386294361119891
default:1.0
main:1.6931471805599454
cardin:1.0
argc:1.6931471805599454
argv:1.6931471805599454
initi:1.0
xt:1.0
toplevel:2.386294361119891
xtvaappiniti:1.0
creat:2.09861228866811
toolfac:1.0
mainwindow:2.386294361119891
xtvacreatemanagedwidget:2.09861228866811
xmmainwindowwidgetclass:1.0
mainpan:2.09861228866811
xmrowcolumnwidgetclass:1.0
small:1.0
area:1.0
datefield:2.386294361119891
xmtextwidgetclass:1.0
xmntopattach:1.0
txmattach:1.6931471805599454
form:1.6931471805599454
xmnrightattach:1.0
xmncolumn:1.0
t8:1.0
modifyverifycallback:1.0
callback:1.0
xtaddcallback:1.0
xmnmodifyverifycallback:1.0
xtcallbackproc:1.0
xtpointer:1.0
realiz:1.0
xtrealizewidget:1.0
go:1.0
xtmainloop:1.0
xtappmainloop:1.0
swear:1.6931471805599454
life:1.6931471805599454
love:1.6931471805599454
andrew:1.6931471805599454
never:1.6931471805599454
live:2.386294361119891
sake:1.6931471805599454
anoth:2.386294361119891
man:2.386294361119891
ask:1.6931471805599454
mine:1.6931471805599454
california:1.6931471805599454
languag:1.6931471805599454
lab:1.6931471805599454
john:1.6931471805599454
galt:1.6931471805599454
