nchan:1.6931471805599454
nova:1.6931471805599454
ctr:2.386294361119891
columbia:2.6094379124341005
edu:2.386294361119891
nui:1.6931471805599454
chan:1.6931471805599454
subject:1.0
put:1.0
rpc:2.386294361119891
hp:2.09861228866811
x:2.09861228866811
motif:1.6931471805599454
environ:1.0
organ:1.0
univers:1.0
center:1.0
telecommun:1.0
research:1.0
post:1.6931471805599454
nntp:1.0
host:1.0
sol:1.0
line:1.0
12:1.0
hi:1.0
anybodi:1.0
implement:1.0
server:1.0
xwindow:1.0
sun:1.0
xview:1.0
notifi:1.0
enabl:1.0
svc:1.0
call:1.0
automat:1.0
execut:1.0
process:1.0
detect:1.0
incom:1.0
request:1.0
wonder:1.0
similar:1.0
function:1.6931471805599454
perform:1.0
help:1.0
appreci:1.0
