vgalvez:1.0
itesocci:1.0
gdl:1.0
iteso:1.0
mx:1.0
virginia:1.0
galvez:1.0
subject:1.0
none:1.0
organ:1.0
internet:1.0
line:1.0
7:1.0
nntp:1.0
post:1.0
host:1.0
enterpoop:1.0
mit:1.6931471805599454
edu:1.6931471805599454
xpert:1.0
athena:1.0
work:1.0
problem:1.0
schedul:1.0
classroom:1.0
like:1.0
know:1.6931471805599454
softwar:1.0
paper:1.0
articl:1.0
someth:1.0
relat:1.0
plea:1.0
let:1.0
tthank:1.0
tlorenza:1.0
illan:1.0
