yue1016:1.0
c:1.6931471805599454
uh:1.6931471805599454
edu:1.6931471805599454
yue:1.0
huang:1.0
subject:1.0
ask:1.0
ftp:1.0
address:1.0
kerbero:1.0
version:1.0
5:1.0
draft:1.0
rfc:1.0
organ:1.0
comput:1.0
scienc:1.0
dept:1.0
univ:1.0
houston:1.0
main:1.0
campu:1.0
line:1.0
1:1.0
distribut:1.0
world:1.0
nntp:1.0
post:1.0
host:1.0
rodin:1.0
