ramakri:1.0
csgrad:1.0
c:1.6931471805599454
vt:1.0
edu:1.0
ramakrishnan:1.6931471805599454
subject:1.0
mwm:1.6931471805599454
titl:1.6931471805599454
drag:1.6931471805599454
crash:1.6931471805599454
x:2.6094379124341005
server:3.302585092994046
sigpip:2.09861228866811
organ:1.0
vpi:1.0
su:1.0
comput:1.0
scienc:1.0
depart:1.0
blacksburg:1.0
va:1.0
line:1.0
55:1.0
environ:1.0
mach:1.0
arch:1.0
sparc:1.0
sun4:1.0
ipx:1.6931471805599454
o:1.0
suno:1.0
4:1.6931471805599454
1:2.386294361119891
3:1.6931471805599454
x11:3.3978952727983707
x11r5:1.0
patchlevel:1.0
22:1.0
motif:1.0
2:2.09861228866811
bring:1.0
use:1.0
startx:1.0
usr:3.302585092994046
bin:1.0
xsun:1.6931471805599454
follow:1.0
sequenc:1.0
action:1.6931471805599454
errno:1.6931471805599454
32:1.6931471805599454
xinit:1.6931471805599454
report:2.09861228866811
connexion:1.0
lost:1.6931471805599454
start:2.09861228866811
client:2.09861228866811
100dpi:2.09861228866811
75dpi:2.09861228866811
font:3.5649493574615367
move:1.0
window:1.6931471805599454
bar:1.0
dump:1.0
core:1.0
due:1.0
one:1.0
two:1.0
messag:1.0
print:1.0
connect:1.6931471805599454
broken:1.0
believ:1.0
first:1.0
second:1.0
next:1.0
ran:1.0
xdm:1.6931471805599454
debug:1.0
level:1.0
5:1.0
set:1.6931471805599454
select:1.0
return:1.0
0:1.0
termin:1.0
unexpectedli:1.0
statu:1.6931471805599454
2560:1.6931471805599454
note:1.0
problem:2.6094379124341005
occur:1.6931471805599454
manag:1.0
twm:1.0
olwm:1.0
ld:1.0
librari:1.0
path:1.6931471805599454
run:1.0
fix:1.0
width:1.0
see:1.6931471805599454
lib:3.1972245773362196
misc:1.6931471805599454
speedo:1.6931471805599454
mkfontdir:1.0
pex:1.0
seem:1.0
machin:1.0
ipc:1.0
workstat:1.0
question:1.0
hell:1.0
goin:1.0
mean:1.0
greatli:1.0
appreci:1.0
hint:1.0
caus:1.0
dept:1.0
mcbryde:1.0
hall:1.0
vatech:1.0
