baileyc:1.6931471805599454
ucsu:1.6931471805599454
colorado:2.6094379124341005
edu:2.09861228866811
christoph:1.6931471805599454
r:1.6931471805599454
bailey:1.6931471805599454
subject:1.0
caus:1.6931471805599454
timeout:1.6931471805599454
summari:1.0
forc:1.6931471805599454
strip:2.386294361119891
chart:2.386294361119891
updat:1.6931471805599454
nntp:1.0
post:1.0
host:1.0
organ:1.0
univers:1.6931471805599454
boulder:1.6931471805599454
line:1.0
20:1.0
problem:1.0
athena:1.0
widget:2.09861228866811
call:2.386294361119891
get:2.09861228866811
valu:2.386294361119891
function:1.0
pretti:1.0
sure:1.0
happen:1.0
use:1.0
xtappmainloop:1.0
deal:1.0
event:1.0
via:1.0
socket:1.0
ya:1.6931471805599454
anyway:1.0
want:1.6931471805599454
callback:1.6931471805599454
someon:1.0
know:1.6931471805599454
anoth:1.0
fast:1.6931471805599454
way:1.6931471805599454
around:1.0
matter:1.0
let:1.0
think:1.0
xtngetvalu:1.0
third:1.0
paramet:1.0
proc:1.0
xtpointer:1.0
data:1.0
word:1.0
idea:1.0
anyon:1.0
internet:1.0
dendrit:1.0
c:1.0
compuserv:1.0
70403:1.0
1522:1.0
ride:1.0
take:1.0
chanc:1.0
