mahan:2.791759469228055
tgv:2.6094379124341005
com:2.09861228866811
patrick:2.09861228866811
l:2.09861228866811
subject:1.0
find:1.0
appcontext:1.0
organ:1.0
internet:1.0
line:1.0
24:1.0
nntp:1.0
post:1.0
host:1.0
enterpoop:1.0
mit:1.6931471805599454
edu:2.09861228866811
xpert:1.0
expo:1.0
lc:1.0
masc0442:1.0
gondor:1.0
sdsu:1.0
xt:1.0
call:1.6931471805599454
give:1.6931471805599454
applic:1.6931471805599454
context:2.09861228866811
fix:1.0
x:1.0
motif:1.0
program:1.0
tri:1.0
use:2.09861228866811
xtappaddtimeout:1.0
whose:1.0
first:2.09861228866811
argument:1.0
app:1.0
valu:1.0
xtdisplaytoapplicationcontext:1.0
retreiv:1.0
window:1.6931471805599454
washer:1.6931471805599454
wake:1.6931471805599454
person:1.6931471805599454
unnecessarili:1.6931471805599454
consid:1.6931471805599454
lazaru:2.386294361119891
long:2.386294361119891
capit:1.6931471805599454
crime:1.6931471805599454
offens:1.6931471805599454
notebook:1.6931471805599454
