mccoy:2.6094379124341005
gothamc:2.09861228866811
jsc:2.09861228866811
nasa:2.6094379124341005
gov:2.09861228866811
daniel:1.6931471805599454
subject:1.0
compil:2.386294361119891
sun4:2.386294361119891
411:2.09861228866811
repli:1.0
organ:1.0
net:1.6931471805599454
inc:1.6931471805599454
line:1.0
27:1.0
articl:1.0
qfe00wb2qzz7ez:1.0
andrew:1.6931471805599454
cmu:1.6931471805599454
edu:1.6931471805599454
wilson:1.0
swee:1.0
ws8n:1.0
write:1.0
piec:1.0
x:1.0
code:1.6931471805599454
fine:1.0
pmax:1.6931471805599454
ul4:1.0
mach:1.6931471805599454
well:1.6931471805599454
whenev:1.0
give:1.6931471805599454
undefin:1.0
ld:1.0
error:1.0
sin:1.0
co:1.0
pow:1.0
floor:1.0
get:1.6931471805599454
wmshellwidgetclass:1.0
applicationshellwidgetclass:1.0
follow:1.0
librari:1.6931471805599454
link:1.0
lxaw:1.0
lxmu:1.0
lxt:1.0
lxext:1.0
lx11:1.6931471805599454
makefil:1.0
gener:1.0
imak:1.0
templat:1.0
anyon:1.0
pointer:1.0
miss:1.0
first:1.0
2:1.0
easi:1.0
need:1.0
math:1.0
tri:1.0
ad:1.0
lm:1.0
know:1.0
whole:1.0
problem:1.0
start:1.0
j:1.0
space:1.6931471805599454
mail:1.0
pt4:1.0
tel:1.0
713:1.6931471805599454
483:1.0
0950:1.0
johnson:1.0
center:1.0
fax:1.0
244:1.0
5698:1.0
houston:1.0
texa:1.0
77058:1.0
futur:1.0
