leon:2.791759469228055
dimatrix:2.386294361119891
dk:2.386294361119891
thrane:1.6931471805599454
subject:1.0
x:1.6931471805599454
intrins:1.0
mail:2.386294361119891
list:2.09861228866811
organ:1.0
internet:1.0
line:1.0
14:1.0
nntp:1.0
post:1.0
host:1.0
enterpoop:1.0
mit:2.09861228866811
edu:2.09861228866811
xpert:1.6931471805599454
expo:1.6931471805599454
lc:1.6931471805599454
get:1.0
newsfe:1.0
wonder:1.0
whether:1.0
thing:1.0
xt:1.0
would:1.0
appreci:1.0
info:1.0
relat:1.0
thank:1.0
advanc:1.0
telephon:1.0
45:2.386294361119891
93:1.6931471805599454
51:1.6931471805599454
00:1.0
ap:1.0
fax:1.0
11:1.0
lyngbi:1.6931471805599454
hovedgad:1.0
15d:1.0
e:1.0
2800:1.0
denmark:1.0
uunet:1.0
