n:2.09861228866811
r:2.6094379124341005
elli:2.6094379124341005
newcastl:1.0
ac:2.386294361119891
uk:2.9459101490553135
nigel:2.09861228866811
subject:1.0
keyboard:2.386294361119891
map:1.6931471805599454
type:1.6931471805599454
5:1.6931471805599454
x11:1.6931471805599454
r5:1.6931471805599454
nntp:1.0
post:1.0
host:1.0
w:1.0
ai3:1.0
dur:1.0
x:1.0
newsread:1.0
tin:1.0
version:1.0
1:1.6931471805599454
pl9:1.0
repli:1.0
durham:2.791759469228055
organ:1.0
comput:1.6931471805599454
scienc:1.6931471805599454
univers:1.6931471805599454
dh1:1.6931471805599454
3le:1.6931471805599454
line:1.0
16:1.0
hi:1.0
anyon:1.0
sun:1.0
use:1.0
thank:1.0
artifici:1.0
intellig:1.0
group:1.0
phne:1.0
44:1.6931471805599454
91:1.6931471805599454
374:1.6931471805599454
2549:1.0
england:1.0
fax:1.0
3741:1.0
