kavitski:2.386294361119891
hsi:2.09861228866811
com:2.09861228866811
jim:1.6931471805599454
subject:1.0
comp:1.0
window:2.386294361119891
x:1.0
intrins:1.0
summari:1.0
clip:1.6931471805599454
charact:2.791759469228055
high:2.386294361119891
order:2.386294361119891
bit:2.386294361119891
nntp:1.0
post:1.0
host:1.0
hsi86:1.0
organ:1.0
3m:1.0
health:1.0
inform:1.0
system:1.0
wallingford:1.0
ct:1.0
line:2.09861228866811
38:1.0
problem:1.6931471805599454
enter:1.0
xterm:1.6931471805599454
motif:1.0
reprogram:1.0
f1:2.9459101490553135
key:2.791759469228055
transmit:1.6931471805599454
ff:1.6931471805599454
sequenc:1.6931471805599454
use:1.6931471805599454
follow:1.6931471805599454
xdefault:1.0
ctrl:1.0
shift:1.0
alt:1.0
string:1.6931471805599454
0xff:1.0
0xbe:1.0
merg:1.6931471805599454
xrdb:1.0
creat:1.0
new:1.0
remap:1.0
aris:1.0
applic:1.6931471805599454
reciev:1.0
input:1.6931471805599454
time:2.09861228866811
see:1.0
7f:1.6931471805599454
3e:1.6931471805599454
filter:1.6931471805599454
ignor:1.0
run:1.0
xev:1.0
press:1.0
get:1.6931471805599454
correct:1.6931471805599454
valu:1.6931471805599454
show:1.0
two:1.0
event:2.09861228866811
keypress:1.0
serial:1.6931471805599454
14:1.0
synthet:1.6931471805599454
0x2800001:1.6931471805599454
root:2.386294361119891
0x28:1.6931471805599454
subw:1.6931471805599454
0x0:2.386294361119891
2067815294:1.0
67:1.6931471805599454
80:1.6931471805599454
74:1.6931471805599454
104:1.6931471805599454
state:1.6931471805599454
keycod:1.6931471805599454
16:2.09861228866811
keysym:2.09861228866811
0xffbe:2.09861228866811
screen:1.6931471805599454
ye:1.6931471805599454
xlookupstr:1.6931471805599454
give:1.6931471805599454
0:1.6931471805599454
keyreleas:1.0
2067815406:1.0
notic:1.0
vi:1.0
program:1.0
wrote:1.0
spit:1.0
back:1.0
hex:1.0
keyboard:1.0
anyon:1.0
know:1.0
make:1.6931471805599454
sure:1.0
entir:1.0
8bit:1.0
final:1.0
help:1.0
greatli:1.0
appreci:1.0
plea:1.0
email:1.0
respons:1.0
