mufti:2.386294361119891
plsparc:1.0
uucp:1.0
saad:1.6931471805599454
subject:1.0
faq:1.6931471805599454
group:1.6931471805599454
distribut:1.0
usa:1.0
organ:1.0
person:1.6931471805599454
librari:1.6931471805599454
softwar:1.6931471805599454
inc:1.0
line:1.0
11:1.0
could:1.0
kind:1.0
soul:1.0
point:1.0
right:1.0
direct:1.0
list:1.0
thank:1.0
e:1.0
mail:1.0
pl:1.0
com:1.0
