prunet:2.386294361119891
zephir:1.0
inria:2.386294361119891
fr:2.09861228866811
vincent:1.6931471805599454
subject:1.0
monthli:1.0
question:1.6931471805599454
xcopyarea:1.6931471805599454
expo:2.9459101490553135
event:3.0794415416798357
organ:1.0
sophia:2.386294361119891
antipoli:2.09861228866811
line:1.0
55:1.0
articl:1.0
buzz:2.09861228866811
93apr19125438:1.0
lion:1.0
bear:1.6931471805599454
com:1.6931471805599454
moschetti:1.0
write:1.0
2nd:1.0
post:1.0
seem:1.0
get:1.0
answer:1.0
suppos:1.0
idl:1.0
app:1.0
realiz:1.0
map:2.09861228866811
window:3.6390573296152584
contain:1.6931471805599454
xlib:1.6931471805599454
graphic:1.0
button:1.0
widget:1.0
press:1.0
caus:1.0
new:2.386294361119891
item:2.09861228866811
drawn:1.0
action:1.0
clearli:1.0
call:2.386294361119891
equiv:1.0
directli:1.0
instead:1.0
regist:1.0
exist:1.0
memori:1.0
structur:1.0
let:1.6931471805599454
handler:2.386294361119891
handl:1.6931471805599454
regular:1.0
e:1.0
g:1.0
manag:1.0
driven:1.0
exposur:1.6931471805599454
take:1.0
care:1.0
render:1.6931471805599454
imag:1.0
use:1.6931471805599454
proper:1.0
way:1.6931471805599454
time:1.0
guarante:1.0
problem:1.0
cours:1.0
gener:1.6931471805599454
alreadi:1.6931471805599454
visibl:1.6931471805599454
need:1.6931471805599454
somehow:1.0
tickl:1.6931471805599454
hit:1.0
argument:1.0
enabl:1.0
part:1.6931471805599454
best:1.0
produc:1.0
behavior:1.0
increment:2.386294361119891
updat:1.0
content:1.0
follow:1.0
trick:1.0
t1:1.0
set:1.0
background:2.386294361119891
none:1.6931471805599454
t2:1.0
xcleararea:1.6931471805599454
display:2.386294361119891
0:2.386294361119891
true:1.0
t3:1.0
restor:1.0
correct:1.0
valu:1.0
repaint:1.0
still:1.0
order:1.0
applic:1.0
know:1.0
must:1.0
someth:1.0
screen:1.0
may:1.0
era:1.0
encapsul:1.0
3:1.0
oper:1.0
2:1.0
self:1.0
address:1.0
client:2.386294361119891
messag:2.09861228866811
preserv:1.0
asynchron:1.0
server:1.6931471805599454
xgrabserv:1.0
start:1.0
tbackground:1.0
txcleararea:1.0
trestor:1.0
end:1.0
xungrabserv:1.0
grabserv:1.0
prevent:1.0
insert:1.0
critic:1.0
section:1.0
sema:1.0
group:1.0
bp:1.0
93:2.09861228866811
06902:1.0
cedex:1.0
franc:1.0
33:1.6931471805599454
65:1.6931471805599454
78:1.0
42:1.0
fax:1.0
77:1.0
66:1.0
