bentz:2.6094379124341005
bluston:2.09861228866811
uucp:1.0
ray:1.6931471805599454
subject:1.0
sparc:1.0
ipc:1.6931471805599454
sprite:1.6931471805599454
goe:1.6931471805599454
screen:2.791759469228055
organ:1.0
blueston:1.6931471805599454
consult:1.6931471805599454
inc:1.6931471805599454
line:1.0
21:1.0
environ:1.0
tx11r4:1.0
tmotif:1.0
1:2.09861228866811
4:1.6931471805599454
tsun:1.0
3:1.0
problem:1.0
twhen:1.0
mous:1.0
move:1.0
across:1.0
horizont:1.0
tof:1.0
edg:1.6931471805599454
reappear:1.0
tit:1.0
appear:1.0
server:1.6931471805599454
think:1.0
run:1.6931471805599454
multi:1.6931471805599454
tmode:1.6931471805599454
cursor:1.0
seem:1.0
wrap:1.0
one:1.0
side:1.0
tthe:1.0
ta:1.0
far:1.0
tell:1.0
plea:1.0
repli:1.0
via:1.0
e:1.0
mail:1.0
phone:1.0
609:1.6931471805599454
727:1.0
4600:1.0
fax:1.0
778:1.0
8125:1.0
1200:1.0
church:1.0
street:1.0
uunet:2.09861228866811
mount:1.0
laurel:1.0
nj:1.0
08054:1.0
internet:1.0
uu:1.0
net:1.0
