victor:2.6094379124341005
hpfrcu03:1.6931471805599454
franc:1.6931471805599454
hp:1.6931471805599454
com:1.6931471805599454
gattegno:1.6931471805599454
french:1.0
crc:1.0
subject:1.0
run:2.09861228866811
dxterm:1.6931471805599454
onto:1.0
apollo:2.09861228866811
dec:1.6931471805599454
5000:1.0
240:1.0
organ:1.0
internet:1.0
line:1.0
61:1.0
alf:1.0
st:1.0
nepean:1.0
uw:1.0
edu:1.6931471805599454
au:1.0
cc:1.0
xpert:1.0
expo:1.0
lc:1.0
mit:1.0
dn2500:1.0
domain:1.0
o:1.0
10:2.09861228866811
3:1.6931471805599454
x11r4:1.6931471805599454
motif:2.09861228866811
think:1.0
xapollo:1.0
x11r3:1.0
server:1.6931471805599454
want:1.0
instal:1.0
pskq3:1.0
5:1.0
4:1.0
xdomain:1.0
get:1.0
error:1.0
appear:1.0
decstat:1.0
x:1.0
toolkit:1.0
warn:1.0
convert:1.0
string:1.0
key:1.0
apchardel:1.6931471805599454
type:1.0
virtualbind:1.0
segment:1.0
fault:1.0
idea:1.0
problem:1.0
version:1.0
incompat:1.0
someth:1.0
xkeysymdb:1.6931471805599454
could:1.0
add:1.0
tapollo:1.0
specif:1.0
keysym:1.0
aplinedel:1.0
1000ff00:1.0
1000ff01:1.0
apcopi:1.0
1000ff02:1.0
apcut:1.0
1000ff03:1.0
appast:1.0
1000ff04:1.0
apmov:1.0
1000ff05:1.0
apgrow:1.0
1000ff06:1.0
apcmd:1.0
1000ff07:1.0
apshel:1.0
1000ff08:1.0
apleftbar:1.0
1000ff09:1.0
aprightbar:1.0
1000ff0a:1.0
apleftbox:1.0
1000ff0b:1.0
aprightbox:1.0
1000ff0c:1.0
apupbox:1.0
1000ff0d:1.0
apdownbox:1.0
1000ff0e:1.0
appop:1.0
1000ff0f:1.0
apread:1.0
1000ff10:1.0
apedit:1.0
1000ff11:1.0
apsav:1.0
1000ff12:1.0
apexit:1.0
1000ff13:1.0
aprepeat:1.0
1000ff14:1.0
apkp:1.6931471805599454
parenleft:1.0
1000ffa8:1.0
parenright:1.0
1000ffa9:1.0
oooo:1.6931471805599454
peopl:1.0
expect:1.0
