matthew:2.09861228866811
alchemi:2.09861228866811
tn:1.6931471805599454
cornel:1.6931471805599454
edu:1.6931471805599454
kleinmann:1.0
subject:1.0
2:1.0
head:1.6931471805599454
sun:2.09861228866811
3:1.6931471805599454
60:1.6931471805599454
possibl:1.6931471805599454
cgfour0:2.09861228866811
bwtwo0:2.09861228866811
organ:1.0
intern:1.0
line:1.0
12:1.0
distribut:1.0
world:1.0
nntp:1.0
post:1.0
host:1.0
mono:2.09861228866811
framebuff:1.0
built:1.0
motherboard:1.0
system:2.09861228866811
also:1.0
cgfour:1.6931471805599454
bwtwo1:2.09861228866811
daughterboard:1.0
use:1.0
color:2.09861228866811
monitor:1.6931471805599454
front:1.0
screen:2.09861228866811
back:1.6931471805599454
tube:1.6931471805599454
recentley:1.0
pick:1.0
1600:1.0
x:1.0
1280:1.0
would:1.0
like:1.0
make:1.0
two:1.0
care:1.0
loo:1.0
look:1.0
xsun:1.0
man:1.0
page:1.0
sure:1.0
anybodi:1.0
sucessfuli:1.0
done:1.0
