larri:2.386294361119891
gator:1.6931471805599454
rn:1.6931471805599454
com:1.6931471805599454
snyder:1.6931471805599454
subject:1.0
dell:1.6931471805599454
2:2.386294361119891
eisa:1.6931471805599454
video:1.6931471805599454
card:1.6931471805599454
organ:1.0
gatornet:1.0
lake:1.0
mari:1.0
florida:1.0
line:1.0
4:1.0
xfree86:1.0
support:1.0
