victor:2.6094379124341005
hpfrcu03:1.6931471805599454
franc:2.09861228866811
hp:1.6931471805599454
com:2.09861228866811
gattegno:1.6931471805599454
french:1.0
crc:1.0
subject:1.0
high:1.6931471805599454
order:1.6931471805599454
bit:1.6931471805599454
charact:1.0
xterm:1.0
organ:1.0
internet:1.0
line:1.0
33:1.6931471805599454
kavitski:1.0
hsi:1.0
cc:1.0
xpert:1.0
expo:1.0
lc:1.0
mit:1.0
edu:1.0
anyon:1.0
know:1.0
filter:1.0
make:1.6931471805599454
sure:1.0
entir:1.0
8bit:1.0
final:1.0
applic:1.0
help:1.0
greatli:1.0
appreci:1.0
1:2.09861228866811
need:1.6931471805599454
resourc:1.0
txterm:1.6931471805599454
eightbitinput:1.0
true:1.6931471805599454
eightbitoutput:1.0
2:1.0
shell:1.0
stti:1.0
cs8:1.0
istrip:1.0
good:1.0
luck:1.0
x:3.70805020110221
email:1.0
xxx:1.0
hewlett:1.0
packard:1.0
hpdesk:1.0
hp8101:1.0
rc:1.0
avenu:1.0
du:1.0
canada:1.0
phone:1.0
69:1.0
82:1.0
60:1.6931471805599454
91947:1.0
le:1.0
uli:1.0
cedex:1.0
telnet:1.0
770:1.0
1141:1.0
