grape:1.6931471805599454
suned1:1.6931471805599454
nswse:1.6931471805599454
navi:1.6931471805599454
mil:1.6931471805599454
mike:1.0
grapevin:1.6931471805599454
subject:1.0
subscript:1.0
organ:1.0
internet:1.0
line:1.0
7:1.0
xpert:1.0
expo:1.0
lc:1.0
mit:1.0
edu:1.0
plea:1.0
subscrib:1.0
mail:1.0
list:1.0
michael:1.0
one:1.6931471805599454
day:1.6931471805599454
usn:1.0
swc:1.0
code:1.0
4g33:1.0
pow:1.0
gon:1.0
na:1.0
happen:1.0
bu:1.0
805:1.0
982:1.0
7791:1.0
even:1.0
realiz:1.0
