thad:2.791759469228055
cup:1.6931471805599454
portal:2.09861228866811
com:2.386294361119891
p:1.0
floryan:1.6931471805599454
subject:1.0
2:1.6931471805599454
head:2.09861228866811
sun:2.386294361119891
3:2.09861228866811
60:2.09861228866811
possibl:1.6931471805599454
cgfour0:2.09861228866811
bwtwo0:2.09861228866811
organ:1.0
system:2.6094379124341005
tm:1.0
distribut:1.0
world:1.0
line:1.0
25:1.0
articl:1.0
1r28mg:1.0
9r5:1.0
fitz:1.0
tc:1.0
cornel:1.6931471805599454
edu:1.6931471805599454
matthew:1.6931471805599454
alchemi:1.0
tn:1.0
kleinmann:1.0
write:1.0
mono:2.6094379124341005
framebuff:1.0
built:1.0
motherboard:2.386294361119891
also:1.0
cgfour:1.6931471805599454
bwtwo1:2.09861228866811
daughterboard:1.0
use:1.0
color:2.386294361119891
monitor:2.386294361119891
front:1.0
screen:2.09861228866811
back:1.6931471805599454
tube:1.6931471805599454
recentley:1.0
pick:1.0
1600:1.0
x:1.0
1280:1.0
would:1.0
like:1.0
make:1.0
two:1.6931471805599454
care:1.0
loo:1.0
look:1.0
xsun:1.0
man:1.0
page:1.0
sure:1.0
anybodi:1.0
sucessfuli:1.0
done:1.0
consol:1.0
though:1.0
rate:1.0
1152x900:1.0
configur:1.0
plug:1.0
n:1.0
play:1.0
situat:1.0
except:1.0
know:1.0
hi:1.6931471805599454
re:1.6931471805599454
function:1.0
way:1.6931471805599454
howev:1.0
may:1.0
simpli:1.0
abl:1.0
pull:1.6931471805599454
set:1.0
jumper:2.386294361119891
locat:1.0
array:1.0
ram:1.0
simm:1.6931471805599454
select:1.0
ethernet:1.0
connect:1.0
happili:1.0
left:1.6931471805599454
rear:1.0
e:1.0
g:1.0
north:1.0
west:1.0
quadrant:1.0
socket:1.0
btr:1.0
netcom:1.0
