rgasch:1.0
nl:1.0
oracl:1.6931471805599454
com:1.0
robert:1.0
gasch:1.0
subject:1.0
program:1.6931471805599454
argument:1.6931471805599454
geometri:1.6931471805599454
organ:1.0
europ:1.0
line:1.0
7:1.0
x:1.6931471805599454
newsread:1.0
tin:1.0
version:1.0
1:1.6931471805599454
pl8:1.0
question:1.0
regard:1.0
process:1.0
option:1.6931471805599454
sinc:1.0
standard:1.0
wonder:1.0
wether:1.0
par:1.0
manual:1.0
whether:1.0
predefin:1.0
function:1.0
thank:1.0
info:1.0
robret:1.0
