grape:1.6931471805599454
suned1:1.0
nswse:1.6931471805599454
navi:1.6931471805599454
mil:1.6931471805599454
mike:1.0
grapevin:1.0
subject:1.0
subscrib:1.0
organ:1.0
internet:1.0
line:1.0
1:1.0
expert:1.0
expo:1.0
lc:1.0
mit:1.0
edu:1.0
tsubscrib:1.0
