mccoy:2.6094379124341005
gothamc:2.09861228866811
jsc:2.09861228866811
nasa:2.6094379124341005
gov:2.09861228866811
daniel:1.6931471805599454
subject:1.0
titl:2.791759469228055
xterm:3.302585092994046
repli:1.0
organ:1.0
net:1.6931471805599454
inc:1.6931471805599454
line:1.0
52:1.0
articl:2.09861228866811
1r3fe2inn10d:1.0
fbi:1.0
news:1.0
informatik:1.6931471805599454
uni:1.6931471805599454
dortmund:1.6931471805599454
de:2.791759469228055
markhof:1.6931471805599454
ls12r:1.0
ingolf:1.0
write:2.09861228866811
1quh74:1.0
r71:1.0
irz401:1.0
inf:1.6931471805599454
tu:1.6931471805599454
dresden:1.6931471805599454
beck:1.6931471805599454
irzr17:1.0
andr:1.0
c5ol74:1.0
3b1:1.0
aeon:1.6931471805599454
berlin:1.6931471805599454
thoma:1.6931471805599454
wolfram:1.0
hey:1.0
guy:1.0
work:2.386294361119891
mani:1.0
station:1.0
would:2.09861228866811
like:1.0
name:2.09861228866811
current:2.09861228866811
lognam:2.386294361119891
open:1.6931471805599454
machin:1.0
close:1.6931471805599454
word:1.0
want:1.0
host:3.0794415416798357
appear:1.0
almost:1.0
window:2.09861228866811
manag:1.6931471805599454
twm:1.0
mwm:1.0
olwm:1.0
deriv:1.0
support:1.0
escap:1.0
sequenc:2.6094379124341005
purpos:1.0
put:1.0
follow:1.6931471805599454
login:1.0
use:2.09861228866811
csh:1.6931471805599454
tcsh:1.6931471805599454
sh:1.0
modifi:1.0
term:1.0
techo:1.0
2:2.09861228866811
g:2.09861228866811
1:1.6931471805599454
endif:1.0
featur:1.0
ansi:1.6931471805599454
compat:2.09861228866811
anyon:1.0
know:1.0
think:1.0
dc:1.0
devic:1.0
control:1.0
introduc:1.0
may:1.6931471805599454
csi:1.0
exist:1.0
must:1.0
dxterm:1.0
vt:1.0
least:1.0
problem:1.0
back:1.0
origin:1.0
question:1.0
usual:1.0
start:1.0
new:1.0
select:1.0
proper:1.0
menu:1.6931471805599454
entri:1.0
desktop:1.0
sampl:1.0
command:1.0
txterm:1.6931471805599454
sl:1.0
999:1.0
n:2.386294361119891
ls12i:2.09861228866811
e:1.0
rlogin:1.0
option:1.0
give:1.0
text:1.0
icon:1.0
wonder:1.0
extens:1.0
talia:1.0
precmd:1.0
echo:1.0
cwd:1.0
tcshrc:1.0
special:1.0
alia:1.0
tvtwm:1.0
execut:1.0
time:1.0
print:1.0
prompt:1.0
directori:1.0
path:1.0
bar:1.0
gotten:1.0
answer:1.0
yet:1.0
variabl:1.0
j:1.0
space:1.6931471805599454
mail:1.0
code:1.0
pt4:1.0
tel:1.0
713:1.6931471805599454
483:1.0
0950:1.0
johnson:1.0
center:1.0
fax:1.0
244:1.0
5698:1.0
houston:1.0
texa:1.0
77058:1.0
futur:1.0
