sdenni:2.386294361119891
osf:2.09861228866811
org:2.09861228866811
subject:1.6931471805599454
repost:1.0
acceler:2.791759469228055
translat:2.09861228866811
appar:1.0
motif:2.386294361119891
talk:1.0
origin:1.0
root:1.0
postman:1.0
keyword:1.0
case:1.6931471805599454
line:1.6931471805599454
36:1.6931471805599454
repli:1.6931471805599454
organ:1.0
applicon:2.386294361119891
inc:1.6931471805599454
ann:2.386294361119891
arbor:2.386294361119891
mi:1.0
usa:1.0
return:1.0
path:1.0
slb:1.6931471805599454
com:1.6931471805599454
post:1.0
ago:1.0
reciev:1.0
one:1.6931471805599454
anoth:1.0
bug:1.0
report:1.0
anybodi:1.0
help:1.0
ensur:1.0
work:1.6931471805599454
independ:1.0
want:1.6931471805599454
ctrl:2.386294361119891
menu:1.6931471805599454
entri:1.6931471805599454
os:1.0
vol:2.09861228866811
6:1.0
section:1.0
say:1.6931471805599454
inform:1.0
specifi:1.6931471805599454
tabl:1.0
see:1.0
4:1.6931471805599454
know:1.0
put:1.0
xmnacceler:1.6931471805599454
resourc:1.0
go:1.0
likewis:1.0
modifi:1.6931471805599454
noth:1.0
prohibit:1.0
present:1.0
well:1.0
exampl:1.0
tshift:1.0
key:3.0794415416798357
q:1.6931471805599454
tquit:1.0
take:1.0
effect:1.0
even:1.0
held:1.0
time:1.0
shift:1.6931471805599454
impli:1.0
set:1.0
user:1.0
press:1.0
control:1.0
possibl:1.0
suppli:1.0
1:2.791759469228055
keep:1.0
mind:1.0
answer:1.0
question:1.0
use:2.386294361119891
xtinstallacceler:1.0
3:1.6931471805599454
decstat:1.0
5000:1.0
also:1.0
tri:1.0
hp:1.0
2:1.0
steve:1.0
denni:1.0
internet:1.0
softwar:1.0
engin:1.0
michigan:1.0
hail:1.0
victor:1.0
