wam3090:1.6931471805599454
yak:1.6931471805599454
com:1.6931471805599454
bill:1.6931471805599454
massena:1.6931471805599454
subject:1.0
function:1.6931471805599454
key:2.6094379124341005
text:2.09861228866811
string:2.6094379124341005
translat:2.6094379124341005
organ:1.0
boe:1.6931471805599454
comput:1.0
servic:1.0
seattl:1.0
line:1.0
17:1.0
ti:1.0
want:1.0
press:1.6931471805599454
appear:1.0
xmtext:2.09861228866811
widget:1.0
put:1.6931471805599454
augment:1.0
f1:2.09861228866811
insert:1.6931471805599454
hello:2.09861228866811
resourc:1.0
file:1.6931471805599454
happen:1.0
get:1.0
work:1.0
make:1.0
sen:1.0
sinc:1.0
default:1.0
mode:1.0
replac:1.0
tdo:1.0
syntax:1.0
problem:1.0
someth:1.0
deeper:1.0
