brian:2.6094379124341005
atlastel:1.6931471805599454
com:1.6931471805599454
sheet:1.6931471805599454
subject:1.0
look:1.0
filemanag:1.0
x11r5:1.6931471805599454
organ:1.0
atla:1.6931471805599454
telecom:1.6931471805599454
inc:1.6931471805599454
disclaim:1.0
view:1.0
express:1.0
necessarili:1.0
repres:1.0
employ:1.0
line:1.0
9:1.0
anyon:1.0
file:1.0
manag:1.0
run:1.0
unix:1.0
truck:1.6931471805599454
support:1.0
engin:1.0
raider:1.0
lost:1.0
ark:1.0
u:1.0
