rlm:1.6931471805599454
helen:1.6931471805599454
surfcti:1.6931471805599454
com:2.386294361119891
robert:1.6931471805599454
l:1.6931471805599454
mcmillin:1.6931471805599454
subject:1.0
mix:1.6931471805599454
gl:2.791759469228055
x:2.6094379124341005
xlib:1.6931471805599454
xt:2.09861228866811
mwm:1.0
organ:1.0
surf:1.6931471805599454
citi:1.6931471805599454
softwar:1.6931471805599454
tbfw:1.0
project:1.0
repli:1.0
graham:2.09861228866811
sparc1:1.6931471805599454
ottawa:1.6931471805599454
jade:1.6931471805599454
messag:1.0
19:1.6931471805599454
apr:1.6931471805599454
1993:1.6931471805599454
16:1.6931471805599454
59:1.6931471805599454
12:1.6931471805599454
0400:1.6931471805599454
line:1.6931471805599454
21:1.0
jay:1.0
said:1.0
develop:1.0
xm:1.0
applic:2.09861228866811
includ:2.09861228866811
graphic:1.6931471805599454
window:1.6931471805599454
sort:1.0
move:1.0
symbol:1.0
among:1.0
thing:1.0
pure:1.0
could:1.0
implement:1.0
motif:1.6931471805599454
widget:1.6931471805599454
one:2.09861228866811
would:1.6931471805599454
xmdrawingarea:1.6931471805599454
draw:1.0
like:1.0
take:1.0
advantag:1.0
librari:1.0
avail:1.0
ibm:1.6931471805599454
r:1.0
6000:1.0
sgi:1.6931471805599454
believ:1.0
possibl:1.6931471805599454
program:1.0
use:1.0
subroutin:1.0
open:1.0
xopenwindow:1.0
distribut:1.0
indigo:1.0
other:1.0
well:1.6931471805599454
sourc:1.0
code:1.0
fit:1.0
top:1.0
base:1.0
may:1.0
wish:1.0
ask:1.0
whether:1.0
support:1.0
dude:1.0
std:1.0
disclaim:1.0
h:1.0
