etxmesa:1.6931471805599454
eo:1.6931471805599454
ericsson:2.6094379124341005
se:2.09861228866811
michael:2.09861228866811
salmon:2.09861228866811
subject:1.0
titl:1.0
xterm:1.6931471805599454
keyword:1.0
nntp:1.0
post:1.0
host:1.6931471805599454
eos6c02:1.0
repli:1.0
organ:1.0
telecom:1.6931471805599454
ab:1.6931471805599454
line:1.0
21:1.0
articl:1.0
1r3fe2inn10d:1.0
fbi:1.0
news:1.0
informatik:1.6931471805599454
uni:1.6931471805599454
dortmund:1.6931471805599454
de:1.6931471805599454
markhof:1.6931471805599454
ls12r:1.0
ingolf:1.0
write:1.0
talia:1.0
precmd:1.0
echo:1.0
n:1.0
2:1.0
cwd:1.0
g:1.0
tcshrc:1.0
special:1.0
alia:1.0
tvtwm:1.0
presum:1.0
meant:1.0
say:1.6931471805599454
tcsh:1.0
includ:2.09861228866811
standard:1.0
disclaim:1.0
witti:1.0
fanci:1.0
pseudo:1.0
graphic:1.0
stockholm:1.0
