neuralog:1.6931471805599454
neosoft:1.6931471805599454
com:1.0
subject:1.0
compil:2.386294361119891
sun4:2.386294361119891
411:2.09861228866811
organ:1.0
commun:1.0
servic:1.0
713:1.0
684:1.0
5900:1.0
line:1.0
27:1.0
articl:1.6931471805599454
1993apr20:1.0
132914:1.0
907:1.0
aio:1.0
jsc:1.6931471805599454
nasa:1.6931471805599454
gov:1.6931471805599454
mccoy:1.0
gothamc:1.0
write:1.6931471805599454
qfe00wb2qzz7ez:1.0
andrew:1.6931471805599454
cmu:1.6931471805599454
edu:1.6931471805599454
wilson:1.0
swee:1.0
ws8n:1.0
piec:1.0
x:1.0
code:1.0
fine:1.0
pmax:1.6931471805599454
ul4:1.0
mach:1.6931471805599454
well:1.6931471805599454
whenev:1.0
give:1.6931471805599454
undefin:1.0
ld:1.0
error:1.0
sin:1.0
co:1.0
pow:1.0
floor:1.0
get:1.6931471805599454
wmshellwidgetclass:1.0
applicationshellwidgetclass:1.0
follow:1.0
librari:1.6931471805599454
link:1.6931471805599454
lxaw:1.0
lxmu:1.6931471805599454
lxt:1.0
lxext:1.0
lx11:1.6931471805599454
makefil:1.0
gener:1.0
imak:1.0
templat:1.0
anyon:1.0
pointer:1.0
miss:1.0
first:1.0
2:1.0
easi:1.0
need:1.0
math:1.0
tri:1.6931471805599454
ad:1.0
lm:1.0
know:1.0
whole:1.0
problem:1.6931471805599454
start:1.0
think:1.0
usr:1.0
lib:1.0
libxmu:1.0
instead:1.0
least:1.0
solv:1.0
