baldwa:2.6094379124341005
antietam:1.0
adob:2.6094379124341005
com:2.09861228866811
sanjay:1.6931471805599454
subject:1.0
x:1.6931471805599454
support:1.6931471805599454
pressur:1.6931471805599454
sensit:1.6931471805599454
tablet:1.6931471805599454
repli:1.0
organ:1.0
system:1.0
mountain:1.0
view:1.0
ca:1.0
usa:1.0
distribut:1.0
comp:1.0
line:1.0
7:1.0
vendor:1.0
pen:1.0
appreci:1.0
pointer:1.0
thank:1.0
decwrl:1.0
