earl:2.791759469228055
isolar:2.6094379124341005
tujunga:2.386294361119891
ca:2.386294361119891
u:2.09861228866811
greg:1.6931471805599454
subject:1.0
colormap:1.0
window:1.6931471805599454
manag:1.6931471805599454
organ:1.0
person:1.0
usenet:1.0
site:1.0
usa:1.0
line:1.0
27:1.0
distribut:1.0
world:1.0
nntp:1.0
post:1.0
host:1.0
keyword:1.0
twm:2.9459101490553135
tvtwm:2.09861228866811
installwindowcolormap:1.6931471805599454
articl:1.6931471805599454
1993apr15:1.0
155255:1.0
27034:1.0
thunder:1.6931471805599454
mcrcim:1.6931471805599454
mcgill:1.6931471805599454
edu:2.386294361119891
mous:1.6931471805599454
der:1.0
write:1.6931471805599454
c5duhc:1.0
71p:1.0
1:1.0
c:1.6931471805599454
cmu:1.6931471805599454
da:1.0
david:1.0
simon:1.0
one:1.0
plea:1.0
explain:1.0
follow:1.0
piec:1.0
code:1.0
caus:2.09861228866811
dump:1.6931471805599454
core:1.6931471805599454
particular:1.0
interest:1.0
know:1.0
whether:1.0
behavior:1.0
bug:2.6094379124341005
reason:1.0
anyth:1.0
client:1.0
never:1.0
ever:1.0
crash:2.386294361119891
would:2.09861228866811
true:1.0
mit:1.0
fix:1.0
could:1.0
say:1.0
almost:1.0
unabl:1.0
either:1.0
remark:1.0
feat:1.0
desir:1.0
boot:1.0
mean:1.0
report:1.0
oh:1.0
zillion:1.0
time:1.0
server:1.6931471805599454
hand:1.0
want:1.0
openwindow:1.0
3:1.0
0:1.0
xnew:1.0
xbiff:1.6931471805599454
xrm:1.0
shapewindow:1.0
blammo:1.0
phone:1.0
818:1.6931471805599454
353:1.6931471805599454
8695:1.0
tfax:1.0
1877:1.0
internet:1.0
uucp:1.0
elroy:1.6931471805599454
jpl:1.0
nasa:1.0
gov:1.0
k:1.0
