m91nen:1.0
tdb:1.0
uu:1.0
se:1.0
nil:1.0
engstrom:1.0
subject:1.0
compil:1.0
sun4:1.0
411:1.0
organ:1.0
depart:1.0
scientif:1.0
comput:1.0
uppsala:1.0
univers:1.0
line:1.0
15:1.0
articl:1.0
yfo:1.0
qfe00wb2qzz7ez:1.0
andrew:1.6931471805599454
cmu:1.6931471805599454
edu:1.6931471805599454
wilson:1.0
swee:1.0
ws8n:1.0
write:1.0
sin:1.0
co:1.0
pow:1.0
floor:1.0
link:1.6931471805599454
lm:1.0
math:1.0
librari:1.6931471805599454
get:1.6931471805599454
wmshellwidgetclass:1.0
applicationshellwidgetclass:1.0
bug:1.0
sun:1.0
share:1.0
assert:1.0
nodefinit:1.0
trick:1.0
tn:1.0
