toml:2.09861228866811
blade:1.0
boulder:2.386294361119891
parcplac:2.386294361119891
com:2.09861228866811
tom:2.09861228866811
lastrang:1.6931471805599454
subject:1.0
forc:1.0
window:3.5649493574615367
manag:2.791759469228055
accept:1.6931471805599454
specif:1.0
coordin:1.0
repli:1.0
organ:1.0
line:1.0
40:1.0
articl:1.0
bade:2.09861228866811
93apr21134939:1.0
athen:1.0
c:1.6931471805599454
tu:1.6931471805599454
berlin:1.6931471805599454
de:1.6931471805599454
tobia:1.0
dope:1.0
write:1.0
tri:1.0
xcreatewindow:1.0
includ:1.0
x11:1.0
xutil:1.0
h:1.0
display:2.09861228866811
xsizehint:3.302585092994046
xallocsizehint:1.0
flag:1.6931471805599454
usposit:2.09861228866811
ussiz:1.6931471805599454
pposit:2.09861228866811
psize:1.6931471805599454
x:1.0
42:1.6931471805599454
width:1.0
100:1.6931471805599454
height:1.0
xsetwmnormalhint:1.0
xfree:1.0
hint:1.0
tell:1.6931471805599454
posit:2.386294361119891
size:2.09861228866811
specifi:2.09861228866811
user:2.09861228866811
valu:2.09861228866811
use:1.0
prefer:1.6931471805599454
program:1.0
know:1.0
place:1.0
like:1.6931471805599454
right:1.0
plea:1.0
make:1.0
brain:1.0
hurt:1.0
set:1.0
say:1.0
blow:1.0
gasket:1.0
harm:1.0
differ:1.0
thing:1.0
besid:1.0
see:1.0
rather:1.0
