dcr:2.09861228866811
mail:2.386294361119891
ast:2.386294361119891
cam:2.386294361119891
ac:2.386294361119891
uk:2.386294361119891
derek:1.6931471805599454
c:1.6931471805599454
richardson:1.6931471805599454
subject:1.0
anim:2.6094379124341005
xputimag:1.6931471805599454
nntp:1.0
post:1.6931471805599454
host:1.6931471805599454
ioas09:1.0
repli:1.0
organ:1.0
institut:1.6931471805599454
astronomi:1.6931471805599454
cambridg:1.6931471805599454
line:1.0
50:1.0
articl:1.0
4867:1.0
mlb:1.0
semi:1.0
harri:1.0
com:1.0
jmartin:1.0
egret:1.0
imagesru:1.0
john:1.6931471805599454
martin:1.0
write:1.6931471805599454
frequent:1.0
done:1.6931471805599454
copi:1.0
client:1.6931471805599454
resid:2.09861228866811
ximag:2.09861228866811
server:2.9459101490553135
pixmap:2.386294361119891
use:2.386294361119891
origin:1.0
delet:1.0
loop:1.0
perform:1.0
xcopyarea:1.0
window:1.0
drawabl:1.0
hope:1.0
helpful:1.0
implement:1.0
seem:1.0
achiev:1.0
display:1.0
rate:1.0
20:1.0
400x400x8:1.0
frame:1.6931471805599454
sec:1.0
ipx:1.6931471805599454
get:1.6931471805599454
sunview:1.6931471805599454
though:1.0
bit:2.09861228866811
choppi:1.0
time:1.0
also:2.09861228866811
load:2.09861228866811
data:1.6931471805599454
make:1.6931471805599454
xput:1.0
ing:1.0
cumbersom:1.0
slower:1.6931471805599454
better:1.6931471805599454
way:1.6931471805599454
rgooch:1.0
rp:1.0
csiro:1.0
au:1.0
richard:1.0
gooch:1.6931471805599454
need:1.6931471805599454
speed:1.0
run:2.09861228866811
x:2.386294361119891
share:2.09861228866811
memori:2.09861228866811
extens:1.6931471805599454
sampl:1.6931471805599454
mit:2.09861228866811
shm:1.0
xdpyinfo:1.0
tell:1.0
certainli:1.0
avail:1.0
suno:1.0
word:1.6931471805599454
warn:1.6931471805599454
sure:1.0
kernel:1.0
configur:1.0
support:1.0
anoth:1.0
openwindow:1.0
written:1.0
imag:1.6931471805599454
tool:1.0
xview:1.6931471805599454
gui:1.0
yield:1.0
10:1.0
per:1.0
second:1.0
512:1.6931471805599454
8:1.0
sparc:1.0
ipc:1.0
half:1.0
cpu:1.0
grunt:1.0
prove:1.0
quit:1.0
suffici:1.0
tregard:1.0
trichard:1.0
putimag:1.0
mention:1.6931471805599454
nkisseb:1.0
delphi:1.0
beckman:1.0
uiuc:1.0
edu:1.0
nick:1.0
kisseberth:1.0
look:1.6931471805599454
interest:1.6931471805599454
someon:1.0
point:1.0
document:1.0
method:1.0
like:1.0
give:1.0
result:1.0
code:1.0
thank:1.0
help:1.0
far:1.0
someth:1.0
decent:1.0
put:1.0
togeth:1.0
definit:1.0
net:1.0
tel:1.0
0223:1.6931471805599454
337548:1.0
37501:1.0
fax:1.0
337523:1.0
u:1.0
k:1.0
cb3:1.0
0ha:1.0
e:1.0
