trevor:2.386294361119891
telesoft:1.6931471805599454
com:2.09861228866811
bourget:1.6931471805599454
ignit:1.0
subject:1.6931471805599454
repost:1.0
acceler:3.8903717578961645
translat:2.386294361119891
keyword:1.0
case:2.09861228866811
organ:1.0
alsi:1.0
group:1.0
san:1.0
diego:1.0
ca:1.0
usa:1.0
line:1.0
75:1.0
sdenni:1.6931471805599454
735423404:1.0
aa:1.0
cad:1.0
slb:1.0
osf:1.0
org:1.0
write:1.6931471805599454
post:1.0
ago:1.0
receiv:1.0
one:1.6931471805599454
repli:1.0
anoth:1.0
bug:1.0
report:1.0
anybodi:1.0
help:1.0
problem:1.0
motif:2.386294361119891
use:2.791759469228055
xgrabkey:1.6931471805599454
implement:2.09861228866811
menu:3.0794415416798357
grab:1.6931471805599454
specif:1.6931471805599454
modifi:2.386294361119891
appli:1.0
unfortun:1.0
allow:1.0
anymodifi:1.0
combin:1.0
exactli:1.0
would:1.0
desir:1.0
ctrl:3.302585092994046
key:3.1972245773362196
q:2.791759469228055
os:1.0
vol:2.09861228866811
6:1.0
section:1.0
say:1.6931471805599454
inform:1.0
specifi:1.6931471805599454
tabl:1.0
see:1.0
4:1.6931471805599454
know:1.0
put:1.0
xmnacceler:1.6931471805599454
resourc:2.386294361119891
go:1.0
likewis:1.0
noth:1.0
prohibit:1.0
present:1.0
well:1.0
exampl:1.6931471805599454
tshift:1.0
tquit:1.0
take:1.0
effect:1.0
even:1.0
held:1.0
time:1.6931471805599454
shift:1.0
true:1.6931471805599454
mnemon:1.0
event:1.0
handler:1.0
instead:1.6931471805599454
implementor:1.0
suggest:1.0
lobbi:1.0
get:1.0
xlib:1.0
semant:1.0
chang:1.6931471805599454
support:1.0
featur:1.0
describ:1.6931471805599454
otherwis:1.0
document:1.0
properli:1.0
set:1.6931471805599454
user:1.6931471805599454
expect:1.0
thing:1.0
possibl:1.6931471805599454
suppli:1.0
1:1.0
entri:1.6931471805599454
mean:1.0
accord:1.0
definit:1.0
xmlabel:1.0
manual:1.0
page:1.0
keep:1.0
mind:1.0
answer:1.0
question:1.0
xtinstallacceler:1.0
think:1.0
reason:1.0
ensur:1.0
work:1.6931471805599454
independ:1.0
want:1.0
workaround:1.0
addit:1.0
normal:1.0
instal:2.09861228866811
xmpushbutton:1.0
gadget:1.0
xtnacceler:1.0
shell:2.6094379124341005
toplevel:1.0
applic:1.6931471805599454
descend:1.0
xtinstallallacceler:1.0
applicationshel:1.6931471805599454
mainwindow:1.0
menubar:1.0
filecascad:1.0
filepulldown:1.0
openpushbutton:2.386294361119891
exitpushbutton:2.386294361119891
acceleratortext:1.6931471805599454
overrid:1.0
performact:2.09861228866811
armandactiv:1.6931471805599454
add:1.0
action:1.6931471805599454
xtnametowidget:1.0
first:1.0
argument:1.6931471805599454
xtcallactionproc:1.0
rest:1.0
test:1.0
someth:1.0
similar:1.0
shorten:1.0
develop:1.0
teleus:1.0
tuninstallacceler:1.0
directli:1.0
invok:1.0
open:1.0
quit:1.0
ask:1.0
pushbutton:1.0
gener:1.0
approach:1.0
