rgooch:1.6931471805599454
rp:1.6931471805599454
csiro:2.386294361119891
au:2.09861228866811
richard:1.6931471805599454
gooch:2.386294361119891
subject:1.0
anim:2.09861228866811
xputimag:1.0
organ:1.0
divis:1.0
radiophys:1.0
australia:1.0
telescop:1.0
nation:1.0
facil:1.0
line:1.0
51:1.0
articl:1.0
1993apr22:1.0
092830:1.0
2190:1.0
infodev:1.0
cam:1.6931471805599454
ac:1.6931471805599454
uk:1.6931471805599454
dcr:1.0
mail:1.0
ast:1.0
derek:1.0
c:1.6931471805599454
richardson:1.0
write:1.6931471805599454
implement:1.0
seem:1.0
achiev:1.0
display:1.0
rate:1.0
20:1.0
400x400x8:1.0
frame:1.6931471805599454
sec:1.0
ipx:1.6931471805599454
get:1.6931471805599454
sunview:1.6931471805599454
though:1.0
bit:2.386294361119891
choppi:1.0
time:1.0
also:2.386294361119891
load:2.09861228866811
data:1.6931471805599454
make:2.386294361119891
ximag:1.6931471805599454
xput:1.0
ing:1.0
pixmap:1.6931471805599454
cumbersom:1.0
slower:1.6931471805599454
better:1.6931471805599454
way:1.6931471805599454
need:2.09861228866811
speed:1.0
client:1.0
run:2.386294361119891
host:1.6931471805599454
x:2.386294361119891
server:3.0794415416798357
use:1.6931471805599454
share:2.791759469228055
memori:2.791759469228055
extens:2.6094379124341005
sampl:1.6931471805599454
mit:2.791759469228055
shm:1.6931471805599454
xdpyinfo:1.0
tell:1.0
certainli:1.0
avail:1.0
suno:1.0
word:1.6931471805599454
warn:1.6931471805599454
sure:1.0
kernel:1.6931471805599454
configur:1.0
support:1.6931471805599454
anoth:1.0
openwindow:1.0
written:2.09861228866811
imag:1.6931471805599454
tool:1.0
xview:2.09861228866811
gui:1.0
yield:1.0
10:1.0
per:1.0
second:1.0
512:1.6931471805599454
8:1.0
sparc:1.0
ipc:1.0
half:1.0
cpu:1.0
grunt:1.0
prove:1.0
quit:1.0
suffici:1.0
tregard:1.6931471805599454
trichard:1.6931471805599454
putimag:1.0
mention:1.6931471805599454
nkisseb:1.0
delphi:1.0
beckman:1.0
uiuc:1.0
edu:1.0
nick:1.0
kisseberth:1.0
look:2.09861228866811
interest:2.6094379124341005
someon:1.0
point:1.0
document:1.6931471805599454
method:1.0
like:1.0
give:1.0
result:1.0
resid:1.0
code:2.09861228866811
thank:1.0
help:1.0
far:1.0
someth:1.0
decent:1.0
put:1.0
togeth:1.0
definit:1.0
post:1.0
net:1.0
tape:1.0
come:1.0
keith:1.0
packard:1.0
doc:1.0
m:1.0
found:1.0
invalubl:1.0
unfortun:1.0
work:1.0
set:1.0
segment:1.0
etc:1.0
queri:1.0
determin:1.0
still:1.0
test:1.0
enabl:1.0
layer:1.0
convienc:1.0
routin:1.0
transpar:1.0
well:1.0
doubt:1.0
would:1.0
consid:1.0
stuff:1.0
done:1.0
object:1.0
librari:1.0
peopl:1.0
email:1.0
trgooch:1.0
atnf:1.0
