nichola:2.386294361119891
ibmpcug:1.0
co:1.0
uk:1.6931471805599454
young:1.6931471805599454
subject:1.0
write:2.09861228866811
motif:2.6094379124341005
widget:2.386294361119891
x:1.0
disclaim:1.0
view:1.6931471805599454
express:1.0
articl:1.0
author:1.0
talon:1.0
may:1.0
repres:1.0
ibm:1.6931471805599454
pc:1.6931471805599454
user:1.6931471805599454
group:1.6931471805599454
organ:1.0
line:1.6931471805599454
22:1.0
anyon:1.6931471805599454
give:1.0
inform:1.0
plea:1.0
need:1.6931471805599454
probabl:1.6931471805599454
one:2.09861228866811
new:1.0
hp:1.0
ux:1.0
platform:1.0
privat:1.0
header:1.6931471805599454
file:1.0
sourc:1.0
make:1.0
public:1.0
provid:1.0
includ:1.0
xt:1.6931471805599454
context:1.0
multi:1.6931471805599454
column:1.6931471805599454
list:2.09861228866811
lot:1.0
peopl:1.0
alreadi:1.6931471805599454
written:1.0
sure:1.0
would:1.0
therefor:1.0
subclass:1.0
rather:1.0
someth:1.0
simpl:1.0
like:1.0
class:1.0
difficult:1.0
principl:1.0
code:1.0
altern:1.0
could:1.0
sell:1.0
might:1.0
save:1.0
chanc:1.0
exist:1.0
1:1.0
2:1.0
yet:1.0
spec:1.0
answer:1.0
appreci:1.0
44:1.0
71:1.0
637:1.0
9111:1.0
