marc:2.6094379124341005
pinet:1.0
aip:1.6931471805599454
org:1.6931471805599454
wiener:1.6931471805599454
subject:1.0
core:2.09861228866811
dump:1.6931471805599454
getcon:1.6931471805599454
organ:1.0
american:1.6931471805599454
institut:1.6931471805599454
physic:1.6931471805599454
line:1.0
11:1.0
get:1.0
memori:1.0
fault:1.0
whenev:1.0
end:1.0
motif:1.0
session:1.0
ultrix:1.0
4:1.0
3:1.0
run:1.0
dec:1.0
5000:1.0
240:1.0
examint:1.0
file:1.0
lead:1.0
u:1.0
believ:1.0
anyon:1.0
know:1.0
500:1.0
sunnysid:1.0
blvd:1.0
voic:1.0
516:1.6931471805599454
576:1.0
2329:1.0
woodburi:1.0
ny:1.0
11797:1.0
fax:1.0
349:1.0
7669:1.0
