egan:2.6094379124341005
phony25:2.09861228866811
cc:2.09861228866811
utah:2.6094379124341005
edu:2.6094379124341005
f:1.6931471805599454
ford:1.6931471805599454
subject:1.0
need:2.09861228866811
help:2.09861228866811
key:2.9459101490553135
bind:1.6931471805599454
repli:1.0
hellgat:1.6931471805599454
organ:1.0
call:1.0
busi:1.0
system:1.0
line:1.0
21:1.0
valu:1.6931471805599454
home:2.09861228866811
end:2.09861228866811
keyboard:1.0
r:1.0
6000:1.0
w:1.0
aix3:1.0
2:1.0
3ext:1.0
run:1.6931471805599454
x11r5pl19:1.0
mit:1.0
dist:1.0
use:1.6931471805599454
pc:1.0
exceed:1.0
window:1.0
xtermin:1.0
send:1.0
applic:1.0
defin:2.09861228866811
xdefault:1.0
varnet:1.6931471805599454
vt100:1.0
translat:1.0
overrid:1.0
string:1.6931471805599454
033:2.386294361119891
8:1.6931471805599454
7:2.09861228866811
xterm:1.0
name:1.0
work:1.0
perfect:1.0
howev:1.0
1:1.0
keypad:1.0
also:1.0
idea:1.0
plea:1.0
thank:1.0
