cwikla:2.386294361119891
morrison:1.6931471805599454
wri:2.09861228866811
com:2.09861228866811
john:1.6931471805599454
subject:1.0
pixmap:2.386294361119891
colormap:2.386294361119891
sent:1.0
select:2.09861228866811
summari:1.0
keyword:1.0
nntp:1.0
post:1.0
host:1.0
organ:1.0
wolfram:1.6931471805599454
research:1.6931471805599454
inc:1.6931471805599454
line:1.0
18:1.0
ti:1.0
want:2.09861228866811
abl:1.0
send:1.6931471805599454
one:1.0
client:1.6931471805599454
next:1.0
along:1.0
foreground:1.0
background:1.0
pixel:1.0
valu:1.0
far:1.0
problem:1.6931471805599454
howev:1.0
id:2.09861228866811
go:1.0
tell:1.0
server:1.0
second:1.0
receiv:1.0
associ:1.0
two:1.0
ttia:1.0
tjohn:1.0
l:1.0
x:1.6931471805599454
programm:1.0
never:1.0
first:1.0
letter:1.0
alphabet:1.0
217:1.0
398:1.0
0700:1.0
