toml:2.09861228866811
blade:1.0
boulder:2.386294361119891
parcplac:2.386294361119891
com:2.791759469228055
tom:1.6931471805599454
lastrang:1.6931471805599454
subject:1.6931471805599454
repost:1.0
acceler:3.9444389791664403
translat:2.791759469228055
keyword:1.0
case:2.386294361119891
repli:1.6931471805599454
organ:1.0
line:1.0
68:1.0
articl:1.0
1993apr22:1.0
162016:1.0
5923:1.0
telesoft:1.6931471805599454
trevor:1.6931471805599454
bourget:1.0
ignit:1.0
write:2.09861228866811
sdenni:1.6931471805599454
735423404:1.0
aa:1.0
cad:1.0
slb:1.0
osf:1.0
org:1.0
post:1.0
ago:1.0
receiv:1.0
one:2.386294361119891
anoth:1.0
bug:1.0
report:1.0
anybodi:1.0
help:1.0
problem:1.0
motif:2.6094379124341005
use:2.386294361119891
xgrabkey:1.6931471805599454
implement:2.09861228866811
menu:3.0794415416798357
grab:1.6931471805599454
specif:1.6931471805599454
modifi:2.386294361119891
appli:1.0
unfortun:1.0
allow:1.0
anymodifi:1.0
combin:1.0
exactli:1.6931471805599454
would:2.791759469228055
desir:1.0
ctrl:2.6094379124341005
key:2.9459101490553135
q:2.09861228866811
os:1.0
vol:2.09861228866811
6:1.0
section:1.0
say:1.6931471805599454
inform:1.0
specifi:2.09861228866811
tabl:1.6931471805599454
see:1.6931471805599454
4:1.6931471805599454
know:1.0
put:1.0
xmnacceler:1.6931471805599454
resourc:2.09861228866811
go:1.0
likewis:1.0
noth:1.0
prohibit:1.0
present:1.0
well:1.0
exampl:1.0
tshift:1.6931471805599454
tquit:1.0
take:1.0
effect:1.0
even:1.0
held:1.0
time:1.0
shift:1.0
true:1.6931471805599454
mnemon:1.0
event:1.0
handler:1.0
instead:1.0
implementor:1.0
suggest:1.0
lobbi:1.0
get:2.09861228866811
xlib:1.0
semant:1.0
chang:1.6931471805599454
support:1.0
featur:1.0
describ:1.0
otherwis:1.0
document:1.0
properli:1.0
set:1.0
user:1.6931471805599454
expect:1.0
thing:1.0
possibl:1.6931471805599454
suppli:1.0
1:1.0
entri:1.6931471805599454
mean:1.0
accord:1.0
definit:1.0
xmlabel:1.0
manual:1.0
page:1.0
keep:1.0
mind:1.0
answer:1.0
question:1.0
xtinstallacceler:1.0
think:1.0
reason:1.6931471805599454
ensur:1.0
work:2.09861228866811
independ:1.0
want:1.0
find:1.0
thread:1.0
absoultli:1.0
amaz:1.0
interfac:1.0
keyboard:1.0
call:1.0
took:1.0
period:1.0
also:1.0
programm:1.0
never:1.0
instal:1.6931471805599454
soon:1.0
end:1.0
activ:1.0
automat:1.6931471805599454
multipl:1.0
singl:1.0
item:1.0
someth:1.0
like:1.6931471805599454
menuitem:1.6931471805599454
overrid:1.0
tctrl:1.0
tfire:1.6931471805599454
l:1.0
show:1.0
object:1.0
world:1.0
stuff:1.0
complic:1.0
mani:1.0
differ:1.0
special:1.0
depend:1.0
type:1.0
widget:1.0
deal:1.0
sorri:1.0
polit:1.0
tone:1.0
messag:1.0
