tim:2.6094379124341005
kimba:1.6931471805599454
catt:2.09861228866811
citri:2.386294361119891
edu:1.6931471805599454
au:1.6931471805599454
liddelow:1.6931471805599454
subject:1.0
keysym:2.386294361119891
databas:1.0
problem:1.6931471805599454
keyword:1.0
x:2.09861228866811
motif:1.6931471805599454
organ:1.0
centr:1.6931471805599454
melbourn:1.6931471805599454
australia:1.6931471805599454
line:1.0
31:1.0
applic:2.09861228866811
run:1.0
anoth:1.0
machin:1.6931471805599454
differ:1.6931471805599454
path:1.0
etc:1.6931471805599454
find:1.6931471805599454
xkeysymdb:2.09861228866811
file:1.6931471805599454
caus:1.0
larg:1.0
warn:2.9459101490553135
output:1.0
translat:2.386294361119891
tabl:2.09861228866811
syntax:2.09861228866811
error:2.09861228866811
unknown:2.09861228866811
name:2.09861228866811
osfactiv:1.6931471805599454
found:2.09861228866811
par:2.09861228866811
key:2.09861228866811
managerparentactiv:1.0
osfcancel:1.6931471805599454
managerparentcancel:1.0
osfselect:1.6931471805599454
managergadgetselect:1.0
locat:1.0
xt:1.6931471805599454
seem:1.0
look:1.0
place:1.0
app:1.0
compil:1.0
way:1.0
read:1.0
manual:1.0
call:1.0
addit:1.0
distribut:1.0
use:1.0
trace:1.0
1:1.0
go:1.0
need:1.0
fix:1.0
recognis:1.0
fork:1.0
system:1.0
programm:1.0
advanc:1.0
technolog:1.0
telecommun:1.0
brain:1.0
bad:1.0
day:1.0
internet:1.0
phone:1.0
61:1.6931471805599454
3:1.6931471805599454
282:1.6931471805599454
2455:1.0
fax:1.0
2444:1.0
