reznik:2.09861228866811
robios5:1.6931471805599454
wisc:1.6931471805599454
edu:1.6931471805599454
dan:1.0
subject:1.0
text:2.09861228866811
field:2.09861228866811
dialog:2.386294361119891
widget:2.791759469228055
get:1.6931471805599454
focu:2.09861228866811
organ:1.0
colleg:1.0
engin:1.0
univ:1.0
wisconsin:1.0
madison:1.0
origin:1.0
line:1.0
49:1.0
use:1.6931471805599454
glx:1.0
athena:1.0
mix:1.6931471805599454
model:1.6931471805599454
applic:1.6931471805599454
4dwm:1.0
pop:1.0
entri:1.0
aimilar:1.0
code:1.6931471805599454
work:1.0
perfectli:1.0
pure:1.0
x:1.0
relev:1.0
portion:1.0
int:1.0
n:3.1972245773362196
arg:1.0
warg:2.6094379124341005
16:1.0
button:2.09861228866811
popupshel:2.6094379124341005
initi:1.0
toplevel:1.6931471805599454
0:2.09861228866811
xtsetarg:1.6931471805599454
xtnlabel:1.0
foo:1.0
xtcreatemanagedwidget:1.6931471805599454
foobtn:1.0
commandwidgetclass:1.0
xtcreatepopupshel:1.0
pupshel:1.0
overrideshellwidgetclass:1.0
null:1.0
xtaddcallback:1.0
xtncallback:1.0
mypopup:1.6931471805599454
xtpointer:1.6931471805599454
xtnvalu:1.0
thedialog:1.0
dialogwidgetclass:1.0
void:1.0
w:1.6931471805599454
popup:2.386294361119891
shell:2.09861228866811
call:1.6931471805599454
data:1.6931471805599454
xtpopup:1.0
xtgrabexclus:1.0
way:1.0
found:1.0
give:1.0
move:1.0
window:1.0
around:1.0
littl:1.0
bit:1.0
place:1.0
right:1.0
behind:1.0
pointer:1.0
would:1.0
greatli:1.0
appreci:1.0
