dscheck:1.0
nextsrv1:1.0
andi:1.0
org:1.0
david:1.0
scheck:1.0
subject:1.0
imak:2.386294361119891
do:2.386294361119891
window:1.0
summari:1.0
port:1.6931471805599454
keyword:1.0
organ:1.0
associ:1.0
nextstep:1.0
develop:1.0
intern:1.0
line:1.0
6:1.0
anyon:1.0
experi:1.0
use:1.0
microsoft:1.0
watcom:1.0
compil:1.0
sinc:1.0
easi:1.0
access:1.0
news:1.0
respons:1.0
white:1.0
billi:1.0
po:1.0
gi:1.0
prc:1.0
com:1.0
would:1.0
appreci:1.0
