abarden:1.0
tybse1:1.0
uucp:1.0
ann:1.6931471805599454
mari:1.6931471805599454
barden:1.6931471805599454
subject:1.0
x:2.6094379124341005
termin:2.386294361119891
config:1.0
file:2.09861228866811
question:1.6931471805599454
organ:1.0
tybrin:1.0
corpor:1.0
shalimar:1.0
fl:1.0
distribut:1.0
usa:1.0
line:1.0
19:1.0
exact:1.0
entri:1.6931471805599454
paramet:1.6931471805599454
syntax:1.6931471805599454
plea:1.0
configur:1.6931471805599454
load:1.6931471805599454
boot:2.09861228866811
add:1.6931471805599454
anoth:1.0
system:1.6931471805599454
tcp:2.09861228866811
ip:2.09861228866811
access:2.09861228866811
control:2.09861228866811
list:2.09861228866811
background:1.0
two:1.0
unix:1.0
1:1.0
3b2:2.09861228866811
run:1.0
x11r3:1.6931471805599454
mit:1.0
x11r4:1.0
2:1.0
sun:1.6931471805599454
ss10:1.0
without:1.0
want:1.0
window:1.0
ncd:2.386294361119891
time:1.0
manual:1.6931471805599454
set:1.0
network:1.0
login:1.0
telnet:1.0
session:1.0
great:1.0
tri:1.6931471805599454
get:1.0
xhost:1.0
work:1.0
fail:1.0
either:1.0
wrong:1.0
implement:1.0
bogu:1.0
edit:1.6931471805599454
matter:1.0
still:1.0
contain:1.0
worthless:1.0
help:1.0
would:1.0
appreci:1.0
thank:1.0
tabarden:1.0
afseo:1.0
eglin:1.0
af:1.0
mil:1.0
