davewood:1.6931471805599454
bruno:1.6931471805599454
c:2.09861228866811
colorado:2.6094379124341005
edu:2.09861228866811
david:1.6931471805599454
rex:1.6931471805599454
wood:1.6931471805599454
subject:1.0
x:2.386294361119891
error:2.386294361119891
fail:2.6094379124341005
request:2.6094379124341005
badpixmap:2.09861228866811
invalid:1.6931471805599454
pixmap:1.6931471805599454
paramet:1.6931471805599454
nntp:1.0
post:1.0
host:1.0
organ:1.0
univers:1.6931471805599454
boulder:1.6931471805599454
line:1.0
68:1.0
could:1.0
someon:1.0
plea:1.6931471805599454
give:1.0
guess:1.0
simpl:1.0
littl:1.0
program:1.6931471805599454
caus:1.0
fourth:1.0
bizarr:1.0
call:1.0
xtrelaizewidget:1.0
code:1.0
int:1.6931471805599454
stoploop:2.386294361119891
0:2.6094379124341005
static:1.6931471805599454
void:1.6931471805599454
callback:2.09861228866811
widget:2.386294361119891
xtpointer:2.386294361119891
main:1.0
xttoolkitiniti:1.0
xtappcontext:1.0
app:2.09861228866811
xtcreateapplicationcontext:1.0
1:1.6931471805599454
junk:1.6931471805599454
display:1.0
di:2.09861228866811
xtopendisplay:1.0
null:3.302585092994046
top:2.791759469228055
xtappcreateshel:1.0
applicationshellwidgetclass:1.0
box:2.09861228866811
xtvacreatemanagedwidget:1.0
xmpushbuttonwidgetclass:1.0
xmnheight:1.0
25:1.6931471805599454
xmnwidth:1.0
xtaddcallback:1.0
xmnactivatecallback:1.0
xtrealizewidget:1.0
xevent:1.0
event:2.09861228866811
xtappnextev:1.0
xtdispatchev:1.0
xtreleasegc:1.0
xdefaultgcofscreen:1.0
xtscreen:1.0
need:1.0
xtdestroywidget:1.0
xtclosedisplay:1.0
get:1.0
ye:1.0
4th:1.0
time:1.0
tri:1.0
show:1.0
major:1.0
opcod:1.0
55:1.0
creategc:1.0
resourc:1.0
id:1.0
0xd0000d:1.0
serial:1.6931471805599454
number:1.6931471805599454
71:1.0
current:1.0
output:1.0
stream:1.0
85:1.0
respond:1.0
via:1.0
email:1.0
thank:1.0
much:1.0
note:1.0
realiz:1.0
noth:1.0
use:1.0
ultra:1.0
trivial:1.0
version:1.0
fo:1.0
real:1.0
librari:1.0
routin:1.0
