lanzo:2.791759469228055
tekelec:2.386294361119891
com:2.09861228866811
mark:2.09861228866811
subject:1.0
titl:3.70805020110221
xterm:2.6094379124341005
repli:1.0
organ:1.0
inc:1.0
raleigh:1.0
nc:1.0
line:1.6931471805599454
65:1.0
prior:1.0
articl:1.6931471805599454
naoumov:1.6931471805599454
physic:1.0
unc:1.0
edu:1.0
sergei:1.0
write:1.0
hey:1.0
guy:1.0
work:1.6931471805599454
mani:1.0
station:1.0
would:1.0
like:1.0
name:2.09861228866811
current:1.6931471805599454
lognam:1.6931471805599454
open:1.6931471805599454
machin:1.0
close:1.6931471805599454
word:1.0
want:1.6931471805599454
host:1.6931471805599454
appear:1.0
apolog:1.0
answer:1.6931471805599454
someth:1.0
alreadi:1.0
faq:1.6931471805599454
news:1.0
feed:1.0
lose:1.0
lot:1.0
late:1.6931471805599454
seen:1.0
check:1.0
two:1.0
way:1.0
1:2.09861228866811
start:1.0
use:2.6094379124341005
command:2.386294361119891
option:1.0
n:1.0
icon:2.6094379124341005
set:2.791759469228055
label:1.6931471805599454
window:2.9459101490553135
equival:1.0
2:2.09861228866811
escap:2.6094379124341005
sequenc:2.6094379124341005
chang:1.0
thing:1.0
fli:1.0
basic:1.0
tesc:1.0
p:1.6931471805599454
arbitari:1.6931471805599454
text:1.6931471805599454
bel:2.09861228866811
esc:1.6931471805599454
ascii:1.6931471805599454
bell:1.0
charact:1.6931471805599454
decim:1.0
digit:1.0
0:1.6931471805599454
depend:1.6931471805599454
whether:1.0
tri:1.0
desir:1.0
string:2.09861228866811
henc:1.0
echo:2.9459101490553135
033:2.09861228866811
goe:2.09861228866811
007:2.09861228866811
c:2.09861228866811
cours:1.0
may:1.0
fiddl:1.0
exact:1.0
syntax:1.0
system:1.6931471805599454
shell:2.09861228866811
shown:1.0
v:1.0
semant:1.0
bourn:1.0
korn:1.0
hint:1.0
sun:1.0
o:1.0
user:1.0
usr:1.0
5bin:1.0
instead:1.6931471805599454
bin:1.0
csh:1.0
built:1.0
otherwis:1.0
emb:1.0
liter:1.0
conveni:1.0
octal:1.0
titlebar:1.0
updat:1.0
contin:1.0
say:1.0
show:1.0
directori:1.0
hostnam:1.0
somesuch:1.0
see:1.0
coerc:1.0
spit:1.0
appropri:1.6931471805599454
prompt:1.6931471805599454
sometim:1.6931471805599454
put:1.0
kd4qlz:1.0
919:1.0
460:1.0
5576:1.0
xx:1.0
