bshaw:1.0
spdc:1.0
ti:1.6931471805599454
com:1.0
bob:1.6931471805599454
shaw:1.0
subject:1.0
summari:1.0
xon:1.0
x11r5:1.0
nntp:1.0
post:1.0
host:1.0
bobasun:1.0
organ:1.0
semiconductor:1.0
process:1.0
design:1.0
center:1.0
line:1.0
15:1.0
hi:1.0
folk:1.0
thank:1.6931471805599454
one:1.0
repli:1.0
howev:1.0
problem:1.6931471805599454
turn:1.0
simpl:1.0
xresourc:1.0
space:1.0
xterm:1.6931471805599454
font:1.6931471805599454
10x20:1.0
remov:1.0
xrdb:1.0
fix:1.0
also:1.0
symptom:1.0
user:1.0
proper:1.0
capit:1.0
