jeremi:2.09861228866811
wildcat:1.0
npa:1.0
uiuc:2.09861228866811
edu:1.6931471805599454
payn:1.6931471805599454
subject:1.0
xt:1.6931471805599454
intrins:1.0
slow:2.09861228866811
popup:2.9459101490553135
organ:1.0
neuron:1.0
pattern:1.0
analysi:1.0
univers:1.0
illinoi:1.0
line:1.0
49:1.0
articl:1.0
735516045:1.0
1507:1.0
minster:2.09861228866811
york:2.09861228866811
ac:2.09861228866811
uk:2.09861228866811
cjh:1.6931471805599454
write:1.0
wrote:1.0
help:1.0
run:1.6931471805599454
sampl:1.6931471805599454
problem:1.6931471805599454
reilli:1.0
volum:1.0
4:1.0
intris:1.0
program:2.6094379124341005
manual:1.0
chapter:1.0
3:1.6931471805599454
dialog:2.386294361119891
box:2.386294361119891
exampl:1.0
5:1.0
page:1.0
76:1.0
creat:1.6931471805599454
pop:2.6094379124341005
applic:1.0
window:2.09861228866811
button:1.6931471805599454
quit:1.0
press:1.6931471805599454
strang:1.0
featur:1.0
alway:1.0
much:1.6931471805599454
faster:1.0
first:1.6931471805599454
time:3.302585092994046
tri:1.0
2nd:1.6931471805599454
3rd:1.0
4th:1.0
slower:1.0
anyon:1.6931471805599454
experi:1.0
get:1.0
behaviour:1.6931471805599454
fast:1.6931471805599454
respons:2.09861228866811
onward:1.0
give:1.0
idea:1.0
reason:1.0
thankyou:1.0
shirley:1.6931471805599454
thank:1.6931471805599454
respond:1.0
abl:1.0
prevent:1.0
two:1.0
method:1.0
1:1.0
twm:1.0
rather:1.0
olwm:1.6931471805599454
2:1.0
keep:1.0
put:1.0
wmtimeout:1.0
10:1.0
resourc:1.0
suggest:1.0
difficuti:1.0
someth:2.09861228866811
manag:1.0
posit:1.0
guru:1.0
analys:1.0
go:1.0
inform:1.0
plea:1.0
post:1.0
let:1.0
u:1.0
know:1.0
ran:1.0
ago:1.0
rememb:1.0
use:2.09861228866811
xttranslatecoordin:1.0
etc:1.0
realiz:1.0
main:1.0
widget:1.6931471805599454
calcul:1.0
locat:1.0
like:1.0
xtvasetvalu:1.0
ever:1.0
call:1.0
setvalu:1.0
repeatedli:1.0
e:1.0
g:1.0
everi:1.0
seem:1.0
never:1.0
delv:1.0
deep:1.0
enough:1.0
figur:1.0
exactli:1.0
though:1.0
neurosci:1.0
colleg:1.0
medicin:1.0
jrpayn:1.0
217:1.0
244:1.0
4478:1.0
