dbrook:1.6931471805599454
osf:2.09861228866811
org:2.09861228866811
david:2.09861228866811
brook:1.6931471805599454
subject:1.0
q:1.0
colormap:2.6094379124341005
dialog:1.6931471805599454
shell:1.6931471805599454
organ:1.0
open:1.6931471805599454
softwar:1.6931471805599454
foundat:1.6931471805599454
line:1.0
29:1.0
dyoung:1.0
medium:1.0
mit:1.0
edu:1.0
young:1.0
write:1.0
applicationshel:1.6931471805599454
use:1.6931471805599454
creat:1.0
xcreatecolormap:1.0
color:1.6931471805599454
avail:1.0
8:1.0
bit:1.0
display:1.0
popup:1.0
dialogshel:2.09861228866811
prompt:1.0
user:1.0
input:1.0
want:1.0
xmndialogstyl:1.0
set:2.09861228866811
xmdialog:1.0
primari:1.0
applic:1.6931471805599454
modal:1.6931471805599454
result:1.0
cursor:2.09861228866811
get:2.09861228866811
window:1.6931471805599454
default:1.6931471805599454
like:1.0
think:1.0
correct:1.0
behavior:1.0
rememb:1.0
colormapfocuspolici:1.6931471805599454
keyboard:2.386294361119891
mean:1.0
cmap:2.386294361119891
focu:3.0794415416798357
follow:1.6931471805599454
sinc:1.6931471805599454
mwm:1.0
allow:1.6931471805599454
onto:1.0
main:1.0
either:1.0
sound:1.0
though:1.0
keyboardfocuspolici:1.6931471805599454
pointer:1.6931471805599454
suggest:1.0
also:1.6931471805599454
way:1.0
slavishli:1.0
beat:1.0
path:1.0
explicit:1.6931471805599454
need:1.0
bind:1.0
f:1.0
probabl:1.0
mb1:1.0
tdbrook:1.0
tuunet:1.0
showr:1.0
soot:1.0
foot:1.0
