gari:1.6931471805599454
keim:1.6931471805599454
gk5g:1.0
andrew:3.4849066497880004
cmu:2.386294361119891
edu:2.09861228866811
subject:1.0
x:2.09861228866811
toolkit:2.386294361119891
organ:1.0
school:1.0
comput:1.0
scienc:1.0
carnegi:1.0
mellon:1.0
pittsburgh:1.0
pa:1.0
line:1.0
32:1.0
nntp:1.0
post:1.0
host:1.6931471805599454
po4:1.0
repli:1.0
c5y8wj:1.0
3ze:1.0
undergrad:1.6931471805599454
math:1.0
uwaterloo:1.0
ca:1.0
excerpt:1.0
netnew:1.0
comp:1.0
window:1.6931471805599454
23:1.0
apr:1.0
93:1.0
paul:1.0
prescod:1.0
1132:1.0
get:1.6931471805599454
linux:1.0
interview:1.0
know:1.6931471805599454
look:2.09861228866811
impress:1.0
fsf:1.0
like:1.6931471805599454
either:1.0
internet:1.6931471805599454
site:1.0
shelter:1.0
extern:1.0
tcp:1.0
ip:1.0
traffic:1.0
use:2.09861228866811
remot:2.09861228866811
demo:2.09861228866811
see:1.0
servic:2.386294361119891
network:1.0
allow:1.6931471805599454
run:2.09861228866811
applic:1.6931471805599454
without:1.0
overhead:1.0
obtain:1.0
compil:1.0
softwar:1.0
need:1.6931471805599454
machin:1.6931471805599454
x11:1.0
system:1.6931471805599454
simpl:1.0
finger:1.6931471805599454
command:1.6931471805599454
experi:1.0
atk:1.6931471805599454
firsthand:1.0
abl:1.0
compos:1.0
multimedia:1.0
document:1.0
navig:1.0
interact:1.0
tour:1.0
messag:1.0
brow:1.0
three:1.0
thousand:1.0
bulletin:1.0
board:1.0
newsgroup:1.0
simpli:1.0
follow:1.0
help:1.0
itc:1.0
give:1.0
instruct:1.0
consortium:1.0
