barnett:2.791759469228055
grymoir:1.6931471805599454
crd:2.09861228866811
ge:2.6094379124341005
com:2.791759469228055
bruce:1.6931471805599454
subject:1.0
titl:1.6931471805599454
xterm:2.09861228866811
repli:1.6931471805599454
lanzo:2.09861228866811
tekelec:1.6931471805599454
messag:1.0
thu:1.0
22:1.0
apr:1.0
1993:1.0
17:1.0
35:1.0
46:1.0
gmt:1.0
nntp:1.0
post:1.0
host:1.0
crdgw1:1.6931471805599454
organ:1.0
corp:1.0
r:1.0
schenectadi:1.0
ny:1.0
c5ol74:1.0
3b1:1.0
aeon:1.0
berlin:1.0
de:1.0
1993apr22:1.6931471805599454
173546:1.6931471805599454
5198:1.6931471805599454
gecko:1.6931471805599454
uucp:1.6931471805599454
articl:1.0
mark:1.0
write:1.0
hint:1.0
sun:2.09861228866811
o:1.0
user:1.0
use:2.386294361119891
usr:1.6931471805599454
5bin:1.6931471805599454
echo:4.295836866004329
instead:1.6931471805599454
bin:1.0
csh:1.0
built:2.386294361119891
otherwis:1.0
emb:1.0
liter:1.0
esc:1.0
bel:1.0
charact:1.0
string:1.0
conveni:1.0
octal:1.0
sequenc:1.0
bad:1.0
idea:1.0
slower:1.0
execut:2.386294361119891
hostnam:3.772588722239781
per:1.6931471805599454
shell:1.0
window:1.0
read:1.0
one:1.0
extra:1.6931471805599454
file:1.6931471805599454
maniplu:1.0
requir:1.0
program:1.6931471805599454
oh:1.0
ye:1.0
system:1.6931471805599454
store:1.0
next:1.0
time:1.0
tsetenv:1.0
endif:2.09861228866811
figur:1.0
gener:1.0
escap:1.0
bell:1.0
command:1.0
without:1.0
line:1.0
termin:1.0
may:1.0
done:1.0
variabl:1.6931471805599454
e:3.302585092994046
set:3.302585092994046
script:1.0
techo:3.3978952727983707
alreadi:1.0
dev:2.09861228866811
tti:2.09861228866811
el:2.386294361119891
f:1.0
tsourc:2.09861228866811
n:3.0794415416798357
wc:1.0
l:2.09861228866811
0:1.0
bsd:1.0
berkeley:1.0
style:1.0
ech:2.791759469228055
tr:1.6931471805599454
033:1.6931471805599454
b:2.386294361119891
007:1.6931471805599454
sysv:1.0
c:1.0
shelltool:1.0
cmdtool:1.0
duplic:1.0
alias:1.6931471805599454
avoid:1.0
problem:1.0
term:1.6931471805599454
talia:2.386294361119891
header:1.6931471805599454
1:2.6094379124341005
ihead:1.6931471805599454
2:1.0
uunet:1.0
