tdunbar:1.0
vtaix:1.6931471805599454
cc:1.6931471805599454
vt:1.6931471805599454
edu:1.6931471805599454
thoma:1.6931471805599454
dunbar:1.0
subject:1.0
x:1.0
toolkit:1.0
summari:1.0
get:1.0
athena:1.6931471805599454
3d:1.6931471805599454
widget:1.6931471805599454
set:1.6931471805599454
distribut:1.0
inet:1.0
organ:1.0
virginia:1.0
tech:1.0
blacksburg:1.0
va:1.0
line:1.0
9:1.0
nntp:1.0
post:1.0
host:1.0
libxaw3d:1.6931471805599454
greatli:1.0
improv:1.0
sculptur:1.0
look:1.0
linux:1.0
share:1.0
jump:1.0
tabl:1.0
lib:2.09861228866811
even:1.0
recompil:1.0
relink:1.0
mere:1.0
ln:1.0
sf:1.0
3:1.6931471805599454
0:1.0
libxaw:1.0
