mcc:2.09861228866811
timessqr:2.09861228866811
gc:2.09861228866811
cuni:2.6094379124341005
edu:2.09861228866811
georg:1.6931471805599454
mcclintock:1.0
subject:1.0
xdm:1.6931471805599454
decnet:2.09861228866811
repli:1.0
mahan:1.0
tgv:1.0
com:1.0
messag:1.0
21:1.0
apr:1.0
1993:1.0
00:1.0
59:1.0
04:1.0
0400:1.0
organ:1.0
graduat:2.09861228866811
school:2.09861228866811
univers:1.0
center:1.0
c:1.0
u:1.0
n:1.0
new:1.0
york:1.0
line:1.0
24:1.0
answer:1.0
question:1.0
run:1.0
say:1.0
follow:1.0
defin:2.09861228866811
must:1.0
ad:1.0
site:1.6931471805599454
def:1.6931471805599454
build:1.0
r5:1.0
x:1.0
client:1.0
work:1.0
connectionflag:1.0
dtcpconn:1.0
dunixconn:1.0
ddnetconn:1.0
extralibrari:1.0
ldnet:1.0
hope:1.0
help:1.0
opinion:2.386294361119891
express:1.6931471805599454
author:1.6931471805599454
way:1.6931471805599454
repres:1.6931471805599454
agenc:1.6931471805599454
personnel:1.6931471805599454
cmcgc:1.6931471805599454
cunyvm:1.6931471805599454
bitnet:1.6931471805599454
