martinh:2.09861228866811
cac:2.6094379124341005
washington:2.9459101490553135
edu:2.791759469228055
martin:2.09861228866811
hunt:2.09861228866811
subject:1.0
announc:1.0
tcpview:3.1972245773362196
motif:2.09861228866811
base:1.6931471805599454
tcp:3.1972245773362196
ip:1.6931471805599454
protocol:2.6094379124341005
analyz:1.6931471805599454
organ:1.0
uw:1.6931471805599454
network:2.791759469228055
distribut:2.09861228866811
comput:2.09861228866811
line:1.0
89:1.0
keyword:1.0
xannounc:1.0
expo:1.0
lc:1.0
mit:1.0
result:1.0
sever:2.09861228866811
problem:2.09861228866811
gener:1.6931471805599454
sniffer:2.6094379124341005
heavili:1.0
use:3.1972245773362196
help:1.0
debug:1.0
hundr:1.0
subnet:1.0
good:1.0
tool:1.0
1:3.1972245773362196
heavi:1.0
2:2.791759469228055
hard:1.0
find:1.0
need:2.09861228866811
one:1.0
3:1.6931471805599454
limit:1.0
softwar:1.0
expand:1.6931471805599454
4:2.791759469228055
difficult:1.6931471805599454
upload:1.0
data:2.791759469228055
analysi:1.0
5:1.6931471805599454
remot:1.0
oper:1.0
6:1.0
resolv:1.6931471805599454
name:2.09861228866811
dn:1.0
requir:1.0
much:1.0
manual:1.0
manipul:1.0
tabl:1.6931471805599454
also:1.0
sometim:1.0
tcpdump:2.9459101490553135
found:1.0
peopl:1.0
enough:1.0
inform:1.0
mani:1.0
could:2.386294361119891
interact:1.0
handl:1.0
stream:1.6931471805599454
read:2.386294361119891
file:3.0794415416798357
howev:1.0
reason:1.0
job:1.0
decod:1.6931471805599454
larg:1.0
number:2.09861228866811
easili:1.6931471805599454
modifi:1.0
attempt:1.0
ad:2.09861228866811
interfac:1.6931471805599454
featur:1.6931471805599454
test:1.0
decstat:1.0
5000:1.0
sun:2.09861228866811
ultrix:1.6931471805599454
suno:1.0
respect:1.0
work:1.0
system:1.0
compil:1.0
cc:1.0
gcc:1.0
dec:1.6931471805599454
build:1.0
better:1.0
follow:1.6931471805599454
avail:1.0
anonym:1.0
ftp:2.09861228866811
pub:1.0
0:2.791759469228055
tar:2.09861228866811
z:2.791759469228055
ttcpview:1.0
sourc:1.0
code:1.0
tsun4:1.0
binari:1.6931471805599454
tdec:1.0
mip:1.0
add:1.0
easier:1.0
enhanc:1.0
hex:1.6931471805599454
display:1.0
frame:2.791759469228055
captur:1.0
time:2.386294361119891
user:1.0
interrupt:1.0
show:1.0
ethernet:1.6931471805599454
address:1.6931471805599454
manufactur:1.0
host:1.0
highlight:1.0
order:1.0
send:1.0
extern:1.0
filter:1.0
addit:1.0
tprocess:1.0
chang:1.6931471805599454
new:2.09861228866811
write:1.0
r:1.6931471805599454
type:1.0
automat:1.0
detect:1.0
snmp:1.0
mib:1.0
format:2.09861228866811
option:1.6931471805599454
allow:1.0
view:1.0
process:1.0
packet:1.0
bug:1.0
fix:1.0
rel:1.6931471805599454
sequenc:1.0
flag:1.6931471805599454
tread:1.0
usual:1.0
except:1.0
stdin:1.0
ttt:1.0
tprint:2.386294361119891
delta:1.0
tttt:1.0
first:1.0
w:1.6931471805599454
twrite:2.09861228866811
save:1.0
x:1.6931471805599454
minu:1.0
link:1.0
level:1.0
header:1.0
hexdump:1.6931471805599454
tsampl:1.0
output:1.0
16:1.0
36:1.0
23:1.0
349851:1.0
jeff:1.0
1285:1.0
nic:1.0
funet:1.0
fi:1.0
win:1.0
16384:1.0
0000:1.0
45:1.0
00:3.9444389791664403
28:1.0
8a:1.0
98:1.0
3c:1.0
06:1.6931471805599454
7c:1.0
9c:1.0
80:1.6931471805599454
5f:1.0
70:1.0
02:1.6931471805599454
e:1.0
p:1.6931471805599454
0010:1.0
d6:1.0
64:1.0
05:1.6931471805599454
15:1.0
5b:1.0
19:1.0
4a:1.0
j:1.0
0020:1.0
50:1.0
40:1.0
4e:1.0
13:1.0
n:1.0
stdout:1.6931471805599454
elimin:1.0
timestamp:1.0
univers:1.6931471805599454
