steerr:1.0
h01:1.0
uucp:1.0
r:1.0
william:1.0
steer:1.6931471805599454
subject:1.0
x:1.6931471805599454
server:1.6931471805599454
nt:1.6931471805599454
organ:1.0
internet:1.0
line:1.0
8:1.0
expo:1.0
lc:1.0
mit:1.0
edu:1.0
xpert:1.0
tron:1.0
bwi:1.0
anybodi:1.0
gener:1.0
window:1.0
will:1.0
share:1.0
config:1.0
file:1.0
trick:1.0
necessari:1.0
make:1.0
work:1.0
thank:1.0
inform:1.0
bill:1.0
westinghous:1.0
412:1.0
374:1.0
6367:1.0
