dcc:2.386294361119891
dc:2.09861228866811
ed:2.09861228866811
ac:1.6931471805599454
uk:1.6931471805599454
david:1.6931471805599454
crook:1.6931471805599454
subject:1.0
bitplan:1.6931471805599454
non:1.0
chunki:1.0
pixel:1.6931471805599454
cfb:2.09861228866811
organ:1.0
depart:1.6931471805599454
comput:1.6931471805599454
scienc:1.6931471805599454
univers:1.6931471805599454
edinburgh:2.386294361119891
line:1.0
17:1.0
pd:1.6931471805599454
version:1.0
server:1.6931471805599454
stuff:1.0
colour:1.0
frame:1.0
buffer:1.0
implement:1.0
work:1.6931471805599454
mode:1.0
e:1.0
screen:1.0
memori:1.0
group:1.6931471805599454
bit:1.6931471805599454
0:1.0
everi:1.0
1:1.0
etc:1.0
beast:1.0
know:1.6931471805599454
moment:1.0
gfxbase:1.0
commodor:1.0
amiga:1.0
commerci:1.0
wrote:1.0
suspect:1.0
plea:1.0
respond:1.0
email:1.0
read:1.0
mani:1.0
thank:1.0
dave:1.0
janet:1.0
internet:1.0
ip:1.0
talk:1.0
129:1.0
215:1.0
160:1.0
2:1.0
jcmb:1.0
rm:1.0
3310:1.0
king:1.0
bldg:1.0
w:1.0
main:1.0
rd:1.0
eh9:1.0
3jz:1.0
031:1.6931471805599454
650:1.0
6013:1.0
home:1.0
2fl:1.0
39:1.0
woodburn:1.0
terr:1.0
side:1.0
eh10:1.0
4st:1.0
tel:1.0
452:1.0
9067:1.0
