clay:2.386294361119891
c:1.6931471805599454
scarolina:1.6931471805599454
edu:1.6931471805599454
f:1.6931471805599454
rodney:1.6931471805599454
subject:1.0
slider:2.791759469228055
posit:2.09861228866811
vertic:1.6931471805599454
scrollbar:2.09861228866811
summari:1.0
list:2.386294361119891
widget:2.386294361119891
organ:1.0
usc:1.0
depart:1.0
comput:1.0
scienc:1.0
distribut:1.0
comp:1.0
line:1.0
10:1.0
need:1.6931471805599454
help:1.6931471805599454
horizont:1.6931471805599454
display:1.6931471805599454
full:1.0
path:1.0
select:2.09861228866811
file:2.386294361119891
default:1.0
left:1.0
side:2.09861228866811
howev:1.0
right:1.6931471805599454
user:1.0
see:1.0
name:1.0
know:1.0
possibl:1.0
dialog:1.0
box:1.0
thank:1.0
advanc:1.0
