amathur:1.6931471805599454
ce:2.09861228866811
cwru:2.09861228866811
edu:2.09861228866811
alok:2.09861228866811
mathur:1.6931471805599454
subject:1.0
get:2.09861228866811
24bit:1.0
color:2.386294361119891
xview:2.386294361119891
frame:3.0794415416798357
organ:1.0
case:1.6931471805599454
western:1.6931471805599454
reserv:1.6931471805599454
univers:1.0
line:1.0
55:1.0
distribut:1.0
world:1.0
nntp:1.0
post:1.6931471805599454
host:1.0
amethyst:1.0
hi:1.0
use:2.791759469228055
3:1.0
0:1.6931471805599454
sparc:1.0
ipx:1.0
openwindow:1.0
along:1.0
xvideo:1.0
board:1.0
parallax:1.0
enabl:1.0
24:2.6094379124341005
bit:2.386294361119891
problem:1.6931471805599454
util:1.0
would:2.09861228866811
greatli:1.0
appreci:1.0
help:1.6931471805599454
matter:1.0
creat:2.6094379124341005
canva:1.6931471805599454
pane:1.0
insid:1.0
display:2.6094379124341005
live:1.0
video:1.6931471805599454
input:1.0
top:1.0
level:1.0
tframe:1.0
xv:2.386294361119891
null:1.6931471805599454
seem:1.0
depth:2.6094379124341005
8:1.0
propag:1.0
like:1.0
know:1.0
set:1.6931471805599454
tri:1.0
follow:1.0
xlib:1.0
code:1.0
xvisualinfo:1.0
visual:2.09861228866811
info:2.09861228866811
int:1.0
colormap:2.9459101490553135
xsetwindowattribut:1.0
attrib:2.09861228866811
unsign:1.0
long:1.0
valuemask:2.09861228866811
window:1.6931471805599454
win:2.386294361119891
opaqu:1.0
xid:1.0
xmatchvisualinfo:1.0
screen:1.0
truecolor:1.0
far:1.0
good:1.0
xcreatecolormap:1.0
allocnon:1.0
die:1.0
badmatch:1.0
error:1.0
cwcolormap:1.0
xchangewindowattribut:1.0
w:1.0
xsetwindowcolormap:1.0
complet:1.0
wrong:1.6931471805599454
approach:1.0
possibl:1.0
thank:1.6931471805599454
advanc:1.0
prefer:1.0
respons:1.0
via:1.0
email:1.6931471805599454
although:1.0
newsgroup:1.0
also:1.0
okay:1.0
comput:1.0
scienc:1.0
engg:1.0
univ:1.0
cleveland:1.6931471805599454
oh:1.6931471805599454
44106:1.6931471805599454
11414:1.0
fairchild:1.0
road:1.0
2:1.0
216:1.6931471805599454
368:1.0
8871:1.0
re:1.0
791:1.0
1261:1.0
alpha:1.0
