venki:1.6931471805599454
engr:1.6931471805599454
latech:1.6931471805599454
edu:1.6931471805599454
venkatachalam:1.0
subject:1.0
faq:1.6931471805599454
comp:1.0
window:1.6931471805599454
x:2.09861228866811
organ:1.0
louisiana:1.0
tech:1.0
univers:1.0
line:1.0
6:1.0
nntp:1.0
post:1.0
host:1.0
ee11:1.0
newsread:1.0
tin:1.0
version:1.0
1:1.6931471805599454
pl8:1.0
list:1.0
program:1.0
thankx:1.0
info:1.0
tbye:1.0
tvenki:1.0
