hdr:2.09861228866811
ross:2.386294361119891
com:1.6931471805599454
henri:1.6931471805599454
reynold:1.6931471805599454
subject:1.0
x11r5:1.0
sun4:1.0
110:1.0
cg2:1.0
come:1.0
mono:1.0
nntp:1.0
post:1.0
host:1.0
mowog:1.0
organ:1.0
technolog:1.6931471805599454
inc:1.6931471805599454
austin:1.6931471805599454
tx:1.6931471805599454
line:1.0
14:1.0
4:1.0
100:1.0
print:1.0
follow:1.0
messag:1.0
framebuff:1.0
cgtwo0:1.6931471805599454
vme24d16:1.0
0x400000:1.0
vec:1.0
0xa8:1.0
sun:1.0
3:1.0
color:1.0
board:1.0
fast:1.0
read:1.0
anybodi:1.0
know:1.0
stori:1.0
impuls:1.0
item:1.0
instead:1.0
nidhog:1.0
cactu:1.0
org:1.0
fone:1.0
512:1.6931471805599454
892:1.6931471805599454
7802:1.0
x253:1.0
fax:1.0
3036:1.0
5316:1.0
hwi:1.0
290:1.0
west:1.0
suit:1.0
500:1.0
78735:1.0
