rchui:2.6094379124341005
nswc:3.302585092994046
wo:1.6931471805599454
navi:2.791759469228055
mil:2.791759469228055
raymond:2.386294361119891
chui:2.386294361119891
subject:1.0
question:1.6931471805599454
found:1.0
faq:1.0
repli:1.0
opal:2.09861228866811
organ:1.0
navswc:1.0
dd:1.0
white:1.0
oak:1.0
det:1.0
line:2.09861228866811
72:1.0
comp:1.0
window:2.09861228866811
x:1.0
articl:1.0
1993apr26:1.0
122007:1.0
25760:1.0
relay:1.0
write:1.0
tpleas:1.0
igor:1.0
previous:1.0
calcul:2.09861228866811
mistak:1.0
plea:1.6931471805599454
see:1.0
correct:1.6931471805599454
sorri:1.0
creat:2.09861228866811
pixmap:2.09861228866811
drawabl:1.6931471805599454
use:1.0
xdrawlin:2.09861228866811
function:1.6931471805599454
draw:1.6931471805599454
fingur:1.0
twidth:1.0
300:2.386294361119891
tp1:1.0
height:1.0
p3:1.6931471805599454
p2:1.6931471805599454
ti:1.0
size:1.0
300x300:1.0
p1:1.0
x1:1.0
270:2.09861228866811
y1:1.0
100:2.09861228866811
x2:1.0
500:1.6931471805599454
y2:1.0
800:1.6931471805599454
dose:1.0
finger:1.0
x3:2.386294361119891
y3:2.386294361119891
art:1.0
tan:1.6931471805599454
18:1.0
19:1.0
degre:1.0
191:1.6931471805599454
29:1.0
integ:1.0
prove:1.0
give:1.0
right:1.0
ask:1.0
900x900:1.0
wan:1.0
thank:1.0
advanc:1.0
h:1.6931471805599454
n62:1.6931471805599454
10901:1.6931471805599454
new:1.6931471805599454
hampshir:1.6931471805599454
ave:1.6931471805599454
silver:1.6931471805599454
spring:1.6931471805599454
md:1.6931471805599454
20903:1.6931471805599454
5000:1.6931471805599454
u:1.6931471805599454
voic:1.6931471805599454
1:2.386294361119891
301:2.386294361119891
394:2.386294361119891
3807:1.6931471805599454
ext:1.6931471805599454
45:1.6931471805599454
fax:1.6931471805599454
4483:1.6931471805599454
email:1.6931471805599454
