afielden:2.09861228866811
cbnewsb:1.0
cb:1.0
att:2.09861228866811
com:2.09861228866811
andrew:2.09861228866811
j:1.0
fielden:1.6931471805599454
subject:1.6931471805599454
x:2.09861228866811
interact:1.6931471805599454
perform:1.6931471805599454
keyword:1.0
benchmark:1.0
organ:1.0
line:1.6931471805599454
21:1.0
recent:1.0
got:1.6931471805599454
ncd:1.0
termin:1.0
evalu:1.0
run:1.0
xremot:1.0
serial:1.0
want:1.6931471805599454
get:1.6931471805599454
measur:1.6931471805599454
respons:1.6931471805599454
time:2.09861228866811
wrote:1.0
small:1.0
xlib:1.0
program:2.386294361119891
simpli:1.0
creat:1.0
window:1.0
map:1.0
send:1.6931471805599454
first:1.0
expo:1.0
event:1.6931471805599454
delay:1.6931471805599454
receiv:1.0
thought:1.0
simplest:1.0
way:1.0
test:1.6931471805599454
client:1.0
server:1.6931471805599454
round:1.0
trip:1.0
similar:1.0
concept:1.0
ping:1.0
8c:1.0
valid:1.0
also:1.0
tri:1.0
xbench:1.0
avail:1.0
ftp:1.0
uu:1.0
net:1.0
bombard:1.0
graphic:1.0
oper:1.0
quant:1.0
accept:1.0
anyon:1.0
idea:1.0
thank:1.0
mlsma:1.6931471805599454
network:1.0
system:1.6931471805599454
uk:1.0
tel:1.0
44:1.0
666:1.0
832023:1.0
inform:1.0
group:1.0
sun:1.0
support:1.0
email:1.0
