epstein:2.791759469228055
trwac:2.09861228866811
fp:2.09861228866811
trw:2.791759469228055
com:2.09861228866811
jeremi:2.386294361119891
subject:1.0
want:1.0
x:2.6094379124341005
secur:1.6931471805599454
post:2.09861228866811
organ:1.0
system:2.386294361119891
divis:2.09861228866811
fairfax:2.09861228866811
va:1.0
line:1.0
20:1.0
day:1.0
ago:1.0
group:2.09861228866811
andrea:2.09861228866811
winkler:1.0
titl:1.0
technic:1.0
confer:1.0
one:1.0
instructor:1.0
tutori:1.0
unfortun:1.0
purg:1.0
messag:1.0
chanc:1.0
see:1.0
email:1.0
address:1.6931471805599454
someon:1.0
would:1.0
realli:1.0
appreci:1.0
forward:1.0
thank:1.0
tinternet:1.6931471805599454
trust:1.6931471805599454
research:1.6931471805599454
tvoic:1.6931471805599454
1:1.6931471805599454
703:1.6931471805599454
803:1.6931471805599454
4947:1.6931471805599454
virginia:1.6931471805599454
