andrea:2.791759469228055
appel012:1.6931471805599454
hydromech:1.6931471805599454
uni:1.6931471805599454
hannov:2.09861228866811
de:2.09861228866811
dunker:1.6931471805599454
subject:1.0
mail:1.0
organ:1.0
univers:1.0
frg:1.0
x:1.6931471805599454
newsread:1.0
tin:1.0
1:1.6931471805599454
pl4:1.0
line:1.0
12:1.0
hello:1.0
networld:1.0
look:1.0
mailread:1.0
xelm:1.0
live:1.0
yellow:1.0
subroutin:1.0
veebl:1.0
han:1.0
beatl:1.0
