duijnda:1.0
wldelft:1.6931471805599454
nl:1.6931471805599454
arnoduijndam:1.0
subject:1.6931471805599454
creat:1.6931471805599454
gif:2.386294361119891
file:2.386294361119891
line:1.6931471805599454
29:1.0
organ:1.6931471805599454
delft:1.0
hydraul:1.0
articl:1.0
9304261216:1.6931471805599454
aa04485:1.6931471805599454
crnsu1:2.6094379124341005
in2p3:2.6094379124341005
fr:2.6094379124341005
michel:2.09861228866811
6893:1.6931471805599454
write:1.0
path:1.0
sun4nl:1.0
mcsun:1.0
uunet:1.0
gatech:1.0
enterpoop:1.6931471805599454
mit:2.386294361119891
edu:2.386294361119891
internet:1.6931471805599454
news:1.6931471805599454
mail:1.0
gateway:1.0
newsgroup:1.0
comp:1.0
window:1.0
x:1.6931471805599454
date:1.0
26:1.0
apr:1.0
1993:1.0
10:1.0
43:1.0
28:1.6931471805599454
0400:1.0
12:1.0
sender:1.0
athena:1.0
messag:1.0
id:1.0
nntp:1.0
post:1.0
host:1.0
xpert:1.0
expo:1.0
lc:1.0
twe:1.0
look:1.6931471805599454
client:1.0
convert:1.6931471805599454
xwd:1.0
bitmap:1.0
use:1.0
macintosh:1.0
tthank:1.0
tmichel:1.0
tlaurent:1.0
tcrn:1.0
gti:1.0
tbp:1.0
20:1.0
t67037:1.0
strasbourg:1.0
cedex:1.0
franc:1.0
tphone:1.0
33:1.0
88:1.0
62:1.0
76:1.0
pbmplu:1.0
packag:1.0
everyth:1.0
could:1.0
ever:1.0
ask:1.0
pbm:1.0
almost:1.0
format:1.0
tga:1.0
pcx:1.0
etc:1.0
arno:1.0
duijndam:1.0
