oleg:2.386294361119891
sdd:2.09861228866811
comsat:2.09861228866811
com:1.6931471805599454
roytburd:1.6931471805599454
subject:1.0
hp:2.09861228866811
2623a:2.09861228866811
graphic:2.6094379124341005
termin:2.09861228866811
emul:2.386294361119891
summari:1.0
need:1.0
applic:1.6931471805599454
x:1.6931471805599454
keyword:1.0
organ:1.0
lab:1.0
clarksburg:1.0
md:1.0
line:1.0
6:1.0
would:1.6931471805599454
grate:1.0
anyon:1.0
know:1.0
window:1.6931471805599454
manner:1.0
similar:1.0
way:1.0
tek:1.0
implement:1.0
xterm:1.0
thank:1.0
help:1.0
