klute:2.09861228866811
tommi:1.6931471805599454
informatik:1.6931471805599454
uni:1.6931471805599454
dortmund:2.9459101490553135
de:1.6931471805599454
rainer:1.6931471805599454
subject:1.6931471805599454
newsgroup:1.0
dead:1.0
organ:1.0
c:1.0
depart:1.0
univers:1.0
germani:1.0
line:1.0
21:1.0
distribut:1.0
world:1.0
nntp:1.0
post:1.6931471805599454
host:1.0
articl:1.6931471805599454
930419000332:1.0
60e01d81:1.0
tgv:1.6931471805599454
com:1.6931471805599454
mahan:1.6931471805599454
patrick:1.0
l:1.0
write:1.0
gotten:1.0
group:1.6931471805599454
last:1.0
coupl:1.0
day:1.0
recent:1.0
ad:1.0
feed:1.0
list:1.6931471805599454
near:1.0
death:1.0
seen:1.6931471805599454
mail:1.0
side:1.0
get:1.6931471805599454
right:1.0
amount:1.0
traffic:1.0
point:1.0
view:1.0
far:1.0
much:1.0
keep:1.0
lucki:1.0
scan:1.0
time:1.6931471805599454
dipl:1.0
inform:1.0
r:1.0
b:1.0
immer:1.0
richtig:1.0
beraten:1.0
univ:1.6931471805599454
irb:1.0
postfach:1.0
500500:1.0
tel:1.0
49:1.6931471805599454
231:1.6931471805599454
755:1.6931471805599454
4663:1.0
w4600:1.0
50:1.0
fax:1.0
2386:1.0
new:1.0
address:1.0
june:1.0
30th:1.0
44221:1.0
