gmh:1.0
hpfcso:1.0
fc:1.6931471805599454
hp:2.09861228866811
com:1.6931471805599454
greg:1.6931471805599454
hugh:1.6931471805599454
subject:1.0
look:1.0
r5:1.6931471805599454
xserver:1.0
hp9000:1.0
385:1.6931471805599454
organ:1.0
hewlett:1.0
packard:1.0
fort:1.0
collin:1.0
co:1.0
usa:1.0
line:1.0
3:1.0
updat:1.0
ux:1.0
9:1.0
0:1.0
get:1.0
server:1.0
librari:1.0
tgmh:1.0
