gutenkun:1.6931471805599454
fzi:2.386294361119891
de:2.09861228866811
kai:1.6931471805599454
gutenkunst:1.0
subject:1.0
archi:1.6931471805599454
client:1.6931471805599454
organ:1.0
forschungszentrum:1.0
informatik:1.0
karlsruh:1.0
germani:1.0
line:1.0
4:1.0
distribut:1.0
world:1.0
repli:1.0
nntp:1.0
post:1.0
host:1.0
ikaru:1.0
xgetftp:1.0
1:1.0
2:1.0
need:1.0
program:1.0
anybodi:1.0
know:1.0
get:1.0
thank:1.0
advanc:1.0
