slosser:2.09861228866811
ntsc:1.6931471805599454
rd:1.6931471805599454
navi:1.6931471805599454
mil:1.6931471805599454
steve:1.6931471805599454
subject:1.0
unix:2.09861228866811
interest:1.0
group:1.0
organ:1.0
internet:1.6931471805599454
line:1.0
17:1.0
nntp:1.0
post:1.6931471805599454
host:1.0
enterpoop:1.0
mit:1.6931471805599454
edu:1.6931471805599454
xpert:1.6931471805599454
expo:1.0
lc:1.0
know:2.09861228866811
correct:1.0
place:1.6931471805599454
exhaust:1.0
logic:1.0
option:1.0
use:1.0
info:1.0
newsgroup:2.09861228866811
mailer:2.09861228866811
mysteri:1.0
quit:1.0
come:1.0
around:1.0
end:1.0
last:1.0
year:1.0
e:1.0
mail:1.0
request:1.6931471805599454
back:1.6931471805599454
list:2.09861228866811
ignor:1.0
unabl:1.0
locat:1.0
administr:1.0
anyon:1.0
address:1.6931471805599454
send:1.6931471805599454
get:1.0
plea:1.0
specif:1.0
would:1.0
appreci:1.0
relat:1.6931471805599454
thank:1.0
cutoff:1.0
p:1.0
sorri:1.0
non:1.0
x:1.0
question:1.0
