beck:2.6094379124341005
irzr17:1.6931471805599454
inf:2.386294361119891
tu:2.6094379124341005
dresden:2.6094379124341005
de:2.386294361119891
andr:2.386294361119891
subject:1.0
24:2.09861228866811
bit:2.791759469228055
static:2.386294361119891
color:1.6931471805599454
client:2.6094379124341005
like:1.6931471805599454
organ:1.0
dept:1.0
comput:1.0
scienc:1.0
germani:1.0
line:1.0
37:1.0
distribut:1.0
world:1.0
repli:1.0
ir:1.6931471805599454
nntp:1.0
post:1.0
host:1.0
articl:1.0
1993apr26:1.0
123918:1.0
1:1.6931471805599454
vxcrna:1.6931471805599454
cern:1.6931471805599454
ch:1.6931471805599454
roeber:1.6931471805599454
frederick:1.0
write:2.09861228866811
x:2.791759469228055
server:2.386294361119891
video:1.0
gener:1.0
equip:1.0
hardwar:1.6931471805599454
truecolor:2.09861228866811
yuv:2.09861228866811
space:1.6931471805599454
term:1.0
visual:2.6094379124341005
would:1.6931471805599454
realli:1.0
present:1.6931471805599454
sure:1.0
accept:1.6931471805599454
three:1.0
problem:2.09861228866811
see:1.0
colormap:1.6931471805599454
though:1.0
huge:1.0
2:1.0
pixel:1.6931471805599454
3:1.6931471805599454
byte:1.0
wide:1.0
actual:1.0
live:1.0
translat:1.6931471805599454
rgb:1.0
introduc:1.0
round:1.6931471805599454
error:1.0
guy:1.6931471805599454
ask:1.0
limit:1.0
thwart:1.0
mani:1.0
stuff:1.6931471805599454
float:1.0
around:1.0
blith:1.0
given:1.0
could:1.0
also:1.0
pseudocolor:2.09861228866811
e:1.0
g:1.0
8:2.09861228866811
rather:1.0
avoid:1.0
necessari:1.0
even:1.0
24bit:1.0
machin:1.0
case:1.0
run:2.09861228866811
emul:2.09861228866811
get:1.0
standard:1.0
motif:1.0
app:1.0
thelik:1.0
strongli:1.0
suppos:1.0
least:1.0
make:1.0
big:1.0
misfit:1.0
indic:1.0
convers:1.0
furthermor:1.0
default:1.0
screen:1.0
brain:1.0
insid:1.0
abpsoft:1.0
mehl:1.0
