mikel:2.386294361119891
cactu:2.09861228866811
org:2.09861228866811
vanderlaan:1.0
subject:1.0
unisi:1.6931471805599454
22403:1.6931471805599454
emul:2.09861228866811
keyword:1.0
xterm:1.6931471805599454
term:1.0
organ:1.0
capit:1.0
area:1.0
central:1.0
texa:1.0
unix:1.0
societi:1.0
austin:1.0
tx:1.0
line:1.0
11:1.0
anyon:1.0
seen:1.0
sourc:1.0
packag:1.0
readi:1.0
perform:1.0
termin:1.0
got:1.6931471805599454
clunker:1.0
connect:1.0
return:1.0
calam:1.0
linebarg:1.0
graham:1.0
pena:1.0
atti:1.0
law:1.0
