ferguson:2.6094379124341005
c:1.6931471805599454
rochest:2.791759469228055
edu:2.6094379124341005
georg:2.09861228866811
subject:1.0
xarchi:3.0794415416798357
2:2.09861228866811
0:2.09861228866811
avail:2.09861228866811
export:1.0
organ:1.0
depart:1.0
comput:1.6931471805599454
scienc:1.6931471805599454
univers:1.6931471805599454
line:1.0
40:1.0
nntp:1.0
post:1.0
host:1.0
enterpoop:1.0
mit:2.09861228866811
xannounc:1.0
expo:1.0
lc:1.6931471805599454
plea:1.0
accept:1.0
follow:1.6931471805599454
announc:1.6931471805599454
comp:1.0
window:1.0
x:1.6931471805599454
gf:1.0
complet:1.0
revamp:1.0
version:1.0
x11:1.6931471805599454
browser:2.6094379124341005
interfac:2.09861228866811
archi:2.386294361119891
texport:1.0
contrib:1.0
tar:1.0
z:1.0
familar:1.0
includ:1.6931471805599454
part:1.0
manpag:1.0
intro:1.0
internet:1.6931471805599454
inform:2.09861228866811
system:1.0
use:2.386294361119891
prospero:1.0
virtual:1.0
filesystem:1.0
protocol:1.0
provid:1.0
file:2.09861228866811
ftp:2.09861228866811
anywher:1.0
display:1.6931471805599454
easi:1.0
point:1.0
click:1.0
allow:2.09861228866811
explor:1.0
site:1.0
examin:1.0
directori:1.6931471805599454
return:1.0
queri:1.6931471805599454
match:1.0
retriev:1.0
locat:1.0
way:1.0
extens:1.0
test:1.0
r4:1.0
r5:1.0
varieti:1.0
flavor:1.0
wide:1.0
rang:1.0
machin:1.0
summari:1.0
new:1.6931471805599454
featur:1.6931471805599454
readm:1.0
major:1.0
improv:1.0
multipl:1.0
select:1.0
fwf:1.6931471805599454
multilist:1.0
widget:1.6931471805599454
abil:2.09861228866811
expand:1.0
real:1.0
fulli:1.0
integr:1.0
implement:1.0
save:1.0
reload:1.0
result:2.09861228866811
well:1.0
print:1.0
resort:1.0
sort:1.0
user:1.0
defin:1.0
pseudo:1.0
weight:1.0
onlin:1.0
help:1.0
color:1.0
resourc:1.0
done:1.0
break:1.0
mono:1.0
fileselector:1.0
local:1.0
oper:1.0
makefil:1.0
dst:1.0
suppli:1.0
imak:1.0
impair:1.0
arpa:1.0
dept:1.0
uucp:1.0
rutger:1.0
vox:1.0
716:1.6931471805599454
275:1.0
2527:1.0
ny:1.0
14627:1.0
0226:1.0
fax:1.0
461:1.0
2018:1.0
