bill:2.6094379124341005
west:1.0
msi:2.09861228866811
com:2.386294361119891
poitra:1.6931471805599454
subject:1.6931471805599454
regress:1.6931471805599454
test:1.6931471805599454
x:2.09861228866811
repli:1.0
organ:1.0
molecular:1.6931471805599454
simul:1.6931471805599454
inc:1.6931471805599454
newsread:1.0
tin:1.0
version:1.0
1:1.6931471805599454
pl8:1.0
line:1.0
17:1.0
megan:1.6931471805599454
greneng:1.0
c:1.0
uq:1.0
oz:1.0
au:1.0
wrote:1.0
appreci:1.6931471805599454
feedback:1.0
captur:1.0
playback:1.0
tool:1.6931471805599454
use:1.0
client:1.0
comparison:1.0
comment:1.0
would:1.6931471805599454
great:1.0
particularli:1.0
xtm:1.0
xrunner:1.0
autotest:1.0
sri:1.0
capbak:1.0
smart:1.0
exdiff:1.0
start:1.0
could:1.0
find:1.0
commerci:1.0
one:1.0
least:1.0
phone:1.0
number:1.0
tel:1.0
617:1.6931471805599454
229:1.6931471805599454
9800:1.0
burlington:1.0
01803:1.0
5297:1.0
fax:1.0
9899:1.0
ftp:1.6931471805599454
mail:1.6931471805599454
ftpmail:1.0
decwrl:1.0
dec:1.0
offer:1.0
via:1.0
email:1.0
cr:1.6931471805599454
help:1.0
quit:1.0
