rei:2.6094379124341005
tsl:2.6094379124341005
cl:2.386294361119891
nec:2.9459101490553135
co:2.386294361119891
jp:2.386294361119891
hamakawa:2.09861228866811
subject:1.0
xavier:3.1972245773362196
av:1.6931471805599454
extens:2.386294361119891
interview:2.9459101490553135
articl:1.0
1993apr27:1.0
043112:1.0
25052:1.0
organ:1.0
c:3.1972245773362196
system:2.09861228866811
research:1.6931471805599454
lab:1.0
corpor:1.6931471805599454
kawasaki:1.6931471805599454
japan:1.6931471805599454
line:1.0
58:1.0
nntp:1.0
post:1.0
host:1.0
hyperion:1.0
dear:1.0
folk:1.0
pleasur:1.0
abl:1.0
announc:1.0
releas:1.0
new:1.0
freewar:1.0
program:1.0
audio:2.791759469228055
video:2.386294361119891
class:2.6094379124341005
librari:1.0
add:2.09861228866811
multimedia:1.6931471805599454
capabl:1.0
allow:1.0
composit:1.0
object:2.09861228866811
built:1.0
medium:1.0
specif:1.0
avail:1.0
3:1.6931471805599454
0:1.6931471805599454
1:3.1972245773362196
without:1.0
chang:1.6931471805599454
sourc:1.0
code:1.0
origin:1.0
though:1.0
sever:1.0
configur:1.0
file:1.6931471805599454
need:1.0
via:1.6931471805599454
patch:1.0
current:1.0
support:1.6931471805599454
sun:2.386294361119891
workstat:1.0
interfac:1.6931471805599454
sparcstation2:1.0
test:1.0
follow:1.0
environ:1.0
machin:1.6931471805599454
sparcserver470:1.0
sparcstat:1.0
ipc:1.0
o:1.6931471805599454
os4:1.0
later:1.0
ver2:1.0
ew:1.6931471805599454
ews4800:1.0
210:1.0
230:1.0
ux:1.0
v:1.0
rel4:1.0
wsos41:1.0
release5:1.6931471805599454
2:1.0
release3:1.0
obtain:1.0
anonym:1.0
ftp:1.0
stanford:1.0
edu:1.0
pub:1.0
contrib:1.0
larg:1.0
demo:1.0
tar:1.6931471805599454
prepar:1.0
mail:2.09861228866811
list:1.6931471805599454
inform:1.0
regard:1.0
interest:1.0
plea:1.0
contact:1.0
e:1.6931471805599454
address:1.0
refer:1.0
hizekazu:1.0
sakagami:1.0
jun:1.0
rekimoto:1.0
graphic:1.0
toolkit:1.0
third:1.0
intern:1.0
workshop:1.0
network:1.0
oper:1.0
digit:1.0
san:1.0
diego:1.0
1992:1.0
laboratori:1.0
miyazaki:1.0
4:1.0
chome:1.0
tel:1.0
81:1.6931471805599454
44:1.6931471805599454
856:1.6931471805599454
2271:1.0
miyama:1.0
ku:1.0
fax:1.0
2232:1.0
kanagawa:1.0
216:1.0
