oj:1.0
world:1.0
std:1.0
com:1.0
oliv:1.0
jone:1.0
subject:1.0
question:1.6931471805599454
found:1.0
faq:1.0
organ:1.0
shawsheen:1.0
softwar:1.0
line:2.386294361119891
11:1.0
articl:1.0
1993apr26:1.0
122007:1.0
25760:1.0
relay:1.0
nswc:1.6931471805599454
navi:1.6931471805599454
mil:1.6931471805599454
rchui:1.0
opal:1.0
write:1.0
creat:1.6931471805599454
pixmap:1.6931471805599454
drawabl:1.6931471805599454
window:1.6931471805599454
use:1.0
xdrawlin:1.6931471805599454
function:1.6931471805599454
draw:2.09861228866811
clip:1.6931471805599454
300:1.0
size:1.0
300x300:1.0
p1:1.0
x1:1.0
270:1.0
y1:1.0
100:1.0
p2:1.0
x2:1.0
500:1.0
y2:1.0
800:1.0
dose:1.0
finger:1.0
correct:1.0
p3:1.0
x3:1.6931471805599454
y3:1.6931471805599454
calcul:1.0
ask:1.0
x:1.0
server:1.0
perform:1.0
correctli:1.0
answer:1.0
ye:1.0
