rvloon:2.6094379124341005
cv:3.0794415416798357
ruu:3.0794415416798357
nl:3.0794415416798357
ronald:2.386294361119891
van:2.386294361119891
loon:2.386294361119891
subject:1.0
announc:2.6094379124341005
motif:3.995732273553991
mail:3.3978952727983707
list:3.1972245773362196
organ:1.0
univers:2.09861228866811
utrecht:2.386294361119891
3d:1.0
comput:1.0
vision:1.0
research:1.0
group:2.09861228866811
line:1.0
132:1.0
nntp:1.0
post:1.6931471805599454
host:1.0
enterpoop:1.0
mit:1.6931471805599454
edu:1.6931471805599454
keyword:1.0
mailinglist:1.0
xannounc:1.0
expo:1.0
lc:1.0
glad:1.0
proud:1.0
new:2.791759469228055
pd:1.6931471805599454
c:2.386294361119891
bind:3.3978952727983707
got:1.0
40:1.0
repli:2.09861228866811
one:1.0
week:1.0
peopl:1.6931471805599454
interest:1.6931471805599454
softwar:1.6931471805599454
properli:1.0
instal:1.0
run:1.0
join:1.6931471805599454
plea:2.9459101490553135
send:2.09861228866811
e:2.6094379124341005
extend:1.0
request:2.386294361119891
blurb:1.0
everyon:1.0
get:1.6931471805599454
follow:1.0
well:1.0
origin:1.6931471805599454
obtain:1.0
enjoy:2.09861228866811
8:2.386294361119891
welcom:1.0
dedic:1.0
wrapper:1.6931471805599454
librari:2.6094379124341005
ask:1.0
question:1.0
swap:1.0
stori:1.0
give:1.0
idea:1.0
direct:1.6931471805599454
improv:2.386294361119891
administr:1.0
natur:1.0
like:1.0
subscript:1.0
remov:1.0
etc:1.0
sent:1.6931471805599454
entir:1.0
make:1.0
sure:1.0
use:2.6094379124341005
vacat:1.0
type:1.0
program:1.6931471805599454
messag:1.0
automat:1.0
address:1.0
exclud:1.0
auto:1.0
theori:2.386294361119891
differ:1.6931471805599454
practic:2.386294361119891
3dcv:1.6931471805599454
netherland:2.386294361119891
howev:2.09861228866811
hello:1.0
world:1.0
past:1.0
half:1.0
year:1.6931471805599454
lot:2.09861228866811
rel:1.0
minor:1.0
chang:1.6931471805599454
imak:2.6094379124341005
support:2.9459101490553135
default:1.0
small:1.0
thing:1.0
ad:1.6931471805599454
basic:1.0
releas:3.0794415416798357
drop:1.0
gamma:1.6931471805599454
statu:1.0
next:1.0
incorpor:1.6931471805599454
stefan:1.0
schwarz:1.0
possibl:1.6931471805599454
x11r5:1.0
1:2.6094379124341005
2:1.0
x:1.6931471805599454
note:2.09861228866811
keep:1.0
copi:1.6931471805599454
archiv:1.0
retriev:1.0
distribut:1.0
peak:1.0
hour:1.6931471805599454
delet:1.0
previou:1.0
histori:1.0
lowel:2.09861228866811
grant:1.0
open:1.0
foundat:1.0
develop:1.0
encapsul:1.0
widget:2.09861228866811
class:1.0
resourc:1.0
set:1.0
member:1.0
function:2.09861228866811
object:1.0
callback:1.0
made:2.09861228866811
avail:1.6931471805599454
free:1.0
nomin:1.0
cost:1.0
anonym:2.09861228866811
ftp:2.791759469228055
129:1.0
63:1.0
contain:1.0
larg:1.6931471805599454
number:1.0
bug:2.791759469228055
oversight:1.0
work:1.6931471805599454
x11r3:1.0
due:1.0
lack:1.0
subsequ:1.0
fund:1.0
longer:1.0
activ:1.0
certain:1.0
point:1.0
last:1.0
taken:1.0
fix:2.09861228866811
came:1.0
across:1.0
miss:1.0
memberfunct:1.0
enhanc:1.0
gener:1.0
public:1.0
rick:1.0
murphi:1.0
dec:1.6931471805599454
updat:1.0
offer:1.0
full:1.0
motif1:1.0
x11r4:1.0
xbae:1.0
widgetset:1.0
two:1.0
addit:1.0
written:1.0
indic:1.0
progress:1.0
applic:1.0
nb:1.0
reli:1.0
heavili:1.0
exist:1.0
config:1.0
file:2.386294361119891
site:1.6931471805599454
tri:1.6931471805599454
provid:1.0
standard:1.6931471805599454
makefil:1.6931471805599454
tweakabl:1.0
unfortun:1.0
without:1.0
sever:1.0
test:1.6931471805599454
though:1.0
contact:2.09861228866811
problem:1.0
reason:1.0
call:2.09861228866811
lie:1.0
fact:1.0
multitud:1.0
platform:1.0
testfil:1.0
even:1.0
somewhat:1.0
articl:1.0
wrote:1.0
usag:1.0
previous:1.0
usenet:1.0
decuac:1.0
com:1.0
192:1.0
5:1.0
214:1.0
directori:1.0
pub:1.0
x11:1.0
patient:1.0
network:1.0
link:1.0
quit:1.0
slow:1.0
also:1.6931471805599454
31:1.6931471805599454
jan:1.0
92:1.0
tar:1.0
z:1.0
old:1.0
version:1.0
find:1.0
see:1.0
room:1.0
futur:1.0
case:1.0
cours:1.0
inform:1.0
desper:1.0
30:1.0
506711:1.6931471805599454
within:1.0
030:1.0
