hedrick:1.6931471805599454
geneva:1.0
rutger:2.386294361119891
edu:2.09861228866811
charl:1.0
subject:1.0
xsun:2.386294361119891
run:1.0
sparcclass:1.6931471805599454
organ:1.0
univ:1.0
new:1.0
brunswick:1.0
n:1.0
j:1.0
line:1.0
24:1.0
herzog:1.6931471805599454
dogwalk:1.0
eng:1.0
sun:1.0
com:1.0
brian:1.0
sunsoft:1.0
product:1.0
engin:1.0
write:1.0
guess:1.6931471805599454
x11r5:2.6094379124341005
expect:1.0
cg3:1.6931471805599454
1152x900:1.6931471805599454
resolut:1.6931471805599454
version:2.386294361119891
1024x768:1.6931471805599454
use:1.6931471805599454
classic:1.0
set:1.0
choos:1.0
want:1.6931471805599454
prom:1.0
monitor:1.0
boot:1.0
one:1.0
person:1.0
troubl:1.0
fix:1.6931471805599454
multi:2.09861228866811
screen:2.09861228866811
built:1.0
copi:1.0
usr:1.6931471805599454
local:1.6931471805599454
bin:1.0
farsid:1.0
see:1.0
whether:1.0
work:1.0
r5:2.791759469228055
distribut:1.0
instal:2.386294361119891
pub:1.6931471805599454
mit:1.6931471805599454
1:2.6094379124341005
4:1.0
contrib:2.09861228866811
3:2.09861228866811
export:2.386294361119891
lc:1.0
patch:2.386294361119891
23:1.0
tfrom:2.09861228866811
22:1.6931471805599454
mar:1.6931471805599454
93:1.6931471805599454
solari:1.0
2:2.09861228866811
releas:1.0
updat:1.0
sunos5:1.0
compil:1.0
gcc:1.0
configur:1.0
standard:1.0
except:1.0
root:1.0
per:1.0
convent:1.0
