beck:2.6094379124341005
irzr17:1.6931471805599454
inf:2.386294361119891
tu:2.6094379124341005
dresden:2.6094379124341005
de:2.386294361119891
andr:2.386294361119891
subject:1.0
archi:1.0
client:1.0
organ:1.0
dept:1.0
comput:1.0
scienc:1.0
germani:1.0
line:1.0
8:1.0
distribut:1.0
world:1.0
repli:1.0
ir:1.6931471805599454
nntp:1.0
post:1.0
host:1.0
get:1.0
xarchi:1.0
2:1.0
0:1.0
instead:1.0
brain:1.0
insid:1.0
abpsoft:1.0
mehl:1.0
