pjaqu:1.6931471805599454
camborn:1.6931471805599454
school:1.6931471805599454
mine:1.6931471805599454
ac:1.6931471805599454
uk:1.6931471805599454
paul:2.09861228866811
jaqu:1.6931471805599454
subject:1.0
problem:2.09861228866811
dni:1.6931471805599454
ow:1.0
3:1.6931471805599454
0:3.302585092994046
organ:1.0
internet:1.0
line:2.09861228866811
44:1.0
nntp:1.0
post:1.0
host:1.0
enterpoop:1.0
mit:1.6931471805599454
edu:1.6931471805599454
xpert:1.0
expo:1.0
lc:1.0
anybodi:1.0
help:1.0
display:2.09861228866811
imag:2.386294361119891
greater:1.0
32768:1.0
byte:1.0
sparc:1.0
ipc:1.6931471805599454
run:1.6931471805599454
openwindow:1.6931471805599454
program:2.09861228866811
vax:1.0
use:1.6931471805599454
2:1.0
follow:1.6931471805599454
xputimag:1.0
routin:1.6931471805599454
crash:1.0
tximag:1.6931471805599454
ximag:1.6931471805599454
xcreateimag:1.0
mydisplay:2.09861228866811
defaultvisu:1.0
myscreen:1.0
ddepth:1.0
zpixmap:1.0
xwid:1.6931471805599454
ywid:1.6931471805599454
8:1.0
txputimag:1.0
mywindow:1.0
mygc:1.0
xpo:1.0
ypo:1.0
error:2.09861228866811
get:1.0
xio:1.0
fatal:1.0
io:1.6931471805599454
65535:1.0
x:1.0
server:1.0
galaxi:1.0
30:1.0
request:1.0
18:1.0
known:1.0
process:1.0
event:1.0
remain:1.0
xlib:1.6931471805599454
f:2.09861228866811
ioerror:1.0
system:1.6931471805599454
linkdiscon:1.0
network:1.0
partner:1.0
disconnect:1.0
logic:1.0
link:1.0
trace:1.0
traceback:1.0
symbol:1.0
stack:1.0
dump:1.0
modul:1.0
name:1.6931471805599454
rel:1.0
pc:1.6931471805599454
ab:1.0
000773b9:1.6931471805599454
00077bbe:1.6931471805599454
0007259d:1.6931471805599454
00072741:1.6931471805599454
00072840:1.6931471805599454
00072a27:1.6931471805599454
myxsub:1.0
imtoik:1.0
3184:1.0
00000093:1.0
000010af:1.0
test:2.09861228866811
main:1.0
293:1.0
000000e5:1.0
00000ee5:1.0
simpl:1.0
anyon:1.0
would:1.0
like:1.0
thank:1.0
engin:1.0
rosemanow:1.0
herniss:1.0
penryn:1.0
cornwal:1.0
e:1.0
mail:1.0
csm:1.0
tel:1.0
stithian:1.0
0209:1.6931471805599454
860141:1.0
fax:1.0
861013:1.0
