julia:1.6931471805599454
netcom:1.6931471805599454
com:2.09861228866811
miller:1.0
subject:1.0
posix:2.09861228866811
messag:1.6931471805599454
catalog:2.09861228866811
keyword:1.0
organ:1.0
line:1.6931471805599454
commun:1.0
servic:1.0
408:2.09861228866811
241:1.0
9760:1.0
guest:1.0
17:1.0
someon:1.0
tell:1.0
25:1.0
word:1.0
le:1.0
compil:1.6931471805599454
use:1.0
catget:1.0
catopen:1.0
etc:1.0
know:1.6931471805599454
format:1.0
plea:1.0
repli:1.0
cha:1.6931471805599454
blackwhit:1.6931471805599454
thank:1.0
advanc:1.0
black:1.6931471805599454
white:1.6931471805599454
softwar:2.09861228866811
inc:1.0
leader:1.0
system:1.6931471805599454
solut:1.0
2155:1.0
bascom:1.0
ave:1.0
suit:1.0
210:1.0
contact:1.0
inform:1.0
campbel:1.0
ca:1.0
95008:1.0
x:1.0
window:1.6931471805599454
osf:1.6931471805599454
motif:2.09861228866811
support:1.0
369:1.6931471805599454
7400:1.0
m:1.0
gui:1.0
builder:1.0
7406:1.0
add:1.0
widget:1.0
editor:1.0
help:1.0
info:1.0
c:1.0
ada:1.0
bind:1.0
