susan:1.6931471805599454
andrew:2.791759469228055
cmu:2.09861228866811
edu:2.386294361119891
straub:1.0
subject:1.0
registr:2.386294361119891
tutori:2.9459101490553135
technic:2.386294361119891
confer:3.302585092994046
organ:1.6931471805599454
school:1.6931471805599454
comput:1.6931471805599454
scienc:1.6931471805599454
carnegi:2.386294361119891
mellon:2.386294361119891
pittsburgh:2.09861228866811
pa:1.6931471805599454
line:1.0
81:1.0
nntp:1.0
post:1.0
host:1.0
enterpoop:1.0
mit:1.6931471805599454
xannounc:1.0
expo:1.0
lc:1.0
1993:2.09861228866811
thursday:2.09861228866811
friday:2.09861228866811
june:2.6094379124341005
24:1.6931471805599454
25:1.6931471805599454
deadlin:1.0
4:1.6931471805599454
univers:2.09861228866811
pennsylvania:1.0
sponsor:1.0
consortium:1.6931471805599454
schedul:1.0
follow:1.0
dinner:2.09861228866811
annual:2.09861228866811
meet:2.09861228866811
proper:1.0
attende:1.0
welcom:1.0
wednesday:1.0
23:1.0
check:1.6931471805599454
00:2.791759469228055
pm:2.791759469228055
inform:1.0
recept:1.0
7:1.0
30:1.6931471805599454
9:1.6931471805599454
5:1.6931471805599454
6:1.0
8:1.0
cost:1.0
fee:1.6931471805599454
includ:1.6931471805599454
break:1.6931471805599454
lunch:1.0
materi:1.0
100:2.386294361119891
proceed:1.0
room:1.0
student:1.0
hous:2.386294361119891
50:1.6931471805599454
night:1.6931471805599454
tight:1.0
around:1.0
campu:1.6931471805599454
area:1.0
plea:2.386294361119891
regist:1.0
soon:1.0
prefer:1.0
stay:1.0
contact:1.6931471805599454
u:1.0
suggest:1.0
mari:1.6931471805599454
ann:1.6931471805599454
cowden:1.6931471805599454
handl:1.0
email:1.6931471805599454
mc8b:1.0
phone:1.6931471805599454
412:1.0
268:1.0
6710:1.0
x0c:1.0
form:1.6931471805599454
complet:1.0
attach:1.0
return:1.0
smith:1.0
hall:1.0
106:1.0
5000:1.0
forb:1.0
avenu:1.0
15213:1.0
3890:1.0
cut:1.0
along:1.0
name:1.0
address:1.0
ttotal:1.0
enclos:1.0
make:1.0
payabl:1.0
