lakshman:2.386294361119891
m:1.6931471805599454
uki:1.6931471805599454
edu:1.6931471805599454
k:1.0
subject:1.0
realtim:1.0
x:1.6931471805599454
tension:1.0
organ:1.0
univers:1.0
kentucki:1.0
dept:1.0
math:1.0
scienc:1.0
line:1.0
8:1.0
hi:1.0
tiam:1.0
look:1.0
inform:1.6931471805599454
work:1.0
deal:1.0
real:1.0
time:1.0
support:1.0
window:1.0
twould:1.0
happi:1.0
could:1.0
provid:1.0
pointer:1.0
thank:1.0
