rgasch:2.09861228866811
nl:2.6094379124341005
oracl:2.9459101490553135
com:2.9459101490553135
robert:2.386294361119891
gasch:2.09861228866811
subject:1.6931471805599454
overrid:2.09861228866811
default:1.6931471805599454
wm:1.0
behaviour:2.09861228866811
organ:1.6931471805599454
europ:1.6931471805599454
line:1.0
48:1.0
x:1.6931471805599454
newsread:1.0
tin:1.0
version:1.0
1:2.386294361119891
pl8:1.0
post:1.0
tow:1.0
week:1.0
ago:1.0
never:1.0
saw:1.0
make:1.0
problem:1.0
mail:1.0
system:1.0
apolog:1.0
appear:1.6931471805599454
second:1.0
time:1.0
usual:1.0
start:1.0
applic:1.0
first:1.0
get:1.0
window:2.6094379124341005
outlin:1.0
display:1.0
click:1.0
mous:1.0
button:1.0
actual:1.0
place:1.0
screen:1.0
yet:1.0
specifi:2.09861228866811
geometri:1.6931471805599454
option:1.0
right:1.0
away:1.0
properti:1.0
argument:1.0
question:1.6931471805599454
intermediari:1.0
step:1.0
user:1.0
posit:1.6931471805599454
mouseclick:1.0
tri:1.0
explicitli:1.0
set:1.0
size:1.0
alter:1.0
normal:1.0
program:1.0
thank:1.0
hint:1.0
p:1.0
work:1.0
plain:1.0
use:1.0
tvtwm:1.0
der:1.6931471805599454
erst:1.0
mai:1.0
ist:1.0
tag:1.0
dem:1.0
die:1.0
stadt:1.0
in:1.0
engin:1.0
freih:1.0
tritt:1.0
und:1.0
den:1.0
staatlichen:1.0
monopolanspruch:1.0
de:1.0
meern:1.0
auf:1.0
gewalt:1.0
frage:1.0
stellt:1.0
einstuerzend:1.0
neubauten:1.0
header:1.0
uupsi7:1.6931471805599454
expo:2.9459101490553135
lc:2.9459101490553135
mit:3.1972245773362196
edu:3.1972245773362196
xpert:2.386294361119891
mailer:1.0
thu:2.9459101490553135
apr:3.0794415416798357
22:3.0794415416798357
17:1.6931471805599454
24:1.0
28:1.0
1993:1.0
remot:1.0
aolsi:1.6931471805599454
receiv:2.9459101490553135
aol:1.0
id:2.6094379124341005
aa19841:1.0
93:2.9459101490553135
10:1.6931471805599454
35:1.6931471805599454
edt:1.6931471805599454
srmftp:1.6931471805599454
psi:2.6094379124341005
uu7:1.0
5:1.6931471805599454
65b:1.0
4:2.09861228866811
0:1.0
071791:1.0
psinet:1.6931471805599454
via:1.0
smtp:1.0
aa02784:1.0
12:1.0
04:1.0
36:1.0
0400:2.386294361119891
3:1.0
072291:1.0
aa17104:1.0
19:1.0
31:1.0
06:2.09861228866811
57:2.386294361119891
38:1.0
enterpoop:2.386294361119891
37:1.0
7:1.0
aa27271:1.0
14:1.0
usenet:1.6931471805599454
netnewsfor:1.0
contact:1.0
date:1.0
08:1.0
09:1.0
gmt:1.0
messag:1.0
3873:1.0
nlsun1:1.0
