darcym:1.0
fpddet4:1.6931471805599454
mentorg:2.09861228866811
com:2.09861228866811
darci:2.09861228866811
mccallum:1.6931471805599454
subject:1.6931471805599454
keyboard:1.6931471805599454
map:1.0
window:2.386294361119891
placement:1.0
question:1.6931471805599454
nntp:1.0
post:1.0
host:1.0
organ:1.0
mentor:1.0
keyword:1.0
line:1.0
27:1.0
two:1.0
common:1.0
hope:1.0
someon:1.0
deal:1.0
specif:1.0
1:1.0
applic:1.0
depend:1.0
modifi:2.791759469228055
best:1.0
lookup:1.6931471805599454
method:1.0
choic:1.0
call:2.386294361119891
xgetmodifiermap:1.0
key:1.0
press:1.0
make:1.0
init:1.0
app:1.6931471805599454
store:1.0
tabl:1.6931471805599454
would:2.09861228866811
like:1.6931471805599454
second:1.0
way:1.0
seem:1.6931471805599454
get:2.09861228866811
notifi:1.6931471805599454
user:2.09861228866811
use:2.386294361119891
xmodmap:1.6931471805599454
remap:1.0
know:1.0
xsetmodifiermap:1.0
mappingnotifi:1.0
event:1.6931471805599454
gener:1.0
non:1.0
maskabl:1.0
pick:1.0
intern:1.0
xt:1.6931471805599454
reilli:1.0
say:1.0
automat:1.0
handl:1.0
xlib:1.0
ala:1.0
xnextev:1.0
noth:1.0
stem:1.0
problem:1.0
sun:1.0
4:1.0
5:1.0
numlock:1.0
plu:1.0
variou:1.0
alt:1.0
meta:1.0
etc:1.0
requir:1.0
2:1.0
place:1.0
popup:1.0
immedi:1.6931471805599454
right:2.09861228866811
main:1.6931471805599454
want:1.0
coord:1.6931471805599454
left:1.0
side:1.0
touch:1.0
need:1.0
ask:1.6931471805599454
x:2.09861228866811
manag:1.0
border:1.6931471805599454
ring:1.0
bell:1.0
anyon:1.0
xtmovewidget:1.0
check:1.0
move:1.0
see:1.6931471805599454
next:1.0
callback:1.0
offset:1.0
wm:1.0
help:1.0
appreci:1.0
