gse9k:1.0
uvac:1.0
c:1.0
virginia:1.6931471805599454
edu:1.6931471805599454
scott:2.09861228866811
evan:1.6931471805599454
subject:1.0
menubutton:1.6931471805599454
widget:1.6931471805599454
question:1.0
repli:1.0
thrash:1.0
organ:1.0
make:1.0
stop:1.0
line:1.0
9:1.0
tri:1.0
creat:1.0
button:1.0
label:1.6931471805599454
bitmap:1.6931471805599454
use:1.0
possibl:1.0
right:1.0
get:1.0
sign:1.0
help:1.0
would:1.0
appreci:1.0
