steve:1.0
smartstar:1.6931471805599454
com:1.0
subject:1.0
motif:1.0
server:1.6931471805599454
ascii:1.0
termin:1.6931471805599454
organ:1.0
corpor:1.0
signal:1.0
technolog:1.0
line:1.0
2:1.0
nntp:1.0
post:1.0
host:1.0
louie:1.0
anyon:1.0
know:1.0
x:1.0
charact:1.0
cell:1.0
anyth:1.0
fanci:1.0
long:1.0
work:1.0
