sti:1.0
c:2.386294361119891
hut:2.386294361119891
fi:2.386294361119891
sami:2.09861228866811
jaakko:1.0
tikka:2.09861228866811
subject:1.0
find:1.0
state:2.386294361119891
key:1.0
eg:1.0
capslock:2.09861228866811
numlock:1.6931471805599454
organ:1.0
helsinki:1.0
univers:1.0
technolog:1.0
lab:1.0
line:1.0
23:1.0
distribut:1.0
inet:1.0
nntp:1.0
post:1.0
host:1.0
tahma:1.0
9304211637:1.0
aa03386:1.0
blue:1.0
arbortext:1.6931471805599454
com:1.6931471805599454
rp:1.0
ralph:1.0
seguin:1.0
write:1.6931471805599454
question:2.09861228866811
mean:1.6931471805599454
determin:1.0
know:2.09861228866811
way:1.0
except:1.0
see:1.0
modifi:2.09861228866811
th:1.0
keypress:2.386294361119891
event:1.6931471805599454
cours:1.0
reason:1.0
need:1.0
alway:2.386294361119891
even:1.6931471805599454
window:1.6931471805599454
keyborad:1.0
focu:1.0
ask:1.0
root:1.0
get:1.6931471805599454
press:1.6931471805599454
point:1.0
easi:1.0
make:1.0
x:1.0
keyboard:1.6931471805599454
act:1.0
like:2.09861228866811
pc:1.0
ie:1.0
activ:1.0
user:1.0
shift:1.0
lowercas:1.0
instead:1.0
think:1.0
implement:1.6931471805599454
xlookupstr:1.6931471805599454
anoth:1.0
function:1.0
interpret:1.0
look:1.0
xlib:1.0
sourc:1.0
littl:1.0
bit:1.0
g:1.0
admd:1.0
fumail:1.0
live:1.0
long:1.0
prosper:1.0
