thyagi:2.09861228866811
cup:1.0
portal:1.6931471805599454
com:1.6931471805599454
morgoth:1.0
nagasiva:1.0
subject:1.0
david:1.6931471805599454
koresh:1.6931471805599454
messian:1.6931471805599454
cult:1.6931471805599454
organ:1.0
system:1.0
tm:1.0
distribut:1.0
world:1.0
line:1.0
12:1.0
hello:1.0
read:1.6931471805599454
first:1.0
newspap:1.0
notic:1.0
articl:1.0
leader:1.0
name:1.0
like:1.0
know:1.0
go:1.0
plea:1.0
email:1.0
normal:1.0
newsgroup:1.0
thank:1.0
houseofkao:1.0
abyss:1.0
