bobsarv:1.6931471805599454
microsoft:2.386294361119891
com:2.09861228866811
bob:1.6931471805599454
sarver:1.6931471805599454
subject:1.0
question:1.0
popular:1.0
moral:3.302585092994046
organ:1.0
corp:1.0
distribut:1.0
usa:1.0
line:1.0
102:1.0
articl:1.0
1993apr03:1.0
044958:1.0
15500:1.0
write:1.0
understand:1.0
word:1.6931471805599454
mean:1.0
someon:1.6931471805599454
inflict:1.6931471805599454
pain:1.6931471805599454
enjoy:1.6931471805599454
masochist:1.0
noth:1.6931471805599454
wrong:2.386294361119891
may:2.09861228866811
think:2.791759469228055
gross:1.0
bizarr:1.0
might:1.0
agre:1.0
disgust:1.0
equal:1.0
hudson:2.9459101490553135
whether:1.6931471805599454
hurt:1.0
perman:1.6931471805599454
damag:1.6931471805599454
bodi:1.0
true:1.6931471805599454
also:2.791759469228055
none:1.0
busi:1.0
peopl:3.3978952727983707
reason:1.6931471805599454
read:1.0
bibl:1.6931471805599454
xtian:1.0
brain:1.0
logic:1.6931471805599454
would:1.6931471805599454
ok:1.0
come:1.6931471805599454
home:1.0
take:1.0
away:1.0
send:1.0
educ:1.0
camp:1.0
save:1.0
mind:1.0
ruin:1.0
readi:1.0
say:2.386294361119891
gave:1.6931471805599454
author:2.09861228866811
set:2.791759469228055
standard:2.9459101490553135
live:1.6931471805599454
person:1.0
abl:1.6931471805599454
make:2.6094379124341005
choic:2.09861228866811
need:1.0
show:1.0
way:1.6931471805599454
observ:1.0
mani:1.0
error:1.0
alreadi:1.0
trust:2.09861228866811
rule:1.6931471805599454
permit:1.0
tri:1.0
forc:1.6931471805599454
accept:1.0
simpli:1.0
like:3.0794415416798357
give:1.0
right:2.791759469228055
stop:1.0
awar:1.0
everyon:1.0
howev:1.6931471805599454
obnoxi:1.0
arrog:1.0
know:2.09861228866811
bullshit:1.0
brought:1.0
u:1.0
religi:1.0
war:1.0
pogrom:1.0
jew:1.0
gay:1.0
bash:1.0
atroc:1.0
knew:1.0
better:1.0
want:2.09861228866811
tell:2.791759469228055
die:1.0
made:1.0
god:1.6931471805599454
thing:1.0
indic:1.0
present:1.0
key:1.0
get:1.0
along:1.0
life:2.09861228866811
point:1.0
respect:1.6931471805599454
intellig:1.6931471805599454
enough:1.0
expect:1.0
return:1.0
hand:1.0
avoid:1.0
inconsist:1.0
believ:1.6931471805599454
other:1.6931471805599454
interfer:2.386294361119891
must:1.0
admit:1.0
ye:1.0
religion:1.6931471805599454
correct:1.0
agent:1.0
act:1.6931471805599454
behalf:1.0
misinterpret:1.0
actual:2.09861228866811
goe:1.0
surpris:1.0
follow:1.0
rat:1.0
pie:1.0
piper:1.0
basic:1.0
form:1.0
go:1.0
let:1.6931471805599454
necessari:1.0
beat:1.0
bloodi:1.0
pulp:1.0
human:1.0
level:1.0
recogn:1.6931471805599454
sentient:1.0
be:1.0
posse:1.0
capabl:1.0
appreci:1.0
treat:1.0
allow:1.0
decis:1.0
