hudson:1.6931471805599454
athena:1.0
c:1.0
uga:1.0
edu:2.09861228866811
paul:1.0
jr:1.0
subject:1.0
question:1.0
popular:1.0
moral:1.6931471805599454
organ:1.0
univers:1.0
georgia:1.0
athen:1.0
line:1.0
11:1.0
articl:1.0
1993apr5:1.0
165709:1.0
4347:1.0
midway:1.6931471805599454
uchicago:1.6931471805599454
dsoconn:1.0
write:1.0
base:1.6931471805599454
true:1.0
absolut:1.0
stand:1.6931471805599454
note:1.0
major:1.0
peopl:1.0
remain:1.0
unconvinc:1.0
idea:1.0
probabl:1.0
worth:1.0
much:1.0
pragmat:1.0
sen:1.0
mayb:1.0
preciou:1.0
link:1.0
