jmeritt:1.0
mental:1.0
mitr:1.0
org:1.0
subject:1.0
god:1.0
promis:1.0
peac:1.0
organ:1.0
utexa:1.6931471805599454
mail:1.0
news:1.0
gateway:1.0
line:1.0
6:1.0
nntp:1.0
post:1.0
host:1.0
c:1.0
edu:1.0
psa:1.0
145:1.0
9:1.0
lord:1.6931471805599454
good:1.0
tender:1.0
merci:1.6931471805599454
work:1.0
jer:1.0
13:1.0
14:1.0
dash:1.0
one:1.0
anoth:1.0
even:1.0
fa:1.0
ther:1.0
son:1.0
togeth:1.0
saith:1.0
piti:1.0
spare:1.0
destroy:1.0
