sandvik:2.09861228866811
newton:1.6931471805599454
appl:1.6931471805599454
com:2.386294361119891
kent:1.6931471805599454
subject:1.0
food:1.0
thought:1.6931471805599454
tyre:2.6094379124341005
organ:1.0
cookamunga:1.0
tourist:1.0
bureau:1.0
line:1.0
34:1.0
articl:1.0
1qh4m5inn2pu:1.0
ctron:2.09861228866811
news:1.0
king:1.6931471805599454
john:1.0
e:1.0
wrote:1.0
exactli:1.6931471805599454
prophesi:1.0
clearli:1.0
impli:1.6931471805599454
peopl:2.9459101490553135
would:2.386294361119891
still:2.09861228866811
live:2.386294361119891
area:1.0
token:1.0
never:1.6931471805599454
rebuilt:1.6931471805599454
obvious:1.0
hous:2.09861228866811
correct:1.6931471805599454
net:1.6931471805599454
fish:2.386294361119891
villag:1.6931471805599454
becom:1.0
far:1.6931471805599454
cri:1.0
origin:1.0
posit:1.0
statur:1.0
let:1.6931471805599454
see:1.0
alexand:1.0
destroy:1.0
move:1.0
back:1.0
construct:1.0
14000:1.0
call:1.0
consid:1.6931471805599454
instead:1.0
got:1.0
togeth:1.0
need:1.0
place:1.6931471805599454
seen:1.0
state:1.0
figur:1.0
rang:1.0
15:1.0
000:2.09861228866811
22:1.0
assum:1.0
latter:1.0
one:1.6931471805599454
modern:1.0
standard:1.0
talk:1.0
hors:1.0
town:1.6931471805599454
sigh:1.0
born:1.0
citi:2.386294361119891
home:1.0
10:1.0
consult:1.0
inform:1.0
kristinestad:1.0
found:1.6931471805599454
17:1.0
th:1.0
centuri:1.0
1000:1.0
norm:1.0
even:1.0
bizarr:1.0
dumb:1.0
swedish:1.0
queen:1.0
along:1.0
coast:1.0
finland:1.0
like:1.0
know:1.0
paul:1.0
worth:1.0
mention:1.0
small:1.0
act:1.0
mayb:1.0
keen:1.0
fisherman:1.0
want:1.0
visit:1.0
shore:1.0
cheer:1.0
alink:1.0
ksand:1.0
privat:1.0
activ:1.0
