system:1.6931471805599454
kalki33:1.6931471805599454
lake:1.6931471805599454
trenton:1.6931471805599454
sc:2.09861228866811
u:1.6931471805599454
kalki:2.09861228866811
dasa:1.0
subject:1.0
bhagavad:1.6931471805599454
gita:1.6931471805599454
2:1.0
44:1.6931471805599454
organ:1.0
infolin:1.6931471805599454
bb:1.6931471805599454
aiken:1.6931471805599454
usa:1.6931471805599454
line:1.0
42:1.0
text:1.0
bhogaisvarya:1.0
prasaktanam:1.6931471805599454
tayapahrta:1.0
cetasam:1.6931471805599454
vyavasayatmika:1.0
buddhih:1.6931471805599454
samadhau:1.6931471805599454
na:1.6931471805599454
vidhiy:1.6931471805599454
bhoga:1.0
materi:2.386294361119891
enjoy:2.09861228866811
aisvarya:1.0
opul:1.6931471805599454
attach:1.6931471805599454
taya:1.0
thing:2.09861228866811
apahrta:1.0
bewild:2.09861228866811
mind:2.6094379124341005
vyavasaya:1.0
atmika:1.0
fix:2.09861228866811
determin:1.6931471805599454
devot:1.6931471805599454
servic:1.6931471805599454
lord:1.6931471805599454
control:1.0
never:1.6931471805599454
take:1.6931471805599454
place:1.6931471805599454
translat:1.0
tin:1.0
sen:1.6931471805599454
resolut:1.0
suprem:1.0
purport:1.0
tsamadhi:1.0
mean:1.0
vedic:1.0
dictionari:1.0
nirukti:1.0
say:1.0
samyag:1.0
adhiy:1.0
sminn:1.0
atma:1.0
tattva:1.0
yathatmyam:1.0
understand:1.0
self:1.0
said:1.0
samadhi:1.6931471805599454
possibl:1.0
person:1.0
interest:1.0
temporari:1.0
le:1.0
condemn:1.0
process:1.0
energi:1.0
book:1.0
c:1.0
bhaktivedanta:1.0
swami:1.0
forget:1.0
chant:1.0
hare:3.0794415416798357
krishna:2.386294361119891
rama:2.386294361119891
south:1.0
carolina:1.0
