psyrobtw:1.0
ubvmsb:1.6931471805599454
cc:1.6931471805599454
buffalo:2.09861228866811
edu:1.6931471805599454
robert:1.0
wei:1.0
subject:1.0
15:1.0
apr:1.0
93:1.0
god:1.6931471805599454
promis:1.0
john:1.0
1:2.09861228866811
12:1.6931471805599454
organ:1.0
univers:1.0
line:1.0
8:1.0
news:1.0
softwar:1.0
vax:1.0
vm:1.0
vnew:1.0
41:1.0
nntp:1.0
post:1.0
host:1.0
tbut:1.0
mani:1.0
receiv:1.0
tto:1.6931471805599454
gave:1.0
power:1.0
becom:1.0
son:1.0
teven:1.0
believ:1.0
name:1.0
tjohn:1.0
