ekr:2.09861228866811
kyle:1.6931471805599454
eitech:2.09861228866811
com:2.09861228866811
eric:1.6931471805599454
rescorla:1.6931471805599454
subject:1.0
2000:1.0
year:1.0
say:1.0
christian:1.0
moral:1.0
organ:1.0
eit:1.0
line:1.0
16:1.0
nntp:1.0
post:1.0
host:1.0
articl:1.6931471805599454
1qjbn0:1.0
na4:1.0
horu:1.0
ap:1.0
mchp:1.0
sni:1.0
de:1.0
frank:1.6931471805599454
d012s658:1.0
uucp:1.0
dwyer:1.0
write:1.6931471805599454
kmr4:1.6931471805599454
1571:1.0
734847050:1.0
po:1.6931471805599454
cwru:1.6931471805599454
edu:1.6931471805599454
keith:1.0
ryan:1.0
tyou:1.0
push:1.0
back:1.0
undefin:1.0
mean:1.0
must:1.0
defin:1.0
object:1.6931471805599454
valu:1.6931471805599454
realli:1.0
know:1.0
offer:1.0
peopl:1.0
u:1.6931471805599454
collect:1.0
1:1.6931471805599454
land:1.0
america:1.0
would:2.09861228866811
sound:1.0
like:1.0
good:1.0
deal:1.0
well:1.0
depend:1.0
much:1.6931471805599454
want:1.6931471805599454
buy:1.0
use:1.0
code:1.0
man:1.0
