m23364:1.6931471805599454
mwunix:2.09861228866811
mitr:2.386294361119891
org:2.09861228866811
jame:1.6931471805599454
meritt:1.6931471805599454
subject:1.6931471805599454
kind:1.0
love:1.0
merci:1.0
forgiv:1.0
god:1.6931471805599454
nntp:1.0
post:1.6931471805599454
host:1.0
organ:1.0
corpor:1.0
mclean:1.0
va:1.0
line:1.0
41:1.0
articl:1.6931471805599454
8846:1.0
blue:1.6931471805599454
ci:1.6931471805599454
pitt:2.09861228866811
edu:2.09861228866811
joslin:1.6931471805599454
pogo:1.0
isp:1.0
david:1.6931471805599454
write:1.6931471805599454
context:2.09861228866811
must:1.0
miss:1.0
said:1.0
promis:1.0
keep:1.0
get:1.0
could:1.0
plea:1.0
explain:1.0
wrong:1.0
ok:1.0
acknowledg:1.6931471805599454
public:1.6931471805599454
hypocrisi:1.0
neither:1.0
accord:1.0
jim:2.6094379124341005
way:1.0
critic:1.0
one:1.0
person:1.6931471805599454
take:1.6931471805599454
quot:1.6931471805599454
without:1.6931471805599454
hypocrit:1.0
respons:1.0
everi:1.0
r:1.0
either:1.6931471805599454
ask:1.0
assert:1.0
misaim:1.0
telepathi:2.791759469228055
work:1.0
btw:1.0
josli:1.0
still:1.6931471805599454
wait:1.6931471805599454
precognit:1.6931471805599454
witch:1.0
appolog:1.0
retract:1.0
whine:1.0
pas:1.0
time:1.0
mayb:1.6931471805599454
go:1.0
back:1.0
read:1.0
portion:1.0
conveni:1.0
delet:1.0
repli:1.0
find:1.0
answer:1.0
nope:1.0
particular:1.0
realiz:1.0
exampl:1.0
respond:1.0
threa:1.0
threat:1.0
produc:1.0
mystifi:1.0
empath:1.0
capabl:1.0
determin:1.0
emot:1.0
state:1.0
tri:1.6931471805599454
know:1.0
prepar:1.0
substanti:1.0
taken:1.0
messag:1.0
id:1.0
8257:1.0
