russpj:1.6931471805599454
microsoft:2.09861228866811
com:2.386294361119891
rus:1.6931471805599454
paul:1.6931471805599454
jone:1.6931471805599454
subject:1.0
2000:1.0
year:1.6931471805599454
say:1.6931471805599454
christian:1.0
moral:1.0
organ:1.0
corpor:1.0
line:1.0
17:1.0
articl:1.0
1993apr16:1.0
193723:1.0
19050:1.0
asl:1.6931471805599454
dl:1.6931471805599454
nec:1.6931471805599454
duffi:1.6931471805599454
aslss02:1.0
joseph:1.0
write:1.0
one:1.0
falsifi:1.6931471805599454
origin:1.0
theori:2.9459101490553135
exampl:1.6931471805599454
forev:1.0
exist:1.0
univers:1.0
abiogenesi:1.0
strictli:1.0
way:1.0
proven:1.0
fals:1.6931471805599454
examin:1.0
predicit:1.0
make:1.0
tri:1.0
observ:2.09861228866811
thing:1.0
predict:1.6931471805599454
happen:1.0
evid:1.6931471805599454
modifi:1.0
incorpor:1.0
new:1.0
peopl:1.0
use:1.0
believ:1.0
earth:1.0
creat:1.0
10:1.0
000:1.0
ago:1.0
show:1.0
true:1.0
abandon:1.0
