mathew:2.09861228866811
manti:1.6931471805599454
co:1.0
uk:1.6931471805599454
subject:1.0
2000:1.0
year:1.0
say:1.0
christian:1.6931471805599454
moral:2.09861228866811
organ:1.0
consult:1.0
cambridg:1.0
line:1.0
12:1.0
x:1.0
newsread:1.0
rusnew:1.0
v1:1.0
01:1.0
frank:1.6931471805599454
d012s658:1.0
uucp:1.0
dwyer:1.0
write:1.0
b:1.0
neither:1.0
theist:1.0
believ:1.0
object:1.6931471805599454
prefer:1.0
relativist:1.0
soup:1.0
gobbledegook:1.0
well:1.0
two:1.0
approach:1.0
take:1.0
one:1.0
ask:1.6931471805599454
assum:1.0
secret:1.0
think:1.0
wrong:1.0
relativ:1.0
correct:1.0
misconcept:1.0
