kevin:2.09861228866811
rotag:1.0
mi:1.0
org:1.0
darci:1.0
subject:1.0
2000:1.0
year:1.0
say:1.0
christian:1.0
moral:1.0
organ:1.0
line:1.0
41:1.0
articl:2.386294361119891
1qme79:1.0
c0k:1.0
kyle:1.6931471805599454
eitech:2.386294361119891
com:2.386294361119891
ekr:1.6931471805599454
eric:2.09861228866811
rescorla:1.6931471805599454
write:2.386294361119891
1qm36b:1.0
gn2:1.0
horu:1.6931471805599454
ap:1.6931471805599454
mchp:1.6931471805599454
sni:1.6931471805599454
de:3.302585092994046
frank:2.6094379124341005
d012s658:1.6931471805599454
uucp:1.6931471805599454
dwyer:1.6931471805599454
1qktj3:1.0
bn9:1.0
squick:1.6931471805599454
1qkn1t:1.0
59l:1.0
like:1.6931471805599454
said:1.6931471805599454
work:2.9459101490553135
whether:2.386294361119891
valu:2.9459101490553135
privaci:1.0
k:1.0
abstract:1.0
function:1.0
stop:1.6931471805599454
import:2.386294361119891
sen:2.386294361119891
one:2.791759469228055
care:1.6931471805599454
truth:1.6931471805599454
mathemat:1.6931471805599454
mean:2.386294361119891
inform:1.0
etc:2.09861228866811
chip:2.386294361119891
w:1.0
scienc:1.0
object:1.6931471805599454
realiti:1.0
vacuum:1.0
noth:1.0
el:1.0
either:1.0
blatant:1.0
assert:1.0
seem:1.0
weasel:1.0
word:1.0
imagin:1.0
box:1.0
accept:1.0
16:1.0
byte:1.0
use:1.0
first:1.0
8:1.6931471805599454
ecb:1.0
second:1.0
still:1.0
perfect:1.0
job:1.0
dese:1.0
input:1.0
made:1.0
time:1.0
anyon:1.0
look:1.0
result:1.6931471805599454
acknowledg:1.0
correct:1.0
meaning:1.0
fliboz:1.6931471805599454
exist:1.6931471805599454
particular:1.0
extrem:1.0
complex:1.0
configur:1.0
physic:1.0
phenomenon:1.0
absolut:1.0
slightest:1.0
get:1.0
back:1.0
question:1.0
someth:1.0
achiev:1.0
desir:1.6931471805599454
expect:2.09861228866811
effect:1.0
note:1.0
way:1.0
intention:2.09861228866811
subtli:1.0
underli:1.6931471805599454
definit:1.6931471805599454
even:1.6931471805599454
take:1.0
instead:1.0
deni:1.0
conform:1.0
sort:1.0
name:1.0
scientif:1.0
accuraci:1.0
predict:1.0
reproduc:1.0
phenomenologist:1.0
husserl:1.0
consid:1.0
primari:1.0
ontolog:1.6931471805599454
stuff:1.0
built:1.0
percept:1.0
conscious:1.0
thought:1.0
alon:1.0
see:1.0
put:1.0
human:1.0
experi:1.6931471805599454
call:1.0
measur:1.0
natur:1.0
world:1.0
output:1.0
