m23364:2.09861228866811
mwunix:2.386294361119891
mitr:2.6094379124341005
org:2.386294361119891
jame:2.09861228866811
meritt:2.09861228866811
subject:1.6931471805599454
kind:1.0
love:1.0
merci:1.0
forgiv:1.0
god:1.6931471805599454
nntp:1.0
post:1.6931471805599454
host:1.0
organ:1.0
corpor:1.0
mclean:1.0
va:1.0
line:1.0
41:1.0
articl:1.6931471805599454
8968:1.0
blue:1.0
ci:1.0
pitt:2.09861228866811
edu:2.09861228866811
joslin:2.386294361119891
pogo:1.6931471805599454
isp:1.6931471805599454
david:1.6931471805599454
write:2.386294361119891
context:2.791759469228055
must:1.0
miss:1.0
said:2.09861228866811
promis:1.0
keep:1.0
get:1.0
could:2.09861228866811
plea:1.6931471805599454
explain:2.09861228866811
wrong:1.0
ok:1.0
acknowledg:1.0
public:1.0
hypocrisi:1.0
neither:1.0
accord:1.0
jim:1.6931471805599454
way:1.0
critic:1.0
one:1.0
person:1.6931471805599454
take:2.09861228866811
quot:2.6094379124341005
without:1.0
hypocrit:1.0
respons:1.0
everi:1.0
r:1.6931471805599454
either:1.0
ask:1.0
assert:1.6931471805599454
misaim:1.0
telepathi:1.0
work:1.0
1:1.0
stephen:2.386294361119891
took:1.6931471805599454
2:1.0
note:1.0
repli:1.6931471805599454
call:1.6931471805599454
3:1.0
lack:1.6931471805599454
evid:1.6931471805599454
x:1.6931471805599454
constitut:1.0
common:1.0
creationist:1.0
error:1.0
4:1.0
fact:1.0
justifi:1.0
conclus:2.09861228866811
condon:1.0
excel:1.0
condit:1.0
made:1.6931471805599454
direct:1.0
part:1.0
instanc:1.0
assum:1.6931471805599454
posit:1.6931471805599454
eat:1.0
shit:1.0
mere:1.0
might:1.0
observ:1.0
7:1.6931471805599454
logic:2.09861228866811
sentenc:1.6931471805599454
begin:1.0
nonsequitur:1.0
intend:1.0
follow:1.0
preced:1.0
better:1.0
argument:1.6931471805599454
disagre:1.0
sound:1.0
admit:1.0
assumpt:1.0
may:1.0
bit:1.0
hasti:1.0
agre:1.0
say:1.0
yup:1.0
chanc:1.0
ever:1.0
even:1.0
heard:1.0
induct:1.0
demonstr:1.0
familiarli:1.0
e:1.0
insuffici:1.0
