brian:2.6094379124341005
lpl:1.0
arizona:1.0
edu:1.0
ceccarelli:1.0
602:1.0
621:1.0
9615:1.0
subject:1.0
14:2.09861228866811
apr:1.0
93:1.0
god:1.6931471805599454
promis:1.0
1:1.6931471805599454
john:2.9459101490553135
7:1.6931471805599454
organ:1.0
lunar:1.0
planetari:1.0
laboratori:1.0
tucson:1.0
az:1.0
line:1.0
66:1.0
kendig:1.0
write:1.0
lev:1.0
17:2.09861228866811
11:1.0
life:1.6931471805599454
flesh:1.0
blood:1.6931471805599454
given:1.0
upon:1.0
altar:1.0
make:2.09861228866811
aton:1.6931471805599454
soul:1.6931471805599454
old:1.0
testament:1.0
big:1.0
eye:1.6931471805599454
busi:1.0
sen:1.0
leviticu:1.0
would:2.6094379124341005
support:1.0
physic:1.0
injuri:1.0
repay:1.0
moral:1.0
wrongdo:1.0
k:1.6931471805599454
guess:1.0
miss:1.0
point:2.09861228866811
scale:1.0
cold:1.0
hot:1.0
0:1.0
degre:1.0
kelvin:1.0
know:2.09861228866811
sanctif:1.0
taught:1.0
sunday:1.0
school:1.0
catech:1.0
class:1.6931471805599454
theolog:1.0
even:1.6931471805599454
still:1.6931471805599454
accept:2.386294361119891
mayb:1.6931471805599454
understand:2.386294361119891
well:1.0
bottom:1.0
heart:1.0
punish:2.386294361119891
innoc:1.0
man:1.0
wrong:1.0
ye:1.0
agre:1.0
jesu:3.4849066497880004
say:1.6931471805599454
regard:1.0
death:2.09861228866811
tri:1.0
repeatedli:1.0
cours:1.0
sever:1.0
year:1.0
good:1.6931471805599454
either:2.09861228866811
way:1.0
explain:1.0
thing:1.6931471805599454
glad:1.0
hear:1.0
might:1.0
convert:1.0
warn:1.0
howev:1.0
heard:1.0
common:1.0
argument:1.6931471805599454
convinc:1.6931471805599454
ask:1.6931471805599454
said:1.0
12:1.0
23:1.0
32:1.0
mysteri:1.6931471805599454
anyon:1.0
certainli:1.0
need:1.6931471805599454
persuas:1.0
read:1.0
repli:1.0
question:1.0
give:1.0
reason:2.09861228866811
16:1.6931471805599454
one:1.0
obviou:2.09861228866811
die:1.0
everyth:1.0
el:1.0
noth:1.0
could:1.0
rise:1.6931471805599454
stop:1.0
doubt:1.0
believ:1.0
21:1.0
27:1.0
fact:1.0
rose:1.0
dead:1.6931471805599454
hope:2.09861228866811
overlook:1.0
without:2.09861228866811
faith:1.0
vaniti:1.0
suffer:1.0
15:1.0
18:1.0
25:1.6931471805599454
world:1.6931471805599454
hate:1.0
direct:1.0
proclam:1.0
far:1.0
human:1.0
botch:1.0
thu:1.0
much:1.0
saviour:1.0
neither:1.0
see:1.0
animos:1.6931471805599454
lack:1.6931471805599454
knowledg:1.6931471805599454
come:1.0
twist:1.0
robert:1.0
daili:1.0
vers:1.0
testimoni:1.0
truth:1.0
pray:1.0
blurt:1.0
perfect:1.0
regardless:1.0
thank:1.0
reveal:1.0
also:1.0
bumbl:1.0
blindli:1.0
though:1.0
arrogantli:1.0
slander:1.0
person:1.0
creat:1.0
love:1.0
