mlee:1.0
post:1.0
royalroad:1.0
ca:1.0
malcolm:1.6931471805599454
lee:1.6931471805599454
subject:1.0
kind:1.0
love:1.0
god:3.1972245773362196
organ:1.0
royal:1.0
road:1.0
militari:1.0
colleg:1.0
victoria:1.0
b:1.0
c:1.0
line:1.0
38:1.0
articl:1.0
9304141620:1.0
aa01443:1.0
dangermous:1.0
mitr:1.6931471805599454
org:1.6931471805599454
jmeritt:1.0
mental:1.0
write:1.0
leviticu:1.0
21:1.6931471805599454
9:1.0
daughter:1.0
priest:1.0
profan:1.0
play:1.0
whore:1.0
profaneth:1.0
father:1.6931471805599454
shall:2.9459101490553135
burnt:1.0
fire:1.0
deuteronomi:2.386294361119891
22:2.6094379124341005
20:1.0
token:1.0
virgin:1.6931471805599454
found:1.6931471805599454
damsel:2.386294361119891
bring:1.6931471805599454
door:1.0
hous:1.0
men:1.0
citi:2.09861228866811
stone:2.386294361119891
die:2.386294361119891
man:2.6094379124341005
lie:2.09861228866811
woman:1.0
marri:1.0
husband:1.6931471805599454
23:1.0
24:1.0
betroth:1.6931471805599454
unto:1.6931471805599454
find:1.6931471805599454
ye:1.6931471805599454
gate:1.0
25:1.0
field:1.0
forc:1.0
lay:1.0
law:1.6931471805599454
written:1.6931471805599454
israelit:1.6931471805599454
chosen:2.09861228866811
peopl:2.09861228866811
expressli:1.0
set:1.0
apart:1.0
rest:1.0
world:1.0
direct:1.0
wit:1.0
exist:1.0
disobey:1.0
know:1.0
real:1.0
would:1.0
outright:1.0
denial:1.0
therefor:1.0
immedi:1.6931471805599454
punish:1.6931471805599454
rememb:1.0
differ:1.0
time:1.0
appli:1.0
jesu:1.6931471805599454
chang:1.0
live:1.0
age:1.0
grace:1.0
sin:1.0
longer:1.0
death:1.0
repent:1.0
salvat:1.6931471805599454
lord:1.0
christ:1.0
avail:1.0
everyon:1.0
jew:1.0
gentil:1.0
alik:1.0
