psyrobtw:1.0
ubvmsd:1.6931471805599454
cc:1.6931471805599454
buffalo:2.09861228866811
edu:1.6931471805599454
robert:1.0
wei:1.0
subject:1.0
16:1.0
apr:1.0
93:1.0
god:1.0
promis:1.0
psalm:1.0
32:1.6931471805599454
8:1.6931471805599454
organ:1.0
univers:1.0
line:1.0
6:1.0
news:1.0
softwar:1.0
vax:1.0
vm:1.0
vnew:1.0
1:1.0
41:1.0
nntp:1.0
post:1.0
host:1.0
ti:1.6931471805599454
instruct:1.0
thee:2.09861228866811
teach:1.0
tin:1.0
way:1.0
thou:1.0
shalt:1.0
go:1.0
guid:1.0
mine:1.0
eye:1.0
tpsalm:1.0
