subject:1.6931471805599454
2000:1.0
year:1.0
say:2.386294361119891
christian:2.791759469228055
nunnal:2.09861228866811
ac:1.6931471805599454
hard:2.09861228866811
edu:2.09861228866811
john:1.6931471805599454
kmr4:1.0
1587:1.0
734911207:1.0
po:1.0
cwru:1.0
1qkoel:1.6931471805599454
5fr:1.6931471805599454
horu:1.6931471805599454
ap:1.6931471805599454
mchp:1.6931471805599454
sni:1.6931471805599454
de:1.6931471805599454
1qksc2:1.6931471805599454
2mr:1.6931471805599454
fido:1.6931471805599454
asd:1.6931471805599454
sgi:2.386294361119891
com:2.386294361119891
distribut:1.0
world:2.386294361119891
organ:1.0
univers:1.0
searci:1.0
ar:1.0
nntp:1.0
post:1.0
host:1.0
x:1.0
news:1.6931471805599454
reader:1.0
vm:1.0
1:1.0
24in:1.0
repli:1.0
livesey:1.6931471805599454
solntz:1.6931471805599454
wpd:1.6931471805599454
messag:1.0
15:1.0
apr:1.0
93:1.0
23:1.0
50:1.0
26:1.0
gmtline:1.0
67:1.6931471805599454
line:1.0
write:1.6931471805599454
articl:1.0
frank:1.6931471805599454
d012s658:1.0
uucp:1.0
dwyer:1.0
good:2.09861228866811
question:2.09861228866811
point:2.09861228866811
truth:1.6931471805599454
better:2.09861228866811
falsehood:1.0
possibl:1.6931471805599454
ye:1.0
hold:1.0
jew:1.6931471805599454
s:1.0
guy:1.0
sit:1.0
crack:1.0
open:1.0
bottl:1.0
whiskey:1.0
grim:1.0
altern:1.6931471805599454
present:1.0
obvious:1.6931471805599454
best:1.0
seem:1.0
lie:1.0
valu:1.0
involv:1.0
life:1.6931471805599454
opinion:1.0
confus:1.6931471805599454
claim:2.09861228866811
object:3.1972245773362196
moral:3.6390573296152584
exist:1.6931471805599454
lock:1.0
think:1.0
would:1.6931471805599454
actual:1.6931471805599454
quit:1.6931471805599454
easi:1.0
rel:1.6931471805599454
jon:1.6931471805599454
true:1.0
peopl:2.386294361119891
caus:1.0
look:1.0
origin:1.0
thread:1.0
e:1.0
toss:1.0
inconsist:1.6931471805599454
principl:2.791759469228055
bear:1.0
attempt:1.0
explain:1.6931471805599454
appar:1.0
least:1.0
one:1.6931471805599454
viewpoint:1.0
god:3.1972245773362196
creator:1.0
mankind:2.386294361119891
bibl:1.6931471805599454
pretti:1.0
well:1.6931471805599454
defin:1.6931471805599454
concept:1.0
make:1.0
tick:1.0
physic:1.0
emot:1.0
etc:1.0
u:2.09861228866811
troubl:1.0
understand:1.0
detriment:1.0
creatur:1.0
creat:2.09861228866811
tgalatian:1.0
2:1.0
10:1.0
workmanship:1.0
tchrist:1.0
jesu:2.386294361119891
work:1.0
prepar:1.0
tbeforehand:1.0
design:1.0
might:1.6931471805599454
walk:1.0
howev:1.0
contrari:1.0
mani:1.0
assum:1.0
includ:1.0
pharase:1.0
complet:1.0
codifi:2.09861228866811
list:1.6931471805599454
rule:2.6094379124341005
regul:1.0
extent:1.0
everi:1.0
activ:1.0
person:1.6931471805599454
new:1.0
situat:1.0
must:1.0
appli:1.0
never:1.0
could:1.0
enough:1.0
volum:1.6931471805599454
throughout:1.0
histori:1.0
tri:2.09861228866811
reduc:1.0
plea:1.0
old:1.0
testament:1.0
specif:1.0
time:1.0
obscur:1.0
emphasi:1.0
men:1.0
place:1.0
addit:1.0
made:1.6931471805599454
applic:1.0
comfort:1.0
tfor:1.0
refer:1.0
see:1.0
matthew:1.0
5:1.0
differ:1.0
tbetween:1.0
law:1.6931471805599454
exampl:1.0
tvers:1.0
21:1.0
22:1.0
heard:1.0
ancient:1.0
told:1.0
shall:2.09861228866811
commit:2.09861228866811
murder:1.6931471805599454
whoever:1.0
tbe:1.0
liabl:1.6931471805599454
court:1.6931471805599454
everyon:1.0
tangri:1.0
brother:1.0
get:1.0
blur:1.0
inept:1.0
interpret:1.0
biggest:1.0
error:1.0
allow:1.6931471805599454
group:1.0
decid:1.0
exactli:1.0
intend:1.0
stay:1.0
seek:1.0
instead:1.0
prove:1.0
alreadi:1.0
figur:1.0
job:1.0
other:1.0
find:1.0
said:1.0
fundament:1.0
