bskendig:2.09861228866811
netcom:2.09861228866811
com:2.386294361119891
brian:2.09861228866811
kendig:2.09861228866811
subject:1.0
good:1.0
jesu:2.09861228866811
die:1.6931471805599454
organ:1.0
starfleet:1.0
headquart:1.0
san:1.0
francisco:1.0
line:1.0
42:1.0
jburril:1.0
boi:1.0
hp:1.0
jim:1.0
burril:1.0
write:1.6931471805599454
wrote:1.6931471805599454
plea:2.09861228866811
point:1.0
someth:2.09861228866811
anyth:1.0
prove:1.0
univers:1.0
possibl:1.0
explain:1.0
without:1.0
accept:1.0
fact:1.0
exist:1.6931471805599454
god:1.6931471805599454
precis:1.0
way:1.6931471805599454
holi:1.0
book:1.0
describ:1.0
convinc:2.09861228866811
religion:1.0
cleverli:1.0
construct:1.0
fabl:1.0
inde:1.0
bear:1.0
person:1.0
day:1.6931471805599454
life:2.09861228866811
would:1.0
consid:1.0
word:1.6931471805599454
eye:1.0
wit:1.6931471805599454
peter:2.386294361119891
testifi:1.0
event:1.0
surround:1.0
two:2.09861228866811
problem:1.0
1:1.0
millenia:1.6931471805599454
ago:1.6931471805599454
origin:1.0
letter:1.0
long:1.0
sinc:1.6931471805599454
decay:1.0
dust:1.0
aliv:1.6931471805599454
today:1.6931471805599454
could:1.0
question:1.0
might:1.6931471805599454
lend:1.0
credibl:1.0
claim:2.09861228866811
probabl:1.0
much:1.0
heard:1.0
peopl:1.0
sincer:1.0
spoken:1.0
elvi:1.0
recent:1.0
death:1.0
transcrib:1.0
monk:1.0
centuri:1.0
find:1.6931471805599454
hard:1.0
believ:1.0
one:1.0
somewher:1.0
decid:1.0
chang:1.0
make:1.0
opinion:1.0
littl:1.0
easier:1.0
understand:1.0
2:1.0
even:1.6931471805599454
miracl:1.0
mean:1.6931471805599454
deiti:2.09861228866811
bibl:1.0
say:1.0
satan:1.0
tri:1.6931471805599454
everyon:1.0
nice:1.6931471805599454
guy:1.0
still:1.0
activ:1.0
world:1.6931471805599454
enough:1.0
especi:1.0
wild:1.0
seem:1.0
fli:1.0
face:1.0
observ:1.0
work:1.0
compel:1.0
je:2.09861228866811
ne:1.6931471805599454
sui:1.6931471805599454
fait:1.6931471805599454
comm:1.6931471805599454
aucun:1.6931471805599454
de:1.6931471805599454
ceux:1.6931471805599454
que:1.0
j:1.6931471805599454
ai:1.0
vu:1.0
ose:1.0
croir:1.0
n:1.0
etr:1.0
qui:1.0
si:1.0
vaux:1.0
pa:1.0
mieux:1.0
au:1.0
moin:1.0
autr:1.0
end:1.0
rousseau:1.0
