critu:1.6931471805599454
cwi:1.0
unomaha:1.0
edu:1.0
michael:1.0
j:1.0
abboud:1.0
subject:1.0
list:1.0
biblic:1.0
contradict:1.6931471805599454
organ:1.0
univers:1.0
nebraska:1.0
omaha:1.0
speak:1.0
bibl:1.0
appar:1.0
would:1.0
well:1.0
rememb:1.6931471805599454
context:1.0
accept:1.0
line:1.6931471805599454
reason:1.0
studi:1.0
christian:1.0
religion:1.0
progress:1.0
year:1.0
matter:1.0
littl:1.0
concess:1.0
either:1.0
serv:1.0
purpos:1.0
distribut:1.0
usa:1.0
6:1.0
