jmeritt:1.0
mental:1.0
mitr:1.0
org:1.0
jim:1.0
meritt:1.0
system:1.0
admin:1.0
subject:1.0
ident:1.0
crisi:1.0
god:1.0
satan:1.6931471805599454
organ:1.0
utexa:1.6931471805599454
mail:1.0
news:1.0
gateway:1.0
line:1.0
5:1.0
nntp:1.0
post:1.0
host:1.0
c:1.0
edu:1.0
ii:1.0
samuel:1.0
24:1.0
anger:1.0
lord:1.0
kindl:1.0
israel:1.6931471805599454
move:1.0
david:1.6931471805599454
say:1.0
go:1.0
number:1.6931471805599454
isreal:1.6931471805599454
judah:1.0
chronicl:1.0
21:1.0
stood:1.0
provok:1.0
