brian:1.6931471805599454
lpl:1.0
arizona:1.0
edu:1.0
ceccarelli:1.0
602:1.0
621:1.0
9615:1.0
subject:1.6931471805599454
14:1.0
apr:1.0
93:1.0
god:2.791759469228055
promis:1.0
1:2.09861228866811
john:1.0
7:1.0
organ:1.0
lunar:1.0
planetari:1.0
laboratori:1.0
tucson:1.0
az:1.0
line:1.0
30:1.0
said:1.0
merlyn:2.09861228866811
miss:1.0
point:1.0
christian:1.0
relationship:1.6931471805599454
know:2.9459101490553135
consid:1.0
mother:2.9459101490553135
would:1.6931471805599454
think:1.6931471805599454
assert:1.0
9:1.0
foot:1.0
tall:1.0
murder:1.0
father:1.0
sexual:1.0
abus:1.0
kid:1.0
well:1.6931471805599454
blind:1.0
arrog:1.0
idiot:1.0
proclaim:1.0
thing:2.09861228866811
leroy:1.0
say:1.0
analog:1.0
good:1.0
exampl:1.0
plenti:1.0
peopl:2.6094379124341005
agre:1.6931471805599454
like:2.386294361119891
mani:1.0
child:1.0
2:1.0
whether:1.6931471805599454
approv:1.0
polygami:1.0
3:1.0
moham:1.0
one:1.6931471805599454
prophet:1.0
absolut:1.6931471805599454
basic:1.6931471805599454
attribut:1.6931471805599454
least:1.0
must:1.6931471805599454
wrong:1.0
therefor:1.6931471805599454
certainti:1.0
worthless:1.0
regard:1.0
knowledg:1.6931471805599454
hand:1.0
larg:1.0
group:1.0
claim:1.0
disagre:1.6931471805599454
differ:1.0
real:1.0
imaginari:1.6931471805599454
friend:1.0
meryln:1.0
logic:1.0
sinc:1.0
characterist:1.0
