edm:1.6931471805599454
twisto:1.6931471805599454
compaq:2.09861228866811
com:1.6931471805599454
ed:1.6931471805599454
mccreari:1.6931471805599454
subject:1.0
feder:1.6931471805599454
hear:1.0
repli:1.0
dmcgee:1.6931471805599454
uluh:1.6931471805599454
soest:1.6931471805599454
hawaii:1.6931471805599454
edu:1.6931471805599454
messag:1.0
fri:1.6931471805599454
16:1.6931471805599454
apr:1.6931471805599454
1993:1.6931471805599454
04:1.6931471805599454
21:1.6931471805599454
09:1.6931471805599454
gmt:1.6931471805599454
organ:1.0
comput:1.0
corp:1.0
distribut:1.0
usa:1.0
line:1.0
19:1.0
mcgee:1.0
said:1.0
dm:3.0794415416798357
fact:1.0
rumor:1.0
madalyn:1.0
murray:1.0
hare:1.6931471805599454
atheist:1.0
elimin:1.0
use:1.0
bibl:1.0
read:1.6931471805599454
prayer:1.0
public:1.6931471805599454
school:1.6931471805599454
15:1.0
year:1.6931471805599454
ago:1.0
go:1.6931471805599454
appear:1.0
fcc:1.0
petit:1.6931471805599454
stop:1.0
gospel:1.0
airway:1.0
america:1.0
also:1.0
campaign:1.0
remov:1.0
christma:1.0
program:1.0
song:1.0
etc:1.0
true:1.0
mail:1.0
commun:1.0
commiss:1.0
1919:1.0
h:1.0
street:1.0
washington:1.0
dc:1.0
20054:1.0
express:1.0
opposit:1.0
request:1.0
refer:1.0
number:1.0
2493:1.0
fals:1.0
stori:1.0
around:1.0
drop:1.0
truth:1.0
note:1.0
care:1.0
hair:1.0
one:1.0
thing:1.0
guilti:1.0
laughter:1.0
would:1.0
tao:1.0
