joshua:1.6931471805599454
cpac:1.6931471805599454
washington:1.6931471805599454
edu:2.791759469228055
geller:1.0
subject:1.0
rosicrucian:2.09861228866811
order:2.09861228866811
organ:2.09861228866811
institut:1.0
studi:1.0
ancient:1.0
scienc:1.0
line:1.0
29:1.0
distribut:1.0
world:1.6931471805599454
sandvik:1.6931471805599454
170493104312:1.0
kent:1.6931471805599454
appl:1.0
com:1.0
1qppef:1.6931471805599454
i5b:1.6931471805599454
usenet:1.6931471805599454
in:1.6931471805599454
cwru:1.6931471805599454
nntp:1.0
post:1.0
host:1.0
bailey:1.0
repli:1.0
ch981:1.6931471805599454
cleveland:1.6931471805599454
freenet:1.6931471805599454
messag:1.0
17:1.0
apr:1.0
1993:1.0
20:1.0
31:1.0
11:1.0
gmt:1.0
articl:1.6931471805599454
toni:1.0
alicea:1.0
write:1.6931471805599454
tyou:1.0
say:1.0
4:1.0
10:1.0
compet:2.09861228866811
exist:1.0
today:1.0
spin:1.6931471805599454
off:1.6931471805599454
oto:1.0
19th:1.0
centuri:1.0
franc:1.0
germani:1.0
mayb:1.0
plea:1.0
huh:1.6931471805599454
might:1.0
interest:1.0
relat:1.0
stori:1.0
heard:1.0
btw:1.0
spent:1.6931471805599454
time:1.6931471805599454
investig:1.0
conceptu:1.0
view:1.0
system:1.0
tname:1.0
three:1.0
realli:1.0
probabl:1.0
tnone:1.0
opposit:1.0
may:1.0
case:1.0
care:1.0
back:1.0
josh:1.0
