uphrrmk:1.6931471805599454
gemini:1.6931471805599454
osc:1.6931471805599454
montana:1.6931471805599454
edu:1.6931471805599454
jack:1.6931471805599454
coyot:1.6931471805599454
subject:1.0
rfd:1.0
misc:1.0
taoism:1.0
repli:1.0
organ:1.0
never:1.6931471805599454
line:1.0
8:1.0
sunlight:1.0
shine:1.0
ocean:1.0
aleph:2.09861228866811
null:2.09861228866811
bottl:2.09861228866811
beer:2.09861228866811
wall:1.6931471805599454
take:1.0
one:1.0
pas:1.0
around:1.0
