b645zaw:1.0
utarlg:1.6931471805599454
uta:1.6931471805599454
edu:1.6931471805599454
stephen:1.6931471805599454
subject:1.0
kind:1.0
love:1.0
god:2.09861228866811
news:1.0
softwar:1.0
vax:1.0
vm:1.0
vnew:1.0
1:1.0
41:1.0
nntp:1.0
post:1.6931471805599454
host:1.0
organ:1.0
univers:1.0
texa:1.0
arlington:1.0
line:1.0
29:1.0
articl:1.6931471805599454
sandvik:2.386294361119891
150493181533:1.0
kent:1.6931471805599454
appl:1.6931471805599454
com:1.6931471805599454
newton:1.0
write:1.0
1993apr15:1.0
200231:1.0
10206:1.0
ra:1.0
royalroad:1.6931471805599454
ca:1.6931471805599454
mlee:1.0
malcolm:2.09861228866811
lee:1.0
wrote:1.0
law:1.6931471805599454
written:1.6931471805599454
israelit:1.0
rememb:1.0
differ:1.0
time:1.0
appli:1.0
chosen:2.09861228866811
peopl:2.09861228866811
jesu:1.6931471805599454
chang:1.0
live:1.0
age:1.0
grace:1.0
sin:1.0
longer:1.0
immedi:1.0
punish:1.0
death:1.0
repent:1.0
salvat:1.6931471805599454
lord:1.0
christ:1.0
avail:1.0
everyon:1.0
jew:2.386294361119891
gentil:1.0
alik:1.0
agre:1.0
k:1.0
ex:1.0
languag:1.0
religi:1.0
polit:1.0
mean:1.0
plea:1.0
set:1.0
word:1.0
wrap:1.0
75:1.0
le:1.0
avoid:1.0
clutter:1.0
j:1.0
