psyrobtw:2.09861228866811
ubvmsd:1.6931471805599454
cc:2.386294361119891
buffalo:2.791759469228055
edu:2.6094379124341005
robert:2.09861228866811
wei:2.09861228866811
subject:1.0
ld:1.0
gordon:1.6931471805599454
question:1.0
nicen:2.09861228866811
creed:2.6094379124341005
organ:1.0
univers:1.0
line:1.0
28:1.0
news:1.0
softwar:1.0
vax:1.0
vm:1.0
vnew:1.0
1:1.0
41:1.0
nntp:1.0
post:1.0
host:1.0
bank:1.0
quot:1.0
ad:1.6931471805599454
gb:3.6390573296152584
articl:1.0
c50m5p:1.0
eoz:1.0
acsu:1.0
ubvmsb:1.0
write:1.0
christian:2.09861228866811
profess:1.0
1660:1.0
year:1.0
statement:1.6931471805599454
belief:2.09861228866811
drawn:1.0
truth:1.0
scriptur:1.6931471805599454
offici:1.0
accept:1.0
council:1.0
church:1.0
bishop:1.0
leader:1.0
nicea:1.0
325:1.6931471805599454
still:1.0
recit:1.0
regularli:1.0
public:1.0
worship:1.0
prior:1.0
realli:2.09861228866811
believ:1.6931471805599454
nicean:1.0
even:1.0
formul:1.0
absurd:1.0
afraid:1.0
honest:1.0
mention:1.0
brief:1.0
deriv:1.6931471805599454
certain:1.0
list:1.0
exist:1.6931471805599454
earlier:1.0
indic:1.0
summar:1.0
formula:1.0
ubvm:1.0
