m23364:1.0
mwunix:1.6931471805599454
mitr:2.09861228866811
org:1.6931471805599454
jame:1.0
meritt:1.6931471805599454
subject:1.6931471805599454
silenc:1.6931471805599454
concur:1.0
nntp:1.0
post:2.09861228866811
host:1.0
organ:1.0
corpor:1.0
mclean:1.0
va:1.0
distribut:1.0
usa:1.0
line:1.0
76:1.0
articl:3.1972245773362196
9157:1.0
blue:1.0
ci:1.0
pitt:1.6931471805599454
edu:1.6931471805599454
joslin:1.6931471805599454
pogo:1.0
isp:1.0
david:1.0
write:1.0
miss:1.0
context:3.0794415416798357
thrill:1.0
discus:1.0
jim:3.70805020110221
wrote:1.0
follow:1.0
e:1.6931471805599454
mail:1.0
point:2.09861228866811
hate:1.0
shatter:1.0
self:1.0
imag:1.0
perfect:1.0
appear:2.6094379124341005
hold:1.0
languag:1.0
wrong:1.6931471805599454
fact:1.0
agre:1.0
robert:1.0
wei:2.386294361119891
took:1.0
quot:2.791759469228055
henc:1.0
find:2.09861228866811
difficult:1.0
understand:1.0
think:2.386294361119891
hypocrit:2.09861228866811
needle:1.0
say:1.6931471805599454
time:1.6931471805599454
repli:2.09861228866811
everi:2.09861228866811
r:2.09861228866811
take:2.791759469228055
cours:2.09861228866811
one:2.09861228866811
disagre:1.0
q:1.0
accord:1.0
way:1.0
critic:1.0
person:1.6931471805599454
without:1.0
respons:1.6931471805599454
either:1.0
ask:1.6931471805599454
assert:1.0
today:1.6931471805599454
four:1.0
specif:1.6931471805599454
instanc:1.0
wrongo:1.0
case:1.6931471805599454
eye:1.0
law:1.0
someon:1.0
awar:1.0
someth:1.0
capabl:1.0
action:1.6931471805599454
individu:1.0
may:1.0
held:1.0
complet:1.0
red:1.6931471805599454
her:1.6931471805599454
crime:1.0
read:2.09861228866811
certainli:1.0
oblig:1.0
check:1.0
newsgroup:1.0
concurr:1.0
impli:1.0
respond:1.0
must:1.0
condon:1.0
want:2.09861228866811
give:1.0
direct:1.0
answer:1.0
question:1.0
written:2.09861228866811
decid:1.0
telepathi:1.0
claim:1.6931471805599454
know:1.6931471805599454
back:1.0
convers:1.0
next:1.0
gambit:1.0
use:1.0
induct:2.386294361119891
logic:1.6931471805599454
conclud:1.6931471805599454
challeng:1.0
provid:1.0
detail:1.0
led:1.0
incorrect:1.0
conclus:1.0
anoth:1.0
obscur:1.0
twice:1.0
help:1.6931471805599454
mayb:1.0
ignor:1.0
accept:1.0
classif:1.0
could:1.6931471805599454
mean:2.09861228866811
uncount:1.6931471805599454
larg:1.6931471805599454
number:1.0
axe:1.0
well:1.0
see:2.09861228866811
go:1.0
supris:1.0
roughli:1.0
80:1.0
argument:1.0
like:1.0
captain:1.0
kirk:1.0
would:1.0
gotten:1.0
mr:1.0
spock:1.0
stagehand:1.0
paramount:1.0
hard:1.0
pattern:1.0
harder:1.0
run:1.0
engin:1.0
pop:1.0
arrog:1.0
alreadi:1.0
figur:1.0
