jmk:1.6931471805599454
cbnew:1.0
cb:1.0
att:1.6931471805599454
com:1.6931471805599454
joseph:1.0
knapp:1.6931471805599454
subject:1.0
biblic:1.0
back:1.0
koresh:1.0
3:1.0
02:1.0
tape:1.0
cite:1.0
enclos:1.0
organ:1.0
line:1.0
9:1.0
cotera:1.0
wood:1.0
ulowel:1.0
edu:1.0
write:1.0
david:1.0
thibedeau:1.0
sp:1.0
one:1.6931471805599454
cult:1.0
member:1.0
said:1.0
fire:1.0
start:1.0
tank:1.6931471805599454
spray:1.0
tear:1.0
ga:1.0
facil:1.0
knock:1.0
lantern:1.0
sort:1.0
mr:1.0
leari:1.0
theori:1.0
moooo:1.0
joe:1.0
cbvox:1.0
