nelson:1.6931471805599454
p:1.0
apollo:1.6931471805599454
hp:1.6931471805599454
com:2.386294361119891
peter:1.6931471805599454
subject:1.0
biblic:1.6931471805599454
back:1.6931471805599454
koresh:2.09861228866811
3:1.0
02:1.0
tape:1.6931471805599454
cite:1.0
enclos:1.0
nntp:1.0
post:1.0
host:1.0
c:1.0
ch:1.0
organ:1.0
hewlett:1.0
packard:1.0
corpor:1.0
chelmsford:1.0
line:1.0
26:1.0
articl:2.09861228866811
1993apr21:1.0
093914:1.0
1:1.0
wood:1.6931471805599454
ulowel:1.6931471805599454
edu:2.386294361119891
cotera:1.0
write:2.09861228866811
1r17j9:1.0
5ie:1.0
sbctri:1.0
sbc:1.6931471805599454
netd:1.0
susi:1.0
20apr199301460499:1.0
utarlg:1.6931471805599454
uta:1.6931471805599454
b645zaw:1.0
stephen:1.0
think:1.6931471805599454
david:1.0
solid:1.6931471805599454
structur:1.6931471805599454
sound:1.0
hour:1.0
long:1.0
broadcast:1.6931471805599454
anyon:1.0
realli:1.0
care:1.0
sermon:1.0
death:1.6931471805599454
respons:1.6931471805599454
concern:1.0
peopl:1.0
assum:1.0
evid:1.6931471805599454
nut:1.6931471805599454
okay:1.0
like:1.0
see:1.0
clearli:1.0
liar:1.0
said:1.6931471805599454
would:2.09861228866811
surrend:1.6931471805599454
local:1.0
radio:1.0
station:1.0
messag:1.0
passov:1.0
none:1.0
excus:1.0
gross:1.0
incompet:1.0
disregard:1.0
safeti:1.0
child:1.0
display:1.0
fed:1.0
someon:1.0
el:1.0
point:1.0
chelsea:1.0
clinton:1.0
probabl:1.0
seen:1.0
restraint:1.0
