emarsh:1.6931471805599454
hern:2.09861228866811
sun:2.9459101490553135
eng:2.09861228866811
com:2.09861228866811
eric:2.09861228866811
marsh:1.6931471805599454
subject:2.6094379124341005
2000:1.0
year:1.0
say:1.0
christian:1.0
moral:2.6094379124341005
organ:1.0
line:1.0
82:1.0
nntp:1.0
post:1.0
host:1.0
articl:2.09861228866811
1qkj31:1.0
4c6:1.0
horu:1.6931471805599454
ap:1.6931471805599454
mchp:1.6931471805599454
sni:1.6931471805599454
de:1.6931471805599454
frank:2.6094379124341005
d012s658:1.6931471805599454
uucp:1.6931471805599454
dwyer:2.09861228866811
write:2.09861228866811
lsr6ihinnsa:1.0
exodu:1.0
1qjahh:1.0
mr:1.0
scienc:3.0794415416798357
real:1.0
world:1.6931471805599454
basi:2.386294361119891
valu:2.791759469228055
way:1.0
round:1.0
would:2.09861228866811
wish:1.0
thing:2.386294361119891
object:3.995732273553991
said:1.6931471805599454
use:3.5649493574615367
kick:1.0
head:1.0
simpl:1.6931471805599454
theori:1.6931471805599454
accur:1.6931471805599454
predict:1.6931471805599454
could:1.6931471805599454
set:1.0
tarot:1.0
card:1.0
like:1.0
conclus:1.6931471805599454
think:2.09861228866811
chang:2.09861228866811
mean:2.386294361119891
perhap:1.6931471805599454
time:2.09861228866811
backtrack:1.0
take:1.6931471805599454
look:1.0
word:3.0794415416798357
n:1.0
1:1.6931471805599454
fair:1.0
equival:1.0
return:1.0
someth:1.6931471805599454
good:2.386294361119891
servic:1.0
2:1.6931471805599454
monetari:1.0
materi:2.09861228866811
worth:3.1972245773362196
3:2.09861228866811
measur:1.6931471805599454
import:2.791759469228055
merit:1.0
4:1.6931471805599454
principl:1.0
standard:2.09861228866811
qualiti:1.6931471805599454
consid:1.0
inher:2.386294361119891
worthwhil:2.386294361119891
desir:2.09861228866811
5:1.0
precis:1.0
6:1.0
assign:1.0
calcul:1.0
numer:1.0
quantiti:1.0
7:1.0
mu:1.0
rel:1.6931471805599454
durat:1.0
tone:1.0
rest:1.0
8:1.0
dark:1.0
light:1.0
color:1.0
9:1.0
distinct:1.0
speech:1.6931471805599454
sound:1.0
context:1.0
system:1.0
definit:2.9459101490553135
four:1.6931471805599454
seem:1.0
fit:1.0
best:1.0
term:1.6931471805599454
scientif:1.0
usag:2.6094379124341005
six:1.0
eight:1.0
might:1.0
appli:1.0
note:1.0
case:1.6931471805599454
noth:1.0
see:2.386294361119891
flaw:1.0
problem:1.6931471805599454
along:1.0
three:1.0
particular:1.0
given:1.6931471805599454
individu:1.0
person:2.386294361119891
one:1.6931471805599454
may:1.6931471805599454
anoth:1.6931471805599454
worthless:1.0
hand:1.0
interest:1.0
know:1.6931471805599454
form:1.0
sentenc:1.0
provid:2.09861228866811
foundat:1.0
begin:1.0
will:1.0
attempt:1.0
someon:1.0
notion:1.6931471805599454
worthi:1.6931471805599454
deal:1.0
observ:1.6931471805599454
fact:1.6931471805599454
altern:1.0
tri:1.6931471805599454
demonstr:1.0
necessarili:1.0
situat:1.0
need:1.0
find:1.6931471805599454
differ:1.6931471805599454
judg:1.0
dictionari:1.0
definiton:1.0
adj:1.0
distinguish:1.0
mental:1.0
concept:1.0
actual:1.0
exist:1.0
unenfluenc:1.0
emot:1.0
prejudic:1.0
b:1.0
base:1.0
phenomenon:1.0
sinc:1.0
phrase:1.0
oxymoron:1.0
howev:1.6931471805599454
ask:1.6931471805599454
littl:1.6931471805599454
intellectu:1.0
tool:1.0
respons:1.0
thu:1.0
argument:1.6931471805599454
arriv:1.0
read:1.0
evil:1.0
believ:1.0
conclud:1.0
hatch:1.0
odwyer:1.0
sse:1.0
ie:1.0
hen:1.0
evelyn:1.0
conlon:1.0
