mlee:1.0
post:1.0
royalroad:1.0
ca:1.0
malcolm:1.6931471805599454
lee:1.6931471805599454
subject:1.0
next:1.0
mormon:1.0
jew:1.0
organ:1.0
royal:1.0
road:1.0
militari:1.0
colleg:1.0
victoria:1.0
b:1.0
c:1.0
distribut:1.0
usa:1.0
line:1.0
21:1.0
articl:1.0
9601:1.0
blue:1.0
ci:1.0
pitt:2.09861228866811
edu:2.09861228866811
rjl:2.09861228866811
richard:1.0
j:1.0
loether:1.6931471805599454
write:1.0
ye:1.0
cours:1.0
matthew:1.0
10:1.0
34:1.0
35:1.0
suppos:1.0
come:1.6931471805599454
bring:1.6931471805599454
peac:1.6931471805599454
earth:1.0
sword:1.6931471805599454
rememb:1.0
armor:1.0
god:2.09861228866811
christian:1.0
wield:1.0
word:1.0
bibl:1.0
rich:1.0
snail:1.0
mail:1.0
univers:1.0
pittsburgh:1.6931471805599454
idea:1.0
email:1.0
comput:1.0
info:1.0
servic:1.0
mine:1.6931471805599454
voic:1.0
412:1.6931471805599454
624:1.6931471805599454
6429:1.0
600:1.0
epsilon:1.0
drive:1.0
fax:1.0
6426:1.0
pa:1.0
15238:1.0
