brian:2.386294361119891
lpl:1.0
arizona:1.0
edu:1.0
ceccarelli:1.0
602:1.0
621:1.0
9615:1.0
subject:1.0
good:2.09861228866811
jesu:4.258096538021482
die:2.6094379124341005
organ:1.0
lunar:1.0
planetari:1.0
laboratori:1.0
tucson:1.0
az:1.0
line:1.0
110:1.0
verdict:1.0
light:3.8903717578961645
come:2.09861228866811
world:2.09861228866811
men:1.6931471805599454
love:1.0
dark:1.0
instead:1.0
deed:2.09861228866811
evil:3.4849066497880004
everyon:2.09861228866811
hate:1.0
fear:1.0
expo:2.09861228866811
kent:2.386294361119891
sandvik:1.0
say:1.6931471805599454
seem:1.0
deal:1.0
black:1.6931471805599454
white:1.6931471805599454
interpret:1.0
subtli:1.0
accus:2.6094379124341005
thing:2.6094379124341005
never:1.6931471805599454
saw:2.09861228866811
howev:1.0
even:2.791759469228055
confus:1.0
admit:1.0
like:2.386294361119891
situat:1.0
inform:1.0
spade:1.6931471805599454
hidden:1.0
agenda:1.0
behind:1.0
stop:1.6931471805599454
tri:2.386294361119891
look:1.6931471805599454
one:1.6931471805599454
easi:1.0
straight:1.0
forward:1.0
read:1.0
guilti:1.0
whether:1.6931471805599454
see:2.6094379124341005
seen:1.6931471805599454
noth:1.0
regardless:1.0
use:2.386294361119891
word:1.0
includ:1.0
solo:1.0
make:1.6931471805599454
gener:1.0
statement:1.0
sad:1.0
state:1.0
man:2.09861228866811
christian:2.6094379124341005
immun:1.0
person:1.0
holi:2.09861228866811
spirit:2.386294361119891
indwel:1.0
brought:1.0
simpli:1.0
may:1.0
shed:1.0
human:1.0
shine:2.09861228866811
perhap:1.0
1:1.0
candela:1.0
megacandela:1.0
place:1.0
insid:1.0
u:2.09861228866811
know:2.6094379124341005
exist:1.0
point:1.6931471805599454
perfect:1.6931471805599454
nonchristian:1.6931471805599454
want:2.386294361119891
problem:1.0
live:1.6931471805599454
sight:1.0
ugli:1.0
far:1.0
fallen:1.0
perspect:1.0
think:2.386294361119891
realli:1.0
ignor:2.386294361119891
kendig:1.0
ego:1.0
vers:1.0
truth:1.6931471805599454
choos:1.6931471805599454
watch:1.6931471805599454
news:1.0
made:1.6931471805599454
sure:1.6931471805599454
19:1.6931471805599454
child:1.6931471805599454
burn:2.386294361119891
death:2.386294361119891
part:1.6931471805599454
insight:1.0
simpl:1.6931471805599454
act:1.0
way:1.0
enlight:1.0
happi:1.0
pray:1.0
receiv:1.0
koresh:3.772588722239781
impost:2.6094379124341005
thought:1.0
sadli:1.0
delus:1.0
sadder:1.0
peopl:1.0
chose:1.0
downfal:1.0
buri:1.0
underneath:1.0
rock:1.0
excus:2.09861228866811
bring:1.0
actual:1.0
david:2.386294361119891
stay:1.0
away:1.0
real:1.6931471805599454
christ:1.6931471805599454
claim:1.6931471805599454
fraud:1.0
obviou:2.09861228866811
born:2.386294361119891
america:1.0
bethlehem:1.6931471805599454
miss:1.0
warn:1.0
end:1.0
time:1.6931471805599454
anyth:1.0
new:1.0
told:1.0
awar:1.0
2000:1.0
year:1.0
ago:1.0
next:1.0
scene:1.0
ask:1.6931471805599454
mother:1.0
name:1.0
mari:1.0
branch:2.09861228866811
davidian:2.09861228866811
question:1.0
would:1.6931471805599454
label:1.0
liar:1.0
right:1.0
start:1.0
follow:2.791759469228055
happen:1.0
cost:1.6931471805599454
choic:1.0
lot:1.0
sinc:1.0
studi:1.0
bibl:2.09861228866811
lutheran:1.0
rememb:1.6931471805599454
tactic:1.6931471805599454
satan:3.1972245773362196
tempt:1.6931471805599454
quot:1.0
context:1.6931471805599454
serpent:1.0
genesi:1.0
eve:2.9459101490553135
misquot:1.0
god:1.6931471805599454
succeed:1.0
ploy:1.0
case:1.0
rebuk:1.0
back:1.0
work:1.0
garden:1.0
desert:1.0
remind:1.0
emul:1.0
teacher:1.0
kill:1.0
followersr:1.0
caus:1.6931471805599454
adam:1.6931471805599454
well:1.0
cult:1.0
believ:1.0
though:1.0
knew:1.0
eat:1.0
tree:1.0
knowledg:1.0
despit:1.0
held:1.0
respons:1.0
deceiv:1.0
rebel:1.0
none:1.0
oppos:1.0
second:1.0
chanc:1.0
escort:1.0
path:1.0
etern:1.0
life:1.0
stand:1.0
condemn:1.0
alreadi:2.09861228866811
complex:1.0
hous:1.0
fire:1.0
set:1.0
ablaz:1.0
slow:1.0
nevertheless:1.0
