halat:2.791759469228055
pooh:1.6931471805599454
bear:2.386294361119891
jim:2.09861228866811
subject:1.0
2000:1.0
year:1.0
say:2.09861228866811
christian:1.0
moral:2.6094379124341005
repli:1.0
line:1.0
45:1.0
articl:2.09861228866811
1r3qab:1.0
o1v:1.0
horu:1.0
ap:1.0
mchp:1.0
sni:1.0
de:1.0
frank:2.6094379124341005
d012s658:1.6931471805599454
uucp:1.6931471805599454
dwyer:2.09861228866811
write:2.386294361119891
930421:1.0
102525:1.0
9y9:1.0
rusnew:1.6931471805599454
w165w:1.6931471805599454
manti:2.386294361119891
co:2.386294361119891
uk:2.386294361119891
mathew:2.6094379124341005
930420:1.0
100544:1.0
6n0:1.0
complet:1.0
nonsens:1.0
relativ:1.0
mean:2.09861228866811
absolut:1.0
standard:1.6931471805599454
equal:1.0
good:1.0
presum:1.0
system:1.0
better:1.0
other:1.0
manag:1.0
without:1.0
object:1.6931471805599454
frame:2.09861228866811
refer:2.386294361119891
either:1.0
said:1.0
stiff:1.6931471805599454
delet:1.6931471805599454
goe:1.0
faster:1.0
bullet:2.386294361119891
snail:1.0
come:1.0
answer:1.0
einstein:1.0
prove:1.0
speed:2.09861228866811
quantifi:1.0
measur:1.6931471805599454
result:1.6931471805599454
set:1.0
method:1.0
valu:1.0
matter:1.0
zero:1.0
veloc:1.0
sit:1.0
tabl:1.0
train:2.6094379124341005
move:2.09861228866811
60mph:2.09861228866811
0mph:1.0
someon:1.6931471805599454
b:1.0
stationari:1.6931471805599454
next:1.0
make:1.0
rel:1.0
interest:1.0
everi:2.09861228866811
person:1.6931471805599454
see:1.6931471805599454
know:1.0
peopl:1.0
time:1.0
fill:1.0
problem:1.0
exactli:1.0
way:1.0
com:1.0
stearn:1.0
whatev:1.0
kill:1.0
serv:1.0
annoy:1.0
nyc:1.0
speak:1.0
