subject:1.0
christian:3.1972245773362196
law:4.218875824868201
clarif:1.0
pe:1.0
nunnal:2.386294361119891
ac:2.09861228866811
hard:2.386294361119891
edu:2.09861228866811
john:1.6931471805599454
distribut:1.0
world:1.0
organ:1.0
univers:1.0
searci:1.0
ar:1.0
nntp:1.0
post:1.6931471805599454
host:1.0
x:1.0
news:1.6931471805599454
reader:1.0
vm:1.0
1:1.0
24in:1.0
repli:1.0
pharvey:1.0
quack:1.0
kfu:1.0
com:1.0
messag:1.0
18:2.09861228866811
apr:1.0
1993:1.0
31:1.0
38:1.0
utclin:1.0
87:1.6931471805599454
line:1.0
go:1.0
hear:1.0
answer:1.6931471805599454
question:1.0
paraphras:1.0
whose:1.0
author:1.6931471805599454
proclaim:1.0
prophet:2.09861228866811
7:2.09861228866811
major:1.0
12:1.0
minor:1.0
account:1.0
ten:1.0
command:1.6931471805599454
jesu:3.6390573296152584
clearli:1.0
spoke:1.0
opinion:1.0
matthew:2.09861228866811
5:2.386294361119891
14:1.6931471805599454
19:2.09861228866811
sourc:1.0
pseudo:1.6931471805599454
doctrin:1.0
teacher:1.0
great:1.6931471805599454
deceiv:1.0
ok:1.6931471805599454
least:2.09861228866811
one:2.09861228866811
jew:1.0
context:1.6931471805599454
make:2.386294361119891
sen:2.386294361119891
matt:2.09861228866811
17:1.0
think:1.0
came:2.09861228866811
abolish:1.6931471805599454
come:2.09861228866811
fulfil:2.791759469228055
live:2.6094379124341005
jewish:2.09861228866811
howev:1.0
culmin:1.0
promis:1.6931471805599454
propheci:1.0
fulli:1.0
obey:1.0
god:2.9459101490553135
purpos:2.09861228866811
vers:2.09861228866811
say:2.09861228866811
truli:1.0
heaven:2.09861228866811
earth:1.6931471805599454
pas:1.6931471805599454
away:2.6094379124341005
smallest:1.0
letter:1.0
stroke:1.0
shall:2.09861228866811
accomplish:2.09861228866811
key:1.0
imho:1.0
last:1.6931471805599454
phrase:1.0
suppos:1.0
whoever:1.6931471805599454
annul:1.0
teach:2.09861228866811
other:1.0
call:1.6931471805599454
kingdom:1.6931471805599454
keep:1.0
taken:1.0
peopl:2.09861228866811
gener:1.0
appear:1.6931471805599454
respond:1.0
critic:1.0
must:1.0
receiv:1.0
intent:1.6931471805599454
made:1.0
way:1.6931471805599454
back:1.0
eve:1.0
gen:1.0
3:2.09861228866811
15:1.0
serpent:1.0
bruis:1.6931471805599454
heel:1.0
head:1.0
honor:1.0
tradit:1.6931471805599454
men:1.0
equal:1.0
regularli:1.0
lock:1.0
horn:1.0
religi:1.0
leader:1.0
day:1.6931471805599454
would:1.6931471805599454
conform:1.0
rule:1.0
passag:1.0
defend:1.6931471805599454
dedic:1.6931471805599454
accusor:1.0
almost:1.0
entir:1.0
sermon:1.0
mount:1.0
help:1.0
understand:1.0
true:1.0
sweep:1.0
clutter:1.0
introduc:1.0
pharase:1.0
galatian:1.0
23:1.6931471805599454
26:2.09861228866811
paul:1.0
describ:1.0
relationship:1.6931471805599454
faith:2.6094379124341005
kept:1.0
custodi:1.0
shut:1.0
later:1.0
reveal:1.6931471805599454
24:1.0
therefor:1.6931471805599454
becom:1.0
tutor:2.386294361119891
lead:1.6931471805599454
u:1.6931471805599454
christ:3.0794415416798357
may:1.0
justifi:1.0
25:1.0
longer:1.6931471805599454
son:1.0
believ:1.0
serv:1.0
e:1.6931471805599454
said:1.0
old:2.09861228866811
man:1.0
person:1.0
new:2.386294361119891
testament:1.6931471805599454
base:1.0
moral:1.0
principl:1.6931471805599454
mani:1.0
express:1.0
hand:1.0
relat:1.0
also:1.0
practic:1.0
symbol:1.0
establish:1.0
repres:1.6931471805599454
mysteri:1.0
baptism:1.0
death:1.0
burial:1.0
resurrect:1.6931471805599454
rom:1.0
6:1.0
8:1.0
lord:1.0
supper:1.0
memori:1.0
sacrific:1.0
cor:1.0
11:1.0
sunday:1.0
worship:1.0
commemor:1.0
28:1.0
1ff:1.0
act:1.0
20:1.0
explan:1.0
claim:1.0
issu:1.0
complet:1.0
settl:1.0
even:1.0
mind:1.0
welcom:1.0
offer:1.0
altern:1.0
plea:1.0
excus:1.0
long:1.0
thank:1.0
interest:1.0
read:1.0
far:1.0
