rocker:2.386294361119891
acm:2.09861228866811
rpi:2.09861228866811
edu:2.791759469228055
subject:1.0
abort:1.6931471805599454
privat:1.6931471805599454
health:2.09861228866811
coverag:2.386294361119891
letter:1.0
regard:1.0
nntp:1.0
post:1.0
host:1.0
herm:1.6931471805599454
repli:1.0
followup:1.0
line:1.0
13:1.0
1qk73q:1.0
3fj:1.0
agat:1.0
berkeley:2.09861228866811
dzkriz:1.6931471805599454
ocf:1.6931471805599454
denni:1.0
kriz:1.0
write:1.0
one:2.09861228866811
pay:2.09861228866811
insur:1.6931471805599454
plan:1.0
want:1.6931471805599454
reason:1.0
person:1.0
complel:1.0
compel:1.0
lipposuct:1.0
kind:1.0
appear:1.0
stunningli:1.0
ignor:1.0
underli:1.0
concept:1.0
