halat:2.6094379124341005
pooh:1.6931471805599454
bear:1.6931471805599454
jim:2.09861228866811
subject:1.0
2000:1.0
year:1.0
say:1.0
christian:1.0
moral:2.09861228866811
repli:1.0
line:1.0
14:1.0
articl:1.0
1qie61:1.0
fkt:1.0
horu:1.0
ap:1.0
mchp:1.0
sni:1.0
de:1.0
frank:1.6931471805599454
d012s658:1.0
uucp:1.0
dwyer:1.0
write:1.0
object:1.6931471805599454
built:2.6094379124341005
valu:2.6094379124341005
organ:1.6931471805599454
religion:1.6931471805599454
ford:1.6931471805599454
tempo:1.6931471805599454
ration:1.6931471805599454
respons:1.6931471805599454
uncondit:1.6931471805599454
surrend:1.6931471805599454
uncl:1.0
bye:1.0
