psyrobtw:1.0
ubvmsd:1.6931471805599454
cc:1.6931471805599454
buffalo:2.09861228866811
edu:1.6931471805599454
robert:1.0
wei:1.0
subject:1.0
18:1.0
apr:1.0
93:1.0
god:1.6931471805599454
promis:1.0
philippian:1.0
4:1.6931471805599454
9:1.6931471805599454
organ:1.0
univers:1.0
line:1.0
8:1.0
news:1.0
softwar:1.0
vax:1.0
vm:1.0
vnew:1.0
1:1.0
41:1.0
nntp:1.0
post:1.0
host:1.0
tthose:1.0
thing:1.0
twhich:1.0
ye:1.0
learn:1.0
receiv:1.0
tand:1.6931471805599454
heard:1.0
seen:1.0
tdo:1.0
peac:1.0
shall:1.0
tphilippian:1.0
