arc:1.6931471805599454
cco:1.6931471805599454
caltech:2.09861228866811
edu:2.09861228866811
aaron:1.6931471805599454
ray:1.0
clement:1.0
subject:1.0
gun:2.386294361119891
control:1.6931471805599454
mad:1.0
hell:1.0
tv:1.0
news:1.0
articl:1.6931471805599454
gap:1.0
1ppu9hinnl0v:1.0
distribut:1.0
na:1.0
organ:1.0
california:1.0
institut:1.0
technolog:1.0
pasadena:1.0
line:1.0
57:1.0
nntp:1.0
post:1.0
host:1.0
sandman:1.0
mane:2.9459101490553135
magpi:2.386294361119891
linknet:2.386294361119891
com:2.6094379124341005
steve:1.6931471805599454
write:1.6931471805599454
hambidg:1.0
bm:1.0
wrote:1.0
c4psog:1.0
c6:1.0
rate:3.1972245773362196
per:1.0
caput:1.0
uk:2.791759469228055
danger:1.0
though:1.0
may:1.0
le:1.6931471805599454
like:2.6094379124341005
kill:2.9459101490553135
handgun:2.6094379124341005
averag:1.6931471805599454
individu:1.0
citizen:1.0
twice:1.0
whatev:1.6931471805599454
mean:2.09861228866811
swiss:2.09861228866811
would:2.09861228866811
feel:1.0
better:1.0
absurd:1.0
argument:1.0
switzerland:2.09861228866811
one:1.6931471805599454
fifth:1.0
size:1.0
eigth:1.0
mani:1.0
peopl:2.09861228866811
therefor:1.6931471805599454
given:1.0
point:1.6931471805599454
soil:1.0
crow:1.0
bait:1.0
importantli:1.0
4x:1.0
next:1.0
stranger:1.0
approach:1.0
street:1.0
dead:1.0
much:1.0
care:1.0
shot:1.0
stab:1.0
death:2.09861228866811
betray:1.0
lack:1.0
understand:1.6931471805599454
versu:1.0
total:2.09861228866811
number:2.09861228866811
express:1.0
often:1.0
100:2.386294361119891
000:3.0794415416798357
popul:2.386294361119891
place:1.6931471805599454
10:1.6931471805599454
50:1.0
1:1.0
hav:1.0
5:1.0
former:1.0
higher:1.6931471805599454
latter:1.6931471805599454
die:1.0
simpl:1.0
enuff:1.0
chrissak:1.0
take:1.0
calcul:1.0
work:1.0
preformat:1.0
make:1.0
easier:1.0
thandgun:1.0
homicid:1.0
tswitzerland:1.0
t24:1.0
6:1.0
350:1.0
8:1.0
55:1.0
670:1.0
tell:1.0
safer:1.0
liber:1.0
law:1.0
without:1.0
choic:1.0
stephen:1.0
associ:1.0
new:1.0
york:1.0
ny:1.0
usa:1.0
think:1.0
get:1.0
accur:1.0
indic:1.0
safe:1.0
england:1.0
compar:1.0
concentr:1.0
murder:1.6931471805599454
complet:1.0
ignor:1.0
weapon:1.0
mention:1.0
violent:1.0
crime:2.09861228866811
circul:1.0
follow:1.0
caus:1.0
avail:1.6931471805599454
person:1.0
intent:1.6931471805599454
commit:1.6931471805599454
regardless:1.0
whether:1.0
knife:1.0
bare:1.0
hand:1.0
lobbi:1.0
seem:1.0
