nagl:2.09861228866811
netcom:1.6931471805599454
com:1.0
john:1.0
subject:1.0
waco:1.0
militia:1.0
assembl:1.0
keyword:1.0
salut:1.0
organ:1.0
line:1.6931471805599454
commun:1.0
servic:1.0
408:1.0
241:1.0
9760:1.0
guest:1.0
distribut:1.0
usa:1.0
7:1.0
dumb:1.0
move:1.6931471805599454
smart:1.0
would:1.0
sneak:1.0
someon:1.0
tv:1.0
camera:1.0
video:1.0
transmitt:1.0
tjohn:1.0
