fcrari:1.0
ucsu:1.6931471805599454
colorado:2.09861228866811
edu:1.6931471805599454
frank:1.6931471805599454
crari:1.6931471805599454
subject:1.6931471805599454
gun:2.09861228866811
control:2.09861228866811
mad:1.0
hell:1.0
tv:1.0
news:1.0
nntp:1.0
post:1.0
host:1.0
organ:1.0
univers:1.0
boulder:1.6931471805599454
line:1.0
63:1.6931471805599454
articl:1.0
c4tr3m:1.0
eqw:1.0
magpi:1.6931471805599454
linknet:1.6931471805599454
com:1.6931471805599454
mane:1.6931471805599454
steve:1.0
write:1.0
hand:1.0
draw:1.0
lesson:1.0
neighbor:1.0
cultur:1.6931471805599454
similar:1.6931471805599454
name:1.0
canadian:1.6931471805599454
think:1.0
canada:1.0
unit:1.6931471805599454
state:1.6931471805599454
england:1.6931471805599454
term:1.0
law:1.6931471805599454
regard:1.0
individu:1.0
right:1.0
restrict:1.0
polic:1.6931471805599454
search:1.0
etc:1.0
close:1.6931471805599454
relat:1.6931471805599454
crime:3.0794415416798357
parallel:1.0
differ:2.791759469228055
greatli:1.0
fact:1.0
exhaust:1.0
seven:2.09861228866811
year:2.386294361119891
studi:2.791759469228055
alreadi:1.0
done:1.0
respect:1.0
rate:2.09861228866811
vancouv:2.6094379124341005
british:1.0
columbia:1.0
seattl:2.6094379124341005
washington:1.0
citi:1.6931471805599454
roughli:1.6931471805599454
popul:1.6931471805599454
urban:1.6931471805599454
economi:1.6931471805599454
geographi:1.0
decidedli:1.0
approach:1.0
actual:1.0
extrem:1.0
ethnic:1.6931471805599454
composit:1.0
388:1.0
homicid:3.1972245773362196
occur:1.6931471805599454
11:1.6931471805599454
3:1.0
per:1.6931471805599454
100:1.6931471805599454
000:2.791759469228055
v:1.0
204:1.0
6:1.0
9:1.0
adjust:1.0
age:1.0
sex:1.0
among:1.0
rel:1.0
risk:1.0
victim:1.0
compar:1.0
found:1.6931471805599454
1:1.6931471805599454
howev:1.0
account:1.0
econom:1.0
disappear:1.0
complet:1.0
minor:2.09861228866811
predominatli:1.0
poor:1.6931471805599454
middl:1.0
upper:1.0
class:1.0
white:1.0
identicl:1.0
almost:1.0
three:1.0
time:1.0
great:1.0
well:1.0
pattern:1.0
seem:1.0
one:1.6931471805599454
poverti:1.0
race:1.0
author:1.0
report:1.0
also:1.0
investig:1.0
legal:1.0
justifi:1.0
self:3.302585092994046
defens:2.09861228866811
32:1.0
commit:1.0
21:2.09861228866811
case:2.9459101490553135
civilian:2.09861228866811
act:1.6931471805599454
occurr:1.0
gross:1.0
distort:1.0
mean:1.0
kill:2.386294361119891
attack:2.6094379124341005
defenc:2.9459101490553135
repres:1.0
le:1.6931471805599454
0:2.09861228866811
5:1.6931471805599454
prevent:2.386294361119891
arm:1.6931471805599454
everi:1.0
cite:1.0
200:1.0
way:1.0
conserv:1.0
possibl:1.6931471805599454
figur:2.09861228866811
base:1.0
nation:1.0
survey:1.0
estim:1.0
80:1.0
put:1.0
500:1.0
600:1.0
would:1.6931471805599454
impli:1.0
08:1.0
sucess:1.0
involv:1.0
correctli:1.0
4000:1.0
mani:1.0
25:1.0
result:1.0
death:1.0
signific:1.0
factor:1.0
comparison:1.6931471805599454
592:1.6931471805599454
memori:1.0
serv:1.0
make:1.0
approxim:1.0
violent:1.0
consid:1.0
fair:1.0
40:1.0
250:1.0
clearli:1.0
accur:1.0
sinc:1.0
ignor:1.0
cu:1.0
