paull:1.6931471805599454
hplabsz:1.0
hpl:1.0
hp:1.0
com:1.0
robert:1.0
subject:1.0
waco:2.386294361119891
date:1.6931471805599454
coincident:1.0
distribut:1.0
usa:1.0
organ:1.0
hewlett:1.0
packard:1.0
laboratori:1.0
palo:1.0
alto:1.0
ca:1.0
x:1.0
newsread:1.0
tin:1.0
version:1.0
1:1.6931471805599454
4:1.6931471805599454
pl6:1.0
line:1.0
50:1.0
richard:1.0
cower:1.6931471805599454
csli:1.0
stanford:1.0
edu:1.0
wrote:1.0
believ:1.6931471805599454
raid:1.0
ill:1.0
plan:1.6931471805599454
2:1.0
day:1.0
continu:1.6931471805599454
failur:1.6931471805599454
obviou:1.0
bit:1.0
part:1.0
much:1.0
larger:1.0
polit:1.6931471805599454
agenda:2.386294361119891
presid:2.09861228866811
clinton:2.386294361119891
would:1.6931471805599454
even:2.09861228866811
suggest:1.0
loss:1.0
atf:2.09861228866811
agent:2.09861228866811
inconsequenti:1.0
context:1.0
might:2.09861228866811
benefici:1.0
help:1.6931471805599454
point:1.0
evil:1.0
assualt:1.6931471805599454
weapon:2.791759469228055
proof:1.0
deni:1.0
street:1.6931471805599454
stori:1.6931471805599454
report:1.6931471805599454
request:1.0
suffici:1.0
fire:1.0
power:1.0
import:1.0
feb:2.09861228866811
25th:1.6931471805599454
nj:1.0
assembl:2.09861228866811
vote:2.6094379124341005
overturn:2.386294361119891
assault:2.386294361119891
ban:2.386294361119891
28th:1.0
compound:1.0
attack:1.6931471805599454
new:1.0
jersey:1.0
state:2.09861228866811
look:1.0
like:1.0
tight:1.0
senat:1.0
n:1.6931471805599454
j:1.6931471805599454
go:1.6931471805599454
sit:1.0
well:1.0
eastern:1.0
given:1.0
gun:1.6931471805599454
control:1.0
suspect:1.0
gave:1.0
order:1.6931471805599454
get:1.6931471805599454
someon:1.0
group:1.0
press:1.0
present:1.0
initi:1.0
incid:1.6931471805599454
record:1.0
event:1.0
tv:1.0
audienc:1.0
supervisor:1.0
urg:1.0
readi:1.0
fast:1.0
know:1.6931471805599454
come:1.6931471805599454
tho:1.0
probablil:1.0
high:1.0
came:1.0
top:1.0
limit:1.0
amount:1.0
time:1.0
someth:1.0
wacko:1.0
fit:1.0
bill:2.09861228866811
nice:1.0
rich:1.6931471805599454
last:1.0
year:1.0
congress:1.6931471805599454
debat:1.0
bushman:1.0
crime:1.0
lubi:1.0
cafe:1.0
occur:1.0
anti:1.0
crap:1.0
amend:1.0
anyway:1.0
could:1.0
find:1.0
bring:1.0
medium:1.0
hope:1.0
frankli:1.0
toon:2.09861228866811
meister:2.09861228866811
scare:1.0
cours:1.0
democrat:1.0
major:1.0
apolog:1.0
demo:1.0
support:1.0
rkba:1.0
definit:1.0
characatur:1.0
name:1.0
current:1.0
u:1.0
aka:1.6931471805599454
clintoon:1.0
rob:1.0
p:1.0
