alleyja:1.6931471805599454
yang:1.6931471805599454
earlham:2.386294361119891
edu:1.6931471805599454
subject:1.0
none:1.0
distribut:1.0
talk:1.0
organ:1.0
colleg:1.6931471805599454
richmond:1.6931471805599454
indiana:1.6931471805599454
line:1.0
44:1.0
articl:1.0
1993apr4:1.0
4332:1.0
33144:1.0
dosgat:1.0
nigel:2.386294361119891
allen:2.386294361119891
canrem:1.6931471805599454
com:1.6931471805599454
write:1.0
press:1.6931471805599454
releas:1.0
handgun:2.09861228866811
control:2.09861228866811
inc:2.09861228866811
sarah:1.6931471805599454
bradi:2.386294361119891
call:1.6931471805599454
governor:2.09861228866811
veto:2.386294361119891
nra:2.09861228866811
bill:1.6931471805599454
bayh:2.09861228866811
urg:1.0
follow:1.0
clinton:2.09861228866811
lead:1.0
state:1.0
desk:1.0
contact:1.0
cheryl:1.0
brolin:1.0
202:1.0
898:1.0
0792:1.0
washington:1.0
april:1.0
2:1.0
letter:1.6931471805599454
today:1.0
gov:1.6931471805599454
evan:1.0
wife:1.0
former:1.0
white:1.0
hous:1.0
secretari:1.0
jame:1.0
chair:1.0
back:1.6931471805599454
preemption:1.6931471805599454
legisl:1.6931471805599454
b:1.0
241:1.0
would:1.6931471805599454
wipe:1.0
exist:1.0
local:1.6931471805599454
gun:1.6931471805599454
law:1.0
prohibit:1.0
enact:1.0
futur:1.0
regul:1.0
govern:1.0
sale:1.0
posse:1.0
transfer:1.0
firearm:1.0
count:1.0
show:1.6931471805599454
kind:1.0
polit:1.0
courag:1.0
presid:1.0
arkansa:1.0
twice:1.0
type:1.0
special:1.0
interest:1.0
mr:1.0
said:1.0
refer:1.0
1989:1.0
1991:1.0
knew:1.0
cuti:1.6931471805599454
sell:1.0
u:2.09861228866811
full:1.0
blood:1.0
democrat:1.0
serious:1.0
folk:1.0
happen:1.6931471805599454
rememb:1.0
got:1.0
rack:1.0
4x4:1.0
anywher:1.0
get:1.0
readi:1.0
dear:1.0
one:1.0
vote:1.0
sincer:1.0
say:1.0
unhappi:1.0
30:1.0
toronto:1.6931471805599454
ontario:1.6931471805599454
canada:1.6931471805599454
remot:1.0
system:1.0
416:1.0
629:1.6931471805599454
7000:1.0
7044:1.0
know:1.0
best:1.0
must:1.0
tri:1.0
save:1.0
rush:1.0
jason:1.0
alley:1.0
opinion:1.0
express:1.0
given:1.0
alien:1.0
live:1.0
pancrea:1.0
empir:1.0
never:1.0
end:1.0
