minh:2.386294361119891
lang:1.6931471805599454
inst:1.0
sun1:1.0
jpl:1.0
nasa:1.0
gov:1.6931471805599454
subject:1.0
break:1.0
in:1.0
60:1.0
minut:1.0
organ:1.0
jet:1.6931471805599454
propuls:1.6931471805599454
laboratori:1.6931471805599454
line:1.0
23:1.0
distribut:1.0
world:1.0
nntp:1.0
post:1.0
host:1.0
128:1.0
149:1.0
109:1.0
37:1.6931471805599454
x:1.6931471805599454
userag:1.0
nuntiu:1.0
v1:1.0
1:1.0
1d17:1.0
xxdate:1.0
mon:1.0
5:1.0
apr:1.0
93:1.0
16:1.0
17:1.0
gmt:1.0
articl:1.0
1993apr5:1.0
155733:1.0
114:1.0
pasadena:1.6931471805599454
dc:1.6931471805599454
bofa:1.6931471805599454
com:1.6931471805599454
franceschi:1.0
write:1.0
viet:1.0
nam:1.0
lt:1.6931471805599454
calley:1.6931471805599454
tri:1.0
convict:1.0
murder:1.0
troop:1.6931471805599454
war:1.0
set:1.0
deliber:1.0
kill:1.6931471805599454
innoc:1.0
peopl:1.6931471805599454
time:1.0
domest:1.6931471805599454
law:1.6931471805599454
enforc:1.6931471805599454
agenc:1.6931471805599454
countri:1.6931471805599454
adher:1.6931471805599454
standard:1.6931471805599454
least:1.0
moral:1.0
militari:1.6931471805599454
later:1.0
acquit:1.6931471805599454
400:1.0
500:1.0
includ:1.0
kid:1.0
elderli:1.0
woman:1.0
sure:1.0
want:1.0
see:1.0
big:1.0
troubl:1.0
lai:1.0
massacr:1.0
cover:1.0
high:1.0
rank:1.0
offici:1.0
involv:1.0
softwar:1.0
engin:1.0
instrument:1.6931471805599454
system:1.0
group:1.0
section:1.0
375:1.0
note:1.0
employ:1.0
noth:1.0
said:1.0
