subject:1.0
washington:2.09861228866811
state:1.6931471805599454
kim39:1.0
scws8:1.6931471805599454
harvard:2.09861228866811
edu:2.386294361119891
john:1.0
kim:1.6931471805599454
organ:1.0
univers:1.0
scienc:1.0
center:1.0
nntp:1.0
post:1.0
host:1.0
line:1.0
14:1.0
articl:1.6931471805599454
1993mar30:1.0
191157:1.0
8338:1.0
synaps:1.0
bm:1.6931471805599454
com:1.6931471805599454
hambidg:1.0
write:1.6931471805599454
93088:1.0
191742u23590:1.0
uicvm:1.6931471805599454
uic:1.6931471805599454
u23590:1.0
ccw:1.6931471805599454
acronym:1.0
conceal:1.6931471805599454
carri:1.6931471805599454
weapon:1.0
basic:1.0
permit:1.0
pistol:1.0
revolv:1.0
phone:1.0
licens:1.0
divis:1.0
ask:1.0
applic:1.0
instead:1.0
promptli:1.0
sent:1.6931471805599454
applicationfor:1.0
becom:1.0
firearm:1.6931471805599454
dealer:1.0
even:1.0
safeti:1.0
pamphlet:1.0
case:1.0
