jmd:1.6931471805599454
cube:1.6931471805599454
handheld:2.09861228866811
com:3.0794415416798357
jim:2.386294361119891
de:1.6931471805599454
arra:1.6931471805599454
subject:1.0
gun:2.791759469228055
control:2.791759469228055
mad:1.0
hell:1.0
tv:1.0
news:1.0
organ:1.0
hand:1.0
held:1.0
product:1.0
inc:1.0
line:1.0
70:1.0
distribut:1.0
na:1.0
nntp:1.0
post:2.386294361119891
host:1.0
dale:1.0
articl:1.6931471805599454
c519mt:1.0
apq:1.0
magpi:2.6094379124341005
linknet:2.6094379124341005
mane:3.0794415416798357
steve:1.6931471805599454
write:1.6931471805599454
wrote:1.0
c4u3x5:1.0
fw7:1.0
know:1.0
anyon:1.0
state:1.6931471805599454
could:1.0
effect:1.0
homicid:2.09861228866811
rate:2.09861228866811
250:1.0
accident:1.6931471805599454
handgun:1.6931471805599454
america:1.0
1990:1.0
licens:1.0
weapon:1.0
american:1.0
child:1.6931471805599454
shot:1.6931471805599454
last:1.0
year:1.0
15:1.0
great:1.6931471805599454
britain:1.0
sourc:2.386294361119891
nation:1.0
safeti:1.0
council:1.0
plea:1.6931471805599454
dictionari:1.0
argument:1.6931471805599454
v:1.0
total:2.09861228866811
number:3.0794415416798357
okay:1.0
offer:1.0
emphasi:2.09861228866811
comparison:1.6931471805599454
debat:2.09861228866811
chose:1.0
inform:1.6931471805599454
claim:2.6094379124341005
superior:1.6931471805599454
awar:1.0
use:1.0
ozon:1.6931471805599454
unless:1.0
consid:1.0
got:1.0
made:1.6931471805599454
direct:1.0
attent:1.0
toward:1.0
mine:1.0
probabl:1.0
bother:1.0
refer:2.09861228866811
other:1.0
seem:1.0
content:1.0
pull:1.0
confus:1.0
fact:1.0
twist:2.386294361119891
apolog:1.0
ye:1.0
good:1.0
fair:1.6931471805599454
treatment:1.0
take:1.6931471805599454
tri:1.0
well:1.0
opportun:1.0
prove:1.6931471805599454
ground:1.0
contradict:1.0
citat:1.0
similar:1.0
gratuit:1.0
fail:1.0
see:1.0
differ:2.09861228866811
absolut:1.6931471805599454
compar:1.0
two:1.0
countri:1.0
major:1.0
popul:1.0
usa:1.6931471805599454
gb:1.0
whine:1.0
afraid:1.0
someon:1.0
might:1.6931471805599454
attack:1.0
process:1.0
nitpick:1.6931471805599454
scold:1.0
whiney:1.6931471805599454
style:1.6931471805599454
miss:1.0
point:1.6931471805599454
method:1.0
failur:1.0
new:2.6094379124341005
york:2.6094379124341005
homocid:1.0
count:1.0
strict:1.6931471805599454
much:1.6931471805599454
higher:1.0
rhode:2.386294361119891
island:2.386294361119891
le:1.0
far:1.0
folk:1.0
kill:1.0
therefor:1.0
accord:1.0
logic:1.0
tm:1.0
danger:1.0
place:1.0
rememb:1.0
defeat:1.0
anyth:1.0
el:1.0
blow:1.0
smoke:1.0
seddit:1.0
brudda:1.0
agre:1.0
wow:1.0
break:1.0
stephen:1.0
associ:1.0
ny:1.0
