fcrari:1.0
ucsu:1.6931471805599454
colorado:2.09861228866811
edu:1.6931471805599454
frank:1.6931471805599454
crari:1.6931471805599454
subject:1.0
gun:1.6931471805599454
control:1.6931471805599454
mad:1.0
hell:1.0
tv:1.0
news:1.0
nntp:1.0
post:1.0
host:1.0
organ:1.0
univers:1.0
boulder:1.6931471805599454
line:1.0
24:1.0
articl:1.0
c518b1:1.0
amf:1.0
magpi:1.6931471805599454
linknet:1.6931471805599454
com:1.6931471805599454
mane:1.6931471805599454
steve:1.0
write:1.0
last:1.0
year:1.6931471805599454
u:2.09861228866811
suffer:1.6931471805599454
almost:1.0
10:1.6931471805599454
000:1.6931471805599454
wrong:1.0
accident:1.0
death:2.9459101490553135
handgun:1.6931471805599454
alon:1.0
fbi:1.0
statist:1.6931471805599454
uk:2.09861228866811
35:1.6931471805599454
scotland:1.0
yard:1.0
popul:1.6931471805599454
1:1.0
5:1.6931471805599454
weight:1.0
57x:1.6931471805599454
mani:2.09861228866811
relat:1.0
brit:1.0
make:1.0
murder:1.0
peopl:2.09861228866811
basebal:1.0
bat:1.0
examin:1.0
figur:1.0
stab:1.6931471805599454
favourit:1.0
close:1.0
follow:1.0
strike:1.0
punch:1.0
kick:1.0
burnt:1.0
britain:1.6931471805599454
shot:1.6931471805599454
take:1.0
look:1.6931471805599454
see:1.6931471805599454
mean:1.0
great:1.6931471805599454
sure:1.0
comfort:1.0
widow:1.0
child:1.0
beaten:1.0
burn:1.0
real:1.0
question:1.0
crime:1.0
rate:1.6931471805599454
england:1.0
go:1.0
enact:1.0
law:1.6931471805599454
first:1.0
1920:1.0
effect:1.0
cu:1.0
