pa146008:1.6931471805599454
utkvm1:1.6931471805599454
utk:1.6931471805599454
edu:2.791759469228055
david:2.09861228866811
veal:1.6931471805599454
subject:1.0
gun:1.0
like:1.0
american:1.6931471805599454
express:1.0
card:1.0
line:1.0
53:1.0
organ:1.0
univers:1.6931471805599454
tennesse:1.0
divis:1.0
continu:1.0
educ:1.6931471805599454
distribut:1.0
usa:1.0
articl:1.0
1qiebiinn1c1:1.0
cae:1.0
cad:1.6931471805599454
gatech:1.6931471805599454
vincent:1.6931471805599454
fox:1.0
write:1.6931471805599454
93104:1.0
173826u28037:1.0
uicvm:1.6931471805599454
uic:1.6931471805599454
jason:1.0
kratz:1.0
u28037:1.0
delet:1.0
cop:2.791759469228055
state:1.6931471805599454
arm:1.0
better:1.0
chicago:1.6931471805599454
polic:2.386294361119891
seem:1.0
know:1.0
origin:1.0
live:1.6931471805599454
tenness:1.0
see:1.0
crap:1.6931471805599454
everyday:1.0
news:1.0
paper:1.0
think:1.6931471805599454
situat:1.0
tad:1.0
differ:1.0
ridicul:1.0
assert:1.6931471805599454
uzi:1.0
mow:1.0
right:1.0
left:1.0
dial:1.0
911:1.0
proper:1.0
option:1.0
avail:1.0
law:1.0
abid:1.0
citizen:1.0
factoid:1.0
56:1.0
kill:2.6094379124341005
whole:1.0
countri:1.6931471805599454
last:1.0
year:1.6931471805599454
around:1.0
100:1.6931471805599454
earli:1.0
80:1.0
wow:1.0
real:1.0
explos:1.0
eh:1.0
well:1.0
go:1.0
discus:1.0
offic:3.302585092994046
america:1.0
today:1.0
fbi:1.0
list:1.0
132:1.6931471805599454
feloni:1.0
accident:1.0
1990:1.6931471805599454
appar:1.0
everybodi:1.0
level:1.0
rate:1.0
000:1.0
1982:1.0
164:1.0
47:1.0
6:1.0
1983:1.0
152:1.0
40:1.0
2:1.0
1984:1.0
147:1.0
39:1.6931471805599454
4:1.0
1985:1.0
148:1.6931471805599454
37:1.0
9:2.09861228866811
1986:1.0
133:1.0
34:1.0
1987:1.0
0:1.6931471805599454
1988:1.0
155:1.0
41:1.0
1989:1.0
145:1.0
38:1.0
1:1.0
32:1.0
includ:2.6094379124341005
one:2.791759469228055
mariana:1.6931471805599454
island:1.6931471805599454
guam:2.09861228866811
two:1.6931471805599454
foreign:1.6931471805599454
locat:1.0
samoa:1.0
feder:1.0
peru:1.0
god:1.0
love:1.6931471805599454
inform:1.0
age:1.0
univ:1.0
tenn:1.0
div:1.0
cont:1.0
info:1.0
servic:1.0
group:1.0
still:1.0
rememb:1.0
way:1.0
laugh:1.0
day:1.0
push:1.0
elev:1.0
shaft:1.0
begin:1.0
anymor:1.0
weird:1.0
al:1.0
