mjp:2.791759469228055
austin:1.0
ibm:2.791759469228055
com:2.6094379124341005
michael:2.09861228866811
phelp:2.09861228866811
subject:1.0
non:1.6931471805599454
lethal:2.6094379124341005
altern:1.0
handgun:1.6931471805599454
origin:1.0
bwa:1.6931471805599454
kgn:1.6931471805599454
repli:1.0
vnet:1.6931471805599454
j:1.0
organ:1.0
kingston:1.0
ny:1.0
keyword:1.0
mace:1.0
pepper:1.0
spray:1.0
taser:1.0
tasp:1.0
phaser:1.0
line:1.0
27:1.0
holland:2.09861228866811
c:1.0
colost:1.0
edu:1.0
dougla:1.0
craig:1.0
write:1.0
gun:1.0
bullet:2.386294361119891
like:1.0
rubber:1.6931471805599454
plastic:1.6931471805599454
would:1.0
work:1.0
well:2.09861228866811
stop:2.09861228866811
attack:1.6931471805599454
tdoug:1.0
projectil:1.6931471805599454
travel:1.0
near:1.0
typic:1.0
speed:1.0
potenti:1.6931471805599454
even:1.0
blank:1.0
caus:1.6931471805599454
death:1.6931471805599454
muzzl:1.0
close:1.6931471805599454
proxim:1.0
victim:1.6931471805599454
heard:1.0
use:2.09861228866811
effect:2.09861228866811
riot:1.0
situat:1.6931471805599454
intent:1.0
crowd:1.0
control:1.0
rather:1.0
rang:1.0
self:1.6931471805599454
defens:1.6931471805599454
also:1.0
seen:1.0
report:1.0
british:1.0
northern:1.0
ireland:1.0
firearm:1.0
appropri:1.0
law:1.6931471805599454
gravest:1.0
point:1.0
consid:1.0
deadli:1.6931471805599454
forc:2.09861228866811
proper:1.0
reaction:1.0
furthermor:1.0
le:1.6931471805599454
still:1.0
set:1.0
problem:1.0
may:1.6931471805599454
take:1.0
applic:1.6931471805599454
incid:1.0
place:1.0
parti:1.0
risk:1.0
assail:1.0
sinc:1.0
aggreg:1.0
damag:1.0
done:1.0
multipl:1.0
extern:1.0
intern:1.0
kgnvmi:1.0
last:1.0
least:1.0
disclaim:1.0
opinion:1.0
mine:1.0
