jim:2.386294361119891
wray:2.386294361119891
yob:2.09861228866811
sccsi:2.09861228866811
com:2.09861228866811
subject:1.0
cnn:2.09861228866811
sale:1.6931471805599454
organ:1.0
ye:1.6931471805599454
old:1.6931471805599454
bailey:1.6931471805599454
bb:1.6931471805599454
houston:1.6931471805599454
tx:1.0
713:2.09861228866811
520:2.09861228866811
1569:1.6931471805599454
line:1.0
18:1.0
repli:1.0
nntp:1.0
post:1.0
host:1.0
c:1.0
utexa:1.0
edu:1.0
bill:1.0
vojak:1.0
bv:2.09861228866811
read:1.0
paper:1.0
yestarday:1.0
ted:1.0
turner:1.0
want:1.0
trim:1.0
medium:1.0
hold:1.0
put:1.0
1:1.0
potenti:1.0
bidder:1.0
time:1.6931471805599454
warner:1.0
cours:1.0
sigh:1.0
need:1.0
mayb:1.0
u:1.0
nra:1.0
goa:1.0
ccrtkba:1.0
saf:1.0
et:1.0
al:1.0
band:1.0
togeth:1.0
buy:1.0
voic:1.0
sumpin:1.0
broadcast:1.0
truth:1.0
chang:1.0
abl:1.0
air:1.0
favor:1.0
pro:1.0
gun:1.0
item:1.0
two:1.0
olx:1.0
2:1.6931471805599454
way:1.0
get:1.0
maginot:1.0
v:1.6931471805599454
32bi:1.6931471805599454
9566:1.0
texa:1.0
home:1.0
alt:1.0
cosuard:1.0
