jim:2.386294361119891
wray:2.386294361119891
yob:2.09861228866811
sccsi:2.09861228866811
com:2.09861228866811
subject:1.0
turn:1.0
organ:1.0
ye:1.6931471805599454
old:1.6931471805599454
bailey:1.6931471805599454
bb:1.6931471805599454
houston:1.6931471805599454
tx:1.0
713:2.09861228866811
520:2.09861228866811
1569:1.6931471805599454
line:1.0
29:1.0
repli:1.0
nntp:1.0
post:1.0
host:1.0
c:1.0
utexa:1.0
edu:1.0
dan:1.0
sorenson:1.0
write:1.0
d:2.386294361119891
rather:1.0
get:1.0
nation:1.0
medic:1.0
care:1.0
debat:1.0
find:1.0
amaz:1.6931471805599454
crimin:1.0
often:1.0
live:1.6931471805599454
better:1.0
rest:1.0
popul:1.0
aspect:1.0
pay:2.386294361119891
exampl:1.0
novemb:1.0
annual:1.0
dental:1.0
somewhat:1.0
error:1.0
respect:1.0
countryclub:1.0
incarcer:1.0
belong:1.0
prey:2.09861228866811
upon:1.0
would:1.0
practic:1.0
nefari:1.0
predatori:1.0
act:1.0
citizen:1.0
countri:1.0
mindset:1.0
overtli:1.0
covertli:1.0
perpetu:1.0
justic:1.6931471805599454
system:1.0
har:1.0
essenti:1.0
mandat:1.0
u:1.6931471805599454
offer:1.0
suitabl:1.0
insul:1.0
preyground:1.0
olx:1.0
2:1.6931471805599454
church:1.0
crime:1.0
come:1.0
let:1.0
v:1.6931471805599454
32bi:1.6931471805599454
9566:1.0
texa:1.0
home:1.0
alt:1.0
cosuard:1.0
