bressler:2.386294361119891
iftccu:2.386294361119891
ca:2.09861228866811
boe:2.09861228866811
com:1.6931471805599454
rick:2.09861228866811
subject:1.0
ban:1.0
firearm:1.6931471805599454
organ:1.0
commerci:1.0
airplan:1.0
group:1.0
line:1.0
21:1.0
woop:1.0
sure:1.0
screw:1.0
either:1.0
forgeri:1.0
sort:1.0
mistak:1.0
abort:1.6931471805599454
post:2.09861228866811
part:1.0
bogu:1.0
articl:1.6931471805599454
seen:1.0
anoth:1.0
ignor:1.6931471805599454
talk:1.6931471805599454
polit:1.6931471805599454
gun:2.09861228866811
3:1.0
29:1.0
pm:1.0
apr:1.6931471805599454
13:1.0
1993:1.6931471805599454
papresco:1.0
undergrad:1.0
math:1.0
uwaterloo:1.0
paul:1.0
prescod:1.0
1:1.6931471805599454
49:1.0
12:1.0
92468:1.0
hydra:1.0
gatech:1.6931471805599454
edu:1.6931471805599454
gt6511a:1.0
prism:1.0
cochran:1.0
jame:1.0
shapleigh:1.0
write:1.0
certainli:1.0
hope:1.0
somebodi:1.0
idea:1.0
joke:1.0
poor:1.0
earlier:1.0
mention:1.0
illeg:1.6931471805599454
manufactur:1.6931471805599454
site:1.6931471805599454
search:1.0
fed:1.0
florida:1.0
area:1.0
evid:1.0
let:1.0
look:1.0
critic:1.0
mani:1.0
make:1.0
compar:1.0
sorri:1.0
