bressler:1.6931471805599454
iftccu:1.6931471805599454
ca:1.6931471805599454
boe:2.09861228866811
com:1.6931471805599454
rick:1.6931471805599454
subject:1.0
non:2.09861228866811
lethal:2.791759469228055
altern:1.0
handgun:1.0
organ:1.0
commerci:1.0
airplan:1.0
group:1.0
line:1.0
25:1.0
talk:1.0
polit:1.0
gun:1.6931471805599454
steiner:1.0
jupit:1.0
12:1.0
07:1.0
apr:1.0
15:1.0
1993:1.0
dougla:1.0
craig:1.0
holland:1.6931471805599454
c:1.0
colost:1.0
edu:1.0
write:1.0
lostsa:1.0
crap:1.0
delet:1.0
trim:1.0
articl:1.0
bullet:2.09861228866811
like:1.0
rubber:1.6931471805599454
plastic:1.0
would:1.6931471805599454
work:1.0
well:1.0
stop:1.6931471805599454
attack:1.0
last:1.0
heard:1.0
bit:1.0
misnom:1.0
thing:1.6931471805599454
also:1.0
need:1.0
consid:1.0
legal:1.6931471805599454
system:1.0
sinc:1.0
go:1.6931471805599454
hard:1.6931471805599454
time:1.6931471805599454
explain:1.0
appli:1.0
forc:1.6931471805599454
think:1.0
necessari:1.6931471805599454
thought:1.0
use:2.09861228866811
ouch:1.0
justifi:1.6931471805599454
shoot:1.6931471805599454
best:1.0
self:1.0
defens:1.0
ammunit:1.0
get:1.0
hand:1.0
might:1.6931471805599454
actual:1.6931471805599454
improv:1.0
outcom:1.0
hollow:1.6931471805599454
point:1.6931471805599454
hold:1.0
court:1.0
safer:2.09861228866811
innoc:1.0
stander:1.0
rule:1.6931471805599454
perp:1.6931471805599454
militari:1.0
ball:1.0
may:1.0
mani:1.0
one:1.0
two:1.0
job:1.0
fewer:1.0
wound:1.0
channel:1.0
better:1.0
chanc:1.0
surviv:1.0
incid:1.0
