fcrari:1.0
ucsu:1.6931471805599454
colorado:2.09861228866811
edu:1.6931471805599454
frank:1.6931471805599454
crari:1.6931471805599454
subject:1.0
gun:4.091042453358316
like:2.09861228866811
american:2.386294361119891
express:1.0
card:1.0
nntp:1.0
post:1.0
host:1.0
organ:1.0
univers:1.0
boulder:1.6931471805599454
line:1.0
85:1.0
articl:1.0
cmm:1.0
0:1.0
90:1.0
2:1.0
735132009:1.0
thomasp:1.6931471805599454
surt:1.0
ifi:1.6931471805599454
uio:1.6931471805599454
thoma:1.0
parsli:1.0
write:1.0
driver:1.0
licenc:1.0
forgot:1.0
usa:1.6931471805599454
land:1.0
car:2.386294361119891
get:1.6931471805599454
one:2.386294361119891
scandinavia:1.0
northern:1.0
europ:1.0
easi:1.0
averag:2.386294361119891
time:1.0
20:1.0
hour:1.0
train:1.0
cost:1.0
rather:1.0
licens:2.09861228866811
requir:1.6931471805599454
drive:1.0
exclus:1.0
privat:1.0
properti:1.0
farm:1.0
unit:1.6931471805599454
state:1.6931471805599454
use:2.791759469228055
public:1.6931471805599454
road:1.0
abus:2.386294361119891
gover:2.09861228866811
seem:1.0
main:1.0
problem:2.9459101490553135
harder:1.0
control:2.791759469228055
would:2.386294361119891
either:1.0
littl:1.0
paranoid:1.0
offenc:1.0
new:1.6931471805599454
elect:1.6931471805599454
also:1.0
nation:2.09861228866811
250:1.0
million:1.0
peopl:2.09861228866811
mani:1.6931471805599454
issu:2.09861228866811
usual:1.0
two:1.6931471805599454
candid:1.0
given:1.0
offic:1.0
presid:1.0
might:1.6931471805599454
will:1.0
mild:1.6931471805599454
law:2.9459101490553135
creat:1.6931471805599454
de:1.0
facto:1.0
ban:1.6931471805599454
someth:1.0
major:1.0
object:1.0
still:1.0
voter:1.0
look:1.0
civil:1.0
right:1.0
minor:1.0
health:1.0
care:1.0
etc:1.0
vote:1.0
lesser:1.0
evil:1.0
think:2.386294361119891
matter:1.0
paranoia:1.0
sinc:1.0
local:1.0
govern:1.6931471805599454
exampl:1.0
york:1.0
chicago:1.0
exist:1.0
virtual:1.0
n:1.0
crimin:2.791759469228055
weapon:2.09861228866811
today:1.0
stolen:1.0
known:1.0
buy:2.09861228866811
point:2.09861228866811
case:1.0
alreadi:1.0
adaqu:1.0
accord:1.6931471805599454
feder:1.0
statist:1.0
7:1.0
wield:1.0
legal:2.09861228866811
purchas:1.6931471805599454
dealer:1.0
prevent:1.0
america:1.6931471805599454
need:1.0
addit:1.0
accomplish:1.0
mix:1.0
thing:1.0
meant:1.0
kill:1.0
differ:2.09861228866811
purpos:1.0
own:1.6931471805599454
appropri:1.0
tool:1.0
hunt:1.0
target:1.0
shoot:1.0
self:1.0
defenc:1.0
murder:1.6931471805599454
even:1.0
common:2.09861228866811
50:1.0
done:1.6931471805599454
axe:2.09861228866811
impos:1.0
regul:1.6931471805599454
say:1.0
ment:1.0
tree:1.0
axer:1.0
certainli:1.0
imagin:1.0
accept:1.6931471805599454
polit:1.0
may:1.0
strong:1.0
opposit:1.0
intrus:1.0
primarili:1.0
effect:1.0
abid:1.6931471805599454
citizen:1.6931471805599454
anyth:1.6931471805599454
wrong:1.0
situat:1.6931471805599454
lo:1.0
angel:1.0
protect:2.09861228866811
good:2.09861228866811
rigth:1.0
way:2.09861228866811
deal:2.09861228866811
excel:1.0
short:1.0
term:2.09861228866811
riot:1.6931471805599454
violent:1.0
attack:1.0
cours:1.0
long:1.6931471805599454
start:1.0
individu:1.0
social:1.0
everybodi:1.6931471805599454
neighbor:1.0
happen:1.0
mean:1.0
survey:1.0
40:1.0
home:1.0
part:1.0
countri:1.0
closer:1.0
100:1.0
place:1.0
almost:1.0
everyon:1.0
safer:1.0
le:1.0
last:1.0
word:1.0
respons:1.0
owner:1.0
affect:1.0
want:1.0
citicen:1.0
fundament:1.0
punish:1.0
restrict:1.0
name:1.0
vagu:1.0
cu:1.0
