organ:1.0
univers:1.0
illinoi:1.0
chicago:1.0
academ:1.0
comput:1.0
center:1.0
jason:1.6931471805599454
kratz:1.0
u28037:1.6931471805599454
uicvm:1.6931471805599454
uic:1.6931471805599454
edu:2.386294361119891
subject:1.0
gun:1.0
gone:1.0
good:1.0
riddanc:1.0
line:1.0
18:1.0
articl:1.0
1993apr18:1.0
000152:1.0
2339:1.0
gnv:1.6931471805599454
ifa:1.6931471805599454
ufl:1.6931471805599454
jrm:1.0
say:2.09861228866811
ah:1.0
love:1.0
post:1.6931471805599454
like:1.6931471805599454
mani:1.6931471805599454
peopl:1.6931471805599454
alreadi:1.0
repli:1.6931471805599454
one:2.09861228866811
knew:1.0
would:1.6931471805599454
go:2.09861228866811
much:1.0
seem:1.0
bait:1.0
someon:1.0
decid:1.0
see:1.6931471805599454
get:2.09861228866811
mad:1.0
ignor:1.0
thing:1.0
surrend:1.0
arm:1.0
soon:1.0
enough:1.0
offic:1.0
around:1.0
collect:1.0
resist:1.6931471805599454
useless:1.0
overwhelm:1.0
time:1.6931471805599454
listen:1.0
buddi:1.0
quot:1.6931471805599454
star:1.0
trek:1.0
right:1.6931471805599454
futil:1.0
next:1.0
cc:1.0
