organ:1.0
univers:1.0
illinoi:1.0
chicago:1.0
academ:1.0
comput:1.0
center:1.0
jason:2.6094379124341005
kratz:1.6931471805599454
u28037:2.09861228866811
uicvm:2.09861228866811
uic:2.09861228866811
edu:2.791759469228055
subject:1.0
shoot:1.6931471805599454
somebodi:1.6931471805599454
1993apr18:1.6931471805599454
061532:1.6931471805599454
3288:1.6931471805599454
uoft02:1.6931471805599454
utoledo:2.09861228866811
line:1.0
40:1.0
articl:1.0
steiner:1.6931471805599454
jupit:1.0
cse:1.0
think:2.09861228866811
say:1.6931471805599454
write:1.0
situat:1.6931471805599454
pull:1.0
gun:1.0
give:1.0
chanc:1.0
get:2.386294361119891
away:2.09861228866811
decid:1.0
continu:1.0
action:1.0
anyway:1.0
end:1.0
kill:1.6931471805599454
question:1.0
stay:1.6931471805599454
wait:1.6931471805599454
cop:1.0
collect:1.6931471805599454
brass:1.0
use:1.0
semi:1.0
auto:1.6931471805599454
provid:1.0
cours:1.0
seen:1.6931471805599454
kind:1.0
law:1.6931471805599454
book:1.0
regard:1.0
type:1.0
would:1.6931471805599454
like:2.09861228866811
thing:1.6931471805599454
happen:1.6931471805599454
first:1.0
offens:1.0
took:1.6931471805599454
someon:2.09861228866811
saw:1.0
caught:1.0
ghod:1.0
idea:1.0
much:1.0
troubl:1.0
take:1.0
leav:1.6931471805599454
scene:1.0
accid:1.0
bad:1.0
enough:1.0
10:1.0
time:1.6931471805599454
wors:1.0
go:1.0
serious:1.0
believ:1.0
self:1.0
defens:1.0
spent:1.0
case:1.0
offic:1.6931471805599454
reload:1.0
well:1.0
said:1.6931471805599454
repli:2.09861228866811
realli:1.0
depend:1.0
area:1.0
live:1.0
see:1.0
david:1.0
veal:1.0
heard:1.6931471805599454
exactli:1.0
fade:1.0
polic:1.0
record:1.0
though:1.0
talk:1.0
tennesse:1.0
everywher:1.0
even:1.0
could:1.0
still:1.0
fugit:1.0
nice:1.0
legal:1.0
keep:1.0
abid:1.0
statu:1.0
send:1.0
stori:1.0
arm:1.0
citizen:1.0
column:1.0
american:1.0
rifleman:1.0
cc:1.0
