pyron:2.6094379124341005
skndiv:2.386294361119891
dseg:2.791759469228055
ti:2.791759469228055
com:2.386294361119891
dillon:1.6931471805599454
subject:1.0
high:1.6931471805599454
power:1.6931471805599454
assault:1.6931471805599454
gun:2.09861228866811
line:1.0
12:1.0
nntp:1.0
post:1.0
host:1.0
repli:1.0
organ:1.0
vax:1.6931471805599454
support:1.6931471805599454
must:1.0
talk:1.0
155mm:1.0
howitz:1.0
want:1.0
tri:1.0
16:1.0
incher:1.0
one:1.0
german:1.0
railway:1.0
opinion:1.0
express:1.0
lewisvil:1.0
sender:1.0
unless:1.0
otherwis:1.0
state:1.0
214:1.6931471805599454
462:1.0
3556:1.0
492:1.0
4656:1.0
home:1.0
texan:1.0
vote:1.0
robin:1.0
hood:1.0
need:1.0
solut:1.0
gestur:1.0
padi:1.0
dm:1.0
54909:1.0
