syck5280:1.6931471805599454
miller:1.6931471805599454
c:1.6931471805599454
uwm:1.6931471805599454
edu:2.386294361119891
steven:1.0
b:1.0
syck:1.6931471805599454
subject:1.0
knock:1.0
glock:2.9459101490553135
gun:3.4849066497880004
like:2.386294361119891
ex:1.0
card:1.0
organ:1.0
univers:1.0
wisconsin:1.0
milwauke:1.0
line:1.0
61:1.0
distribut:1.0
usa:1.0
nntp:1.0
post:1.0
host:1.0
129:1.0
89:1.0
9:1.0
13:1.0
articl:1.6931471805599454
93105:1.0
164406u28037:1.0
uicvm:1.6931471805599454
uic:1.6931471805599454
jason:1.6931471805599454
kratz:1.0
u28037:1.0
write:1.0
true:1.0
go:1.6931471805599454
read:2.09861228866811
heard:1.6931471805599454
friend:1.0
basic:1.6931471805599454
great:1.0
lot:1.6931471805599454
harder:1.0
learn:1.0
proper:1.0
handl:2.09861228866811
type:1.6931471805599454
safeti:2.791759469228055
look:2.09861228866811
40:1.0
w:2.6094379124341005
4006:1.6931471805599454
coupl:1.0
week:1.0
ago:1.0
safti:2.09861228866811
differ:1.0
saftey:1.6931471805599454
seem:1.0
safe:2.09861228866811
lack:1.0
better:1.6931471805599454
word:1.0
one:2.386294361119891
cours:2.09861228866811
could:2.09861228866811
also:1.0
bad:2.6094379124341005
thing:1.0
pull:1.0
somebodi:1.0
would:2.386294361119891
spend:1.0
time:3.0794415416798357
fiddl:1.0
around:1.0
turn:1.0
person:1.6931471805599454
light:2.09861228866811
think:1.6931471805599454
realli:1.0
cool:1.6931471805599454
guess:1.0
use:2.09861228866811
mani:2.09861228866811
movi:1.0
get:1.6931471805599454
first:2.09861228866811
semi:1.6931471805599454
auto:2.09861228866811
prefer:1.0
train:2.6094379124341005
tradit:1.0
ala:1.0
colt:1.6931471805599454
45:2.09861228866811
opinion:1.0
tat:1.0
risk:1.0
start:1.0
flame:1.0
war:1.0
must:1.0
disagre:1.0
tthere:1.0
secret:1.0
fact:2.6094379124341005
often:1.6931471805599454
chosen:1.6931471805599454
besid:1.0
merit:1.0
shoot:2.6094379124341005
revolv:2.09861228866811
limit:1.0
budget:1.6931471805599454
due:2.09861228866811
extern:1.6931471805599454
trigger:1.6931471805599454
henc:1.0
le:1.0
requir:1.0
tsmith:1.0
wesson:1.0
among:1.0
taht:1.0
hammer:1.0
drop:1.6931471805599454
well:1.6931471805599454
mag:1.0
properli:1.0
save:1.0
live:1.0
mr:2.09861228866811
snatch:1.0
offic:1.6931471805599454
tri:1.0
said:1.0
fire:1.6931471805599454
point:1.0
made:1.0
variou:1.0
magazin:1.0
author:1.0
rememb:1.6931471805599454
stage:1.0
littl:1.6931471805599454
test:1.0
lay:1.0
tabl:1.0
ask:1.0
peopl:1.6931471805599454
firearm:1.0
experi:1.0
signal:1.0
grab:1.0
target:1.0
pretti:1.0
close:1.0
minut:1.0
gave:1.0
figur:1.6931471805599454
tyou:1.0
see:1.0
issu:1.6931471805599454
accident:1.6931471805599454
stress:1.0
situat:1.0
open:1.0
citi:1.0
counti:1.0
etc:1.6931471805599454
lawsuit:1.0
press:1.0
tof:1.0
problem:1.0
overcom:1.0
enough:1.6931471805599454
alway:1.0
avail:1.0
crunch:1.0
depart:1.0
know:1.0
cop:1.0
want:1.0
someth:1.0
chanc:1.0
taken:1.0
away:1.0
guarante:1.0
buy:1.0
draw:1.0
second:1.0
late:1.0
tdon:1.0
bias:1.0
3:1.0
posse:1.0
handgun:1.0
ultim:1.0
oper:1.0
stop:1.0
neglig:1.0
discharg:1.0
note:1.0
say:1.0
break:1.0
rule:1.6931471805599454
ta:1.0
per:1.0
part:1.0
weight:1.0
agre:1.0
100:1.0
purchas:1.0
02:1.0
tax:1.0
steve:1.0
