organ:1.0
univers:1.0
illinoi:1.0
chicago:1.6931471805599454
academ:1.0
comput:1.0
center:1.0
jason:1.6931471805599454
kratz:1.0
u28037:1.0
uicvm:1.6931471805599454
uic:1.6931471805599454
edu:2.6094379124341005
subject:1.0
gun:2.09861228866811
like:1.0
american:1.0
express:1.0
card:1.0
distribut:1.0
usa:1.0
93104:1.0
173826u28037:1.0
1993apr15:1.6931471805599454
202811:1.6931471805599454
29312:1.6931471805599454
csd:1.6931471805599454
newshost:1.6931471805599454
stanford:2.09861228866811
line:1.0
28:1.0
articl:1.0
andi:2.09861228866811
sail:1.0
freeman:1.0
say:1.6931471805599454
shoot:2.386294361119891
rang:1.6931471805599454
gang:3.0794415416798357
member:1.6931471805599454
practic:2.09861228866811
know:2.9459101490553135
undercov:1.0
cop:1.0
even:1.0
law:1.0
abid:1.0
menac:1.0
minor:2.09861228866811
btw:1.0
sneer:1.0
quot:1.6931471805599454
area:2.386294361119891
shop:1.0
right:1.6931471805599454
border:1.6931471805599454
west:1.6931471805599454
side:1.6931471805599454
infest:1.0
mani:1.6931471805599454
bad:1.0
thing:2.386294361119891
go:1.0
also:1.0
sever:1.0
friend:1.0
live:2.386294361119891
close:1.0
problem:1.0
folk:1.0
way:1.0
think:1.0
far:1.0
concern:1.0
total:1.0
obviou:1.6931471805599454
marksmanship:1.6931471805599454
never:1.0
seen:1.0
anyon:1.0
el:1.0
take:1.0
coat:1.0
fast:1.0
possibl:1.0
start:1.0
would:1.6931471805599454
cours:1.0
might:1.0
banger:1.0
long:1.0
enough:2.09861228866811
becom:1.0
pretti:1.0
easi:1.0
spot:1.0
via:1.0
color:1.6931471805599454
sign:1.6931471805599454
etc:1.6931471805599454
one:1.0
last:1.0
sister:1.0
social:1.0
worker:1.0
make:1.0
point:1.0
find:1.0
best:1.0
interest:1.0
nice:1.0
let:1.0
watch:1.0
citi:1.0
said:1.0
