cathi:2.09861228866811
lanc:1.6931471805599454
colost:1.6931471805599454
edu:1.6931471805599454
smith:2.386294361119891
subject:1.0
upi:1.0
news:1.0
releas:1.0
nntp:1.0
post:2.09861228866811
host:1.0
blanca:1.0
organ:1.0
colorado:1.0
state:1.0
univers:1.0
fort:1.0
collin:1.0
co:1.0
80523:1.0
line:1.0
12:1.0
l:1.6931471805599454
neil:1.6931471805599454
dear:1.0
bill:1.0
good:1.0
made:1.0
whole:1.0
day:1.0
thank:1.0
lot:1.0
opinion:1.0
cours:1.0
