joan:1.6931471805599454
koala:1.6931471805599454
berkeley:2.09861228866811
edu:1.6931471805599454
subject:1.0
newspap:1.0
censor:1.6931471805599454
gun:2.09861228866811
advertis:1.0
organ:1.0
u:1.0
c:1.0
line:1.0
24:1.0
nntp:1.0
post:1.0
host:1.0
know:1.0
trader:2.791759469228055
claim:1.0
appear:1.0
oakland:1.6931471805599454
tribun:1.0
ad:3.302585092994046
past:1.6931471805599454
likewis:1.0
san:1.6931471805599454
francisco:1.6931471805599454
chronicl:1.0
never:1.0
seen:1.0
examin:1.6931471805599454
specif:1.0
year:1.6931471805599454
ago:1.6931471805599454
thursday:1.6931471805599454
place:1.0
chron:1.6931471805599454
would:2.09861228866811
graphic:2.386294361119891
repres:1.6931471805599454
handgun:2.09861228866811
sale:1.0
though:1.0
text:1.0
could:1.0
list:1.0
trib:2.386294361119891
run:1.0
politician:1.0
made:1.0
lot:1.0
nois:1.0
measur:1.0
fight:1.0
crime:1.0
stop:1.6931471805599454
take:1.6931471805599454
start:1.6931471805599454
publish:1.0
without:1.0
sinc:1.0
sold:1.0
month:1.0
one:1.0
non:1.0
interlud:1.0
employe:1.0
told:1.0
refus:1.0
ye:1.0
usual:1.6931471805599454
today:1.0
rifl:1.0
safe:1.0
etc:1.0
v:1.0
