organ:1.0
univers:1.0
illinoi:1.0
chicago:1.0
academ:1.0
comput:1.0
center:1.0
u23590:1.0
uicvm:1.0
uic:1.0
edu:1.0
subject:1.0
gritz:2.09861228866811
jb:1.0
liberti:1.0
lobbi:1.0
larouch:1.0
christic:1.0
insitut:1.0
libertarian:1.0
line:1.0
5:1.0
note:1.0
bo:1.0
populist:1.0
parti:1.0
ticket:1.6931471805599454
david:1.0
duke:2.09861228866811
veep:1.0
1988:1.0
found:1.0
lead:1.0
withdrew:1.0
candidaci:1.0
gave:1.0
chanc:1.0
vice:1.0
presid:1.0
u:1.0
aviod:1.0
support:1.0
