dlo:1.6931471805599454
druwa:1.0
att:1.6931471805599454
com:1.6931471805599454
olsondl:1.0
subject:1.0
pill:1.0
deer:1.0
hunt:1.6931471805599454
line:1.0
20:1.0
articl:1.0
1993apr14:1.0
182610:1.0
2330:1.0
gnv:1.6931471805599454
ifa:1.6931471805599454
ufl:1.6931471805599454
edu:1.6931471805599454
jrm:1.0
write:1.0
tthe:1.0
vast:1.6931471805599454
major:1.6931471805599454
get:2.09861228866811
life:1.0
without:1.0
ever:1.0
town:1.0
use:2.386294361119891
display:1.6931471805599454
firearm:1.6931471805599454
given:1.0
societi:1.0
ta:1.6931471805599454
experi:1.0
seem:1.0
safer:1.0
rid:1.6931471805599454
mani:1.6931471805599454
gun:1.6931471805599454
possibl:1.6931471805599454
consid:1.0
includ:1.0
self:1.0
defens:1.0
target:1.0
shoot:1.0
collect:1.0
buy:1.0
notion:1.0
peopl:1.0
let:1.0
say:1.6931471805599454
content:1.0
true:1.0
point:1.0
ting:1.0
anyway:1.0
david:1.0
olson:1.0
drutx:1.0
well:1.0
put:2.386294361119891
know:1.0
georg:1.0
stephanopol:1.0
