fcrari:1.0
ucsu:1.6931471805599454
colorado:2.09861228866811
edu:1.6931471805599454
frank:1.6931471805599454
crari:1.6931471805599454
subject:1.0
insan:1.0
gun:2.386294361119891
tote:1.0
wacko:2.09861228866811
unit:1.0
nntp:1.0
post:1.0
host:1.0
organ:1.0
univers:1.0
boulder:1.6931471805599454
distribut:1.0
na:1.0
line:1.0
40:1.0
know:1.6931471805599454
mani:1.0
death:1.6931471805599454
year:2.791759469228055
caus:2.09861228866811
self:1.6931471805599454
inflict:1.6931471805599454
shot:1.0
wound:1.6931471805599454
peopl:2.09861228866811
wear:1.6931471805599454
thigh:1.6931471805599454
holster:2.09861228866811
roughli:1.0
1200:1.0
fatal:1.6931471805599454
firearm:1.0
relat:1.0
accid:2.09861228866811
larg:1.0
major:1.0
involv:1.0
rifl:1.0
shotgun:1.0
500:2.386294361119891
handgun:2.09861228866811
realli:1.0
doubt:1.0
occur:1.6931471805599454
pistol:1.6931471805599454
number:2.386294361119891
gunshot:1.0
probabl:1.0
well:1.0
250:1.0
per:1.0
fall:1.0
exampl:1.0
land:1.0
sudden:1.0
blow:1.0
discharg:1.0
design:1.0
includ:1.0
hammer:1.6931471805599454
block:1.6931471805599454
sinc:1.0
around:1.0
1960:1.0
earlier:1.0
metal:1.0
part:1.0
physic:1.0
seper:1.0
cartridg:1.0
fire:2.09861228866811
pin:1.0
even:1.0
impact:1.0
connect:1.0
trigger:2.09861228866811
pull:2.09861228866811
way:1.6931471805599454
result:1.0
modern:1.0
case:1.0
cock:1.0
hand:1.0
drop:1.0
kill:1.6931471805599454
manner:1.6931471805599454
far:1.0
outweigh:1.0
anim:1.6931471805599454
attack:2.386294361119891
combin:1.0
23:1.0
murder:1.6931471805599454
die:1.0
suggest:1.0
2:1.0
1:1.6931471805599454
would:1.0
wrong:1.0
wors:1.0
also:1.0
102:1.0
rape:1.0
055:1.0
000:1.0
aggrav:1.0
assault:1.0
make:1.0
violent:1.0
prevent:1.0
thousand:1.0
time:1.0
signific:1.0
worri:1.0
figur:1.0
fbi:1.0
uniform:1.0
crime:2.09861228866811
report:1.0
1990:1.0
stop:1.0
librari:1.0
tomorrow:1.0
look:1.0
nation:1.0
victim:1.0
survey:1.0
specif:1.0
cu:1.0
