mhamilto:1.6931471805599454
nimitz:1.6931471805599454
mc:2.09861228866811
kent:2.9459101490553135
edu:2.6094379124341005
lawnmowerman:1.6931471805599454
subject:1.0
atf:2.6094379124341005
burn:1.6931471805599454
dividian:1.6931471805599454
ranch:1.6931471805599454
survivor:2.09861228866811
keyword:1.0
nata:1.0
thing:1.6931471805599454
nntp:1.0
post:1.6931471805599454
host:1.0
repli:1.0
matthew:1.6931471805599454
hamilton:1.6931471805599454
organ:1.0
state:1.6931471805599454
univers:1.6931471805599454
c:1.6931471805599454
line:1.0
68:1.0
articl:1.0
93109:1.0
13404334aej7d:1.0
cmuvm:1.6931471805599454
bitnet:1.6931471805599454
34aej7d:1.0
write:1.6931471805599454
surpris:1.0
make:1.6931471805599454
past:1.0
censor:1.0
goe:1.0
monday:1.0
19:1.0
april:1.0
1993:1.0
13:1.0
30:1.0
edt:1.0
murder:2.09861228866811
foul:1.0
cnn:1.0
report:1.6931471805599454
ignit:1.6931471805599454
build:1.6931471805599454
branch:1.0
near:1.0
waco:1.0
tx:1.0
lie:1.0
say:1.6931471805599454
hole:1.0
made:1.0
wall:1.0
non:1.0
lethal:1.0
tear:1.6931471805599454
ga:1.0
pump:1.6931471805599454
minut:1.0
start:1.6931471805599454
whole:1.0
went:1.0
aflam:1.0
one:2.09861228866811
escap:1.0
think:1.0
obviou:1.0
use:1.0
armor:1.0
flame:2.09861228866811
thrower:1.0
vehicl:1.0
unlit:1.0
napalm:1.0
let:1.6931471805599454
wood:1.0
stove:1.0
insid:1.0
butcher:1.0
genocid:1.6931471805599454
mass:1.6931471805599454
slaughter:2.09861228866811
innoc:1.6931471805599454
peopl:1.6931471805599454
includ:1.0
child:2.6094379124341005
predict:1.0
god:1.6931471805599454
sicken:1.0
see:1.6931471805599454
happen:1.0
hope:1.6931471805599454
wrong:1.6931471805599454
still:1.0
shred:1.0
america:1.0
grew:1.0
love:1.6931471805599454
left:1.0
aliv:1.0
nazi:1.0
repeat:1.6931471805599454
time:1.0
help:1.0
u:1.0
plea:1.0
crosspost:1.0
get:1.0
away:1.0
w:1.0
k:1.6931471805599454
gorman:1.0
american:1.0
guy:1.0
seriou:1.0
would:1.0
ever:1.0
realli:1.0
pay:1.0
attent:1.0
news:1.0
oop:1.0
forgot:1.0
medium:1.0
part:1.0
jump:1.0
right:1.0
top:1.0
stori:1.0
fact:1.0
known:1.0
well:1.0
manipul:1.0
thu:1.0
believ:1.0
way:1.0
koresh:1.0
devot:1.0
follow:1.6931471805599454
surviv:1.0
besid:1.6931471805599454
nine:1.0
unit:1.0
local:1.0
hospit:1.0
david:1.6931471805599454
tower:1.0
shit:1.0
hit:1.0
fan:1.0
major:1.6931471805599454
suppos:1.0
father:1.0
bastard:1.0
sacraligi:1.0
zeloit:1.0
sp:1.0
also:1.0
someon:1.0
told:1.0
heat:1.0
stay:1.0
kitchen:1.0
pun:1.0
intend:1.0
aaah:1.0
daniaalson:1.0
yah:1.0
wan:1.0
na:1.0
fight:1.6931471805599454
r:1.0
physic:1.0
1499h751:1.0
ksuvxb:1.6931471805599454
1299h751:1.0
look:1.0
futur:1.0
advic:1.0
quot:1.0
jibberish:1.0
philosohi:1.0
