brian:2.791759469228055
atlastel:2.386294361119891
com:2.791759469228055
sheet:2.09861228866811
subject:1.0
constitution:1.0
18:1.0
u:1.6931471805599454
c:1.6931471805599454
922:1.6931471805599454
organ:1.0
atla:1.6931471805599454
telecom:1.6931471805599454
inc:1.6931471805599454
distribut:1.0
usa:1.0
line:1.0
40:1.0
articl:1.6931471805599454
1qksp9:1.0
l39:1.0
transfer:1.0
stratu:1.6931471805599454
cdt:1.0
sw:1.0
tavar:1.0
write:1.6931471805599454
1993apr15:1.0
142322:1.0
1318:1.0
right:1.0
feder:1.0
constitut:1.0
understand:1.0
statut:1.0
like:1.6931471805599454
enforc:1.6931471805599454
individu:1.0
someon:1.6931471805599454
tell:2.09861228866811
govern:1.6931471805599454
posse:2.386294361119891
pas:1.6931471805599454
law:2.6094379124341005
make:1.0
sorri:1.6931471805599454
realli:1.6931471805599454
figur:1.0
tri:1.0
say:1.6931471805599454
guess:1.0
ask:1.0
servent:1.0
soveriegn:1.0
would:2.386294361119891
seem:1.6931471805599454
act:1.6931471805599454
machin:1.6931471805599454
gun:1.6931471805599454
le:1.0
crimin:1.0
definit:1.0
televis:1.6931471805599454
set:1.6931471805599454
also:1.0
better:1.0
harm:1.0
kill:1.0
specif:1.0
penalti:1.0
everyon:1.0
know:1.0
constit:1.0
goe:1.0
court:1.6931471805599454
close:1.0
exactli:1.0
bound:1.6931471805599454
obey:1.0
uncontitut:1.0
16:1.0
jur:1.0
2d:1.6931471805599454
sec:1.6931471805599454
177:1.0
late:1.0
256:1.0
truck:1.6931471805599454
support:1.0
engin:1.0
raider:1.0
lost:1.0
ark:1.0
