cdt:2.09861228866811
sw:2.09861228866811
stratu:2.6094379124341005
com:2.386294361119891
c:1.0
tavar:1.0
subject:1.0
batf:2.09861228866811
fbi:1.6931471805599454
murder:1.0
almost:1.0
everyon:1.0
waco:1.0
today:1.6931471805599454
4:1.0
19:1.0
organ:1.0
comput:1.0
inc:1.0
line:1.0
33:1.0
distribut:1.0
world:1.0
nntp:1.0
post:1.0
host:1.0
rocket:1.6931471805599454
articl:1.6931471805599454
kevin:2.09861228866811
93apr20085431:1.0
axon:1.6931471805599454
usa:1.6931471805599454
vanhorn:1.0
write:2.09861228866811
c5rpoj:1.0
ijv:1.0
news:1.0
udel:1.6931471805599454
edu:1.6931471805599454
robi:1.6931471805599454
chopin:1.0
scott:1.0
w:1.0
two:2.386294361119891
nine:1.6931471805599454
escap:1.6931471805599454
compound:2.386294361119891
said:1.6931471805599454
fire:2.09861228866811
deliber:1.6931471805599454
set:1.6931471805599454
cult:1.6931471805599454
member:1.6931471805599454
correct:1.0
say:1.6931471805599454
sinc:1.0
press:1.0
kept:1.6931471805599454
mile:1.0
away:1.0
absolut:1.0
independ:1.0
verif:1.0
govern:1.0
claim:1.0
matter:1.0
moreov:1.0
admit:1.0
agent:2.09861228866811
far:1.0
abl:1.0
ascertain:1.0
still:1.0
first:1.6931471805599454
shot:1.0
know:1.6931471805599454
peopl:1.6931471805599454
may:1.0
would:1.0
certainli:1.0
unlik:1.0
stay:1.0
around:1.0
cook:1.0
faith:1.0
assum:1.0
question:1.0
even:1.0
mayb:1.0
sound:1.0
paranoid:1.0
watch:1.0
janet:1.6931471805599454
reno:1.6931471805599454
last:1.6931471805599454
night:1.6931471805599454
harp:1.0
much:1.6931471805599454
david:1.0
koresh:1.0
big:1.0
bad:1.0
child:1.6931471805599454
abus:1.6931471805599454
wonder:1.0
le:1.0
want:1.0
u:1.0
infer:1.0
jurisdict:1.0
accus:1.0
place:1.0
posit:1.0
seal:1.0
warrant:1.0
peobabl:1.0
weapon:1.6931471805599454
violat:1.6931471805599454
word:1.0
one:1.0
case:1.0
longer:1.0
believ:1.6931471805599454
speak:1.0
compani:1.0
vo:1.0
special:1.0
investor:1.0
packet:1.0
