pes3:2.09861228866811
cunixf:2.386294361119891
cc:2.386294361119891
columbia:2.791759469228055
edu:2.386294361119891
paul:2.09861228866811
eric:2.09861228866811
stoufflet:2.09861228866811
subject:1.0
clipper:1.6931471805599454
chip:1.6931471805599454
nntp:1.0
post:2.09861228866811
host:1.0
repli:1.0
organ:1.0
univers:1.0
distribut:1.0
usa:1.0
line:1.0
12:1.0
thought:1.0
p:1.0
g:1.0
sorri:1.0
lost:1.0
origin:1.0
joke:1.0
realli:1.0
believ:1.0
second:1.0
way:1.0
work:1.0
morn:1.0
heard:1.0
npr:1.0
scare:1.0
almost:1.0
much:1.0
doublespeak:1.0
eman:1.0
fbi:1.0
batf:1.0
waco:1.0
presbyterian:1.0
medic:1.0
center:1.0
internet:1.0
opinion:1.0
