organ:1.0
univers:1.0
illinoi:1.0
chicago:1.0
academ:1.0
comput:1.0
center:1.0
jason:1.6931471805599454
kratz:1.6931471805599454
u28037:1.0
uicvm:1.0
uic:1.0
edu:2.386294361119891
subject:1.0
statement:2.09861228866811
everyon:2.386294361119891
p:1.0
g:1.0
1993apr19:1.6931471805599454
201300:1.6931471805599454
27080:1.6931471805599454
csd:1.6931471805599454
newshost:1.6931471805599454
stanford:2.09861228866811
line:1.0
43:1.0
articl:1.0
andi:2.09861228866811
sail:1.0
freeman:2.6094379124341005
say:2.09861228866811
clue:1.0
posit:1.0
defens:1.0
inaccuraci:1.0
oppos:1.0
gun:2.791759469228055
control:1.6931471805599454
work:1.6931471805599454
support:1.6931471805599454
fact:1.6931471805599454
homework:1.0
demand:1.0
pro:2.09861228866811
peopl:2.09861228866811
know:2.386294361119891
talk:1.6931471805599454
much:2.09861228866811
better:1.0
anyth:1.6931471805599454
even:1.6931471805599454
person:1.0
alway:1.0
possibl:1.6931471805599454
learn:2.6094379124341005
thing:1.6931471805599454
two:1.0
continu:1.0
post:1.6931471805599454
get:2.09861228866811
angri:1.0
sever:2.09861228866811
good:2.386294361119891
sourc:2.09861228866811
materi:1.0
look:1.0
calm:1.0
lot:1.0
inform:2.6094379124341005
flow:1.0
tpg:1.0
interest:1.6931471805599454
one:1.0
particip:1.0
discus:1.0
without:1.0
rant:1.0
inaccur:1.0
failur:1.0
consequ:1.0
ah:1.0
seem:1.0
forget:1.0
also:1.6931471805599454
ask:1.0
hostil:1.0
folk:1.0
group:1.0
read:2.386294361119891
think:1.6931471805599454
mayb:1.6931471805599454
mean:1.0
said:1.6931471805599454
caus:1.0
anoth:1.6931471805599454
habit:1.6931471805599454
go:1.0
take:1.0
time:1.0
figur:1.0
realiz:1.0
accept:1.6931471805599454
mistak:1.6931471805599454
sure:1.0
could:1.0
type:1.0
misinform:1.0
slung:1.0
anti:1.0
nut:1.0
made:1.0
repli:1.0
worri:1.0
gave:1.0
told:1.0
found:1.0
give:1.0
chanc:1.0
