barker:2.386294361119891
rigel:1.0
c:1.6931471805599454
pdx:1.6931471805599454
edu:1.6931471805599454
jame:1.6931471805599454
subject:1.0
nra:2.6094379124341005
address:2.386294361119891
summari:1.0
right:2.09861228866811
keep:1.6931471805599454
bear:1.6931471805599454
anti:1.6931471805599454
tank:2.6094379124341005
weapon:2.09861228866811
keyword:1.0
waco:1.6931471805599454
rkba:1.0
line:1.0
41:1.0
could:1.0
someon:1.0
email:1.0
usnail:1.0
like:1.6931471805599454
write:1.0
letter:1.0
encourag:1.0
see:1.0
emphat:1.0
2nd:2.386294361119891
amend:2.386294361119891
restor:1.0
form:1.0
found:1.0
father:1.0
intend:1.6931471805599454
peopl:1.0
howard:1.0
metzenbaum:1.0
seem:1.0
intent:1.0
dilut:1.0
point:1.0
effort:1.0
governmentski:1.0
know:1.0
federalist:1.0
paper:1.0
kind:1.0
tyranni:1.6931471805599454
suppos:1.0
design:1.6931471805599454
protect:1.0
honestli:1.0
60:1.0
civilian:2.09861228866811
popul:1.6931471805599454
attack:1.6931471805599454
helicopt:1.6931471805599454
need:1.6931471805599454
actual:1.0
mass:1.0
armour:1.6931471805599454
weakli:1.0
arm:1.0
field:1.0
tactic:1.0
nuke:1.0
govern:1.6931471805599454
would:1.6931471805599454
ever:1.0
thought:1.0
happen:1.0
wonder:1.0
se:1.0
hous:1.0
run:1.0
next:1.0
gov:1.6931471805599454
suspect:1.0
child:1.0
abus:1.0
mayb:1.6931471805599454
mine:1.0
illeg:1.0
yet:1.0
show:1.0
u:2.09861228866811
believ:1.0
use:2.09861228866811
self:1.0
serv:1.0
naaaah:1.0
time:1.0
small:1.0
countri:1.0
amount:1.0
busload:1.0
half:1.0
first:1.0
came:2.09861228866811
jew:1.6931471805599454
stop:2.09861228866811
cathol:1.6931471805599454
lutheran:1.0
one:1.0
left:1.0
rev:1.0
martin:1.0
niemol:1.0
probabl:1.0
get:1.6931471805599454
verbatim:1.0
idea:1.0
read:1.0
never:1.0
mind:1.0
god:1.0
save:1.0
portland:1.0
state:1.0
univers:1.0
