jmd:2.386294361119891
cube:1.6931471805599454
handheld:2.791759469228055
com:2.791759469228055
jim:2.386294361119891
de:1.6931471805599454
arra:1.6931471805599454
subject:1.0
batf:1.6931471805599454
fbi:2.6094379124341005
murder:1.0
almost:1.0
everyon:1.0
waco:1.0
today:1.6931471805599454
4:1.0
19:1.0
organ:1.0
hand:1.6931471805599454
held:1.0
product:1.0
inc:1.0
line:1.0
89:1.0
distribut:1.0
world:1.0
nntp:1.0
post:1.0
host:1.0
dale:1.0
articl:2.09861228866811
c5spov:1.0
lre:1.0
news:1.6931471805599454
udel:2.386294361119891
edu:2.386294361119891
robi:2.6094379124341005
chopin:1.6931471805599454
scott:1.6931471805599454
w:1.6931471805599454
write:2.09861228866811
1r0qsrinnc61:1.0
clem:1.0
c5s0d:1.0
j54:1.0
agre:1.6931471805599454
deserv:2.09861228866811
trial:2.09861228866811
40:1.0
day:2.386294361119891
come:1.6931471805599454
get:1.0
chose:1.6931471805599454
keep:1.6931471805599454
child:1.6931471805599454
stay:1.6931471805599454
insid:2.09861228866811
even:1.6931471805599454
tear:1.6931471805599454
gas:1.0
find:1.0
action:1.6931471805599454
ration:1.0
noriega:1.0
smart:1.0
enough:1.0
give:1.0
go:1.6931471805599454
mr:1.0
govern:1.0
suck:1.0
heartless:1.6931471805599454
bastard:1.0
unworthi:1.0
comment:1.0
appar:1.0
true:1.0
opinion:1.0
cours:1.0
human:1.6931471805599454
die:2.09861228866811
yesterday:1.6931471805599454
would:2.6094379124341005
taken:1.0
undeni:2.09861228866811
truth:1.6931471805599454
cri:1.0
empti:1.0
possibl:1.6931471805599454
plan:1.0
happen:1.0
gunfir:1.0
heard:1.0
folk:1.0
propos:1.0
way:1.0
went:1.0
point:1.0
walk:1.0
aliv:1.0
heart:2.386294361119891
bleed:2.386294361119891
much:1.0
never:3.3978952727983707
releas:1.0
given:1.0
51:1.0
ampl:1.0
opportun:1.0
also:1.0
peopl:1.6931471805599454
blind:1.0
religi:1.0
devot:1.0
common:1.0
sen:1.0
leav:1.0
compound:1.0
tank:1.0
came:1.0
start:2.09861228866811
drop:1.0
ga:1.0
earli:1.0
morn:1.0
one:1.6931471805599454
sure:1.0
beyond:1.0
doubt:1.0
feel:1.0
say:1.6931471805599454
thing:1.0
said:1.0
seem:1.0
got:2.09861228866811
think:1.0
howev:1.0
set:1.0
fire:1.0
place:1.0
spread:1.0
quickli:1.0
want:1.6931471805599454
put:1.0
motion:1.0
kind:1.0
creatur:1.0
believ:1.0
see:1.0
investig:1.6931471805599454
justic:1.0
dept:1.0
like:1.0
arlen:1.0
spectr:1.0
congress:1.0
good:1.0
bungl:1.0
affair:1.0
let:1.0
god:1.0
alway:1.6931471805599454
rethink:1.6931471805599454
rethought:1.6931471805599454
bill:1.6931471805599454
clinton:1.6931471805599454
6:1.6931471805599454
april:1.6931471805599454
93:1.6931471805599454
american:1.6931471805599454
englishman:1.6931471805599454
foreign:1.6931471805599454
troop:1.6931471805599454
land:1.6931471805599454
countri:1.6931471805599454
lay:1.6931471805599454
arm:1.6931471805599454
william:1.6931471805599454
pitt:1.6931471805599454
earl:1.6931471805599454
chatham:1.6931471805599454
1708:1.6931471805599454
1778:1.6931471805599454
18:1.6931471805599454
nov:1.6931471805599454
1777:1.6931471805599454
