jim:2.386294361119891
wray:2.386294361119891
yob:2.09861228866811
sccsi:2.09861228866811
com:2.09861228866811
subject:1.0
gun:2.09861228866811
like:1.0
ame:1.0
organ:1.0
ye:1.6931471805599454
old:1.6931471805599454
bailey:1.6931471805599454
bb:1.6931471805599454
houston:1.6931471805599454
tx:1.0
713:2.09861228866811
520:2.09861228866811
1569:1.6931471805599454
line:1.0
23:1.0
repli:1.0
nntp:1.0
post:1.0
host:1.0
c:1.6931471805599454
utexa:1.0
edu:1.0
mark:1.0
wilson:1.0
respond:1.0
tavar:1.0
mw:2.6094379124341005
law:2.6094379124341005
exist:1.0
penalti:1.6931471805599454
say:1.0
nobodi:1.0
ever:1.0
prosecut:1.0
trade:1.6931471805599454
away:1.6931471805599454
easi:1.0
plea:2.09861228866811
book:1.0
still:1.0
better:1.0
noth:1.0
would:1.0
da:1.0
order:1.0
get:1.0
guilti:1.0
effect:1.0
liberti:1.0
right:1.0
even:1.0
think:1.0
enforc:1.0
impos:1.0
prescrib:1.0
let:1.0
hose:1.0
citizen:1.0
instead:1.0
olx:1.0
2:1.6931471805599454
mad:1.0
take:1.0
toll:1.0
exact:1.0
chang:1.0
v:1.6931471805599454
32bi:1.6931471805599454
9566:1.0
texa:1.0
home:1.0
alt:1.0
cosuard:1.0
