fjk6478:1.6931471805599454
ritvax:1.6931471805599454
isc:2.09861228866811
rit:2.09861228866811
edu:2.09861228866811
fred:1.0
subject:1.6931471805599454
luser:1.0
nntp:1.0
post:1.0
host:1.0
vaxc:1.0
repli:1.0
organ:1.0
rochest:1.0
institut:1.0
technolog:1.0
actual:1.0
establish:1.0
believ:2.09861228866811
well:1.0
bore:1.0
yield:1.0
last:1.0
word:1.0
want:1.0
may:1.0
say:1.0
anyth:1.0
like:1.0
impun:1.0
drop:1.0
john:1.0
l:1.0
scott:1.0
kind:1.0
