crphilli:2.386294361119891
hound:2.6094379124341005
dazixca:2.386294361119891
ingr:2.6094379124341005
com:2.9459101490553135
ron:1.6931471805599454
phillip:1.6931471805599454
subject:1.0
arm:2.09861228866811
citizen:2.386294361119891
april:1.0
93:1.0
nntp:1.0
post:1.0
host:1.0
repli:1.0
organ:1.0
intergraph:1.6931471805599454
electron:1.6931471805599454
mountain:1.6931471805599454
view:1.6931471805599454
ca:1.6931471805599454
distribut:1.0
usa:1.0
line:1.0
30:1.0
articl:1.6931471805599454
1993apr13:1.0
162304:1.0
16721:1.0
ld:1.6931471805599454
loral:1.6931471805599454
kendal:1.6931471805599454
colin:1.0
6842:1.0
write:1.6931471805599454
1993apr5:1.0
164728:1.0
10847:1.0
dazixco:1.0
mere:1.0
presenc:1.0
firearm:1.0
without:1.0
shot:2.386294361119891
fire:1.6931471805599454
prevent:1.0
crime:1.6931471805599454
mani:1.0
instanc:1.0
shown:1.0
news:1.0
report:1.0
sent:1.0
perhap:1.0
note:1.0
account:1.0
cite:1.0
one:1.0
twelv:1.0
five:1.0
describ:1.6931471805599454
case:1.6931471805599454
assail:1.6931471805599454
wound:1.0
six:1.0
kill:1.0
accept:1.0
moral:1.0
respons:1.0
protect:1.0
live:1.0
could:1.0
well:1.0
least:1.0
13:1.0
innoc:1.0
victim:1.0
lie:1.0
dead:1.0
sever:1.0
crimin:1.0
still:1.0
walk:1.0
street:1.0
perpetr:1.0
other:1.0
senior:1.0
custom:1.0
engin:1.0
381:1.0
east:1.0
evelyn:1.0
avenu:1.0
voic:1.0
415:1.6931471805599454
691:1.6931471805599454
6473:1.0
94041:1.0
fax:1.0
0350:1.0
