robi:2.9459101490553135
chopin:2.386294361119891
udel:2.791759469228055
edu:2.791759469228055
scott:2.09861228866811
w:2.09861228866811
subject:1.0
batf:1.6931471805599454
fbi:2.9459101490553135
murder:1.0
almost:1.0
everyon:1.0
waco:1.0
today:2.09861228866811
4:1.0
19:1.0
nntp:1.0
post:1.0
host:1.0
organ:1.0
univers:1.0
delawar:1.0
line:1.0
97:1.0
articl:2.386294361119891
1r21vqinneb8:1.0
clem:1.6931471805599454
handheld:2.6094379124341005
com:2.6094379124341005
jmd:2.09861228866811
cube:1.6931471805599454
jim:2.09861228866811
de:1.6931471805599454
arra:1.6931471805599454
write:2.386294361119891
c5spov:1.0
lre:1.0
news:2.09861228866811
1r0qsrinnc61:1.0
c5s0d:1.0
j54:1.0
agre:1.6931471805599454
deserv:2.09861228866811
trial:2.09861228866811
40:1.0
day:2.386294361119891
come:1.6931471805599454
get:1.0
chose:1.6931471805599454
keep:2.09861228866811
child:2.09861228866811
stay:2.386294361119891
insid:2.6094379124341005
even:1.6931471805599454
tear:1.6931471805599454
gas:1.0
find:1.0
action:1.6931471805599454
ration:1.0
noriega:1.0
smart:1.0
enough:1.0
give:1.0
go:1.6931471805599454
mr:1.0
govern:1.0
suck:1.0
heartless:2.386294361119891
bastard:1.0
unworthi:1.0
comment:1.0
appar:1.0
true:1.0
opinion:1.6931471805599454
cours:1.0
truth:2.09861228866811
see:1.6931471805599454
human:1.6931471805599454
die:2.09861228866811
yesterday:1.6931471805599454
would:2.791759469228055
taken:1.0
undeni:2.6094379124341005
cri:1.0
hand:1.0
empti:1.0
possibl:1.6931471805599454
plan:1.0
happen:1.0
gunfir:1.0
heard:2.09861228866811
folk:1.0
propos:1.0
way:1.0
went:1.0
point:1.0
walk:1.0
aliv:1.6931471805599454
believ:1.6931471805599454
wish:1.0
howev:1.6931471805599454
peopl:2.6094379124341005
left:1.0
compound:2.386294361119891
unharm:1.0
earier:1.0
standoff:1.0
sinc:1.0
leader:1.0
preach:1.6931471805599454
apocalyps:1.6931471805599454
say:2.09861228866811
mass:1.0
suicid:1.0
simpli:1.0
outsid:1.0
wait:1.0
anoth:1.0
51:2.09861228866811
heart:2.6094379124341005
bleed:2.6094379124341005
much:1.0
never:1.0
releas:1.0
given:1.0
ampl:1.0
opportun:1.0
also:1.0
blind:1.0
religi:1.0
devot:1.0
common:1.0
sen:1.6931471805599454
leav:1.0
tank:1.0
came:1.0
start:2.09861228866811
drop:1.0
ga:1.0
earli:1.6931471805599454
morn:1.0
one:1.6931471805599454
sure:1.0
beyond:1.0
doubt:1.0
feel:1.0
thing:1.6931471805599454
said:1.0
make:1.6931471805599454
seem:1.6931471805599454
concern:1.0
someon:1.0
let:1.6931471805599454
sound:1.0
pretti:1.0
survivor:1.6931471805599454
regret:1.0
inferno:1.0
prove:1.0
loyalti:1.0
koresh:2.09861228866811
sad:1.6931471805599454
sick:1.0
got:2.09861228866811
think:1.6931471805599454
set:1.0
fire:1.0
place:1.0
spread:1.0
quickli:1.0
want:1.6931471805599454
put:1.0
motion:1.0
kind:1.0
creatur:1.0
ever:1.0
jonestown:1.0
author:1.6931471805599454
worship:1.0
howel:1.0
abl:1.0
like:1.6931471805599454
lot:1.0
fieri:1.0
last:1.0
year:1.0
investig:2.09861228866811
justic:1.0
dept:1.0
arlen:1.0
spectr:1.0
congress:1.0
good:1.0
bungl:1.0
affair:1.0
god:1.6931471805599454
mean:1.0
btw:1.0
thought:1.0
second:1.0
ammend:1.0
