mhamilto:2.09861228866811
nimitz:2.09861228866811
mc:2.6094379124341005
kent:3.1972245773362196
edu:2.9459101490553135
lawnmowerman:2.09861228866811
subject:1.0
atf:1.6931471805599454
burn:1.0
dividian:1.0
ranch:1.0
survivor:1.0
keyword:1.0
nata:1.0
thing:1.0
nntp:1.0
post:1.6931471805599454
host:1.0
repli:1.6931471805599454
matthew:1.6931471805599454
hamilton:1.6931471805599454
organ:1.0
state:1.6931471805599454
univers:1.6931471805599454
c:2.09861228866811
line:1.0
33:1.0
articl:1.6931471805599454
1r1j1l:1.0
4t:1.0
transfer:1.0
stratu:2.386294361119891
com:2.386294361119891
cdt:2.09861228866811
sw:1.6931471805599454
tavar:1.0
write:2.09861228866811
1993apr20:1.0
143255:1.0
12711:1.0
oh:1.0
guess:1.0
shoot:1.6931471805599454
kind:1.6931471805599454
babi:1.6931471805599454
right:2.09861228866811
sick:1.6931471805599454
bastard:1.6931471805599454
rocket:1.0
believ:1.6931471805599454
speak:1.0
compani:1.0
vo:1.0
today:1.0
special:1.0
investor:1.0
packet:1.0
thank:1.0
way:1.0
never:1.6931471805599454
ever:1.6931471805599454
said:1.0
howev:1.6931471805599454
branch:1.0
davidian:1.0
peopl:1.0
insist:1.0
stay:1.0
savior:1.0
yeah:1.0
budi:1.0
boy:1.0
brain:1.0
wash:1.0
say:1.6931471805599454
truth:1.0
even:1.0
mean:1.0
give:1.0
live:1.0
caus:1.0
therefor:1.0
david:1.0
fault:1.0
gave:1.0
50:1.6931471805599454
51:1.0
day:1.6931471805599454
get:1.0
mani:1.6931471805599454
rest:1.0
u:1.0
sad:1.0
hear:1.0
death:1.0
child:1.0
unlik:1.0
supposedli:1.0
r:1.0
k:1.0
physic:1.0
major:1.0
1499h751:1.0
ksuvxb:1.6931471805599454
1299h751:1.0
look:1.0
futur:1.0
advic:1.0
quot:1.0
jibberish:1.0
philosohi:1.0
