ron:2.09861228866811
hpfcso:1.0
fc:1.0
hp:1.0
com:1.0
miller:1.6931471805599454
subject:1.0
waco:1.0
masada:1.0
organ:1.0
hewlett:1.0
packard:1.0
fort:1.0
collin:1.0
co:1.0
usa:1.0
line:1.0
8:1.0
flame:1.0
wreckag:1.0
wrote:1.0
congressman:1.0
strongli:1.0
word:1.0
letter:1.6931471805599454
demand:1.0
dissolv:1.0
batf:1.0
perhap:1.0
anger:1.0
grief:1.0
help:1.0
spur:1.0
write:1.0
campaign:1.0
