dieder:1.6931471805599454
spot:2.09861228866811
colorado:2.386294361119891
edu:2.09861228866811
andrew:1.6931471805599454
diederich:1.6931471805599454
subject:1.0
batf:1.0
acronym:1.6931471805599454
nntp:1.0
post:1.0
host:1.0
organ:1.0
univers:1.0
boulder:1.0
distribut:1.0
usa:1.0
line:1.0
13:1.0
seen:1.0
one:1.0
yet:1.0
goe:1.0
b:1.0
are:1.0
dequat:1.0
otal:1.0
f:1.0
ed:1.0
know:1.0
adequ:1.0
fit:1.0
opinion:1.0
mine:1.0
altern:1.0
tuesday:1.0
