organ:1.0
univers:1.0
illinoi:2.6094379124341005
chicago:1.0
academ:1.0
comput:1.0
center:1.0
jason:2.09861228866811
kratz:2.09861228866811
u28037:1.6931471805599454
uicvm:2.09861228866811
uic:2.09861228866811
edu:2.791759469228055
subject:1.0
gun:1.0
like:1.6931471805599454
american:1.0
express:1.0
card:1.0
distribut:1.0
usa:1.0
1993apr17:1.0
235338:1.0
2819:1.0
ucsu:1.0
colorad:1.0
1993apr19:1.6931471805599454
203606:1.6931471805599454
27625:1.6931471805599454
csd:1.6931471805599454
newshost:1.6931471805599454
stanford:2.09861228866811
line:1.0
45:1.0
articl:1.6931471805599454
andi:2.791759469228055
sail:1.0
freeman:1.0
say:1.6931471805599454
93108:1.0
172544u28037:1.0
point:1.6931471805599454
forgot:1.6931471805599454
bring:1.0
noth:1.6931471805599454
g:1.0
bein:1.0
gang:1.6931471805599454
member:1.6931471805599454
illeg:1.6931471805599454
carri:2.791759469228055
conceal:2.791759469228055
weapon:2.09861228866811
thi:1.0
area:1.0
state:1.0
matter:1.0
right:1.0
na:1.0
whther:1.0
person:1.0
infer:1.0
wrong:1.0
peopl:2.6094379124341005
legal:1.0
il:1.0
circumst:1.0
mani:1.0
accuraci:1.0
realli:1.0
much:1.0
expect:1.0
would:1.6931471805599454
read:1.0
post:2.386294361119891
accur:1.0
said:1.0
materi:1.6931471805599454
anoth:1.0
make:1.0
know:1.0
true:1.0
look:1.0
one:1.0
statut:2.09861228866811
also:1.0
went:1.0
thing:1.0
ccw:1.0
u:1.6931471805599454
ordinari:2.09861228866811
folk:1.6931471805599454
end:1.0
quot:1.0
cours:1.0
mention:1.0
go:2.09861228866811
librari:1.6931471805599454
tomorrow:1.6931471805599454
photocopi:1.0
part:1.0
inform:1.0
citizen:1.6931471805599454
get:2.09861228866811
licens:2.09861228866811
even:1.0
ask:1.0
lawyer:1.0
friend:1.0
told:1.6931471805599454
certain:1.0
rememb:1.0
knew:1.0
sure:1.0
regular:1.0
type:1.0
check:1.0
info:1.0
night:1.0
