organ:1.0
penn:1.0
state:1.6931471805599454
univers:1.0
dgs4:1.0
psuvm:1.0
psu:1.0
edu:2.791759469228055
subject:1.0
clinton:1.6931471805599454
want:1.0
nation:2.6094379124341005
id:1.6931471805599454
card:3.0794415416798357
aka:1.0
ussr:1.0
style:1.6931471805599454
intern:1.0
passport:1.0
c5jif8:1.6931471805599454
i4n:1.6931471805599454
boi:2.09861228866811
hp:2.09861228866811
com:2.791759469228055
1993apr16:1.6931471805599454
022926:1.6931471805599454
27270:1.6931471805599454
ucsu:2.09861228866811
colorado:2.09861228866811
c5kse0:1.6931471805599454
5px:1.6931471805599454
1:1.6931471805599454
c:2.09861228866811
cmu:2.09861228866811
1993apr19:1.6931471805599454
162137:1.6931471805599454
1306:1.6931471805599454
hsh:2.09861228866811
line:1.0
50:1.0
articl:2.386294361119891
paul:1.6931471805599454
havemann:1.0
say:2.09861228866811
tsmith:1.0
tom:2.09861228866811
smith:1.0
write:2.09861228866811
u:1.6931471805599454
fcrari:1.0
ed:1.0
frank:1.0
crari:1.0
slack:1.6931471805599454
david:1.0
idea:1.6931471805599454
bull:1.0
self:1.6931471805599454
curiou:1.0
know:2.09861228866811
plan:1.6931471805599454
make:1.0
requir:2.09861228866811
alway:1.6931471805599454
go:1.0
present:1.0
tri:1.0
ge:1.0
medic:2.6094379124341005
aid:1.0
least:1.0
alreadi:1.0
determin:1.0
blue:2.09861228866811
cross:2.09861228866811
coverag:1.6931471805599454
feder:1.0
employe:1.0
good:1.0
model:1.0
futur:1.0
system:1.0
get:1.0
emerg:2.09861228866811
care:1.6931471805599454
anyon:1.0
insur:1.6931471805599454
must:2.6094379124341005
carri:1.6931471805599454
enter:1.0
hospit:2.6094379124341005
notifi:2.09861228866811
refus:1.0
pay:1.0
bill:1.0
treat:1.0
inform:1.0
within:1.6931471805599454
24:1.6931471805599454
hour:1.6931471805599454
unabl:1.0
reason:1.0
fail:1.0
mean:1.0
cover:1.0
need:1.0
without:2.09861228866811
certainli:1.0
therefor:1.0
time:1.0
work:1.6931471805599454
fine:1.0
end:1.6931471805599454
hit:1.0
head:1.0
wallet:1.0
stolen:1.0
happen:1.0
took:1.0
six:1.0
month:1.0
sort:1.6931471805599454
mess:1.0
sound:1.0
nice:1.0
first:1.6931471805599454
creat:1.0
lot:1.0
paperwork:1.0
bureaucraci:1.0
deal:1.0
check:1.0
file:1.0
involv:1.0
non:1.0
hacker:1.0
whoa:1.0
obviou:1.0
answer:1.0
problem:1.0
tatoo:1.0
number:1.0
forearm:1.0
never:1.0
leav:1.0
home:1.0
hell:1.0
bring:1.0
back:1.0
origin:1.0
sarcasm:1.0
laden:1.0
post:1.0
outcri:1.0
liber:2.09861228866811
sector:1.0
god:1.0
conserv:1.0
propos:1.6931471805599454
plu:1.0
polic:1.6931471805599454
would:1.0
shriek:1.0
sieg:1.0
heil:1.0
ought:1.0
asham:1.0
hypocrit:1.0
watch:1.0
saw:1.0
spokesman:1.0
aclu:1.0
voic:1.0
opposit:1.0
nbc:1.0
night:1.0
