crphilli:2.09861228866811
hound:2.386294361119891
dazixca:2.09861228866811
ingr:2.09861228866811
com:2.09861228866811
ron:1.6931471805599454
phillip:1.6931471805599454
subject:1.0
randi:1.6931471805599454
weaver:3.3978952727983707
trail:1.0
day:2.09861228866811
3:1.6931471805599454
nntp:1.0
post:1.6931471805599454
host:1.0
repli:1.0
organ:1.0
intergraph:1.6931471805599454
electron:1.6931471805599454
mountain:1.6931471805599454
view:1.6931471805599454
ca:1.6931471805599454
distribut:1.0
usa:1.0
line:1.0
85:1.0
firearm:1.0
polit:1.0
mail:1.0
list:1.0
hi:1.0
folk:1.0
thursday:1.6931471805599454
april:1.6931471805599454
15:1.0
mark:2.09861228866811
trial:1.6931471805599454
first:1.6931471805599454
testimoni:2.09861228866811
deputi:2.09861228866811
u:1.6931471805599454
marshal:2.09861228866811
larri:1.0
cooper:3.833213344056216
took:1.6931471805599454
stand:1.0
prosecut:1.6931471805599454
short:1.0
version:1.0
consist:1.0
open:1.6931471805599454
statement:1.0
testifi:1.0
arriv:1.0
spokan:1.0
washington:1.0
august:1.0
17:1.0
1992:1.0
particip:1.0
surveil:2.386294361119891
oper:1.0
five:1.0
near:1.0
cabin:2.791759469228055
team:2.09861228866811
use:1.0
night:1.0
vision:1.0
equip:1.0
split:1.0
two:2.791759469228055
three:2.6094379124341005
peopl:1.0
six:1.0
later:1.0
met:1.0
observ:1.0
point:2.6094379124341005
william:1.0
degan:2.9459101490553135
arthur:1.0
roderick:2.386294361119891
began:1.0
descent:1.0
scout:1.0
possibl:1.0
site:1.0
told:1.0
court:1.0
threw:1.0
larg:1.6931471805599454
rock:1.6931471805599454
gulli:1.0
see:1.0
whether:1.6931471805599454
famili:1.0
dog:2.9459101490553135
would:2.09861228866811
respond:1.0
striker:1.6931471805599454
yellow:1.0
lab:1.0
start:1.0
toward:2.09861228866811
bark:1.0
loudli:1.0
led:1.0
run:1.6931471805599454
area:2.09861228866811
ran:1.6931471805599454
den:1.0
wood:2.386294361119891
call:1.0
fern:1.0
field:1.0
pursuit:1.0
time:1.0
kevin:1.6931471805599454
harri:2.6094379124341005
samuel:2.6094379124341005
join:1.6931471805599454
chase:1.0
reach:2.386294361119891
road:2.386294361119891
decid:1.6931471805599454
take:1.0
cover:1.6931471805599454
otherwis:1.0
easi:1.0
target:1.0
might:1.0
shot:2.6094379124341005
back:1.6931471805599454
spot:1.6931471805599454
come:1.6931471805599454
ahead:1.6931471805599454
startl:1.0
fire:2.6094379124341005
moment:1.0
fend:1.0
gun:1.6931471805599454
unclear:1.0
mean:1.0
club:1.0
accord:1.0
continu:2.09861228866811
walk:1.0
appar:1.0
notic:1.0
pas:1.0
got:1.0
one:1.0
knee:1.0
rais:1.0
shout:1.0
stop:1.6931471805599454
brought:1.6931471805599454
weapon:2.09861228866811
around:1.6931471805599454
hip:1.0
level:1.6931471805599454
bring:1.0
eye:1.0
saw:1.6931471805599454
bill:1.0
arm:1.6931471805599454
go:1.0
knew:1.0
hit:1.0
went:1.0
bear:1.0
heard:1.6931471805599454
right:1.0
look:1.0
direct:1.0
yell:1.0
son:1.0
bitch:1.0
realiz:1.0
directli:1.0
round:1.0
burst:1.6931471805599454
place:1.0
finger:1.0
carotid:1.0
arteri:1.0
count:1.0
beat:1.0
heart:1.0
shortli:1.0
thereaft:1.0
gunfir:1.0
cross:2.09861228866811
examin:2.09861228866811
david:1.0
nevin:2.09861228866811
question:1.0
throw:1.0
gulley:1.0
ask:1.6931471805599454
want:1.0
lure:1.0
could:1.0
shoot:1.0
also:1.0
last:1.0
septemb:1.0
claim:1.6931471805599454
left:1.0
gone:1.0
event:1.0
head:1.0
account:1.0
correct:1.0
done:1.0
man:1.0
dress:1.0
full:1.0
camouflag:1.0
jump:1.0
answer:1.0
avail:1.0
friday:1.0
16:1.0
note:1.0
coverag:1.0
protestor:1.0
drew:1.0
senior:1.0
custom:1.0
engin:1.0
381:1.0
east:1.0
evelyn:1.0
avenu:1.0
voic:1.0
415:1.6931471805599454
691:1.6931471805599454
6473:1.0
94041:1.0
fax:1.0
0350:1.0
