phd85:1.6931471805599454
seq1:2.09861228866811
keel:2.6094379124341005
ac:2.09861228866811
uk:2.09861228866811
h:1.0
holden:1.6931471805599454
subject:1.0
atf:1.0
burn:1.0
dividian:1.0
ranch:1.0
survivor:1.0
line:1.0
9:1.0
distribut:1.0
world:1.0
nntp:1.0
post:1.0
host:1.0
cc:1.0
articl:1.0
1qvjh9innh4l:1.0
hp:2.09861228866811
col:2.09861228866811
com:1.6931471805599454
dduff:1.0
dave:1.6931471805599454
duff:1.0
nut:1.0
case:1.0
panic:1.0
jump:1.0
gun:1.0
net:1.0
get:1.0
fact:1.0
straight:1.0
brilliant:1.0
like:1.0
phi:1.0
dept:1.0
email:1.0
univers:1.0
staff:1.0
england:1.0
x:1.0
