pa146008:1.6931471805599454
utkvm1:1.6931471805599454
utk:1.6931471805599454
edu:1.6931471805599454
david:1.6931471805599454
veal:1.6931471805599454
subject:1.0
gun:2.09861228866811
like:2.386294361119891
american:1.0
express:1.0
card:1.0
line:2.09861228866811
77:1.0
organ:1.0
univers:1.0
tennesse:1.0
divis:1.0
continu:1.0
educ:1.6931471805599454
articl:1.0
cmm:1.0
0:1.0
90:1.0
2:1.0
735386976:1.0
thomasp:1.6931471805599454
surt:1.0
ifi:1.6931471805599454
uio:1.6931471805599454
thoma:1.0
parsli:1.0
write:1.0
rememb:2.09861228866811
figur:1.0
exactli:1.0
3500:1.0
death:1.0
texa:2.386294361119891
1991:1.0
caus:1.6931471805599454
firearm:1.0
relat:1.0
bee:1.0
kill:1.0
car:2.386294361119891
accid:1.0
unusu:1.0
regard:1.0
would:1.6931471805599454
nice:1.6931471805599454
reduc:1.0
though:1.6931471805599454
appear:1.0
murder:2.09861228866811
rate:1.6931471805599454
much:1.6931471805599454
higher:1.6931471805599454
nation:1.0
averag:1.0
expect:1.0
result:1.0
suicid:1.0
suffer:1.6931471805599454
other:2.09861228866811
agre:1.0
one:2.386294361119891
also:2.09861228866811
live:1.6931471805599454
sociati:1.0
therefor:1.0
give:1.0
freedom:1.0
note:1.0
run:1.0
problem:2.09861228866811
perfectli:1.0
will:1.0
govern:1.6931471805599454
regul:1.6931471805599454
someth:1.6931471805599454
harm:1.0
discus:1.0
extrem:1.0
larg:1.0
group:2.09861228866811
order:2.09861228866811
target:1.0
small:1.0
think:2.386294361119891
appropri:1.0
insur:1.0
pay:1.6931471805599454
buy:1.6931471805599454
anyth:1.6931471805599454
return:1.0
good:1.0
steal:1.0
even:1.0
get:1.0
bonu:1.0
peopl:2.6094379124341005
ereryth:1.0
want:1.0
burp:1.0
fart:1.0
play:1.0
music:1.0
loud:1.0
justifi:1.0
point:1.0
draw:1.6931471805599454
least:1.0
way:1.6931471805599454
must:1.6931471805599454
littl:1.0
substanti:1.0
set:1.0
percentag:1.0
punish:2.09861228866811
individu:2.09861228866811
state:1.0
tri:1.0
impos:1.0
rule:1.0
could:1.0
month:1.0
know:1.0
happen:1.0
virginia:1.0
pas:1.0
respect:1.0
right:1.6931471805599454
defend:1.0
inflict:1.0
seem:1.0
realiz:1.0
america:1.0
take:1.0
away:1.0
drunk:1.6931471805599454
driver:1.0
hope:1.6931471805599454
cure:1.0
first:1.0
cute:1.0
analog:1.0
u:1.0
treat:1.0
drive:1.6931471805599454
seriou:1.0
crime:1.0
howev:1.0
confisc:2.09861228866811
drink:1.6931471805599454
core:1.0
legal:1.0
system:1.0
call:1.0
properti:1.0
evid:1.0
enough:1.0
show:1.0
major:1.0
convict:1.6931471805599454
white:1.6931471805599454
particular:1.0
guy:1.0
life:1.0
comfirm:1.0
standard:1.0
winni:1.0
poh:1.0
huh:1.0
univ:1.0
tenn:1.0
div:1.0
cont:1.0
info:1.0
servic:1.0
still:1.0
laugh:1.0
day:1.0
push:1.0
elev:1.0
shaft:1.0
begin:1.0
love:1.0
anymor:1.0
weird:1.0
al:1.0
