kratz:3.0794415416798357
c:1.0
uiuc:1.0
edu:2.6094379124341005
jason:2.09861228866811
subject:1.0
crimin:1.0
machinegun:1.0
organ:1.0
univers:1.0
illinoi:1.0
urbana:1.0
champaign:1.0
distribut:1.0
usa:1.0
line:1.0
52:1.0
1993apr16:1.0
202441:1.0
16032:1.0
csd:1.0
newshost:1.0
stanford:1.6931471805599454
andi:2.386294361119891
sail:1.0
freeman:1.0
write:1.6931471805599454
articl:1.0
93104:1.0
175256u28037:1.0
uicvm:1.6931471805599454
uic:1.6931471805599454
u28037:1.0
peopl:1.6931471805599454
get:1.6931471805599454
kill:1.6931471805599454
gang:1.6931471805599454
violenc:1.6931471805599454
everi:1.6931471805599454
day:1.6931471805599454
singl:1.0
hear:1.6931471805599454
see:2.6094379124341005
weapon:1.0
confisc:1.0
claim:1.0
reliabl:1.0
visual:1.6931471805599454
distinguish:2.09861228866811
16:2.6094379124341005
ar:2.9459101490553135
15:2.9459101490553135
differ:2.6094379124341005
semi:2.6094379124341005
auto:3.1972245773362196
full:2.386294361119891
uzi:1.6931471805599454
variou:1.0
version:1.0
11:1.6931471805599454
9:1.6931471805599454
well:1.6931471805599454
let:1.0
mayb:1.6931471805599454
rememb:1.6931471805599454
selector:1.6931471805599454
swtich:1.0
correctli:1.0
plea:1.0
correct:2.09861228866811
wrong:1.0
switch:2.09861228866811
would:2.386294361119891
set:1.0
posit:2.09861228866811
gun:2.6094379124341005
automat:1.0
fire:2.386294361119891
3:1.0
round:1.0
burst:1.0
easi:1.6931471805599454
alon:1.0
cours:1.0
modifi:1.0
think:1.0
talk:1.0
unmodifi:1.0
also:1.0
fulli:1.0
love:1.0
detail:1.0
demonstr:1.0
blow:1.0
smoke:1.0
consid:1.0
one:1.0
design:1.0
look:1.6931471805599454
like:2.09861228866811
anoth:1.0
yet:1.0
properti:1.0
quit:1.6931471805599454
common:1.0
kid:1.6931471805599454
neighborhood:2.09861228866811
young:1.0
figur:1.6931471805599454
parent:1.0
car:1.6931471805599454
much:1.6931471805599454
richard:1.6931471805599454
petti:1.6931471805599454
even:1.0
though:1.0
except:1.0
paint:1.0
job:1.0
thing:1.0
must:1.0
actual:1.0
pretti:1.0
hard:1.0
live:1.0
left:1.0
stock:1.0
driveway:1.0
sure:1.0
tv:2.09861228866811
make:1.0
irrelev:1.0
inspect:1.0
outsid:1.0
work:1.0
accept:1.6931471805599454
sinc:1.0
fact:1.0
good:1.6931471805599454
person:1.0
mean:1.0
said:1.0
guess:1.0
enough:1.0
pictur:1.6931471805599454
lower:1.0
receiv:1.0
gave:1.0
chanc:1.0
back:1.6931471805599454
privat:1.6931471805599454
take:1.0
offer:1.0
