tclock:1.0
orion:1.6931471805599454
oac:1.6931471805599454
uci:1.6931471805599454
edu:2.791759469228055
tim:1.6931471805599454
clock:1.0
subject:1.0
mani:1.6931471805599454
mutlu:2.09861228866811
danc:1.6931471805599454
head:1.6931471805599454
pin:1.6931471805599454
articl:2.09861228866811
news:1.0
2bc0d53b:1.0
20378:1.0
organ:1.0
univers:1.0
california:1.0
irvin:1.0
line:1.0
28:1.0
nntp:1.0
post:1.0
host:1.0
1993apr5:1.0
211146:1.0
3662:1.0
mnemosyn:1.0
c:1.6931471805599454
du:1.6931471805599454
jfurr:1.6931471805599454
nyx:1.0
joel:2.09861228866811
furr:1.6931471805599454
write:2.09861228866811
3456:1.0
israel:1.0
nysernet:1.6931471805599454
org:1.6931471805599454
warren:1.6931471805599454
c4xkbx:1.0
53f:1.0
polari:1.6931471805599454
async:1.6931471805599454
vt:1.6931471805599454
remind:1.0
armenian:1.6931471805599454
massacr:1.6931471805599454
turk:2.09861228866811
took:1.0
sct:1.0
sure:1.0
want:1.0
invok:1.0
name:1.6931471805599454
grep:1.0
mason:1.0
kibo:1.0
last:1.0
lest:1.0
includ:1.0
afu:1.0
daili:1.0
round:1.0
dunno:1.0
day:1.0
heard:1.0
rumor:1.0
serdar:1.0
argic:1.0
aka:1.0
hasan:1.0
ahm:1.0
cosar:1.0
zumabot:1.0
realli:1.0
fact:1.0
attempt:1.0
make:1.6931471805599454
discus:1.6931471805599454
armenia:1.0
nois:1.0
laden:1.0
seriou:1.0
imposs:1.0
therebi:1.0
cloak:1.0
histor:1.0
record:1.0
tremend:1.0
cloud:1.0
confus:1.0
di:1.0
possibl:1.0
track:1.0
zuma:1.0
determin:1.0
seradr:1.0
assu:1.0
ident:1.0
shield:1.0
polici:1.0
similar:1.0
place:1.0
anonym:1.0
servic:1.0
simpl:1.0
