ayr1:1.6931471805599454
cunixa:2.09861228866811
cc:2.09861228866811
columbia:2.386294361119891
edu:2.9459101490553135
amir:2.09861228866811
rosenblatt:1.6931471805599454
subject:1.0
isra:1.0
expans:1.0
lust:1.0
nntp:1.0
post:1.0
host:1.0
repli:1.0
organ:1.0
univers:1.0
line:1.6931471805599454
57:1.0
articl:2.09861228866811
2528:1.0
spam:2.09861228866811
math:2.09861228866811
adelaid:2.09861228866811
au:1.6931471805599454
jaskew:1.6931471805599454
joseph:2.09861228866811
askew:2.09861228866811
write:2.09861228866811
1993apr13:1.0
002118:1.0
24102:1.0
da:1.0
harvard:1.0
adam:1.6931471805599454
endor:1.0
uucp:1.0
shostack:1.0
1993apr12:1.0
184034:1.0
1370:1.0
bnr:1.6931471805599454
ca:1.6931471805599454
zbib:1.0
imho:1.0
realli:1.0
matter:1.0
start:2.09861228866811
individu:1.0
battl:1.0
within:1.0
arab:3.1972245773362196
isreal:1.0
war:3.0794415416798357
context:1.0
real:1.0
question:1.0
anyon:1.0
doubt:1.0
creation:1.0
israel:2.386294361119891
land:1.6931471805599454
huh:1.0
sever:1.0
armi:1.6931471805599454
invad:1.6931471805599454
vow:1.0
drive:1.0
jew:2.6094379124341005
sea:1.0
want:1.6931471805599454
live:1.6931471805599454
peac:1.6931471805599454
stay:2.09861228866811
grant:1.6931471805599454
citizenship:1.6931471805599454
depend:1.0
entir:1.6931471805599454
defin:1.6931471805599454
actual:1.6931471805599454
fight:2.09861228866811
larg:1.0
predat:1.0
invas:1.6931471805599454
deir:1.0
yassin:1.0
happen:1.0
midapril:1.0
well:1.6931471805599454
said:1.6931471805599454
elsewher:1.0
lt:1.0
col:1.0
lorch:1.0
hagana:1.0
forc:1.0
month:1.0
arguabl:1.0
think:1.0
easi:1.0
enough:1.0
show:1.0
labour:1.0
parti:1.0
leadership:1.0
intent:1.0
mean:1.0
expel:1.6931471805599454
even:1.0
stop:1.0
anyway:1.0
seig:1.6931471805599454
constant:1.0
attack:2.6094379124341005
villiag:2.09861228866811
count:1.0
act:1.0
januari:1.0
1948:1.0
liber:1.0
kfar:1.6931471805599454
szold:1.0
1000:1.0
men:1.0
etzion:1.6931471805599454
14:1.0
mile:1.0
south:1.0
jerusalem:1.6931471805599454
cut:2.6094379124341005
suppli:2.386294361119891
yehiam:1.6931471805599454
western:1.0
galile:1.0
kibbutz:1.0
tirat:1.0
tzvi:1.0
mid:1.0
march:1.0
jewish:1.6931471805599454
settlement:1.0
negev:1.0
link:1.0
rest:1.0
popul:1.0
group:1.0
near:1.0
hebron:1.0
42:1.0
member:1.0
convoy:1.0
tri:1.0
slaughter:1.0
rout:1.0
tel:1.0
aviv:1.0
bomb:1.0
truck:1.0
left:1.0
side:1.0
road:1.0
day:1.0
memoriam:1.0
time:1.0
1200:1.0
kill:1.0
cours:1.0
sinc:1.0
like:1.6931471805599454
last:1.0
week:1.0
fatah:1.0
launch:1.0
katyusha:1.0
rocket:1.0
northern:1.0
upris:1.0
end:1.6931471805599454
begin:1.0
still:1.6931471805599454
intifadah:1.0
plo:1.0
bring:1.0
tank:1.0
gauch:1.0
proud:1.0
autumn:1.0
see:1.6931471805599454
pleiad:1.0
remot:1.0
thorni:1.0
desert:1.0
fell:1.0
grief:1.0
disclaim:1.0
sue:1.0
care:1.0
north:1.0
tent:1.0
sky:1.0
must:1.0
somwher:1.0
rather:1.0
brenda:1.0
beyond:1.0
pale:1.0
river:1.0
murmur:1.0
