subject:1.0
mani:1.6931471805599454
isra:1.0
soldier:1.0
take:1.6931471805599454
kill:1.0
5:1.0
yr:1.0
old:1.0
child:1.0
jhsegal:2.09861228866811
wiscon:1.6931471805599454
weizmann:2.6094379124341005
ac:2.6094379124341005
il:2.6094379124341005
livian:1.6931471805599454
segal:1.6931471805599454
organ:1.0
institut:1.0
scienc:1.0
comput:1.0
center:1.0
line:1.0
16:1.0
articl:1.0
1qhv50:1.0
222:1.0
bagel:1.0
c:1.6931471805599454
huji:1.6931471805599454
ranen:1.6931471805599454
falafel:1.0
goren:1.0
write:1.0
q:1.0
nick:1.0
steel:1.0
twist:1.0
truth:1.0
around:1.0
one:1.6931471805599454
thank:1.0
god:1.0
tranen:1.0
absolut:1.0
true:1.0
lot:1.0
vm:1.0
cm:1.0
unix:1.0
