mucit:1.6931471805599454
c:1.6931471805599454
rochest:2.09861228866811
edu:3.302585092994046
bulent:1.0
murtezaoglu:1.0
subject:1.0
turkey:2.386294361119891
cypru:1.0
bosnia:1.0
serbia:1.0
greec:1.6931471805599454
armenia:1.0
azeri:1.0
articl:1.6931471805599454
vein:1.6931471805599454
93apr15173530:1.0
1993apr14:1.6931471805599454
064421:1.0
27655:1.0
usag:1.0
csd:1.0
unsw:1.0
oz:1.0
au:1.0
93104:1.0
141046finaid5:1.0
auvm:1.0
american:1.0
c5i1b6:1.0
hiv:1.0
news:2.09861228866811
cso:2.6094379124341005
uiuc:2.6094379124341005
211615:1.0
iastat:1.6931471805599454
c5if8u:1.0
3ki:1.0
1993apr15:1.0
092101:1.0
c5jh:1.0
organ:1.0
comput:1.0
scienc:1.0
depart:1.0
univers:1.0
line:1.0
27:1.0
repli:1.0
ptg2351:1.6931471805599454
uxa:1.6931471805599454
messag:1.0
thu:1.0
15:1.0
apr:1.0
1993:1.0
19:1.0
16:1.6931471805599454
gmt:1.0
nntp:1.0
post:1.0
host:1.0
c5jhj4:1.0
f4j:1.0
pano:1.0
tamamidi:1.0
write:1.0
stuff:1.6931471805599454
delet:1.6931471805599454
say:1.6931471805599454
conflict:1.0
start:1.0
one:2.386294361119891
side:1.0
aggress:1.0
ither:1.0
alway:1.0
suffer:1.0
sad:1.0
still:1.0
tri:1.0
compromis:1.0
rememb:1.0
action:1.0
turkish:2.09861228866811
govern:1.0
remov:1.0
visa:1.6931471805599454
requir:1.6931471805599454
greek:2.6094379124341005
come:1.0
thought:1.6931471805599454
posit:1.0
attempt:1.0
make:1.0
relat:1.0
better:1.0
smart:2.09861228866811
move:2.386294361119891
receiv:1.0
money:1.0
tourist:1.6931471805599454
bet:1.0
week:1.6931471805599454
200:1.6931471805599454
000:2.09861228866811
leav:1.0
least:1.0
1:1.0
go:1.0
figur:1.0
mean:1.0
economi:1.0
kept:1.0
mani:1.6931471805599454
would:1.0
bother:1.0
visit:1.6931471805599454
inde:1.0
true:1.0
happi:2.386294361119891
merchant:1.6931471805599454
harm:1.0
also:1.0
good:1.0
add:1.0
per:1.0
howev:1.0
interact:1.0
simpl:1.0
paperwork:1.0
arena:1.0
lotsa:1.0
peopl:1.0
nation:1.0
observ:1.0
cheer:1.0
bm:1.0
