mbkolodn:1.0
unix:1.0
amherst:1.6931471805599454
edu:1.0
michael:1.0
brian:1.0
kolodn:1.0
subject:1.0
mani:1.0
isra:1.0
soldier:1.0
take:1.0
organ:1.0
colleg:1.0
x:1.0
newsread:1.0
tin:1.0
version:1.0
1:1.6931471805599454
pl7:1.0
line:1.0
2:1.0
boy:1.0
realli:1.0
humor:1.0
impress:1.0
incred:1.0
sen:1.0
wit:1.0
sarcasm:1.0
proprieti:1.0
mind:1.0
post:1.0
joke:1.0
mother:1.0
