terziogl:1.6931471805599454
ee:2.09861228866811
rochest:2.386294361119891
edu:2.09861228866811
esin:2.386294361119891
terzioglu:1.6931471805599454
subject:1.0
armenia:2.386294361119891
say:1.6931471805599454
could:1.6931471805599454
shoot:1.6931471805599454
turkish:2.6094379124341005
plane:1.6931471805599454
organ:1.0
univ:1.0
colleg:1.0
engin:1.0
appli:1.0
scienc:1.0
line:1.0
33:1.0
articl:2.09861228866811
1993apr19:1.0
155856:1.0
8260:1.0
kpc:1.6931471805599454
com:1.6931471805599454
henrik:1.0
quayl:1.0
write:2.09861228866811
1993apr17:1.0
185118:1.0
10792:1.0
1993apr16:1.0
195452:1.0
21375:1.0
urartu:1.6931471805599454
sdpa:1.6931471805599454
org:1.6931471805599454
dbd:1.0
david:1.0
davidian:1.0
04:1.0
16:1.0
93:1.0
1045:1.0
ermenistan:1.0
kasiniyor:1.0
let:2.386294361119891
translat:1.0
everyon:1.0
el:1.0
public:1.0
traslat:1.0
servic:1.0
get:2.386294361119891
itchi:1.6931471805599454
clearifi:1.0
mr:1.0
simpli:1.6931471805599454
world:1.6931471805599454
know:1.0
longer:1.0
sit:1.0
quiet:1.0
turk:1.0
away:1.0
famou:1.0
trick:1.0
armenian:1.0
rememb:1.0
invas:1.0
greek:2.09861228866811
island:1.6931471805599454
cypress:1.0
watch:1.0
ignor:1.6931471805599454
obviou:1.0
post:2.09861228866811
1:1.0
cypru:1.6931471805599454
independ:1.0
countri:1.0
inhabit:1.0
like:1.0
claim:1.0
2:1.0
name:1.0
english:1.0
next:1.0
time:1.0
read:1.0
learn:1.0
