ptg2351:1.6931471805599454
uxa:1.6931471805599454
cso:2.09861228866811
uiuc:2.09861228866811
edu:2.6094379124341005
pano:2.386294361119891
tamamidi:2.386294361119891
subject:1.0
turkey:2.6094379124341005
cypru:1.6931471805599454
bosnia:1.0
serbia:1.0
greec:1.6931471805599454
armenia:1.0
azeri:1.0
organ:1.0
univers:1.0
illinoi:1.0
urbana:1.0
line:1.0
60:1.0
tankut:2.09861228866811
iastat:1.6931471805599454
sabri:1.0
atan:1.6931471805599454
write:1.6931471805599454
articl:1.0
c5if8u:1.0
3ki:1.0
news:1.0
noth:1.0
greek:3.1972245773362196
problem:1.0
fanat:1.0
met:1.6931471805599454
mani:1.6931471805599454
even:1.0
talk:1.6931471805599454
turkish:1.6931471805599454
experi:1.6931471805599454
friend:1.0
alway:2.386294361119891
open:1.6931471805599454
well:2.09861228866811
histori:1.6931471805599454
war:1.0
current:1.0
situat:1.0
help:1.0
mr:1.0
way:1.6931471805599454
put:1.6931471805599454
turk:2.386294361119891
bear:1.0
respons:1.6931471805599454
thing:2.386294361119891
happen:2.09861228866811
today:1.0
hard:1.0
believ:1.0
somebodi:1.0
tri:1.6931471805599454
object:1.0
histor:1.0
perspect:1.6931471805599454
move:1.6931471805599454
area:1.6931471805599454
inhabit:1.0
two:2.386294361119891
nation:2.386294361119891
start:1.6931471805599454
centuri:1.0
ago:1.0
sinc:1.0
continu:1.0
battl:1.0
see:1.0
say:1.6931471805599454
cours:1.0
would:2.09861228866811
reason:1.6931471805599454
argu:1.0
hostil:1.0
drag:1.0
till:1.0
kick:1.0
go:1.6931471805599454
best:1.0
improv:1.0
relat:1.6931471805599454
countri:1.6931471805599454
golden:1.0
oportun:1.0
exist:1.0
work:1.6931471805599454
possibl:1.0
could:1.0
come:2.386294361119891
conflict:1.6931471805599454
like:1.0
blame:1.0
one:2.09861228866811
side:2.09861228866811
bad:1.6931471805599454
guy:1.0
anatolia:1.0
ww1:1.0
anyway:1.0
think:1.6931471805599454
right:1.0
avoid:1.0
discus:1.0
consid:1.0
waist:1.0
time:1.0
besid:1.0
said:1.0
want:1.0
new:1.0
flame:1.0
aggress:1.0
ither:1.0
suffer:1.0
sad:1.0
still:1.0
compromis:1.0
rememb:1.0
action:1.0
govern:1.0
remov:1.0
visa:1.6931471805599454
requir:1.6931471805599454
thought:1.6931471805599454
posit:1.0
attempt:1.0
make:1.0
better:1.0
smart:1.0
receiv:1.0
money:1.0
tourist:1.6931471805599454
bet:1.0
week:1.0
200:1.0
000:1.6931471805599454
leav:1.0
least:1.0
1:1.0
figur:1.0
mean:1.0
economi:1.0
kept:1.0
bother:1.0
visit:1.0
mention:1.0
educ:1.0
peopl:1.0
never:1.0
know:1.0
person:1.6931471805599454
polit:1.0
busi:1.6931471805599454
individu:1.0
hatr:1.0
extrapol:1.0
limit:1.0
err:1.0
get:1.0
conclus:1.0
