warren:2.09861228866811
itexjct:1.0
jct:1.0
ac:1.0
il:1.0
burstein:1.0
subject:1.0
serdar:2.09861228866811
argic:1.0
organ:1.0
itex:1.0
jerusalem:1.0
israel:1.0
line:1.0
42:1.0
1993apr13:1.0
194543:1.0
225925:1.0
fourd:1.6931471805599454
com:1.6931471805599454
bill:1.0
paxton:1.0
write:1.0
hello:1.0
would:1.0
like:1.0
much:1.0
meet:2.09861228866811
locat:1.0
let:1.0
know:1.6931471805599454
soon:1.0
possibl:1.0
look:1.0
forward:1.0
reach:1.6931471805599454
might:1.0
abl:1.0
sysadmin:1.0
email:1.0
phone:1.0
snail:1.0
mail:1.6931471805599454
inform:1.0
r:1.0
intern:1.0
net:1.0
ahmet:2.386294361119891
cosar:2.9459101490553135
anatolia:2.09861228866811
dom:1.0
1530:1.6931471805599454
6th:1.6931471805599454
st:1.6931471805599454
suit:1.0
c705:1.6931471805599454
minneapoli:1.6931471805599454
minnesota:1.0
55454:1.6931471805599454
domain:1.0
name:1.6931471805599454
org:2.09861228866811
administr:1.0
contact:2.09861228866811
technic:1.0
zone:1.0
ac234:1.0
612:1.6931471805599454
376:1.6931471805599454
7873:1.6931471805599454
finger:1.0
umn:2.09861228866811
edu:2.09861228866811
get:1.0
1:2.09861228866811
info:1.0
last:1.0
regist:1.0
1993:1.0
winter:1.0
qtr:1.0
internet:1.0
mailbox:2.09861228866811
cosa0001:2.09861228866811
student:1.0
tc:1.6931471805599454
prof:1.0
umntcml:1.0
postal:1.0
address:1.0
apt:1.0
mn:1.0
surnam:1.0
telephon:1.0
titl:1.0
grad:1.0
userid:1.0
x:1.0
400:1.0
g:1.0
ou:1.0
prmd:1.0
admd:1.0
c:1.0
u:1.0
nysernet:1.0
