nraclaw:1.0
jade:1.0
tuft:1.6931471805599454
edu:1.0
nissan:1.6931471805599454
raclaw:1.0
subject:1.0
go:1.6931471805599454
hezbollah:1.0
organ:1.0
univers:1.0
medford:1.0
line:1.0
13:1.0
congratul:1.0
also:1.0
due:1.0
hama:1.6931471805599454
activist:1.0
blew:1.0
world:1.0
trade:1.0
center:1.0
everi:1.0
american:1.0
put:1.0
grave:1.0
underlin:1.0
usa:1.0
bankrupt:1.0
imperialist:1.0
polici:1.0
blah:2.6094379124341005
brad:1.0
ask:1.0
violenc:1.0
love:1.0
much:1.0
come:1.0
back:1.0
haunt:1.0
