bradski:2.386294361119891
retina:1.0
bu:1.6931471805599454
edu:2.09861228866811
gari:1.6931471805599454
subject:1.0
go:1.0
hezbollah:1.0
1993apr14:1.0
201143:1.0
20969:1.0
src:2.791759469228055
honeywel:2.791759469228055
com:2.791759469228055
c5huba:1.0
cjo:1.0
news:1.0
cso:1.0
uiuc:1.0
1993apr15:1.6931471805599454
031349:1.6931471805599454
21824:1.6931471805599454
organ:1.0
boston:2.09861228866811
univers:1.6931471805599454
center:1.0
adapt:1.0
system:1.6931471805599454
line:1.0
32:1.0
repli:1.6931471805599454
amehdi:2.6094379124341005
messag:1.0
15:1.6931471805599454
apr:1.6931471805599454
93:1.6931471805599454
03:1.6931471805599454
13:1.6931471805599454
49:1.6931471805599454
gmt:1.6931471805599454
hossien:1.6931471805599454
said:2.09861228866811
articl:1.6931471805599454
write:1.0
arab:2.386294361119891
sinc:1.0
assum:1.0
well:1.0
think:1.0
brain:1.0
full:1.0
shit:1.0
realli:1.0
believ:1.0
bombard:1.0
civilian:1.6931471805599454
none:1.0
area:1.0
lebanon:1.0
israel:1.0
consist:1.0
polici:1.6931471805599454
intimid:1.0
practic:1.0
call:1.0
democraci:1.0
middl:1.0
east:1.0
merley:1.0
point:1.0
side:1.0
also:1.0
suffer:1.0
like:1.0
say:1.0
lebanes:1.0
bet:1.0
would:1.0
defend:1.0
homeland:1.0
invad:1.6931471805599454
mean:1.0
syrian:1.0
iranian:1.0
agent:1.0
isra:1.0
net:1.0
park:1.0
reverber:1.0
cognit:1.0
neural:1.0
v:1.6931471805599454
111:1.0
cummington:1.0
st:1.0
02215:1.0
617:1.0
353:1.0
6426:1.0
even:1.0
agre:1.0
opinion:1.0
die:1.0
