mau:1.6931471805599454
herki:1.6931471805599454
c:1.6931471805599454
uiowa:1.6931471805599454
edu:2.386294361119891
napoleon:2.09861228866811
subject:1.0
turkey:1.0
cypru:1.0
bosnia:1.0
serbia:1.0
greec:1.0
armenia:1.0
azeri:1.0
nntp:1.0
post:1.0
host:1.0
organ:1.0
univers:1.0
iowa:1.6931471805599454
citi:2.386294361119891
ia:1.0
usa:1.0
line:1.0
16:1.0
articl:1.0
1qvgu5inn2np:1.0
lynx:1.0
unm:1.6931471805599454
osinski:2.09861228866811
chtm:1.0
eec:1.0
marek:1.6931471805599454
well:1.0
take:1.0
long:1.0
see:1.0
consequ:1.0
greek:1.0
request:1.0
thessaloniki:2.09861228866811
call:2.791759469228055
solun:2.09861228866811
bulgarian:1.0
netter:1.0
write:1.0
konstantinopl:1.0
istanbul:1.0
inhabit:1.6931471805599454
last:1.0
2300:1.0
year:1.6931471805599454
never:1.0
instabul:1.0
konstantinoupoli:1.6931471805599454
320:1.0
ad:1.0
1920:1.0
1600:1.0
mani:1.6931471805599454
peopl:1.6931471805599454
aliv:1.0
today:1.0
born:1.6931471805599454
know:1.0
