dbd:1.6931471805599454
urartu:1.6931471805599454
sdpa:1.6931471805599454
org:1.6931471805599454
david:1.6931471805599454
davidian:1.6931471805599454
subject:1.0
turkey:3.302585092994046
admit:1.0
send:2.386294361119891
arm:1.6931471805599454
azerbaijan:3.3978952727983707
turkish:2.791759469228055
pilot:1.6931471805599454
caught:1.0
summari:1.0
oh:1.0
ye:1.0
neutral:1.0
organ:1.0
p:2.09861228866811
center:1.6931471805599454
region:2.09861228866811
studi:1.6931471805599454
line:1.0
57:1.0
4:1.0
15:1.0
93:1.0
1242:1.0
light:2.09861228866811
weapon:2.09861228866811
aid:2.09861228866811
seva:1.0
ulman:1.0
ankara:2.6094379124341005
upi:1.0
help:2.09861228866811
fight:1.6931471805599454
armenian:2.791759469228055
forc:1.6931471805599454
struggl:1.0
nagorno:1.0
karabakh:1.0
enclav:1.0
newspap:1.6931471805599454
hurriyet:1.6931471805599454
said:3.1972245773362196
thursday:1.0
deputi:1.0
prime:1.6931471805599454
minist:1.6931471805599454
erdal:1.0
inonu:1.6931471805599454
told:1.6931471805599454
report:2.386294361119891
respond:1.0
posit:2.386294361119891
request:1.6931471805599454
assist:1.0
give:1.0
respons:1.0
within:1.6931471805599454
limit:1.0
capabl:1.0
foreign:1.6931471805599454
ministri:1.0
spokesman:1.0
vural:1.0
valkan:1.0
declin:1.0
elabor:1.0
natur:1.0
sent:1.0
framework:1.0
council:1.0
secur:1.0
cooper:1.0
europ:1.0
publish:1.0
istanbul:1.0
includ:1.0
rocket:1.6931471805599454
launcher:1.0
ammunit:1.0
began:1.0
hardwar:1.0
visit:1.0
last:1.0
week:1.6931471805599454
high:1.0
rank:1.0
azerbaijani:2.09861228866811
offici:1.0
howev:1.0
rule:1.0
second:1.0
time:1.0
one:1.0
would:2.09861228866811
interven:1.0
militarili:1.6931471805599454
wednesday:1.0
allow:1.0
suffer:1.0
defeat:1.0
hand:1.0
feel:1.0
bound:1.0
right:1.0
tell:1.0
form:1.0
may:1.0
take:1.0
futur:1.0
continu:1.0
whole:1.0
world:1.0
know:1.0
suleyman:1.0
demirel:1.0
reiter:1.0
get:1.0
involv:1.0
conflict:1.0
polici:1.0
decis:1.0
could:1.0
base:2.09861228866811
street:1.0
level:1.0
excit:1.0
immedi:1.0
reaction:1.0
sourc:2.09861228866811
yerevan:1.0
say:1.0
offic:1.0
captur:1.0
shot:1.0
fli:1.0
warplan:1.0
helicopt:1.0
cumhuriyet:1.0
troop:1.6931471805599454
dig:1.0
along:1.6931471805599454
border:2.386294361119891
armenia:1.0
militari:1.6931471805599454
deni:1.0
claim:1.0
local:1.0
peopl:1.0
gunfir:1.0
heard:1.0
action:1.0
occur:1.0
latest:1.0
upsurg:1.0
flare:1.0
earli:1.0
month:1.0
seiz:1.0
town:1.0
kelbajar:1.0
later:1.0
outsid:1.0
fizuli:1.0
near:1.0
iranian:1.0
explain:1.6931471805599454
box:1.0
382761:1.0
even:1.0
1915:1.0
cambridg:1.0
02238:1.0
mp:1.0
march:1.0
1992:1.0
