hasan:2.386294361119891
mcrcim:2.09861228866811
mcgill:2.386294361119891
edu:2.09861228866811
subject:1.0
water:2.6094379124341005
brain:1.0
isra:1.0
expans:1.0
lust:1.0
origin:1.0
lightn:1.6931471805599454
nntp:1.0
post:1.0
host:1.0
organ:1.0
research:1.0
centr:1.0
intellig:1.0
machin:1.0
line:1.0
15:1.0
articl:1.0
1993apr15:1.0
055341:1.0
6075:1.0
nysernet:2.09861228866811
org:2.09861228866811
astein:1.6931471805599454
alan:1.6931471805599454
stein:1.6931471805599454
write:1.0
guess:1.0
final:1.0
reveal:1.0
sourc:1.0
claim:1.0
israel:2.6094379124341005
divert:1.6931471805599454
lebanon:1.6931471805599454
imagin:1.0
h:1.0
mr:1.0
head:1.6931471805599454
never:1.0
said:1.6931471805599454
lebanes:1.6931471805599454
river:1.6931471805599454
fact:1.0
went:1.0
southern:1.0
make:1.0
sure:1.0
use:1.6931471805599454
side:1.0
would:1.0
run:1.0
jordan:1.0
