maler:2.386294361119891
vercor:1.0
imag:2.386294361119891
fr:1.6931471805599454
ode:1.6931471805599454
subject:1.6931471805599454
unconvent:2.386294361119891
peac:2.09861228866811
propos:2.791759469228055
nntp:1.0
post:1.6931471805599454
host:1.0
pelvoux:1.0
organ:1.0
univers:1.0
grenobl:1.6931471805599454
franc:1.6931471805599454
line:1.0
43:1.0
articl:1.0
1483500348:1.0
igc:1.6931471805599454
apc:1.6931471805599454
org:1.6931471805599454
cpr:1.6931471805599454
center:1.6931471805599454
polici:1.6931471805599454
research:1.6931471805599454
write:1.0
middl:1.0
east:1.0
elia:1.6931471805599454
davidsson:1.6931471805599454
1:1.0
fund:1.0
establish:1.0
would:1.6931471805599454
disburs:1.0
grant:2.386294361119891
child:2.9459101490553135
born:1.6931471805599454
coupl:1.6931471805599454
one:1.6931471805599454
partner:2.09861228866811
isra:1.6931471805599454
jew:1.0
palestinian:1.0
arab:1.0
2:1.0
entitl:2.09861228866811
prove:1.0
posse:1.0
citizenship:1.6931471805599454
law:1.6931471805599454
return:1.6931471805599454
although:1.0
area:1.0
current:1.0
isreali:1.0
control:1.0
3:1.0
first:1.0
amount:1.6931471805599454
18:1.6931471805599454
000:2.386294361119891
second:1.0
third:1.0
12:1.0
subsequ:1.0
6:1.0
thank:1.0
critic:1.0
comment:1.0
well:1.0
dissemin:1.0
meaning:1.0
discus:1.0
enrich:1.0
box:1.0
1760:1.0
121:1.0
reykjavik:1.0
iceland:1.0
mayb:1.0
bit:1.0
old:1.0
fashion:1.0
heard:1.0
someth:1.0
call:1.0
love:1.0
use:1.0
play:1.0
role:1.0
peopl:1.6931471805599454
consider:1.0
get:1.6931471805599454
marri:1.6931471805599454
cours:1.0
know:1.0
fictiti:1.0
order:1.0
green:1.0
card:1.0
make:1.0
common:1.0
power:1.0
aa:1.0
limit:1.0
inde:1.0
lgi:1.0
bat:1.0
b:1.0
p:1.0
53x:1.0
38041:1.0
phone:1.0
76635846:1.0
fax:1.0
76446675:1.0
e:1.0
mail:1.0
