bf3833:1.0
pyux:1.0
cc:1.0
bellcor:1.6931471805599454
com:2.09861228866811
feigenbaum:1.0
benjamin:1.0
subject:1.0
go:1.0
hezbollah:1.0
organ:1.0
livingston:1.0
nj:1.0
summari:1.0
untri:1.6931471805599454
approach:1.6931471805599454
line:1.0
59:1.0
articl:1.6931471805599454
1993apr20:1.0
114746:1.0
3364:1.0
ncsu:2.09861228866811
edu:2.09861228866811
hernlem:2.6094379124341005
chess:1.6931471805599454
brad:2.386294361119891
write:2.09861228866811
1993apr19:1.0
214300:1.0
17989:1.0
unoc:1.6931471805599454
stssdxb:1.0
st:1.0
dorin:2.09861228866811
baru:1.0
well:1.0
note:1.0
cheer:1.6931471805599454
attack:2.09861228866811
isra:2.6094379124341005
patrol:1.0
insid:1.0
lebanes:2.09861228866811
territori:1.6931471805599454
condemn:1.0
retaliatori:1.0
shell:1.0
villag:1.6931471805599454
back:1.0
forc:1.0
team:2.09861228866811
see:1.6931471805599454
play:1.0
fair:1.0
oppos:1.0
rearrang:1.0
face:1.0
spectat:1.0
view:1.0
stand:1.0
speak:1.0
think:1.6931471805599454
tri:1.6931471805599454
find:1.0
sourc:1.0
news:1.0
goe:1.0
lebanon:2.09861228866811
propaganda:1.0
priori:1.0
black:1.0
white:1.0
hat:1.0
one:1.6931471805599454
sure:1.0
wonder:1.6931471805599454
idf:1.0
bombard:1.0
retali:1.0
pin:1.0
point:1.6931471805599454
soldier:1.0
call:1.0
terrorist:1.0
justifi:1.0
least:1.6931471805599454
debat:1.0
issu:1.6931471805599454
death:1.0
critic:1.0
post:1.6931471805599454
express:1.0
p:1.6931471805599454
accept:1.0
regret:1.0
aspect:1.0
hope:2.09861228866811
occup:1.6931471805599454
end:2.09861228866811
accompani:1.0
loss:2.09861228866811
life:1.6931471805599454
believ:1.0
stiff:2.09861228866811
resist:2.09861228866811
help:1.6931471805599454
achiev:1.6931471805599454
despit:1.0
said:1.0
unaccept:1.0
strategi:1.0
drove:1.0
u:2.09861228866811
troop:2.09861228866811
hi:1.0
two:1.0
comment:1.6931471805599454
regard:1.6931471805599454
beliv:1.0
etc:1.0
e:2.386294361119891
peac:1.0
cooper:1.6931471805599454
would:2.09861228866811
happen:1.0
violenc:2.09861228866811
stop:1.6931471805599454
arab:1.0
time:1.0
state:1.6931471805599454
non:1.0
could:2.386294361119891
maintain:1.0
perhap:1.0
greater:1.0
econom:1.0
opportun:1.0
peopl:1.0
live:1.0
cours:1.0
given:1.0
current:1.0
leadership:1.6931471805599454
israel:1.0
way:1.0
may:1.0
work:1.0
also:1.0
chang:1.0
g:1.0
someon:1.0
ariel:1.0
sharon:1.0
mental:1.0
predict:1.0
consider:1.0
winner:1.0
secondli:1.0
respond:1.0
analog:1.0
quit:1.0
valid:1.0
get:1.0
neighborhood:1.0
altogeth:1.0
02:1.0
worth:1.0
offens:1.0
intend:1.0
respect:1.0
ben:1.0
