ifaz706:1.0
utxvm:1.0
cc:1.6931471805599454
utexa:1.6931471805599454
edu:1.6931471805599454
noam:1.6931471805599454
tractinski:1.0
subject:1.6931471805599454
ten:2.09861228866811
question:3.0794415416798357
israel:2.09861228866811
line:1.6931471805599454
66:1.6931471805599454
nntp:1.0
post:1.0
host:1.0
taup:1.0
organ:1.0
univers:1.0
texa:1.0
austin:1.0
articl:1.0
1483500349:1.0
igc:1.6931471805599454
apc:1.6931471805599454
org:1.6931471805599454
cpr:1.6931471805599454
center:2.09861228866811
polici:2.09861228866811
research:2.09861228866811
write:1.0
isra:3.1972245773362196
would:1.0
thank:1.6931471805599454
live:1.0
could:1.6931471805599454
help:1.0
provid:1.6931471805599454
accur:1.0
answer:1.0
follow:1.0
specif:1.0
inde:1.6931471805599454
provoc:1.6931471805599454
ask:2.386294361119891
time:2.09861228866811
peopl:2.386294361119891
around:1.6931471805599454
1:1.0
true:3.0794415416798357
author:1.0
recogn:1.0
nation:1.0
id:1.6931471805599454
card:1.6931471805599454
citizen:1.0
must:1.0
carri:1.0
identifi:1.6931471805599454
jew:1.0
arab:1.0
tthat:1.6931471805599454
ta:1.0
smart:1.0
huh:1.0
3:1.0
stock:1.0
nuclear:1.0
weapon:1.0
evid:1.6931471805599454
tye:1.6931471805599454
one:1.6931471805599454
warhead:1.0
parent:1.0
backyard:1.0
tbeer:1.0
sheva:1.0
20:1.0
mile:1.0
dimona:1.0
tyou:1.6931471805599454
know:1.0
saw:1.0
4:1.0
prison:1.0
number:1.0
individu:1.0
tri:1.0
secret:2.09861228866811
ident:1.0
date:1.0
trial:1.0
imprison:1.0
state:1.0
unfortun:1.0
give:1.0
detail:1.0
see:1.0
elia:1.6931471805599454
davidsson:1.0
iceland:1.0
email:1.0
ismennt:1.0
welcom:1.0
let:1.0
tdon:1.0
mind:1.0
t1:1.0
man:1.0
enterpris:1.0
t2:1.0
bona:1.0
fide:1.0
t3:1.0
statement:1.0
