dbd:1.6931471805599454
urartu:1.6931471805599454
sdpa:1.6931471805599454
org:1.6931471805599454
david:2.09861228866811
davidian:1.6931471805599454
subject:1.0
account:1.0
anti:1.0
armenian:1.6931471805599454
human:1.0
right:1.0
violat:1.0
azerbaijan:1.6931471805599454
010:1.0
organ:1.0
p:2.09861228866811
center:1.6931471805599454
region:1.6931471805599454
studi:1.6931471805599454
line:1.0
23:1.0
articl:1.0
1993apr20:1.0
050956:1.0
25141:1.0
freenet:1.6931471805599454
carleton:1.6931471805599454
ca:1.6931471805599454
aa624:1.0
suat:1.0
kiniklioglu:1.0
k:1.0
kubilay:1.0
kultigin:1.0
write:1.0
kk:2.09861228866811
ye:1.0
give:1.0
rest:1.0
increasingli:1.0
becom:1.0
annoy:1.6931471805599454
barbar:1.0
rather:1.0
especi:1.0
come:1.0
countri:1.0
claim:1.0
turkey:1.0
number:1.0
one:1.0
alli:1.0
protector:1.0
mentor:1.0
explain:1.6931471805599454
turkish:1.6931471805599454
troop:1.0
border:1.0
box:1.0
382761:1.0
even:1.0
1915:1.0
cambridg:1.0
02238:1.0
mp:1.0
march:1.0
1992:1.0
