amehdi:2.386294361119891
src:2.09861228866811
honeywel:2.386294361119891
com:2.09861228866811
hossien:1.6931471805599454
subject:1.0
go:1.0
hezbollah:1.0
nntp:1.0
post:1.0
host:1.0
tbilisi:1.0
organ:1.0
system:2.09861228866811
research:1.0
center:1.0
line:1.0
27:1.0
articl:1.0
bradski:2.6094379124341005
93apr15210934:1.0
retina:1.6931471805599454
bu:2.09861228866811
edu:2.09861228866811
gari:1.6931471805599454
write:1.0
15:1.0
apr:1.0
93:1.0
03:1.0
13:1.0
49:1.0
gmt:1.0
said:1.6931471805599454
merley:1.0
point:1.0
side:1.0
also:1.0
suffer:1.0
like:1.0
arab:1.0
say:1.6931471805599454
lebanes:1.0
bet:1.0
would:1.6931471805599454
defend:1.0
homeland:1.0
invad:2.09861228866811
mean:1.0
syrian:1.0
iranian:1.0
agent:1.0
isra:1.0
net:2.09861228866811
park:1.0
reverber:1.0
cognit:1.6931471805599454
neural:2.09861228866811
boston:1.6931471805599454
univers:1.0
v:1.6931471805599454
111:1.0
cummington:1.0
st:1.0
02215:1.0
617:1.0
353:1.0
6426:1.0
even:1.0
agre:1.0
opinion:1.0
die:1.0
want:1.0
perhap:1.0
design:1.0
countri:1.6931471805599454
involv:1.0
lebanon:1.0
node:1.0
case:1.0
put:1.0
differ:1.0
weight:1.0
