hilmi:2.791759469228055
er:1.6931471805599454
dsv:2.09861228866811
su:2.09861228866811
se:2.09861228866811
eren:2.09861228866811
subject:1.0
armenia:3.4849066497880004
say:2.6094379124341005
could:1.0
shoot:1.6931471805599454
turkish:2.6094379124341005
plane:3.4849066497880004
line:1.0
118:1.0
nntp:1.0
post:1.0
host:1.0
viktoria:1.0
repli:1.0
organ:1.0
dept:1.0
comput:1.0
system:1.0
scienc:1.0
stockholm:1.6931471805599454
univers:1.6931471805599454
henrik:3.0794415416798357
write:1.0
armenian:3.9444389791664403
nagarno:1.6931471805599454
karabagh:1.6931471805599454
simpli:1.0
defend:1.6931471805599454
right:1.0
keep:1.0
homeland:2.6094379124341005
azeri:2.791759469228055
invad:1.6931471805599454
first:1.6931471805599454
today:1.0
fizuli:1.0
lacin:1.6931471805599454
sever:1.0
villag:1.6931471805599454
azerbadjan:2.6094379124341005
see:1.0
great:1.6931471805599454
dream:1.0
facist:1.0
method:1.0
like:2.791759469228055
kill:1.6931471805599454
rape:1.6931471805599454
bomb:1.0
last:1.6931471805599454
move:1.6931471805599454
blast:1.0
truck:1.0
60:1.0
kurdish:1.0
refuge:1.0
tri:1.0
escap:1.0
citi:1.0
given:1.0
kurd:1.0
nagorno:2.791759469228055
karabakh:2.791759469228055
azerbaijan:1.0
live:3.1972245773362196
ever:2.09861228866811
sinc:2.6094379124341005
use:1.6931471805599454
area:2.09861228866811
die:1.6931471805599454
polici:1.6931471805599454
attack:2.9459101490553135
someth:1.0
wrong:1.0
tattack:1.0
even:1.0
countri:2.09861228866811
usa:2.386294361119891
condemn:1.0
tarmenia:1.0
start:2.6094379124341005
tare:1.0
tazeri:1.0
tdon:1.0
come:1.6931471805599454
nonsenc:1.0
reason:1.6931471805599454
peopl:2.791759469228055
tjust:1.0
man:1.0
call:1.0
gorbatjov:1.6931471805599454
co:1.6931471805599454
gave:1.6931471805599454
freedom:1.6931471805599454
tin:2.09861228866811
recal:1.0
correctli:1.0
stalin:1.0
caus:1.0
problem:1.0
land:1.6931471805599454
place:1.6931471805599454
tit:1.0
easi:1.0
blame:1.0
histori:1.0
lot:2.09861228866811
indian:1.0
tindian:1.0
american:1.6931471805599454
tpeopl:1.0
fault:1.0
govern:2.09861228866811
germani:1.6931471805599454
tbritain:1.0
made:1.0
tharmoni:1.0
karabag:2.09861228866811
tortur:1.0
also:1.0
noe:1.0
howev:1.0
hope:1.0
forc:1.0
airplan:1.0
purpos:1.0
search:2.791759469228055
arm:1.6931471805599454
similar:1.0
one:1.0
happen:1.6931471805599454
summer:1.0
turkey:2.791759469228055
carri:1.0
humanitarian:1.6931471805599454
aid:2.09861228866811
bound:1.0
speak:1.0
thing:1.0
know:1.6931471805599454
8:1.0
u:1.6931471805599454
cargo:1.6931471805599454
head:1.0
author:1.0
announc:2.09861228866811
go:1.0
3:2.09861228866811
return:1.0
base:1.0
5:1.0
content:1.6931471805599454
hard:1.0
guess:1.6931471805599454
sure:1.6931471805599454
stori:1.6931471805599454
talk:1.6931471805599454
send:1.0
two:1.0
year:1.0
would:2.09861228866811
find:1.6931471805599454
give:1.6931471805599454
weapon:2.386294361119891
self:1.0
provinc:1.0
bad:1.0
want:2.386294361119891
war:2.6094379124341005
imagin:1.0
result:1.0
franc:1.6931471805599454
greec:1.0
fight:1.0
without:1.0
secret:1.0
must:2.386294361119891
shortsight:1.0
think:1.6931471805599454
shall:1.0
neigbour:1.0
neighbour:1.6931471805599454
around:1.0
harmoni:1.0
stone:1.0
age:1.0
continu:1.6931471805599454
look:1.0
presid:1.0
turgut:1.0
ozal:1.0
petrosyan:1.0
presind:1.0
funer:1.0
need:1.0
stop:1.0
ordertak:1.0
state:1.0
word:1.0
love:1.0
twice:1.0
wonder:1.0
ohhh:1.0
forgot:1.0
food:1.0
mention:1.0
sweden:1.0
