steven:2.386294361119891
surya:1.6931471805599454
c:2.09861228866811
ucla:2.791759469228055
edu:2.09861228866811
berson:1.6931471805599454
subject:1.6931471805599454
ten:1.6931471805599454
question:2.791759469228055
israel:2.09861228866811
nntp:1.0
post:1.0
host:1.0
organ:1.0
comput:1.6931471805599454
scienc:1.6931471805599454
depart:1.6931471805599454
line:1.0
25:1.0
cpr:1.6931471805599454
igc:1.0
apc:1.0
org:1.0
center:1.6931471805599454
polici:1.6931471805599454
research:1.6931471805599454
write:1.0
would:1.0
thank:1.0
live:1.0
could:1.0
help:1.0
provid:1.0
accur:1.0
answer:1.0
follow:1.0
specif:1.0
inde:1.0
provoc:1.0
ask:1.0
time:1.6931471805599454
peopl:1.0
around:1.0
omit:1.0
elia:1.6931471805599454
davidsson:1.0
iceland:1.0
email:1.0
ismennt:1.0
funni:1.0
mention:1.0
heard:1.0
also:1.0
day:1.0
coupl:1.0
neo:1.0
nazi:1.0
pas:1.0
literatur:1.0
like:1.0
cheer:1.0
steve:1.0
310:1.0
825:1.0
3189:1.0
lo:1.0
angel:1.0
ca:1.0
90024:1.0
1596:1.0
