friedenb:1.6931471805599454
silver:2.09861228866811
egr:2.09861228866811
msu:2.09861228866811
edu:2.09861228866811
gedaliah:2.09861228866811
friedenberg:2.09861228866811
subject:1.0
zionism:2.09861228866811
racism:2.09861228866811
organ:1.0
colleg:1.0
engin:1.6931471805599454
michigan:1.6931471805599454
state:1.6931471805599454
univers:1.6931471805599454
line:1.0
26:1.0
distribut:1.0
world:1.0
repli:1.0
nntp:1.0
post:2.09861228866811
host:1.0
articl:1.6931471805599454
20apr93:1.0
23565659:1.0
0109:1.0
vm1:1.0
mcgill:2.386294361119891
ca:1.6931471805599454
b8ha000:1.0
b8ha:1.0
musicb:1.0
write:1.6931471805599454
syria:1.0
expans:1.0
author:1.0
un:1.0
thought:1.0
wrong:1.0
correct:1.0
first:1.0
time:1.0
thank:1.0
daili:1.0
student:1.0
newspap:1.0
proud:1.0
enough:1.0
print:1.0
say:1.0
want:2.386294361119891
copi:1.0
send:2.09861228866811
mail:1.0
info:2.09861228866811
claim:1.6931471805599454
black:1.0
brought:1.0
earth:1.0
60:1.0
trillion:1.0
year:1.0
ago:1.0
alien:1.0
plant:1.0
shabazz:1.0
literatur:1.0
nation:1.0
islam:1.0
farrakhan:1.0
group:1.6931471805599454
believ:1.0
holocaust:1.0
never:1.0
happen:1.0
ihr:1.0
institut:1.0
histor:1.0
review:1.0
david:1.0
irv:1.0
read:1.0
dan:1.0
gannon:1.0
alt:1.0
revision:1.0
put:1.0
steve:1.6931471805599454
compani:1.0
deserv:1.0
depart:1.6931471805599454
mechan:1.6931471805599454
metallurgi:1.0
materi:1.0
scienc:1.0
