nstramer:2.09861228866811
superga:1.6931471805599454
dazixco:2.09861228866811
ingr:2.09861228866811
com:2.09861228866811
naftali:1.6931471805599454
stramer:1.6931471805599454
subject:1.0
mani:1.0
isra:2.6094379124341005
soldier:1.6931471805599454
take:1.0
kill:1.0
5:1.0
yr:1.0
old:1.0
child:1.0
nntp:1.0
post:1.0
host:1.0
repli:1.0
organ:1.0
intergraph:1.6931471805599454
electron:1.6931471805599454
line:1.0
40:1.0
articl:1.0
1993apr13:1.0
164305:1.0
701:1.0
bernina:1.0
ethz:1.6931471805599454
ch:1.6931471805599454
nadeem:2.09861228866811
p:1.0
igp:1.0
malik:1.0
write:1.0
actual:1.0
rememb:2.09861228866811
correctli:1.0
report:1.6931471805599454
even:1.0
camera:1.0
time:1.0
invas:1.0
lebanon:1.0
itifada:1.0
began:1.0
cnn:1.6931471805599454
caught:1.0
regular:1.0
uniform:1.0
break:1.0
arm:1.0
arab:1.0
youngster:1.0
profession:1.0
brutal:1.6931471805599454
manner:1.0
someon:1.6931471805599454
plea:1.6931471805599454
give:1.6931471805599454
full:1.6931471805599454
detail:1.6931471805599454
one:1.6931471805599454
occass:1.0
scene:1.6931471805599454
transmit:1.0
west:1.0
usa:1.0
caus:1.0
uproar:1.0
factor:1.0
significantli:1.0
chang:1.0
precept:1.0
armi:1.0
role:1.0
mid:1.0
east:1.0
proof:2.09861228866811
said:1.0
hear:1.0
say:1.0
obviou:1.0
systemat:1.0
polici:1.0
must:1.0
occur:1.0
massiv:1.0
scale:1.0
behind:1.0
ye:1.0
like:1.0
700:1.0
palestinian:1.0
murder:1.0
brother:1.0
internet:1.0
6101:1.0
lookout:1.0
road:1.0
suit:1.0
voic:1.0
303:1.6931471805599454
581:1.6931471805599454
2370:1.0
fax:1.0
9972:1.0
boulder:1.0
co:1.0
80301:1.0
qualiti:1.0
everybodi:1.6931471805599454
job:1.6931471805599454
watch:1.0
