nstramer:2.09861228866811
superga:1.6931471805599454
dazixco:2.09861228866811
ingr:2.09861228866811
com:2.09861228866811
naftali:2.09861228866811
stramer:1.6931471805599454
subject:1.0
car:2.386294361119891
bomb:2.386294361119891
west:2.09861228866811
bank:2.09861228866811
nntp:1.0
post:1.0
host:1.0
repli:1.0
organ:1.0
intergraph:1.6931471805599454
electron:1.6931471805599454
line:1.0
34:1.0
israelin:1.0
4:1.0
16:1.0
two:2.09861228866811
arab:2.09861228866811
kill:2.6094379124341005
eight:2.09861228866811
idf:2.386294361119891
soldier:2.09861228866811
wound:1.6931471805599454
explos:1.6931471805599454
israel:1.6931471805599454
defens:1.0
forc:1.0
radio:2.09861228866811
galei:1.0
zahal:1.0
report:2.09861228866811
today:1.6931471805599454
palestinian:1.0
blast:2.09861228866811
believ:1.0
work:1.6931471805599454
suicid:1.0
bomber:1.0
said:1.0
pack:1.0
butan:1.0
ga:1.0
explod:1.0
park:1.0
buse:1.0
one:1.6931471805599454
belong:1.0
civilian:1.0
bus:1.0
went:1.0
flame:1.0
man:1.6931471805599454
nearbi:1.0
snack:1.0
bar:1.0
mehola:1.0
settlement:1.0
state:1.0
may:1.0
set:1.0
accord:1.0
offici:1.0
haemek:1.0
hospit:1.0
afula:1.0
injur:1.0
suffer:1.0
light:1.0
moder:1.0
injuri:1.0
probabl:1.0
mossad:1.0
count:1.0
murder:1.0
internet:1.0
6101:1.0
lookout:1.0
road:1.0
suit:1.0
voic:1.0
303:1.6931471805599454
581:1.6931471805599454
2370:1.0
fax:1.0
9972:1.0
boulder:1.0
co:1.0
80301:1.0
qualiti:1.0
everybodi:1.6931471805599454
job:1.6931471805599454
watch:1.0
