astein:1.6931471805599454
nysernet:2.09861228866811
org:1.6931471805599454
alan:1.6931471805599454
stein:1.6931471805599454
subject:1.0
legal:1.0
jewish:1.0
purchas:1.0
organ:1.0
inc:1.0
line:1.0
7:1.0
one:1.0
may:1.0
question:1.0
motiv:1.0
arab:1.6931471805599454
sold:1.6931471805599454
land:2.386294361119891
jew:2.386294361119891
often:1.0
publicli:1.0
critic:1.0
sale:1.0
taken:1.0
advantag:1.0
price:1.6931471805599454
paid:1.0
barren:1.0
mani:1.0
time:1.6931471805599454
fertil:1.0
unit:1.0
state:1.0
h:1.0
israel:1.0
