gfeygin:1.0
unicorn:1.0
eecg:1.0
toronto:1.6931471805599454
edu:1.0
gennadi:1.0
feygin:1.0
subject:1.0
kol:1.6931471805599454
israel:1.6931471805599454
broacast:1.0
organ:1.0
electr:1.0
comput:1.0
engin:1.0
univers:1.0
line:1.0
5:1.0
anyon:1.0
schedul:1.0
broadcast:1.0
differ:1.0
languag:1.0
could:1.0
post:1.0
e:1.0
mail:1.0
assist:1.0
would:1.0
greatli:1.0
appreci:1.0
gf:1.0
