jake:2.386294361119891
bony1:1.6931471805599454
boni:1.6931471805599454
com:1.6931471805599454
livni:1.6931471805599454
subject:1.6931471805599454
ten:1.6931471805599454
question:1.0
israel:2.791759469228055
organ:1.0
depart:1.6931471805599454
redund:1.0
line:1.0
66:1.0
articl:2.09861228866811
aren:2.386294361119891
93apr20192345:1.0
grl:1.0
isi:1.6931471805599454
edu:1.6931471805599454
yigal:1.6931471805599454
write:1.0
issu:1.0
trial:1.6931471805599454
behind:1.0
close:1.0
door:1.0
arrest:2.386294361119891
imprison:2.386294361119891
complet:1.6931471805599454
secreci:1.6931471805599454
appraent:1.0
attempt:1.0
case:1.6931471805599454
vanunu:1.0
fail:1.6931471805599454
happen:1.0
reason:1.0
believ:1.6931471805599454
still:1.0
goe:1.0
lengthi:1.0
quot:1.0
impli:1.0
state:2.09861228866811
somehow:1.0
possibl:2.09861228866811
way:2.09861228866811
like:1.0
akin:1.0
say:1.0
usaf:1.6931471805599454
sever:1.0
captur:1.0
ufo:1.6931471805599454
without:2.6094379124341005
support:1.6931471805599454
liklihood:1.0
assert:1.0
read:1.0
ariv:1.0
februari:1.0
18:1.0
28:1.0
1992:1.0
public:2.6094379124341005
ban:1.6931471805599454
baruch:1.0
iri:1.0
involv:1.0
matter:1.0
polit:1.0
refus:1.6931471805599454
request:1.0
one:2.09861228866811
anoth:1.6931471805599454
look:1.0
delic:1.0
comment:1.0
implicitli:1.0
admit:2.09861228866811
true:1.0
mention:1.0
specif:2.09861228866811
even:1.0
hint:1.0
might:1.0
guilti:1.0
make:1.0
someth:1.6931471805599454
may:2.09861228866811
legal:1.6931471805599454
publish:1.0
word:1.0
tell:1.0
peski:1.0
report:1.6931471805599454
keep:1.0
guess:1.0
maintain:1.6931471805599454
attitud:1.6931471805599454
nuclear:2.09861228866811
weapon:2.09861228866811
u:2.386294361119891
presenc:1.0
naval:1.0
craft:1.0
acknowledg:1.0
exist:1.0
ship:1.0
warship:1.0
becom:1.0
unwelcom:1.0
new:1.6931471805599454
zealand:1.0
declar:1.0
free:1.0
zone:1.0
never:1.6931471805599454
offici:1.6931471805599454
mani:1.0
year:1.6931471805599454
prison:2.09861228866811
isra:1.0
citizen:2.09861228866811
sentenc:1.0
long:1.0
term:1.0
either:1.6931471805599454
fact:2.386294361119891
crime:1.0
accus:1.0
ever:1.0
made:1.6931471805599454
precis:1.0
court:1.0
order:1.0
place:1.6931471805599454
later:1.0
1993:1.0
countri:1.0
know:2.09861228866811
anyth:1.6931471805599454
person:1.0
tri:1.0
thrown:1.0
secur:1.0
offens:1.0
evid:1.0
would:1.6931471805599454
convinc:1.0
come:1.6931471805599454
name:1.0
someon:1.0
sit:1.0
jail:1.0
lost:1.0
world:1.0
suggest:1.0
mayb:1.0
elvi:1.0
jfk:1.0
somebodi:1.0
let:1.0
put:1.6931471805599454
peopl:2.6094379124341005
away:1.0
proceed:1.0
disappear:1.0
explain:1.0
rel:1.0
friend:1.0
colleagu:1.0
known:1.0
vanish:1.0
care:1.0
give:1.0
list:1.0
whose:1.0
whereabout:1.0
unknown:1.0
presum:1.0
whole:1.0
conspiraci:1.0
stori:1.0
associ:1.0
perhap:1.0
georg:1.0
bush:1.0
american:1.0
occupi:1.0
york:1.0
replac:1.0
jimmi:1.0
carter:1.0
opinion:1.6931471805599454
employ:1.0
standard:1.0
presid:1.0
