dbd:1.6931471805599454
urartu:1.6931471805599454
sdpa:1.6931471805599454
org:1.6931471805599454
david:2.386294361119891
davidian:2.09861228866811
subject:1.0
public:1.0
servic:1.0
translat:1.6931471805599454
2:1.0
keyword:1.0
effect:1.0
greek:1.0
armenian:1.6931471805599454
post:1.0
organ:1.0
p:2.09861228866811
center:1.6931471805599454
region:1.6931471805599454
studi:1.6931471805599454
line:1.6931471805599454
36:1.0
articl:1.0
93332:1.0
hydra:1.0
gatech:1.6931471805599454
edu:1.6931471805599454
gt1091a:2.09861228866811
prism:1.0
kaan:2.9459101490553135
timucin:1.6931471805599454
wrote:1.0
hell:1.6931471805599454
guy:1.0
think:1.0
talk:1.0
much:1.0
alter:1.0
ego:1.0
yo:1.0
would:1.0
better:1.0
shut:1.6931471805599454
f:1.0
k:1.0
ok:1.0
go:2.6094379124341005
come:1.0
get:1.0
like:1.6931471805599454
attitut:1.0
full:1.0
lie:1.0
shit:1.0
unit:1.0
state:1.0
refer:1.0
freedom:1.0
speech:1.0
write:1.0
either:1.0
prove:1.0
wrong:1.6931471805599454
simpli:1.0
fade:1.0
away:1.0
hear:1.0
say:1.0
mess:1.0
turc:1.0
ask:1.0
submit:1.0
bodili:1.0
harm:1.0
kill:1.6931471805599454
tortur:1.0
see:1.0
ya:1.0
turkish:2.386294361119891
english:1.0
embarrass:1.0
written:1.0
first:1.0
place:1.0
messeng:1.0
explain:1.6931471805599454
troop:1.0
border:1.0
box:1.0
382761:1.0
even:1.0
1915:1.0
cambridg:1.0
02238:1.0
mp:1.0
march:1.0
1992:1.0
