hm:1.0
c:1.0
brown:1.6931471805599454
edu:1.0
harri:1.6931471805599454
mamayski:1.0
subject:1.0
deir:1.6931471805599454
yassin:2.6094379124341005
repli:1.0
aurag:2.09861228866811
ere:2.09861228866811
umontr:2.09861228866811
ca:2.09861228866811
messag:1.0
fri:1.0
23:1.0
apr:1.0
1993:1.0
18:1.0
48:1.0
15:1.0
gmt:1.0
organ:1.0
dept:1.0
comput:1.0
scienc:1.0
univers:1.0
line:1.0
44:1.0
articl:1.0
martinb:1.0
735590895:1.0
brise:1.0
hassan:1.6931471805599454
write:1.0
tri:1.0
say:1.6931471805599454
massacr:2.09861228866811
sabra:1.0
shatila:1.0
let:1.0
tell:1.0
good:1.0
joke:1.0
thing:1.0
like:2.09861228866811
jewish:1.0
kill:3.0794415416798357
wwii:1.0
palestinian:1.0
davidian:1.0
fourti:1.0
year:1.0
fact:1.6931471805599454
one:2.09861228866811
war:1.6931471805599454
time:1.6931471805599454
place:1.0
peopl:1.0
die:2.386294361119891
get:1.6931471805599454
mayb:1.6931471805599454
also:1.0
vietamies:1.0
vietnam:1.0
american:1.0
napalm:1.0
pyromaniac:1.0
jew:1.0
ga:1.0
chamber:1.0
forc:1.0
may:1.0
thought:1.0
snife:1.0
cocain:1.0
think:1.0
stupid:1.6931471805599454
well:1.0
said:1.0
next:1.0
want:1.6931471805599454
lie:1.0
intellig:1.0
sincer:1.0
arab:2.386294361119891
civilian:2.386294361119891
dir:2.09861228866811
first:1.0
villag:2.6094379124341005
hous:1.6931471805599454
mani:1.0
arm:1.0
troop:1.6931471805599454
secondli:1.0
irgun:1.6931471805599454
stern:1.0
fighter:1.0
absolut:1.0
intent:1.6931471805599454
attack:2.386294361119891
militari:1.6931471805599454
signific:1.6931471805599454
warn:1.0
given:1.0
occup:1.0
leav:1.0
begin:1.0
ration:1.0
standard:1.0
unintent:1.0
sniper:1.0
thu:1.0
even:1.0
compar:1.0
120:1.0
holocaust:1.0
absurd:1.0
almost:1.0
1000:1.0
inhabit:1.0
surviv:1.0
