ab4z:1.0
virginia:1.6931471805599454
edu:1.0
andi:1.0
beyer:1.0
subject:1.0
isra:2.09861228866811
terror:1.0
organ:1.0
univers:1.0
line:1.0
4:1.0
think:1.0
press:1.0
might:1.0
tad:1.0
bit:1.0
bias:1.0
report:1.6931471805599454
event:1.0
doubt:1.0
propaganda:1.6931471805599454
machin:1.0
goer:1.0
accur:1.0
happen:1.0
germani:1.0
interest:1.0
base:1.0
truth:1.0
