dbd:2.09861228866811
urartu:2.09861228866811
sdpa:2.09861228866811
org:2.09861228866811
david:2.09861228866811
davidian:2.09861228866811
subject:1.0
forg:4.332204510175204
post:2.9459101490553135
summari:1.0
usual:1.0
gener:1.0
live:1.0
organ:1.6931471805599454
p:2.09861228866811
center:2.09861228866811
region:1.6931471805599454
studi:1.6931471805599454
line:1.6931471805599454
37:1.0
follow:1.0
name:2.09861228866811
plea:1.6931471805599454
ignor:1.6931471805599454
newsgroup:1.0
soc:1.6931471805599454
cultur:1.6931471805599454
turkish:2.09861228866811
talk:1.6931471805599454
polit:1.6931471805599454
mideast:1.0
soviet:1.0
greek:1.0
news:1.0
softwar:1.0
vax:1.0
vm:1.0
vnew:1.0
1:1.0
41:1.0
univers:1.6931471805599454
tennesse:1.6931471805599454
comput:1.0
date:1.0
fri:1.0
16:1.0
apr:1.0
1993:1.0
21:1.0
36:1.0
00:1.0
gmt:1.0
293:1.0
dear:1.0
friend:1.0
graduat:1.0
student:1.0
educ:2.386294361119891
questionnair:1.0
teach:1.0
music:1.6931471805599454
deaf:1.0
child:1.0
address:1.0
e:1.0
mail:1.0
employ:1.0
institut:1.0
year:1.0
experi:1.0
grade:1.0
level:1.0
background:1.0
bachelor:1.0
master:1.0
doctor:1.0
profession:1.0
field:1.0
special:1.0
explain:1.6931471805599454
troop:1.0
armenian:1.0
border:1.0
box:1.0
382761:1.0
even:1.0
1915:1.0
cambridg:1.0
02238:1.0
mp:1.0
march:1.0
1992:1.0
