adam:2.386294361119891
bellini:1.6931471805599454
berkeley:2.6094379124341005
edu:2.09861228866811
l:1.0
schwartz:1.6931471805599454
subject:1.6931471805599454
danni:1.6931471805599454
rubenstein:1.6931471805599454
speak:2.09861228866811
tonight:1.6931471805599454
nntp:1.0
post:1.0
host:1.0
organ:1.0
u:1.6931471805599454
c:1.6931471805599454
erl:1.0
line:1.0
7:1.6931471805599454
isra:1.0
journalist:1.0
wednesday:1.0
30:1.0
pm:1.0
messi:1.0
polit:1.0
israel:1.0
hillel:1.0
campu:1.0
robot:1.0
