subject:1.0
isra:2.09861228866811
terror:1.0
amos:1.6931471805599454
shuldig:1.6931471805599454
c:2.386294361119891
huji:2.09861228866811
ac:2.09861228866811
il:2.09861228866811
amo:2.09861228866811
shapira:1.6931471805599454
1993apr24:1.0
203620:1.0
6531:1.0
virginia:1.0
edu:2.6094379124341005
2bd9c01d:1.0
11546:1.0
news:1.0
servic:1.0
uci:1.0
1rd7eo:1.0
1a4:1.0
usenet:1.0
in:1.0
cwru:1.0
organ:1.0
inst:1.0
comp:1.0
sci:1.0
hebrew:1.6931471805599454
univers:1.6931471805599454
jerusalem:1.6931471805599454
israel:1.6931471805599454
nntp:1.0
post:1.0
host:1.0
repli:1.0
cy779:1.6931471805599454
cleveland:1.6931471805599454
freenet:1.6931471805599454
messag:1.0
25:1.0
apr:1.0
1993:1.0
05:1.0
26:1.0
48:1.0
gmt:1.0
line:1.0
14:1.0
ana:1.0
omran:1.0
write:1.0
use:1.0
arrest:1.0
sometim:1.0
kill:1.6931471805599454
neutral:1.6931471805599454
report:1.0
eh:1.0
could:1.0
plea:1.0
give:1.0
detail:1.0
event:1.0
observ:1.0
purpos:1.0
soldier:1.0
jumper:1.0
extraordinair:1.0
true:1.0
power:1.6931471805599454
corrupt:1.0
system:1.0
group:1.0
absolut:1.0
better:1.0
91904:1.0
demon:1.0
son:1.0
