astein:1.6931471805599454
nysernet:2.09861228866811
org:1.6931471805599454
alan:1.6931471805599454
stein:1.6931471805599454
subject:1.0
zionism:2.09861228866811
racism:1.6931471805599454
organ:1.0
inc:1.0
line:1.0
10:1.0
c:1.0
session:1.0
dc:1.0
witsend:1.0
tnet:1.0
com:1.0
write:1.0
steve:1.0
let:1.0
assum:1.0
mean:1.0
hear:1.0
listen:1.0
told:1.0
tautolog:1.6931471805599454
statement:1.0
think:1.0
confus:1.0
fals:1.0
mislead:1.0
h:1.0
israel:1.0
