arromde:2.386294361119891
jyusenky:1.6931471805599454
c:2.09861228866811
jhu:1.6931471805599454
edu:1.6931471805599454
ken:1.6931471805599454
subject:1.0
american:2.386294361119891
jewish:1.6931471805599454
congress:1.0
open:1.6931471805599454
letter:1.6931471805599454
clinton:1.0
organ:1.0
john:1.0
hopkin:1.0
univers:1.0
dept:1.0
line:1.0
66:1.0
articl:1.0
22apr199300374349:1.0
vxcrna:1.6931471805599454
cern:1.6931471805599454
ch:1.6931471805599454
casper:1.6931471805599454
davi:1.0
ppe:1.0
write:1.0
must:1.0
say:1.6931471805599454
appal:1.0
council:1.0
america:1.6931471805599454
world:2.09861228866811
policeman:1.0
take:1.0
upon:1.6931471805599454
solv:1.0
problem:1.0
entir:1.0
young:1.6931471805599454
men:1.6931471805599454
woman:1.6931471805599454
sent:1.0
yugoslavia:1.0
period:1.0
peopl:2.791759469228055
feel:1.0
strongli:1.0
enough:1.0
let:1.0
go:1.0
individu:1.0
fight:1.0
alongsid:1.0
butcher:3.1972245773362196
choic:1.6931471805599454
volunt:1.0
armi:1.0
argument:1.0
gave:1.0
appli:1.0
draft:1.0
huh:1.0
sorri:1.0
misread:1.0
remark:1.0
though:1.0
unsur:1.0
sentenc:1.0
mean:1.6931471805599454
furthermor:1.0
becom:1.6931471805599454
ethnic:2.386294361119891
clean:2.386294361119891
automat:1.0
call:1.6931471805599454
muslim:2.9459101490553135
disappoint:1.0
logic:1.0
especi:1.6931471805599454
come:1.0
stalwart:1.0
sci:1.0
skeptic:1.0
impli:2.09861228866811
anyon:1.0
want:3.302585092994046
send:2.09861228866811
troop:2.09861228866811
bosnia:2.09861228866811
help:2.6094379124341005
sinc:1.0
primari:1.0
target:1.0
victim:2.386294361119891
1:1.0
atroc:2.09861228866811
side:3.302585092994046
equal:1.6931471805599454
true:1.6931471805599454
may:1.0
sometim:1.0
difficult:1.0
imposs:1.0
determin:1.0
exist:1.0
would:1.0
wwii:1.0
said:1.0
jew:1.0
german:1.0
centuri:1.0
one:1.0
win:1.0
get:1.6931471805599454
stop:1.6931471805599454
ye:1.0
differ:1.0
thing:1.6931471805599454
chiefli:1.0
serbian:1.0
inde:1.0
two:1.0
equival:1.0
2:1.0
quit:1.0
impress:1.0
leap:1.0
reason:1.6931471805599454
assum:1.0
racist:1.0
someon:1.0
fact:1.0
think:1.6931471805599454
contrari:1.0
medium:1.0
fixat:1.0
war:1.6931471805599454
oppos:1.0
dozen:1.6931471805599454
civil:1.0
fought:1.0
recent:1.0
past:1.0
white:1.0
europ:1.0
occur:1.0
third:1.6931471805599454
much:1.0
news:1.0
coverag:1.0
nearli:1.0
level:1.0
outrag:1.0
recal:1.0
anyth:1.0
somalia:1.6931471805599454
appar:1.0
left:1.0
winger:1.0
everyon:1.6931471805599454
will:1.0
somali:1.0
worlder:1.0
consid:1.0
unworthi:1.0
suddenli:1.0
shut:1.0
u:2.09861228866811
decid:1.0
opposit:1.0
place:1.0
predict:1.0
theori:1.6931471805599454
matter:1.0
suggest:1.0
serb:1.0
christian:1.0
desir:1.0
interven:1.0
base:1.0
racism:1.0
le:1.6931471805599454
like:1.6931471805599454
seem:1.0
first:1.0
day:2.09861228866811
christma:1.6931471805599454
truelov:1.6931471805599454
serv:1.6931471805599454
leftov:1.6931471805599454
turkey:2.386294361119891
second:1.0
casserol:1.0
made:1.0
3:1.0
4:1.0
delet:1.0
flame:1.0
wing:1.0
pizza:1.0
hut:1.0
commerci:1.0
tlu:1.0
gic:1.0
bait:1.0
