cosmo:2.386294361119891
pro:2.386294361119891
angmar:2.386294361119891
alfalfa:1.6931471805599454
com:1.6931471805599454
frank:1.0
benson:1.0
subject:1.0
serdar:1.0
organ:1.0
utexa:1.6931471805599454
mail:1.0
news:1.0
gateway:1.0
line:1.0
5:1.0
nntp:1.0
post:1.0
host:1.0
c:1.0
edu:1.6931471805599454
go:1.0
back:1.0
nurseri:1.0
school:1.0
jerk:1.0
prolin:1.0
internet:1.0
uucp:1.0
uunet:1.0
bu:1.0
alphalpha:1.0
