benali:1.0
alcor:1.6931471805599454
concordia:2.09861228866811
ca:1.6931471805599454
ilyess:1.0
b:1.0
bdira:1.0
subject:1.0
isra:3.0794415416798357
press:1.6931471805599454
nntp:1.0
post:1.6931471805599454
host:1.0
organ:1.0
univers:1.0
montreal:1.6931471805599454
canada:1.0
line:1.0
41:1.0
bc744:1.0
cleveland:1.0
freenet:1.0
edu:1.0
mark:1.0
ira:1.0
kaufman:1.0
write:1.0
inform:1.0
israel:2.6094379124341005
sinc:1.6931471805599454
read:2.9459101490553135
american:2.9459101490553135
medium:2.791759469228055
say:1.6931471805599454
absolut:1.0
certainti:1.0
anybodi:1.0
reliesx:1.0
exclus:1.6931471805599454
knowledg:1.6931471805599454
true:1.0
pictur:1.0
go:1.0
cours:2.386294361119891
never:1.0
arab:2.386294361119891
jer:1.0
network:1.0
enough:1.0
western:1.0
french:2.09861228866811
british:1.6931471805599454
report:2.09861228866811
give:1.0
10:2.9459101490553135
bia:1.6931471805599454
scale:1.0
switch:1.0
polar:1.0
newspap:2.6094379124341005
get:1.0
either:1.0
9:2.09861228866811
lead:1.0
tv:1.0
news:1.6931471805599454
rang:2.386294361119891
6:1.0
ye:1.0
suburban:1.0
local:1.0
free:1.0
probabl:1.6931471805599454
closer:1.0
kahan:1.0
view:1.0
right:1.6931471805599454
wing:1.0
0:1.6931471805599454
neutral:1.0
iknow:1.0
2:1.0
afro:1.0
magazin:1.0
offici:1.0
5:1.0
egyptian:1.0
sa:1.0
want:1.0
overdo:1.0
stir:1.0
peopl:1.6931471805599454
therefor:1.0
noth:1.6931471805599454
claim:1.0
paper:1.0
bias:1.6931471805599454
may:1.0
lean:1.0
left:1.0
like:1.0
america:1.0
still:1.0
event:1.6931471805599454
know:1.0
choos:1.0
form:1.0
opinion:1.0
mideast:1.6931471805599454
base:1.0
averag:2.09861228866811
reli:1.0
consist:1.0
accuraci:1.0
would:1.6931471805599454
around:1.0
new:1.0
york:1.0
time:1.0
similar:1.0
maker:1.0
8:1.0
rel:1.0
le:1.0
better:1.0
