dbd:1.6931471805599454
urartu:1.6931471805599454
sdpa:1.6931471805599454
org:1.6931471805599454
david:1.6931471805599454
davidian:1.6931471805599454
subject:1.0
ozal:1.6931471805599454
die:1.6931471805599454
organ:1.0
p:2.09861228866811
center:1.6931471805599454
region:1.6931471805599454
studi:1.6931471805599454
line:1.0
9:1.0
announc:1.0
npr:1.0
4:1.0
17:1.0
93:1.0
10:1.0
00:1.0
edt:1.0
turkish:2.09861228866811
presid:1.0
heart:1.0
attack:1.0
ankara:1.0
explain:1.6931471805599454
troop:1.0
armenian:1.0
border:1.0
box:1.0
382761:1.0
even:1.0
1915:1.0
cambridg:1.0
02238:1.0
mp:1.0
march:1.0
1992:1.0
