chrism:1.0
cirru:1.6931471805599454
com:1.0
chri:1.6931471805599454
metcalf:1.6931471805599454
subject:1.0
convent:1.0
proposal:1.0
israel:1.6931471805599454
palestinian:2.09861228866811
organ:1.0
logic:1.0
inc:1.0
line:1.0
6:1.0
fact:1.0
alreadi:1.0
discus:1.0
composit:1.0
arm:1.0
polic:1.0
forc:1.0
territori:1.0
transit:1.0
phase:1.0
indic:1.0
real:1.0
solid:1.0
concess:1.0
liber:1.0
think:1.0
part:1.0
isra:1.0
side:1.0
