serum:1.6931471805599454
zuma:1.6931471805599454
uucp:1.6931471805599454
serdar:2.09861228866811
argic:2.09861228866811
subject:1.6931471805599454
today:2.6094379124341005
mark:1.0
78th:1.6931471805599454
anniversari:1.6931471805599454
turkish:2.791759469228055
genocid:2.6094379124341005
repli:1.0
distribut:1.0
world:1.0
line:1.0
65:1.0
articl:1.0
48299:1.0
sdcc12:1.0
ucsd:1.6931471805599454
edu:1.6931471805599454
ma170saj:1.0
sdcc14:1.0
system:1.0
oper:1.0
write:1.0
pain:1.0
wit:1.0
azerbaijan:1.0
would:1.0
like:1.0
see:1.0
happen:1.0
joke:1.0
month:1.0
1:1.0
fascist:1.6931471805599454
grandpar:1.0
extermin:2.09861228866811
2:2.386294361119891
5:2.09861228866811
million:2.09861228866811
muslim:2.9459101490553135
peopl:2.791759469228055
1914:1.6931471805599454
1920:1.6931471805599454
nazi:1.0
parent:1.0
fulli:1.0
particip:1.6931471805599454
european:1.0
jewri:1.0
wwii:1.0
3:1.0
crimin:1.0
cousin:1.0
slaughter:1.0
woman:1.0
child:1.0
elderli:1.0
x:2.791759469228055
soviet:3.0794415416798357
armenia:2.386294361119891
karabag:1.0
last:1.6931471805599454
four:1.0
year:2.09861228866811
entir:1.0
popul:1.0
result:1.0
armenian:2.791759469228055
nearli:1.0
one:2.09861228866811
thousand:1.6931471805599454
kurdish:2.386294361119891
live:1.0
homeland:2.09861228866811
hundr:1.0
oppress:1.0
occup:1.0
persecut:1.0
culmin:1.0
govern:2.386294361119891
plan:1.0
carri:1.0
turk:2.9459101490553135
kurd:2.791759469228055
murder:1.0
remaind:1.0
driven:1.0
land:2.09861228866811
empti:1.0
survivor:1.0
found:1.0
safe:1.0
heaven:1.0
turkiy:1.0
reject:1.0
right:1.6931471805599454
return:1.6931471805599454
occupi:1.0
cover:1.0
perpetr:1.0
predecessor:1.0
therefor:1.0
accessori:1.0
crime:2.09861228866811
human:1.0
must:1.0
pay:1.0
admit:1.0
make:1.0
repar:1.0
demand:1.6931471805599454
determin:1.0
futur:1.0
nation:1.0
come:1.0
reiter:1.0
uniti:1.0
timeless:1.0
desir:1.0
pursu:1.0
struggl:1.6931471805599454
restitut:1.0
unit:1.6931471805599454
appeal:1.0
state:1.0
canada:1.0
en:1.0
mass:1.0
commemor:1.0
event:1.0
cultur:1.0
polit:1.0
religi:1.0
close:1.0
road:1.0
mountain:1.0
pas:1.0
might:1.0
serv:1.0
way:1.0
escap:1.0
proceed:1.0
work:1.0
ohanu:1.0
appressian:1.0
1919:1.0
longer:1.0
exist:1.0
singl:1.0
soul:1.0
sahak:1.0
melkonian:1.0
