adam:2.386294361119891
endor:1.0
uucp:1.0
shostack:1.6931471805599454
subject:1.0
israel:2.09861228866811
expans:1.0
ii:1.0
organ:1.0
aiken:1.0
comput:1.0
lab:1.0
harvard:1.6931471805599454
univers:1.0
line:1.0
25:1.0
articl:2.09861228866811
22apr93:1.0
23368145:1.0
0079:1.0
vm1:1.0
mcgill:1.6931471805599454
ca:1.6931471805599454
b8ha:1.6931471805599454
musicb:1.0
write:1.6931471805599454
1993apr22:1.0
093527:1.0
15720:1.0
donau:1.0
et:1.6931471805599454
tudelft:1.6931471805599454
nl:1.6931471805599454
avi:2.09861228866811
duteinh:1.0
cohen:1.0
stuart:1.0
93111:1.0
225707pp3903a:1.0
auvm:1.6931471805599454
american:1.6931471805599454
edu:2.09861228866811
paul:1.0
h:1.0
pimentel:1.0
pp3903a:1.0
one:1.0
big:1.6931471805599454
differ:1.0
arab:1.0
christian:1.0
respect:1.0
allow:1.6931471805599454
freedom:2.09861228866811
religion:2.386294361119891
inform:1.0
islam:1.6931471805599454
permit:1.6931471805599454
compuls:1.6931471805599454
judaism:2.09861228866811
e:1.0
non:1.6931471805599454
jew:1.6931471805599454
recogn:1.0
wonder:1.0
tin:1.0
tax:1.0
dhimini:1.0
wish:1.0
effort:1.0
made:1.0
convert:1.0
da:1.0
budget:1.0
enough:1.0
drug:1.0
sexual:1.0
favor:1.0
sure:1.0
wast:1.0
member:1.0
congress:1.0
john:1.0
perri:1.0
barlow:1.0
