mkramer:1.0
world:1.6931471805599454
std:1.0
com:1.0
mark:1.0
w:1.0
kramer:1.6931471805599454
subject:1.0
seventh:1.0
centuri:1.0
armenian:1.0
math:1.6931471805599454
problem:1.0
keyword:1.0
philosphi:1.0
greec:1.0
persian:1.0
organ:1.0
public:1.0
access:1.0
unix:1.0
brooklin:1.0
line:1.0
5:1.0
delight:1.0
messag:1.0
interest:1.0
kindli:1.0
written:1.0
thank:1.0
prof:1.0
boston:1.0
univers:1.0
