dbd:2.09861228866811
urartu:2.386294361119891
sdpa:2.386294361119891
org:2.386294361119891
david:2.09861228866811
davidian:2.09861228866811
subject:1.0
seventh:1.6931471805599454
centuri:1.6931471805599454
armenian:3.0794415416798357
math:1.6931471805599454
problem:1.6931471805599454
summari:1.0
mr:1.0
koc:2.791759469228055
win:1.6931471805599454
free:1.6931471805599454
prize:1.6931471805599454
keyword:1.0
philosophi:1.0
greec:1.0
persian:3.0794415416798357
organ:1.0
p:2.09861228866811
center:1.6931471805599454
region:1.6931471805599454
studi:1.6931471805599454
line:1.0
43:1.0
articl:1.6931471805599454
1r6qn1innd0n:1.0
flop:1.0
engr:1.0
orst:1.6931471805599454
edu:1.6931471805599454
rize:1.0
ece:1.0
cetin:1.0
kaya:1.0
respond:1.0
1993apr22:1.0
152937:1.0
14766:1.0
wrote:1.0
dd:3.3978952727983707
1:2.6094379124341005
father:1.0
told:1.0
follow:1.0
stori:1.6931471805599454
famou:1.0
war:1.0
princ:1.0
zaurak:1.0
kamsarakan:1.0
perform:1.0
extraordinari:1.0
heroic:1.0
deed:1.0
three:1.0
time:2.386294361119891
singl:1.0
month:1.0
attack:1.0
troop:1.6931471805599454
first:1.0
struck:1.0
half:1.0
armi:1.6931471805599454
second:1.0
pursu:1.0
slaughter:1.6931471805599454
one:1.6931471805599454
fourth:1.0
soldier:2.09861228866811
third:1.0
destroy:1.6931471805599454
eleventh:1.0
still:1.0
aliv:1.6931471805599454
number:1.6931471805599454
two:1.0
hundr:1.0
eighti:1.0
fled:1.0
nakhichevan:1.0
remaind:1.0
find:1.0
mani:1.0
massacr:1.6931471805599454
answer:1.0
2:1.0
4:1.0
11:1.0
280:1.0
1760:1.0
good:1.0
trip:1.0
karabakh:1.0
azeri:1.0
calcul:1.0
odd:1.0
come:1.0
back:1.0
tri:1.0
de:1.0
popul:1.0
area:1.0
corollari:1.0
strike:1.0
innoc:1.0
asala:1.0
network:1.0
claim:1.0
fact:2.386294361119891
notic:1.0
mention:1.0
turk:1.6931471805599454
shirak:1.6931471805599454
van:1.6931471805599454
trebizon:2.09861228866811
place:1.0
fill:1.0
1915:1.6931471805599454
end:1.0
1916:1.0
turkish:2.09861228866811
genocid:1.0
left:1.6931471805599454
kurd:1.0
pontu:1.0
greek:1.0
either:1.6931471805599454
conclus:1.0
lie:1.0
case:1.0
explain:1.6931471805599454
border:1.0
box:1.0
382761:1.0
even:1.0
cambridg:1.0
02238:1.0
mp:1.0
march:1.0
1992:1.0
