eshneken:1.0
ux4:1.0
cso:1.0
uiuc:1.0
edu:1.0
edward:1.0
shnekendorf:1.0
subject:1.0
happi:1.6931471805599454
birthday:1.6931471805599454
israel:1.6931471805599454
organ:1.0
univers:1.0
illinoi:1.0
urbana:1.0
line:1.0
2:1.0
45th:1.0
