eggertj:2.09861228866811
mose:1.0
atc:2.09861228866811
mit:2.386294361119891
edu:3.4849066497880004
jim:2.09861228866811
eggert:1.6931471805599454
x6127:1.0
g41:1.0
subject:1.0
isra:2.386294361119891
terror:1.0
repli:1.6931471805599454
cy779:2.09861228866811
cleveland:2.09861228866811
freenet:2.09861228866811
messag:1.0
26:1.0
apr:1.0
93:1.0
22:2.09861228866811
28:1.0
gmt:1.0
line:1.0
organ:1.0
lincoln:1.0
lab:1.0
group:1.0
41:1.0
2bdad779:1.6931471805599454
24910:1.6931471805599454
news:1.6931471805599454
servic:1.6931471805599454
uci:2.09861228866811
1993apr26:1.0
184547:1.0
20058:1.0
da:1.0
harvard:1.0
1rhnb4:1.6931471805599454
1pp:1.6931471805599454
usenet:1.6931471805599454
in:1.6931471805599454
cwru:1.6931471805599454
articl:2.386294361119891
ana:1.6931471805599454
omran:1.6931471805599454
write:2.386294361119891
previou:1.0
adam:1.6931471805599454
endor:1.0
uucp:1.0
shostack:1.0
say:1.0
tclock:1.0
orion:1.0
oac:1.0
tim:1.0
clock:1.0
amos:1.6931471805599454
93apr25163327:1.0
shuldig:1.6931471805599454
c:1.6931471805599454
huji:1.6931471805599454
ac:1.6931471805599454
il:1.6931471805599454
amo:1.0
shapira:1.0
eh:1.0
could:1.0
plea:1.0
give:1.0
detail:1.0
event:1.0
neutral:1.0
observ:1.6931471805599454
kill:2.09861228866811
purpos:1.0
soldier:1.0
mani:1.0
case:1.0
remeb:1.0
name:1.0
israli:1.0
shot:1.0
un:1.6931471805599454
gaza:1.0
first:1.0
half:1.0
intifada:1.0
exactli:1.0
reminisc:1.0
assassin:1.0
count:1.0
bernadott:1.0
negoti:1.6931471805599454
1948:1.0
war:1.6931471805599454
independ:1.0
seem:1.0
success:1.0
ceas:1.0
fire:1.0
would:1.0
work:1.0
territori:1.0
nascent:1.0
israel:1.0
compar:1.0
continu:1.0
