nstramer:2.09861228866811
superga:1.6931471805599454
dazixco:2.09861228866811
ingr:2.09861228866811
com:2.386294361119891
naftali:1.6931471805599454
stramer:1.6931471805599454
subject:2.09861228866811
rejoind:1.6931471805599454
question:2.386294361119891
isra:2.09861228866811
nntp:1.0
post:1.0
host:1.0
repli:1.0
organ:1.0
intergraph:1.6931471805599454
electron:1.6931471805599454
line:1.0
25:1.0
articl:1.0
1483500352:1.0
igc:1.6931471805599454
apc:1.6931471805599454
org:1.6931471805599454
center:1.6931471805599454
polici:1.6931471805599454
research:1.6931471805599454
cpr:1.6931471805599454
write:1.0
shaig:1.0
think:1.0
ten:1.0
dear:1.0
shai:1.0
answer:1.0
unsatisfactori:1.0
ypu:1.0
sue:1.0
internet:1.0
6101:1.0
lookout:1.0
road:1.0
suit:1.0
voic:1.0
303:1.6931471805599454
581:1.6931471805599454
2370:1.0
fax:1.0
9972:1.0
boulder:1.0
co:1.0
80301:1.0
qualiti:1.0
everybodi:1.6931471805599454
job:1.6931471805599454
watch:1.0
