henrik:1.0
quayl:1.0
kpc:1.0
com:1.0
subject:1.0
armenia:2.386294361119891
say:1.6931471805599454
could:1.6931471805599454
shoot:1.6931471805599454
turkish:2.386294361119891
plane:1.6931471805599454
organ:1.0
none:1.0
line:1.0
21:1.0
articl:1.6931471805599454
1993apr17:1.0
185118:1.0
10792:1.0
ee:1.6931471805599454
rochest:1.6931471805599454
edu:1.6931471805599454
terziogl:1.0
esin:1.6931471805599454
terzioglu:1.0
write:1.6931471805599454
1993apr16:1.0
195452:1.0
21375:1.0
urartu:1.6931471805599454
sdpa:1.6931471805599454
org:1.6931471805599454
dbd:1.0
david:1.0
davidian:1.0
04:1.0
16:1.0
93:1.0
1045:1.0
ermenistan:1.0
kasiniyor:1.0
let:2.386294361119891
translat:1.0
everyon:1.0
el:1.0
public:1.0
traslat:1.0
servic:1.0
get:2.386294361119891
itchi:1.6931471805599454
clearifi:1.0
mr:1.0
simpli:1.6931471805599454
world:1.6931471805599454
know:1.0
longer:1.0
sit:1.0
quiet:1.0
turk:1.0
away:1.0
famou:1.0
trick:1.0
armenian:1.0
rememb:1.0
invas:1.0
greek:1.0
island:1.0
cypress:1.0
watch:1.0
