jake:2.386294361119891
bony1:1.6931471805599454
boni:1.6931471805599454
com:1.6931471805599454
livni:1.6931471805599454
subject:1.0
invest:1.0
yehuda:1.0
shomron:1.0
organ:1.0
depart:1.6931471805599454
redund:1.0
line:1.0
22:1.0
articl:1.0
1483500346:1.0
igc:1.6931471805599454
apc:1.6931471805599454
org:1.6931471805599454
cpr:1.6931471805599454
center:1.0
polici:1.0
research:1.0
write:1.0
wish:1.0
learn:2.09861228866811
someth:2.09861228866811
pervers:1.6931471805599454
judaism:1.6931471805599454
consult:1.0
masterli:1.0
work:1.0
yehoshua:1.0
harkabi:1.0
mani:1.0
year:1.6931471805599454
head:1.0
isra:1.6931471805599454
intellig:1.6931471805599454
oppon:1.0
plo:1.6931471805599454
suggest:1.6931471805599454
someon:1.6931471805599454
claim:1.0
experi:1.6931471805599454
like:1.0
conspiraci:1.0
sesam:1.0
street:1.0
fashion:1.0
design:1.0
pizza:1.0
make:1.0
latest:1.0
book:1.0
publish:1.0
english:1.0
includ:1.0
detail:1.0
analysi:1.0
judeo:1.6931471805599454
nazism:1.6931471805599454
leagu:1.0
barf:1.0
shmidl:1.0
take:1.0
compliment:1.0
see:1.0
way:1.0
ten:1.0
georg:1.0
bush:1.0
american:1.0
occupi:1.0
new:1.0
york:1.0
replac:1.0
jimmi:1.0
carter:1.0
opinion:1.6931471805599454
employ:1.0
standard:1.0
fail:1.0
presid:1.0
