henrik:3.0794415416798357
quayl:1.0
kpc:1.0
com:1.0
subject:1.0
armenia:3.0794415416798357
say:1.0
could:1.0
shoot:1.0
turkish:2.386294361119891
plane:3.3978952727983707
organ:1.0
none:1.0
line:1.0
52:1.0
articl:1.0
1993apr20:1.0
110021:1.0
5746:1.0
kth:1.0
se:1.6931471805599454
hilmi:1.6931471805599454
er:1.0
dsv:1.0
su:1.0
eren:1.0
write:1.0
armenian:3.3978952727983707
nagarno:1.6931471805599454
karabagh:1.6931471805599454
simpli:1.0
defend:1.6931471805599454
right:1.0
keep:1.0
homeland:2.6094379124341005
azeri:1.6931471805599454
invad:1.6931471805599454
first:1.6931471805599454
today:1.0
fizuli:1.0
lacin:1.6931471805599454
sever:1.0
villag:1.6931471805599454
azerbadjan:2.09861228866811
see:1.0
great:1.0
dream:1.0
facist:1.0
method:1.0
like:2.09861228866811
kill:1.0
rape:1.0
bomb:1.0
last:1.6931471805599454
move:1.0
blast:1.0
truck:1.0
60:1.0
kurdish:1.0
refuge:1.0
tri:1.0
escap:1.0
citi:1.0
given:1.0
kurd:1.0
nagorno:2.386294361119891
karabakh:2.386294361119891
azerbaijan:1.0
live:1.6931471805599454
ever:1.0
sinc:2.09861228866811
use:1.6931471805599454
area:1.6931471805599454
die:1.0
polici:1.6931471805599454
attack:1.6931471805599454
someth:1.0
wrong:1.0
recal:1.0
correctli:1.0
stalin:1.0
caus:1.0
problem:1.0
land:1.6931471805599454
place:1.0
howev:1.0
hope:1.0
forc:1.0
airplan:1.0
purpos:1.0
search:2.791759469228055
arm:1.0
similar:1.0
one:1.0
happen:1.0
summer:1.0
turkey:2.386294361119891
american:1.0
carri:1.0
humanitarian:1.6931471805599454
aid:2.09861228866811
bound:1.0
speak:1.0
thing:1.0
know:1.6931471805599454
8:1.0
u:1.6931471805599454
cargo:1.6931471805599454
head:1.0
author:1.0
announc:2.09861228866811
go:1.0
3:2.09861228866811
return:1.0
base:1.0
germani:1.0
5:1.0
content:1.6931471805599454
hard:1.0
guess:1.6931471805599454
sure:1.0
stori:1.6931471805599454
talk:1.6931471805599454
send:1.0
two:1.0
year:1.0
would:2.09861228866811
find:1.0
govern:1.0
give:1.0
weapon:2.09861228866811
start:1.6931471805599454
self:1.0
karabag:1.0
provinc:1.0
bad:1.0
want:1.0
war:1.0
