adam:2.791759469228055
endor:1.6931471805599454
uucp:1.6931471805599454
shostack:2.09861228866811
subject:1.0
syria:2.386294361119891
expans:1.0
organ:1.0
aiken:1.0
comput:1.0
lab:1.0
harvard:2.09861228866811
univers:1.0
line:1.6931471805599454
95:1.0
articl:2.09861228866811
c5qhya:1.0
5gn:1.0
dscomsa:1.0
desi:1.6931471805599454
de:1.6931471805599454
hallam:1.0
zeus02:1.0
write:2.09861228866811
1993apr18:1.0
212610:1.0
5933:1.0
da:1.6931471805599454
edu:1.6931471805599454
18apr93:1.0
15729846:1.0
0076:1.0
vm1:1.0
mcgill:1.6931471805599454
ca:1.6931471805599454
b8ha000:1.0
b8ha:1.0
musicb:1.0
1:1.0
israel:2.791759469228055
occup:1.0
southern:1.0
lebanon:2.791759469228055
temporari:1.0
tisrael:1.6931471805599454
repeatedli:1.0
state:1.0
leav:2.09861228866811
lebanes:2.09861228866811
govern:2.09861228866811
provid:1.0
guarante:1.0
attack:1.0
soil:1.0
syrian:1.6931471805599454
accept:1.0
right:2.386294361119891
determin:2.09861228866811
wish:1.0
return:1.0
situat:1.0
prior:1.0
french:1.0
invas:1.0
part:1.6931471805599454
mandat:1.0
territori:1.6931471805599454
read:1.0
coloni:1.0
tand:1.0
make:2.09861228866811
decis:1.0
without:1.0
troop:1.0
control:1.0
countri:2.09861228866811
free:1.0
elect:1.0
take:1.6931471805599454
place:2.09861228866811
redicul:1.0
claim:1.6931471805599454
would:2.386294361119891
even:1.0
involv:1.0
happen:1.6931471805599454
invad:1.0
anoth:1.6931471805599454
consid:1.0
threat:1.0
precis:1.0
way:1.0
almost:1.0
war:2.791759469228055
aggress:1.0
start:1.0
ti:1.0
expect:1.0
agre:1.6931471805599454
hold:1.0
true:1.6931471805599454
alreadi:1.0
annex:1.6931471805599454
area:2.386294361119891
taken:1.0
1967:1.0
occupi:1.6931471805599454
disput:1.6931471805599454
sinc:1.0
legitam:1.0
bodi:1.0
citizenship:1.6931471805599454
given:1.0
resid:1.0
want:1.6931471805599454
un:1.6931471805599454
defin:1.0
recognis:1.0
everi:1.0
nation:1.0
earth:1.0
exclud:1.0
one:1.0
small:1.6931471805599454
caribean:1.0
island:1.0
tthe:2.09861228866811
also:2.386294361119891
thought:1.0
zionism:1.0
racism:1.0
fail:1.0
first:1.0
reason:2.386294361119891
secur:1.6931471805599454
larg:1.6931471805599454
jewish:1.6931471805599454
presens:1.0
difficult:1.0
terrorist:1.6931471805599454
infiltr:1.6931471805599454
settlement:1.6931471805599454
act:1.0
fortress:1.0
time:1.0
theyu:1.0
liabil:1.6931471805599454
talk:1.0
civilian:1.0
encamp:1.0
last:2.09861228866811
hour:1.0
tank:2.09861228866811
tthey:1.6931471805599454
week:1.0
48:1.6931471805599454
stop:1.0
advanc:1.0
day:1.0
73:1.0
littl:1.6931471805599454
evid:1.6931471805599454
militari:1.0
show:1.0
jordan:1.0
river:1.6931471805599454
exist:1.0
patrol:1.0
kibutzim:1.0
forc:1.0
usual:1.0
pick:1.0
morn:1.0
ta:1.0
second:1.0
polit:1.0
creat:1.0
brought:2.09861228866811
arab:2.791759469228055
negoti:2.791759469228055
tabl:2.386294361119891
creation:1.0
new:2.09861228866811
town:1.0
citi:1.0
gone:1.0
sever:1.0
year:1.6931471805599454
left:1.6931471805599454
major:1.0
land:1.0
could:1.0
call:1.0
fool:1.0
gulf:2.09861228866811
isra:1.6931471805599454
u:1.0
backer:1.0
base:1.0
insrtruct:1.0
shamir:1.0
el:1.6931471805599454
tnonsens:1.6931471805599454
tri:1.0
get:1.0
neighbor:1.0
40:1.0
point:1.0
mani:1.6931471805599454
peopl:1.6931471805599454
move:1.0
green:1.0
whatev:1.0
statu:1.0
noth:1.0
deal:1.0
boundari:1.6931471805599454
drawn:1.6931471805599454
result:1.0
unless:1.0
peac:1.0
araffat:1.0
preciou:1.0
author:1.0
anyth:1.0
accord:1.0
arafat:1.6931471805599454
must:1.0
destroy:1.0
never:1.0
come:1.0
clean:1.0
deni:1.0
plan:1.0
alway:1.0
waffl:1.0
mean:1.0
set:1.0
volcano:1.0
tthi:1.0
world:1.0
continu:1.0
fuel:1.0
torch:1.0
tof:1.0
revolut:1.0
blood:1.0
whole:1.0
toccupi:1.0
homeland:1.0
liber:1.0
yasser:1.0
ap:1.0
3:1.0
12:1.0
79:1.0
budget:1.0
big:1.0
enough:1.0
drug:1.0
sexual:1.0
favor:1.0
sure:1.0
wast:1.0
member:1.0
congress:1.0
john:1.0
perri:1.0
barlow:1.0
