dietz:2.09861228866811
c:1.6931471805599454
rochest:2.09861228866811
edu:1.6931471805599454
paul:1.0
subject:1.0
nuclear:1.6931471805599454
wast:1.0
organ:1.0
univers:1.0
line:1.6931471805599454
41:1.0
articl:1.0
843:1.0
rin:1.6931471805599454
ryukoku:1.6931471805599454
ac:1.6931471805599454
jp:1.6931471805599454
william:1.0
reiken:1.0
write:1.0
real:1.0
reason:2.09861228866811
acceler:1.0
breeder:1.0
inciner:1.0
built:1.6931471805599454
natur:1.0
uranium:3.5649493574615367
still:1.0
cheap:1.6931471805599454
geolog:1.0
dispos:1.0
actinid:1.0
look:1.0
technic:1.0
tnovemb:1.0
decemb:1.0
1987:1.0
page:1.0
21:1.0
scienc:1.0
technolog:1.6931471805599454
japan:2.09861228866811
tseawat:1.0
recoveri:1.0
experi:1.0
ground:2.09861228866811
reserv:1.6931471805599454
estim:1.6931471805599454
3:1.0
6:1.6931471805599454
million:1.0
ton:1.6931471805599454
anticip:1.0
demand:2.09861228866811
suppli:2.09861228866811
balanc:2.09861228866811
collaps:1.6931471805599454
end:1.6931471805599454
20th:1.0
centuri:1.6931471805599454
resourc:1.0
poor:1.0
countri:1.0
develop:1.0
way:1.0
econom:1.0
collect:1.0
dissolv:1.6931471805599454
seawat:2.386294361119891
total:1.0
quaniti:1.0
4:1.0
billion:1.0
huge:1.0
amount:1.0
compar:1.0
hate:1.0
pour:1.0
cold:1.0
water:1.0
current:1.0
extract:1.0
even:1.0
use:1.0
new:1.6931471805599454
improv:1.0
fiber:1.0
absorb:1.0
20:1.6931471805599454
time:1.0
expens:1.0
spot:1.0
market:1.0
right:1.6931471805599454
around:1.0
10:1.0
lb:1.6931471805599454
mine:1.6931471805599454
close:1.0
compet:1.0
place:1.0
like:1.6931471805599454
cigar:1.0
lake:1.0
canada:1.0
ore:1.0
rich:1.0
present:1.0
safeti:1.0
hazard:1.0
work:1.0
shield:1.0
vehicl:1.0
plenti:1.0
sourc:1.0
exampl:1.0
phosphat:1.0
process:1.0
would:1.0
come:1.0
reach:1.0
200:1.0
nonsens:1.0
alway:1.0
chang:1.0
price:1.6931471805599454
go:1.0
increas:1.0
factor:1.0
bloodi:1.0
reactor:1.0
suffici:1.6931471805599454
rate:1.0
interest:1.0
long:1.0
term:1.0
project:1.6931471805599454
japanes:1.0
might:1.0
justifi:1.0
self:1.0
tpaul:1.0
f:1.0
tdietz:1.0
