shread:1.6931471805599454
mit:1.6931471805599454
edu:1.0
peter:1.0
subject:1.0
el:1.0
set:1.6931471805599454
organ:1.0
lincoln:1.0
laboratori:1.0
distribut:1.0
u:1.0
line:1.0
5:1.0
look:1.0
sourc:1.6931471805599454
orbit:1.0
element:1.0
uaf:1.0
space:1.0
command:1.0
believ:1.0
one:1.0
compuserv:1.0
plea:1.0
let:1.0
know:1.0
possibl:1.0
reach:1.0
thank:1.0
much:1.0
