dchien:1.0
hougen:1.0
sea:1.0
ucla:1.6931471805599454
edu:1.6931471805599454
david:1.0
h:1.0
chien:1.0
subject:1.0
orbit:1.6931471805599454
data:1.0
help:1.0
need:1.6931471805599454
organ:1.0
seasnet:1.0
univers:1.0
california:1.0
lo:1.0
angel:1.0
line:1.6931471805599454
43:1.0
oscul:1.0
element:1.0
perige:1.0
convert:1.6931471805599454
someth:1.6931471805599454
use:1.0
prefer:1.6931471805599454
distanc:1.0
earth:1.0
evenli:1.0
space:1.0
time:1.0
interv:1.0
gsm:1.0
coordin:1.0
system:1.6931471805599454
c:1.0
pascal:1.0
fortran:1.0
code:1.0
point:1.0
book:1.0
great:1.0
first:1.0
file:1.0
0:3.9444389791664403
1:3.302585092994046
2x:2.386294361119891
a3:2.09861228866811
7x:1.6931471805599454
a30:1.0
2:2.09861228866811
i5:1.0
e24:1.6931471805599454
18:1.6931471805599454
3:3.8903717578961645
4x:1.0
sma:2.09861228866811
semi:1.0
major:1.0
axi:1.0
ecc:2.09861228866811
eccentr:1.0
inc:2.09861228866811
inclin:1.0
omg:2.09861228866811
ra:1.0
ascend:1.0
node:1.0
pom:2.09861228866811
argument:1.0
pericentr:1.6931471805599454
tra:2.09861228866811
true:1.0
anomali:1.0
hap:2.09861228866811
apocentr:1.0
height:1.6931471805599454
hpe:2.09861228866811
beg:1.0
167290000000000000e:1.0
05:2.9459101490553135
829159999999995925e:1.0
692307999999998591e:1.0
00:1.6931471805599454
899999999999999858e:1.0
02:1.6931471805599454
184369999999999994e:1.0
03:2.6094379124341005
336549999999999955e:1.0
359999999999999943e:1.0
133941270127999174e:1.0
06:1.6931471805599454
191344498719999910e:1.0
ref:1.0
167317532658774153e:1.0
829125167527418671e:1.0
691472268118590319e:1.0
899596754214342091e:1.0
184377521828175002e:1.0
336683788851850579e:1.0
153847166458030088e:1.0
133866082767180880e:1.0
192026707383028306e:1.0
thank:1.0
advanc:1.0
larri:1.0
kepko:1.0
lkepko:1.0
igpp:1.0
