dkelo:1.6931471805599454
msmail:1.0
pepperdin:1.6931471805599454
edu:2.09861228866811
dan:1.6931471805599454
kelo:1.6931471805599454
subject:1.0
81:1.6931471805599454
supernova:1.6931471805599454
x:1.0
ad:1.0
forward:1.0
space:1.6931471805599454
digest:1.0
organ:1.0
via:1.0
intern:1.0
univers:1.0
origin:1.0
sender:1.0
isu:1.0
vacat:1.0
venari:1.0
c:1.0
cmu:1.0
distribut:1.0
sci:1.0
line:1.0
7:1.0
bout:1.0
info:1.0
alleg:1.0
might:1.0
break:1.0
scope:1.0
one:1.0
sir:1.0
like:1.0
mr:1.0
hors:1.0
pepvax:1.0
