gallas2:1.6931471805599454
marcu:1.6931471805599454
rpi:2.386294361119891
edu:2.09861228866811
sean:1.6931471805599454
michael:1.0
gallagh:1.6931471805599454
subject:1.0
fund:2.386294361119891
nasa:1.6931471805599454
articl:1.0
87g54:1.0
line:1.0
8:1.0
nntp:1.0
post:1.0
host:1.0
polit:1.6931471805599454
scienc:1.0
paper:1.0
pork:1.0
barrel:1.0
would:1.6931471805599454
interest:1.0
inform:1.0
practic:1.0
histori:1.0
major:1.0
program:1.0
apollo:1.0
st:1.0
ssf:1.0
etc:1.0
ssto:1.0
contrast:1.0
could:1.0
someon:1.0
plea:1.0
recommend:1.0
sourc:1.0
use:1.0
thank:1.0
