nsmca:2.09861228866811
aurora:2.386294361119891
alaska:2.791759469228055
edu:3.0794415416798357
subject:1.0
portabl:1.0
small:1.0
ground:2.09861228866811
station:2.09861228866811
dir:1.0
articl:2.09861228866811
1993apr5:1.0
185700:1.0
1:1.6931471805599454
organ:1.0
univers:1.0
fairbank:1.0
line:1.0
21:1.0
nntp:1.0
post:1.0
host:1.0
acad3:1.6931471805599454
c4zgam:1.0
2nj:1.0
zoo:2.09861228866811
toronto:2.386294361119891
henri:2.6094379124341005
spencer:1.6931471805599454
write:1.6931471805599454
1993apr2:1.0
214705:1.0
difficult:1.0
would:1.0
set:1.0
one:2.09861228866811
extrem:1.0
amateur:1.0
radio:1.6931471805599454
satellit:1.0
sometim:1.0
reachabl:1.0
hand:1.0
held:1.0
noth:1.0
back:1.0
yard:1.0
let:1.0
listen:1.0
galileo:1.0
plea:1.0
specif:1.6931471805599454
work:1.6931471805599454
man:1.0
u:1.0
zoolog:1.0
kipl:1.0
utzoo:1.0
basic:1.0
abl:1.0
thing:1.0
big:1.0
dadi:1.0
monitor:1.0
control:1.0
need:1.0
shuttl:1.0
australia:1.0
michael:1.0
adam:1.0
high:1.0
jack:1.0
