roland:2.386294361119891
sic:2.6094379124341005
se:1.6931471805599454
karlsson:1.6931471805599454
subject:1.0
magellan:1.0
venu:1.0
map:2.09861228866811
thank:2.09861228866811
repli:1.0
baalk:1.0
kelvin:1.0
jpl:1.0
nasa:1.0
gov:1.0
messag:1.0
30:1.6931471805599454
mar:1.0
1993:1.0
00:1.0
34:1.0
ut:1.0
line:1.0
14:1.0
organ:1.0
swedish:1.0
institut:1.0
comput:1.0
scienc:1.0
kista:1.6931471805599454
ron:1.0
peter:1.0
nice:1.0
advic:1.0
though:1.0
wrote:1.0
reduc:1.0
256:1.0
color:1.6931471805599454
far:1.0
ad:1.0
understand:1.0
jpeg:1.6931471805599454
pictur:1.0
get:1.0
much:1.0
better:1.0
compress:1.0
file:1.0
smaller:1.0
use:1.0
origin:1.0
3:1.0
24:1.0
bit:1.0
data:1.0
convert:1.0
po:1.0
box:1.0
1263:1.0
164:1.0
28:1.0
sweden:1.0
internet:1.0
tel:1.0
46:1.6931471805599454
8:1.6931471805599454
752:1.0
15:1.0
40:1.0
fax:1.0
751:1.0
72:1.0
telex:1.0
812:1.6931471805599454
6154:1.6931471805599454
7011:1.6931471805599454
ttx:1.0
2401:1.0
