gnb:1.6931471805599454
leo:1.6931471805599454
bbi:2.09861228866811
com:1.6931471805599454
au:1.6931471805599454
gregori:1.6931471805599454
n:1.0
bond:1.6931471805599454
subject:1.0
area:1.6931471805599454
rule:1.6931471805599454
space:1.0
research:1.0
spin:1.0
articl:1.0
1993apr6:1.0
064720:1.0
6920:1.0
1pnuke:1.0
idn:1.0
access:1.6931471805599454
digex:1.6931471805599454
net:1.6931471805599454
shafer:1.0
93apr4200752:1.0
ra:1.0
dfrf:1.0
nasa:1.0
gov:2.09861228866811
1ppm7j:1.0
ip:1.0
1993apr5:1.0
133619:1.0
1:1.0
fnalf:1.6931471805599454
fnal:1.6931471805599454
organ:1.0
burdett:1.6931471805599454
buckeridg:1.6931471805599454
young:1.6931471805599454
melbourn:1.6931471805599454
australia:1.6931471805599454
line:1.0
9:1.0
repli:1.0
higgin:1.0
messag:1.0
5:1.0
apr:1.0
93:1.0
13:1.0
36:1.0
19:1.0
0600:1.0
nntp:1.0
post:1.0
host:1.0
gw:1.0
somebodi:1.0
elabor:1.0
gather:1.0
someth:1.0
aerodynam:1.0
tran:1.0
sonic:1.0
plane:1.0
summaris:1.0
coke:1.6931471805599454
bottl:1.0
good:1.0
bad:1.0
anyon:1.0
provid:1.0
detail:1.0
deriv:1.0
etc:1.0
ltd:1.0
knox:2.09861228866811
386:1.0
slick:1.0
fox:1.0
sox:1.0
box:1.6931471805599454
quick:1.0
play:1.0
lot:1.0
lsl:1.0
sick:1.0
apolog:1.0
john:1.0
iron:1.0
bar:1.0
mackin:1.0
