mccall:2.6094379124341005
mksol:2.09861228866811
dseg:2.386294361119891
ti:2.386294361119891
com:2.386294361119891
fred:2.386294361119891
j:1.6931471805599454
575:1.6931471805599454
3539:1.6931471805599454
subject:1.0
nuclear:1.0
wast:1.6931471805599454
organ:1.0
texa:1.0
instrument:1.0
inc:1.0
line:1.6931471805599454
78:1.0
1993apr2:1.0
150038:1.0
2521:1.0
c:1.6931471805599454
rochest:1.6931471805599454
edu:1.6931471805599454
dietz:1.6931471805599454
paul:1.6931471805599454
write:1.6931471805599454
articl:1.0
1993apr1:1.0
204657:1.0
29451:1.0
system:1.0
would:2.791759469228055
produc:1.0
enough:1.0
energi:2.791759469228055
drive:1.0
acceler:2.791759469228055
perhap:1.6931471805599454
left:1.0
high:1.6931471805599454
power:2.09861228866811
100:1.0
mw:1.0
cw:1.6931471805599454
quasi:1.0
sharp:1.0
proton:1.0
beam:1.0
requir:1.0
appear:1.0
achiev:1.0
use:2.386294361119891
linear:1.0
biggest:1.0
question:1.0
mark:1.0
lead:1.0
target:1.0
chemistri:1.0
process:2.386294361119891
element:1.0
inciner:1.6931471805599454
quit:1.0
frankli:1.0
believ:2.09861228866811
realli:2.09861228866811
go:1.6931471805599454
work:1.0
typic:1.0
trash:1.6931471805599454
one:2.6094379124341005
need:1.0
see:2.09861228866811
put:1.6931471805599454
coupl:1.0
ton:2.386294361119891
end:2.09861228866811
get:1.6931471805599454
rel:1.6931471805599454
clean:1.6931471805599454
materi:2.09861228866811
plu:1.0
abl:1.0
run:2.09861228866811
residu:1.0
sound:2.09861228866811
almost:1.6931471805599454
like:2.6094379124341005
perpetu:2.6094379124341005
motion:2.6094379124341005
honest:1.0
thing:1.6931471805599454
admit:1.0
critic:1.6931471805599454
scientif:1.0
ground:1.0
invalid:1.0
rather:1.6931471805599454
pretend:1.6931471805599454
actual:1.6931471805599454
talk:2.6094379124341005
engin:1.0
feasibl:2.09861228866811
given:1.6931471805599454
post:1.0
say:1.6931471805599454
surpris:1.6931471805599454
though:1.6931471805599454
well:2.09861228866811
pardon:1.6931471805599454
tri:2.09861228866811
continu:1.0
discus:1.0
tug:1.0
forelock:1.0
dismay:1.0
consid:1.6931471805599454
recov:1.6931471805599454
least:1.6931471805599454
right:1.0
way:1.0
curv:1.0
sackcloth:1.0
ash:1.0
anyth:1.0
plea:1.0
noth:1.0
note:1.0
even:1.6931471805599454
phrase:1.0
somewhat:1.0
differ:1.6931471805599454
propposit:1.0
elect:1.0
beg:1.0
precis:1.0
languag:1.0
physic:1.6931471805599454
understood:1.6931471805599454
come:1.6931471805599454
fission:1.0
actinid:2.09861228866811
subcrit:1.0
assembl:1.0
folk:1.0
spallat:1.6931471805599454
reactor:1.0
sinc:1.0
1950:1.0
pul:1.0
neutron:1.0
sourc:1.0
today:1.0
research:1.0
tool:1.0
design:1.0
improv:1.0
particularli:1.0
superconduct:1.0
caviti:1.0
help:1.0
lo:1.0
alamo:1.0
expertis:1.0
current:1.0
lampf:1.0
know:1.0
close:1.0
approach:1.6931471805599454
technolog:1.6931471805599454
econom:1.0
mix:1.0
natur:1.6931471805599454
oppos:2.09861228866811
cost:2.09861228866811
separ:1.0
first:1.0
dump:1.0
pull:1.0
risk:1.0
etc:1.0
taken:1.0
account:1.0
still:2.386294361119891
class:1.0
idea:1.0
throw:1.0
sun:1.0
sure:1.0
possibl:1.0
reason:2.386294361119891
wonder:1.0
sort:1.0
burn:1.0
rate:1.0
could:1.0
someth:1.0
kind:1.0
build:1.0
without:1.0
recoveri:1.0
ounc:1.0
pound:1.0
gram:1.0
kilogram:1.0
metric:1.0
si:1.6931471805599454
fan:1.6931471805599454
day:1.6931471805599454
week:1.6931471805599454
month:1.6931471805599454
year:1.6931471805599454
hmmm:1.0
non:1.0
decim:1.0
time:1.0
scale:1.0
real:1.6931471805599454
breeder:1.0
built:1.0
uranium:1.0
cheap:1.0
geolog:1.0
dispos:1.0
look:1.0
technic:1.0
insist:1.0
perfect:1.0
safeti:1.0
peopl:1.0
ball:1.0
live:1.0
world:1.0
mari:1.0
shafer:1.0
nasa:1.0
ame:1.0
dryden:1.0
speak:1.6931471805599454
other:1.0
