clark:2.386294361119891
acm:1.6931471805599454
ucf:1.6931471805599454
edu:2.386294361119891
thoma:1.6931471805599454
subject:1.0
push:2.09861228866811
envelop:2.6094379124341005
organ:1.0
univers:1.6931471805599454
central:1.6931471805599454
florida:1.0
distribut:1.0
na:1.0
line:1.0
18:1.0
1993apr3:1.0
233154:1.0
7045:1.0
princeton:1.6931471805599454
lije:1.0
cognito:1.0
elijah:1.0
millgram:1.0
write:1.0
friend:1.0
mine:1.0
wonder:1.0
express:1.0
come:1.0
anyon:1.0
know:1.0
everbodi:1.0
defin:1.0
world:1.0
chosen:1.0
rather:1.0
say:1.0
shell:2.09861228866811
boundari:1.0
analog:1.0
airship:1.0
perhap:1.0
actual:1.0
might:1.0
good:1.0
hard:1.0
aircraft:1.0
break:1.0
institut:1.0
simul:1.0
train:1.0
fl:1.6931471805599454
12424:1.0
research:1.0
parkway:1.0
suit:1.0
300:1.0
orlando:1.0
32826:1.0
407:1.6931471805599454
658:1.6931471805599454
5030:1.0
fax:1.0
5059:1.0
