thomson:1.0
cpva:1.6931471805599454
saic:1.0
com:1.0
subject:1.0
cosmo:2.9459101490553135
2238:2.9459101490553135
eorsat:1.0
articl:1.0
15337:1.0
2bc16ada:1.0
organ:1.0
scienc:1.0
applic:1.0
int:1.0
l:1.0
corp:1.0
san:1.0
diego:1.0
line:1.0
48:1.0
date:1.6931471805599454
tue:1.0
6:1.0
apr:1.0
1993:2.6094379124341005
15:1.0
40:1.0
47:1.0
gmt:2.09861228866811
need:1.0
much:1.0
inform:1.0
rocket:1.6931471805599454
fragment:1.0
018b:1.0
possibl:1.0
purpos:1.0
launch:3.302585092994046
locat:1.0
short:1.0
everyth:1.0
help:1.0
toni:1.0
ryan:1.0
astronomi:1.0
space:2.386294361119891
new:1.0
intern:1.0
magazin:1.0
avail:1.0
ocean:1.6931471805599454
reconnaiss:1.6931471805599454
surpris:1.0
west:1.0
news:1.6931471805599454
april:1.0
5:1.0
11:1.0
p:2.09861228866811
2:1.0
excerpt:1.0
russia:1.6931471805599454
first:1.0
satellit:3.3978952727983707
26:1.0
month:1.0
march:2.791759469228055
30:2.386294361119891
confound:1.0
western:2.09861228866811
analyst:1.0
proclaim:1.0
program:1.0
dead:1.0
itar:2.6094379124341005
ta:2.6094379124341005
agenc:1.0
announc:1.0
plesetsk:1.0
cosmodrom:1.6931471805599454
provid:1.0
littl:1.0
descript:1.0
payload:1.0
mission:1.0
howev:1.0
base:1.0
trajectori:1.0
observ:1.6931471805599454
identifi:1.0
militari:1.6931471805599454
spacecraft:1.0
design:1.0
monitor:1.0
electron:1.0
emiss:1.0
foreign:1.0
naval:1.0
ship:1.0
order:1.0
track:1.0
movement:1.0
geoff:1.0
perri:1.0
ketter:1.0
group:1.0
england:1.0
said:1.0
conclud:1.0
would:1.0
day:1.0
last:1.0
enter:1.0
earth:2.09861228866811
atmospher:1.0
defens:1.6931471805599454
ministri:1.6931471805599454
moscow:2.6094379124341005
world:1.6931471805599454
servic:1.6931471805599454
russian:2.09861228866811
1238:1.0
translat:1.6931471805599454
fbi:1.6931471805599454
sov:1.6931471805599454
93:1.6931471805599454
060:1.6931471805599454
27:1.6931471805599454
correspond:1.6931471805599454
veronika:1.0
romanenkova:1.0
1600:1.0
time:1.0
today:1.0
baykonur:1.6931471805599454
tsiklon:1.0
carrier:1.0
told:1.0
press:1.0
center:1.0
forc:1.0
interest:1.0
paramet:1.6931471805599454
given:1.0
0930:1.0
31:1.6931471805599454
anoth:1.0
artifici:1.0
carri:1.6931471805599454
scientif:2.09861228866811
apparatu:2.386294361119891
continu:1.0
research:1.0
place:1.0
orbit:2.09861228866811
follow:1.0
initi:1.0
period:1.0
revolut:1.0
92:1.0
8:1.0
minut:1.0
apoge:1.0
443:1.0
km:1.6931471805599454
perige:1.0
413:1.0
inclin:1.0
65:1.0
degre:1.0
besid:1.0
radio:1.0
system:1.6931471805599454
precis:1.0
measur:1.0
element:1.0
radiotelemetri:1.0
transmit:1.0
data:1.0
work:1.6931471805599454
instrument:1.0
aboard:1.0
normal:1.0
