baalk:2.791759469228055
kelvin:2.6094379124341005
jpl:2.6094379124341005
nasa:2.6094379124341005
gov:2.6094379124341005
ron:2.09861228866811
subject:1.0
comet:2.9459101490553135
temporari:1.6931471805599454
orbit:2.6094379124341005
around:2.09861228866811
jupit:1.6931471805599454
organ:1.0
jet:1.6931471805599454
propuls:1.6931471805599454
laboratori:1.0
line:1.0
30:1.0
distribut:1.0
world:1.0
nntp:1.0
post:1.0
host:1.0
news:1.0
softwar:1.0
vax:1.0
vm:1.0
vnew:1.0
1:1.0
41:1.0
articl:1.6931471805599454
1psfan:1.0
pj0:1.0
access:1.6931471805599454
digex:1.6931471805599454
net:1.0
prb:1.0
com:1.0
pat:1.0
write:1.6931471805599454
6apr199314571378:1.0
gehrel:1.0
3:1.0
discov:1.0
1977:1.0
determin:1.6931471805599454
jovian:1.6931471805599454
1970:1.0
1973:1.0
shoemak:2.09861228866811
levi:2.09861228866811
1993e:2.09861228866811
may:1.0
remain:1.0
long:1.0
enough:1.0
allow:1.0
galileo:2.09861228866811
make:1.0
closeup:1.0
observ:1.6931471805599454
trajectori:1.0
still:1.6931471805599454
posit:1.6931471805599454
uncertainti:1.0
l:1.0
hang:1.0
arriv:1.0
sure:1.0
ad:1.0
list:1.0
target:1.0
two:1.0
year:1.0
earth:1.6931471805599454
base:1.6931471805599454
help:1.6931471805599454
narrow:1.0
piec:1.0
probabl:1.0
much:1.0
differ:1.0
done:1.0
gaspra:1.0
imag:1.6931471805599454
toutati:1.6931471805599454
came:1.0
radar:1.0
lab:1.0
525:1.0
3684:1.0
telo:1.0
cynic:1.0
never:1.0
pasadena:1.0
ca:1.0
91109:1.0
correct:1.0
situat:1.0
caus:1.0
aggrav:1.0
instead:1.0
