higgin:2.791759469228055
fnalf:1.6931471805599454
fnal:2.6094379124341005
gov:2.09861228866811
bill:1.6931471805599454
beam:1.6931471805599454
jockey:1.6931471805599454
subject:1.0
sixti:1.0
two:1.0
thousand:1.0
mani:2.386294361119891
read:2.791759469228055
sci:3.5649493574615367
space:3.5649493574615367
organ:1.0
fermi:1.6931471805599454
nation:1.6931471805599454
acceler:1.6931471805599454
laboratori:1.6931471805599454
line:1.6931471805599454
67:1.0
nntp:1.0
post:2.6094379124341005
host:1.0
articl:1.6931471805599454
1993apr15:1.0
072429:1.0
10206:1.0
sol:1.0
uvic:1.6931471805599454
ca:1.6931471805599454
rborden:1.0
ugli:1.0
ross:1.0
borden:1.0
write:1.6931471805599454
734850108:1.0
f00002:1.0
permanet:1.6931471805599454
org:1.6931471805599454
mark:2.386294361119891
prado:1.6931471805599454
p2:1.0
f349:1.0
n109:1.0
z1:1.0
one:1.6931471805599454
could:2.09861228866811
go:1.0
wonder:1.6931471805599454
peopl:1.6931471805599454
power:1.6931471805599454
influenc:1.6931471805599454
individu:1.0
tquick:1.0
everyon:1.0
see:1.6931471805599454
repli:1.0
say:1.0
hey:1.0
count:1.0
find:1.0
also:1.6931471805599454
help:1.0
answer:1.0
nag:1.0
question:1.0
maximum:1.0
bandwidth:1.0
internet:1.6931471805599454
anyway:1.0
practic:1.0
suggest:1.0
sure:1.0
peek:1.0
news:1.6931471805599454
list:1.6931471805599454
brian:1.0
reid:2.386294361119891
usenet:2.09861228866811
readership:2.09861228866811
report:2.386294361119891
mar:2.386294361119891
93:2.09861228866811
anoth:1.0
call:1.0
summari:1.0
give:2.09861228866811
methodolog:1.0
caveat:1.0
survey:1.0
fail:1.0
appear:1.0
back:1.0
ala:1.0
u:1.6931471805599454
measur:1.0
reader:2.09861228866811
sorri:1.0
suspect:1.0
dangl:1.0
fidonet:1.0
may:1.6931471805599454
get:1.0
mail:1.6931471805599454
copi:1.0
bottom:1.0
estim:1.6931471805599454
total:1.0
number:2.09861228866811
group:2.386294361119891
worldwid:1.0
actual:1.0
sampl:1.0
popul:1.0
propag:1.0
site:1.0
receiv:1.0
recent:1.6931471805599454
traffic:2.09861228866811
messag:1.0
per:1.6931471805599454
month:2.09861228866811
kilobyt:1.0
crosspost:1.0
percentag:1.0
cost:1.0
ratio:1.0
rdr:1.0
share:1.0
newsrder:1.0
v:3.0794415416798357
88:1.6931471805599454
62000:1.6931471805599454
1493:1.6931471805599454
80:2.386294361119891
1958:1.6931471805599454
4283:1.6931471805599454
9:2.386294361119891
19:1.6931471805599454
0:3.0794415416798357
10:1.6931471805599454
2:3.0794415416798357
first:1.0
figur:1.6931471805599454
indic:1.0
rank:1.6931471805599454
88th:1.0
among:1.0
newsgroup:1.0
keep:1.0
track:1.0
sporad:1.0
watch:1.0
growth:1.0
might:1.0
entertain:1.0
oct:1.0
91:1.0
55:1.0
71000:1.0
1387:1.0
84:1.0
718:1.0
1865:1.0
21:1.0
04:2.09861228866811
4:2.09861228866811
92:2.6094379124341005
43:1.0
85000:1.0
1741:1.0
82:1.6931471805599454
1207:1.0
2727:1.0
13:1.6931471805599454
06:1.0
1:1.6931471805599454
jul:1.0
48:1.0
94000:1.6931471805599454
1550:1.0
1044:1.0
2448:1.0
3:2.09861228866811
12:1.0
8:2.09861228866811
45:1.6931471805599454
2023:1.0
834:1.0
1744:1.0
kind:1.0
glitch:1.6931471805599454
happen:1.6931471805599454
sep:1.0
51000:1.0
1690:1.0
1420:1.0
3541:1.0
16:1.0
11:1.0
6:1.0
nov:1.0
78:1.0
47000:1.0
1372:1.0
81:1.0
1220:1.0
2633:1.0
17:1.0
08:1.0
revis:1.0
possibl:1.0
old:1.0
hand:1.0
background:1.0
interpret:1.0
histori:1.0
effort:1.0
take:1.0
e:1.0
belong:1.0
churchyard:1.0
valley:1.0
myrtl:1.0
doth:1.0
entwin:1.0
bitnet:1.6931471805599454
grow:1.0
rose:1.0
posi:1.0
fertil:1.0
clementin:1.0
span:1.0
hepnet:1.0
43011:1.0
