henri:2.6094379124341005
zoo:1.6931471805599454
toronto:2.386294361119891
edu:1.6931471805599454
spencer:1.6931471805599454
subject:1.0
solar:1.6931471805599454
sail:1.6931471805599454
data:1.0
organ:1.6931471805599454
u:1.6931471805599454
zoolog:1.6931471805599454
line:1.0
10:1.0
articl:1.0
1qk4qf:1.0
mf8:1.0
male:1.0
ebay:1.6931471805599454
sun:1.6931471805599454
com:1.6931471805599454
almo:1.0
packmind:1.0
write:1.0
hey:1.0
happen:1.0
race:1.6931471805599454
suppos:1.6931471805599454
columbu:1.0
500:1.0
recess:1.0
none:1.0
potenti:1.0
entrant:1.0
could:1.0
rais:1.0
money:1.0
actual:1.0
handl:1.0
part:1.0
fundrais:1.0
le:1.0
said:1.0
better:1.0
work:1.6931471805599454
one:1.0
man:1.0
kipl:1.0
utzoo:1.0
