8725157m:1.0
level:1.0
unisa:1.0
edu:1.0
au:1.0
subject:1.0
cold:1.6931471805599454
ga:1.6931471805599454
roll:1.6931471805599454
control:1.6931471805599454
thruster:1.6931471805599454
tank:1.6931471805599454
organ:1.0
univers:1.0
south:1.0
australia:1.0
line:1.0
5:1.0
anyon:1.0
know:1.0
size:1.0
sound:1.0
rocket:1.0
thank:1.0
advanc:1.0
jim:1.0
