goltz:2.386294361119891
mimi:1.6931471805599454
uu:2.09861228866811
net:2.09861228866811
jame:1.0
p:1.0
subject:1.0
orion:1.6931471805599454
drive:2.09861228866811
vacuum:1.6931471805599454
organ:1.0
uunet:1.6931471805599454
technolog:1.0
inc:1.0
fall:1.0
church:1.0
va:1.0
usa:1.0
line:1.0
31:1.0
nntp:1.0
post:1.0
host:1.0
background:1.0
spacedr:1.0
theoret:1.0
concept:1.0
would:2.386294361119891
use:1.0
thermonuclear:1.0
explos:2.386294361119891
spacecraft:1.6931471805599454
idea:1.0
deton:1.6931471805599454
devic:1.0
somewher:1.0
one:1.0
ten:1.0
megaton:1.0
yield:1.0
behind:1.0
pusher:2.09861228866811
plate:2.386294361119891
attach:1.0
main:1.0
shock:1.6931471805599454
wave:1.6931471805599454
transfer:1.6931471805599454
momentum:2.09861228866811
ship:1.6931471805599454
atmospher:1.6931471805599454
see:2.09861228866811
energi:1.0
heat:1.6931471805599454
expand:1.0
slam:1.0
two:1.0
thing:1.0
go:1.6931471805599454
hit:1.0
fission:1.6931471805599454
fusion:1.0
product:1.6931471805599454
barium:1.0
krypton:1.0
helium:1.0
neutron:1.0
evapor:1.0
bomb:1.6931471805599454
case:1.0
electromagnet:1.0
radiat:1.6931471805599454
gamma:1.0
mostli:1.0
light:1.0
irradi:1.0
work:1.0
em:1.0
impel:1.0
much:1.0
especi:1.0
given:1.0
mass:1.0
seem:1.0
get:1.6931471805599454
throw:1.0
back:1.0
must:1.0
miss:1.0
someth:1.0
someon:1.0
enlighten:1.0
via:1.0
email:1.0
thank:1.0
jim:1.6931471805599454
alternet:1.0
engin:1.0
