mwm:1.6931471805599454
c:1.6931471805599454
cmu:2.09861228866811
edu:2.9459101490553135
mark:2.6094379124341005
maimon:1.6931471805599454
subject:2.09861228866811
read:1.0
sci:2.386294361119891
space:3.1972245773362196
without:1.0
netnew:1.0
summari:1.0
digest:2.09861228866811
address:2.09861228866811
nntp:1.0
post:2.386294361119891
host:1.0
gp:1.0
organ:1.0
school:1.0
comput:1.6931471805599454
scienc:1.6931471805599454
carnegi:1.6931471805599454
mellon:1.6931471805599454
line:1.6931471805599454
36:1.0
articl:1.0
734975852:1.0
f00001:1.0
permanet:1.6931471805599454
org:1.6931471805599454
prado:1.6931471805599454
p2:1.0
f349:1.0
n109:1.0
z1:1.0
write:1.0
anyon:1.6931471805599454
know:1.0
el:1.0
would:1.6931471805599454
like:1.0
get:1.0
internet:1.6931471805599454
feed:2.09861228866811
cryptic:1.0
will:1.0
tkudo:1.0
gener:1.0
offer:1.0
alreadi:1.0
exist:1.0
larg:1.0
email:1.6931471805599454
base:1.0
forward:1.0
system:1.0
mirror:1.0
exactli:1.0
provid:1.0
simpl:1.0
two:1.0
way:1.0
commun:1.0
tto:1.6931471805599454
subscrib:1.0
send:1.6931471805599454
follow:1.0
messag:2.386294361119891
bodi:1.0
tsubscrib:1.0
john:1.0
q:1.0
public:1.0
one:1.0
tlistserv:2.386294361119891
uga:2.09861228866811
cc:1.0
finhutc:1.0
finhuc:1.0
hut:1.0
fi:1.0
tspace:1.6931471805599454
request:2.09861228866811
isu:2.09861228866811
isunet:2.09861228866811
receiv:1.0
form:1.0
day:1.0
plea:1.0
use:1.0
listserv:1.0
handl:1.0
manual:1.0
reason:1.0
question:1.0
comment:1.0
tphone:1.0
1:1.0
412:1.0
268:1.0
7698:1.0
temail:1.0
