subject:1.0
quotat:1.6931471805599454
lowest:1.6931471805599454
bidder:1.6931471805599454
bioccnt:1.0
otago:2.09861228866811
ac:1.6931471805599454
nz:1.6931471805599454
organ:1.0
univers:1.0
dunedin:1.0
new:1.0
zealand:1.0
nntp:1.0
post:1.0
host:1.0
thorin:1.0
line:1.0
12:1.0
someon:1.0
plea:1.0
remind:1.0
said:1.6931471805599454
well:1.0
known:1.0
sit:1.0
atop:1.0
rocket:1.0
await:1.0
liftoff:1.0
afterward:1.0
answer:1.0
question:1.0
think:1.0
approxim:1.0
half:1.0
million:1.0
compon:1.0
work:1.0
perfectli:1.0
suppli:1.0
attribut:1.0
correct:1.0
quot:1.0
would:1.0
much:1.0
appreci:1.0
clive:1.0
trotman:1.0
