eder:2.386294361119891
hsvaic:1.0
boe:1.6931471805599454
com:1.0
dani:2.09861228866811
subject:1.0
gun:2.09861228866811
space:2.09861228866811
keyword:1.0
sopa:1.0
launcer:1.0
organ:1.0
ai:1.0
center:1.0
huntsvil:1.0
al:1.6931471805599454
line:1.0
22:1.0
refer:1.0
limit:1.0
acceler:1.6931471805599454
launch:1.0
solid:2.791759469228055
rocket:1.0
payload:1.0
thiokol:1.0
provid:1.0
sampl:1.0
data:1.0
reinforc:1.6931471805599454
motor:1.6931471805599454
grain:2.09861228866811
high:1.0
propel:2.386294361119891
usual:1.0
substanti:1.0
percentag:1.0
aluminum:3.0794415416798357
mix:1.6931471805599454
exampl:1.0
shuttl:1.0
srb:1.0
16:1.0
percent:1.6931471805599454
techniqu:1.0
use:1.6931471805599454
foam:1.6931471805599454
structur:1.6931471805599454
look:1.0
like:1.0
invers:1.0
set:1.0
bubbl:2.09861228866811
suspect:1.0
process:1.0
form:1.6931471805599454
word:1.0
made:1.0
bunch:1.0
molten:1.0
froze:1.0
get:1.6931471805599454
strong:1.0
network:1.0
effect:1.0
wire:1.0
direct:1.0
remain:1.0
fuel:1.0
infiltr:1.0
void:1.0
make:1.0
6:1.0
total:1.0
still:1.0
particl:1.0
bulk:1.0
major:1.0
improv:1.0
higher:1.0
resist:1.0
crack:1.0
princip:1.0
failur:1.0
mode:1.0
meridian:1.0
invest:1.0
compani:1.0
205:1.0
464:1.0
2697:1.0
w:1.6931471805599454
232:1.0
7467:1.0
h:1.0
rt:1.0
1:1.0
box:1.0
188:1.0
2:1.0
athen:1.0
35611:1.0
locat:1.0
34deg:1.0
37:1.0
n:1.0
86deg:1.0
43:1.0
100m:1.0
alt:1.0
