c:2.386294361119891
egalon:2.9459101490553135
larc:2.6094379124341005
nasa:2.791759469228055
gov:2.6094379124341005
claudio:2.09861228866811
oliveira:2.09861228866811
subject:1.0
portugues:2.6094379124341005
launch:2.09861228866811
complex:2.09861228866811
doppelgang:1.0
organ:1.0
langley:1.0
research:1.0
center:1.0
line:1.0
14:1.0
distribut:1.0
world:1.0
repli:1.0
nntp:1.0
post:1.0
host:1.0
tahiti:1.0
portuges:1.0
wonder:1.0
gosh:1.0
polish:1.0
american:1.0
way:1.0
brazilian:1.0
brazil:1.0
joke:1.0
space:1.0
agenc:1.0
want:1.0
send:1.6931471805599454
astronaut:1.6931471805599454
surfac:1.6931471805599454
sun:1.6931471805599454
thing:1.0
solv:1.0
problem:1.0
man:1.0
simpl:1.0
travel:1.0
night:1.0
