semmett:2.09861228866811
gmuvax2:2.09861228866811
gmu:2.09861228866811
edu:2.09861228866811
steve:2.09861228866811
emmett:2.09861228866811
subject:1.0
moscow:3.0794415416798357
aviat:3.3978952727983707
institut:2.9459101490553135
summer:1.0
school:2.791759469228055
organ:1.6931471805599454
georg:2.09861228866811
mason:2.09861228866811
univers:2.09861228866811
fairfax:1.0
virginia:1.0
usa:1.0
line:1.0
103:1.0
attach:1.0
copi:1.0
announc:2.09861228866811
pick:1.0
trip:1.0
last:1.6931471805599454
week:1.6931471805599454
sever:1.0
friend:1.6931471805599454
ask:1.0
post:1.0
done:1.0
edit:1.0
content:1.0
unchang:1.0
origin:1.0
familiar:1.0
lead:1.0
russian:2.6094379124341005
higher:1.0
educ:2.09861228866811
dedic:1.0
train:1.0
aircraft:1.6931471805599454
spacecraft:1.0
design:3.0794415416798357
special:1.6931471805599454
airfram:1.6931471805599454
powerpl:1.0
control:1.0
system:1.6931471805599454
power:1.0
virtual:1.6931471805599454
major:1.0
former:1.0
soviet:1.0
tupolev:1.0
su:2.9459101490553135
iluchin:1.0
migoyan:1.0
etc:1.6931471805599454
mai:1.6931471805599454
opportun:2.09861228866811
tour:1.0
two:1.0
museum:2.386294361119891
maintain:1.0
includ:2.386294361119891
mig23:1.0
27:1.6931471805599454
yak:1.6931471805599454
38:1.0
cockpit:1.0
f:1.0
111:1.0
among:1.0
other:1.0
fascin:1.0
eye:1.0
open:1.0
experi:1.6931471805599454
expeci:1.0
given:1.6931471805599454
fact:1.0
year:1.6931471805599454
ago:1.0
close:1.6931471805599454
everyon:1.0
also:1.0
see:1.6931471805599454
conduct:1.0
plasma:1.0
drive:1.0
engin:1.6931471805599454
futur:1.0
space:1.0
craft:1.0
use:1.6931471805599454
question:1.6931471805599454
program:1.0
would:1.0
glad:1.0
tri:1.0
answer:1.0
faculti:1.0
e:1.6931471805599454
mail:1.6931471805599454
address:1.6931471805599454
howev:1.0
take:2.09861228866811
day:1.6931471805599454
receiv:1.6931471805599454
get:1.6931471805599454
messag:1.0
still:1.0
bit:1.0
antiqu:1.0
rapidli:1.0
chang:1.0
p:1.0
plea:1.6931471805599454
send:1.6931471805599454
via:1.0
2:1.0
delay:1.0
news:1.0
feed:1.0
deliveri:1.0
tmoscow:1.0
intern:1.6931471805599454
poljot:2.386294361119891
mean:1.0
flight:1.0
promin:1.0
center:1.0
airspac:1.6931471805599454
foreign:1.6931471805599454
trade:1.6931471805599454
firm:2.09861228866811
well:2.386294361119891
known:2.09861228866811
variou:1.0
part:1.6931471805599454
world:1.6931471805599454
quartz:1.0
mechan:1.0
wrist:1.0
watch:1.0
cours:2.09861228866811
studi:2.09861228866811
50:1.0
time:1.6931471805599454
uniqu:1.6931471805599454
listen:1.0
intens:1.0
main:1.0
disciplin:1.0
histori:1.0
theori:1.0
techniqu:1.6931471805599454
airplan:1.6931471805599454
visit:2.09861228866811
acquaint:1.0
tu:1.0
mig:1.0
il:1.0
meet:1.0
discus:1.0
famou:1.6931471805599454
scientist:1.6931471805599454
pilot:1.0
interest:1.0
mani:1.0
public:1.0
show:1.0
place:1.6931471805599454
31:1.0
august:1.0
3:1.0
septemb:1.0
1993:1.0
art:1.0
histor:1.0
architectur:1.0
monument:1.0
theatr:1.6931471805599454
concert:1.0
hall:1.0
sport:1.0
competit:1.0
great:1.0
new:1.0
director:1.0
mr:1.6931471805599454
oleg:1.0
samelovich:2.09861228866811
professor:1.0
gener:1.0
chief:1.0
depart:1.0
one:1.0
24:1.0
25:1.0
lectur:1.0
english:1.0
multi:1.0
medium:1.0
concept:1.0
student:1.6931471805599454
provid:1.0
necessari:1.0
text:1.0
book:1.0
literatur:1.0
full:1.6931471805599454
complet:1.6931471805599454
certif:1.0
graduat:1.0
cost:1.0
hotel:1.0
meal:1.0
excurs:1.0
3500:1.0
appli:1.0
admiss:1.0
applic:1.6931471805599454
109147:1.0
marksistskaja:1.0
34:1.0
274:1.6931471805599454
00:1.6931471805599454
13:1.0
phone:1.0
22:1.0
fax:1.0
411989:1.0
polex:1.0
telex:1.0
name:1.0
date:1.0
birth:1.0
addit:1.6931471805599454
passport:1.0
inform:2.09861228866811
descript:1.0
upon:1.0
receipt:1.0
immedi:1.0
forward:1.0
offici:1.0
invit:1.0
obtain:1.0
entranc:1.0
visa:1.0
detail:1.0
payment:1.0
requir:1.0
hesit:1.0
contact:1.0
u:1.0
sign:1.0
csi:1.0
physic:1.0
