nsmca:1.6931471805599454
aurora:1.6931471805599454
alaska:2.386294361119891
edu:2.791759469228055
subject:1.6931471805599454
solar:2.386294361119891
sail:2.386294361119891
data:1.6931471805599454
articl:1.6931471805599454
1993apr17:1.0
042918:1.0
1:1.0
organ:1.0
univers:1.6931471805599454
fairbank:1.0
line:1.0
24:1.0
nntp:1.0
post:1.0
host:1.0
acad3:1.6931471805599454
1993apr15:1.0
051746:1.0
29848:1.0
news:1.0
duc:1.0
auburn:2.09861228866811
snydefj:1.0
eng:1.6931471805599454
frank:1.0
j:1.0
snyder:1.6931471805599454
write:1.0
look:1.0
inform:1.6931471805599454
concern:1.0
project:1.6931471805599454
involv:1.6931471805599454
understand:1.0
jpl:1.0
extens:1.0
studi:1.0
back:1.0
late:2.09861228866811
70:1.0
troubl:1.0
gather:1.0
group:1.0
current:1.0
tfrank:1.0
tauburn:1.0
tsnydefj:1.0
know:1.0
someon:1.0
long:1.0
talk:1.0
earli:1.0
year:2.386294361119891
last:1.6931471805599454
also:1.0
sure:1.0
captur:1.0
possibl:1.0
think:1.6931471805599454
one:1.0
regular:1.0
start:1.0
latest:1.0
round:1.6931471805599454
topic:1.0
around:1.0
two:1.0
michael:1.0
adam:1.0
high:1.0
jack:1.0
