c:2.09861228866811
egalon:2.791759469228055
larc:2.386294361119891
nasa:2.791759469228055
gov:2.386294361119891
claudio:2.09861228866811
oliveira:2.09861228866811
subject:1.0
space:1.6931471805599454
debri:1.0
organ:1.0
langley:1.0
research:1.0
center:1.6931471805599454
line:1.0
7:1.0
distribut:1.0
world:1.0
repli:1.0
nntp:1.0
post:1.0
host:1.0
tahiti:1.0
guy:1.0
johnson:1.0
might:1.0
answer:1.0
question:1.0
name:1.0
right:1.0
follow:1.0
dig:1.0
