john:1.6931471805599454
lussmyer:1.6931471805599454
dragon:2.09861228866811
angu:2.09861228866811
mi:2.386294361119891
org:2.09861228866811
subject:1.0
dc:1.6931471805599454
x:1.6931471805599454
updat:1.0
organ:1.0
mysteri:1.6931471805599454
spot:1.6931471805599454
bb:1.6931471805599454
repli:1.0
line:1.0
12:1.0
henri:1.6931471805599454
zoo:1.0
toronto:1.0
edu:1.0
spencer:1.0
write:1.0
first:1.0
flight:1.0
low:1.0
hover:1.6931471805599454
demonstr:1.0
vertic:1.0
land:1.0
payload:1.0
never:1.0
carri:1.6931471805599454
kind:1.0
exactli:1.0
test:1.0
done:1.0
tv:1.0
network:1.0
realli:1.0
want:1.0
see:1.0
royal:1.0
oak:1.0
