thoma:2.6094379124341005
enblom:2.386294361119891
eo:1.6931471805599454
ericsson:2.6094379124341005
se:2.09861228866811
subject:1.0
navstar:1.6931471805599454
posit:2.386294361119891
repli:1.0
organ:1.0
telecom:1.6931471805599454
ab:1.0
line:1.0
16:1.0
nntp:1.0
post:1.0
host:1.0
eos8c29:1.0
read:1.0
richard:1.0
langley:1.0
latest:1.6931471805599454
gp:1.6931471805599454
constel:1.6931471805599454
statu:1.0
state:1.0
satellit:2.386294361119891
place:1.6931471805599454
orbit:1.0
plane:1.0
c:1.0
3:1.0
alreadi:1.0
one:1.0
know:1.0
almost:1.6931471805599454
ten:1.0
year:1.0
sinc:1.6931471805599454
launch:1.0
still:1.0
oper:1.0
use:1.0
goe:1.0
instead:1.0
new:1.0
b:1.0
4:1.0
empti:1.0
measur:1.0
complet:1.0
23:1.0
24:1.0
stockholm:1.0
sweden:1.0
anoth:1.0
employe:1.0
