uck:1.0
netcom:1.6931471805599454
com:1.0
tom:1.6931471805599454
chamberlain:1.0
subject:1.0
buzz:1.6931471805599454
aldrin:1.6931471805599454
race:1.6931471805599454
space:1.6931471805599454
organ:1.0
line:1.6931471805599454
commun:1.0
servic:1.0
408:1.0
241:1.0
9760:1.0
guest:1.0
6:1.0
anyon:1.6931471805599454
heard:1.0
play:1.0
know:1.0
expect:1.0
releas:1.0
thanx:1.0
