msb:2.09861228866811
sq:2.386294361119891
com:1.6931471805599454
mark:1.6931471805599454
brader:1.6931471805599454
subject:1.0
comet:2.09861228866811
temporari:1.6931471805599454
orbit:2.09861228866811
around:1.0
jupit:3.0794415416798357
organ:1.0
softquad:1.6931471805599454
inc:1.6931471805599454
toronto:1.6931471805599454
canada:1.0
line:1.0
34:1.0
question:1.0
answer:1.0
previou:1.0
instanc:1.0
gehrel:1.0
3:2.386294361119891
mention:1.0
earlier:1.0
post:1.0
element:1.0
1977vii:1.0
danc:1.0
file:1.0
p:2.386294361119891
au:2.6094379124341005
424346:1.0
e:2.6094379124341005
0:2.386294361119891
151899:1.0
1:2.6094379124341005
0988:1.0
cap:1.0
omega:1.0
243:1.0
5652:1.0
w:1.0
231:1.0
1607:1.0
epoch:1.0
1977:1.6931471805599454
04110:1.0
thank:1.0
inform:1.0
assum:1.0
semi:1.0
major:1.0
axi:1.0
eccentr:1.0
peri:1.0
helion:1.0
aphelion:1.0
given:1.0
2:1.0
90:1.0
95:1.6931471805599454
respect:1.0
4:1.0
5:1.0
45:1.0
captur:1.0
mean:1.0
end:1.0
come:1.0
closer:1.0
take:1.0
rough:1.0
indic:1.0
far:1.0
could:1.0
get:1.0
influenc:1.0
also:1.0
perihelion:1.0
gehrels3:1.0
april:1.0
1973:1.6931471805599454
83:1.0
radius:1.6931471805599454
august:1.0
1970:1.6931471805599454
radiu:1.0
71:1.0
000:1.6931471805599454
km:1.0
44:1.0
mi:1.0
0005:1.0
figur:1.6931471805599454
seem:1.0
unlik:1.0
actual:1.0
anyth:1.0
perijov:1.0
case:1.0
well:1.0
rememb:1.0
golgafrinchan:1.0
utzoo:1.0
pete:1.0
granger:1.0
articl:1.0
public:1.0
domain:1.0
