eder:2.09861228866811
hsvaic:1.0
boe:1.6931471805599454
com:1.0
dani:2.09861228866811
subject:1.0
nasp:2.09861228866811
distribut:1.0
sci:1.0
organ:1.0
ai:1.0
center:1.0
huntsvil:1.0
al:1.6931471805599454
line:1.0
39:1.0
pertin:1.0
report:2.386294361119891
unit:1.0
state:1.0
gener:1.0
account:1.0
offic:1.0
nation:1.0
aero:1.0
space:1.0
plane:2.09861228866811
restructur:1.0
futur:1.0
research:1.6931471805599454
develop:2.09861228866811
effort:2.386294361119891
decemb:1.0
1992:1.0
number:1.0
gao:3.0794415416798357
nsiad:2.9459101490553135
93:1.0
71:1.0
back:1.6931471805599454
list:1.0
follow:1.0
relat:1.0
key:1.0
issu:1.0
face:1.0
program:1.6931471805599454
31:1.0
mar:1.0
92:2.09861228866811
26:1.0
aerospac:2.386294361119891
technolog:2.6094379124341005
r:1.6931471805599454
japan:1.0
australia:1.0
4:1.0
oct:1.0
91:2.09861228866811
5:1.0
europ:1.0
25:1.0
juli:1.0
194:1.0
technic:1.0
data:1.0
inform:1.6931471805599454
foreign:1.6931471805599454
test:1.0
facil:1.0
22:1.0
jun:1.0
90:1.6931471805599454
71f:1.0
invest:1.6931471805599454
vehicl:1.0
2:1.6931471805599454
aug:1.0
89:1.6931471805599454
43:1.6931471805599454
demonstr:1.0
build:1.0
x:1.0
30:1.0
27:1.0
apr:1.0
88:1.6931471805599454
122:1.0
insid:1.0
cover:1.0
order:1.6931471805599454
say:1.0
first:1.0
copi:1.0
free:1.0
may:1.0
also:1.0
place:1.0
call:1.0
202:1.0
275:1.0
6241:1.0
meridian:1.0
compani:1.0
205:1.0
464:1.0
2697:1.0
w:1.6931471805599454
232:1.0
7467:1.0
h:1.0
rt:1.0
1:1.0
box:1.0
188:1.0
athen:1.0
35611:1.0
locat:1.0
34deg:1.0
37:1.0
n:1.0
86deg:1.0
100m:1.0
alt:1.0
