jgarland:1.6931471805599454
kean:1.6931471805599454
uc:1.6931471805599454
mun:1.6931471805599454
ca:1.6931471805599454
subject:1.0
comet:1.6931471805599454
temporari:1.0
orbit:1.6931471805599454
around:1.0
jupit:2.386294361119891
line:1.0
26:1.0
organ:1.0
memori:1.0
univers:1.0
st:1.0
john:1.6931471805599454
nfld:1.0
canada:1.0
articl:1.0
1993apr19:1.0
020359:1.0
26996:1.0
sq:2.386294361119891
com:1.6931471805599454
msb:1.0
mark:1.0
brader:1.0
write:1.0
question:1.0
answer:1.0
previou:1.0
instanc:1.0
gehrel:1.0
3:2.09861228866811
mention:1.0
earlier:1.0
post:1.0
element:1.0
1977vii:1.0
danc:1.0
file:1.0
p:1.0
au:1.6931471805599454
424346:1.0
e:1.0
0:2.386294361119891
151899:1.0
1:1.6931471805599454
0988:1.0
cap:1.0
omega:1.0
243:1.0
5652:1.0
w:1.0
231:1.0
1607:1.0
epoch:1.0
1977:1.0
04110:1.0
also:1.0
perihelion:1.0
gehrels3:1.0
april:1.0
1973:1.6931471805599454
83:1.0
radius:1.6931471805599454
august:1.0
1970:1.6931471805599454
radiu:1.0
71:1.0
000:1.6931471805599454
km:1.0
44:1.0
mi:1.0
0005:1.0
figur:1.6931471805599454
seem:1.0
unlik:1.0
actual:1.0
anyth:1.0
perijov:1.6931471805599454
case:1.0
well:1.0
sorri:1.0
use:1.0
talk:1.0
languag:1.0
garland:1.0
