nicho:2.791759469228055
vnet:2.6094379124341005
ibm:2.9459101490553135
com:2.791759469228055
greg:1.6931471805599454
stewart:1.0
nichol:1.6931471805599454
subject:1.0
biospher:1.0
ii:1.0
repli:1.0
disclaim:1.0
post:1.0
repres:1.6931471805599454
poster:1.0
view:1.0
news:1.0
softwar:1.0
urepli:1.0
3:1.0
1:1.0
x:1.6931471805599454
1q1kia:1.6931471805599454
gg8:1.6931471805599454
access:2.09861228866811
digex:2.09861228866811
net:2.09861228866811
line:1.0
18:1.0
pat:1.6931471805599454
write:2.09861228866811
articl:1.0
19930408:1.0
043740:1.0
516:1.0
almaden:1.0
1q09ud:1.0
ji0:1.0
everyon:1.0
critic:1.0
b2:1.6931471805599454
bogu:1.0
scienc:2.386294361119891
promot:1.0
real:1.0
seem:1.0
sorta:1.0
larg:1.6931471805599454
engin:1.0
project:1.6931471805599454
bingo:1.0
bench:1.0
rather:1.0
scale:1.0
attempt:1.0
creat:1.0
seri:1.0
micro:1.0
ecolog:1.0
eveil:1.0
noth:1.0
evil:1.0
actual:1.0
harm:1.0
sig:1.0
file:1.0
like:1.0
string:1.0
everi:1.0
yo:1.6931471805599454
got:1.0
one:1.0
busi:1.0
olympu:1.0
demon:1.0
co:1.0
uk:1.0
privat:1.0
