xrcjd:1.0
resolv:1.0
gsfc:1.6931471805599454
nasa:1.6931471805599454
gov:1.0
charl:1.0
j:1.0
divin:1.6931471805599454
subject:1.0
scienc:1.6931471805599454
news:1.6931471805599454
articl:2.09861228866811
feder:1.6931471805599454
r:2.09861228866811
organ:1.0
greenbelt:1.0
maryland:1.0
line:1.0
8:1.0
pointer:1.0
current:1.6931471805599454
fund:1.0
briefli:1.0
shift:1.0
gain:1.0
competit:1.0
advantag:1.0
thing:1.0
like:1.0
militari:1.0
work:1.0
much:1.0
commerci:1.0
util:1.0
chuck:1.0
