arthurc:1.0
sfsuvax1:1.0
sfsu:1.0
edu:1.0
arthur:1.0
chandler:1.0
subject:1.0
stereo:2.09861228866811
pix:1.0
planet:1.0
organ:1.0
california:1.0
state:1.0
univers:1.0
sacramento:1.0
line:1.0
5:1.0
anyon:1.0
tell:1.0
might:1.0
find:1.0
imag:1.0
planetari:1.6931471805599454
satellit:1.0
surfac:1.6931471805599454
gif:1.0
prefer:1.0
especi:1.0
interest:1.0
phobo:1.0
deimo:1.0
mar:1.0
moon:1.0
order:1.0
thank:1.0
