jennis:2.09861228866811
opu:1.6931471805599454
dgi:2.09861228866811
com:2.09861228866811
miladi:1.0
printcap:1.0
goddess:1.0
peripher:1.0
subject:1.0
look:1.0
littl:1.0
research:1.0
help:1.0
addendum:1.0
organ:1.0
dynam:1.0
graphic:1.0
inc:1.0
line:1.0
10:1.0
distribut:1.0
usa:1.0
nntp:1.0
post:1.0
host:1.0
sorri:1.0
forgot:1.0
p:1.0
right:1.0
sight:1.0
get:1.0
news:1.0
two:1.0
week:1.0
behind:1.0
kind:1.0
necessari:1.0
respons:1.0
sent:1.0
directli:1.0
thank:1.0
lot:1.0
