dnadam:1.0
nyx:1.0
c:1.0
du:1.0
edu:1.0
dean:1.6931471805599454
adam:1.6931471805599454
subject:1.0
arian:3.3978952727983707
v:2.386294361119891
56:2.9459101490553135
mission:2.6094379124341005
data:1.0
organ:1.0
univers:1.0
denver:1.0
dept:1.0
math:1.0
comp:1.0
sci:1.0
line:1.0
114:1.0
arianespac:1.0
flight:2.791759469228055
origin:1.0
intend:1.0
carri:1.6931471805599454
hugh:1.6931471805599454
h:1.6931471805599454
601:1.6931471805599454
seri:1.0
galaxi:2.09861228866811
iv:2.09861228866811
satellit:2.9459101490553135
payload:2.386294361119891
withdrawn:1.0
prior:1.0
56th:1.0
launch:3.3978952727983707
schedul:1.6931471805599454
place:1.0
astra:2.09861228866811
1c:2.09861228866811
arsen:2.09861228866811
improv:1.0
geostationari:1.0
transfer:1.0
orbit:2.6094379124341005
gto:1.0
inclin:2.09861228866811
reduc:1.0
5:1.6931471805599454
degre:2.09861228866811
apoge:2.386294361119891
altitud:2.09861228866811
increas:1.0
150:1.0
km:2.386294361119891
28th:1.0
4:1.6931471805599454
first:2.9459101490553135
42l:2.09861228866811
configur:1.0
2:2.791759469228055
liquid:2.6094379124341005
strap:2.386294361119891
booster:2.386294361119891
pal:1.6931471805599454
newli:1.0
refurbish:1.0
complex:1.0
ela:1.0
kourou:2.09861228866811
french:1.0
guiana:1.0
vehicl:2.386294361119891
perform:1.0
requir:1.6931471805599454
3:2.386294361119891
147:1.0
kg:3.1972245773362196
944:1.0
repres:1.0
mass:3.0794415416798357
total:2.09861228866811
liftoff:1.0
361:1.0
778:1.0
characterist:1.0
perige:1.0
200:1.0
36:1.6931471805599454
160:1.0
inject:1.6931471805599454
lift:2.6094379124341005
thursday:1.0
april:1.0
29:1.0
1993:1.0
soon:1.0
possibl:1.0
within:1.0
follow:1.0
window:1.0
time:1.0
gmt:1.0
04:1.6931471805599454
30:2.386294361119891
93:1.0
washington:1.0
dc:1.0
21:2.6094379124341005
52:2.09861228866811
22:1.6931471805599454
50:2.09861228866811
00:1.0
01:1.6931471805599454
20:1.0
three:1.0
stage:3.3978952727983707
fuel:2.791759469228055
launcher:1.0
two:1.6931471805599454
l220:1.0
built:2.9459101490553135
aerospatial:1.6931471805599454
power:2.791759469228055
vike:2.386294361119891
engin:2.6094379124341005
second:2.791759469228055
l33:1.0
mbb:1.0
erno:1.0
singl:1.0
manufactur:1.0
sep:2.09861228866811
use:2.386294361119891
biliquid:1.6931471805599454
uh25:1.0
n2o4:1.0
third:2.386294361119891
h10:1.0
cryogen:1.0
h2:1.0
o2:1.0
hm:1.0
7b:1.0
vi:1.0
also:1.0
fulli:1.0
assembl:1.0
stand:1.0
meter:1.0
high:1.0
pad:1.0
type:1.0
short:1.0
fair:1.6931471805599454
profil:1.0
02:1.0
jettison:1.6931471805599454
03:1.6931471805599454
11:1.0
separ:2.6094379124341005
18:1.6931471805599454
ignit:1.6931471805599454
10:1.0
05:1.6931471805599454
26:1.6931471805599454
17:1.6931471805599454
shutdown:1.0
19:1.6931471805599454
cyclad:1.0
adapt:1.0
24:1.0
28:1.0
47:1.0
end:2.09861228866811
spacecraft:2.09861228866811
fleet:1.0
societ:1.0
europeenn:1.0
de:1.0
broadcast:1.6931471805599454
direct:1.0
tv:1.0
home:1.0
europ:1.0
790:1.0
geo:1.6931471805599454
insert:1.6931471805599454
1:2.386294361119891
700:1.0
dri:1.6931471805599454
180:1.0
board:1.6931471805599454
300:1.0
w:1.6931471805599454
life:1.6931471805599454
nomin:1.6931471805599454
lifetim:1.6931471805599454
15:1.0
year:1.6931471805599454
span:1.0
solar:1.6931471805599454
panel:1.0
posit:1.0
east:1.0
africa:1.0
transmiss:1.6931471805599454
capac:1.6931471805599454
34:1.0
channel:1.0
ku:1.0
band:1.6931471805599454
via:1.6931471805599454
transpond:1.6931471805599454
oper:1.0
array:1.0
deploy:1.6931471805599454
6:1.6931471805599454
day:1.0
motor:1.0
fire:1.0
40:1.0
hour:1.0
4th:1.0
european:1.6931471805599454
space:1.0
industri:1.0
benefit:1.0
world:1.0
amateur:1.0
radio:1.0
commun:1.0
154:1.0
98:1.0
97:1.0
42:1.0
dimens:1.0
1m:1.0
x:1.0
96m:1.0
paramet:1.0
20000:1.0
36000:1.0
0:1.0
period:1.0
446:1.0
ghz:1.0
vhf:1.0
uhf:1.0
145:1.0
435:1.0
mhz:1.0
coverag:2.09861228866811
live:1.0
begin:1.0
minut:1.0
continu:1.0
like:1.0
u:1.0
howev:1.0
could:1.0
7:1.0
anoth:1.0
normal:1.0
