rick:1.6931471805599454
trystro:2.386294361119891
uucp:2.09861228866811
richard:1.6931471805599454
nickl:1.6931471805599454
subject:1.0
read:1.0
sci:2.6094379124341005
space:2.9459101490553135
without:1.0
netnew:1.0
organ:1.0
system:1.6931471805599454
617:1.0
625:1.6931471805599454
7155:1.6931471805599454
v:2.386294361119891
32:1.6931471805599454
42bi:1.6931471805599454
line:1.0
27:1.0
articl:1.6931471805599454
c5ljg5:1.0
17n:1.0
1:1.6931471805599454
c:1.6931471805599454
cmu:2.09861228866811
edu:2.386294361119891
mwm:1.6931471805599454
mark:2.791759469228055
maimon:1.6931471805599454
write:1.6931471805599454
734975852:1.0
f00001:1.0
permanet:1.6931471805599454
org:1.6931471805599454
prado:1.6931471805599454
p2:1.0
f349:1.0
n109:1.0
z1:1.0
anyon:2.09861228866811
know:1.6931471805599454
el:1.0
would:1.6931471805599454
like:1.0
get:1.0
internet:1.6931471805599454
feed:2.386294361119891
cryptic:1.0
will:1.0
tkudo:1.0
gener:1.0
offer:1.0
alreadi:1.0
exist:1.0
larg:1.0
email:1.6931471805599454
base:1.0
forward:1.0
post:1.0
digest:1.0
mirror:1.0
exactli:1.0
provid:1.0
simpl:1.0
two:1.0
way:1.0
commun:1.0
think:1.0
talk:1.0
make:1.0
avail:1.0
peopl:1.0
first:1.0
place:1.0
anybodi:1.0
boston:1.6931471805599454
area:1.0
want:1.6931471805599454
honest:1.0
gosh:1.0
weird:1.0
offlin:1.0
malread:1.0
let:1.0
also:1.0
hand:1.0
login:1.0
one:1.0
especi:1.0
chapter:1.0
n:1.0
keep:1.0
forget:1.0
attend:1.0
question:1.0
comment:1.0
request:1.0
isu:1.0
isunet:1.0
tphone:1.0
412:1.0
268:1.0
7698:1.0
carnegi:1.0
mellon:1.0
comput:1.0
scienc:1.0
temail:1.0
trick:1.0
t617:1.0
tthink:1.0
tsomervil:1.0
massachusett:1.0
