organ:1.0
queen:1.0
univers:1.0
kingston:1.0
graydon:2.09861228866811
saundrsg:1.6931471805599454
qucdn:2.386294361119891
queensu:2.386294361119891
ca:2.386294361119891
subject:1.0
ussr:1.0
reach:1.0
moon:2.6094379124341005
first:1.0
dxb105:1.6931471805599454
734155421:1.0
ari:1.0
1993apr7:1.0
124724:1.0
22534:1.0
yang:1.6931471805599454
earlham:1.6931471805599454
edu:1.6931471805599454
734495289:1.0
virgo:1.0
1993apr12:1.0
161742:1.0
22647:1.0
93107:1.6931471805599454
144339saundrsg:1.6931471805599454
1993apr18:1.6931471805599454
091051:1.6931471805599454
14496:1.6931471805599454
ke4zv:2.09861228866811
uucp:2.09861228866811
line:1.0
38:1.0
articl:1.6931471805599454
gari:1.6931471805599454
coffman:1.0
say:1.6931471805599454
write:1.0
turn:1.0
moonbas:1.0
good:1.0
ought:1.0
post:1.6931471805599454
hundr:1.6931471805599454
odd:1.0
go:1.0
would:1.6931471805599454
think:1.6931471805599454
real:1.6931471805599454
reason:1.6931471805599454
base:2.6094379124341005
econom:1.0
sinc:1.0
someon:1.0
space:2.09861228866811
industri:1.6931471805599454
presum:1.0
much:1.0
larger:2.09861228866811
gnp:1.6931471805599454
without:1.0
eventu:1.0
simpli:1.0
abl:2.09861228866811
afford:1.0
stuff:1.6931471805599454
read:1.0
right:1.0
essenc:1.0
economi:1.0
nation:1.0
discretionari:1.0
fund:1.6931471805599454
wast:1.0
lunar:2.09861228866811
facil:1.0
certainli:1.0
partial:1.0
case:1.0
apollo:1.0
coloni:1.0
probabl:1.0
requir:1.0
continu:1.0
militari:2.09861228866811
scientif:1.6931471805599454
commerci:1.6931471805599454
rather:1.6931471805599454
money:1.6931471805599454
approach:1.0
assum:1.6931471805599454
unless:1.0
make:1.0
profit:1.6931471805599454
actual:1.0
well:1.0
give:1.0
lead:1.0
spend:1.0
includ:1.0
gosh:1.0
wow:1.0
pay:1.0
conceiv:1.0
luna:2.09861228866811
purpos:2.09861228866811
possibl:1.0
like:1.0
next:1.0
sever:1.0
year:1.6931471805599454
least:1.6931471805599454
therefor:1.0
predic:1.0
level:1.0
littl:1.0
differ:1.0
found:1.0
antarct:1.0
put:1.6931471805599454
200:1.0
person:1.0
30:1.0
million:1.0
even:1.0
use:1.0
grad:1.0
student:1.0
might:1.0
run:1.0
one:1.0
hardli:1.0
coupl:1.0
centuri:1.0
signific:1.0
commer:1.0
activ:1.0
