dietz:2.09861228866811
c:1.6931471805599454
rochest:2.09861228866811
edu:1.6931471805599454
paul:1.0
subject:1.0
commerci:1.6931471805599454
mine:2.09861228866811
activ:1.6931471805599454
moon:2.386294361119891
organ:1.0
univers:1.0
line:1.0
38:1.0
articl:1.0
1993apr20:1.0
152819:1.0
28186:1.0
ke4zv:1.6931471805599454
uucp:1.6931471805599454
gari:1.6931471805599454
coffman:1.0
write:1.0
site:1.0
major:1.6931471805599454
far:1.0
know:1.6931471805599454
materi:1.0
get:1.0
cheaper:1.0
right:1.0
earth:2.09861228866811
asteroid:1.0
comet:1.0
asid:1.6931471805599454
semi:1.0
mythic:1.0
he3:1.0
might:1.0
use:1.6931471805599454
low:1.6931471805599454
grade:1.6931471805599454
fusion:2.09861228866811
reactor:2.09861228866811
problem:1.0
3he:1.0
difficulti:1.0
make:1.0
work:1.0
concentr:2.386294361119891
lunar:2.09861228866811
regolith:1.6931471805599454
small:2.09861228866811
order:1.0
5:2.386294361119891
ppb:1.0
averag:1.6931471805599454
fraction:1.0
still:1.0
massiv:1.0
amount:1.0
would:1.6931471805599454
process:1.0
thread:1.0
remind:1.0
wingo:1.6931471805599454
claim:1.0
time:1.0
ago:1.0
sourc:1.6931471805599454
titanium:2.6094379124341005
recal:1.0
content:1.0
assur:1.0
crust:1.0
run:1.0
tout:1.0
even:2.09861228866811
though:1.0
market:1.0
price:1.0
ilmenit:1.0
day:1.0
around:1.0
06:1.0
pound:1.0
prompt:1.0
look:1.0
larg:1.0
potenti:1.0
terrestri:2.09861228866811
occur:1.0
basalt:2.791759469228055
high:1.6931471805599454
ti:1.6931471805599454
apollo:1.0
11:1.0
17:1.0
8:1.0
14:1.0
dioxid:1.0
weight:1.6931471805599454
nice:1.0
continent:1.0
flood:1.6931471805599454
also:1.0
typic:1.0
enrich:1.0
often:1.0
3:1.6931471805599454
tio2:2.386294361119891
frequent:1.0
4:1.0
sometim:1.0
enorm:1.0
million:1.0
cubic:1.0
kilomet:1.0
scatter:1.0
world:1.0
siberia:1.0
brazil:1.0
nw:1.0
unit:1.0
state:1.0
ethiopia:1.0
etc:1.0
1:1.0
trillion:1.0
ton:1.0
factor:1.0
2:1.0
le:1.6931471805599454
difficult:1.0
see:1.0
disadvantag:1.0
could:1.0
overcom:1.0
increas:1.0
ore:1.6931471805599454
never:1.0
mind:1.0
richer:1.0
common:1.0
today:1.0
tpaul:1.0
f:1.0
tdietz:1.0
