jennis:1.6931471805599454
opu:1.6931471805599454
dgi:1.6931471805599454
com:1.6931471805599454
miladi:1.0
printcap:1.0
goddess:1.0
peripher:1.0
subject:1.0
look:1.0
littl:1.0
research:1.0
help:1.6931471805599454
organ:1.0
dynam:1.0
graphic:1.0
inc:1.0
line:1.0
6:1.0
distribut:1.0
usa:1.0
nntp:1.0
post:1.0
host:1.0
found:1.0
thank:1.6931471805599454
got:1.0
sever:1.0
offer:1.0
appreci:1.0
contact:1.0
peopl:1.0
via:1.0
e:1.0
mail:1.0
