subject:1.0
life:2.09861228866811
mar:2.09861228866811
schiewer:2.791759469228055
pa881a:2.386294361119891
inland:2.6094379124341005
com:1.6931471805599454
organ:1.0
steel:1.6931471805599454
compani:1.0
east:1.0
chicago:1.0
nntp:1.6931471805599454
post:1.6931471805599454
host:1.0
user:1.0
line:1.0
9:1.0
deal:1.0
save:1.0
face:1.6931471805599454
heard:1.0
associ:1.0
theori:1.6931471805599454
sound:1.0
thin:1.0
go:1.0
back:1.0
look:1.0
agian:1.0
anyon:1.0
buy:1.0
internet:1.0
onward:1.0
great:1.0
uucp:1.6931471805599454
stream:1.0
