steinli:2.791759469228055
topaz:2.791759469228055
ucsc:2.9459101490553135
edu:3.5649493574615367
steinn:2.09861228866811
sigurdsson:2.09861228866811
subject:1.0
commerci:1.0
mine:1.0
activ:1.0
moon:1.0
organ:1.0
lick:1.6931471805599454
observatori:1.6931471805599454
uco:1.0
line:1.0
26:1.0
1993apr20:1.6931471805599454
204838:1.0
13217:1.0
c:1.6931471805599454
rochest:1.6931471805599454
93apr20145301:1.0
223807:1.0
16712:1.0
93apr20160116:1.6931471805599454
1r46j3inn14j:1.6931471805599454
mojo:1.6931471805599454
eng:2.386294361119891
umd:2.386294361119891
nntp:1.0
post:1.0
host:1.0
repli:1.0
sysmgr:1.6931471805599454
king:1.6931471805599454
messag:1.0
21:1.0
apr:1.0
1993:1.0
19:1.0
16:1.0
51:1.0
gmt:1.0
articl:1.6931471805599454
doug:1.0
mohney:1.0
write:1.6931471805599454
cost:2.09861228866811
effect:2.09861228866811
use:1.0
right:1.6931471805599454
account:1.0
method:1.0
sherzer:1.0
methodolog:1.0
hell:1.0
ye:1.0
go:2.09861228866811
let:1.0
bunch:1.0
seven:1.0
suit:1.0
tell:1.0
way:1.0
estim:1.0
least:1.0
make:1.0
mind:1.0
long:1.0
enough:1.0
leav:1.0
scheme:1.0
stabl:1.0
fiscal:1.0
year:1.0
two:1.0
serious:1.0
though:1.0
ask:1.6931471805599454
british:1.0
govern:1.0
whether:1.0
colonis:1.0
effort:1.0
america:1.0
answer:1.0
think:1.0
get:1.0
1765:1.0
1815:1.0
1865:1.0
1915:1.0
1945:1.0
respect:1.0
tlick:1.0
standard:1.0
disclaim:1.0
ever:1.0
shoebury:1.0
take:1.0
road:1.6931471805599454
ok:1.0
best:1.0
motor:1.0
a13:1.0
bb:1.0
1983:1.0
