baalk:2.386294361119891
kelvin:2.09861228866811
jpl:2.09861228866811
nasa:2.09861228866811
gov:2.09861228866811
ron:1.6931471805599454
subject:1.0
life:1.6931471805599454
mar:2.791759469228055
organ:1.0
jet:1.6931471805599454
propuls:1.6931471805599454
laboratori:1.0
line:1.0
24:1.0
distribut:1.0
world:1.0
nntp:1.0
post:1.0
host:1.0
news:1.0
softwar:1.0
vax:1.0
vm:1.0
vnew:1.0
1:1.6931471805599454
41:1.0
articl:1.6931471805599454
c5ub2:1.0
fd:1.0
zoo:1.6931471805599454
toronto:1.6931471805599454
edu:1.6931471805599454
henri:1.6931471805599454
spencer:1.0
write:1.6931471805599454
1993apr20:1.0
120311:1.0
pa881a:1.6931471805599454
inland:1.6931471805599454
com:1.6931471805599454
schiewer:1.6931471805599454
current:1.6931471805599454
particular:1.0
plan:1.0
search:1.6931471805599454
quit:1.0
true:1.0
one:1.6931471805599454
instrument:1.0
observ:2.09861228866811
potenti:1.0
fossil:1.0
site:1.6931471805599454
go:1.0
back:1.0
look:1.6931471805599454
face:2.6094379124341005
agian:1.0
approach:1.0
probabl:1.0
tri:1.0
get:1.0
better:1.0
imag:1.0
two:1.0
point:1.0
high:1.6931471805599454
prioriti:1.0
nobodi:1.0
take:1.6931471805599454
serious:1.0
shadow:1.0
half:1.0
like:1.0
shot:1.0
differ:1.0
sun:1.0
angl:1.0
ruin:1.0
illus:1.0
vike:1.0
land:1.0
target:1.0
resolut:1.0
camera:1.0
lab:1.0
525:1.0
3684:1.0
telo:1.0
aweto:1.0
new:1.0
zealand:1.0
pasadena:1.0
ca:1.0
91109:1.0
part:1.6931471805599454
caterpillar:1.0
veget:1.0
