abdkw:1.0
stdvax:1.0
david:1.6931471805599454
ward:1.0
subject:1.0
keep:1.6931471805599454
spacecraft:2.9459101490553135
fund:2.09861228866811
cut:1.6931471805599454
news:1.0
softwar:1.0
vax:1.0
vm:1.0
vnew:1.0
1:1.0
4:1.0
b1:1.0
organ:1.0
goddard:1.6931471805599454
space:1.0
flight:1.0
center:1.0
robot:1.0
lab:1.0
line:1.0
34:1.0
articl:1.6931471805599454
20apr199321040621:1.0
kelvin:1.6931471805599454
jpl:1.6931471805599454
nasa:1.6931471805599454
gov:1.6931471805599454
baalk:1.6931471805599454
ron:1.0
write:1.6931471805599454
1993apr20:1.0
204335:1.0
157595:1.0
zeu:1.0
calpoli:1.6931471805599454
edu:1.6931471805599454
jgreen:1.0
trumpet:1.0
jame:1.0
thoma:1.0
green:1.0
shut:1.0
exampl:1.0
magellan:1.0
told:1.0
go:1.0
safe:1.6931471805599454
mode:2.6094379124341005
stay:1.6931471805599454
bob:1.0
venu:1.0
low:1.0
power:2.09861228866811
use:1.6931471805599454
mayb:1.0
year:1.0
get:2.09861228866811
restor:1.0
economi:1.0
better:1.0
hope:1.0
could:1.0
turn:1.6931471805599454
problem:1.0
polit:1.6931471805599454
one:2.386294361119891
technic:1.6931471805599454
also:1.6931471805599454
rememb:1.0
everi:1.0
dollar:1.6931471805599454
spent:1.6931471805599454
probabl:1.0
spin:1.6931471805599454
stabil:1.6931471805599454
sun:1.0
point:1.0
orient:1.0
mission:1.0
analysi:1.0
newer:1.0
order:1.0
back:1.0
either:1.0
need:1.6931471805599454
insur:1.0
op:1.6931471805599454
guy:1.0
avail:1.0
retrain:1.0
new:1.0
team:1.6931471805599454
said:1.0
propos:1.0
mani:1.0
oper:2.09861228866811
satellit:1.6931471805599454
fli:1.6931471805599454
like:1.0
tiro:1.0
noaa:1.0
seri:1.0
requir:2.6094379124341005
orbit:1.6931471805599454
set:1.0
extra:1.0
replac:1.0
standbi:1.6931471805599454
emerg:1.0
case:1.0
howev:1.0
still:1.6931471805599454
bird:1.0
mainten:2.09861228866811
rel:1.0
cheap:1.0
final:1.0
pat:1.0
explan:1.0
continu:1.0
control:1.6931471805599454
right:1.0
mark:1.0
suggest:1.0
would:1.0
littl:1.0
might:1.0
momentum:1.0
dump:1.0
time:1.6931471805599454
end:1.0
decis:1.6931471805599454
sinc:1.0
differ:1.0
money:1.0
rational:1.0
behind:1.0
w:1.0
gsfc:1.0
