jscotti:1.6931471805599454
lpl:1.6931471805599454
arizona:2.09861228866811
edu:1.6931471805599454
jim:1.6931471805599454
scotti:1.6931471805599454
subject:1.0
comet:2.09861228866811
temporari:1.0
orbit:1.0
around:1.0
jupit:2.386294361119891
organ:1.0
lunar:1.6931471805599454
planetari:1.6931471805599454
laboratori:1.6931471805599454
tucson:1.6931471805599454
az:1.6931471805599454
line:1.0
33:1.0
articl:1.6931471805599454
1993apr21:1.0
170817:1.0
15845:1.0
sq:2.791759469228055
com:2.09861228866811
msb:2.09861228866811
mark:1.6931471805599454
brader:1.6931471805599454
write:1.0
also:1.0
peri:1.0
jove:1.0
gehrels3:1.0
april:1.0
1973:1.0
83:1.0
radius:1.6931471805599454
august:1.0
1970:1.0
3:1.6931471805599454
1:1.0
radiu:1.0
71:1.0
000:1.6931471805599454
km:1.0
44:1.0
mi:1.0
0:1.0
0005:1.0
au:1.0
sorri:1.0
perijov:1.0
use:1.0
talk:1.0
languag:1.0
thank:1.0
one:1.0
final:1.0
question:1.0
name:2.09861228866811
gehrel:2.791759469228055
known:1.0
thread:1.0
came:1.0
may:1.0
issu:1.0
scientif:1.0
american:1.0
inconst:1.0
cosmo:1.0
photo:1.0
neil:1.6931471805599454
project:1.0
scientist:1.0
nasa:1.0
compton:1.0
gamma:1.0
ray:1.0
observatori:1.0
person:1.0
prof:1.0
tom:1.6931471805599454
son:1.0
discover:1.0
p:1.0
well:1.0
4:1.0
latest:1.6931471805599454
bear:1.0
rather:1.0
spacewatch:1.0
sinc:1.0
observ:1.0
system:1.0
found:1.0
softquad:1.0
inc:1.0
toronto:1.0
inform:1.6931471805599454
want:1.0
utzoo:1.0
prison:1.0
univers:1.0
85721:1.0
usa:1.0
