baalk:2.386294361119891
kelvin:2.09861228866811
jpl:2.386294361119891
nasa:2.09861228866811
gov:2.09861228866811
ron:1.6931471805599454
subject:1.0
galileo:2.791759469228055
updat:1.0
04:1.0
22:2.6094379124341005
93:1.0
organ:1.0
jet:1.6931471805599454
propuls:1.6931471805599454
laboratori:1.0
line:1.0
84:1.0
distribut:1.0
world:1.0
nntp:1.0
post:1.6931471805599454
host:1.0
keyword:1.0
news:1.0
softwar:1.0
vax:1.0
vm:1.0
vnew:1.0
1:3.0794415416798357
41:1.0
forward:1.0
neal:1.0
ausman:1.0
mission:2.09861228866811
director:1.6931471805599454
statu:2.09861228866811
report:1.0
launch:1.6931471805599454
april:3.0794415416798357
16:2.09861228866811
1993:2.386294361119891
spacecraft:2.6094379124341005
19:2.09861228866811
cruis:1.0
scienc:1.6931471805599454
memori:1.0
readout:1.0
mro:1.0
perform:2.386294361119891
extrem:1.0
ultraviolet:1.0
spectromet:1.0
euv:1.6931471805599454
dust:1.0
detector:1.6931471805599454
dd:1.6931471805599454
magnetomet:1.0
mag:1.6931471805599454
instrument:1.6931471805599454
preliminari:1.0
analysi:1.6931471805599454
indic:1.0
data:1.6931471805599454
receiv:2.09861228866811
properli:1.0
2:2.09861228866811
command:3.3978952727983707
unit:1.0
signal:1.0
nois:1.0
ratio:1.0
cdusnr:1.0
test:2.386294361119891
radio:1.0
frequenc:1.0
subsystem:1.0
automat:1.0
gain:1.6931471805599454
control:1.6931471805599454
rfsagc:1.0
use:1.0
lga:1.6931471805599454
low:1.0
antenna:2.6094379124341005
ds:2.09861228866811
63:1.0
madrid:1.6931471805599454
70:1.6931471805599454
meter:2.09861228866811
61:1.0
34:1.0
respect:1.0
process:2.6094379124341005
period:1.6931471805599454
provid:1.0
detail:1.0
inform:1.0
rel:1.0
telecom:1.0
hardwar:1.0
integr:1.0
3:1.6931471805599454
op:1.0
sent:1.0
reset:1.6931471805599454
loss:2.09861228866811
timer:2.09861228866811
264:1.6931471805599454
hour:2.386294361119891
plan:1.0
valu:1.0
phase:1.0
4:2.09861228866811
21:1.6931471805599454
first:1.0
two:1.0
suppress:1.0
carrier:1.0
dsn:1.0
deep:1.0
space:1.0
network:1.0
advanc:1.0
character:1.0
14:1.6931471805599454
goldston:1.0
modul:1.0
index:1.0
vari:1.0
43:1.6931471805599454
degre:2.386294361119891
90:1.0
rang:2.6094379124341005
ground:1.0
bandwidth:1.0
set:1.6931471805599454
5:2.09861228866811
ac:2.09861228866811
bu:1.6931471805599454
imbal:1.6931471805599454
measur:2.6094379124341005
exhibit:1.0
signific:1.0
chang:1.0
greater:1.0
25:1.0
dn:2.6094379124341005
throughout:1.0
dc:2.09861228866811
read:1.6931471805599454
20:1.0
volt:2.386294361119891
6:1.6931471805599454
138:1.6931471805599454
current:1.0
consist:1.0
model:1.0
develop:1.0
special:1.6931471805599454
anomali:1.0
team:1.0
follow:1.6931471805599454
system:1.0
power:2.09861228866811
margin:1.0
68:1.0
watt:1.0
b:1.0
spin:2.09861228866811
configur:1.0
dual:1.0
c:1.0
rate:1.6931471805599454
sensor:1.0
15rpm:1.0
star:1.0
scanner:1.0
attitud:1.0
approxim:1.0
sun:1.6931471805599454
lag:1.0
earth:1.6931471805599454
lead:1.0
e:1.0
downlink:1.0
telemetri:1.0
40bp:1.0
code:1.0
f:1.0
gener:1.0
thermal:1.0
temperatur:1.6931471805599454
within:2.09861228866811
accept:2.09861228866811
g:1.0
rpm:1.0
tank:1.0
pressur:1.0
h:1.0
orbit:1.0
pw:1.0
uv:1.0
epd:1.0
hic:1.0
probe:1.0
rrh:1.0
j:1.0
cmd:1.0
time:2.791759469228055
initi:2.6094379124341005
184:1.0
trajectori:1.6931471805599454
noon:1.0
thursday:1.0
tdistanc:2.09861228866811
169:1.0
747:1.0
800:1.0
km:2.386294361119891
au:1.6931471805599454
286:1.0
967:1.0
900:1.6931471805599454
92:1.0
theliocentr:1.0
speed:1.0
91:1.0
200:1.0
per:1.0
jupit:1.0
532:1.0
735:1.0
tround:1.0
trip:1.0
light:1.0
18:1.0
minut:1.0
58:1.0
second:1.0
topic:1.0
total:1.0
70185:1.0
real:2.386294361119891
transmit:1.6931471805599454
sinc:1.0
65077:1.0
sequenc:1.6931471805599454
design:1.6931471805599454
5108:1.0
past:1.0
week:1.0
one:1.6931471805599454
none:1.0
activ:1.0
lab:1.0
525:1.0
3684:1.0
telo:1.0
aweto:1.0
new:1.0
zealand:1.0
pasadena:1.0
ca:1.0
91109:1.0
part:1.6931471805599454
caterpillar:1.0
veget:1.0
