gnb:1.6931471805599454
leo:1.6931471805599454
bbi:1.6931471805599454
com:1.6931471805599454
au:1.6931471805599454
gregori:1.6931471805599454
n:1.0
bond:1.6931471805599454
subject:1.0
old:1.6931471805599454
spacecraft:1.6931471805599454
navig:2.09861228866811
beacon:2.09861228866811
repli:1.0
nsmca:1.6931471805599454
aurora:2.09861228866811
alaska:2.09861228866811
edu:2.09861228866811
messag:1.0
21:1.0
apr:1.0
93:1.0
08:1.0
15:1.0
55:1.0
gmt:1.0
nntp:1.0
post:1.0
host:1.0
gw:1.0
organ:1.0
burdett:1.6931471805599454
buckeridg:1.6931471805599454
young:1.6931471805599454
melbourn:1.6931471805599454
australia:1.6931471805599454
line:1.0
17:1.0
articl:1.0
1993apr21:1.0
001555:1.0
1:1.0
write:1.0
idea:1.0
space:1.0
craft:1.0
use:1.0
nav:1.0
point:1.0
need:1.6931471805599454
know:1.6931471805599454
exactli:1.6931471805599454
mean:1.0
either:1.0
nail:1.0
someth:1.0
move:1.0
watch:1.0
time:1.0
neither:1.0
possibl:1.6931471805599454
deactiv:1.0
far:1.0
away:1.0
may:1.6931471805599454
hardwar:1.0
board:1.0
apart:1.0
absolut:1.0
ltd:1.0
knox:2.09861228866811
386:1.0
slick:1.0
fox:1.0
sox:1.0
box:1.6931471805599454
quick:1.0
play:1.0
lot:1.0
lsl:1.0
sick:1.0
apolog:1.0
john:1.0
iron:1.0
bar:1.0
mackin:1.0
