ven:1.6931471805599454
bohr:1.0
physic:2.09861228866811
purdu:2.386294361119891
edu:2.791759469228055
van:1.6931471805599454
e:1.6931471805599454
neie:2.09861228866811
subject:1.0
sunris:1.6931471805599454
sunset:1.6931471805599454
time:1.6931471805599454
organ:1.0
univers:1.6931471805599454
depart:1.0
line:1.0
29:1.0
articl:1.0
1993apr22:1.0
180630:1.0
18313:1.0
titan:1.6931471805599454
tsd:2.09861228866811
arlut:2.09861228866811
utexa:2.09861228866811
pearson:2.386294361119891
n:1.6931471805599454
shirlen:1.6931471805599454
write:1.6931471805599454
jpw:1.0
cbi:1.0
ece:1.0
drexel:1.0
joseph:1.0
wetstein:1.0
hello:1.0
look:1.0
program:1.6931471805599454
algorithm:1.0
use:1.0
comput:1.0
would:1.0
mind:1.0
post:1.0
respons:1.0
get:1.0
also:1.0
interest:1.0
may:1.0
other:1.0
thank:1.0
excel:1.0
softwar:1.0
call:1.0
astro:1.0
calc:1.0
much:1.0
latest:1.0
address:1.0
tmmi:1.0
corpor:1.0
tpo:1.0
box:1.0
19907:1.0
tbaltimor:1.0
md:1.0
21211:1.0
tphone:1.0
301:1.0
366:1.0
1222:1.0
maxwel:1.0
purccvm:1.0
bitnet:1.0
