henri:2.6094379124341005
zoo:1.6931471805599454
toronto:2.386294361119891
edu:1.6931471805599454
spencer:1.6931471805599454
subject:1.0
keep:2.09861228866811
spacecraft:1.0
fund:1.6931471805599454
cut:1.0
organ:1.0
u:1.6931471805599454
zoolog:1.6931471805599454
line:1.0
15:1.0
articl:1.0
19930423:1.0
010821:1.0
639:1.0
almaden:1.0
ibm:1.6931471805599454
com:1.6931471805599454
nicho:1.0
vnet:1.0
write:1.0
sinc:1.0
money:2.09861228866811
go:1.6931471805599454
chang:1.0
seper:1.0
agenc:1.0
help:1.0
anyth:1.0
transfer:1.0
control:1.0
non:1.0
profit:1.0
organis:1.0
abl:1.0
accept:1.0
donat:1.0
craft:1.0
oper:1.0
problem:1.0
rais:1.6931471805599454
adequ:1.0
amount:1.6931471805599454
way:1.6931471805599454
vike:1.6931471805599454
tri:1.0
succeed:1.0
polit:1.0
impact:1.0
fundrais:1.0
actual:1.0
fairli:1.0
inconsequenti:1.0
would:1.0
kept:1.0
lander:1.0
work:1.6931471805599454
one:1.0
man:1.0
kipl:1.0
utzoo:1.0
