jdnicol:1.0
prism:1.6931471805599454
cc:1.0
uwo:1.6931471805599454
ca:1.6931471805599454
jame:1.0
davi:1.0
nicol:1.6931471805599454
subject:1.0
new:1.6931471805599454
planet:1.0
kuiper:1.6931471805599454
object:1.6931471805599454
found:1.0
organ:1.0
univers:1.0
western:1.0
ontario:1.0
london:1.0
distribut:1.0
sci:1.0
nntp:1.0
post:1.0
host:1.0
engrg:1.0
line:1.0
5:1.0
tif:1.0
belt:1.0
call:1.6931471805599454
karla:1.0
next:1.0
one:1.0
smiley:1.0
tjame:1.0
