asimov:2.386294361119891
wk223:1.0
na:2.09861228866811
nasa:2.386294361119891
gov:1.6931471805599454
daniel:1.0
subject:1.0
sunris:2.09861228866811
sunset:2.09861228866811
time:2.09861228866811
organ:1.0
ame:1.6931471805599454
research:1.6931471805599454
center:1.6931471805599454
moffett:1.6931471805599454
field:1.6931471805599454
california:1.0
line:1.0
19:1.0
articl:1.0
1993apr21:1.0
141824:1.0
23536:1.0
cbi:1.6931471805599454
ece:1.6931471805599454
drexel:1.6931471805599454
edu:1.6931471805599454
jpw:1.0
joseph:1.0
wetstein:1.6931471805599454
write:1.0
hello:1.0
look:1.0
program:1.0
algorithm:2.09861228866811
use:1.0
comput:1.0
joe:1.0
wonder:1.0
book:1.0
jean:1.0
meeu:1.0
call:1.0
astronom:1.0
1991:1.0
fairli:1.0
sure:1.0
contain:1.0
dan:1.0
mail:1.0
stop:1.0
t045:1.0
1:1.0
ca:1.0
94035:1.0
1000:1.0
415:1.0
604:1.0
4799:1.0
