leech:1.6931471805599454
c:2.09861228866811
unc:2.09861228866811
edu:2.09861228866811
jon:1.0
subject:1.0
weekli:1.6931471805599454
remind:1.6931471805599454
frequent:1.6931471805599454
ask:1.6931471805599454
question:2.386294361119891
list:1.6931471805599454
supersed:1.0
734971619:1.0
organ:1.0
univers:1.0
north:1.0
carolina:1.0
chapel:1.0
hill:1.0
line:2.09861228866811
36:1.0
distribut:1.0
world:1.0
expir:1.6931471805599454
7:1.0
may:2.09861228866811
1993:1.0
17:1.0
25:1.0
40:1.0
gmt:1.0
nntp:1.0
post:3.0794415416798357
host:1.0
mahler:1.0
notic:1.0
sci:3.0794415416798357
space:3.4849066497880004
astro:1.6931471805599454
shuttl:2.6094379124341005
faq:3.0794415416798357
approxim:1.0
monthli:1.0
also:1.0
cover:1.0
mani:1.0
come:1.0
launch:2.09861228866811
date:2.09861228866811
see:1.0
long:1.0
copi:2.09861228866811
news:1.0
spool:1.0
directori:2.09861228866811
look:1.0
old:1.0
articl:1.6931471805599454
two:1.0
way:1.0
get:2.09861228866811
without:1.0
wait:1.0
next:1.0
1:1.0
machin:1.0
internet:1.0
obtain:1.0
anonym:1.0
ftp:1.0
archiv:2.6094379124341005
ame:2.09861228866811
arc:1.6931471805599454
nasa:1.6931471805599454
gov:1.6931471805599454
128:1.0
102:1.0
18:1.0
3:1.0
pub:1.6931471805599454
2:1.0
otherwis:1.0
send:2.6094379124341005
email:2.09861228866811
server:2.09861228866811
contain:1.6931471805599454
singl:1.0
help:1.0
return:1.0
direct:1.0
use:1.6931471805599454
index:1.6931471805599454
file:2.09861228866811
faq1:1.0
guid:1.0
retriev:1.0
answer:1.0
ken:1.0
holli:1.0
period:1.0
manifest:2.09861228866811
avail:1.0
request:1.6931471805599454
plea:1.0
document:1.0
instead:1.0
inform:1.0
land:1.0
followup:1.0
respond:1.0
author:1.0
