baalk:2.386294361119891
kelvin:2.09861228866811
jpl:2.386294361119891
nasa:2.09861228866811
gov:2.09861228866811
ron:1.6931471805599454
subject:1.0
mar:2.791759469228055
observ:2.386294361119891
updat:1.0
04:1.0
23:1.6931471805599454
93:1.0
organ:1.0
jet:1.6931471805599454
propuls:1.6931471805599454
laboratori:1.0
line:1.0
48:1.0
distribut:1.0
world:1.0
nntp:1.0
post:1.0
host:1.0
keyword:1.0
news:1.0
softwar:1.6931471805599454
vax:1.0
vm:1.0
vnew:1.0
1:1.0
41:1.0
forward:1.0
project:1.0
statu:1.0
report:1.0
april:2.791759469228055
1993:1.0
10:2.09861228866811
00:1.0
pdt:1.0
flight:2.386294361119891
sequenc:2.386294361119891
c8:1.6931471805599454
activ:1.6931471805599454
spacecraft:2.791759469228055
subsystem:1.0
instrument:2.6094379124341005
payload:2.09861228866811
perform:2.386294361119891
well:1.0
array:1.6931471805599454
normal:1.6931471805599454
spin:1.6931471805599454
outer:1.0
cruis:1.0
configur:1.0
uplink:2.09861228866811
downlink:1.6931471805599454
via:1.0
high:1.0
gain:1.0
antenna:1.0
125:1.0
bp:1.0
2:1.6931471805599454
k:1.0
engin:1.0
data:2.386294361119891
rate:1.0
result:1.0
enter:1.0
conting:1.6931471805599454
mode:1.6931471805599454
9:1.6931471805599454
automat:1.0
power:1.0
board:1.0
fault:1.0
protect:1.0
gamma:1.0
ray:1.0
spectromet:1.0
random:1.6931471805599454
access:1.6931471805599454
memori:1.6931471805599454
success:1.0
reload:1.6931471805599454
monday:2.09861228866811
19:1.0
prepar:1.0
magnetomet:2.09861228866811
calibr:2.09861228866811
reschedul:1.0
execut:1.0
c9:2.09861228866811
tuesday:1.0
wednesday:1.0
next:1.0
week:1.0
system:1.0
take:1.6931471805599454
place:1.6931471805599454
morn:1.0
begin:1.0
30:1.0
weekend:1.0
team:2.386294361119891
send:1.0
real:1.0
time:1.6931471805599454
command:1.6931471805599454
differenti:1.0
one:1.6931471805599454
way:1.6931471805599454
rang:1.0
obtain:1.0
addit:1.0
analysi:1.0
navig:1.0
radio:1.0
scienc:1.0
ultra:1.0
stabl:1.0
oscil:1.0
test:1.0
occur:1.6931471805599454
sunday:1.0
25:1.0
midnight:1.0
even:1.0
26:1.0
modifi:1.0
includ:1.0
could:1.0
due:1.0
entri:1.0
allow:1.0
better:1.0
character:1.0
gener:1.0
magnet:1.6931471805599454
field:1.6931471805599454
effect:1.0
inform:1.0
critic:1.0
martian:1.0
measur:1.0
approach:1.0
map:1.0
phase:1.0
mag:1.6931471805599454
cal:1.0
requir:1.0
state:1.0
slew:1.0
roll:1.0
maneuv:1.0
provid:1.0
point:1.0
vari:1.0
attitud:1.0
orient:1.0
today:1.0
22:1.0
971:1.0
250:1.0
km:1.0
14:1.0
273:1.0
673:1.0
mi:1.0
travel:1.0
veloc:1.0
09:1.0
kilomet:1.0
second:1.6931471805599454
4:1.0
677:1.0
mph:1.0
respect:1.0
light:1.0
approxim:1.0
minut:1.0
38:1.0
lab:1.0
525:1.0
3684:1.0
telo:1.0
aweto:1.0
new:1.0
zealand:1.0
pasadena:1.0
ca:1.0
91109:1.0
part:1.6931471805599454
caterpillar:1.0
veget:1.0
