subject:1.0
vandal:1.0
sky:1.0
thacker:1.0
rhea:1.6931471805599454
arc:1.6931471805599454
ab:1.6931471805599454
ca:1.6931471805599454
organ:1.0
alberta:1.0
research:2.09861228866811
council:1.0
nntp:1.0
post:1.0
host:1.0
line:1.0
13:1.0
articl:1.0
c5t05k:1.0
db6:1.0
canon:1.6931471805599454
oz:1.6931471805599454
au:1.6931471805599454
enzo:2.09861228866811
liguori:1.0
write:1.0
messag:1.0
delet:1.0
light:2.09861228866811
pollut:1.6931471805599454
observ:1.0
read:1.0
somewher:1.0
el:1.0
might:1.0
even:1.0
visibl:1.0
day:1.6931471805599454
leav:1.0
alon:1.0
night:1.0
realli:1.6931471805599454
depress:1.6931471805599454
need:1.0
one:1.0
daytim:1.0
