byab314:2.09861228866811
chpc:1.6931471805599454
utexa:1.6931471805599454
edu:1.6931471805599454
sriniva:2.09861228866811
bettadpur:1.6931471805599454
subject:1.0
vandal:1.0
sky:1.0
organ:1.0
center:1.0
space:1.0
research:2.09861228866811
univers:1.0
texa:1.0
austin:1.6931471805599454
line:1.0
15:1.0
articl:1.6931471805599454
1993apr23:1.0
140649:1.0
1:1.0
rhea:1.6931471805599454
arc:1.6931471805599454
ab:1.6931471805599454
ca:1.6931471805599454
thacker:1.0
write:1.6931471805599454
c5t05k:1.0
db6:1.0
canon:1.6931471805599454
oz:1.6931471805599454
au:1.6931471805599454
enzo:1.6931471805599454
liguori:1.0
light:2.09861228866811
pollut:1.6931471805599454
observ:1.0
read:1.0
somewher:1.0
el:1.0
might:1.0
even:1.0
visibl:1.0
day:1.6931471805599454
leav:1.0
alon:1.0
night:1.0
need:1.0
depress:1.0
one:1.0
daytim:1.0
thank:1.0
surreal:1.0
moment:1.0
internet:1.0
herm:1.0
p:1.0
box:1.0
8520:1.6931471805599454
tx:1.0
78713:1.0
u:1.0
tel:1.0
512:1.0
471:1.0
4332:1.0
bitnet:1.0
utherm:1.0
