cain:2.6094379124341005
geomag:1.6931471805599454
gli:1.6931471805599454
fsu:2.09861228866811
edu:1.6931471805599454
joe:1.0
subject:1.0
drag:2.9459101490553135
free:2.6094379124341005
satellit:2.09861228866811
stephen:1.0
hawk:1.6931471805599454
tour:1.0
jpl:2.386294361119891
keyword:1.0
organ:1.0
florida:1.0
state:1.0
univers:1.0
geolog:1.0
dept:1.0
line:1.0
23:1.0
articl:1.6931471805599454
1raee7:1.0
b8:1.0
access:1.6931471805599454
digex:1.6931471805599454
net:1.0
prb:1.0
com:1.0
pat:1.0
write:1.6931471805599454
23apr199317325771:1.0
kelvin:1.6931471805599454
nasa:1.6931471805599454
gov:1.6931471805599454
baalk:1.6931471805599454
ron:1.0
answer:1.0
question:1.0
chahin:1.0
describ:1.0
propos:1.6931471805599454
confirm:1.0
point:1.0
concept:1.6931471805599454
coat:1.0
wd:1.0
40:1.0
ti:1.0
puzzl:1.0
term:1.0
may:1.0
alreadi:1.0
flown:1.0
idea:1.0
behind:1.0
put:1.0
spacecraft:1.6931471805599454
would:2.09861228866811
accur:1.0
respond:1.6931471805599454
motion:1.0
earth:1.0
graviti:1.6931471805599454
field:1.0
ignor:1.0
mani:1.0
year:1.0
ago:1.0
involv:1.0
ball:2.09861228866811
float:1.0
sensor:1.0
whose:1.0
job:1.0
signal:1.0
littl:1.0
adjust:1.6931471805599454
jet:1.0
keep:1.0
away:1.0
condit:1.0
anisotropi:1.0
wherea:1.0
continu:1.0
posit:1.0
compens:1.0
joseph:1.0
tcain:1.0
bitnet:1.0
tscri:1.0
904:1.6931471805599454
644:1.6931471805599454
4014:1.0
tfax:1.0
4214:1.0
0098:1.0
