arthurc:1.0
sfsuvax1:1.0
sfsu:1.0
edu:1.0
arthur:1.0
chandler:1.0
subject:1.0
russian:1.6931471805599454
phobo:1.6931471805599454
mission:1.6931471805599454
organ:1.0
california:1.0
state:1.0
univers:1.0
sacramento:1.0
line:1.0
6:1.0
spacecraft:1.0
ill:1.0
fate:1.0
year:1.0
ago:1.0
send:1.0
back:1.0
imag:1.0
martian:1.0
moon:1.0
anyon:1.0
know:1.0
hous:1.0
ftp:1.0
site:1.0
thank:1.0
