prb:1.0
access:2.09861228866811
digex:1.6931471805599454
com:1.0
pat:1.6931471805599454
subject:1.0
drag:1.0
free:1.0
satellit:1.0
stephen:1.0
hawk:1.0
tour:1.0
jpl:1.6931471805599454
organ:1.0
express:1.0
onlin:1.0
commun:1.0
usa:1.0
line:1.0
8:1.0
nntp:1.0
post:1.0
host:1.0
net:1.0
keyword:1.0
joe:1.0
tyour:1.0
descript:1.0
sound:1.0
like:1.0
one:1.0
graviti:1.0
probe:1.0
spacecraft:1.0
idea:1.0
