steinli:1.6931471805599454
topaz:1.6931471805599454
ucsc:2.09861228866811
edu:2.09861228866811
steinn:1.6931471805599454
sigurdsson:1.6931471805599454
subject:1.0
gamma:2.09861228866811
ray:1.6931471805599454
burster:2.791759469228055
organ:1.0
lick:1.6931471805599454
observatori:1.6931471805599454
uco:1.0
line:1.0
56:1.0
nntp:1.0
post:1.0
host:1.0
repli:1.0
prb:1.6931471805599454
access:2.09861228866811
digex:2.09861228866811
com:1.6931471805599454
messag:1.0
23:1.6931471805599454
apr:1.0
1993:1.0
58:1.0
19:1.0
0400:1.0
articl:1.0
1radsr:1.0
att:1.0
net:1.0
pat:1.0
write:1.0
evid:1.0
indic:1.6931471805599454
far:1.6931471805599454
away:1.0
distribut:2.386294361119891
isotrop:1.0
intens:1.0
crude:1.0
speak:1.0
see:1.6931471805599454
edg:2.09861228866811
given:1.0
enorm:1.0
power:1.0
wonder:1.6931471805599454
quantum:1.6931471805599454
black:2.386294361119891
hole:2.386294361119891
someth:1.0
like:1.0
fairli:1.0
close:1.0
would:1.6931471805599454
galact:1.6931471805599454
rang:1.0
good:1.0
old:1.0
day:1.0
gro:1.6931471805599454
data:1.6931471805599454
thought:1.0
neutron:2.09861228866811
star:2.386294361119891
galaxi:1.6931471805599454
expect:1.0
confirm:1.0
either:1.6931471805599454
show:1.6931471805599454
local:1.6931471805599454
popul:2.09861228866811
within:1.0
hundr:1.0
light:1.0
year:1.0
halo:2.09861228866811
mechan:2.09861228866811
known:1.0
sever:1.0
plausibl:1.6931471805599454
one:2.386294361119891
exist:1.6931471805599454
also:1.0
fair:1.0
note:1.0
brightest:1.0
probabl:1.6931471805599454
lmc:1.0
suggest:1.0
theorist:1.0
might:1.0
wrong:1.6931471805599454
back:1.0
ta:1.0
sun:1.0
center:1.0
anisotropi:1.6931471805599454
disk:1.0
rule:1.0
complet:1.0
stage:1.0
avoid:1.0
push:1.0
energi:1.6931471805599454
get:2.09861228866811
larg:1.0
n:2.6094379124341005
becom:1.0
question:1.0
start:1.0
exampl:1.0
andromeda:1.0
tthe:1.0
consist:1.0
oort:1.0
cloud:1.0
think:1.6931471805599454
sourc:2.09861228866811
right:1.0
spectrum:2.386294361119891
cosmolog:1.6931471805599454
distanc:1.6931471805599454
henc:1.0
isotropi:1.0
univers:1.0
need:1.0
high:1.0
detect:1.0
compact:1.0
ergo:1.0
collid:2.09861228866811
anoth:1.0
even:1.0
hard:1.0
conceiv:1.0
tif:1.0
know:1.0
anyth:1.0
physic:1.0
level:1.0
due:1.0
cosmic:1.0
string:1.0
thing:1.0
situat:1.0
complic:1.0
recent:1.0
claim:1.0
two:1.0
class:1.0
actual:1.0
fit:1.0
rel:1.0
easili:1.0
bh:1.0
collis:1.0
scenario:1.0
respect:1.0
pet:1.0
theori:1.0
fli:1.0
saucer:1.0
enter:1.0
hyperspac:1.0
reason:1.0
ask:1.0
everyon:1.0
assum:1.0
nuetron:1.0
spin:1.0
could:1.0
place:1.0
closer:1.0
rememb:1.0
invit:1.0
stockholm:1.0
tlick:1.0
standard:1.0
disclaim:1.0
law:1.0
graviti:1.0
strict:1.0
bend:1.0
benefit:1.0
b:1.6931471805599454
1988:1.0
