apryan:1.0
vax1:1.6931471805599454
tcd:1.6931471805599454
ie:1.6931471805599454
subject:1.0
order:2.6094379124341005
moor:2.386294361119891
book:2.6094379124341005
restor:2.09861228866811
great:1.6931471805599454
telescop:2.386294361119891
line:1.6931471805599454
41:1.6931471805599454
nntp:1.0
post:2.386294361119891
host:1.0
organ:1.0
triniti:1.0
colleg:1.0
dublin:2.09861228866811
sever:1.0
peopl:1.0
enquir:1.0
avail:2.09861228866811
72:1.0
reflector:1.0
built:1.0
birr:2.09861228866811
castl:2.09861228866811
ireland:2.9459101490553135
1845:1.0
remain:1.6931471805599454
largest:1.6931471805599454
world:2.386294361119891
start:1.0
20th:1.0
centuri:1.0
astronomi:2.9459101490553135
written:1.0
patrick:2.09861228866811
sit:1.0
committe:1.0
go:1.0
public:1.0
display:1.0
year:1.6931471805599454
round:1.0
massiv:1.0
support:1.0
wall:1.0
60:1.0
foot:1.0
long:1.0
tube:1.0
bit:1.6931471805599454
piec:1.0
definitivi:1.0
histori:1.6931471805599454
one:1.6931471805599454
man:1.0
third:1.0
earl:1.0
ross:1.0
pull:1.0
impress:1.0
technic:1.0
achiev:1.0
perhap:1.0
ever:1.0
discoveri:1.0
made:1.0
instrument:1.0
donat:1.0
proce:1.0
sale:1.0
help:1.0
make:1.6931471805599454
wide:1.0
mail:1.6931471805599454
fascin:1.0
read:1.0
copi:1.0
bring:1.0
day:1.0
look:1.0
littl:1.0
nearer:1.0
inform:1.0
dr:1.0
xii:1.0
90pp:1.0
208mm:1.0
x:1.0
145mm:1.0
price:1.0
u:3.0794415416798357
4:1.0
95:1.6931471805599454
2:1.6931471805599454
pack:2.09861228866811
add:1.6931471805599454
3:2.09861228866811
50:2.386294361119891
airmail:1.6931471805599454
k:1.0
pound:2.09861228866811
sterl:1.6931471805599454
1:2.09861228866811
europ:1.0
00:1.6931471805599454
rest:1.0
per:2.09861228866811
fund:1.0
payabl:1.0
payment:2.09861228866811
credit:1.0
card:1.6931471805599454
mastercard:1.6931471805599454
visa:1.6931471805599454
eurocard:1.0
access:1.6931471805599454
accept:1.6931471805599454
email:1.0
snail:1.0
give:1.6931471805599454
number:1.6931471805599454
name:1.6931471805599454
address:2.09861228866811
expir:1.6931471805599454
date:1.6931471805599454
total:1.0
amount:1.0
otherwis:1.0
must:1.0
money:1.0
bank:1.0
draft:1.0
send:1.0
perman:1.0
p:1.6931471805599454
box:1.6931471805599454
2888:1.6931471805599454
also:1.0
subscrib:1.0
space:1.6931471805599454
time:1.0
see:1.0
toni:1.0
ryan:1.0
new:1.0
intern:1.0
magazin:1.0
6:1.0
issu:1.0
sub:1.0
uk:1.6931471805599454
10:1.0
20:1.0
surfac:1.0
8:1.0
astro:1.0
soc:1.0
caput:1.0
unless:1.0
know:1.0
better:1.0
0:1.0
033:1.0
tel:1.0
0891:1.0
88:1.0
1950:1.0
n:1.0
1550:1.0
111:1.0
442:1.0
eir:1.0
cost:1.0
48p:1.0
min:1.0
