bon:1.6931471805599454
lte:2.09861228866811
e:2.386294361119891
technik:2.09861228866811
uni:2.09861228866811
erlangen:2.386294361119891
de:2.09861228866811
uwe:1.6931471805599454
bonn:1.6931471805599454
subject:1.0
sunris:1.6931471805599454
sunset:1.6931471805599454
time:1.6931471805599454
organ:1.0
univers:1.0
germani:1.0
distribut:1.0
world:1.0
nntp:1.0
post:1.0
host:1.0
aladin:1.0
line:1.0
15:1.0
articl:1.0
1993apr21:1.0
141824:1.0
23536:1.0
cbi:1.6931471805599454
ece:1.6931471805599454
drexel:2.09861228866811
edu:2.386294361119891
jpw:1.6931471805599454
joseph:1.0
wetstein:1.6931471805599454
ask:1.0
hello:1.0
look:1.0
program:1.0
algorithm:1.0
use:1.0
comput:1.6931471805599454
would:1.0
appreci:1.0
advic:1.0
joe:1.0
coe:1.0
mani:1.0
astronom:1.0
thing:1.0
go:1.0
get:1.0
x:1.0
ephem:1.0
written:1.0
elwood:1.0
c:1.0
downey:1.0
g:1.0
export:1.0
lc:1.0
mit:1.0
