pporth:1.0
hq:2.09861228866811
nasa:2.9459101490553135
gov:2.09861228866811
tricia:1.0
porth:1.0
202:1.6931471805599454
subject:1.0
remot:3.3978952727983707
sen:3.3978952727983707
data:3.833213344056216
x:2.386294361119891
ad:1.6931471805599454
forward:1.0
space:2.09861228866811
digest:1.0
mmdf:1.0
warn:1.0
par:1.0
error:1.0
origin:1.6931471805599454
version:1.0
preced:1.0
line:2.386294361119891
vacat:1.6931471805599454
venari:1.6931471805599454
c:2.09861228866811
cmu:1.6931471805599454
edu:1.6931471805599454
organ:2.6094379124341005
via:2.09861228866811
intern:1.0
univers:1.0
sender:1.0
isu:1.0
distribut:1.6931471805599454
sci:1.0
137:1.0
post:1.0
someon:1.0
el:1.0
plea:3.0794415416798357
respond:1.6931471805599454
address:2.791759469228055
list:1.6931471805599454
also:1.6931471805599454
excus:1.0
duplic:1.0
messag:1.0
crosspost:1.0
thank:1.6931471805599454
request:2.6094379124341005
idea:2.791759469228055
applic:2.791759469228055
databas:1.6931471805599454
internet:2.386294361119891
plan:1.6931471805599454
expand:1.0
domain:1.0
user:2.9459101490553135
earth:2.09861228866811
scienc:2.386294361119891
effort:1.6931471805599454
use:2.9459101490553135
evolv:1.0
infrastructur:1.0
u:2.386294361119891
global:1.0
chang:1.0
research:1.6931471805599454
program:2.386294361119891
includ:2.6094379124341005
mission:1.0
planet:1.0
mtpe:1.0
observ:1.0
system:1.6931471805599454
inform:1.6931471805599454
eosdi:1.0
particularli:1.0
high:1.6931471805599454
perform:1.0
comput:1.0
commun:2.09861228866811
nren:1.0
nation:1.0
educ:2.386294361119891
network:1.0
mean:1.0
provid:1.6931471805599454
access:2.6094379124341005
imag:3.1972245773362196
valu:1.0
product:2.09861228866811
broad:1.0
util:1.0
cooper:1.0
agenc:1.0
especi:2.09861228866811
noaa:1.0
epa:1.0
doe:1.0
ded:1.0
doi:1.0
usg:1.0
usda:1.0
support:1.0
develop:2.6094379124341005
limit:1.0
part:1.0
commerci:2.09861228866811
e:2.386294361119891
g:1.0
televis:1.0
weather:1.0
forecast:1.0
librarian:1.0
publish:1.0
agricultur:1.0
specialist:1.0
transport:1.0
forestri:1.0
state:1.0
local:1.0
govern:1.0
planner:1.0
aqua:1.0
busi:1.0
initi:1.0
1994:1.0
assist:2.09861228866811
identifi:2.386294361119891
potenti:2.6094379124341005
would:1.6931471805599454
like:1.0
area:2.791759469228055
implement:1.0
note:1.0
propos:2.09861228866811
seek:1.0
1:1.6931471805599454
2:2.09861228866811
noncommerci:2.09861228866811
level:1.6931471805599454
k:1.6931471805599454
12:1.6931471805599454
3:1.6931471805599454
type:2.6094379124341005
capabl:1.6931471805599454
protocol:1.6931471805599454
make:1.6931471805599454
4:2.09861228866811
addit:1.6931471805599454
point:1.0
contact:1.0
5:2.386294361119891
name:2.386294361119891
conveni:1.0
standard:2.386294361119891
format:2.9459101490553135
respons:2.386294361119891
feel:1.6931471805599454
free:1.6931471805599454
amend:1.0
necessari:1.0
either:1.0
mail:2.386294361119891
fax:2.09861228866811
may:2.09861228866811
1993:1.0
rsdwg:2.09861228866811
orion:1.6931471805599454
os:1.0
ascii:1.0
binari:1.0
attach:1.0
erni:1.0
lucier:1.0
358:1.0
3098:1.0
survey:1.6931471805599454
follow:1.0
place:1.0
ftp:1.6931471805599454
directori:1.0
pub:1.0
indic:1.0
accept:1.0
word:1.6931471805599454
window:1.0
macintosh:1.0
rtf:1.0
possibl:2.09861228866811
relev:2.09861228866811
tool:2.09861228866811
suggest:1.0
person:1.0
resourc:1.0
telephon:1.6931471805599454
number:2.09861228866811
electron:1.0
paper:1.0
period:1.0
etc:1.0
solicit:1.0
sent:1.0
6:1.0
benefit:1.0
know:1.6931471805599454
tie:1.0
investig:1.0
cost:1.0
lack:1.0
incompat:1.0
poor:1.0
interest:1.0
coverag:1.0
inadequ:1.0
spatial:1.0
spectral:1.0
resolut:1.0
7:1.0
case:1.0
question:1.0
send:1.6931471805599454
phone:1.0
one:1.0
wish:1.0
anonym:1.0
