higgin:2.791759469228055
fnala:1.6931471805599454
fnal:2.6094379124341005
gov:2.6094379124341005
bill:1.6931471805599454
beam:1.6931471805599454
jockey:1.6931471805599454
subject:1.0
nasa:2.386294361119891
ame:1.6931471805599454
server:2.09861228866811
space:1.6931471805599454
station:1.0
redesign:1.0
jsc:2.09861228866811
altern:1.0
4:1.0
organ:1.0
fermi:1.6931471805599454
nation:1.6931471805599454
acceler:1.6931471805599454
laboratori:1.6931471805599454
line:1.0
14:1.0
nntp:1.0
post:1.6931471805599454
host:1.0
articl:1.0
1993apr26:1.0
152722:1.0
19887:1.0
aio:1.0
kjenk:1.0
ken:1.0
jenk:1.0
write:1.0
gif:1.0
file:1.0
anonym:1.0
ftp:1.0
ic:1.0
uci:1.0
edu:1.0
sorri:1.0
took:1.0
long:1.0
get:1.6931471805599454
tri:1.0
iron:1.0
treat:1.0
password:1.0
like:1.0
toothbrush:1.0
let:1.0
bitnet:1.6931471805599454
anybodi:1.0
el:1.0
use:1.0
internet:1.0
new:1.0
one:1.0
everi:1.0
span:1.0
hepnet:1.0
43011:1.0
six:1.0
month:1.0
cliff:1.0
stoll:1.0
