jbatka:1.6931471805599454
desir:1.6931471805599454
wright:2.09861228866811
edu:1.6931471805599454
subject:1.0
gamma:2.09861228866811
ray:2.09861228866811
burster:1.0
organ:1.0
state:1.0
univers:1.0
line:1.0
16:1.0
assum:2.09861228866811
guess:1.0
energi:1.0
event:1.6931471805599454
1:2.09861228866811
r:1.6931471805599454
2:2.09861228866811
law:1.6931471805599454
incorrect:1.0
unknown:1.0
materi:1.0
dark:1.0
matter:1.0
inhibit:1.0
propag:1.6931471805599454
could:1.6931471805599454
possibl:1.0
actual:1.0
see:1.0
much:1.6931471805599454
le:1.0
energet:1.0
happen:1.0
closer:1.0
u:1.0
even:1.0
distribut:1.0
caus:1.0
characterist:1.0
distanc:1.0
shorter:1.0
thick:1.0
disk:1.0
galaxi:1.0
idl:1.0
babbl:1.0
jim:1.0
batka:1.0
work:1.0
email:1.6931471805599454
batkaj:1.0
ccmail:1.0
dayton:1.0
saic:1.0
com:1.0
elvi:1.0
home:1.0
dead:1.0
64:1.0
year:1.0
33:1.0
661:1.0
440:1.0
minut:1.6931471805599454
long:1.0
time:1.0
beatl:1.0
yellow:1.0
submarin:1.0
