thouchin:1.6931471805599454
c:2.09861228866811
umr:2.386294361119891
edu:2.09861228866811
j:1.6931471805599454
houchin:1.6931471805599454
subject:1.0
sale:1.6931471805599454
farenheit:1.0
1280:1.6931471805599454
24bit:1.6931471805599454
articl:1.0
1993apr5:1.0
231308:1.0
3558:1.0
distribut:1.0
usa:1.0
organ:1.0
univers:1.0
missouri:1.0
rolla:1.0
line:1.0
12:1.0
nntp:1.0
post:1.6931471805599454
host:1.0
mcs213c:1.6931471805599454
origin:1.0
torchid:1.0
fareheit:1.0
color:1.0
card:1.0
1:1.0
meg:1.0
almost:1.0
new:1.0
200:1.0
best:1.0
offer:1.0
friend:1.0
call:1.0
thuan:1.0
pho:1.0
314:1.0
368:1.0
3624:1.0
