sim:2.09861228866811
vax:1.6931471805599454
cn:1.6931471805599454
muskingum:2.09861228866811
edu:1.6931471805599454
subject:1.0
misc:1.6931471805599454
radio:2.6094379124341005
relat:1.6931471805599454
equip:1.0
organ:1.0
colleg:1.0
line:1.0
112:1.0
lot:1.6931471805599454
item:1.6931471805599454
sale:1.0
still:1.6931471805599454
tri:1.0
lighten:1.0
load:1.0
move:1.0
motorola:3.302585092994046
vhf:2.386294361119891
pager:1.0
digit:1.0
voic:1.0
readout:1.0
15:1.0
2:3.0794415416798357
capacitor:1.0
checker:1.0
hp:1.0
200cd:1.0
audio:1.0
oscil:1.0
5:2.09861228866811
hz:1.6931471805599454
600:1.0
khz:1.0
1200:1.0
foot:1.0
brand:1.0
new:2.386294361119891
1:1.6931471805599454
hardlin:1.0
tv:1.0
connector:1.0
piec:1.0
gain:1.6931471805599454
mobil:2.791759469228055
antenna:1.6931471805599454
uhf:2.791759469228055
amp:1.6931471805599454
input:1.0
75:2.386294361119891
mhz:1.6931471805599454
milliwatt:1.0
output:1.0
450:1.0
30:1.6931471805599454
watt:1.0
servic:2.386294361119891
manual:2.386294361119891
came:1.6931471805599454
mobilephon:1.0
make:2.09861228866811
reason:2.386294361119891
offer:2.6094379124341005
look:1.0
40:1.0
ship:2.6094379124341005
trade:1.6931471805599454
rca:1.6931471805599454
tac:1.0
300:1.0
dash:1.0
mount:1.6931471805599454
2channel:1.0
w:2.9459101490553135
great:1.6931471805599454
condit:1.0
current:1.6931471805599454
gmr:1.0
frequenc:1.6931471805599454
462:1.0
725:1.0
repeat:1.0
simplex:1.0
pl:1.6931471805599454
151:1.0
4:2.09861228866811
100:1.6931471805599454
nobratron:1.0
qr:1.0
power:1.6931471805599454
suppli:1.6931471805599454
sorensen:1.0
variabl:1.0
use:2.6094379124341005
80:1.0
vdc:1.0
weight:1.6931471805599454
45lb:1.0
45:1.6931471805599454
tone:1.6931471805599454
remot:2.6094379124341005
model:2.386294361119891
1926a:1.0
work:1.6931471805599454
monitor:1.0
button:1.0
unit:1.0
base:2.09861228866811
station:1.0
two:1.0
wire:1.6931471805599454
also:1.6931471805599454
board:1.0
mitrek:1.6931471805599454
super:1.0
consolett:1.0
could:1.0
trn:1.0
6744a:1.0
schmetic:1.0
handheld:1.0
mh:1.0
10:1.6931471805599454
charger:1.0
speaker:1.6931471805599454
mic:1.6931471805599454
leather:1.0
case:1.0
34:1.0
830:1.0
dpl:2.09861228866811
deck:1.0
moxi:1.0
esp:1.6931471805599454
take:1.0
anyon:1.0
reed:1.0
think:1.0
code:1.0
plug:1.0
e:2.09861228866811
mail:2.09861228866811
need:1.0
sell:1.6931471805599454
cheep:1.0
transmit:1.0
tube:1.0
ge:2.791759469228055
box:1.6931471805599454
db:1.0
sold:1.0
90:1.0
3:1.6931471805599454
motorcycl:1.0
control:1.6931471805599454
head:1.6931471805599454
cabl:1.6931471805599454
selector:1.0
one:1.0
channel:1.6931471805599454
believ:1.0
micom:1.0
ask:1.0
20:1.6931471805599454
element:1.0
micor:2.09861228866811
motrac:1.6931471805599454
set:1.0
low:1.0
band:1.6931471805599454
microphon:1.0
dc:1.0
adaptor:1.0
tln:1.0
1127apr:1.0
busi:1.0
detail:1.0
phone:1.0
restrict:1.0
toll:1.0
quarter:1.0
dtmf:1.0
master:1.6931471805599454
pro:1.6931471805599454
accessori:1.0
trunk:1.0
6:1.0
cabinet:2.09861228866811
19:1.6931471805599454
rack:1.6931471805599454
duplex:1.6931471805599454
johnson:1.0
hd:1.0
satellit:1.0
dish:1.0
jack:1.0
arm:1.0
spool:1.0
multi:1.0
conductor:1.0
shield:1.0
thick:1.0
approx:1.0
eagl:1.0
level:1.0
sensor:1.0
tell:1.0
full:1.0
contain:1.0
price:1.0
includ:1.0
pickup:1.0
size:1.0
locat:1.0
eastern:1.6931471805599454
ohio:1.0
interest:1.0
call:1.0
jim:1.0
sr:1.0
n4jdp:1.0
614:1.0
439:1.0
2177:1.0
9:1.0
pm:1.0
