gt1706a:2.386294361119891
prism:2.386294361119891
gatech:2.386294361119891
edu:2.09861228866811
maureen:2.09861228866811
l:1.6931471805599454
eagl:1.6931471805599454
subject:1.0
want:1.0
brother:1.0
p:1.0
touch:1.0
articl:1.0
hydra:1.0
91500:1.0
distribut:1.0
usa:1.0
organ:1.0
georgia:2.09861228866811
institut:1.6931471805599454
technolog:1.6931471805599454
line:1.0
12:1.0
say:1.0
interest:1.0
buy:1.0
one:1.6931471805599454
littl:1.0
label:1.0
maker:1.0
afford:1.0
new:1.0
anybodi:1.0
tire:1.0
e:1.0
mail:1.0
atlanta:1.0
30332:1.0
uucp:1.0
decvax:1.0
hplab:1.0
ncar:1.0
purdu:1.0
rutger:1.0
internet:1.0
