gregh:1.6931471805599454
hprnd:2.09861228866811
rose:2.386294361119891
hp:2.386294361119891
com:2.386294361119891
greg:1.6931471805599454
holdren:1.6931471805599454
subject:1.0
40:1.6931471805599454
meg:1.6931471805599454
ide:1.6931471805599454
harddriv:1.0
organ:1.0
hewlett:1.0
packard:1.0
rosevil:1.0
site:1.0
line:1.0
12:1.0
nntp:1.0
post:1.0
host:1.0
x:1.0
newsread:1.0
tin:1.0
version:1.0
1:1.6931471805599454
pl8:1.0
8:1.0
western:1.0
digit:1.0
3:1.0
5:1.0
hard:1.0
drive:1.0
95:1.0
bo:1.0
ship:1.0
916:1.0
785:1.0
7481:1.0
geh:1.0
mothra:1.0
