stxtnt:1.0
rs733:1.0
gsfc:1.0
nasa:1.0
gov:1.0
nigel:1.6931471805599454
tzeng:2.09861228866811
subject:1.0
amiga:1.6931471805599454
3000:1.0
etc:1.0
sale:1.6931471805599454
4:2.386294361119891
2:2.09861228866811
93:2.09861228866811
repli:1.0
dwilson:1.6931471805599454
csugrad:2.09861228866811
c:2.09861228866811
vt:2.09861228866811
edu:2.09861228866811
messag:1.0
apr:1.0
20:1.0
09:1.0
59:1.0
gmt:1.0
organ:1.0
goddard:1.0
space:1.0
flight:1.0
center:1.0
greenbelt:1.0
md:1.0
usa:1.0
line:1.0
26:1.0
articl:1.0
1pi6in:1.0
isg:1.0
david:1.0
wilson:1.0
write:1.0
5pm:1.0
02:1.0
1:1.6931471805599454
3000ux:1.0
25mhz:1.6931471805599454
unix:1.0
compat:1.0
machin:1.6931471805599454
w:1.0
100:1.0
meg:2.386294361119891
hard:1.0
drive:1.0
ram:1.0
monitor:1.6931471805599454
keyboard:1.6931471805599454
esc:1.0
key:1.0
broken:1.0
ask:1.6931471805599454
price:1.6931471805599454
1700:1.0
obo:1.0
mind:1.0
sell:1.0
use:1.0
damag:1.6931471805599454
brand:1.6931471805599454
new:1.6931471805599454
a4000:1.6931471805599454
030:1.0
ec030:1.0
120meg:1.0
ide:1.0
hd:2.386294361119891
floppi:1.6931471805599454
v3:1.0
0:1.0
o:1.6931471805599454
1899:1.0
like:1.6931471805599454
get:1.0
a3000:1.6931471805599454
local:1.0
someth:1.0
reason:1.0
le:1.0
1k:1.0
without:1.0
50:1.0
rom:1.0
run:1.0
1400:1.0
consid:1.0
probab:1.0
real:1.0
old:1.0
version:1.0
offer:1.0
700:1.0
laugh:1.0
a2000:1.0
worth:1.0
250:1.0
300:1.0
day:1.0
n:1.0
sig:1.0
construct:1.0
