vvl2h:2.09861228866811
galen:1.0
med:1.0
virginia:2.386294361119891
edu:2.09861228866811
victor:2.09861228866811
v:1.6931471805599454
levenson:2.09861228866811
subject:1.0
help:1.0
get:2.09861228866811
scumster:2.09861228866811
summari:1.6931471805599454
need:1.6931471805599454
advic:2.09861228866811
keyword:1.0
hd:2.09861228866811
cash:1.6931471805599454
check:2.386294361119891
deliveri:1.0
organ:1.0
univers:1.6931471805599454
distribut:1.0
usa:1.0
line:1.0
34:1.0
hi:1.0
everyon:1.0
best:1.6931471805599454
way:1.6931471805599454
sever:1.0
week:1.0
ago:1.0
post:1.6931471805599454
articl:1.0
behalf:1.0
friend:2.09861228866811
want:1.0
extern:1.0
mac:1.0
r:2.6094379124341005
e:2.9459101490553135
p:3.0794415416798357
call:1.6931471805599454
agre:1.0
price:1.0
unexperienc:1.0
fluent:1.0
english:1.0
paid:1.0
request:1.0
back:1.0
arriv:1.0
send:1.0
well:1.0
3:1.0
24:1.0
phone:1.6931471805599454
gave:1.0
answer:1.6931471805599454
machin:1.0
time:1.0
reaction:1.0
messag:1.0
left:1.0
mail:1.6931471805599454
address:2.09861228866811
bounc:1.0
know:1.0
student:1.0
delawar:1.0
u:1.0
postal:1.0
question:1.0
proceed:1.0
thank:1.0
advanc:1.0
sincer:1.0
reason:1.0
put:1.0
full:1.0
name:1.0
still:1.0
hope:1.0
enough:1.0
respons:1.0
mayb:1.0
even:1.0
regular:1.0
basi:1.0
vl:1.0
dr:1.0
tel:1.0
804:1.0
924:1.0
2370:1.0
lab:1.0
dept:1.0
biochemistri:1.0
internet:1.0
