khiet:2.09861228866811
crystal:1.0
ecn:1.6931471805599454
purdu:1.6931471805599454
edu:1.0
peter:1.6931471805599454
thanh:1.0
vu:1.0
subject:1.0
want:1.6931471805599454
aircondition:1.0
keyword:1.0
organ:1.0
univers:1.0
engin:1.0
comput:1.0
network:1.0
line:1.0
4:1.0
look:1.0
good:1.0
use:1.0
window:1.0
air:1.0
condition:1.0
small:1.0
one:1.0
preffer:1.0
call:1.0
495:1.0
2056:1.0
talk:1.0
email:1.0
cn:1.0
