pfc:1.0
jungl:1.6931471805599454
genrad:2.09861228866811
com:1.6931471805599454
paul:1.0
f:1.0
cappucci:1.0
subject:1.0
seagat:1.6931471805599454
hard:1.6931471805599454
drive:1.6931471805599454
forsal:1.6931471805599454
organ:1.0
inc:1.0
line:1.0
10:1.0
nntp:1.0
post:1.0
host:1.0
brand:1.0
new:1.6931471805599454
never:1.0
use:1.0
st351:1.0
x:1.0
40meg:1.0
paid:1.0
135:1.0
includ:1.0
mount:1.0
bracket:1.0
bought:1.0
end:1.0
buy:1.0
comput:1.0
bro:1.0
take:1.0
