wchau:2.6094379124341005
acsu:1.0
buffalo:2.791759469228055
edu:2.791759469228055
wun:1.6931471805599454
chun:1.6931471805599454
chau:1.6931471805599454
subject:1.0
mfm:1.6931471805599454
control:1.6931471805599454
copi:2.09861228866811
card:1.6931471805599454
sale:1.0
organ:1.0
ub:1.0
line:1.0
13:1.0
nntp:1.0
post:1.0
host:1.0
buttercup:1.0
eng:1.6931471805599454
16:1.0
bit:1.0
fd:1.0
hd:1.0
25:1.0
b:1.6931471805599454
w:1.0
softwar:1.6931471805599454
cabl:1.0
30:1.0
protect:1.0
interest:1.0
plea:1.0
repli:1.0
account:1.0
crazi:1.0
world:1.0
internet:1.6931471805599454
uucp:1.0
rutger:1.0
uunet:1.0
c:2.09861228866811
bitnet:1.6931471805599454
ubvm:1.0
want:1.0
die:1.0
young:1.0
know:1.0
mean:1.0
