jlang:1.6931471805599454
radian:2.6094379124341005
natinst:1.0
com:2.09861228866811
john:1.6931471805599454
lang:1.6931471805599454
subject:1.0
want:1.0
use:1.6931471805599454
audio:1.6931471805599454
mixer:2.09861228866811
distribut:1.0
usa:1.0
nntp:1.0
post:1.0
host:1.0
zippi:1.6931471805599454
organ:1.0
corpor:1.0
austin:1.6931471805599454
texa:1.0
line:1.0
9:1.0
look:1.0
inexpens:1.0
need:2.09861228866811
least:1.6931471805599454
4:1.0
channel:2.386294361119891
stereo:1.6931471805599454
input:1.6931471805599454
1:1.0
output:1.0
would:1.0
prefer:1.0
8:1.0
volum:1.0
control:1.0
consid:1.0
buy:1.0
broken:1.0
equip:1.0
fairli:1.0
small:1.0
got:1.0
lot:1.0
space:1.0
corp:1.0
512:1.0
454:1.0
4797:1.0
box:1.0
201088:1.0
tx:1.0
78720:1.0
1088:1.0
