dietrijj:1.6931471805599454
mentor:1.6931471805599454
cc:1.6931471805599454
purdu:2.09861228866811
edu:1.6931471805599454
subject:1.0
delay:1.6931471805599454
sampler:1.0
organ:1.0
univers:1.0
comput:1.0
center:1.0
line:1.0
8:1.0
hey:1.0
interest:1.0
buy:1.0
digit:1.0
pedal:1.6931471805599454
prefer:1.0
capabl:1.0
sampl:1.0
infinit:1.6931471805599454
repeat:1.6931471805599454
familiar:1.0
phil:1.0
keaggi:1.0
want:1.0
mimic:1.0
least:1.0
close:1.0
possibl:1.0
concert:1.0
e:1.0
click:2.09861228866811
play:2.09861228866811
someth:1.0
lead:1.0
anyway:1.0
let:1.0
know:1.0
jason:1.0
tdietrijj:1.0
