curri:2.791759469228055
doe:2.09861228866811
carleton:2.386294361119891
ca:2.09861228866811
simon:2.09861228866811
subject:1.0
hous:2.09861228866811
sale:2.09861228866811
mediterranean:1.6931471805599454
coast:1.0
spain:2.386294361119891
summari:1.0
javea:1.6931471805599454
alicant:1.6931471805599454
keyword:1.0
seasid:1.0
organ:1.0
dept:1.0
electron:1.0
univers:1.0
line:1.0
35:1.0
invest:1.0
properti:1.0
costa:1.0
blanca:1.0
villa:1.0
larg:1.6931471805599454
lot:1.6931471805599454
wood:1.0
pine:1.0
hill:1.0
nois:1.0
2:1.6931471805599454
bedroom:1.0
live:1.0
dine:1.0
room:1.6931471805599454
glass:1.0
sun:1.0
porch:1.0
kitchen:1.0
bathroom:1.0
surround:1.0
tradit:1.0
white:1.0
wall:1.0
wrought:1.0
iron:1.0
gate:1.0
ground:1.0
pool:1.0
minut:1.6931471805599454
sea:1.0
supermarket:1.0
10:1.0
town:1.0
full:1.0
amen:1.0
area:1.0
special:1.0
favour:1.0
microclim:1.0
mention:1.0
climat:1.0
report:1.0
seat:1.0
fiat:1.0
runabout:1.0
car:1.0
3:1.0
year:1.0
old:1.0
may:1.0
includ:1.0
deal:1.0
ideal:1.0
retir:1.0
famili:1.6931471805599454
holiday:1.0
resort:1.0
must:1.0
sell:1.0
reason:1.0
ask:1.0
150:1.0
000:1.0
repli:1.0
email:2.09861228866811
call:1.0
canada:2.09861228866811
613:2.6094379124341005
591:1.0
0507:1.0
execut:1.0
director:1.0
tele:1.6931471805599454
991:2.386294361119891
9001:1.6931471805599454
royal:1.6931471805599454
societi:1.6931471805599454
fax:1.6931471805599454
6996:1.6931471805599454
po:1.6931471805599454
box:1.6931471805599454
9734:1.6931471805599454
ottawa:1.6931471805599454
k1g:1.6931471805599454
5j4:1.6931471805599454
