suresh:2.6094379124341005
pa:2.386294361119891
dec:2.386294361119891
com:2.386294361119891
balasubramanian:1.6931471805599454
subject:1.0
twin:1.0
size:1.6931471805599454
mattress:2.09861228866811
boxsprng:1.0
frame:1.6931471805599454
sale:1.6931471805599454
75:1.6931471805599454
organ:1.0
digit:1.6931471805599454
equip:1.6931471805599454
corpor:1.0
line:1.0
29:1.0
distribut:1.0
ba:1.0
nntp:1.0
post:1.0
host:1.0
tmax4:1.0
ttwin:1.0
box:1.0
spring:1.0
medico:1.0
pedic:1.0
type:1.0
excel:1.0
condit:1.0
2:1.0
yr:1.0
old:1.0
well:1.0
maintain:1.0
come:1.0
pick:1.0
stuff:1.0
locat:1.0
paloalto:1.0
task:1.0
tcontact:1.0
tsuresh:1.0
415:2.09861228866811
617:1.6931471805599454
3522:1.6931471805599454
w:1.0
324:1.0
9553:1.0
h:1.0
te:1.0
mail:1.0
n:1.6931471805599454
dd:1.0
corp:1.0
