mace:1.6931471805599454
kilowatt:2.09861228866811
uucp:1.0
subject:1.0
intel:1.6931471805599454
96oo:1.6931471805599454
ex:1.0
modem:1.6931471805599454
organ:1.0
comput:1.0
deer:1.6931471805599454
park:1.6931471805599454
li:1.6931471805599454
line:1.0
12:1.0
sale:1.0
baud:1.0
extern:1.0
v32:1.0
v42bi:1.0
good:1.0
work:1.0
condit:1.0
never:1.0
problem:1.0
160:1.0
obo:1.0
leav:1.0
daytim:1.0
number:1.0
fastest:1.0
respons:1.0
bb:1.0
ny:1.0
