pcwood:1.6931471805599454
astro:2.09861228866811
oci:2.09861228866811
templ:2.386294361119891
edu:2.09861228866811
paul:1.6931471805599454
wood:1.6931471805599454
subject:1.6931471805599454
forsal:1.6931471805599454
genesi:1.0
game:2.09861228866811
organ:1.0
univers:1.0
line:1.0
20:1.0
nntp:1.0
post:1.0
host:1.6931471805599454
x:1.0
newsread:1.0
tin:1.0
version:1.0
1:1.6931471805599454
pl8:1.0
kelvin:1.0
william:1.0
kwill:1.6931471805599454
lunatix:1.6931471805599454
uucp:1.6931471805599454
wrote:1.0
tthese:1.0
trade:1.0
sonic:1.6931471805599454
hedgehog:1.0
ii:1.6931471805599454
two:1.0
copi:1.0
manual:1.0
case:1.0
25:1.0
brand:1.0
new:1.0
hello:1.0
interest:1.0
send:1.0
address:1.0
get:1.0
mail:1.0
bounc:1.0
back:1.0
unknow:1.0
error:1.0
tpleas:1.0
repli:1.0
