donald:2.09861228866811
dswalker:2.09861228866811
ebay:2.09861228866811
sun:2.386294361119891
com:2.09861228866811
walker:1.6931471805599454
subject:1.0
item:1.6931471805599454
sale:1.6931471805599454
articl:1.0
male:1.0
1ps3s4:1.0
6g:1.0
repli:1.0
distribut:1.0
world:1.0
organ:1.0
microsystem:1.0
inc:1.0
line:1.0
19:1.0
nntp:1.0
post:1.0
host:1.0
1:1.0
howard:1.0
miller:1.0
clock:1.6931471805599454
chime:1.0
like:1.6931471805599454
grandfath:1.0
250:1.0
2:1.0
paint:1.6931471805599454
tiger:1.6931471805599454
snow:1.0
beauti:1.0
look:1.0
jump:1.0
canva:1.0
get:1.0
200:1.0
3:1.6931471805599454
men:1.0
diamond:1.6931471805599454
ring:1.0
size:1.0
10:1.0
500:1.0
row:1.0
b:1.0
18k:1.0
gold:1.0
call:1.0
email:1.0
hm:1.0
408:1.6931471805599454
263:1.0
3709:1.0
wk:1.0
276:1.0
3618:1.0
