agrgb:1.0
asuacad:1.6931471805599454
bitnet:1.0
subject:1.0
cd:1.6931471805599454
price:1.0
immedi:1.0
sale:1.0
articl:1.0
93096:1.0
004253agrgb:1.0
organ:1.0
arizona:1.0
state:1.0
univers:1.0
line:1.0
10:1.0
hey:1.0
follow:1.0
still:1.0
avail:1.0
offer:1.0
trade:1.0
consid:1.0
gowan:1.0
lost:1.0
brotherhood:1.0
katrina:1.0
wave:1.0
break:1.0
heart:1.0
joe:1.0
cocker:1.0
live:1.0
charl:1.0
nevil:1.0
diver:1.0
thank:1.0
rich:1.0
