gt9605a:1.6931471805599454
prism:1.6931471805599454
gatech:1.6931471805599454
edu:1.6931471805599454
arlo:1.6931471805599454
jame:1.0
aud:1.6931471805599454
subject:1.0
2:1.0
18:1.0
altec:1.0
lan:1.0
subwoof:1.0
sale:1.0
250:1.0
organ:1.0
georgia:2.09861228866811
institut:1.6931471805599454
technolog:1.6931471805599454
line:1.0
7:1.0
headlin:1.0
say:1.0
oh:1.6931471805599454
god:1.6931471805599454
hope:1.6931471805599454
work:1.6931471805599454
damn:1.0
know:1.0
rf:1.0
stood:1.0
rare:1.0
function:1.0
atlanta:1.0
30332:1.0
internet:1.0
