pchang:1.0
ic:2.09861228866811
sunysb:2.09861228866811
edu:2.9459101490553135
pong:1.0
chang:1.0
subject:1.0
sale:1.6931471805599454
quicken:2.09861228866811
3:1.6931471805599454
0:2.09861228866811
pc:1.6931471805599454
keyword:1.0
account:1.0
check:1.0
nntp:1.0
post:1.0
host:1.0
libws4:1.0
organ:1.0
state:1.0
univers:1.6931471805599454
new:2.09861228866811
york:1.6931471805599454
stoni:1.6931471805599454
brook:1.6931471805599454
line:1.0
18:1.0
articl:1.6931471805599454
1pma84:1.0
hpk:1.0
suntan:1.0
ec:1.6931471805599454
usf:1.6931471805599454
boneham:1.6931471805599454
sunburn:1.0
kevin:1.0
ch:1.0
write:1.6931471805599454
1pgvp1inn5ej:1.0
phakt:1.0
usc:1.6931471805599454
khoh:1.0
oliv:1.0
muoto:1.0
version:2.9459101490553135
allow:1.0
balanc:1.0
assum:1.0
get:1.0
releas:1.0
earlier:1.0
last:1.0
saw:1.0
2:1.6931471805599454
latest:1.0
probabl:1.0
refer:1.0
do:1.6931471805599454
like:1.6931471805599454
6:1.0
think:1.0
window:1.0
came:1.0
recent:1.0
someth:1.0
c:1.0
ommon:1.0
tpchang:1.0
en:1.0
tstate:1.0
e:1.0
ngineer:1.0
