pchang:1.0
ic:2.09861228866811
sunysb:2.09861228866811
edu:2.09861228866811
pong:1.0
chang:1.0
subject:1.0
comput:1.0
part:1.0
camcord:1.0
nntp:1.0
post:1.0
host:1.0
libws4:1.0
organ:1.0
state:1.0
univers:1.6931471805599454
new:2.386294361119891
york:1.6931471805599454
stoni:1.6931471805599454
brook:1.6931471805599454
line:1.0
21:1.0
articl:1.0
c4z2cf:1.0
2n6:1.0
cscn:1.6931471805599454
com:1.6931471805599454
zardox:1.0
randi:1.0
neal:1.0
write:1.0
5:1.6931471805599454
25:1.0
1:1.6931471805599454
2mb:1.0
3:1.0
44:1.0
drive:2.386294361119891
plan:1.0
build:1.0
machin:1.0
ran:1.0
fund:1.0
30:1.0
00:1.6931471805599454
carl:1.0
brand:1.0
document:2.09861228866811
go:1.0
40:2.09861228866811
ship:1.0
pay:1.0
floppi:1.6931471805599454
also:1.0
need:1.0
instal:1.0
thing:1.0
idiot:1.0
proof:1.0
advic:1.0
c:1.0
ommon:1.0
tpchang:1.0
en:1.0
tstate:1.0
e:1.0
ngineer:1.0
