tran:1.6931471805599454
f18sunn:1.0
nwc:1.0
navi:1.0
mil:1.0
tri:1.6931471805599454
subject:1.0
info:2.09861228866811
ultrastor:1.6931471805599454
hd:1.0
control:2.09861228866811
want:1.0
organ:1.0
nawc:1.0
line:1.6931471805599454
9:1.0
hi:1.0
netter:1.0
anyon:1.0
know:1.0
especi:1.0
interest:1.0
14f:1.0
34f:1.0
scsi:1.0
plea:1.0
email:1.0
asap:1.0
build:1.0
system:1.0
one:1.0
conpon:1.0
miss:1.0
thank:1.0
