craig:2.09861228866811
landgraf:2.386294361119891
f88:1.6931471805599454
n106:1.6931471805599454
z1:1.6931471805599454
fidonet:2.09861228866811
org:1.6931471805599454
subject:1.0
new:1.6931471805599454
cd:2.386294361119891
disk:2.386294361119891
line:1.0
26:1.0
user:1.0
commerci:1.0
ad:1.0
alot:1.0
cdrom:1.0
interest:1.0
purchas:1.0
plea:1.0
download:1.6931471805599454
list:2.386294361119891
mention:1.0
night:1.0
owl:1.0
v8:1.0
0:1.6931471805599454
35:1.0
00:1.0
file:1.0
cdromcat:1.0
zip:1.0
freq:1.0
magic:1.0
name:1.0
catalog:1.0
buckwheat:1.0
pleasur:1.0
dome:1.0
713:1.6931471805599454
855:1.6931471805599454
1701:1.6931471805599454
internet:1.0
usenet:1.0
p2:1.0
podnet:1.0
93:1.0
9008:1.0
5:1.0
1:1.6931471805599454
106:1.0
88:1.0
itcnet:1.0
85:1.0
841:1.0
803:1.0
kinknet:1.0
69:1.0
1700:1.0
3:1.0
sganet:1.0
30:1.0
301:1.0
bb:1.0
number:1.0
p:1.0
send:1.0
email:1.0
home:1.0
address:1.0
mail:1.0
hous:1.0
12:1.0
page:1.0
long:1.0
comput:1.0
call:1.0
get:1.0
faster:1.0
