reidg:1.6931471805599454
pac:1.6931471805599454
pha:1.6931471805599454
pa:1.6931471805599454
u:1.6931471805599454
reid:1.6931471805599454
goldsborough:1.6931471805599454
subject:1.0
new:1.0
softwar:1.6931471805599454
sale:2.6094379124341005
keyword:1.6931471805599454
distribut:1.0
na:1.0
organ:1.0
philadelphia:1.6931471805599454
area:1.0
comput:1.0
societi:1.6931471805599454
line:1.0
34:1.0
program:2.09861228866811
includ:2.6094379124341005
complet:1.0
print:1.0
manual:1.0
registr:1.0
card:1.0
need:1.0
get:1.0
rid:1.0
excess:1.0
latest:1.0
version:1.0
price:2.09861228866811
le:1.6931471805599454
half:1.0
list:2.6094379124341005
significantli:1.0
cheapest:1.0
mail:1.0
order:1.0
around:1.0
microsoft:1.0
entertain:1.0
pack:1.0
volum:1.0
one:1.0
eight:1.0
differ:1.6931471805599454
window:1.6931471805599454
base:1.6931471805599454
game:1.0
tetri:1.0
taipei:1.0
minesweep:1.0
tictact:1.0
golf:1.0
cruel:1.0
peg:1.0
idlewild:1.0
49:1.6931471805599454
20:1.0
joke:2.9459101490553135
1:1.6931471805599454
0:1.6931471805599454
databas:1.6931471805599454
wordstar:1.0
quickli:1.6931471805599454
find:1.6931471805599454
mani:1.0
occas:1.0
use:1.0
busi:1.0
writer:1.0
speechwrit:1.0
present:1.6931471805599454
other:1.6931471805599454
2:1.6931471805599454
800:1.0
250:1.0
topic:1.0
search:1.0
author:1.0
25:1.6931471805599454
humor:1.0
processor:1.0
02:1.0
do:1.0
requir:1.0
384:1.0
kb:1.0
ram:1.0
along:1.0
thousand:1.0
categor:1.0
also:1.0
onlin:1.0
tutori:1.0
write:1.0
proven:1.0
comedi:1.0
forumula:1.0
99:1.0
45:1.0
histori:1.0
world:1.0
multimedia:1.0
cd:1.0
rom:1.0
cover:1.0
cave:1.0
record:1.0
famou:1.0
speech:1.0
churchhil:1.0
gandi:1.0
795:1.0
160:1.0
interest:1.0
plea:1.0
phone:1.0
215:1.0
885:1.0
7446:1.0
save:1.0
packag:1.0
