fierro:2.386294361119891
ut:2.09861228866811
amdahl:2.09861228866811
com:1.6931471805599454
doug:1.6931471805599454
subject:1.0
squaw:1.6931471805599454
lift:1.6931471805599454
ticket:2.09861228866811
avail:1.0
32:1.0
distribut:1.0
ba:1.0
organ:1.0
corpor:1.0
sunnyval:1.0
ca:1.0
line:1.0
14:1.0
post:1.0
friend:1.0
tinterest:1.0
parti:1.0
call:1.0
john:1.0
408:1.6931471805599454
522:1.0
1904:1.0
tinform:1.0
three:1.0
good:1.0
anytim:1.0
season:1.0
valley:1.0
ski:1.0
resort:1.0
system:1.0
softwar:1.0
case:1.0
tool:1.0
develop:1.0
746:1.0
7102:1.0
