robm:1.6931471805599454
ataraxia:1.6931471805599454
berkeley:2.791759469228055
edu:2.09861228866811
rob:1.6931471805599454
mcnichola:1.6931471805599454
subject:1.0
sale:1.6931471805599454
1984:1.6931471805599454
toyota:2.09861228866811
pickup:1.6931471805599454
2800:1.6931471805599454
organ:1.0
technic:1.6931471805599454
comput:1.6931471805599454
servic:1.6931471805599454
u:1.6931471805599454
c:2.386294361119891
ca:1.6931471805599454
line:1.0
26:1.0
distribut:1.0
nntp:1.0
post:1.0
host:1.0
plea:2.09861228866811
respond:1.6931471805599454
directli:1.6931471805599454
account:1.6931471805599454
blue:1.0
truck:1.0
white:1.0
blazer:1.0
topper:1.0
fm:1.0
casett:1.0
cruis:1.0
control:1.0
great:1.0
camp:1.0
trip:1.0
new:1.0
brake:1.6931471805599454
master:1.0
cylind:1.0
michelin:1.0
tire:1.0
shock:1.0
mainten:1.0
free:1.0
batteri:1.0
clutch:1.0
windshield:1.0
wiper:1.0
well:1.0
maintain:1.0
part:1.0
repair:1.0
done:1.0
dealer:1.0
littl:1.0
rust:1.0
bodi:1.0
good:1.0
shape:1.0
126k:1.0
mile:1.0
ask:1.0
interest:1.0
contact:1.0
ursula:1.0
fritsch:1.0
umf:1.0
gene:1.0
com:1.0
415:1.0
347:1.0
6813:1.0
ee:1.0
eec:1.0
voic:1.0
510:1.6931471805599454
642:1.0
8633:1.0
fax:1.0
643:1.0
7846:1.0
