mmm:1.0
cup:1.0
portal:1.6931471805599454
com:1.0
mark:1.0
robert:1.0
thorson:1.0
subject:1.0
metal:1.0
powder:1.0
steel:1.0
iron:1.0
organ:1.0
system:1.0
tm:1.0
line:1.0
4:1.0
love:1.0
post:1.0
ex:1.0
soviet:1.0
union:1.0
among:1.0
car:1.0
dinett:1.0
set:1.0
video:1.0
camera:1.0
etc:1.6931471805599454
everi:1.0
ad:1.0
pop:1.0
bee:1.0
venom:1.0
red:1.0
oxid:1.0
mercuri:1.0
cobalt:1.0
100:1.0
ton:1.0
minimum:1.0
order:1.0
garag:1.0
sale:1.0
russia:1.0
