reidg:1.6931471805599454
pac:1.6931471805599454
pha:1.6931471805599454
pa:1.6931471805599454
u:1.6931471805599454
reid:1.6931471805599454
goldsborough:1.6931471805599454
subject:1.0
word:3.0794415416798357
process:2.09861228866811
util:2.09861228866811
sale:3.4849066497880004
keyword:1.0
softwar:1.0
distribut:1.0
na:1.0
organ:1.0
philadelphia:1.6931471805599454
area:1.0
comput:1.0
societi:1.0
line:1.0
60:1.0
includ:1.6931471805599454
complet:1.0
print:1.0
manual:1.6931471805599454
registr:1.0
card:1.0
need:1.6931471805599454
get:1.0
rid:1.0
excess:1.0
latest:1.0
version:1.6931471805599454
price:2.09861228866811
program:1.6931471805599454
le:2.09861228866811
half:1.0
list:3.4849066497880004
significantli:1.0
cheapest:1.0
mail:1.0
order:1.0
around:1.0
grammatik:1.6931471805599454
5:2.6094379124341005
window:2.9459101490553135
top:2.386294361119891
rate:1.6931471805599454
grammar:3.1972245773362196
checker:2.791759469228055
help:1.6931471805599454
improv:1.6931471805599454
write:2.386294361119891
correct:2.791759469228055
usag:2.09861228866811
mistak:1.6931471805599454
own:1.6931471805599454
wordperfect:1.6931471805599454
99:2.09861228866811
45:2.09861228866811
do:2.6094379124341005
2:2.09861228866811
0:2.791759469228055
notch:1.6931471805599454
wordstar:2.09861228866811
119:2.386294361119891
4:1.0
40:1.0
1:2.791759469228055
onlin:2.386294361119891
tip:1.0
use:2.09861228866811
punctuat:1.0
capit:1.0
compound:1.0
numer:1.0
bibliographi:1.0
footnot:1.0
59:1.6931471805599454
25:1.6931471805599454
random:2.09861228866811
hous:2.09861228866811
webster:1.6931471805599454
electron:1.6931471805599454
dictionari:2.386294361119891
thesauru:2.6094379124341005
unlik:1.0
spell:1.0
provid:1.0
definit:1.6931471805599454
sure:1.0
mean:1.0
also:1.0
larger:1.0
processor:1.0
find:1.0
right:1.0
55:2.09861228866811
function:1.0
finder:1.0
plu:1.0
huge:1.0
one:1.6931471805599454
million:1.0
synonym:1.0
encyclopedia:2.386294361119891
02:1.0
without:1.0
cd:1.0
rom:1.0
drive:1.0
easier:1.0
expens:1.0
book:1.0
base:1.6931471805599454
take:1.0
mb:1.0
hard:1.0
disk:1.0
space:1.0
headlin:1.6931471805599454
databas:1.0
great:2.09861228866811
advertis:1.6931471805599454
proverb:1.0
idiom:1.0
song:1.0
titl:1.6931471805599454
movi:1.0
copywrit:1.0
newspap:1.0
editor:1.0
other:1.0
tri:1.0
come:1.0
catchi:1.0
phrase:1.0
195:1.0
90:1.0
writer:1.0
toolkit:1.0
amaz:1.0
collect:1.0
seven:1.0
differ:1.0
packag:1.6931471805599454
quotat:1.0
abbrevi:1.0
guid:1.0
129:1.0
65:1.0
interest:1.0
plea:1.0
phone:1.0
215:1.0
885:1.0
7446:1.0
save:1.0
