murli:2.791759469228055
bobcat:1.6931471805599454
ent:2.09861228866811
ohiou:2.09861228866811
edu:2.09861228866811
ramakrishnan:1.0
ise:1.0
subject:1.0
zeo:2.386294361119891
daughterboard:2.09861228866811
upgrad:1.6931471805599454
386:2.09861228866811
25:2.6094379124341005
sale:1.0
trade:1.0
organ:1.0
colleg:1.0
engg:1.0
tech:1.0
ohio:2.09861228866811
univers:1.6931471805599454
athen:1.6931471805599454
line:1.0
15:1.0
hi:1.0
folk:1.0
ti:1.0
daughter:1.0
board:1.0
want:1.0
486:2.09861228866811
33:1.6931471805599454
send:1.0
mail:1.6931471805599454
offer:1.0
t1:1.0
sell:1.0
t2:1.0
will:1.0
buy:1.0
thank:1.0
ram:1.0
cubix:1.0
next:1.0
