dtmedin:2.386294361119891
catbyt:2.386294361119891
b30:2.386294361119891
ingr:2.386294361119891
com:2.09861228866811
dave:1.6931471805599454
medin:1.6931471805599454
subject:1.0
pressur:1.6931471805599454
meter:2.386294361119891
repli:1.0
organ:1.0
intergraph:1.6931471805599454
corpor:1.0
huntsvil:1.6931471805599454
al:1.6931471805599454
line:1.0
21:1.0
heis:1.0
model:1.0
710a:1.0
precis:1.0
4:1.0
1:1.0
2:1.0
digit:1.0
measur:1.0
0:1.0
15:1.0
psi:1.6931471805599454
absolut:1.0
001:1.0
increment:1.0
case:1.0
extrem:1.0
good:1.0
shape:1.0
use:2.09861228866811
stand:1.0
alon:1.0
panel:1.0
mount:1.0
brass:1.0
fit:1.0
look:1.6931471805599454
like:1.6931471805599454
standard:1.0
3:1.0
8:1.0
back:1.0
oper:1.0
110:1.0
vac:1.0
50:1.0
make:1.0
offer:1.0
lot:1.0
lab:1.0
ersatz:1.0
baromet:1.0
tphone:1.0
205:1.6931471805599454
730:1.0
3169:1.0
w:1.0
ssd:1.0
network:1.0
837:1.0
1174:1.0
h:1.0
corp:1.0
gd3004:1.0
tinternet:1.0
35894:1.0
tuucp:1.0
uunet:1.0
everywher:1.0
least:1.0
around:1.0
offic:1.0
opinion:1.0
express:1.0
mine:1.0
machin:1.0
