broder:2.09861228866811
src:1.6931471805599454
dec:2.09861228866811
com:1.6931471805599454
andrei:1.6931471805599454
subject:1.0
squaw:1.0
lift:1.6931471805599454
ticket:1.6931471805599454
avail:1.0
32:1.0
repli:1.0
organ:1.0
system:1.0
research:1.0
center:1.0
distribut:1.0
ba:1.0
line:1.6931471805599454
9:1.0
midweek:1.0
34:1.0
25:1.0
start:1.0
last:1.0
week:1.6931471805599454
april:1.0
mayb:1.0
first:1.0
may:1.0
way:1.0
current:1.0
condit:1.0
apr:1.0
12:1.0
13:1.0
great:1.0
spring:1.0
ski:1.0
excel:1.0
coverag:1.0
stuff:1.0
open:1.0
