aboyko:1.6931471805599454
dixi:2.09861228866811
com:1.6931471805599454
andrew:1.6931471805599454
boyko:1.6931471805599454
subject:1.0
sega:1.6931471805599454
genesi:1.6931471805599454
sale:1.0
w:1.0
sonic:1.6931471805599454
1:1.6931471805599454
2:1.6931471805599454
organ:1.0
commun:1.0
public:1.0
access:1.0
mouth:1.0
south:1.0
line:1.0
8:1.0
4:1.0
month:1.0
old:1.0
bare:1.0
use:1.0
one:1.0
control:1.0
origin:1.0
box:1.0
130:1.0
get:1.0
whole:1.0
bundl:1.0
ship:1.0
turn:1.0
addict:1.0
anyway:1.0
mail:1.0
interest:1.0
marvel:1.0
modern:1.0
technolog:1.0
