alai:1.0
balboa:1.6931471805599454
eng:1.6931471805599454
uci:1.6931471805599454
edu:1.6931471805599454
anthoni:1.0
lai:1.6931471805599454
subject:1.0
sale:1.6931471805599454
3:2.386294361119891
softwar:2.386294361119891
packag:1.6931471805599454
pcanywher:1.6931471805599454
antiviru:1.6931471805599454
deltagraph:1.6931471805599454
nntp:1.0
post:1.0
host:1.6931471805599454
organ:1.0
univers:1.0
california:1.0
irvin:1.0
line:1.0
28:1.0
hello:1.0
three:1.0
1:2.386294361119891
norton:1.6931471805599454
version:1.6931471805599454
4:1.0
5:1.0
do:2.09861228866811
includ:1.0
remot:1.0
control:1.0
window:2.09861228866811
standard:1.0
enhanc:1.0
mode:1.0
activ:1.0
registr:2.09861228866811
card:2.09861228866811
enclos:2.09861228866811
price:2.386294361119891
40:1.6931471805599454
00:2.386294361119891
2:1.6931471805599454
updat:1.0
viru:1.0
inform:1.0
time:1.0
also:1.0
support:1.0
network:1.0
profession:1.0
best:1.0
graphic:1.0
present:1.0
program:1.0
ever:1.0
seen:1.0
reg:1.0
495:1.0
150:1.0
thank:1.0
attent:1.0
tanthoni:1.0
