thssgkg:1.6931471805599454
iitmax:1.6931471805599454
iit:1.6931471805599454
edu:1.6931471805599454
gulshan:1.6931471805599454
k:1.0
garg:1.6931471805599454
subject:1.0
fax:2.09861228866811
modem:2.09861228866811
card:2.09861228866811
want:1.0
keyword:1.0
organ:1.0
illinoi:1.0
institut:1.0
technolog:1.0
academ:1.0
comput:1.0
center:1.0
distribut:1.0
chi:1.0
line:1.0
8:1.0
look:1.0
inexpens:1.0
pc:1.0
one:1.0
sell:1.0
plea:1.0
e:1.0
mail:1.0
312:1.0
942:1.0
1977:1.0
h:1.0
