ginkgo:1.6931471805599454
ecsvax:1.0
uncec:1.6931471805599454
edu:1.6931471805599454
j:1.0
geari:1.6931471805599454
morton:1.6931471805599454
subject:1.0
ti:2.386294361119891
95:2.386294361119891
procalc:2.386294361119891
modul:2.09861228866811
sale:1.0
organ:1.0
unc:1.0
educ:1.0
comput:1.0
servic:1.0
line:1.0
17:1.0
texa:2.09861228866811
instrument:2.09861228866811
new:2.09861228866811
box:2.09861228866811
w:2.386294361119891
manual:2.09861228866811
also:1.0
statist:1.0
librari:1.0
chemic:1.0
engin:1.0
100:1.0
00:1.0
ship:1.0
contact:1.0
phone:1.0
919:1.6931471805599454
851:1.0
6565:1.0
h:1.0
549:1.0
7017:1.0
