rsjoyc:2.386294361119891
eo:2.6094379124341005
ncsu:2.386294361119891
edu:2.386294361119891
roger:2.09861228866811
stephen:1.6931471805599454
joyc:1.6931471805599454
subject:1.0
mac:1.0
monitor:2.09861228866811
want:2.09861228866811
origin:1.0
c00402:1.0
346dan:1.0
repli:1.0
organ:1.0
north:1.0
carolina:1.0
state:1.0
univers:1.0
project:1.0
line:1.0
11:1.0
color:1.0
14:1.0
suitabl:1.0
use:1.6931471805599454
macintosh:1.0
centri:1.0
610:1.0
plan:1.0
purchas:1.0
one:2.09861228866811
machin:1.0
soon:1.0
pay:1.0
full:1.0
price:1.6931471805599454
new:1.0
well:1.0
like:1.0
part:1.0
plea:1.0
email:1.0
spec:1.0
thank:1.0
