subject:1.0
monitor:1.6931471805599454
mike:2.6094379124341005
damico:2.6094379124341005
cccbb:1.6931471805599454
uucp:1.6931471805599454
repli:1.0
distribut:1.0
world:1.0
organ:1.0
cincinnati:1.6931471805599454
comput:1.0
connect:1.0
oh:1.0
513:1.0
752:1.0
1055:1.0
line:1.0
2:1.0
traci:1.0
way:1.0
