ctd2t:1.0
virginia:1.6931471805599454
edu:1.0
chri:1.6931471805599454
dong:1.0
subject:1.0
want:1.0
memphi:1.6931471805599454
sublet:1.0
organ:1.0
univers:1.0
line:1.0
6:1.0
non:1.0
smoke:1.0
normal:1.0
law:1.0
student:1.0
need:1.0
furnish:1.0
place:1.0
live:1.0
summer:1.0
work:1.0
firm:1.0
downtown:1.0
pas:1.0
bar:1.0
charact:1.0
examin:1.0
worri:1.0
stuff:1.0
broken:1.0
stolen:1.0
call:1.0
804:1.0
979:1.0
2519:1.0
leav:1.0
e:1.0
mail:1.0
