yuanchi:1.0
aludra:1.6931471805599454
usc:1.6931471805599454
edu:1.6931471805599454
roger:1.0
hsu:1.0
subject:1.0
14:2.09861228866811
4k:1.0
fax:2.386294361119891
modem:1.0
sale:1.6931471805599454
organ:1.0
univers:1.0
southern:1.0
california:1.0
lo:1.0
angel:1.0
ca:1.0
line:1.0
28:1.0
nntp:1.0
post:1.0
host:1.0
slightli:1.0
use:1.0
le:1.0
two:1.0
month:1.0
old:1.0
suprafaxmodem:1.6931471805599454
come:1.0
latest:1.0
rom:1.0
1:1.6931471805599454
2h:1.0
commun:1.0
softwar:1.6931471805599454
origin:1.6931471805599454
manual:1.0
registr:1.0
card:1.0
spec:1.0
model:1.0
supfaxv32bi:1.0
descript:1.0
v:3.4849066497880004
32bi:1.6931471805599454
type:1.0
intern:1.0
data:2.09861228866811
speed:1.0
400:1.6931471805599454
12:1.6931471805599454
000:1.6931471805599454
9600:1.6931471805599454
7200:1.6931471805599454
4800:1.6931471805599454
2400:1.6931471805599454
1200:1.0
300:1.0
bp:1.6931471805599454
upto:1.0
57000bp:1.0
42:1.6931471805599454
compress:1.0
protocol:1.0
bell:1.0
103:1.0
212a:1.0
ccit:1.0
21:1.0
22:1.0
22bi:1.0
32:1.0
42bi:1.0
mnp:1.6931471805599454
2:1.6931471805599454
5:1.0
10:1.0
send:1.0
receiv:1.0
class:1.0
commnad:1.0
group:1.0
iii:1.0
compat:1.0
transmiss:1.0
17:1.0
29:1.0
27ter:1.0
tnon:1.0
volatil:1.0
memori:1.0
autoansw:1.0
autodi:1.0
tone:1.0
pul:1.0
textend:1.0
command:1.0
result:1.0
code:1.0
includ:1.0
diagnost:1.0
tphone:1.0
jack:1.0
subscript:1.0
free:1.0
onlin:1.0
servic:1.0
t5:1.0
year:1.0
warranti:1.0
ask:1.0
180:1.0
neg:1.0
h:1.0
interest:1.0
plea:1.0
e:1.0
mail:1.0
thank:1.0
