tsen0001:1.0
student:1.6931471805599454
tc:1.6931471805599454
umn:1.6931471805599454
edu:1.6931471805599454
maoee:1.0
tsen:1.0
1:1.0
subject:1.0
486dx:2.09861228866811
33:2.09861228866811
intel:1.6931471805599454
cpu:1.6931471805599454
chip:2.386294361119891
265:1.6931471805599454
nntp:1.0
post:1.0
host:1.0
organ:1.0
univers:1.0
minnesota:1.0
distribut:1.0
na:1.0
line:1.0
4:1.0
upgrad:1.0
friend:1.0
sale:1.0
first:1.0
u:1.0
ship:1.0
get:1.0
make:1.0
offer:1.0
like:1.0
price:1.0
thank:1.0
