ibeshir:1.0
nyx:1.6931471805599454
c:1.6931471805599454
du:1.0
edu:1.0
ibrahim:1.0
subject:1.0
termin:1.0
forsal:1.0
organ:1.0
public:1.0
access:1.0
unix:1.0
u:1.0
denver:1.0
math:1.0
dept:1.0
line:1.0
1:1.0
