craigb:1.6931471805599454
vccsouth03:1.6931471805599454
rpi:2.09861228866811
edu:2.09861228866811
brian:1.0
craig:1.0
subject:1.0
speaker:1.0
sale:1.6931471805599454
nntp:1.0
post:1.0
host:1.0
organ:1.0
renssela:1.0
polytechn:1.0
institut:1.0
troy:1.0
ny:1.0
line:1.0
22:1.0
tbose:1.0
a5:1.0
subwoof:1.0
1:1.0
month:1.6931471805599454
old:1.6931471805599454
t2:1.0
advent:1.0
mini:1.0
4:1.0
email:1.0
offer:1.0
