ibeshir:1.0
nyx:1.6931471805599454
c:1.6931471805599454
du:1.0
edu:1.0
ibrahim:1.0
subject:1.0
termin:1.6931471805599454
sale:1.0
organ:1.0
public:1.0
access:1.0
unix:1.0
u:1.0
denver:1.0
math:1.0
dept:1.0
distribut:1.0
usa:1.0
line:1.0
5:1.0
vt200:1.0
vt100:1.0
compat:1.0
1200:1.0
extern:1.0
hyess:1.0
modem:1.0
amber:1.0
screen:1.0
101:1.0
keyboard:1.0
cabl:1.0
make:1.0
offer:1.0
0:1.0
