subject:1.0
forsal:1.0
men:2.09861228866811
without:2.09861228866811
hat:2.09861228866811
folk:1.6931471805599454
80:1.6931471805599454
part:2.09861228866811
iii:1.6931471805599454
vinyl:2.09861228866811
andrew:2.386294361119891
tigress:2.09861228866811
equinox:2.09861228866811
gen:2.09861228866811
nz:2.09861228866811
king:1.0
repli:1.0
distribut:1.0
world:1.6931471805599454
organ:1.0
wibbl:1.0
x:1.0
newsread:1.0
tin:1.0
version:1.0
1:1.6931471805599454
pl8:1.0
line:1.0
14:1.0
grin:1.0
evil:1.0
death:1.0
mute:1.0
bigwpi:1.0
wpi:1.0
edu:1.0
wrote:1.0
anyon:1.0
will:1.0
copi:1.0
pop:1.0
goe:1.0
album:1.0
perhap:1.0
cd:1.0
plea:1.6931471805599454
contact:1.0
wish:1.0
purchas:1.0
u:1.0
late:1.0
tea:1.0
lem:1.0
