janson:2.09861228866811
crow:1.6931471805599454
csrv:1.6931471805599454
uidaho:1.6931471805599454
edu:1.6931471805599454
todd:1.6931471805599454
subject:1.0
forsal:1.0
norman:2.386294361119891
rockwel:2.09861228866811
organ:1.0
univers:1.0
idaho:2.09861228866811
moscow:1.6931471805599454
line:1.0
21:1.0
distribut:1.0
world:1.0
nntp:1.0
post:1.6931471805599454
host:1.0
x:1.0
newsread:1.0
tin:1.0
version:1.0
1:1.6931471805599454
pl8:1.0
okay:1.6931471805599454
actual:1.0
sale:1.0
two:1.0
saturday:1.0
even:1.0
illustr:1.0
front:1.0
cover:1.6931471805599454
octob:1.0
29:1.0
1960:1.6931471805599454
candid:1.6931471805599454
kennedi:1.6931471805599454
campaign:1.6931471805599454
obvious:1.0
novemb:1.0
5:1.0
nixon:1.6931471805599454
crook:1.0
good:1.0
condit:1.0
let:1.0
know:1.0
interest:1.0
tune:1.0
group:1.0
