jmu:1.6931471805599454
acpub:2.09861228866811
duke:2.386294361119891
edu:2.09861228866811
joshua:1.0
mostkoff:1.0
unger:1.0
subject:1.0
486sx:1.0
motherboard:2.6094379124341005
case:2.9459101490553135
mous:1.6931471805599454
organ:1.0
univers:1.0
durham:1.0
n:1.0
c:1.0
line:1.0
54:1.0
nntp:1.0
post:1.0
host:1.0
raphael:1.0
hello:1.0
sale:1.0
packag:1.6931471805599454
came:1.0
compuadd:1.6931471805599454
comput:1.0
bought:1.0
last:1.0
august:1.0
present:1.0
upgrad:1.0
spec:1.0
cyrix:1.0
486sl:1.0
25:1.6931471805599454
mhz:1.0
microprocessor:1.0
chip:1.6931471805599454
technolog:1.0
chipset:1.0
scatsx:1.0
v2:1.0
3:2.09861228866811
6:1.0
slslc:1.0
8:1.6931471805599454
simm:1.0
bank:1.0
maximum:1.0
32:1.0
meg:1.6931471805599454
ram:2.09861228866811
built:2.09861228866811
floppi:1.6931471805599454
hard:1.6931471805599454
drive:2.6094379124341005
control:2.791759469228055
port:1.6931471805599454
1:1.6931471805599454
parallel:1.0
2:2.09861228866811
serial:1.0
9:1.0
pin:1.0
paradis:1.0
svga:1.0
window:1.0
driver:1.6931471805599454
inc:1.0
1024x768:1.0
256:1.0
color:2.09861228866811
base:1.0
western:1.0
digit:1.0
wd90c31:1.0
math:1.0
co:1.0
processor:1.0
slot:2.09861228866811
16:1.0
bit:1.6931471805599454
expans:1.6931471805599454
low:1.0
profil:1.0
desktop:1.0
nice:1.0
grey:1.6931471805599454
150:1.0
watt:1.0
power:1.0
suppli:1.0
room:1.0
plu:1.0
hd:1.0
button:1.0
microsoft:1.0
compat:1.0
match:1.0
origin:1.0
manual:1.0
document:1.0
video:2.386294361119891
etc:1.0
includ:2.09861228866811
probabl:1.0
wonder:1.0
must:1.0
sell:1.0
simpli:1.0
custom:1.0
made:1.6931471805599454
particular:1.0
board:2.09861228866811
would:2.09861228866811
press:1.0
fit:1.6931471805599454
anoth:1.0
mb:1.6931471805599454
howev:1.0
go:1.0
togeth:1.0
perfectli:1.0
see:1.0
sinc:1.0
save:1.0
money:1.0
buy:1.0
unit:1.0
need:1.6931471805599454
get:1.0
io:1.6931471805599454
card:2.09861228866811
lot:1.0
conveni:1.0
whole:1.6931471805599454
like:1.0
ask:1.0
500:1.0
think:1.0
fair:1.0
price:1.0
given:1.0
fact:1.0
add:1.0
monitor:1.0
keyboard:1.0
also:1.6931471805599454
keep:1.0
mind:1.0
gener:1.0
entertain:1.0
seriou:1.0
offer:1.0
plea:1.0
email:1.0
thank:1.0
j:1.0
