steveg:1.0
ravel:1.6931471805599454
udel:1.6931471805599454
edu:1.6931471805599454
steven:1.0
n:1.0
gaudino:1.0
subject:1.0
dbase:1.6931471805599454
iv:1.6931471805599454
sale:1.0
price:1.0
drop:1.0
nntp:1.0
post:1.0
host:1.0
organ:1.0
univers:1.0
delawar:1.0
distribut:1.0
usa:1.0
line:1.0
3:1.6931471805599454
ver:1.0
1:1.0
5:1.6931471805599454
disk:1.0
manual:1.0
still:1.0
shrinkwrap:1.0
registr:1.0
materi:1.0
present:1.0
ask:1.0
125:1.0
