danj:1.6931471805599454
iat:1.0
holonet:2.09861228866811
net:1.6931471805599454
dana:1.0
jame:1.0
subject:1.0
trade:1.6931471805599454
14:2.09861228866811
4k:2.09861228866811
modem:2.791759469228055
pc:2.386294361119891
xt:1.6931471805599454
organ:1.0
nation:1.0
internet:1.0
access:1.0
system:1.0
510:1.0
704:1.0
1058:1.0
line:1.6931471805599454
20:1.0
old:1.0
new:1.0
come:1.0
coupond:1.0
good:1.0
travel:1.0
europ:1.0
4:1.6931471805599454
v:2.6094379124341005
42bi:1.6931471805599454
featur:1.0
mnp5:1.0
2:1.6931471805599454
1:1.6931471805599454
compress:1.6931471805599454
error:1.6931471805599454
correct:1.6931471805599454
ccitt:2.09861228866811
32bi:1.0
compat:2.791759469228055
bp:2.09861228866811
32:1.0
9:1.0
6k:1.0
22bi:1.0
command:1.0
set:1.0
ibm:1.0
386:1.0
bundl:1.0
commun:1.0
softwar:1.0
bu:1.0
interfac:1.0
two:1.0
rj11c:1.0
connector:1.0
phone:1.0
e:1.0
mail:1.0
