cow:1.0
eng:1.6931471805599454
umd:1.6931471805599454
edu:1.6931471805599454
thoma:1.0
l:1.0
fortin:1.0
subject:1.0
1992:1.6931471805599454
honda:1.6931471805599454
accord:1.6931471805599454
organ:1.0
project:1.0
glue:1.0
univers:1.0
maryland:1.0
colleg:1.0
park:1.0
line:1.0
11:1.0
distribut:1.0
world:1.0
nntp:1.0
post:1.0
host:1.0
pepsi:1.0
sale:1.0
35:1.0
000:1.6931471805599454
mile:1.6931471805599454
highway:1.0
excel:1.0
condit:1.0
white:1.0
ex:1.0
model:1.0
load:1.0
15:1.0
best:1.0
offer:1.0
call:1.0
tom:1.0
201:1.6931471805599454
653:1.0
0638:1.0
h:1.0
795:1.0
5636:1.0
w:1.0
