danj:1.6931471805599454
iat:1.0
holonet:2.09861228866811
net:1.6931471805599454
dana:1.0
jame:1.0
subject:1.0
trade:1.0
14:1.0
4k:1.0
modem:1.0
pc:1.0
xt:1.0
organ:1.0
nation:1.0
internet:1.0
access:1.0
system:1.0
line:1.0
5:1.0
email:1.0
repli:1.0
