sandy47:1.0
cat:1.0
ucsc:1.6931471805599454
edu:1.6931471805599454
subject:1.0
wargam:2.386294361119891
magazin:2.9459101490553135
forsal:1.0
organ:1.0
univers:1.0
california:1.0
santa:1.6931471805599454
cruz:1.6931471805599454
line:1.0
107:1.0
distribut:1.0
usa:1.0
nntp:1.0
post:1.0
host:1.0
si:1.0
discount:1.0
plea:1.0
take:1.6931471805599454
2:1.6931471805599454
00:4.58351893845611
item:1.6931471805599454
10:2.09861228866811
1:2.386294361119891
5:2.6094379124341005
list:1.0
includ:2.6094379124341005
ask:1.0
price:1.6931471805599454
strategi:1.0
tactic:1.0
unpunch:1.6931471805599454
game:2.791759469228055
new:2.6094379124341005
52:1.6931471805599454
79:1.6931471805599454
90:1.6931471805599454
mail:1.6931471805599454
inclus:1.6931471805599454
issu:2.9459101490553135
ttitl:2.386294361119891
task:2.386294361119891
toil:1.0
war:1.6931471805599454
american:1.0
intervent:1.0
persian:1.0
gulf:1.6931471805599454
t35:1.0
tberlin:1.0
85:1.0
enemi:1.0
gate:1.0
t20:2.791759469228055
81:2.386294361119891
ttito:1.0
partisan:1.0
armi:1.0
yugoslavia:1.0
1941:1.6931471805599454
45:1.0
83:1.0
tkaiser:1.0
battl:2.386294361119891
german:2.09861228866811
offens:2.09861228866811
march:1.0
1918:1.0
84:1.0
toper:1.0
grenad:1.0
rhineland:1.0
feb:1.0
23:1.0
mar:1.0
1945:1.0
89:1.0
tsicili:1.0
race:1.0
messina:1.0
jul:1.0
aug:1.0
17:1.0
1943:1.0
tthe:2.386294361119891
monmouth:1.0
coloni:1.0
1778:1.0
end:1.0
era:1.0
113:1.6931471805599454
127:1.6931471805599454
envelop:1.0
abensberg:1.0
t15:3.4849066497880004
115:1.0
kanev:1.0
russian:1.6931471805599454
paratroop:1.0
116:1.0
tmanchu:1.0
taip:1.0
rebellion:1.0
117:1.0
tnorth:1.0
plain:1.0
modern:1.0
germani:1.0
118:1.0
tiger:1.0
burn:1.0
camp:1.0
ukrain:1.0
43:1.6931471805599454
44:1.0
120:1.0
tnicararagua:1.0
122:1.0
tpegasu:1.0
bridg:1.0
begin:1.0
day:1.0
123:1.0
tcampaign:1.0
valley:1.0
124:1.0
tfortress:1.6931471805599454
stalingrad:1.6931471805599454
winter:1.0
42:1.0
125:1.0
far:1.0
sea:1.0
cruiser:1.0
oper:1.0
wwii:1.0
126:1.0
tbeirut:1.0
1982:1.0
arab:1.0
trush:1.0
glori:1.0
mexico:1.0
1846:1.0
47:1.0
ah:1.0
gener:1.0
mani:1.6931471805599454
articl:1.6931471805599454
vol:1.0
7:1.0
80:1.6931471805599454
crescendo:1.0
doom:1.6931471805599454
8:2.9459101490553135
t17:2.386294361119891
11:1.0
europa:1.0
t8:2.386294361119891
4:1.6931471805599454
tcircu:1.0
maximu:1.0
3:1.0
tstalingra:1.0
6:1.0
tbismark:1.0
squad:1.0
leader:1.6931471805599454
clinic:1.0
t18:1.0
campaign:1.0
97:1.0
tcrescendo:1.0
101:1.0
tcross:1.0
iron:1.0
102:1.0
tcounterstrok:1.0
inchon:1.0
104:1.0
tsquad:1.0
variant:1.0
106:1.0
tgdw:1.0
108:1.0
leyt:1.0
postag:1.0
like:1.0
condit:1.0
book:2.09861228866811
yaquinto:1.0
public:1.0
inc:1.0
attack:1.0
mutant:1.0
introductori:1.6931471805599454
complet:1.6931471805599454
print:1.0
30:1.0
author:1.0
jon:1.0
freeman:1.0
part:1.0
introduct:1.0
75:1.0
page:1.6931471805599454
tinclud:1.0
ch:1.0
kassala:1.0
inform:1.0
150:1.0
1980:1.0
hardcov:1.0
285:1.0
larg:1.0
format:1.0
ship:1.6931471805599454
extra:1.0
prefer:1.0
money:1.0
order:1.0
payment:1.0
allow:1.0
person:1.0
check:1.0
clear:1.0
tlarri:1.0
larri:1.0
mcelhiney:1.0
1385:1.0
7th:1.0
avenu:1.0
ca:1.0
95062:1.0
408:1.6931471805599454
426:1.0
5858:1.0
x:1.0
358:1.0
w:1.0
475:1.0
8027:1.0
h:1.0
