suraj:2.6094379124341005
apollo:1.0
c:2.386294361119891
jhu:2.09861228866811
edu:2.09861228866811
surendrakumar:1.0
subject:1.0
10:2.6094379124341005
month:2.6094379124341005
old:2.386294361119891
polk:2.09861228866811
speaker:2.6094379124341005
sale:2.386294361119891
organ:1.0
john:1.0
hopkin:1.0
univers:1.0
depart:1.0
distribut:1.0
usa:1.0
line:1.0
17:1.0
system:1.6931471805599454
excel:2.6094379124341005
condit:2.09861228866811
proof:1.0
avail:1.0
monitor:1.0
4:1.0
6:1.0
bookshelf:1.6931471805599454
offer:2.6094379124341005
sound:1.0
great:1.0
go:1.0
higher:1.0
model:1.0
need:1.0
sell:1.0
paid:1.6931471805599454
250:1.0
pair:1.0
will:1.0
consid:1.6931471805599454
best:2.09861228866811
send:1.0
e:1.6931471805599454
mail:1.6931471805599454
also:1.0
luxman:1.0
receiv:1.6931471805599454
r:1.0
351:1.0
onkyo:1.0
tape:1.6931471805599454
deck:1.6931471805599454
ta:1.0
rw404:1.0
make:1.0
950:1.0
back:1.0
piec:1.0
sold:1.0
seper:1.0
want:1.0
