jonathan:2.09861228866811
comp:1.6931471805599454
lanc:2.09861228866811
ac:1.6931471805599454
uk:2.6094379124341005
mr:1.0
j:1.6931471805599454
trevor:1.0
subject:1.0
genesi:2.09861228866811
megadr:1.6931471805599454
game:2.386294361119891
sale:1.6931471805599454
trade:1.6931471805599454
organ:1.0
depart:1.6931471805599454
comput:1.6931471805599454
lancast:2.09861228866811
univers:1.6931471805599454
line:1.0
23:1.0
follow:1.0
md:1.0
sne:1.0
work:1.0
u:2.09861228866811
machin:1.0
50:1.0
60hz:1.0
except:1.0
state:1.0
box:1.0
instruct:1.0
warrior:1.0
etern:1.0
sun:1.0
outland:1.0
death:1.0
duel:1.0
chakan:1.0
forev:1.0
man:1.0
wonder:1.0
boy:1.0
monster:1.0
land:1.0
senna:1.0
super:1.0
monaco:1.0
gp:1.0
2:1.0
50hz:1.0
ill:1.0
accept:1.0
sterl:1.0
make:1.0
offer:1.0
cheer:1.0
onathan:1.0
phone:1.0
44:1.6931471805599454
524:1.6931471805599454
65201:1.0
x3793:1.0
address:1.0
fax:1.0
381707:1.0
e:1.0
mail:1.0
k:1.0
