hall:2.09861228866811
rebecca:1.6931471805599454
rpi:2.386294361119891
edu:2.09861228866811
ezra:1.0
b:1.0
subject:1.0
test:1.6931471805599454
instrument:2.09861228866811
sale:2.09861228866811
keyword:1.0
meter:1.0
power:2.09861228866811
suppli:1.6931471805599454
oscilloscop:1.6931471805599454
storag:1.6931471805599454
display:1.6931471805599454
articl:1.0
wss5lqm:1.0
line:1.0
24:1.0
nntp:1.0
post:1.0
host:1.0
follow:1.0
longer:1.0
sold:1.0
textron:2.09861228866811
type:1.0
611:1.0
screen:1.0
dim:1.0
6:1.0
5:2.386294361119891
x8:1.0
tm503:1.0
base:1.6931471805599454
three:1.0
pg502:1.0
250mhz:1.0
pul:1.0
gener:1.6931471805599454
6289a:1.0
adj:1.0
dc:1.0
0:1.6931471805599454
40volt:1.0
1:2.386294361119891
amp:1.0
keithley:1.0
picoammet:1.0
3:1.6931471805599454
analog:1.6931471805599454
2:1.6931471805599454
digit:1.6931471805599454
panal:1.6931471805599454
mount:1.6931471805599454
voltmet:1.6931471805599454
still:1.0
hewlett:1.0
packard:1.0
180a:1.0
180aa:1.0
four:1.0
channel:1.0
50:1.0
mhz:1.0
vertic:1.0
amplifi:1.0
1822a:1.0
time:1.0
delay:1.0
best:1.0
offer:1.6931471805599454
300:1.0
4:1.0
vdc:1.0
model:1.0
an2574:1.0
1x3p:1.0
dimens:1.0
55:1.0
ship:1.0
reason:1.0
accept:1.0
plea:1.0
respond:1.0
e:1.6931471805599454
mail:1.6931471805599454
phone:1.6931471805599454
518:1.0
276:1.0
7382:1.0
