cthulhu:1.0
mosquito:1.6931471805599454
ci:2.09861228866811
ufl:1.6931471805599454
edu:1.6931471805599454
mark:1.0
kupper:1.0
subject:1.0
comic:2.6094379124341005
sale:1.0
organ:1.0
univ:1.0
florida:1.0
dept:1.0
line:1.0
59:1.0
nntp:1.0
post:1.0
host:1.0
want:1.0
get:1.0
rid:1.0
alot:1.0
sell:1.0
30:1.6931471805599454
overstreet:1.0
price:1.0
guid:1.6931471805599454
condit:1.0
arion:1.0
1:4.044522437723423
batman:1.0
detect:1.0
480:1.0
vf:2.791759469228055
nm:3.0794415416798357
contest:2.09861228866811
champion:2.09861228866811
2:2.386294361119891
3:2.386294361119891
crystar:1.0
daredevil:1.6931471805599454
181:1.6931471805599454
elektra:1.0
die:1.0
186:1.0
fantast:1.0
four:1.0
52:1.0
1st:2.09861228866811
app:2.09861228866811
black:1.0
panther:1.0
f:2.6094379124341005
g:1.0
joe:1.0
hercul:1.0
incred:1.0
hulk:1.0
wolverin:2.6094379124341005
krypton:1.0
chronicl:1.0
man:1.6931471805599454
thing:1.6931471805599454
5:1.6931471805599454
marvel:2.9459101490553135
age:1.6931471805599454
dc:1.0
present:1.0
x:2.6094379124341005
men:2.791759469228055
new:2.791759469228055
teen:1.6931471805599454
titan:1.6931471805599454
graphic:1.0
novel:1.0
4:2.09861228866811
mutant:2.386294361119891
collect:1.0
team:1.6931471805599454
95:1.0
master:1.0
kung:1.0
fu:1.0
90:1.0
micronaut:1.6931471805599454
king:1.0
size:1.0
annual:1.0
copi:1.6931471805599454
omega:1.0
red:1.0
sonja:1.0
ripley:1.0
believ:1.0
true:1.0
war:1.0
strori:1.0
rom:1.6931471805599454
spaceknight:1.6931471805599454
8:1.0
secret:1.0
societi:1.0
super:1.6931471805599454
villain:1.6931471805599454
peter:1.0
parker:1.0
spectacular:1.0
spiderman:1.6931471805599454
44:1.0
amaz:1.0
188:1.0
star:1.0
trek:1.0
classic:1.0
origin:1.0
galactu:1.0
uncanni:1.0
tale:1.0
33:1.0
publish:1.0
file:1.0
vision:1.0
scarlet:1.0
witch:1.0
aveng:1.0
never:1.0
limit:2.386294361119891
seri:2.386294361119891
25:1.0
26:1.0
34:1.0
