rtwalker:1.0
magnu:1.6931471805599454
ac:1.6931471805599454
ohio:2.09861228866811
state:2.09861228866811
edu:1.6931471805599454
robert:1.0
walker:1.0
subject:1.0
memori:1.6931471805599454
keyword:1.0
simm:1.6931471805599454
hard:1.6931471805599454
drive:1.6931471805599454
nntp:1.0
post:1.6931471805599454
host:1.0
magnusug:1.0
organ:1.0
univers:1.0
distribut:1.0
oh:1.0
line:1.0
11:1.0
howdi:1.0
friend:1.6931471805599454
repli:1.0
1x9:1.0
sale:1.0
8mb:1.0
250:1.6931471805599454
4mb:1.0
125:1.0
also:1.0
conner:1.0
170mb:1.0
run:1.0
14m:1.0
name:1.0
john:1.0
reach:1.0
bb:1.0
call:1.6931471805599454
classifi:1.0
connect:1.0
614:1.6931471805599454
575:1.0
1345:1.0
sysop:1.0
hear:1.0
awesom:1.0
voic:1.0
577:1.0
9673:1.0
adio:1.0
r:1.0
b:1.0
k:1.0
