jamesl:1.6931471805599454
galaxi:1.6931471805599454
nsc:2.09861228866811
com:2.09861228866811
jame:1.0
lu:1.0
x3702:1.0
subject:1.0
want:1.6931471805599454
refriger:1.6931471805599454
nntp:1.0
post:1.0
host:1.0
gallium:1.0
organ:1.0
nation:1.0
semiconductor:1.0
santa:1.0
clara:1.0
distribut:1.0
ba:1.0
line:1.0
9:1.0
contact:1.0
408:1.0
721:1.0
3702:1.0
