subject:1.0
want:1.6931471805599454
restaur:2.09861228866811
equip:1.6931471805599454
smp:1.0
cerc:1.6931471805599454
wvu:1.6931471805599454
edu:1.6931471805599454
shailesh:2.09861228866811
potni:1.6931471805599454
organ:1.0
concurr:1.6931471805599454
engin:1.6931471805599454
research:1.6931471805599454
center:1.6931471805599454
nntp:1.0
post:1.0
host:1.0
cathedr:1.0
line:1.0
17:1.0
start:1.0
new:1.0
1:1.0
4:1.6931471805599454
6:1.0
burner:1.0
stove:1.0
2:1.0
hot:1.0
plate:1.0
3:1.0
fryer:1.0
stainless:1.0
steel:1.0
tabl:1.0
shelv:1.0
etc:1.0
5:1.0
pot:1.0
n:1.0
pan:1.0
number:1.0
item:1.0
interest:1.0
pl:1.0
email:1.0
associ:1.0
member:1.0
technic:1.0
staff:1.0
west:1.0
virginia:1.0
univers:1.0
