ho:1.6931471805599454
kcgl1:1.6931471805599454
eng:1.6931471805599454
ohio:2.09861228866811
state:2.09861228866811
edu:1.6931471805599454
franci:1.0
subject:1.0
24:1.0
pin:1.0
printer:1.0
nntp:1.0
post:1.0
host:1.0
organ:1.0
univers:1.0
line:1.0
9:1.0
toshiba:1.0
p321sl:1.0
track:1.0
friction:1.0
feed:1.0
lcd:1.0
display:1.0
3:1.0
5:1.0
month:1.6931471805599454
old:1.6931471805599454
like:1.6931471805599454
new:1.0
sampl:1.0
print:2.09861228866811
sheet:1.0
geowork:1.0
avail:1.0
emulas:1.0
2:1.0
program:1.0
vertisoft:1.0
make:1.0
look:1.0
inkjet:1.0
175:1.0
firm:1.0
