dennisod:2.09861228866811
itx:1.6931471805599454
isc:1.6931471805599454
com:1.6931471805599454
denni:1.0
r:1.0
donnel:1.0
subject:1.0
mccartney:1.6931471805599454
concert:1.6931471805599454
ticket:1.6931471805599454
sale:1.0
organ:1.0
interact:1.0
system:1.0
keyword:1.0
line:1.0
14:1.0
four:1.6931471805599454
avail:1.0
paul:1.0
alamo:1.0
dome:1.0
san:1.0
antonio:1.0
tx:1.0
may:1.0
29th:1.0
ground:1.0
floor:1.0
seat:1.0
sell:1.0
pair:1.0
100:1.0
e:1.0
mail:1.0
