easu351:1.6931471805599454
orion:2.09861228866811
oac:2.09861228866811
uci:2.09861228866811
edu:2.09861228866811
suzanna:1.0
chow:1.0
subject:1.0
updat:1.6931471805599454
pioneer:1.6931471805599454
deh:1.6931471805599454
m980:1.6931471805599454
car:1.6931471805599454
cd:2.6094379124341005
reciev:2.386294361119891
sale:1.6931471805599454
nntp:1.0
post:1.0
host:1.0
summari:1.0
keyword:1.0
pionneer:1.0
line:1.6931471805599454
15:1.0
featur:1.0
includ:1.6931471805599454
detach:1.0
face:1.0
30x4:1.0
watt:1.0
amplifi:1.0
infra:1.0
red:1.0
remot:1.6931471805599454
8:1.0
time:1.0
oversampl:1.0
1:1.0
bit:1.0
dac:1.0
supertun:1.0
iv:1.0
18fm:1.0
6am:1.0
preset:1.0
best:1.6931471805599454
station:1.0
memori:1.0
changer:1.0
control:1.0
loud:1.0
switch:1.0
clock:1.0
origin:1.0
packag:1.0
ask:1.0
450:1.0
00:1.6931471805599454
offer:2.09861228866811
nice:1.0
radio:1.0
great:1.0
condit:1.0
come:1.0
handi:1.0
think:1.0
would:1.0
top:1.0
interest:1.0
send:1.0
email:1.0
brion:1.0
sohn:1.0
reson:1.0
consid:1.0
latest:1.0
400:1.0
ship:1.0
