dsnyder:1.6931471805599454
falcon:1.6931471805599454
aamrl:1.6931471805599454
wpafb:2.09861228866811
af:1.6931471805599454
mil:1.6931471805599454
subject:1.0
golf:1.6931471805599454
shoe:1.6931471805599454
size:1.6931471805599454
9:1.6931471805599454
1:1.6931471805599454
2:1.6931471805599454
organ:1.0
usaf:1.6931471805599454
al:1.0
cfh:1.0
dayton:1.6931471805599454
oh:1.0
line:1.0
15:1.0
use:1.0
pair:1.0
good:1.0
shape:1.0
hole:1.0
etc:1.0
10:1.0
00:1.0
b:1.6931471805599454
plu:1.0
ship:1.0
david:1.6931471805599454
snyder:1.0
logicon:1.6931471805599454
technic:1.0
servic:1.0
inc:1.0
wright:1.0
patterson:1.0
air:1.0
forc:1.0
base:1.0
513:1.0
255:1.0
5165:1.0
ohio:1.0
usa:1.0
said:1.0
god:1.0
subtract:1.0
one:1.0
time:1.0
earth:1.0
hour:1.0
spent:1.0
fli:1.0
1946:1.0
cessna:1.0
140:1.0
n76234:1.0
ladi:1.0
wait:1.0
owner:1.0
oper:1.0
opinion:1.0
express:1.0
