khcheng:1.0
unix:1.0
amherst:2.09861228866811
edu:1.6931471805599454
kim:1.0
hong:1.6931471805599454
cheng:1.0
subject:1.0
telepath:1.6931471805599454
96:1.6931471805599454
fax:1.6931471805599454
modem:1.6931471805599454
gateway:2.386294361119891
organ:1.0
colleg:1.0
line:1.0
7:1.0
nntp:1.0
post:1.0
host:1.0
amhux3:1.0
x:1.0
newsread:1.0
tin:1.0
version:1.0
1:1.6931471805599454
pl7:1.0
9600:1.6931471805599454
comput:1.0
crosstalk:1.0
winfax:1.0
pro:1.0
2:1.0
01:1.0
window:1.0
never:1.0
use:1.0
170:1.0
ship:1.0
195:1.0
