nave:2.09861228866811
jato:1.6931471805599454
jpl:2.09861228866811
nasa:1.6931471805599454
gov:1.6931471805599454
joe:1.0
subject:1.0
c:1.6931471805599454
64:1.6931471805599454
system:1.0
sale:1.6931471805599454
make:1.6931471805599454
offer:1.6931471805599454
organ:1.0
jet:1.6931471805599454
propuls:1.6931471805599454
laboratori:1.6931471805599454
distribut:1.0
usa:1.0
line:1.0
24:1.0
complet:1.0
packag:1.0
1:1.0
commodor:2.09861228866811
c64:1.0
comput:1.0
like:2.386294361119891
new:2.386294361119891
box:1.6931471805599454
power:1.0
suppli:1.0
owner:2.386294361119891
manual:2.386294361119891
2:1.0
1541c:1.0
disk:1.6931471805599454
drive:1.0
3:1.0
1702:1.0
color:1.0
monitor:1.0
4:1.0
panason:1.6931471805599454
kxp:1.0
1091:1.0
dot:1.0
matrix:1.0
printer:2.09861228866811
5:1.0
interfac:1.0
6:1.0
fastload:1.0
cartridg:1.0
7:1.0
huge:1.0
stack:1.0
book:1.0
1541:1.0
program:1.0
reason:1.0
throw:1.0
300:1.0
softwar:1.0
plea:1.0
repli:1.0
e:1.0
mail:1.0
joachim:1.0
tnave:1.0
pasadena:1.0
california:1.0
tdisclaim:1.0
speak:1.0
