foxfir:2.386294361119891
access:2.386294361119891
digex:2.09861228866811
com:1.6931471805599454
subject:1.0
sega:2.791759469228055
cd:3.3978952727983707
forsal:1.0
organ:1.0
express:1.0
onlin:1.0
commun:1.0
greenbelt:1.0
md:1.0
usa:1.0
line:1.0
35:1.0
nntp:1.0
post:1.0
host:1.0
net:1.0
ok:1.0
folk:1.0
need:1.0
money:1.0
purchas:1.0
video:1.6931471805599454
game:2.6094379124341005
backup:1.6931471805599454
unit:2.6094379124341005
decid:1.0
let:1.0
go:1.6931471805599454
here:1.0
deal:1.0
genesi:1.6931471805599454
rom:1.0
play:2.09861228866811
regular:1.6931471805599454
g:1.6931471805599454
w:2.791759469228055
graphic:1.6931471805599454
come:2.09861228866811
5:1.0
pack:1.0
in:1.0
hot:1.0
hit:1.0
music:1.6931471805599454
rock:1.0
paint:1.0
karoki:1.0
like:2.09861228866811
sol:1.0
feac:1.0
shooter:1.0
sherlock:1.0
holm:1.0
mysteri:1.0
clue:1.0
book:1.0
doc:2.386294361119891
classic:1.0
street:1.0
rage:1.0
reveng:1.0
shinobi:1.0
column:1.0
golden:1.0
axe:1.0
box:1.0
document:2.09861228866811
includ:1.0
jewel:1.6931471805599454
unless:1.6931471805599454
otherwis:1.6931471805599454
specifi:1.6931471805599454
cobra:1.0
command:1.0
water:1.0
dammag:1.0
road:1.0
aveng:1.0
2:1.0
week:1.0
old:1.0
night:1.0
trap:1.0
im:1.0
sell:1.0
highest:1.0
bidder:1.0
4:1.0
30:1.0
93:1.0
would:1.6931471805599454
start:1.0
250:1.0
00:1.0
trade:1.0
sne:1.0
bid:1.6931471805599454
make:1.0
offer:1.0
drop:1.0
mail:1.0
keep:1.0
everon:1.0
inform:1.0
current:1.0
