dlneal:2.09861228866811
apgea:2.09861228866811
armi:2.09861228866811
mil:2.09861228866811
denni:1.6931471805599454
l:1.6931471805599454
neal:1.6931471805599454
subject:1.0
24:2.09861228866811
pin:1.6931471805599454
printer:2.09861228866811
sale:1.6931471805599454
organ:1.0
edgewood:1.0
line:1.0
10:1.0
nntp:1.0
post:1.0
host:1.0
cbda9:1.6931471805599454
star:1.0
micron:1.0
sg:1.0
use:1.0
amiga:1.0
ibm:1.0
comput:1.0
work:1.0
great:1.0
throw:1.0
cabl:1.0
vinyl:1.0
cover:1.0
150:1.0
plu:1.0
ship:1.0
first:1.0
email:1.0
get:1.0
thanx:1.0
gone:1.0
laser:1.0
reason:1.0
sell:1.0
