subject:1.0
item:1.6931471805599454
sale:1.6931471805599454
must:1.0
sell:2.09861228866811
koutd:2.09861228866811
hiramb:1.6931471805599454
hiram:2.791759469228055
edu:2.386294361119891
dougla:1.6931471805599454
kou:1.6931471805599454
organ:1.0
colleg:1.6931471805599454
nntp:1.0
post:1.0
host:1.0
line:1.0
62:1.0
packag:3.3978952727983707
bought:1.0
throught:1.0
award:2.09861228866811
give:1.0
away:1.6931471805599454
compani:2.09861228866811
attempt:1.0
cancel:1.0
order:1.0
receiv:2.09861228866811
late:1.0
refus:1.0
take:1.6931471805599454
back:2.386294361119891
refund:1.0
know:1.0
truth:1.0
would:2.6094379124341005
never:1.6931471805599454
get:3.0794415416798357
697:1.6931471805599454
wish:2.386294361119891
money:1.0
close:1.0
possibl:1.0
describt:1.0
nishika:1.0
3d:1.6931471805599454
camera:2.09861228866811
tit:1.6931471805599454
good:2.09861228866811
pictur:1.0
opend:1.0
tor:1.0
use:1.0
came:1.6931471805599454
wide:1.0
angl:1.0
flesh:1.0
car:1.0
tcase:1.0
film:1.0
instruct:1.0
video:1.0
four:1.0
tlen:1.0
creat:1.0
effect:1.0
regular:1.0
35mm:1.0
tfilm:1.0
jewelri:1.0
addit:1.0
gift:1.6931471805599454
bahama:1.0
vacat:2.09861228866811
voucher:2.9459101490553135
tthe:2.386294361119891
two:1.0
rt:2.09861228866811
airfar:2.09861228866811
freeport:1.0
user:1.0
special:1.0
hotel:2.6094379124341005
rate:1.0
27:1.0
per:1.0
person:1.0
tper:1.0
night:2.09861228866811
meal:1.6931471805599454
ground:1.6931471805599454
transfer:2.09861228866811
tax:2.09861228866811
includ:1.6931471805599454
la:1.0
vega:1.0
reno:1.0
orlando:1.0
provid:2.09861228866811
one:2.386294361119891
thotel:1.0
accomod:1.0
3:2.386294361119891
day:2.09861228866811
2:1.6931471805599454
tmeal:1.0
tinclud:1.0
tlocat:1.0
travel:1.0
tplace:1.0
cancun:1.0
mexico:1.0
taccomod:1.0
tground:1.0
tusual:1.0
paid:1.0
whole:1.6931471805599454
tri:1.0
cold:1.0
blood:1.0
make:1.6931471805599454
offer:2.09861228866811
detail:1.6931471805599454
request:1.0
look:1.0
care:1.0
higher:1.0
pric:1.0
interest:2.386294361119891
could:2.6094379124341005
treat:1.0
letter:1.0
mail:1.6931471805599454
box:1.0
say:1.0
select:1.0
part:1.0
sweeptak:1.0
least:1.0
five:1.0
trust:1.0
exactli:1.0
given:1.6931471805599454
bother:1.0
even:1.0
call:1.0
realli:1.6931471805599454
cheaper:1.6931471805599454
price:1.6931471805599454
within:1.0
week:1.0
wait:1.0
three:1.0
month:1.0
first:1.0
final:1.0
also:1.0
ask:1.0
credit:1.6931471805599454
card:1.6931471805599454
number:1.0
pay:1.0
spend:1.0
plea:1.6931471805599454
repli:1.0
soon:1.0
posibl:1.0
confort:1.0
send:1.0
u:1.0
p:1.0
next:1.0
morn:1.0
contact:1.0
hirama:1.6931471805599454
e:1.0
address:1.0
