cse0080:2.09861228866811
desir:1.6931471805599454
wright:2.09861228866811
edu:1.6931471805599454
john:2.386294361119891
c:1.6931471805599454
hansen:2.6094379124341005
subject:1.0
borland:2.386294361119891
softwar:1.0
sale:1.6931471805599454
cheap:1.0
organ:1.0
state:1.0
univers:1.0
line:1.0
22:1.0
turbo:1.0
pascal:1.0
5:2.09861228866811
origin:1.6931471805599454
manual:2.386294361119891
disk:2.386294361119891
30:1.0
obo:2.386294361119891
ship:2.386294361119891
paradox:1.6931471805599454
3:1.0
tall:1.0
box:1.0
set:1.0
kallista:1.0
desktop:1.0
50:1.0
4:1.6931471805599454
0:1.6931471805599454
open:1.0
never:1.0
use:1.0
125:1.0
quattro:1.0
pro:1.0
do:1.0
40:1.0
e:1.0
mail:1.0
phone:1.0
interest:1.0
513:1.0
257:1.0
6084:1.0
logdis1:1.0
hq:1.0
aflc:1.0
af:1.0
mil:1.0
work:1.0
wsu:1.0
bitnet:1.0
ta:1.0
suitabl:1.0
quot:1.0
