drmsr:1.6931471805599454
cislab:1.0
pitt:1.6931471805599454
edu:1.6931471805599454
marc:1.6931471805599454
rosenth:1.0
subject:1.0
casio:1.6931471805599454
b:1.6931471805599454
sale:1.6931471805599454
distribut:1.0
na:1.0
organ:1.6931471805599454
univers:1.0
pittsburgh:1.0
line:1.0
8:1.0
sf:1.0
9500:1.0
digit:1.0
dairi:1.0
unit:1.0
64:1.0
kb:1.0
expans:1.0
card:1.0
slot:1.0
good:1.0
condit:1.0
ask:1.0
110:1.0
00:1.0
plu:1.0
ship:1.0
