jac2i:1.6931471805599454
virginia:1.6931471805599454
edu:1.0
jonathan:1.0
cook:1.0
subject:1.0
jazz:1.0
cd:1.0
4:1.0
sale:1.0
trade:1.0
organ:1.0
univers:1.0
line:1.0
5:1.0
sell:1.0
10:1.0
realli:1.0
offer:1.0
8:1.0
point:1.0
thank:1.0
jon:1.0
