alin:1.0
nyx:1.6931471805599454
c:1.6931471805599454
du:1.0
edu:1.0
ailin:1.6931471805599454
lin:1.0
subject:1.6931471805599454
1:2.09861228866811
2mb:1.0
extern:2.09861228866811
fd:1.6931471805599454
p:2.09861228866811
2:2.6094379124341005
extrem:1.6931471805599454
cheap:1.6931471805599454
organ:1.0
public:1.0
access:1.0
unix:1.0
u:1.0
denver:1.0
math:1.0
dept:1.0
line:1.0
11:1.0
brand:1.0
new:1.0
floppi:1.0
drive:1.0
still:1.0
box:1.0
sell:1.0
90:1.0
ship:1.0
firm:1.0
half:1.0
market:1.0
price:1.6931471805599454
check:1.0
page:1.0
474:1.0
comput:1.0
shopper:1.0
apr:1.0
93:1.0
issu:1.0
179:1.0
plea:1.0
let:1.0
know:1.0
interest:1.0
803:1.0
654:1.0
8817:1.0
