cs3sd3ae:1.0
macc:1.6931471805599454
mcmaster:2.09861228866811
ca:1.6931471805599454
holli:1.0
k:1.0
subject:1.0
eric:1.6931471805599454
bosco:1.0
nntp:1.0
post:1.0
host:1.0
dc:1.0
organ:1.0
depart:1.0
comput:1.0
scienc:1.0
univers:1.0
distribut:1.0
usa:1.0
line:1.0
4:1.0
send:1.0
email:1.0
address:1.0
lost:1.0
reconsid:1.0
kevin:1.0
