gt0869a:2.09861228866811
prism:2.09861228866811
gatech:2.09861228866811
edu:2.386294361119891
water:1.6931471805599454
clyde:1.6931471805599454
gordon:2.09861228866811
subject:1.0
486dx:1.6931471805599454
33:1.6931471805599454
cpu:2.09861228866811
chip:2.386294361119891
sale:1.6931471805599454
250:2.09861228866811
distribut:1.0
na:1.0
organ:1.0
georgia:1.6931471805599454
institut:1.6931471805599454
technolog:1.6931471805599454
line:1.0
20:1.0
articl:1.0
c5qobi:1.0
9n5:1.0
utdalla:1.6931471805599454
goyal:1.6931471805599454
mohit:1.0
k:1.0
write:1.0
ship:1.6931471805599454
like:1.0
pay:1.0
plea:1.0
refer:1.0
7870:1.0
sell:1.6931471805599454
150:1.6931471805599454
correct:1.0
may:1.0
high:1.0
amd:2.09861228866811
start:1.0
486:1.6931471805599454
clone:1.0
inde:1.0
word:1.6931471805599454
intel:1.6931471805599454
lawsuit:1.0
absolut:1.0
thrown:1.0
court:1.0
monday:1.0
said:1.0
would:1.0
instruct:1.0
set:1.0
next:1.0
week:1.0
price:1.0
go:1.6931471805599454
floor:1.0
mark:1.0
regard:1.0
bme:1.0
93:1.0
atlanta:1.0
ga:1.0
mountain:1.0
despair:1.0
hew:1.0
stone:1.0
hope:1.0
mlk:1.0
jr:1.0
uucp:1.0
decvax:1.0
hplab:1.0
ncar:1.0
purdu:1.0
rutger:1.0
internet:1.0
