tae0460:1.6931471805599454
zeu:2.09861228866811
tamu:2.09861228866811
edu:2.09861228866811
andrew:1.6931471805599454
subject:1.0
complet:1.0
386:1.0
system:1.6931471805599454
sale:1.0
organ:1.0
texa:1.0
univers:1.0
academ:1.0
comput:1.0
servic:1.0
line:1.0
34:1.0
distribut:1.0
world:1.0
nntp:1.0
post:1.0
host:1.0
news:1.0
softwar:1.0
vax:1.0
vm:1.0
vnew:1.0
1:2.386294361119891
41:1.0
386dx:1.0
25mhz:1.0
dtk:1.0
motherboard:1.0
intel:1.0
microprocessor:1.0
128k:1.0
intern:1.6931471805599454
cach:1.0
4:1.6931471805599454
meg:2.386294361119891
ram:1.0
89:1.0
harddriv:1.0
ide:1.0
control:1.0
2:2.09861228866811
floppi:1.6931471805599454
drive:1.6931471805599454
44:1.0
serial:1.0
port:1.6931471805599454
parallel:1.0
samsung:1.0
vga:1.6931471805599454
monitor:1.0
graphic:1.0
card:1.0
101:1.0
key:1.0
keyboard:1.0
2400:1.0
baud:1.0
modem:1.0
m:1.0
do:1.0
6:1.0
0:1.6931471805599454
procomm:1.0
plu:1.0
ver:1.6931471805599454
norton:1.0
util:1.6931471805599454
5:1.0
variu:1.0
upgrad:1.0
need:1.0
sell:1.0
reliabl:1.0
readi:1.0
go:1.0
never:1.0
problem:1.0
ask:1.0
1050:1.0
b:1.0
interest:1.0
plea:1.0
respond:1.0
either:1.0
e:1.0
mail:1.0
phone:1.0
409:1.0
696:1.0
6043:1.0
thank:1.0
