gregori:1.6931471805599454
park:2.09861228866811
dartmouth:2.6094379124341005
edu:2.386294361119891
subject:1.0
roland:1.6931471805599454
juno:1.6931471805599454
60:1.6931471805599454
synthes:1.6931471805599454
uniden:1.6931471805599454
radar:2.09861228866811
detector:1.6931471805599454
4:1.0
sale:1.0
x:1.0
post:1.0
internew:1.0
1:1.0
0b15:1.0
organ:1.0
colleg:1.0
hanov:1.0
nh:1.0
line:1.0
10:1.0
excel:1.6931471805599454
condit:1.6931471805599454
great:1.0
fat:1.0
analog:1.0
sound:1.0
use:1.0
song:1.0
jump:1.0
van:1.0
halen:1.0
300:1.0
best:1.6931471805599454
offer:1.6931471805599454
rd:1.0
9xl:1.0
caught:1.0
cop:1.0
50:1.0
smaller:1.0
credit:1.0
card:1.0
compact:1.0
keyboard:1.0
email:1.6931471805599454
greg:1.0
rich:1.0
lee:1.0
ciao:1.0
