ale:1.0
ec:1.0
uma:1.0
edu:1.0
subject:1.0
hp:1.6931471805599454
calcul:1.0
13:2.09861228866811
line:1.0
greet:1.0
20:1.0
forsal:1.0
come:1.0
case:1.0
manual:1.0
excel:1.0
condit:1.0
ask:1.0
00:1.0
interest:1.0
plea:1.0
e:1.0
mail:1.0
today:1.0
al:1.0
