mark:3.1972245773362196
ocsmd:2.386294361119891
oc:2.386294361119891
com:2.386294361119891
wilson:2.386294361119891
subject:1.0
updat:1.6931471805599454
hard:1.6931471805599454
drive:1.6931471805599454
vga:1.6931471805599454
etc:1.0
organ:1.0
onlin:2.09861228866811
comput:2.386294361119891
system:2.09861228866811
inc:1.0
x:1.0
newsread:1.0
tin:1.0
1:3.1972245773362196
pl5:1.0
line:1.0
36:1.0
articl:1.0
crosspost:1.0
misc:1.0
forsal:1.0
pc:1.0
clone:1.0
author:1.0
post:1.0
fri:1.0
16:1.0
apr:1.0
1993:1.0
13:1.0
18:1.0
42:1.0
gmt:1.0
sale:1.0
item:1.0
plu:1.0
ship:1.0
core:1.0
72mb:1.0
model:1.0
at72:1.0
work:1.0
fine:1.0
5:1.6931471805599454
4:1.6931471805599454
full:1.0
height:1.0
reduc:1.0
90:1.0
2:1.0
mfm:1.0
control:1.0
would:1.0
like:1.0
sell:2.09861228866811
15:1.0
ask:2.09861228866811
price:1.0
100:1.0
combin:1.0
3:1.0
style:1.0
case:1.0
10:1.0
process:1.0
card:1.0
512k:1.0
25:1.6931471805599454
386:1.0
max:1.0
version:1.0
6:1.0
0:1.0
plea:1.0
email:2.09861228866811
use:1.0
phone:1.0
800:1.6931471805599454
922:1.6931471805599454
9204:1.6931471805599454
301:1.6931471805599454
601:1.6931471805599454
2215:1.6931471805599454
tri:1.6931471805599454
address:1.6931471805599454
file:1.6931471805599454
disclaim:1.6931471805599454
everyth:1.6931471805599454
sign:1.6931471805599454
signatur:1.6931471805599454
mean:1.6931471805599454
