subject:1.0
mive:1.0
4:1.0
sale:1.6931471805599454
updat:1.0
koutd:1.6931471805599454
hiramb:1.6931471805599454
hiram:2.6094379124341005
edu:2.09861228866811
dougla:1.6931471805599454
kou:1.6931471805599454
organ:1.0
colleg:1.6931471805599454
nntp:1.0
post:1.0
host:1.0
line:1.0
15:1.0
vh:1.0
movi:1.0
kevin:1.0
costner:1.0
tdanc:1.0
with:1.0
wolv:1.0
open:1.0
use:1.0
12:1.0
00:1.6931471805599454
best:1.0
offer:1.6931471805599454
buyer:1.0
pay:1.0
ship:1.6931471805599454
1:1.0
let:1.0
know:1.0
interest:1.0
send:1.0
e:1.0
mail:1.0
address:1.0
hirama:1.0
thank:1.0
