xray:1.0
rice:2.09861228866811
edu:1.0
kenneth:1.6931471805599454
dwayn:1.0
ray:1.6931471805599454
subject:1.0
car:2.6094379124341005
stereo:2.386294361119891
stolen:2.386294361119891
organ:1.0
univers:1.6931471805599454
line:1.0
31:1.0
front:2.6094379124341005
panel:2.6094379124341005
weekend:1.0
need:1.0
buy:1.6931471805599454
soni:1.6931471805599454
xr:1.6931471805599454
u770:1.6931471805599454
chanc:1.0
anyon:1.6931471805599454
bodi:1.0
otherwis:1.0
useless:1.6931471805599454
would:1.6931471805599454
love:1.0
know:1.6931471805599454
remov:2.386294361119891
could:1.0
plea:1.0
forward:1.0
messag:1.0
thank:1.0
kri:1.0
understand:1.0
purpos:1.0
make:1.0
radio:2.386294361119891
thu:1.0
discourag:1.6931471805599454
theft:1.0
cover:2.386294361119891
owner:1.0
taken:1.0
along:1.0
whenev:1.0
left:1.0
sold:2.09861228866811
anyth:1.0
remark:1.0
le:2.09861228866811
origin:1.0
cost:1.0
even:1.0
great:1.0
person:1.0
unhappi:1.0
bought:1.0
like:1.0
think:1.0
greatli:1.0
depreci:1.0
valu:1.0
compani:1.0
legitim:1.0
sourc:1.0
cheapli:1.0
8:1.6931471805599454
cut:1.0
ruin:1.0
monitor:1.0
texpert:1.0
someon:1.0
crc:1.0
oci:1.0
tabout:1.0
final:1.0
tknow:1.0
everyth:1.0
noth:1.0
