jingyao:1.0
rainier:1.0
eng:1.0
ohio:1.6931471805599454
state:1.6931471805599454
edu:1.0
jinyao:1.0
liu:1.0
subject:1.0
home:1.6931471805599454
base:1.6931471805599454
car:1.6931471805599454
cb:1.6931471805599454
unit:2.09861228866811
motorola:1.6931471805599454
beeper:1.6931471805599454
sale:1.0
organ:1.0
univers:1.0
dept:1.0
electr:1.0
engin:1.0
distribut:1.0
na:1.0
line:1.0
31:1.0
1:1.0
uniden:1.6931471805599454
40:1.6931471805599454
channel:1.0
transceiv:1.0
model:2.09861228866811
pro:1.0
710e:1.0
connector:1.0
extern:1.0
speaker:2.09861228866811
pa:1.6931471805599454
3:1.6931471805599454
5:1.0
x3:1.6931471805599454
intern:1.6931471805599454
chanel:1.6931471805599454
9:1.0
10:1.0
button:1.6931471805599454
nb:1.0
anl:1.0
selector:1.0
volum:1.0
squelch:1.0
rf:1.0
gain:1.6931471805599454
tone:1.0
mic:2.386294361119891
control:1.0
come:1.6931471805599454
side:1.0
mount:1.6931471805599454
measur:1.0
14:1.0
x8:1.0
plug:1.0
110v:1.0
black:1.6931471805599454
like:1.0
new:1.6931471805599454
actual:1.0
brand:1.0
ask:1.6931471805599454
105:1.0
ship:2.09861228866811
includ:2.386294361119891
2:1.0
midland:1.0
77:1.0
101c:1.0
one:2.09861228866811
well:1.0
use:1.6931471805599454
w:1.0
silver:1.0
front:1.0
power:1.0
cord:1.0
12v:1.0
cigarett:1.0
lighter:1.0
socket:1.0
gutter:1.0
antena:1.0
also:1.0
easi:1.0
instal:1.0
remov:1.0
45:1.0
130:1.0
alon:1.0
150:1.0
kmart:1.0
two:1.0
work:1.0
nice:1.0
togeth:1.0
garag:1.0
truck:1.0
quit:1.0
figur:1.0
number:1.0
cost:1.0
133:1.0
buy:1.0
usamobil:1.0
65:1.0
