tchen:1.0
magnu:1.6931471805599454
ac:1.6931471805599454
ohio:2.09861228866811
state:2.09861228866811
edu:1.6931471805599454
tsung:1.0
kun:1.0
chen:1.0
subject:1.0
softwar:2.6094379124341005
forsal:1.0
lot:1.0
nntp:1.0
post:1.6931471805599454
host:1.0
magnusug:1.0
organ:1.0
univers:1.0
friend:1.0
either:1.0
call:1.0
j:1.0
k:1.0
lee:1.0
614:1.0
791:1.0
0748:1.0
drop:1.0
mail:1.0
distribut:1.0
usa:1.0
line:1.0
39:1.0
1:2.791759469228055
publish:1.0
superbas:1.0
4:1.6931471805599454
window:3.1972245773362196
v:3.1972245773362196
3:2.791759469228055
80:1.0
2:3.0794415416798357
ocr:1.6931471805599454
system:1.6931471805599454
readright:1.6931471805599454
65:1.6931471805599454
01:1.0
do:1.6931471805599454
unregist:1.0
zortech:1.0
32:1.0
bit:1.0
c:2.386294361119891
compil:1.0
250:1.0
multiscop:1.0
debugg:1.0
whitewat:1.0
resourc:1.0
toolkit:2.09861228866811
librari:2.09861228866811
sourc:2.386294361119891
code:2.6094379124341005
5:2.09861228866811
glockenspiel:1.0
imagesoft:1.0
commonview:1.0
applic:1.6931471805599454
framework:1.6931471805599454
borland:1.0
70:1.0
6:1.6931471805599454
spontan:1.0
assembl:1.6931471805599454
50:1.6931471805599454
7:1.0
microsoft:2.09861228866811
macro:1.0
0:2.6094379124341005
8:1.0
sdk:1.0
document:1.0
125:1.0
9:1.0
foxpro:1.0
75:1.0
10:1.0
wordperfect:1.0
develop:1.6931471805599454
20:1.0
11:1.0
kedwel:1.6931471805599454
databoss:1.0
gener:1.6931471805599454
100:1.0
12:1.0
installboss:1.0
instal:1.0
35:1.0
13:1.0
liant:1.0
view:1.0
195:1.0
14:1.0
ibm:1.0
o:1.0
95:1.0
15:1.0
cbtree:1.0
120:1.0
16:1.0
symantec:1.0
timelin:1.0
90:1.0
17:1.0
timeslip:1.0
timesheet:1.0
profession:1.0
30:1.0
mani:1.0
book:1.0
avail:1.0
price:1.0
negoti:1.0
