jrm:1.0
elm:2.09861228866811
circa:2.386294361119891
ufl:2.6094379124341005
edu:2.6094379124341005
jeff:1.0
mason:1.6931471805599454
subject:1.0
auction:2.09861228866811
marvel:2.09861228866811
dc:2.09861228866811
valiant:1.0
imag:1.0
dark:1.6931471805599454
hors:1.6931471805599454
etc:1.0
organ:1.0
univ:1.0
florida:1.6931471805599454
psycholog:1.6931471805599454
dept:1.0
line:1.0
63:1.0
nntp:1.0
post:1.6931471805599454
host:1.0
summari:1.0
tuesday:1.0
april:1.0
20:2.9459101490553135
1993:1.0
updat:1.0
follow:1.0
comic:2.9459101490553135
minimum:1.6931471805599454
bid:1.6931471805599454
set:1.0
would:1.0
normal:1.0
sell:1.0
make:1.0
offer:1.0
accept:1.0
highest:1.0
complet:1.0
titl:2.09861228866811
current:1.0
alpha:1.0
flight:1.0
51:1.0
jim:1.0
lee:1.0
first:1.0
work:1.0
5:3.0794415416798357
00:4.367295829986475
alien:1.6931471805599454
1:3.8903717578961645
1st:3.9444389791664403
app:2.791759469228055
prnt:1.6931471805599454
may:1.0
1988:1.6931471805599454
krism:1.0
twice:1.6931471805599454
amaz:1.6931471805599454
spider:2.6094379124341005
man:2.9459101490553135
136:1.0
intro:1.6931471805599454
new:2.9459101490553135
green:1.0
goblin:1.0
238:1.0
appear:3.1972245773362196
hobgoblin:2.386294361119891
50:3.833213344056216
archer:1.0
armstrong:1.0
frank:1.6931471805599454
miller:2.09861228866811
smith:1.0
layton:1.0
7:3.3978952727983707
aveng:1.0
263:1.0
x:2.9459101490553135
factor:1.0
3:2.6094379124341005
bloodshot:1.0
chromium:1.0
cover:2.386294361119891
bwsmith:1.0
poster:1.0
daredevil:1.0
158:1.0
art:2.386294361119891
begin:1.6931471805599454
35:1.0
present:1.6931471805599454
concret:1.0
print:1.0
detect:1.0
657:1.0
azrael:1.0
cypher:1.0
harbing:1.0
10:3.3978952727983707
h:1.6931471805599454
r:2.09861228866811
corp:1.6931471805599454
b:1.0
matthey:1.0
sold:1.0
incred:2.6094379124341005
hulk:3.1972245773362196
324:1.0
grey:1.6931471805599454
sinc:1.0
1962:1.0
330:1.0
mcfarlan:1.6931471805599454
issu:1.6931471805599454
15:2.386294361119891
331:1.0
seri:1.6931471805599454
11:1.0
367:1.0
dale:1.0
keown:1.6931471805599454
377:1.0
wolverin:3.1972245773362196
silver:1.0
surfer:1.0
maxx:1.0
limit:1.6931471805599454
ashcan:1.0
4000:1.0
copi:1.6931471805599454
exist:1.6931471805599454
blue:1.0
33:1.0
brentb:1.0
mr:1.0
sign:2.6094379124341005
advanc:1.0
000:1.0
mutant:2.386294361119891
86:1.0
cabl:1.0
cameo:1.0
100:1.0
forc:2.791759469228055
annual:1.0
liefeld:2.6094379124341005
omega:1.6931471805599454
men:1.6931471805599454
lobo:1.6931471805599454
full:1.0
stori:1.6931471805599454
power:1.0
iron:1.0
fist:1.0
78:1.0
3rd:1.0
sabretooth:2.791759469228055
25:1.0
84:1.0
4th:1.0
simpson:1.0
polybag:1.0
special:1.6931471805599454
ed:1.0
spectacular:1.0
147:1.0
12:1.6931471805599454
star:1.6931471805599454
trek:1.6931471805599454
next:1.6931471805599454
gener:1.6931471805599454
feb:1.0
mini:1.6931471805599454
oct:1.0
1989:1.0
trianglehead:1.0
edit:1.0
autogrph:1.0
web:1.6931471805599454
29:1.0
30:1.0
origin:1.0
rose:1.0
claw:1.0
battl:1.0
41:1.0
claim:1.0
dad:1.6931471805599454
42:1.0
proven:1.0
43:1.0
saga:1.0
conclud:1.0
1982:1.0
wonder:1.0
woman:1.0
267:1.0
return:1.0
anim:1.0
bag:2.791759469228055
card:2.09861228866811
shatterstar:1.0
deadpool:1.0
sunspot:1.0
gideon:1.0
near:1.0
mint:1.6931471805599454
condit:1.0
shini:1.0
polypropylen:1.0
back:1.0
white:1.0
acid:1.0
free:1.6931471805599454
board:1.0
ship:1.0
one:1.6931471805599454
book:1.6931471805599454
order:1.0
larg:1.0
enough:1.0
amount:1.0
stuff:1.0
will:1.0
haggl:1.0
thousand:1.6931471805599454
plea:1.0
let:1.0
know:1.0
look:1.0
mayb:1.0
help:1.0
list:1.0
everi:1.0
tri:1.0
save:1.0
space:1.0
geoffrey:1.0
tjrm:1.0
depart:1.0
tmason:1.0
webb:1.0
psych:1.0
univers:1.0
tprothan:1.0
mapl:1.0
