walter:2.791759469228055
psg:1.6931471805599454
com:2.09861228866811
moral:1.6931471805599454
subject:1.0
nitendo:2.09861228866811
game:2.09861228866811
want:1.6931471805599454
organ:1.0
pacif:1.0
system:1.0
group:1.0
portland:1.6931471805599454
oregon:1.6931471805599454
u:1.0
line:1.0
24:1.0
hi:1.0
one:1.0
uncl:1.0
tri:1.0
plea:2.09861228866811
nephew:1.6931471805599454
whenev:1.0
possibl:1.0
ask:2.09861228866811
find:1.6931471805599454
super:1.0
whatev:1.6931471805599454
model:1.0
came:1.0
prior:1.0
sinc:1.0
oversea:1.0
first:1.0
alreadi:1.0
would:1.0
offer:1.0
send:1.6931471805599454
list:1.0
price:1.0
bare:1.0
respond:1.6931471805599454
take:1.0
thank:1.0
directli:1.0
usa:1.0
45:1.0
31:1.0
25:1.0
n:1.0
122:1.0
40:1.0
30:1.0
w:1.0
internet:1.0
rain:1.0
pop:1.0
366383:1.0
