rwrona:1.0
cbnews:1.0
cb:1.0
att:1.0
com:1.0
robert:1.0
wrona:1.0
subject:1.0
ttownhom:1.0
sale:2.09861228866811
wheaton:2.386294361119891
organ:1.0
keyword:1.0
townhom:1.6931471805599454
line:1.0
47:1.0
tbriarcliff:1.0
lake:1.0
tjust:1.0
north:1.0
butterfield:1.0
road:1.0
call:1.0
708:1.0
682:1.0
8222:1.0
ask:1.6931471805599454
harriet:1.0
bode:1.0
prudenti:1.0
realti:1.0
descript:1.0
neat:1.0
well:1.0
care:1.0
low:1.0
mainten:2.09861228866811
starter:1.0
coach:1.0
home:1.6931471805599454
fine:1.0
condit:1.0
locat:1.0
tcul:1.0
de:1.0
sac:1.0
move:1.0
room:2.791759469228055
5:2.09861228866811
1:2.09861228866811
eat:1.0
kitchen:1.0
10:2.6094379124341005
3:2.09861228866811
x:2.791759469228055
9:2.09861228866811
2:1.0
larg:1.0
master:1.0
bedroom:1.6931471805599454
12:2.09861228866811
6:2.09861228866811
spare:1.0
dine:1.6931471805599454
live:1.6931471805599454
21:1.0
11:1.0
util:1.0
25:1.0
bath:1.0
applianc:1.0
stove:1.0
ga:1.6931471805599454
refriger:1.0
dish:1.0
washer:1.6931471805599454
garag:2.09861228866811
open:1.6931471805599454
dryer:1.0
garbag:1.0
dispos:1.0
water:1.0
heater:1.0
year:1.6931471805599454
old:1.6931471805599454
central:1.0
c:1.0
digit:1.0
thermostat:1.0
highlight:1.0
electr:1.0
fire:1.0
place:1.0
slide:1.0
glass:1.0
door:1.6931471805599454
patio:1.6931471805599454
seclud:1.0
back:1.0
yard:1.0
area:1.0
plenti:1.6931471805599454
storag:2.09861228866811
space:1.0
closet:1.6931471805599454
new:1.6931471805599454
ceil:1.0
fan:1.0
complet:1.0
remodel:1.0
bathroom:1.0
wallpap:1.0
shower:1.6931471805599454
tile:1.0
etc:1.0
mini:1.0
blind:1.0
window:1.0
newer:1.0
carpet:1.0
beig:1.0
one:1.0
car:1.0
guest:1.0
park:1.0
associ:1.0
fee:1.0
105:1.0
90:1.0
includ:1.0
follow:1.0
lawn:1.0
snow:1.0
remov:1.0
exterior:1.0
build:1.0
tax:1.0
1992:1.0
700:1.0
price:1.0
91:1.0
900:1.0
