shapiro:2.386294361119891
oucsac:1.6931471805599454
c:2.09861228866811
ohiou:1.6931471805599454
edu:1.6931471805599454
brian:2.09861228866811
subject:1.0
sale:1.0
zenith:2.6094379124341005
386:2.6094379124341005
25:1.6931471805599454
motherboard:2.6094379124341005
distribut:1.0
usa:1.0
organ:1.0
ohio:2.09861228866811
univers:1.6931471805599454
dept:1.0
athen:1.6931471805599454
line:1.0
30:1.0
follow:1.0
post:2.09861228866811
friend:1.0
send:1.0
repli:2.09861228866811
address:1.0
end:1.0
plea:1.0
attent:1.0
z:2.791759469228055
248:1.6931471805599454
owner:1.0
upgrad:1.6931471805599454
8:2.09861228866811
mhz:1.0
class:1.0
machin:1.0
perform:1.0
genuin:1.0
clone:1.0
price:1.0
card:1.0
pop:1.0
right:1.0
case:1.0
keep:1.0
exist:1.0
video:1.0
disk:1.6931471805599454
control:1.0
featur:1.6931471805599454
16kb:1.0
16:1.6931471805599454
layer:1.0
write:1.0
cach:1.0
use:1.0
15:1.0
n:1.6931471805599454
sram:1.0
mb:1.6931471805599454
70:1.0
dram:1.0
includ:2.09861228866811
accept:1.0
20:1.0
ram:1.0
avail:1.0
via:1.0
superslot:1.6931471805599454
run:1.0
memori:1.0
bu:1.0
speed:1.0
7:1.0
expans:1.0
slot:1.0
4:1.0
32:1.6931471805599454
bit:1.6931471805599454
autodetect:1.0
adapt:1.0
latest:1.0
rev:1.0
300:1.0
setup:1.0
monitor:1.0
rom:1.0
two:1.0
serial:1.0
port:1.6931471805599454
one:1.0
parallel:1.0
secondari:1.0
fan:1.0
improv:1.0
system:1.6931471805599454
cool:1.0
user:1.0
guid:1.6931471805599454
mainten:1.0
diagnost:1.0
575:1.0
h:1.0
insur:1.0
stann:1.0
aol:1.0
com:1.0
forward:1.0
thank:1.0
support:1.0
specialist:1.0
45701:1.0
614:1.0
593:1.0
1608:1.0
shapirob:1.0
ouaccvma:1.0
bitnet:1.0
