munro:2.9459101490553135
dmc:2.09861228866811
com:2.09861228866811
dick:1.6931471805599454
subject:1.0
repost:1.0
tape:2.09861228866811
drive:2.09861228866811
4mm:2.09861228866811
8mm:1.6931471805599454
sale:1.6931471805599454
organ:1.0
doyl:1.6931471805599454
consult:1.6931471805599454
inc:2.09861228866811
hudson:1.6931471805599454
line:1.0
18:1.0
acorn:1.0
softwar:1.0
3:1.0
current:1.0
use:1.0
vm:1.0
system:1.0
scsi:1.0
work:1.0
condit:1.0
wangdat:1.6931471805599454
1300:1.0
500:1.0
00:2.09861228866811
2600:1.0
compress:1.0
650:1.6931471805599454
exabyt:1.0
8200:1.0
plu:1.0
ship:1.0
cod:1.0
certifi:1.0
check:1.0
plea:1.0
unit:1.0
sold:1.0
without:1.0
warrante:1.0
contact:1.0
interest:1.0
tinternet:1.0
tuucp:1.0
uunet:1.0
thehulk:1.0
267:1.0
cox:1.0
st:1.0
toffic:1.0
508:1.6931471805599454
568:1.0
1618:1.0
tfax:1.0
562:1.0
1133:1.0
get:1.0
connect:1.0
send:1.0
mail:1.0
info:1.0
find:1.0
dmconnect:1.0
