organ:1.0
central:1.0
michigan:1.0
univers:1.0
matthew:1.0
bailey:1.0
32bdzwc:1.0
cmuvm:1.0
csv:1.0
cmich:1.0
edu:1.0
subject:1.0
sale:1.0
appl:1.6931471805599454
iig:1.6931471805599454
distribut:1.0
usa:1.0
line:1.0
17:1.0
imagewrit:1.0
ii:1.0
color:1.6931471805599454
printer:1.0
rgb:1.0
monitor:1.0
3:1.0
5:1.6931471805599454
drive:1.6931471805599454
25:1.0
keyboard:1.0
mous:1.0
lot:1.0
disk:1.0
applic:1.0
manual:1.0
utmost:1.0
gratif:1.0
650:1.0
00:1.0
bo:1.0
