mjerger:1.6931471805599454
ux4:1.6931471805599454
cso:1.6931471805599454
uiuc:1.6931471805599454
edu:1.6931471805599454
milit:1.0
archangel:1.0
subject:1.0
hp48sx:1.0
128k:1.6931471805599454
organ:1.0
univers:1.0
illinoi:1.0
urbana:1.0
line:1.0
12:1.0
hp:1.0
48sx:1.0
calcul:1.0
card:1.0
manual:1.0
box:1.0
pc:1.0
cabl:1.0
etc:1.0
5:1.0
month:1.0
old:1.0
hardli:1.0
use:1.0
make:1.0
offer:1.0
mike:1.6931471805599454
jerger:1.0
internet:1.0
