gt4661a:2.6094379124341005
prism:2.09861228866811
gatech:2.09861228866811
edu:1.6931471805599454
paolo:1.6931471805599454
marc:1.6931471805599454
anthoni:1.6931471805599454
subject:1.0
comput:1.0
sale:1.0
distribut:1.0
atl:1.0
organ:1.0
georgia:2.09861228866811
institut:1.6931471805599454
technolog:1.6931471805599454
line:1.0
5:1.0
atlanta:1.0
30332:1.0
uucp:1.0
allegra:1.0
amd:1.0
hplab:1.0
ut:1.0
ngp:1.0
internet:1.0
