tsa:1.6931471805599454
cellar:2.09861228866811
org:1.6931471805599454
silent:1.0
assassin:1.0
subject:1.0
sale:1.6931471805599454
game:1.6931471805599454
boy:1.6931471805599454
organ:1.0
bb:1.0
public:1.0
access:1.0
system:1.0
line:1.0
10:1.0
nintendo:1.0
tetri:1.0
castlevania:1.0
adventur:1.0
star:1.0
challeng:1.0
nemesi:1.0
play:1.0
action:1.0
footbal:1.0
link:1.0
cabl:1.0
make:1.0
offer:1.0
libertarian:1.0
atheist:1.0
semi:1.0
anarch:1.0
techno:1.0
rat:1.0
defin:1.0
