dlneal:2.09861228866811
apgea:2.09861228866811
armi:2.09861228866811
mil:2.09861228866811
denni:1.6931471805599454
l:1.6931471805599454
neal:1.6931471805599454
subject:1.0
c64:1.6931471805599454
128:1.6931471805599454
game:1.0
x:1.6931471805599454
men:1.6931471805599454
sale:1.0
organ:1.0
edgewood:1.0
line:1.0
7:1.0
nntp:1.0
post:1.0
host:1.0
cbda9:1.6931471805599454
sell:1.0
10:1.0
plu:1.0
ship:1.0
first:1.0
email:1.0
get:1.0
thanx:1.0
