tallen:1.6931471805599454
hpcc01:1.0
corp:1.6931471805599454
hp:2.09861228866811
com:1.6931471805599454
thoma:1.0
c:1.0
allen:1.6931471805599454
subject:1.0
northwest:2.386294361119891
air:1.6931471805599454
tix:1.6931471805599454
save:1.6931471805599454
30:1.6931471805599454
flight:2.09861228866811
organ:1.0
corpor:1.0
note:1.0
server:1.0
line:1.0
14:1.0
400:1.0
credit:1.0
airlin:1.0
must:1.0
use:1.6931471805599454
nov:1.0
27:1.0
1993:1.0
50:1.0
charg:1.0
chang:1.0
ticket:1.0
sell:1.0
320:1.0
think:1.0
refund:1.0
cash:1.0
plea:1.0
contact:1.0
415:1.0
857:1.0
5878:1.0
tom:1.0
