mmchugh:1.6931471805599454
andi:1.6931471805599454
bgsu:1.6931471805599454
edu:1.6931471805599454
michael:1.6931471805599454
mchugh:1.6931471805599454
subject:1.0
roll:2.791759469228055
stone:2.791759469228055
45:2.09861228866811
rpm:2.09861228866811
singl:2.09861228866811
sale:1.6931471805599454
keyword:1.0
organ:1.0
bowl:1.0
green:1.0
state:1.0
univers:1.0
b:1.0
g:1.0
oh:1.0
line:1.0
17:1.0
follow:1.0
collect:1.0
7:1.0
inch:1.0
record:1.6931471805599454
pictur:2.6094379124341005
sleev:2.6094379124341005
price:1.0
includ:1.0
postag:1.0
1:1.6931471805599454
21:1.0
first:1.0
69:1.0
two:1.0
etc:1.0
19th:1.0
nervou:1.0
brakdown:1.0
london:2.386294361119891
10:2.386294361119891
jumpin:1.0
jack:1.0
flash:1.0
mother:1.0
littl:1.0
helper:1.0
paint:1.0
black:1.0
interest:1.0
plea:1.0
contact:1.0
