5417younisa:1.6931471805599454
vm:1.6931471805599454
csd:2.09861228866811
mu:2.09861228866811
edu:2.09861228866811
subject:1.0
want:1.0
ide:1.0
hard:1.0
drive:1.0
40:1.0
organ:1.0
marquett:1.0
univers:1.0
comput:1.0
servic:1.0
line:1.0
2:1.0
repli:1.0
nntp:1.0
post:1.0
host:1.0
vmsf:1.0
vga:1.0
monitor:1.0
e:1.0
mail:1.0
