caldwel:2.09861228866811
epcot:2.09861228866811
spdc:1.6931471805599454
ti:2.386294361119891
com:1.6931471805599454
wayn:1.0
subject:1.0
printer:1.6931471805599454
game:1.6931471805599454
sale:1.6931471805599454
nntp:1.0
post:1.0
host:1.0
organ:1.0
semiconductor:1.0
process:1.0
design:1.0
center:1.0
line:1.0
14:1.0
follow:1.0
855:1.0
excellect:1.0
work:1.0
condit:1.0
100:1.0
postag:1.6931471805599454
lost:1.0
file:1.0
sherlock:1.0
holm:1.0
origin:1.0
box:1.0
content:1.0
use:1.0
1:1.0
time:1.0
unregist:1.0
30:1.0
iterest:1.0
email:1.6931471805599454
hold:1.0
