craigb:1.6931471805599454
rs6312:1.6931471805599454
ec:1.6931471805599454
rpi:2.09861228866811
edu:2.09861228866811
brian:1.0
craig:1.0
subject:1.0
polk:1.6931471805599454
s4:1.6931471805599454
forsal:1.6931471805599454
nntp:1.0
post:1.0
host:1.0
organ:1.0
renssela:1.0
polytechn:1.0
institut:1.0
troy:1.0
ny:1.0
distribut:1.0
misc:1.0
line:1.0
14:1.0
pair:1.0
sale:1.0
brand:1.0
new:1.0
never:1.0
open:1.0
220:1.0
00:1.0
