carolan:2.09861228866811
owlnet:1.6931471805599454
rice:2.09861228866811
edu:1.6931471805599454
bryan:1.6931471805599454
dunn:1.6931471805599454
subject:1.0
wysiwyg:2.6094379124341005
word:2.9459101490553135
processor:2.386294361119891
do:2.09861228866811
organ:1.0
univers:1.0
line:2.386294361119891
70:1.0
hey:1.0
upgrad:1.0
laptop:1.6931471805599454
window:1.0
capabl:1.0
one:1.6931471805599454
need:1.0
anymor:1.0
great:2.386294361119891
easi:2.09861228866811
use:2.09861228866811
undemand:1.0
system:1.0
best:1.0
edit:2.386294361119891
mode:1.6931471805599454
someth:1.0
perfect:2.386294361119891
ask:1.0
65:2.386294361119891
ship:1.6931471805599454
even:2.09861228866811
come:2.791759469228055
sever:1.0
hundr:1.0
dollar:1.0
free:2.09861228866811
util:2.09861228866811
full:2.09861228866811
featur:1.6931471805599454
lower:1.0
power:1.0
machin:1.0
check:1.6931471805599454
ca:5.060443010546419
still:1.6931471805599454
tri:1.0
graphic:1.0
import:1.6931471805599454
scale:1.0
resiz:1.0
art:1.0
scalabl:1.6931471805599454
font:2.386294361119891
30:1.6931471805599454
typefac:1.6931471805599454
includ:1.6931471805599454
indent:1.0
screen:1.6931471805599454
printer:2.09861228866811
see:1.6931471805599454
info:1.6931471805599454
gener:1.0
spell:1.0
thesauru:1.6931471805599454
10:1.0
level:1.0
outlin:1.0
multipl:1.6931471805599454
column:1.0
dual:1.0
document:2.9459101490553135
open:1.0
box:1.6931471805599454
draw:1.0
search:1.0
replac:1.0
cut:1.0
copi:1.0
insert:1.0
past:1.0
insid:1.0
justif:1.0
control:1.0
resett:1.0
margin:1.0
tab:1.0
space:1.0
savabl:1.0
layout:1.0
header:1.0
footer:1.0
page:1.0
number:1.0
tabl:1.0
content:1.0
ruler:1.0
mail:1.0
merg:1.0
also:1.0
publish:2.09861228866811
powerpak:1.0
engin:1.0
give:1.0
pf:2.6094379124341005
write:2.791759469228055
size:1.0
4pt:1.0
72pt:1.0
support:1.6931471805599454
9:1.0
pin:1.0
dot:1.6931471805599454
matrix:1.6931471805599454
look:2.09861228866811
subscript:1.0
superscript:1.0
grammatik:1.6931471805599454
iv:1.0
grammar:1.0
style:1.0
checker:1.0
quick:1.0
refer:1.0
card:1.6931471805599454
realli:1.0
help:1.0
punctuat:1.0
usag:1.0
intern:1.0
correctspel:1.0
english:1.0
roget:1.0
electron:1.0
th:1.0
dictionari:1.6931471805599454
thesuaru:1.0
pack:1.0
american:1.0
hertiag:1.0
trust:1.6931471805599454
clickart:2.09861228866811
busi:1.0
imag:1.0
sampler:1.0
librari:1.0
bought:1.0
product:1.0
1:2.386294361119891
year:1.0
ago:1.0
129:1.0
turn:1.0
want:1.0
comput:1.0
get:1.0
registr:1.0
good:1.0
condit:1.0
5:1.0
4:1.0
3:1.6931471805599454
2:1.6931471805599454
disk:1.6931471805599454
worth:1.0
300:1.0
alon:1.0
wp:1.0
real:1.0
bargain:1.0
buyer:1.0
pay:1.0
plea:1.0
respond:1.0
email:1.0
call:1.0
713:1.0
520:1.0
5720:1.0
