ralf:2.09861228866811
iqsc:1.0
com:1.0
subject:1.0
item:1.6931471805599454
sale:1.6931471805599454
organ:1.0
iq:1.0
softwar:1.6931471805599454
corp:1.0
line:1.0
24:1.0
price:1.0
list:1.0
best:1.0
offer:1.0
kfc:1.0
svga:1.0
monitor:1.6931471805599454
1024x768:1.0
28dp:1.0
non:1.0
interlac:1.0
14:1.0
screen:1.0
still:1.0
warranti:1.0
brand:1.0
new:1.0
290:1.0
00:2.9459101490553135
1200:1.0
baud:1.0
compuadd:1.0
modem:1.0
box:1.0
doc:1.0
20:1.0
cga:1.6931471805599454
parallel:1.6931471805599454
card:1.6931471805599454
30:1.0
sco:1.0
unix:1.0
v3:1.0
2:2.386294361119891
unlimit:1.0
user:1.0
o:1.0
base:1.0
extend:1.0
util:1.0
uucp:1.0
150:1.0
turbo:1.6931471805599454
c:1.6931471805599454
complet:1.0
refer:1.0
book:1.0
15:1.0
serial:2.09861228866811
1:1.6931471805599454
port:1.6931471805599454
10:2.09861228866811
joystick:1.0
three:1.0
button:1.0
ide:1.0
control:1.0
one:1.0
game:1.0
avail:1.0
00each:1.0
210:1.0
545:1.0
4741:1.0
ask:1.0
