paschal:2.386294361119891
tsc:1.6931471805599454
com:1.0
charl:1.6931471805599454
subject:1.0
nth:1.6931471805599454
engin:1.6931471805599454
graphic:1.6931471805599454
card:1.6931471805599454
organ:1.0
total:1.6931471805599454
support:1.6931471805599454
comput:1.6931471805599454
system:1.6931471805599454
tampa:2.09861228866811
florida:1.6931471805599454
line:1.0
12:1.0
follow:1.0
sale:1.0
w:1.0
driver:1.0
autocad:1.0
r11:1.0
display:1.0
list:1.0
proccess:1.0
done:1.0
hardwar:1.0
b640:1.0
640x480:1.0
b752:1.0
752x580:1.0
take:1.0
highest:1.0
reanabl:1.0
offer:1.0
813:1.6931471805599454
876:1.0
5990:1.0
uucp:1.0
fax:1.0
871:1.0
2783:1.0
u:1.0
mail:1.0
post:1.0
offic:1.0
box:1.0
15395:1.0
33684:1.0
5395:1.0
