paschal:2.386294361119891
tsc:1.6931471805599454
com:1.0
charl:1.6931471805599454
subject:1.0
novel:2.09861228866811
2:1.6931471805599454
0a:1.6931471805599454
3:1.6931471805599454
11:1.6931471805599454
organ:1.0
total:1.6931471805599454
support:1.6931471805599454
comput:1.6931471805599454
system:1.6931471805599454
tampa:2.09861228866811
florida:1.6931471805599454
line:1.0
10:1.0
sell:1.0
692:1.0
upgrad:1.0
460:1.0
complet:1.0
document:1.0
network:1.0
card:1.6931471805599454
except:1.0
id:1.0
813:1.6931471805599454
876:1.0
5990:1.0
uucp:1.0
fax:1.0
871:1.0
2783:1.0
u:1.0
mail:1.0
post:1.0
offic:1.0
box:1.0
15395:1.0
33684:1.0
5395:1.0
