tsa:1.6931471805599454
cellar:2.09861228866811
org:1.6931471805599454
silent:1.0
assassin:1.0
subject:1.0
sale:1.0
misc:1.0
ibm:1.0
stuff:1.0
organ:1.0
bb:1.0
public:1.0
access:1.0
system:1.0
line:1.0
10:1.0
5:1.0
25:1.0
intern:1.0
low:1.0
densiti:1.0
disk:1.0
drive:1.0
monochrom:1.0
monitor:1.0
8088:1.0
motherboard:1.0
built:1.6931471805599454
parallel:1.0
serial:1.0
port:1.0
mono:1.0
color:1.0
output:1.0
7mhz:1.0
libertarian:1.0
atheist:1.0
semi:1.0
anarch:1.0
techno:1.0
rat:1.0
defin:1.0
