organ:1.0
central:1.0
michigan:1.0
univers:1.0
3mwieu4:1.6931471805599454
cmuvm:1.6931471805599454
csv:1.0
cmich:1.6931471805599454
edu:1.6931471805599454
subject:1.0
dak:1.0
shorwav:1.6931471805599454
radio:1.6931471805599454
line:1.0
3:1.0
digit:1.0
tune:1.0
alarm:1.0
clock:1.0
5:1.0
preset:1.0
per:1.0
band:1.6931471805599454
fm:1.0
sw1:1.0
sw2:1.0
ask:1.0
25:1.0
shppg:1.0
repli:1.0
detail:1.0
thank:1.0
pete:1.0
