anust:1.0
wam:3.0794415416798357
umd:3.0794415416798357
edu:3.0794415416798357
anu:1.0
tuli:1.0
subject:1.6931471805599454
car:1.6931471805599454
sale:1.6931471805599454
nntp:1.6931471805599454
post:1.6931471805599454
host:1.6931471805599454
rac3:1.6931471805599454
organ:1.6931471805599454
univers:1.6931471805599454
maryland:2.09861228866811
colleg:1.6931471805599454
park:1.6931471805599454
distribut:1.6931471805599454
usa:1.0
line:1.0
35:1.0
mikefran:2.386294361119891
wed:1.6931471805599454
apr:1.6931471805599454
21:1.6931471805599454
10:1.0
55:1.0
39:1.0
edt:1.0
1993:1.6931471805599454
articl:1.0
56:1.0
csc:2.09861228866811
gener:2.386294361119891
newsgroup:1.0
dc:2.09861228866811
forsal:1.0
um:1.6931471805599454
path:1.0
michael:1.0
franci:1.0
messag:1.0
id:1.0
1993apr21:1.0
142729:1.0
7039:1.0
keyword:1.0
1981:1.6931471805599454
volkswagon:1.6931471805599454
scirocco:1.6931471805599454
sender:1.0
usenet:1.6931471805599454
news:1.0
system:1.0
workstat:1.0
date:1.0
14:1.0
27:1.0
29:1.0
gmt:1.0
gold:1.0
exterior:1.0
interior:1.0
5:1.0
speed:1.0
transmiss:1.0
fm:1.0
stereo:1.0
cassett:1.0
sunroof:1.0
engin:1.0
good:1.0
condit:1.0
new:1.0
tire:1.0
need:1.0
300:1.0
work:1.0
front:1.0
left:1.0
control:1.0
arm:1.0
damag:1.0
caus:1.0
pothol:1.0
run:1.0
well:1.0
ask:1.0
800:1.0
00:1.0
obo:1.0
email:1.0
