subject:1.0
usr:1.0
16:1.6931471805599454
8k:1.6931471805599454
hst:1.6931471805599454
extern:1.6931471805599454
mo:1.0
herbert:2.386294361119891
wottl:2.386294361119891
cccbb:1.6931471805599454
uucp:1.6931471805599454
repli:1.0
distribut:1.0
world:1.0
organ:1.0
cincinnati:1.6931471805599454
comput:1.0
connect:1.0
oh:1.0
513:1.6931471805599454
752:1.0
1055:1.0
line:1.0
13:1.0
sale:1.0
u:1.0
robot:1.0
modem:1.0
includ:1.0
power:1.0
adapt:1.0
user:1.0
guid:1.0
quick:1.0
refer:1.0
card:1.0
515:1.0
00:1.0
call:1.6931471805599454
voic:1.0
831:1.0
0162:1.0
let:1.0
talk:1.0
herb:1.0
qmpro:1.0
1:1.0
02:1.0
42:1.0
0616:1.0
dog:1.0
come:1.0
cat:1.0
answer:1.0
machin:1.0
