lohia:2.09861228866811
appl:2.09861228866811
com:1.6931471805599454
raj:1.6931471805599454
subject:1.0
1:1.6931471805599454
2gb:1.6931471805599454
disk:2.09861228866811
sale:1.6931471805599454
distribut:1.0
usa:1.0
organ:1.0
comput:1.0
inc:1.0
cupertino:1.0
ca:1.0
line:1.0
10:1.0
full:1.0
size:1.0
seagat:1.0
scsi2:1.0
model:1.0
st41200n:1.0
brand:1.0
new:1.0
never:1.0
use:1.0
format:1.0
send:1.0
offer:1.0
bharat:1.0
aux:1.0
