hsieh1:1.0
carson:1.6931471805599454
u:1.6931471805599454
washington:2.09861228866811
edu:1.6931471805599454
darrel:1.0
kirk:1.0
subject:1.0
sale:1.0
complet:1.6931471805599454
commun:2.09861228866811
card:1.6931471805599454
ibm:1.0
voicemail:2.09861228866811
modem:2.09861228866811
fax:2.09861228866811
organ:1.0
univers:1.0
seattl:1.0
line:1.6931471805599454
8:1.0
distribut:1.0
usa:1.0
nntp:1.0
post:1.0
host:1.0
latest:1.0
ver:1.0
new:1.6931471805599454
box:1.0
work:1.0
do:1.0
window:1.0
one:1.6931471805599454
get:1.0
auto:1.0
switch:1.0
handl:1.0
500:1.0
250:1.0
dollar:1.0
pay:1.0
ship:1.0
