rupin:2.09861228866811
dang:2.09861228866811
dartmouth:2.09861228866811
edu:1.6931471805599454
subject:1.0
minolta:1.6931471805599454
fd:1.6931471805599454
50:1.6931471805599454
mm:1.6931471805599454
forsal:1.0
organ:1.0
colleg:1.0
hanov:1.0
nh:1.0
line:1.0
4:1.0
len:1.0
sale:1.0
good:1.0
condit:1.0
ask:1.0
30:1.0
