mkbaird:2.9459101490553135
david:2.9459101490553135
wheaton:2.386294361119891
edu:2.09861228866811
marcu:1.6931471805599454
k:1.0
baird:1.0
subject:1.0
cd:2.9459101490553135
rom:2.386294361119891
4:1.6931471805599454
sale:1.0
new:1.0
organ:1.0
colleg:1.0
il:1.0
line:1.0
101:1.0
look:1.0
find:1.0
peopl:1.0
interest:1.6931471805599454
get:1.0
list:1.6931471805599454
price:1.6931471805599454
send:1.0
mail:2.09861228866811
guarante:1.0
local:1.0
ship:1.6931471805599454
cost:1.6931471805599454
cod:1.0
prefer:1.0
way:1.0
american:1.0
busi:2.386294361119891
phonebook:1.0
do:5.0943445622221
20:3.4849066497880004
00:5.406719247264253
anim:1.6931471805599454
30:3.4849066497880004
mpc:3.9444389791664403
audoban:1.6931471805599454
bird:1.0
mammal:1.0
barney:1.0
bear:1.0
goe:1.0
school:1.0
bibl:1.6931471805599454
librari:2.386294361119891
45:1.0
religion:1.0
15:3.70805020110221
book:1.6931471805599454
britannica:1.0
famili:2.386294361119891
choic:1.0
23:1.0
britamrica:1.0
select:1.0
24:1.0
33:1.0
econom:1.0
background:1.0
master:2.386294361119891
carmen:1.0
san:1.0
diego:1.0
lwhere:1.0
play:1.0
launch:1.0
25:3.833213344056216
softwar:1.6931471805599454
jukebox:1.0
cia:1.6931471805599454
vorld:1.0
taur:1.0
35:3.833213344056216
chess:1.0
3000:1.0
classic:1.0
col:1.0
lection:1.0
60:2.09861228866811
clipert:1.0
goliath:1.0
coloss:1.0
cookbook:1.0
delorm:1.0
atla:2.09861228866811
usa:1.6931471805599454
win:1.0
desert:1.0
storm:1.0
deathstar:1.0
arcad:1.0
battl:1.0
dictionari:1.6931471805599454
languag:1.0
educ:1.0
electron:1.0
home:1.0
doctor:1.0
encyclopedia:2.386294361119891
compton:1.6931471805599454
49:2.09861228866811
game:2.09861228866811
pack:1.0
ii:2.09861228866811
golden:1.0
immort:1.0
great:2.09861228866811
citi:2.386294361119891
world:2.9459101490553135
greet:1.0
grolier:1.6931471805599454
guiness:1.0
disc:1.0
1992:1.0
67:1.0
ham:1.0
radio:1.0
inform:1.0
island:1.6931471805599454
design:1.0
jet:1.0
prop:1.0
jone:1.0
fast:1.0
lane:1.0
mp:1.0
kgb:1.0
fact:1.0
king:1.0
quest:1.0
5:1.0
futur:1.0
90:1.6931471805599454
loom:1.0
wizard:1.0
macmillan:1.0
kid:1.0
55:1.0
magazin:1.6931471805599454
rack:1.0
majest:1.0
place:1.6931471805599454
mavi:1.0
beacon:1.0
teach:1.0
type:1.0
mix:1.0
mother:1.0
goo:1.0
money:2.09861228866811
monkey:1.0
oak:1.0
stand:1.0
solar:1.0
system:1.0
presid:1.0
85:1.0
publish:1.0
refer:1.0
secret:1.0
weapon:1.0
luftwaff:1.0
sherewar:1.6931471805599454
overload:1.0
sher:1.0
holm:1.0
consul:1.0
det:1.0
sleep:1.0
beauti:1.0
srd:1.0
bundl:1.0
titl:1.0
n:1.0
stellar:1.0
7:1.0
stori:1.0
time:2.09861228866811
interact:1.0
collect:1.0
almanac:1.0
current:1.0
tabl:1.0
hist:1.0
sci:1.0
innov:1.0
tdo:3.302585092994046
ton:1.0
gig:1.0
mani:1.0
typefont:1.0
total:1.0
basebal:1.0
u:2.386294361119891
w:1.0
automap:1.0
histori:1.0
war:1.6931471805599454
civil:1.0
wild:1.0
wing:1.0
com:1.0
ultima:1.0
vi:1.0
view:1.0
e:1.6931471805599454
bitnet:1.6931471805599454
uunet:2.386294361119891
uu:2.386294361119891
net:2.386294361119891
voic:1.6931471805599454
708:1.6931471805599454
752:1.6931471805599454
8847:1.6931471805599454
internet:1.6931471805599454
192:1.6931471805599454
138:1.6931471805599454
89:1.6931471805599454
