rupin:1.6931471805599454
dang:1.6931471805599454
dartmouth:1.6931471805599454
edu:1.0
subject:1.0
panason:1.6931471805599454
answer:1.6931471805599454
machin:1.6931471805599454
forsal:1.0
organ:1.0
colleg:1.0
hanov:1.0
nh:1.0
line:1.0
3:1.0
auto:1.0
logic:1.0
dual:1.0
cassett:1.6931471805599454
system:1.0
includ:1.0
ac:1.0
power:1.0
adaptor:1.0
excel:1.0
condit:1.0
ask:1.0
30:1.0
accessori:1.0
