dabennet:1.0
magnu:1.6931471805599454
ac:1.6931471805599454
ohio:2.09861228866811
state:2.09861228866811
edu:1.6931471805599454
david:1.0
w:1.0
bennett:1.0
subject:1.0
look:1.6931471805599454
music:1.0
macintosh:1.0
nntp:1.0
post:1.0
host:1.0
bottom:1.0
organ:1.0
univers:1.0
distribut:1.0
na:1.0
line:1.0
8:1.0
tri:1.0
set:1.0
person:1.0
studio:1.0
cheap:2.09861228866811
sampler:1.0
rack:1.0
keyboard:1.0
sound:1.0
card:1.0
audiomedia:1.0
ii:1.0
someth:1.0
similar:1.0
cours:1.0
rel:1.0
