rtsbangi:1.6931471805599454
msuvx1:1.0
memst:1.6931471805599454
edu:1.6931471805599454
subject:1.0
cd:1.6931471805599454
sale:1.6931471805599454
distribut:1.0
world:1.0
organ:1.0
memphi:1.0
state:1.0
univers:1.0
line:1.0
11:1.0
1:1.6931471805599454
jon:1.0
bon:1.0
jovi:1.0
new:1.0
jersey:1.0
8:2.09861228866811
00:2.386294361119891
2:1.0
boomerang:1.0
soundtrack:1.0
3:1.0
polic:1.0
everi:1.0
breath:1.0
take:1.0
h:1.0
e:1.0
mail:1.0
memstvx1:1.0
