subject:1.0
cd:1.6931471805599454
sale:1.6931471805599454
mparikh:1.0
uceng:1.0
uc:1.6931471805599454
edu:1.6931471805599454
mehul:1.0
parikh:1.6931471805599454
distribut:1.0
usa:1.0
organ:1.0
univers:1.0
cincinnati:1.0
line:1.0
19:2.09861228866811
hi:1.0
follow:1.0
2:1.0
absolut:1.0
new:1.0
origin:1.0
pack:1.0
artist:1.0
talbum:1.0
torigin:1.0
tsale:1.0
price:1.6931471805599454
madonna:1.0
tthe:1.0
immacul:1.0
collect:1.0
95:2.386294361119891
11:1.6931471805599454
pet:1.0
shop:1.0
boy:1.0
tdiscographi:1.0
interest:1.0
pl:1.0
contact:1.0
tparikhma:1.0
ucunix:1.0
san:1.0
thank:1.0
