rupin:1.6931471805599454
dang:1.6931471805599454
dartmouth:1.6931471805599454
edu:1.0
subject:1.0
nikkor:1.6931471805599454
70:1.6931471805599454
210:1.6931471805599454
af:1.6931471805599454
forsal:1.0
organ:1.0
colleg:1.0
hanov:1.0
nh:1.0
line:1.0
4:1.6931471805599454
f:1.0
5:1.0
6:1.0
zoom:1.0
len:1.0
excel:1.0
condit:1.0
look:1.0
get:1.0
2:1.0
8:1.0
version:1.0
sell:1.0
ask:1.0
175:1.0
offer:1.0
plea:1.0
