er1:2.09861228866811
eridan:2.386294361119891
chuvashia:2.09861228866811
su:2.09861228866811
yarabayeva:1.0
albina:1.0
nikolayevna:1.0
subject:1.0
sale:1.0
high:1.0
gualiti:1.0
conif:1.0
oil:1.0
russia:1.0
450:1.0
ton:1.6931471805599454
400:1.0
repli:1.0
distribut:1.0
eunet:1.0
organ:1.0
firm:1.0
line:1.0
1:1.0
inguiri:1.0
address:1.0
