bbate:1.6931471805599454
pro:2.6094379124341005
freedom:2.386294361119891
van:1.6931471805599454
wa:2.09861228866811
u:1.6931471805599454
brandon:1.0
bate:1.0
subject:1.0
want:1.0
video:2.09861228866811
equip:1.6931471805599454
repost:1.0
articl:1.0
free:1.0
1993apr21:1.0
155915:1.0
10932:1.0
organ:1.0
prolin:1.0
applevan:1.0
appl:1.0
ug:1.0
vancouv:1.0
line:1.0
11:1.0
look:1.0
work:1.0
dock:1.0
deck:2.09861228866811
goe:1.0
back:1.0
camera:1.6931471805599454
old:1.0
jvc:1.0
gx:1.6931471805599454
s700:1.6931471805599454
tube:1.0
format:1.0
accept:1.0
plea:1.0
send:1.0
messag:1.0
even:1.0
know:1.0
anyth:1.0
also:1.0
interest:1.0
sale:1.0
profession:1.0
consum:1.0
thank:1.0
bb:1.0
206:1.0
694:1.0
3276:1.0
