mallen:1.0
eniac:1.6931471805599454
sea:1.6931471805599454
upenn:1.6931471805599454
edu:2.09861228866811
matt:1.0
allen:1.0
subject:1.0
amiga:2.6094379124341005
sale:1.6931471805599454
keyword:1.0
distribut:1.0
pa:1.0
organ:1.0
univers:1.0
pennsylvania:1.0
line:1.0
20:1.0
nntp:1.0
post:1.0
host:1.0
t2:2.09861228866811
tcommodor:1.6931471805599454
1000:1.0
tbest:2.386294361119891
offer:2.386294361119891
t512k:1.0
ram:1.6931471805599454
t1:2.386294361119891
intern:1.6931471805599454
floppi:2.09861228866811
drive:2.09861228866811
tdetach:1.0
keyboard:1.0
button:1.6931471805599454
mous:1.6931471805599454
500:1.0
t1024k:1.0
rgb:1.0
monitor:1.0
extern:1.0
tcall:1.0
brian:1.0
dickman:1.6931471805599454
717:1.0
872:1.0
1719:1.0
send:1.0
e:1.0
mail:1.0
con:1.0
huey:1.0
millersv:1.0
