rupin:1.6931471805599454
dang:1.6931471805599454
dartmouth:1.6931471805599454
edu:1.0
subject:1.0
nikon:1.6931471805599454
fm2:1.0
len:2.09861228866811
forsal:1.0
organ:1.0
colleg:1.0
hanov:1.0
nh:1.0
line:1.0
8:1.0
fm:1.0
2:1.0
sold:1.0
follow:1.0
remain:1.0
minolta:1.0
md:1.0
50:1.0
mm:1.0
25:1.0
ricoh:1.0
camera:1.0
zoom:1.0
ident:1.0
featur:1.0
fe:1.0
plu:1.0
great:1.0
condit:1.0
inquir:1.6931471805599454
low:1.0
price:1.0
vh:1.0
tape:1.0
brand:1.0
new:1.0
fuji:1.0
high:1.0
qualiti:1.0
