pchang:1.0
ic:2.09861228866811
sunysb:2.09861228866811
edu:2.09861228866811
pong:1.0
chang:1.0
subject:1.0
sale:1.0
c:1.6931471805599454
128:1.6931471805599454
system:1.0
w:1.0
printer:1.6931471805599454
130:1.6931471805599454
obo:1.6931471805599454
nntp:1.0
post:1.0
host:1.0
libws4:1.0
organ:1.0
state:1.0
univers:1.6931471805599454
new:1.6931471805599454
york:1.6931471805599454
stoni:1.6931471805599454
brook:1.6931471805599454
line:1.0
20:1.0
commodor:1.0
epson:1.0
homewrit:1.0
10:1.0
9:1.0
pin:1.0
1571:1.0
disk:1.0
drive:1.0
2:1.0
joystick:1.6931471805599454
1:1.0
mous:1.0
lotsa:1.0
softwar:1.0
game:1.0
app:1.0
rapid:1.0
fire:1.0
adapt:1.0
year:1.0
old:1.0
ommon:1.0
tpchang:1.0
en:1.0
tstate:1.0
e:1.0
ngineer:1.0
