organ:1.0
univers:1.0
illinoi:1.0
chicago:1.0
academ:1.0
comput:1.0
center:1.0
noel:1.6931471805599454
b:1.0
lorenzana:1.6931471805599454
u38134:1.6931471805599454
uicvm:1.6931471805599454
uic:1.6931471805599454
edu:1.6931471805599454
subject:1.0
comic:1.6931471805599454
sale:1.6931471805599454
line:1.0
48:1.6931471805599454
miscellan:1.0
realli:1.0
would:1.0
like:1.6931471805599454
get:1.6931471805599454
rid:1.0
lack:1.0
space:1.0
buyer:1.0
pay:1.0
ship:1.0
offer:1.0
consid:1.0
oh:1.0
first:1.0
purchas:1.0
20:1.0
post:1.0
free:1.0
maxx:1.0
1:4.258096538021482
2:3.3978952727983707
coupon:1.0
trash:1.0
copi:1.0
amaz:1.0
spidey:1.0
300:1.0
goe:1.0
deathlok:1.0
3:2.791759469228055
00:3.6390573296152584
17:1.0
75:2.09861228866811
annual:1.0
50:2.9459101490553135
special:1.6931471805599454
sleepwalk:1.0
6:1.6931471805599454
8:1.0
9:1.0
13:1.6931471805599454
7:1.0
set:1.6931471805599454
25:1.6931471805599454
next:1.0
men:1.0
ray:1.0
deathstrok:1.0
5:2.386294361119891
darkhawk:1.0
new:1.0
warrior:1.0
18:1.0
fantasti:1.0
four:1.0
358:1.0
moon:1.0
knight:1.0
35:1.0
36:1.0
hulk:1.0
386:1.0
388:1.0
punish:1.0
w:1.0
z:1.0
cage:1.0
x:1.6931471805599454
forc:1.0
silver:1.0
sabl:1.0
calibur:1.0
26:1.0
27:1.0
49:1.0
heart:1.0
dark:1.0
infin:1.0
guantlet:1.0
4:1.0
batman:1.0
v:1.0
pred:1.0
delux:1.0
guardian:1.0
galaxi:1.0
spider:1.6931471805599454
man:1.6931471805599454
2099:1.0
spec:1.0
189:1.0
hologram:1.0
let:1.0
know:1.0
buy:1.0
anyth:1.0
address:1.0
thank:1.0
