rebop:2.09861228866811
well:2.386294361119891
sf:2.09861228866811
ca:2.386294361119891
u:2.09861228866811
bob:1.6931471805599454
uliu:1.6931471805599454
subject:1.0
newtek:2.09861228866811
video:2.386294361119891
toaster:2.791759469228055
link:2.09861228866811
sale:1.0
keyword:1.0
amiga:1.0
mac:1.6931471805599454
organ:1.0
whole:1.0
earth:1.0
lectron:1.0
sausalito:1.0
line:1.0
16:1.0
nntp:1.0
post:1.0
host:1.0
bout:1.0
dozen:1.0
avail:1.6931471805599454
connect:1.0
list:1.0
595:1.0
street:1.0
price:1.0
like:1.6931471805599454
495:1.0
sell:1.0
425:1.0
includ:1.0
ship:1.0
anywher:1.0
factori:1.0
shrinkwrap:1.0
plu:1.0
tax:1.0
california:1.0
e:1.0
mail:1.0
call:1.0
916:1.6931471805599454
924:1.0
9911:1.0
f:1.0
8:1.0
5:1.0
would:1.0
info:1.0
accessori:1.0
system:1.0
compon:1.0
338:1.0
4766:1.0
