berger:1.6931471805599454
chao:1.0
c:1.0
brandei:1.6931471805599454
edu:1.0
david:1.0
subject:1.0
101:1.6931471805599454
keyboard:1.6931471805599454
want:1.0
organ:1.0
univers:1.0
line:1.0
7:1.0
look:1.6931471805599454
buy:1.0
100:1.0
work:1.0
286:1.0
system:1.0
prefer:1.0
layout:1.0
spend:1.0
20:1.0
tdavid:1.0
