jay:3.0794415416798357
gdx:3.0794415416798357
uucp:1.6931471805599454
snyder:2.09861228866811
subject:1.0
want:1.6931471805599454
avion:1.0
equip:1.0
organ:1.0
bb:2.386294361119891
central:1.0
pa:1.0
unix:2.6094379124341005
anon:1.0
717:2.6094379124341005
737:2.386294361119891
3249:2.09861228866811
pep:1.0
2400:1.0
1200:1.0
24hr:1.0
line:1.0
21:1.0
look:1.0
good:1.0
deal:1.0
follow:1.0
use:1.0
new:1.0
aviat:1.0
headset:1.0
mic:1.0
handheld:1.0
nav:1.0
com:1.6931471805599454
tranciev:1.0
may:1.0
consid:1.0
portabl:1.0
gp:1.0
loran:1.0
navig:1.0
repli:1.0
call:2.09861228866811
3236:1.0
5pm:1.0
plea:1.0
wake:1.0
night:1.0
worker:1.0
hous:1.0
540:1.0
2895:1.0
must:1.0
day:1.0
understand:1.0
employ:1.0
pay:1.0
uunet:1.6931471805599454
vogon1:1.6931471805599454
compnect:1.6931471805599454
brain:2.386294361119891
worldblaz:1.6931471805599454
drug:1.6931471805599454
msdo:2.386294361119891
file:1.6931471805599454
area:1.6931471805599454
xenix:1.6931471805599454
bin:1.6931471805599454
