blaakso:1.6931471805599454
ua:1.6931471805599454
umn:2.09861228866811
edu:2.09861228866811
brian:1.6931471805599454
laakso:1.6931471805599454
subject:1.0
pc:2.09861228866811
transport:2.09861228866811
sale:1.6931471805599454
organ:1.0
univers:1.0
minnesota:1.0
duluth:1.0
line:1.0
18:1.0
distribut:1.0
na:1.0
nntp:1.0
post:1.0
host:1.0
hello:1.0
work:1.0
either:1.0
appl:1.0
iie:1.0
g:2.386294361119891
howev:1.0
instal:2.386294361119891
kit:1.6931471805599454
pct:2.09861228866811
also:1.0
co:1.6931471805599454
processor:1.6931471805599454
come:1.0
latest:1.0
softwar:1.6931471805599454
2:1.6931471805599454
05:1.6931471805599454
3:1.6931471805599454
5:1.6931471805599454
drive:1.6931471805599454
get:1.0
problem:1.0
run:1.0
great:1.0
video:1.0
tape:1.0
instruct:1.0
need:1.0
harwar:1.0
color:1.0
adapt:1.0
monitor:1.0
8087:1.0
board:1.0
manual:1.0
ver:1.0
aepc:1.0
one:1.0
800k:1.0
hook:1.0
send:1.0
reason:1.0
offer:1.0
email:1.0
ub:1.0
