hernandez:2.09861228866811
info:2.09861228866811
gw:2.09861228866811
mese:1.6931471805599454
com:1.6931471805599454
manni:1.6931471805599454
subject:1.0
misc:1.6931471805599454
item:2.09861228866811
pip:2.09861228866811
tv:1.0
tuner:2.6094379124341005
cb:2.09861228866811
ant:1.0
gym:2.386294361119891
scanner:2.09861228866811
run:2.386294361119891
brd:1.0
distribut:1.0
atl:1.6931471805599454
forsal:1.6931471805599454
organ:1.0
inform:1.6931471805599454
gateway:1.6931471805599454
bb:1.6931471805599454
1:1.6931471805599454
404:1.6931471805599454
928:1.6931471805599454
7873:1.6931471805599454
line:1.0
77:1.0
follow:1.0
sale:1.0
rabbit:1.6931471805599454
soloflex:1.0
like:1.0
800:1.6931471805599454
mhz:2.09861228866811
antenna:1.6931471805599454
blazer:1.6931471805599454
jimmi:1.6931471805599454
board:2.09861228866811
pictur:2.791759469228055
box:2.09861228866811
devic:1.0
use:2.09861228866811
vcr:2.09861228866811
allow:1.0
second:1.0
channel:2.791759469228055
pop:1.0
corner:1.0
screen:1.0
press:1.0
swap:2.09861228866811
remot:1.0
small:1.0
main:1.0
limit:1.0
36:2.09861228866811
mean:1.0
tune:2.09861228866811
higher:1.6931471805599454
cabl:1.0
howev:1.0
capabl:1.0
simpli:1.0
desir:1.0
assum:1.0
altern:1.0
lower:1.0
work:1.0
fine:1.0
origin:2.386294361119891
cost:2.386294361119891
149:1.0
sell:2.6094379124341005
75:1.0
brand:1.6931471805599454
new:1.6931471805599454
black:1.6931471805599454
s10:1.0
15:1.0
model:1.6931471805599454
purchas:1.6931471805599454
realiz:1.0
could:1.0
return:1.0
period:1.0
expir:1.0
wheel:1.0
trim:1.0
instal:1.0
vehicl:1.0
125:1.6931471805599454
65:1.0
regenc:1.0
mx4200:1.0
20:1.0
reciev:1.0
cellular:1.0
frequenc:1.0
950:1.0
along:1.0
7:1.0
band:2.386294361119891
ni:1.0
cad:1.0
batteri:1.0
pack:1.0
249:1.0
135:1.0
gyn:1.0
plex:1.0
2000:1.0
workout:1.0
similar:1.6931471805599454
solo:1.6931471805599454
flex:1.6931471805599454
resist:1.0
increas:1.0
effect:1.0
lift:1.0
weight:1.6931471805599454
made:1.0
steel:1.0
extra:1.0
set:1.0
includ:1.0
349:1.0
big:1.0
stick:1.0
27:1.0
30:1.0
difficulti:1.0
last:1.0
2:1.0
atlanta:1.0
area:1.0
plea:1.6931471805599454
share:1.0
non:1.0
cod:1.0
ship:1.0
charg:1.0
thank:1.0
public:1.0
access:1.0
newsgroup:1.0
email:1.0
repli:1.0
thernandez:1.0
blackwlf:1.0
sysop:1.0
ga:1.0
u:1.0
