zmed16:1.6931471805599454
trc:1.6931471805599454
amoco:2.09861228866811
com:1.6931471805599454
michael:1.0
subject:1.0
sale:1.6931471805599454
4:1.6931471805599454
track:1.6931471805599454
record:1.6931471805599454
origin:1.0
zircon:1.0
organ:1.0
product:1.0
compani:1.0
tulsa:1.0
research:1.0
line:1.0
11:1.0
fostex:1.0
x:1.0
26:1.0
excel:1.0
condit:1.0
includ:1.0
dolbi:1.0
nois:1.0
reduct:1.0
sub:1.0
mix:1.0
6:1.0
input:1.0
use:1.0
normal:1.0
cassett:1.0
interest:1.0
make:1.0
offer:1.0
plea:1.0
respond:1.0
tzmed16:1.0
thank:1.0
mike:1.0
