susan:1.6931471805599454
wuee1:1.6931471805599454
wustl:1.0
edu:1.0
castleman:1.0
subject:1.0
test:1.6931471805599454
nntp:1.0
post:1.0
host:1.0
organ:1.0
washington:1.0
univers:1.0
st:1.0
loui:1.0
mo:1.0
distribut:1.0
stl:1.0
line:1.0
1:1.0
thank:1.0
