rfp:1.6931471805599454
jhuvm:2.09861228866811
hcf:1.6931471805599454
jhu:1.6931471805599454
edu:1.6931471805599454
rebecca:1.0
priver:1.0
subject:1.0
summer:1.6931471805599454
sublet:1.6931471805599454
want:1.6931471805599454
dc:1.6931471805599454
organ:1.0
john:1.0
hopkin:1.0
univers:1.0
homewood:1.0
academ:1.0
comput:1.0
line:1.6931471805599454
7:1.0
nntp:1.0
post:1.0
host:1.0
nw:1.0
red:1.0
metro:1.0
bedroom:1.0
share:1.0
common:1.0
area:1.0
other:1.0
apart:1.0
room:1.0
400:1.0
le:1.0
move:1.0
memori:1.0
day:1.0
weekend:1.0
end:1.0
august:1.0
smoker:1.0
email:1.0
prinaoa:1.0
yalevm:1.0
