subject:1.0
cd:1.6931471805599454
rom:1.6931471805599454
mike:2.386294361119891
damico:2.386294361119891
cccbb:1.6931471805599454
uucp:1.6931471805599454
repli:1.0
distribut:1.0
world:1.0
organ:1.0
cincinnati:1.6931471805599454
comput:1.0
connect:1.0
oh:1.0
513:1.0
752:1.0
1055:1.0
line:1.0
2:1.0
ibm:1.0
3510:1.0
001:1.0
drive:1.6931471805599454
350m:1.0
make:1.0
offer:1.0
trade:1.0
