subject:1.0
giant:2.09861228866811
win:2.09861228866811
pennant:2.09861228866811
mrosal:1.0
koko:1.0
csustan:1.0
edu:1.0
maria:1.0
rosal:1.0
distribut:1.0
usa:1.0
organ:1.0
csu:1.0
stanislau:1.0
line:1.0
4:1.0
gi:1.0
ooop:1.0
guess:1.0
littl:1.0
earli:1.0
see:1.0
octob:1.0
