dwarner:2.09861228866811
journal:2.386294361119891
indiana:2.6094379124341005
edu:2.386294361119891
david:1.6931471805599454
j:1.6931471805599454
subject:1.0
marlin:1.6931471805599454
win:1.6931471805599454
articl:1.0
usenet:1.0
c51buv:1.0
kln:1.0
repli:1.0
organ:1.0
univers:1.0
line:1.0
8:1.0
nntp:1.0
post:1.0
host:1.0
poppi:1.0
caught:1.0
tail:1.0
end:1.0
one:1.0
espn:1.0
anyon:1.0
report:1.0
look:1.0
teal:1.0
bleah:1.0
blue:1.0
riddl:1.0
product:1.0
1993:1.0
rap:1.0
art:1.0
ep:1.0
come:1.0
tape:1.0
time:1.0
real:1.0
e:1.0
mail:1.0
411:1.0
