derich:2.09861228866811
netcom:2.386294361119891
com:2.09861228866811
scotti:1.0
tissu:1.0
subject:1.0
15:2.09861228866811
day:2.9459101490553135
30:1.6931471805599454
60:1.6931471805599454
disabl:1.6931471805599454
list:2.09861228866811
question:1.0
organ:1.0
line:1.6931471805599454
commun:1.0
servic:1.0
408:1.0
241:1.0
9760:1.0
guest:1.0
20:1.0
curious:1.0
whenev:1.0
person:2.09861228866811
put:1.0
longer:1.0
specif:1.6931471805599454
time:1.0
seen:1.0
mayb:1.0
4:1.0
month:1.0
last:1.0
year:1.0
rememb:1.0
need:1.0
littl:1.0
clarif:1.0
scotyy:1.0
scott:1.0
allen:1.0
steinbrink:1.0
go:2.09861228866811
cleveland:2.09861228866811
cavali:1.0
nba:1.0
final:1.0
93:1.6931471805599454
indian:1.0
world:1.0
seri:1.0
digex:1.6931471805599454
brown:1.0
super:1.0
bowl:1.0
94:1.0
