jmann:2.09861228866811
vineland:2.09861228866811
pub:2.386294361119891
stratu:2.791759469228055
com:2.791759469228055
jim:1.6931471805599454
mann:1.6931471805599454
subject:1.0
rickey:2.09861228866811
henderson:2.09861228866811
articl:2.09861228866811
transfer:1.0
1psbdn:1.0
lru:1.0
repli:1.0
distribut:1.0
usa:1.0
organ:1.0
comput:1.6931471805599454
inc:1.0
marlboro:1.0
line:1.0
57:1.0
nntp:1.0
post:1.0
host:1.0
gondolin:1.0
1993apr6:1.0
155118:1.0
5779:1.0
ra:1.0
msstate:1.6931471805599454
edu:1.6931471805599454
js1:1.0
isi:1.0
jiann:1.0
ming:1.0
su:1.0
write:1.6931471805599454
ls1d6vinns65:1.0
appserv:1.0
eng:1.6931471805599454
sun:1.6931471805599454
str:1.0
mareds:1.0
todd:1.0
rader:1.0
stay:1.0
school:1.0
lot:1.6931471805599454
learn:1.6931471805599454
know:2.09861228866811
3:1.6931471805599454
million:2.791759469228055
dollar:1.6931471805599454
money:2.09861228866811
career:1.6931471805599454
basebal:1.6931471805599454
make:2.6094379124341005
near:1.6931471805599454
michael:1.0
jackson:1.0
jack:1.6931471805599454
nicholson:1.6931471805599454
bill:1.0
cosbi:1.0
much:2.386294361119891
entertain:1.0
point:1.0
understand:1.0
athlet:2.09861228866811
play:1.0
sport:1.0
live:1.0
say:1.6931471805599454
paid:2.386294361119891
enough:2.09861228866811
nobodi:1.0
sign:1.0
ask:1.0
price:1.0
one:1.6931471805599454
hurt:1.0
still:1.6931471805599454
win:2.09861228866811
without:1.6931471805599454
usual:1.0
take:1.0
away:1.0
team:1.0
best:1.0
player:1.0
expect:1.0
think:1.0
pirat:1.0
continu:1.0
barri:1.0
bond:1.0
remeb:1.0
mani:1.6931471805599454
noth:1.6931471805599454
abil:1.0
get:2.386294361119891
hard:1.6931471805599454
work:1.6931471805599454
citizen:1.6931471805599454
complain:1.0
pay:1.0
matter:1.0
problem:1.6931471805599454
alreadi:1.0
also:1.0
number:1.0
wors:1.0
reason:1.0
latter:1.0
often:1.0
happen:1.0
folk:1.0
start:1.0
real:1.0
big:1.0
salari:1.0
late:1.0
declin:1.0
except:1.0
cours:1.0
dave:1.0
parker:1.0
fell:1.0
apart:1.0
first:1.0
put:1.0
nose:1.0
