ms:2.09861228866811
netcom:2.6094379124341005
com:2.09861228866811
mark:2.09861228866811
singer:2.09861228866811
subject:1.0
young:1.0
catcher:1.0
articl:1.6931471805599454
mssc52qmx:1.0
768:1.0
organ:1.6931471805599454
onlin:1.0
commun:1.0
servic:1.0
408:1.0
241:1.0
9760:1.0
login:1.0
guest:1.0
line:1.0
86:1.0
7975:1.0
blue:1.0
ci:1.0
pitt:1.6931471805599454
edu:1.6931471805599454
genet:1.0
david:1.0
tate:1.0
write:1.0
said:1.0
know:2.09861228866811
player:2.386294361119891
age:1.0
make:2.09861228866811
much:1.6931471805599454
impact:1.0
big:2.386294361119891
especi:1.0
even:1.6931471805599454
play:1.6931471805599454
aaa:2.386294361119891
ball:1.0
ye:1.0
irrelev:1.0
talk:1.6931471805599454
averag:1.0
lot:2.09861228866811
inform:1.6931471805599454
particular:1.0
base:1.0
decis:1.0
realli:2.6094379124341005
lopez:2.6094379124341005
like:1.6931471805599454
hit:2.6094379124341005
well:2.791759469228055
last:1.0
year:2.386294361119891
adjust:1.6931471805599454
stat:2.09861228866811
park:1.0
leagu:1.6931471805599454
better:2.09861228866811
absolut:1.0
scale:1.0
olson:1.0
berryhil:1.0
tell:1.6931471805599454
percentag:1.0
reach:1.0
exceed:1.0
mle:1.6931471805599454
rooki:1.0
season:2.6094379124341005
1993:1.0
rush:1.0
qualit:1.0
differ:1.6931471805599454
minor:2.09861228866811
major:1.6931471805599454
requir:1.0
period:1.0
believ:1.0
rather:1.6931471805599454
wast:1.0
22:1.0
old:2.09861228866811
good:2.6094379124341005
23:1.0
24:1.0
excel:1.0
sooner:1.0
get:2.386294361119891
acclim:1.6931471805599454
prime:1.0
use:1.0
purpos:1.0
mayb:2.09861228866811
offerman:1.0
spent:1.0
1992:1.0
dodger:1.0
team:1.6931471805599454
paid:1.0
price:1.0
perhap:1.0
reap:1.0
benefit:1.0
road:1.0
think:1.6931471805599454
would:1.6931471805599454
done:1.6931471805599454
compet:1.0
pennant:1.0
588:1.0
17:1.6931471805599454
ab:2.09861228866811
cut:1.0
spring:2.09861228866811
train:2.09861228866811
earn:1.0
chanc:1.0
full:1.0
time:1.0
job:1.0
least:1.0
coupl:1.0
start:1.0
prove:1.0
worth:1.0
point:1.6931471805599454
signific:1.0
sampl:1.0
anyth:1.0
caus:1.0
blockhead:1.0
manag:1.0
question:1.0
whether:1.0
number:1.0
real:1.0
send:1.0
warm:1.0
head:1.0
amaz:1.0
put:1.0
credenc:1.0
notic:1.0
got:1.0
10:1.0
go:1.0
kid:1.6931471805599454
improv:2.09861228866811
keith:2.09861228866811
mitchel:2.09861228866811
wait:1.0
minut:1.0
miss:1.0
someth:1.0
first:1.0
forget:1.0
say:1.0
move:2.09861228866811
aa:2.386294361119891
direct:1.0
leap:1.0
sign:1.0
belong:1.0
recal:1.0
book:1.0
handi:1.0
surpris:1.0
jump:1.0
atlanta:1.0
1991:1.0
return:1.0
career:1.0
jeopardi:1.0
fit:1.0
right:1.0
club:1.0
one:1.6931471805599454
step:1.0
away:1.0
trade:1.0
basebal:1.6931471805599454
duh:1.0
far:1.0
counter:1.0
propos:1.0
understand:1.6931471805599454
overvalu:1.6931471805599454
experi:1.6931471805599454
combin:1.0
two:1.0
interpret:1.0
flatter:1.0
cast:1.0
certainli:1.0
may:1.6931471805599454
neither:1.0
u:1.0
run:1.0
tthe:1.0
beastmast:1.0
