niepornt:1.6931471805599454
phoenix:2.09861228866811
princeton:2.386294361119891
edu:2.791759469228055
david:2.09861228866811
marc:1.0
niepor:1.6931471805599454
subject:1.0
design:1.6931471805599454
hitter:1.6931471805599454
rule:2.386294361119891
origin:1.0
news:1.0
nimast:1.0
nntp:1.0
post:1.0
host:1.0
organ:1.0
univers:1.0
line:1.0
17:1.0
ekdfc:1.6931471805599454
14:1.0
0:1.0
ttacs1:1.6931471805599454
ttu:1.6931471805599454
coon:1.0
write:1.6931471805599454
1993apr4:1.0
221228:1.0
17577:1.0
bsu:1.6931471805599454
uc:1.0
00ecgillespi:1.6931471805599454
leo:1.0
bsuvc:1.0
postit:1.0
paper:1.0
inform:1.0
even:1.0
opinion:1.0
would:1.0
greatli:1.0
apprecit:1.0
magic:1.0
rescind:1.0
say:1.6931471805599454
basebal:1.0
game:1.0
two:1.0
team:1.0
nine:1.0
player:1.0
let:1.0
keep:1.0
way:1.0
pretti:1.0
dumb:1.0
argument:1.0
one:1.0
thing:1.0
wrong:1.0
theori:1.6931471805599454
stupid:1.0
stupidest:1.0
ever:1.0
heard:1.0
baltimor:1.0
oriol:1.0
93:1.0
danger:1.0
cult:1.0
bd:1.0
batf:1.0
