organ:1.0
univers:1.6931471805599454
main:2.791759469228055
system:1.0
ryan:1.6931471805599454
robbin:1.6931471805599454
io20456:1.6931471805599454
edu:1.6931471805599454
subject:1.0
design:1.0
hitter:1.0
rule:1.0
1993apr5:1.0
153407:1.0
19101:1.0
hpcvaac:1.0
cv:1.0
hp:1.0
com:1.0
line:1.0
8:1.0
actual:1.0
number:1.0
player:1.0
side:1.0
25:1.0
man:1.6931471805599454
roster:1.6931471805599454
40:1.0
etc:1.0
penobscot:1.0
hall:1.0
