cwamsley:1.0
magnu:2.09861228866811
ac:1.6931471805599454
ohio:2.09861228866811
state:2.09861228866811
edu:2.386294361119891
christoph:1.0
wamsley:1.0
subject:1.0
new:2.791759469228055
uniform:2.6094379124341005
articl:1.6931471805599454
1993apr6:1.0
121706:1.0
8533:1.0
organ:1.0
univers:1.0
line:1.0
19:1.0
nntp:1.0
post:1.0
host:1.0
magnusug:1.0
c51vwc:1.0
lru:1.0
usenet:1.0
uc:1.6931471805599454
indiana:1.6931471805599454
bodom:1.0
silver:1.0
br:1.0
ian:1.0
odom:1.0
write:1.0
far:1.0
know:1.0
toronto:2.6094379124341005
pittsburgh:2.386294361119891
york:2.6094379124341005
nl:1.0
chang:2.09861228866811
everi:1.6931471805599454
year:2.6094379124341005
e:1.0
g:1.0
say:1.0
met:1.0
cursiv:1.6931471805599454
cap:1.6931471805599454
minor:1.0
often:1.0
last:2.09861228866811
think:1.0
blue:1.6931471805599454
jay:1.6931471805599454
depend:1.0
talk:1.0
coupl:1.0
believ:1.6931471805599454
use:1.0
least:1.0
similar:1.0
home:1.0
jersey:1.6931471805599454
team:1.6931471805599454
nick:1.0
name:1.6931471805599454
pirat:1.0
road:1.0
citi:1.0
way:1.0
design:1.0
chri:1.0
