mjone:2.09861228866811
fenway:1.0
aix:2.6094379124341005
kingston:2.386294361119891
ibm:2.386294361119891
com:2.386294361119891
mike:1.6931471805599454
jone:1.6931471805599454
subject:1.0
belat:1.0
predict:1.0
nl:1.0
repli:1.0
donald:1.6931471805599454
organ:1.0
esa:1.0
develop:1.6931471805599454
ny:1.0
line:1.0
34:1.0
ms:1.0
netcom:1.0
mark:1.0
singer:1.0
write:1.6931471805599454
articl:1.0
apr:1.0
4:1.0
19:1.0
42:1.0
08:1.0
1993:1.0
12176:1.0
pilot:1.6931471805599454
njin:1.6931471805599454
net:1.6931471805599454
gajarski:1.6931471805599454
bob:1.0
hobokenit:1.0
javier:1.0
lopez:1.6931471805599454
better:1.6931471805599454
catcher:2.09861228866811
greg:1.0
olson:1.6931471805599454
ever:1.6931471805599454
histori:1.0
basebal:1.0
22:2.09861228866811
year:3.0794415416798357
old:2.6094379124341005
younger:1.0
rooki:3.0794415416798357
compar:1.0
favor:1.6931471805599454
among:1.0
leagu:1.6931471805599454
term:1.0
defens:1.0
brought:1.0
247:1.0
bat:1.0
sandi:1.6931471805599454
alomar:1.6931471805599454
suppos:1.6931471805599454
good:1.6931471805599454
benito:1.6931471805599454
santiago:1.6931471805599454
hrm:1.0
24:1.0
132:1.0
game:2.09861228866811
290:1.0
326:1.0
418:1.0
threw:1.6931471805599454
baserunn:1.6931471805599454
146:1.0
300:1.0
324:1.0
467:1.0
ivan:1.0
rodriguez:1.0
20:1.0
88:1.0
264:1.0
276:1.0
354:1.0
exactli:1.0
suck:1.0
behind:1.6931471805599454
plate:1.6931471805599454
continu:1.0
thread:1.0
other:1.6931471805599454
mention:1.0
get:1.0
point:1.0
seem:1.0
quick:1.0
dismiss:1.0
season:1.6931471805599454
veteran:1.0
hot:1.0
young:1.0
perhap:2.09861228866811
manag:1.0
team:1.0
pennant:1.0
win:1.0
brave:1.0
know:1.6931471805599454
someth:1.0
21:1.0
come:1.0
major:1.6931471805599454
make:1.6931471805599454
impact:1.0
true:1.0
import:1.0
realiz:1.0
one:1.0
last:1.0
adjust:1.0
equival:1.0
306:1.0
330:1.0
472:1.0
15:1.0
hr:1.0
bad:1.0
238:1.0
316:1.0
328:1.0
high:1.0
end:1.0
would:1.0
admir:1.0
hit:1.6931471805599454
ryne:1.0
duren:1.0
head:1.0
might:1.0
past:1.0
ten:1.0
casey:1.0
stengel:1.0
