jhunter:2.09861228866811
mta:2.09861228866811
ca:2.09861228866811
john:1.6931471805599454
hunter:1.0
subject:1.0
white:1.6931471805599454
sox:1.6931471805599454
mail:2.09861228866811
list:1.6931471805599454
repli:1.0
organ:1.0
mount:1.0
allison:1.0
u:1.0
sackvil:1.0
n:1.0
b:1.0
canada:1.0
line:1.0
9:1.0
hi:1.0
gang:1.0
like:1.0
subscrib:1.0
one:1.0
exist:1.0
someon:1.0
plea:1.0
e:1.0
address:1.0
thank:1.0
alot:1.0
