roger:2.6094379124341005
crux:1.6931471805599454
princeton:2.386294361119891
edu:2.6094379124341005
lustig:1.6931471805599454
subject:1.0
mike:2.09861228866811
francesa:2.386294361119891
1993:1.0
predict:1.6931471805599454
origin:1.0
news:1.0
nimast:1.0
nntp:1.0
post:1.0
host:1.0
repli:1.0
astro:1.0
organ:1.0
univers:1.0
line:1.0
24:1.0
articl:2.09861228866811
1993apr5:1.0
123904:1.0
17806:1.0
portho:1.6931471805599454
cc:2.386294361119891
bellcor:2.386294361119891
com:2.386294361119891
dick1:1.6931471805599454
herahera:1.6931471805599454
vaughn:1.6931471805599454
richard:1.6931471805599454
write:2.09861228866811
1993apr2:1.6931471805599454
171819:1.0
1:1.0
ulkyvx:1.6931471805599454
louisvil:1.6931471805599454
pjtier01:1.0
133703:1.0
28131:1.0
mention:1.0
93:1.0
basebal:1.0
pick:1.0
pas:1.0
radio:1.6931471805599454
yesterday:1.0
talkin:1.0
opinion:1.0
well:1.0
worth:1.0
consider:1.0
inde:1.0
wizard:1.0
foresaw:1.0
year:1.0
big:1.0
east:1.0
ncaa:1.0
tournament:1.0
unfortunatli:1.0
none:1.0
team:1.0
made:1.0
sweet:1.0
sixteen:1.0
much:1.0
le:1.0
new:1.0
orlean:1.0
neither:1.0
overal:1.6931471805599454
outstand:1.0
record:1.0
figur:1.0
ignor:1.0
peril:1.0
far:1.0
explod:1.0
tune:1.0
660:1.0
