mmontgom:1.0
liberti:1.0
uc:1.0
wlu:1.0
edu:1.0
matthew:1.0
r:1.0
montgomeri:1.6931471805599454
subject:1.0
surg:1.0
last:1.0
two:1.0
week:1.0
organ:1.0
washington:1.0
lee:1.0
univers:1.0
x:1.0
newsread:1.0
tin:1.0
version:1.0
1:1.6931471805599454
pl8:1.0
line:1.0
15:1.0
twatch:1.0
u:2.386294361119891
soar:1.0
1993:2.386294361119891
watch:2.09861228866811
stone:1.0
mayb:1.0
suck:1.0
even:1.0
sore:1.0
matt:1.0
realli:1.0
like:1.0
philli:1.0
