genet:1.0
pitt:1.0
edu:1.0
david:1.6931471805599454
tate:1.6931471805599454
subject:1.0
young:1.0
catcher:2.09861228866811
articl:1.0
blue:1.0
7975:1.0
organ:1.6931471805599454
depart:1.0
industri:1.0
engin:1.0
line:1.0
115:1.0
ms:1.0
netcom:1.0
com:1.0
mark:1.6931471805599454
singer:1.0
said:1.0
know:2.386294361119891
player:3.302585092994046
age:2.09861228866811
make:1.0
much:1.6931471805599454
impact:1.0
big:2.9459101490553135
especi:1.0
even:2.386294361119891
play:2.791759469228055
aaa:2.6094379124341005
ball:1.0
ye:1.0
irrelev:1.0
talk:1.6931471805599454
averag:1.6931471805599454
lot:1.6931471805599454
inform:1.0
particular:1.0
base:1.0
decis:1.0
might:2.386294361119891
well:2.6094379124341005
say:1.0
peopl:1.0
7:1.0
foot:1.6931471805599454
tall:1.0
chanc:1.6931471805599454
manut:1.0
bol:1.0
realli:2.09861228866811
6:1.0
4:1.0
mayb:2.09861228866811
need:1.6931471805599454
improv:1.6931471805599454
write:1.0
skill:1.0
lopez:3.302585092994046
ordinari:1.0
defens:2.09861228866811
like:2.09861228866811
hit:3.0794415416798357
22:2.09861228866811
level:1.0
probabl:2.09861228866811
good:3.3978952727983707
idea:1.0
rush:1.6931471805599454
brave:2.386294361119891
lineup:1.6931471805599454
1993:1.0
last:1.0
year:2.9459101490553135
adjust:1.6931471805599454
stat:1.0
park:1.0
leagu:1.6931471805599454
better:2.09861228866811
absolut:1.0
scale:1.0
olson:1.6931471805599454
berryhil:1.6931471805599454
qualit:1.0
differ:1.6931471805599454
minor:1.6931471805599454
major:1.0
requir:1.0
period:1.0
believ:1.6931471805599454
rather:2.386294361119891
wast:1.0
old:2.09861228866811
season:2.6094379124341005
23:1.0
24:1.0
excel:2.09861228866811
sooner:1.0
get:2.09861228866811
acclim:1.0
prime:1.0
use:1.0
588:1.0
17:2.09861228866811
ab:2.386294361119891
cut:1.0
spring:1.6931471805599454
train:1.6931471805599454
earn:1.6931471805599454
full:1.0
time:1.6931471805599454
job:1.0
least:1.0
coupl:1.0
start:1.6931471805599454
prove:1.0
worth:1.0
gee:1.0
sound:1.0
pretti:1.0
reason:1.6931471805599454
kid:1.6931471805599454
back:1.0
role:1.0
everi:1.6931471805599454
day:1.0
gm:1.0
point:1.0
signific:1.0
sampl:1.0
done:1.0
anyth:1.0
caus:1.0
blockhead:1.0
manag:1.0
question:1.6931471805599454
whether:1.0
number:1.0
real:1.0
send:1.0
warm:1.0
ok:1.0
readi:1.6931471805599454
never:1.0
javi:1.0
benefit:1.0
stagnant:1.0
hurt:1.0
see:1.0
solid:2.6094379124341005
help:1.0
club:1.0
argument:1.0
could:1.6931471805599454
appli:1.0
frank:1.0
thoma:1.0
barri:1.0
bond:1.0
either:1.0
two:2.09861228866811
demonstr:1.6931471805599454
abil:1.6931471805599454
call:1.0
game:1.0
work:1.0
pitcher:1.0
throw:1.0
runner:1.0
inabl:1.0
way:1.0
soap:1.0
bubbl:1.0
superstar:1.6931471805599454
mind:1.0
experienc:1.0
veteran:1.0
star:1.0
charit:1.0
bat:2.6094379124341005
outfield:1.0
platoon:2.09861228866811
first:1.0
mvp:1.0
candid:1.0
third:1.0
one:1.0
shortstop:1.6931471805599454
ummm:1.0
justic:1.0
fine:1.0
hitter:1.0
pendleton:1.0
anoth:1.0
also:1.0
spend:1.0
hamstr:1.0
hell:1.0
gant:1.0
bream:1.0
hunter:1.0
decent:1.0
rotten:1.0
obp:1.0
slg:1.0
depend:1.0
blauser:1.0
valuabl:1.0
center:1.0
field:1.0
300:1.0
howev:1.0
given:1.6931471805599454
offset:1.0
differenti:1.0
experi:2.09861228866811
wan:1.0
na:1.0
bet:1.0
20:1.0
30:1.0
run:1.0
cours:1.0
choic:1.0
take:1.0
latter:1.0
keith:1.0
mitchel:1.0
surpris:1.0
spell:1.0
poster:1.0
think:1.6931471805599454
held:1.0
futur:1.0
potenti:1.0
far:1.0
counter:1.0
propos:1.0
understand:1.6931471805599454
overvalu:1.0
combin:1.0
interpret:1.0
flatter:1.0
idiot:1.0
built:1.0
ballclub:1.0
argu:1.0
inflammatori:1.0
repli:1.0
delet:1.0
close:1.0
pose:1.0
open:1.0
someth:1.0
e:1.6931471805599454
pocket:1.0
glove:1.0
deeper:1.0
pete:1.0
rose:1.0
dy:1.0
cum:1.0
nobodi:1.0
tim:1.0
rain:1.0
soft:1.0
hand:1.0
