u96:1.0
msopher:1.0
vaxc:1.0
steven:1.6931471805599454
tech:1.0
edu:1.0
subject:1.0
phil:1.6931471805599454
still:1.0
look:1.0
immacul:1.0
line:1.0
18:1.0
organ:1.0
institut:1.0
technolog:1.0
ladi:1.0
gentleman:1.0
tstep:1.0
one:1.0
taken:1.0
triumphant:1.0
trip:1.0
year:1.0
tonight:1.6931471805599454
ye:1.0
english:1.0
tmulholland:1.0
era:1.0
game:1.0
0:1.0
00:1.0
nice:1.0
tri:1.0
drabek:1.0
tninja:1.0
jew:1.0
