djs9683:1.6931471805599454
ritvax:1.6931471805599454
isc:2.09861228866811
rit:2.09861228866811
edu:2.09861228866811
subject:1.0
finnal:1.0
phil:1.0
support:1.0
nntp:1.0
post:1.0
host:1.0
vaxc:1.0
repli:2.09861228866811
organ:1.0
rochest:1.0
institut:1.0
technolog:1.0
philli:1.6931471805599454
pick:2.09861228866811
first:1.0
someon:1.0
peopl:1.6931471805599454
met:1.0
last:1.0
year:1.0
yeah:1.0
may:1.0
true:1.0
fritz:1.0
