pkeenan:1.0
psych:1.0
uiuc:1.6931471805599454
edu:1.0
patricia:1.0
keenan:1.0
subject:1.0
quick:1.0
easi:1.6931471805599454
question:1.6931471805599454
organ:1.0
depart:1.0
psycholog:1.0
line:1.0
16:1.0
rauser:2.386294361119891
fraser:1.0
sfu:1.6931471805599454
ca:1.6931471805599454
richard:1.6931471805599454
john:1.0
write:1.0
someon:1.0
know:1.0
noth:1.0
basebal:1.0
citi:1.0
california:1.0
angel:1.0
play:1.0
anaheim:1.0
j:1.0
idea:1.0
oh:1.0
worri:1.0
profession:1.0
wni:1.0
outlaw:1.0
live:1.0
rememb:1.0
matter:1.0
go:1.0
dr:1.0
banzai:1.0
