rickert:2.791759469228055
nextwork:2.386294361119891
rose:2.6094379124341005
hulman:2.6094379124341005
edu:2.791759469228055
john:2.09861228866811
h:1.6931471805599454
subject:1.0
93:1.6931471805599454
pick:2.791759469228055
one:1.6931471805599454
comment:1.0
organ:1.0
comput:1.0
scienc:1.0
depart:1.0
line:1.0
53:1.0
distribut:1.0
na:1.0
repli:1.0
nntp:1.0
post:1.0
host:1.0
g215a:1.0
1:2.09861228866811
articl:1.0
jfr2:1.6931471805599454
733938351:1.0
ra:1.6931471805599454
msstate:1.6931471805599454
jacki:1.0
f:1.0
russel:1.0
write:1.6931471805599454
psg:1.0
pitt:1.0
paul:1.0
galvanek:1.0
sinc:1.6931471805599454
well:1.6931471805599454
last:3.0794415416798357
year:2.386294361119891
anoth:1.6931471805599454
shot:1.6931471805599454
winner:1.0
loser:1.0
skip:1.0
commentari:1.0
finish:2.6094379124341005
due:1.0
lack:1.0
time:1.0
flame:1.0
war:1.0
8:1.6931471805599454
tkansa:1.0
citi:1.0
t25:1.0
0:2.6094379124341005
think:2.386294361119891
kc:1.0
much:1.0
better:1.0
top:1.0
divis:1.0
bottom:1.0
word:1.6931471805599454
cone:1.0
help:1.0
thing:1.6931471805599454
tremend:1.0
way:1.6931471805599454
mark:1.0
offens:1.6931471805599454
make:1.0
also:1.6931471805599454
polici:1.0
never:1.0
buck:1.0
rodger:1.0
team:2.9459101490553135
tflorida:1.0
t12:1.0
tchicago:1.0
t20:1.0
dont:1.0
know:1.0
expans:2.09861228866811
ever:1.6931471805599454
might:1.0
first:1.6931471805599454
hasnt:1.0
happen:1.0
cub:1.6931471805599454
wors:1.0
1961:1.0
angel:1.0
2:1.6931471805599454
game:2.09861228866811
7th:1.0
athlet:1.6931471805599454
senat:1.0
tie:1.0
1962:1.0
colt:1.0
45:1.0
finsh:2.386294361119891
8th:1.0
ahead:2.09861228866811
met:1.0
1969:1.0
royal:1.0
4th:1.0
white:1.0
sox:1.0
pilot:1.0
1977:1.0
marin:1.0
6th:1.0
appar:1.0
poor:1.0
chicago:1.0
around:1.0
good:1.0
nation:1.0
leagu:1.0
west:1.0
tcincinnati:1.0
thouston:1.0
5:1.0
tatlanta:1.0
argh:1.0
obvious:1.0
dead:1.0
wrong:1.0
yanke:1.6931471805599454
20:1.0
30:1.0
nice:1.0
setup:1.0
come:1.0
brave:1.6931471805599454
star:1.0
abl:1.0
beat:1.0
may:1.0
appropri:1.0
comparison:1.0
1929:1.0
31:1.0
2nd:1.6931471805599454
3rd:1.0
18:1.0
16:1.0
13:1.0
1933:1.0
34:1.0
35:1.0
second:1.0
though:1.0
7:1.6931471805599454
3:1.0
even:1.0
great:1.0
lose:1.0
play:1.0
season:1.0
hand:1.0
still:1.0
go:1.0
predict:1.0
marlin:1.0
70:1.0
win:1.6931471805599454
rocki:1.6931471805599454
50:1.0
fan:1.0
claim:1.0
adequ:1.0
