spl2:2.09861228866811
po:2.09861228866811
cwru:2.09861228866811
edu:2.791759469228055
sam:1.6931471805599454
lubchanski:1.6931471805599454
subject:1.6931471805599454
joe:2.09861228866811
robbi:2.09861228866811
stadium:2.386294361119891
basebal:2.791759469228055
articl:1.6931471805599454
114:1.0
734131045:1.0
organ:1.0
case:1.0
western:1.0
reserv:1.0
univers:1.0
line:1.0
27:1.6931471805599454
nntp:1.0
post:1.6931471805599454
host:1.0
b61644:1.0
student:1.0
1993apr6:1.0
025027:1.0
4846:1.0
oswego:2.386294361119891
iacs3650:1.6931471805599454
kevin:1.6931471805599454
mundstock:1.6931471805599454
write:1.0
date:1.0
6:1.0
apr:1.0
93:1.0
02:1.0
50:1.0
gmt:1.0
anyon:1.0
notic:1.0
word:1.6931471805599454
print:1.0
pictur:2.09861228866811
open:1.6931471805599454
day:1.0
season:1.6931471805599454
preview:1.0
section:1.0
usa:1.0
today:1.0
reason:1.0
given:1.0
would:2.09861228866811
assum:1.0
saw:1.0
indic:1.0
seat:2.09861228866811
avail:1.0
game:1.0
look:1.6931471805599454
diamond:1.0
relat:1.0
area:1.0
mark:1.0
terribl:1.0
watch:1.0
happen:1.0
reach:1.0
imagin:1.0
consid:1.0
sure:1.0
worri:1.0
futur:1.0
champion:1.0
peopl:1.0
see:1.6931471805599454
like:1.0
loser:1.0
actual:1.0
treat:1.0
scorn:1.0
sugari:1.0
condiment:1.0
secur:1.0
initi:1.0
pleasur:1.0
ferment:1.0
grain:1.0
decidedli:1.0
parsimoni:1.0
time:1.0
