g:1.0
r:1.0
price:1.0
cm:1.0
cf:1.0
ac:1.0
uk:1.6931471805599454
that:1.0
fact:1.0
subject:1.0
sax:1.0
organ:1.0
univers:1.0
wale:1.6931471805599454
colleg:1.0
cardiff:1.6931471805599454
line:1.0
5:1.0
news:1.0
steve:1.0
statu:1.0
sinc:1.0
lost:1.0
start:1.0
job:1.0
would:1.0
appreci:1.0
thank:1.0
gwyn:1.0
