iacs3650:1.6931471805599454
oswego:2.6094379124341005
edu:1.6931471805599454
kevin:2.386294361119891
mundstock:1.6931471805599454
subject:1.0
predict:1.6931471805599454
1993:1.0
repli:1.0
organ:1.0
instruct:1.0
comput:1.0
center:1.0
suni:1.0
ny:1.0
line:1.0
62:1.0
sinc:1.0
everyon:1.0
el:1.0
seem:1.6931471805599454
run:1.0
wild:1.0
decid:1.0
add:1.0
fuel:1.0
fire:1.0
might:1.0
bit:1.0
normal:1.0
albeit:1.0
small:1.0
surpris:1.0
american:1.6931471805599454
leagu:2.386294361119891
east:1.6931471805599454
w:2.386294361119891
l:2.386294361119891
tgb:2.386294361119891
1:2.386294361119891
new:1.6931471805599454
york:1.6931471805599454
yanke:1.0
t93:1.0
t69:1.0
2:2.9459101490553135
baltimor:1.0
oriol:1.0
t90:1.0
t72:1.0
3:2.791759469228055
toronto:1.0
blue:1.0
jay:1.0
t86:1.0
t76:1.0
7:2.9459101490553135
4:2.386294361119891
cleveland:1.0
indian:1.0
84:1.0
78:1.0
9:1.6931471805599454
5:2.386294361119891
boston:1.0
red:1.6931471805599454
sox:1.6931471805599454
t77:2.09861228866811
t85:2.09861228866811
t16:1.0
6:2.386294361119891
milwauke:1.0
brewer:1.0
t74:2.09861228866811
t88:2.09861228866811
t19:1.0
detroit:1.0
tiger:1.0
t73:2.386294361119891
t89:2.09861228866811
t20:1.6931471805599454
west:1.6931471805599454
minnesota:2.09861228866811
twin:1.6931471805599454
t94:1.6931471805599454
t68:1.6931471805599454
kansa:1.0
citi:1.0
royal:1.0
t92:1.6931471805599454
t70:1.6931471805599454
texa:1.0
ranger:1.0
chicago:1.6931471805599454
white:1.0
t17:1.0
oakland:1.0
athlet:1.0
seattl:1.0
marin:1.0
t24:1.0
california:1.0
angel:1.6931471805599454
t65:1.0
t97:1.0
t29:1.0
al:2.791759469228055
mvp:1.6931471805599454
kirbi:1.0
puckett:1.0
cy:1.6931471805599454
young:1.6931471805599454
appier:1.0
rooki:1.6931471805599454
year:2.791759469228055
tim:1.0
salmon:1.0
manag:1.6931471805599454
buck:1.0
showalt:1.0
comeback:1.6931471805599454
player:1.6931471805599454
ozzi:1.0
guillen:1.0
nation:1.6931471805599454
st:2.386294361119891
loui:2.386294361119891
cardin:2.09861228866811
t91:1.0
t71:1.0
philadelphia:1.0
philli:1.0
89:1.0
montreal:1.0
expo:1.0
met:1.0
t84:1.0
t78:1.0
cub:1.0
t79:1.0
t83:1.0
t12:1.0
pittsburgh:1.0
pirat:1.0
t18:1.0
florida:1.0
marlin:1.0
t54:1.0
108:1.0
t37:1.6931471805599454
atlanta:1.0
brave:2.09861228866811
t96:1.0
t66:1.0
cincinnati:1.0
houston:1.0
astro:1.0
lo:1.0
dodger:1.0
t82:1.0
t80:1.0
t14:1.0
san:1.6931471805599454
francisco:1.0
giant:1.0
t81:1.6931471805599454
t15:1.0
diego:1.0
padr:1.0
t75:1.0
t87:1.0
t21:1.0
colorado:1.0
rocki:1.0
t59:1.0
103:1.0
nl:2.791759469228055
barri:1.0
larkin:1.0
john:1.0
smoltz:1.0
wil:1.0
cordero:1.0
joe:1.0
torr:1.0
eric:1.0
davi:1.0
champion:2.09861228866811
world:1.0
pick:1.0
heart:1.0
say:1.6931471805599454
brain:1.0
win:1.6931471805599454
divis:1.0
lose:1.0
nlc:1.0
seri:1.0
stick:1.0
card:1.0
way:1.0
