snichol:1.6931471805599454
adob:2.09861228866811
com:1.6931471805599454
sherri:1.6931471805599454
nichol:1.6931471805599454
subject:1.0
young:1.0
catcher:1.0
organ:1.0
system:1.0
incorpor:1.0
line:1.6931471805599454
38:1.0
articl:1.0
7975:1.0
blue:1.0
ci:1.0
pitt:1.6931471805599454
edu:1.6931471805599454
genet:1.0
david:1.6931471805599454
tate:1.0
write:1.0
rush:2.791759469228055
realli:1.6931471805599454
qualit:1.0
differ:1.0
minor:2.6094379124341005
major:2.386294361119891
requir:1.0
period:1.0
adjust:1.0
believ:1.0
rather:1.6931471805599454
wast:1.0
lopez:1.0
22:2.09861228866811
year:2.791759469228055
old:2.09861228866811
good:1.6931471805599454
season:2.386294361119891
23:1.0
24:1.6931471805599454
excel:1.0
sooner:1.6931471805599454
get:1.6931471805599454
acclim:1.0
prime:1.0
use:1.0
anybodi:1.0
name:1.0
player:3.0794415416798357
let:1.6931471805599454
argument:1.0
sake:1.0
defin:1.0
brought:1.0
cup:1.0
coffe:1.0
prior:1.0
age:2.386294361119891
younger:1.0
perform:2.6094379124341005
expect:2.09861228866811
whose:1.0
career:2.386294361119891
damag:1.6931471805599454
seriou:1.0
tend:1.0
agre:1.0
bring:1.6931471805599454
better:2.09861228866811
like:2.09861228866811
look:1.6931471805599454
theori:1.0
work:1.0
prefer:1.0
within:1.0
last:1.0
10:1.0
leagu:2.6094379124341005
stat:1.0
import:1.0
distinguish:1.0
legitim:1.0
number:2.09861228866811
would:2.09861228866811
project:1.0
oppos:1.0
hype:1.0
fail:1.0
actual:1.0
kick:1.0
exampl:1.0
although:1.0
seem:1.0
jay:1.0
bell:1.0
given:1.0
135:1.0
pa:1.6931471805599454
21:1.0
well:1.6931471805599454
aaa:1.6931471805599454
got:1.0
236:1.0
next:1.6931471805599454
still:1.0
underperform:1.0
howev:1.0
improv:1.0
everyday:1.0
shortstop:1.0
job:1.0
ever:1.0
sinc:1.0
hard:1.0
see:1.0
stay:1.0
quit:1.0
time:1.6931471805599454
cleveland:1.0
might:1.6931471805599454
suppos:1.0
le:1.0
give:1.0
ye:1.0
earli:1.0
go:1.0
struggl:1.6931471805599454
delay:1.0
stop:1.0
start:1.0
