dougb:2.6094379124341005
comm:2.09861228866811
mot:2.09861228866811
com:2.09861228866811
doug:1.6931471805599454
bank:1.6931471805599454
subject:1.0
info:1.0
need:1.0
cleveland:2.386294361119891
ticket:2.386294361119891
repli:1.0
ec:1.6931471805599454
organ:1.0
motorola:1.6931471805599454
land:1.0
mobil:1.0
product:1.0
sector:1.6931471805599454
distribut:1.0
usa:1.0
nntp:1.0
post:1.0
host:1.0
145:1.0
1:1.0
146:1.0
35:1.0
line:1.0
17:1.0
articl:1.0
1993apr1:1.0
234031:1.0
4950:1.0
leland:1.6931471805599454
stanford:1.6931471805599454
edu:2.386294361119891
bohnert:1.6931471805599454
matthew:1.0
write:1.0
go:1.0
thursday:1.0
april:2.09861228866811
15:1.0
sunday:1.0
18:1.0
anybodi:1.0
know:1.0
tribe:1.6931471805599454
town:1.6931471805599454
date:1.0
play:1.6931471805599454
avail:1.6931471805599454
16:1.0
19th:1.0
alway:1.0
though:1.0
toronto:2.09861228866811
mani:1.0
fan:1.0
make:1.0
trip:1.0
easier:1.0
get:1.0
either:1.0
way:1.0
serious:1.0
doubt:1.0
sell:1.0
end:1.0
season:1.0
privat:1.0
system:1.0
divis:1.0
commun:1.0
nwu:1.6931471805599454
schaumburg:1.0
illinoi:1.0
casbah:1.0
acn:1.0
708:1.0
576:1.0
8207:1.0
