kahn:1.6931471805599454
troi:1.6931471805599454
cc:1.6931471805599454
rochest:2.386294361119891
edu:1.6931471805599454
jame:1.0
subject:1.0
david:1.6931471805599454
well:1.6931471805599454
nntp:1.0
post:1.0
host:1.0
organ:1.0
univers:1.0
ny:1.0
line:1.0
9:1.0
articl:1.0
1993apr5:1.0
124526:1.0
10219:1.0
iccgcc:1.6931471805599454
decnet:1.6931471805599454
ab:1.6931471805599454
com:1.6931471805599454
carrd:1.0
write:1.0
land:1.0
team:1.0
yet:1.0
think:1.0
tiger:1.0
anem:1.0
pitch:1.0
would:1.0
grab:1.0
guy:1.0
pronto:1.0
950k:1.0
jim:1.0
