organ:1.0
univers:1.0
illinoi:1.0
chicago:1.0
academ:1.0
comput:1.0
center:1.0
david:1.0
browdi:1.0
u31851:1.0
uicvm:1.0
uic:1.0
edu:1.6931471805599454
subject:1.0
cub:1.6931471805599454
expo:1.0
roster:1.0
question:1.0
0096b0f0:1.0
c5de05a0:1.0
msu:1.0
osc:1.0
montana:1.0
line:1.0
1:1.0
make:1.0
room:1.0
harkey:1.0
sent:1.0
shawn:1.0
boski:1.0
aaa:1.0
