philli:1.0
ravel:1.6931471805599454
udel:1.6931471805599454
edu:2.09861228866811
robert:1.0
c:1.0
hite:1.0
subject:1.0
dave:1.0
kingman:1.0
hall:2.6094379124341005
fame:2.09861228866811
nntp:1.0
post:1.0
host:1.0
organ:1.0
univers:1.0
delawar:1.0
line:1.0
39:1.0
articl:1.0
1993apr15:1.0
093231:1.0
5148:1.0
news:1.0
yale:1.0
steve:2.09861228866811
tomassi:1.0
write:1.0
honestli:1.0
ozzi:1.6931471805599454
smith:1.6931471805599454
robin:1.6931471805599454
yount:1.6931471805599454
belong:1.0
shortstop:1.0
hung:1.6931471805599454
around:2.386294361119891
long:2.386294361119891
time:1.6931471805599454
big:1.6931471805599454
deal:1.6931471805599454
real:1.0
mani:1.0
gold:1.0
glove:1.0
guy:2.386294361119891
hit:2.6094379124341005
30:1.0
homer:1.0
year:1.6931471805599454
15:1.0
given:1.0
defens:1.0
import:1.0
would:1.0
stuck:1.6931471805599454
enough:1.6931471805599454
get:1.0
3:2.09861228866811
000:2.09861228866811
say:1.0
fluke:1.0
let:1.0
littl:1.6931471805599454
select:1.0
huh:1.0
stop:1.0
hand:1.0
honor:1.0
liber:1.0
save:1.0
realli:1.0
deserv:2.09861228866811
face:1.0
someth:1.0
done:1.6931471805599454
prestig:1.0
anymor:1.0
certain:1.0
individu:1.0
believ:1.0
garvey:1.6931471805599454
jack:1.0
morri:1.6931471805599454
potenti:1.0
candid:1.0
absurd:1.0
appar:1.0
gee:1.0
even:1.6931471805599454
compar:2.09861228866811
agre:1.0
like:2.386294361119891
futur:1.0
famer:1.0
kirbi:1.6931471805599454
puckett:1.6931471805599454
nolan:2.09861228866811
ryan:2.09861228866811
well:1.0
base:1.0
argument:1.0
right:1.0
hander:1.0
could:1.0
throw:1.0
hard:1.0
20:1.0
game:1.6931471805599454
win:1.0
season:2.386294361119891
lot:1.6931471805599454
lose:1.0
walk:1.0
cy:1.0
young:1.0
award:1.0
carlton:1.0
domin:1.0
5:1.6931471805599454
6:1.0
major:1.0
leagu:1.0
7:1.0
divison:1.0
2:1.0
world:1.0
seri:1.0
half:1.0
team:1.0
1972:1.0
close:1.0
give:1.0
think:1.0
