organ:1.0
univers:1.0
notr:1.0
dame:1.0
offic:1.0
univ:1.0
comput:1.0
rvesterm:1.6931471805599454
vma:2.386294361119891
cc:2.386294361119891
nd:2.386294361119891
edu:2.791759469228055
subject:1.0
nl:2.791759469228055
v:1.0
al:2.386294361119891
93102:1.6931471805599454
164224rvesterm:1.6931471805599454
1993apr13:1.6931471805599454
184311:1.6931471805599454
16351:1.6931471805599454
news:1.6931471805599454
yale:1.6931471805599454
line:1.0
23:1.0
articl:1.6931471805599454
sean:1.6931471805599454
garrison:1.0
say:1.0
wrote:1.0
pitcher:2.6094379124341005
well:1.0
like:1.0
taken:1.0
game:1.6931471805599454
seem:1.0
promot:1.0
duel:1.6931471805599454
bob:1.6931471805599454
vesterman:1.6931471805599454
basi:1.0
make:1.0
statement:1.0
q:1.0
seriou:1.0
pinch:1.0
hit:1.0
crank:1.6931471805599454
stay:1.0
may:1.0
especi:1.0
team:1.0
need:1.0
extra:1.0
run:1.0
