srubio:1.0
garnet:1.6931471805599454
berkeley:2.09861228866811
edu:1.6931471805599454
steven:1.6931471805599454
rubio:1.0
subject:1.0
kevin:1.6931471805599454
roger:2.386294361119891
organ:1.0
univers:1.0
california:1.0
line:1.0
8:1.0
nntp:1.0
post:1.0
host:1.0
one:1.0
batter:1.0
lefti:1.0
bullpen:1.0
dusti:1.0
also:1.0
said:1.0
trust:1.0
get:1.0
final:1.0
ballgam:1.0
beck:1.0
unavail:1.0
might:1.0
see:1.0
coupl:1.0
save:1.0
regular:1.0
rotat:1.0
falter:1.0
possibl:1.0
candid:1.0
start:1.6931471805599454
though:1.0
would:1.0
appear:1.0
le:1.0
like:1.0
dave:1.0
burba:1.0
well:1.0
emerg:1.0
