klein:1.0
pavo:1.0
concordia:2.09861228866811
ca:1.6931471805599454
corelmark:1.0
subject:1.0
player:1.0
rush:1.6931471805599454
major:1.0
news:1.0
softwar:1.0
vax:1.0
vm:1.0
vnew:1.0
1:1.0
41:1.0
nntp:1.0
post:1.6931471805599454
host:1.0
pavo1:1.0
organ:1.0
univers:1.6931471805599454
line:1.0
6:1.0
miss:1.0
origin:1.0
expo:1.6931471805599454
alomost:1.0
entir:1.0
team:1.0
year:1.6931471805599454
montreal:1.0
fan:1.0
geez:1.0
rank:1.0
27th:1.0
salari:1.0
rocki:1.0
trail:1.0
someon:1.0
averag:1.0
age:1.0
would:1.0
probabl:1.0
first:1.0
tcorelmark:1.0
