rdetweil:1.6931471805599454
boi:1.6931471805599454
hp:1.6931471805599454
com:1.6931471805599454
richard:1.0
detweil:1.6931471805599454
subject:1.0
card:1.0
mail:1.6931471805599454
list:1.6931471805599454
distribut:1.0
usa:1.0
organ:1.0
hewlett:1.0
packard:1.0
line:1.0
9:1.0
count:1.0
interest:1.0
cardin:1.0
anyon:1.0
find:1.0
one:1.6931471805599454
start:1.0
plea:1.0
let:1.0
know:1.0
thank:1.0
dick:1.0
hpdmd48:1.0
