g:1.6931471805599454
waugaman:2.386294361119891
nac:1.6931471805599454
enet:1.6931471805599454
dec:1.6931471805599454
com:1.6931471805599454
glenn:1.6931471805599454
r:1.0
subject:1.0
found:1.0
secret:1.0
articl:1.6931471805599454
nntpd:1.0
1993apr15:1.6931471805599454
193907:1.0
24177:1.0
organ:1.0
digit:1.6931471805599454
equip:1.6931471805599454
corpor:1.6931471805599454
line:1.0
23:1.0
161730:1.0
9903:1.0
c:1.6931471805599454
cornel:1.6931471805599454
edu:1.6931471805599454
tedward:1.0
edward:1.0
ted:1.0
fischer:1.0
write:1.0
red:1.0
sox:1.6931471805599454
first:1.6931471805599454
place:1.0
eight:1.0
game:1.0
season:1.0
alreadi:1.0
two:1.0
win:1.0
clemen:2.09861228866811
viola:1.0
start:1.6931471805599454
tonight:1.0
three:1.0
day:2.09861228866811
rest:2.09861228866811
go:2.09861228866811
four:2.09861228866811
man:1.6931471805599454
rotat:1.6931471805599454
hesketh:1.6931471805599454
use:1.0
relief:1.0
last:1.6931471805599454
night:1.0
normal:1.0
pitch:1.6931471805599454
saturday:1.6931471805599454
one:1.0
inning:1.6931471805599454
yesterday:1.0
afternoon:1.0
outing:1.0
sinc:1.0
abort:1.0
1:1.6931471805599454
3:1.0
6:1.0
plenti:1.0
expect:1.0
turn:1.0
5th:1.0
starter:1.0
good:1.0
thing:1.0
cours:1.0
like:1.0
see:1.0
well:1.0
manag:1.0
team:1.0
littleton:1.0
