alird:1.6931471805599454
msu:2.09861228866811
osc:1.6931471805599454
montana:2.09861228866811
edu:2.386294361119891
subject:1.0
cub:1.6931471805599454
expo:1.6931471805599454
roster:1.0
question:1.0
articl:1.6931471805599454
0096b0f0:1.0
c5de05a0:1.0
repli:1.0
organ:1.0
state:1.0
univers:1.0
line:1.0
13:1.0
1993apr15:1.0
003015:1.0
1:1.0
vmsb:1.6931471805599454
csupomona:1.6931471805599454
cvadrnlh:1.0
write:1.0
today:1.0
4:1.0
14:1.0
activ:1.0
p:1.0
mike:1.0
harkey:1.6931471805599454
dl:2.09861228866811
move:1.0
make:1.0
room:1.0
also:1.0
delino:1.0
deshield:1.0
john:1.0
wetteland:1.6931471805599454
thank:1.0
anyon:1.0
give:1.0
info:1.0
ken:1.0
cal:1.0
poli:1.0
pomona:1.0
effect:1.0
march:1.0
26:1.0
someth:1.0
like:1.0
rick:1.0
