mcdowel:1.6931471805599454
iie:1.0
ecn:1.0
purdu:1.6931471805599454
edu:1.0
jame:1.0
subject:1.0
texa:1.6931471805599454
ranger:1.6931471805599454
ticket:1.6931471805599454
info:1.0
organ:1.0
univers:1.0
engin:1.0
comput:1.0
network:1.0
line:1.0
4:1.0
would:1.0
someon:1.0
plea:1.0
give:1.0
address:1.0
order:1.0
thank:1.0
much:1.0
jim:1.0
