dholle15:1.6931471805599454
ursa:2.09861228866811
calvin:2.09861228866811
edu:1.6931471805599454
david:1.6931471805599454
hollebeek:1.6931471805599454
subject:1.0
philli:1.6931471805599454
mail:1.6931471805599454
list:1.6931471805599454
nntp:1.0
post:1.0
host:1.0
organ:1.0
colleg:1.0
line:1.0
7:1.0
anyon:1.0
know:1.0
get:1.0
much:1.0
coverag:1.0
grand:1.0
rapid:1.0
mi:1.0
sob:1.0
elabor:1.0
signatur:1.0
file:1.0
peopl:1.0
busi:1.0
dh:1.0
1992:1.0
