brian:2.386294361119891
meaddata:2.09861228866811
com:2.09861228866811
curran:1.6931471805599454
subject:1.0
tiger:1.6931471805599454
stadium:1.6931471805599454
gif:1.6931471805599454
organ:1.0
mead:1.6931471805599454
data:1.6931471805599454
central:1.6931471805599454
dayton:1.0
oh:1.0
line:1.0
9:1.0
distribut:1.0
world:1.0
nntp:1.0
post:1.0
host:1.0
tauru:1.0
anybodi:1.0
seat:1.0
chart:1.0
thank:1.0
think:1.0
ask:1.0
catch:1.0
temperatur:1.0
age:1.0
carlton:1.0
fisk:1.0
chicago:1.0
white:1.0
sox:1.0
catcher:1.0
play:1.0
40:1.0
degre:1.0
april:1.0
ball:1.0
game:1.0
