kahn:1.6931471805599454
troi:1.6931471805599454
cc:1.6931471805599454
rochest:2.386294361119891
edu:2.386294361119891
jame:1.0
subject:1.0
tiger:2.09861228866811
organ:1.0
univers:1.0
ny:1.0
line:1.0
11:1.0
nntp:1.0
post:1.0
host:1.0
articl:1.0
1993apr14:1.0
185317:1.0
12231:1.0
sbc:1.0
sunysb:1.6931471805599454
wynblatt:1.6931471805599454
sbgrad5:1.0
c:1.0
michael:1.0
write:1.0
weird:1.0
thing:1.0
lead:1.0
20:1.0
4:1.0
go:1.0
top:1.0
ninth:1.0
sparki:1.6931471805599454
use:1.0
ace:1.0
closer:1.0
henneman:1.6931471805599454
8:1.0
reliev:1.0
least:1.0
6:1.0
rest:1.0
avail:1.0
trust:1.0
littl:1.0
think:1.0
want:1.0
get:1.0
work:1.0
day:2.09861228866811
jim:1.0
