mike:2.386294361119891
cunixf:2.09861228866811
cc:2.09861228866811
columbia:2.6094379124341005
edu:3.0794415416798357
michael:1.6931471805599454
chen:1.6931471805599454
subject:1.0
jack:2.386294361119891
morri:2.386294361119891
nntp:1.0
post:1.0
host:1.0
repli:1.0
organ:1.0
univers:1.0
line:1.0
44:1.0
articl:2.09861228866811
1993apr19:1.0
024222:1.0
11181:1.0
newshub:1.0
ariel:1.6931471805599454
yorku:1.6931471805599454
ca:2.09861228866811
cs902043:1.0
shawn:1.6931471805599454
luddington:1.0
write:2.386294361119891
1993apr18:1.6931471805599454
032345:1.0
5178:1.0
c:2.386294361119891
cornel:1.6931471805599454
tedward:1.0
edward:1.0
ted:1.0
fischer:1.0
030412:1.0
1210:1.0
mnemosyn:1.0
du:1.6931471805599454
gspira:1.0
nyx:1.0
greg:1.0
spira:1.0
howard:1.6931471805599454
wong:1.6931471805599454
mindlink:1.0
bc:1.0
lost:1.6931471805599454
bit:1.0
edg:1.6931471805599454
worst:1.0
start:1.6931471805599454
uh:1.0
5:1.6931471805599454
year:2.6094379124341005
ago:1.0
one:1.0
averag:1.0
last:2.09861228866811
goe:1.0
prove:1.0
better:2.09861228866811
good:1.6931471805599454
lucki:1.6931471805599454
count:1.0
tomorrow:1.0
seem:1.0
prone:1.0
bad:1.6931471805599454
finish:1.0
ye:1.0
enjoy:1.0
everi:1.0
run:1.0
give:1.0
said:1.6931471805599454
sign:2.386294361119891
viola:2.386294361119891
cheer:1.0
valentin:2.386294361119891
hey:1.0
see:1.0
boston:2.6094379124341005
world:1.6931471805599454
seri:1.6931471805599454
ring:1.0
finger:1.0
damn:1.0
three:1.0
probabl:1.0
hall:1.0
fame:1.0
futur:1.0
therefor:1.0
would:1.6931471805599454
say:1.0
toronto:2.09861228866811
easili:1.0
made:2.09861228866811
best:1.0
tell:1.0
win:1.6931471805599454
even:1.0
top:1.0
4:1.0
divis:1.0
like:1.0
6th:1.0
gee:1.0
never:1.0
knew:1.0
comment:1.0
gon:1.0
na:1.0
bring:1.0
titl:1.0
think:1.6931471805599454
ever:1.0
boy:1.0
talk:1.0
sensit:1.0
insecur:1.0
fan:1.0
case:1.0
younger:1.0
left:1.6931471805599454
hand:1.6931471805599454
mani:1.0
starter:1.0
