davewood:2.09861228866811
bruno:2.09861228866811
c:2.386294361119891
colorado:2.9459101490553135
edu:2.6094379124341005
david:2.09861228866811
rex:2.09861228866811
wood:2.09861228866811
subject:1.0
rocki:1.0
need:1.0
relief:1.6931471805599454
nntp:1.0
post:1.0
host:1.0
organ:1.0
univers:1.6931471805599454
boulder:1.6931471805599454
line:1.0
14:1.0
articl:1.0
1993apr18:1.0
225740:1.0
15978:1.0
write:1.0
shaki:1.0
inning:1.6931471805599454
give:1.6931471805599454
one:1.6931471805599454
run:1.6931471805599454
game:1.6931471805599454
dread:1.0
three:1.0
picther:1.0
combin:1.0
3:1.0
believ:1.0
7th:1.0
taken:1.0
lightli:1.0
go:1.0
today:1.0
leagu:1.0
lead:1.0
geez:1.0
type:1.0
