gwittt:1.6931471805599454
alleg:1.6931471805599454
edu:2.386294361119891
tom:1.0
gwitt:1.6931471805599454
subject:1.0
mel:1.6931471805599454
hall:1.6931471805599454
organ:1.0
allegheni:1.0
colleg:1.0
line:1.0
11:1.0
articl:1.0
1993apr17:1.0
212119:1.0
13901:1.0
coe:1.0
montana:1.6931471805599454
warp:1.0
c:1.0
doug:1.0
dolven:1.0
write:1.0
anyon:1.0
heard:1.6931471805599454
anyth:1.0
season:1.0
yanke:1.0
happen:1.0
japan:1.0
play:1.0
basebal:1.0
ttom:1.0
