pjtier01:1.0
ulkyvx:1.6931471805599454
louisvil:2.09861228866811
edu:1.6931471805599454
subject:1.0
phill:1.0
v:1.0
pirat:1.0
line:1.0
28:1.6931471805599454
nntp:1.0
post:1.0
host:1.0
organ:1.0
univers:1.0
mlb:1.0
pit:1.0
phi:1.0
monday:1.6931471805599454
5:3.6390573296152584
10:1.0
pittsburg:3.5649493574615367
philadelphia:3.5649493574615367
35:3.3978952727983707
pm:3.3978952727983707
tuesday:1.6931471805599454
11:2.09861228866811
wednesday:1.6931471805599454
12:1.0
friday:1.6931471805599454
6:2.09861228866811
25:1.0
saturday:1.6931471805599454
26:1.0
05:1.6931471805599454
sunday:1.6931471805599454
27:1.6931471805599454
7:1.6931471805599454
30:1.6931471805599454
31:1.0
8:1.0
1:1.0
9:2.386294361119891
29:1.0
thursday:1.0
tare:1.0
time:2.09861228866811
correct:1.0
tthey:1.0
seem:1.0
2:1.0
hr:1.0
ahead:1.0
usual:1.0
tiem:1.0
two:1.0
team:1.0
origin:1.0
first:1.0
messag:1.0
bois:1.0
central:1.0
p:1.6931471805599454
tierney:1.6931471805599454
whoop:1.0
meant:1.0
mountain:1.0
