roger:2.9459101490553135
crux:1.6931471805599454
princeton:2.386294361119891
edu:3.0794415416798357
lustig:1.6931471805599454
subject:1.0
defens:2.386294361119891
averag:1.0
1988:1.6931471805599454
1992:1.0
shortstop:1.0
origin:1.0
news:1.0
nimast:1.0
nntp:1.0
post:1.0
host:1.0
repli:1.0
astro:1.0
organ:1.0
univers:1.0
line:1.0
25:1.0
articl:1.6931471805599454
1993apr17:1.0
200602:1.0
8229:1.0
leland:2.09861228866811
stanford:2.09861228866811
addison:1.6931471805599454
brett:1.6931471805599454
write:1.6931471805599454
steph:1.6931471805599454
735027990:1.0
pegasu:1.6931471805599454
c:1.6931471805599454
uiuc:1.6931471805599454
dale:1.0
stephenson:1.0
smith:1.6931471805599454
ozzi:1.6931471805599454
742:1.0
717:1.0
697:1.0
672:1.0
664:1.0
0:1.0
701:1.0
wizard:1.0
second:1.0
highest:1.0
year:2.386294361119891
ever:1.0
still:1.6931471805599454
good:1.0
like:1.0
way:1.0
number:1.0
declin:1.0
everi:1.6931471805599454
may:1.6931471805599454
liabil:2.09861228866811
rich:1.0
suppos:1.0
immun:1.0
ravag:1.0
time:1.0
37:1.0
40:1.0
get:1.6931471805599454
mani:1.0
grounder:1.0
use:1.0
fewer:1.0
leg:1.0
go:1.0
human:1.0
far:1.0
rememb:1.0
willi:1.0
end:1.0
career:1.0
ditto:1.6931471805599454
mickey:1.0
mantl:1.0
everyon:1.0
el:1.0
play:1.0
late:1.0
30:1.0
