tek2q:1.0
virginia:1.6931471805599454
edu:1.6931471805599454
todd:1.0
karlin:1.0
subject:1.0
mel:1.6931471805599454
hall:1.6931471805599454
organ:1.0
univers:1.0
line:1.0
10:1.0
warp:1.0
c:1.0
montana:1.0
write:1.0
anyon:1.0
heard:1.6931471805599454
anyth:1.0
season:1.0
yanke:1.0
happen:1.0
tdoug:1.0
dolven:1.0
tjapan:1.0
think:1.0
