k:1.6931471805599454
mullin:1.6931471805599454
oz:1.6931471805599454
plymouth:2.386294361119891
edu:1.6931471805599454
mulli:1.6931471805599454
subject:1.0
request:1.0
al:1.6931471805599454
stat:1.6931471805599454
repli:1.0
organ:1.0
state:1.0
colleg:1.0
n:1.0
h:1.0
line:1.0
4:1.0
anyon:1.0
individu:1.0
find:1.0
tk:1.0
