rickert:2.6094379124341005
nextwork:2.386294361119891
rose:2.6094379124341005
hulman:2.6094379124341005
edu:3.1972245773362196
john:2.09861228866811
h:1.6931471805599454
subject:1.0
note:1.0
jay:1.0
v:1.0
indian:1.0
seri:1.0
organ:1.0
comput:1.0
scienc:1.0
depart:1.0
line:1.6931471805599454
19:1.0
distribut:1.0
na:1.0
repli:1.0
nntp:1.0
post:1.0
host:1.0
g215a:1.0
1:1.0
articl:1.6931471805599454
c5hpcv:1.0
4hl:1.0
andi:1.6931471805599454
bgsu:1.6931471805599454
klopfen:1.0
bruce:1.0
klopfenstein:1.0
write:2.09861228866811
cmk:1.0
athena:1.0
mit:1.0
charl:1.0
kozierok:1.0
1993apr13:1.0
195301:1.0
22652:1.0
csd:1.0
newshost:1.0
stanford:1.6931471805599454
nlu:1.0
xenon:1.0
nelson:1.0
lu:1.0
guess:1.0
tba:1.0
tobp:1.0
tslg:1.0
tab:1.0
th:1.0
t2b:1.0
t3b:1.0
thr:1.0
tbb:1.0
x:1.0
310:1.6931471805599454
405:1.6931471805599454
427:1.6931471805599454
t571:1.0
t177:1.0
t27:1.0
t8:1.6931471805599454
t87:1.0
312:1.6931471805599454
354:1.6931471805599454
455:1.6931471805599454
t657:1.0
t205:1.0
t32:1.0
t1:1.0
t20:1.0
t35:1.0
love:1.0
alomar:1.6931471805599454
fan:1.0
left:1.0
rbi:2.09861228866811
list:1.0
give:1.0
break:1.0
littl:1.0
delay:1.0
interest:1.0
fair:1.0
stat:1.0
elia:1.0
ba:1.0
obp:1.0
slg:1.0
r:1.0
hr:1.0
rni:1.6931471805599454
out:1.6931471805599454
105:1.6931471805599454
8:1.0
76:1.0
264:1.0
20:1.6931471805599454
5:1.0
419:1.0
baerga:1.6931471805599454
92:1.0
316:1.0
21:1.0
2:1.0
480:1.0
see:1.0
larg:1.0
advantag:1.0
run:1.0
bat:1.0
runner:1.0
driven:1.0
trickert:1.0
