cmk:1.0
athena:1.0
mit:1.6931471805599454
edu:2.386294361119891
charl:1.6931471805599454
kozierok:1.0
subject:1.0
basebal:1.6931471805599454
spread:2.09861228866811
organ:1.0
massachusett:1.0
institut:1.0
technolog:1.0
line:1.0
9:2.09861228866811
nntp:1.0
post:1.0
host:1.0
marinara:1.0
articl:1.0
1993apr18:1.0
225909:1.0
16116:1.0
colorado:1.6931471805599454
davewood:1.0
bruno:1.0
c:1.0
david:1.0
rex:1.0
wood:1.0
write:1.0
one:1.0
read:1.0
bet:1.6931471805599454
tend:1.0
someth:1.0
like:1.0
8:1.6931471805599454
mean:1.6931471805599454
must:1.0
run:1.0
5:1.6931471805599454
underdog:1.0
win:1.6931471805599454
favorit:1.0
