r4938585:1.0
joplin:1.6931471805599454
biosci:1.6931471805599454
arizona:2.09861228866811
edu:1.6931471805599454
doug:1.6931471805599454
robert:1.6931471805599454
subject:1.0
nl:1.6931471805599454
v:1.0
al:1.0
organ:1.0
univers:1.0
biotechnolog:1.0
tucson:1.0
line:1.0
2:1.0
nntp:1.0
post:1.0
host:1.0
keyword:1.0
game:1.0
length:1.0
ken:1.0
hill:1.0
mvp:1.0
let:1.0
go:1.0
spo:1.0
