fisherg:1.0
egr:1.0
msu:1.6931471805599454
edu:2.791759469228055
fisher:1.0
greg:1.0
subject:1.0
jewish:2.09861228866811
basebal:1.0
player:1.0
organ:1.0
michigan:1.0
state:1.0
univers:1.0
colleg:1.0
engin:1.0
line:1.0
16:1.0
nntp:1.0
post:1.0
host:1.0
eeca:1.0
ee:1.0
articl:1.6931471805599454
1993apr16:1.6931471805599454
172502:1.0
21766:1.0
princeton:1.6931471805599454
roger:2.09861228866811
astro:1.0
lustig:1.0
write:1.6931471805599454
122649:1.0
22938:1.0
husc3:1.0
harvard:1.6931471805599454
fri:1.6931471805599454
zariski:1.0
david:1.0
jeopardi:1.0
categori:1.0
sport:1.0
hero:1.0
believ:1.0
answer:1.0
pitcher:1.6931471805599454
four:1.0
hitter:1.0
dodger:1.0
60:1.0
contest:1.0
said:1.6931471805599454
hank:2.09861228866811
aaron:1.6931471805599454
alex:1.0
trebek:1.0
someth:1.0
like:1.0
think:1.0
well:1.0
name:1.0
8:1.0
right:1.0
rememb:1.0
greenberg:1.0
