rjh:1.6931471805599454
allegra:1.6931471805599454
att:1.6931471805599454
com:1.6931471805599454
robert:1.0
holt:1.6931471805599454
subject:1.0
time:2.386294361119891
best:1.6931471805599454
player:2.386294361119891
organ:1.0
bell:1.6931471805599454
laboratori:1.0
murray:1.0
hill:1.0
nj:1.0
line:1.0
78:1.0
articl:1.6931471805599454
1993apr15:1.0
162313:1.0
154828:1.0
ns1:1.6931471805599454
cc:1.6931471805599454
lehigh:1.6931471805599454
edu:2.09861228866811
jsr2:1.0
john:1.0
stephen:1.0
randolph:1.0
write:1.6931471805599454
1993apr13:1.0
115313:1.0
17986:1.0
bsu:1.6931471805599454
uc:1.0
00mbstultz:1.0
leo:1.0
bsuvc:1.0
recent:1.6931471805599454
work:1.0
project:1.0
determin:1.0
greatest:1.0
respect:1.0
postion:1.0
sourc:1.0
total:2.9459101490553135
basebal:1.6931471805599454
jame:1.0
histor:1.0
abstract:1.0
ballplay:1.0
biographi:1.0
word:1.0
mouth:1.0
bias:1.0
opinion:1.0
feel:1.0
free:1.0
comment:1.0
suggest:1.0
flame:1.0
whatev:1.0
tri:1.0
object:1.0
possibl:1.0
use:1.6931471805599454
statist:1.0
data:1.0
inlcud:1.0
convienc:1.0
sake:1.6931471805599454
judg:1.0
rel:1.0
ba:1.0
adj:1.0
op:2.09861228866811
averag:2.386294361119891
field:3.0794415416798357
rang:1.0
run:2.386294361119891
rate:2.386294361119891
stolen:1.6931471805599454
base:2.09861228866811
curio:1.0
tpr:1.0
150:1.0
g:1.0
year:2.386294361119891
play:1.6931471805599454
mvp:1.0
3b:1.6931471805599454
1:1.0
mike:1.0
schmidt:1.0
2:1.6931471805599454
ed:1.0
matthew:1.0
one:1.0
eddi:1.0
mathew:1.0
3:2.09861228866811
georg:1.0
brett:1.0
4:2.09861228866811
wade:1.0
bogg:1.0
5:2.6094379124341005
ron:1.6931471805599454
santo:2.791759469228055
6:2.09861228866811
brook:1.6931471805599454
robinson:2.791759469228055
7:2.09861228866811
frank:1.0
baker:1.0
8:1.6931471805599454
darrel:1.0
evan:1.0
9:1.0
pie:1.0
traynor:2.09861228866811
10:2.09861228866811
ray:1.0
dandridg:1.0
think:1.0
would:2.386294361119891
least:1.6931471805599454
ahead:1.0
small:1.0
advantag:1.0
abil:1.0
come:1.0
nowher:1.0
near:1.0
make:1.6931471805599454
larg:1.0
differ:2.09861228866811
hit:1.6931471805599454
season:1.0
combin:1.0
656:1.0
ab:1.6931471805599454
bb:1.6931471805599454
per:1.6931471805599454
162:2.09861228866811
game:2.09861228866811
h:1.0
r:1.0
2b:1.0
hr:1.0
rbi:1.0
tb:1.0
avg:1.0
obp:1.0
slg:1.0
14:1.6931471805599454
577:1.0
160:1.0
81:1.0
26:1.6931471805599454
24:1.6931471805599454
94:1.0
268:1.0
79:1.0
277:1.0
366:1.0
464:1.0
830:1.0
17:1.6931471805599454
55:1.0
607:1.0
70:1.0
27:1.0
15:2.09861228866811
77:1.0
243:1.0
49:1.0
267:1.0
325:1.0
401:1.0
726:1.0
third:1.0
p:1.6931471805599454
dp:1.6931471805599454
e:1.0
pct:1.0
13:1.0
149:1.0
348:1.0
30:1.0
954:1.0
72:1.0
152:1.0
350:1.0
35:1.0
971:1.0
even:1.0
extra:2.09861228866811
putout:1.0
assist:1.0
taken:1.0
mean:1.0
respons:1.0
out:1.6931471805599454
28:1.0
made:1.0
plate:1.0
mention:1.0
fewer:1.0
104:1.0
decreas:1.0
025:1.0
account:1.0
wrigley:1.0
079:1.0
still:1.0
consider:1.0
thorn:1.0
palmer:1.0
adjust:1.6931471805599454
product:1.0
bat:1.0
123:1.0
284:1.0
137:1.0
41:1.0
105:1.0
52:1.0
151:1.0
19:1.0
usual:1.0
disclaim:1.0
fr:1.6931471805599454
appli:1.0
realli:1.0
way:1.0
mark:1.0
comparison:1.0
better:2.09861228866811
percentag:1.0
carney:1.0
lansford:1.0
966:1.0
10th:1.0
225:1.0
dead:1.0
last:1.0
also:1.6931471805599454
sinc:1.0
compar:1.0
leagu:1.0
instead:1.0
replac:2.09861228866811
level:1.6931471805599454
award:1.0
653:1.0
great:1.0
career:1.0
prefer:1.0
plu:1.0
3bman:1.0
knock:1.0
list:1.0
stan:1.0
hack:1.6931471805599454
similar:1.0
stori:1.0
far:1.0
outweigh:1.0
superior:1.0
graig:1.0
nettl:1.0
buddi:1.0
choic:1.0
imho:1.0
cours:1.0
though:1.0
net:1.0
discus:1.0
support:1.0
point:1.0
view:1.0
cf:1.0
andr:1.0
dawson:1.0
right:1.0
bob:1.0
