demer:2.6094379124341005
c:2.386294361119891
ucsd:2.6094379124341005
edu:2.6094379124341005
david:1.0
subject:1.0
let:1.0
talk:1.0
philli:1.0
organ:1.0
cse:1.0
dept:1.0
uc:1.6931471805599454
san:1.6931471805599454
diego:1.6931471805599454
line:1.0
17:1.0
nntp:1.0
post:1.0
host:1.0
mbongo:1.0
articl:1.6931471805599454
93108:1.0
164642rvesterm:1.0
vma:1.6931471805599454
cc:1.6931471805599454
nd:1.6931471805599454
rvesterm:1.0
write:1.0
1993apr17:1.0
020347:1.0
9554:1.0
mgweed:1.6931471805599454
mgwhiz:1.6931471805599454
att:1.6931471805599454
com:1.6931471805599454
prg:1.0
phil:1.0
gunsul:1.0
say:1.0
p:1.0
hey:1.0
kid:1.0
take:1.0
pictur:1.0
dead:1.0
presid:1.0
parent:1.0
wallet:1.0
mail:1.0
bob:1.0
vesterman:1.0
send:1.0
shift:1.0
key:1.0
dave:1.0
comput:1.0
scienc:1.0
engin:1.0
t0114:1.0
tdemer:1.0
bitnet:1.0
la:1.0
jolla:1.0
ca:1.0
92093:1.0
0114:1.0
619:1.6931471805599454
534:1.6931471805599454
0688:1.0
8187:1.0
fax:1.0
7029:1.0
