punjabi:1.6931471805599454
leland:1.0
stanford:1.6931471805599454
edu:1.0
sanjeev:1.0
subject:1.0
fred:1.0
mcgriff:1.0
padr:1.0
becom:1.0
free:1.0
agent:1.0
organ:1.0
dsg:1.0
univers:1.0
ca:1.0
94305:1.0
usa:1.0
line:1.0
1:1.0
