niguma:2.6094379124341005
ug:2.09861228866811
c:3.1972245773362196
dal:2.386294361119891
ca:2.386294361119891
gord:1.6931471805599454
subject:1.0
note:1.0
jay:1.0
v:1.0
indian:1.0
seri:1.0
nntp:1.0
post:1.0
host:1.0
organ:1.0
math:1.0
stat:1.0
dalhousi:1.0
univers:1.0
halifax:1.0
n:1.0
canada:1.0
distribut:1.0
na:1.0
line:1.0
38:1.0
1993apr15:1.0
123803:1.0
4618:1.0
webo:1.6931471805599454
dg:1.6931471805599454
com:2.386294361119891
lyford:1.6931471805599454
dagni:1.0
beverag:1.0
write:2.386294361119891
articl:2.09861228866811
1993apr13:1.0
202037:1.0
9485:1.0
cornel:1.6931471805599454
edu:1.6931471805599454
tedward:1.0
edward:1.0
ted:1.0
fischer:1.0
rudyc5fr3q:1.0
1cl:1.0
netcom:1.6931471805599454
rudi:1.6931471805599454
wade:1.0
c5fmxd:1.0
2pm:1.0
refer:1.0
histori:1.6931471805599454
certainli:1.0
best:1.0
season:1.6931471805599454
second:1.0
basemen:1.0
probabl:1.0
even:1.6931471805599454
good:1.0
alomar:3.0794415416798357
last:2.09861228866811
year:2.386294361119891
measur:1.0
like:1.0
popular:1.0
toronto:1.0
count:1.0
base:1.6931471805599454
statement:1.0
uh:1.0
ye:1.0
baerga:2.791759469228055
lot:1.6931471805599454
flash:1.0
better:2.09861228866811
hitter:1.6931471805599454
batter:1.0
ba:1.0
slg:2.09861228866811
obp:2.386294361119891
g:1.0
ab:1.0
r:1.6931471805599454
h:1.0
tb:1.0
2b:1.0
3b:1.0
hr:1.6931471805599454
rbi:1.0
bb:1.0
sb:1.6931471805599454
e:1.0
312:1.0
455:1.0
354:1.0
161:1.0
657:1.0
92:1.0
205:1.0
299:1.0
32:1.0
1:1.0
20:1.0
105:1.6931471805599454
35:1.0
76:1.6931471805599454
10:1.0
2:1.0
19:1.0
310:1.0
427:1.0
405:1.0
152:1.0
571:1.0
177:1.0
244:1.0
27:1.0
8:1.6931471805599454
87:1.0
52:1.0
49:1.0
9:1.0
5:1.0
fascin:1.0
say:1.0
immedi:1.0
follow:1.0
number:1.0
show:1.6931471805599454
categori:1.0
see:1.6931471805599454
advantag:1.0
hmmm:1.0
walk:1.6931471805599454
got:1.0
clobber:1.0
beat:1.0
lesser:1.0
margin:1.0
put:1.0
asid:1.0
factor:1.0
player:2.09861228866811
51:1.0
point:1.6931471805599454
edg:1.6931471805599454
product:1.0
28:1.0
issu:1.6931471805599454
studi:1.6931471805599454
doubt:1.0
could:1.0
come:1.0
convinc:1.0
argument:1.0
way:1.0
peopl:1.0
bat:1.0
averag:1.0
realli:1.0
know:1.0
valu:1.0
worth:1.0
unless:1.0
close:1.0
fact:1.0
ate:1.0
out:1.6931471805599454
make:1.0
draw:1.0
carter:1.0
winfield:1.0
et:1.0
al:1.0
tgord:1.0
fav:1.0
john:1.0
olerud:1.0
