gspira:1.0
nyx:1.0
c:1.0
du:1.0
edu:1.0
greg:1.6931471805599454
spira:1.0
subject:1.0
dave:2.791759469228055
kingman:2.386294361119891
hall:3.302585092994046
fame:2.791759469228055
organ:1.0
univers:1.0
denver:1.0
dept:1.0
math:1.0
comp:1.0
sci:1.0
line:1.0
79:1.0
steve:2.09861228866811
tomassi:1.0
write:1.0
hi:1.0
basebal:1.0
fan:1.0
say:1.0
think:1.0
deserv:1.6931471805599454
mean:1.0
heck:1.0
winfield:2.09861228866811
ho:1.0
hum:1.0
serious:1.0
consid:1.0
lee:1.6931471805599454
smith:2.6094379124341005
ha:1.0
give:2.386294361119891
chanc:1.0
darrel:2.09861228866811
evan:2.09861228866811
yeah:1.6931471805599454
take:1.6931471805599454
eddi:2.09861228866811
murray:2.09861228866811
jeff:1.0
reardon:1.6931471805599454
unfortun:1.0
seem:1.0
lack:1.0
abil:1.0
rate:1.0
player:3.1972245773362196
better:1.6931471805599454
career:2.791759469228055
half:1.0
peopl:1.0
one:2.386294361119891
top:1.6931471805599454
100:1.0
time:2.386294361119891
probabl:2.09861228866811
greatest:1.6931471805599454
long:1.6931471805599454
relief:1.0
pitcher:2.09861228866811
sinc:1.0
1960:1.0
possibl:1.0
except:1.0
gossag:1.0
hand:1.6931471805599454
best:1.0
750:1.0
though:1.0
good:2.09861228866811
class:1.0
wise:1.0
well:1.0
case:1.0
sick:1.6931471805599454
tire:1.0
mostli:1.0
everybodi:1.0
consider:1.0
today:1.0
standard:1.0
margin:1.6931471805599454
honestli:1.0
ozzi:1.6931471805599454
robin:1.6931471805599454
yount:1.6931471805599454
belong:1.6931471805599454
shortstop:1.6931471805599454
hung:1.0
around:1.0
big:1.0
deal:1.0
talk:1.0
2:1.6931471805599454
50:1.0
5:2.09861228866811
histori:1.0
two:1.0
let:1.0
littl:1.6931471805599454
select:1.0
huh:1.0
stop:1.0
honor:1.0
liber:1.0
save:1.0
guy:2.09861228866811
realli:1.0
face:1.0
someth:1.0
done:1.0
prestig:1.0
anymor:1.0
certain:1.0
individu:1.0
believ:1.0
garvey:2.09861228866811
jack:1.6931471805599454
morri:2.09861228866811
potenti:1.0
candid:1.0
absurd:1.0
appar:1.0
suck:1.0
simpli:1.0
near:1.0
cooperstown:1.0
gee:1.0
even:1.0
compar:2.09861228866811
like:2.09861228866811
futur:1.0
famer:1.6931471805599454
kirbi:1.6931471805599454
puckett:2.386294361119891
nolan:1.6931471805599454
ryan:2.09861228866811
okay:1.0
get:1.0
unless:1.0
keep:1.0
hit:1.0
last:1.0
year:1.0
longer:1.0
put:1.0
perspect:1.0
list:1.6931471805599454
linear:1.0
weight:1.0
valu:1.6931471805599454
mention:1.0
parenthesi:1.0
high:1.0
ever:1.0
make:1.0
would:1.0
claim:1.0
perfect:1.0
rank:1.0
averag:1.0
43:1.0
0:2.6094379124341005
41:1.0
42:1.0
1:1.0
45:1.0
40:1.0
3:1.6931471805599454
53:1.0
37:1.0
68:1.0
35:1.6931471805599454
80:1.0
24:1.6931471805599454
180:1.0
21:1.0
6:1.0
219:1.0
11:1.0
8:1.6931471805599454
478:1.0
4:1.6931471805599454
idea:1.0
number:1.0
71:1.0
elig:2.09861228866811
whose:1.0
stat:1.0
equal:1.0
64:1.0
includ:1.0
19th:1.0
centuri:1.0
ron:1.0
santo:1.0
bobbi:1.0
grich:1.0
bob:1.0
johnson:1.0
score:1.6931471805599454
30:1.0
34:1.0
9:1.6931471805599454
15:1.0
25:1.6931471805599454
29:1.0
44:1.0
