snichol:1.6931471805599454
adob:2.09861228866811
com:1.6931471805599454
sherri:1.6931471805599454
nichol:1.6931471805599454
subject:1.0
brave:1.6931471805599454
pitch:1.6931471805599454
updatedir:1.0
organ:1.0
system:1.0
incorpor:1.0
line:1.0
13:1.0
articl:1.0
1993apr15:1.0
010745:1.0
1:2.6094379124341005
acad:1.6931471805599454
drake:1.6931471805599454
edu:1.6931471805599454
sbp002:1.0
write:1.0
second:1.0
starter:1.0
seem:1.0
qualiti:1.0
pitcher:1.0
take:1.0
mound:1.0
team:2.6094379124341005
score:2.386294361119891
le:1.0
run:2.09861228866811
win:1.6931471805599454
put:1.0
better:1.0
advantag:1.0
provid:1.0
stop:1.0
oppos:1.0
low:1.0
game:2.6094379124341005
would:1.0
clearli:1.0
benefit:1.0
clear:1.0
certainli:1.0
rather:1.0
4:1.6931471805599454
2:1.6931471805599454
luck:1.0
go:1.0
play:1.0
much:1.0
bigger:1.0
role:1.0
