subject:1.0
mcrae:2.09861228866811
torr:1.6931471805599454
worst:2.09861228866811
manag:2.6094379124341005
scott:3.0794415416798357
mccall:2.9459101490553135
com:2.09861228866811
davi:2.09861228866811
repli:1.0
organ:1.0
pattern:1.6931471805599454
co:1.0
manhattan:1.6931471805599454
k:1.6931471805599454
usa:1.6931471805599454
nntp:1.6931471805599454
post:1.6931471805599454
host:1.0
mis2:1.0
user:1.0
line:1.0
18:1.0
articl:1.0
16bb1c589:1.0
dak988:1.6931471805599454
vma:1.6931471805599454
smsu:1.6931471805599454
edu:2.09861228866811
ext:1.0
write:1.6931471805599454
gt7469a:1.0
prism:1.0
gatech:1.0
brian:1.6931471805599454
r:1.0
landmann:1.0
joe:1.0
basebal:1.6931471805599454
distress:1.0
cardin:1.0
fan:1.0
hal:1.0
never:1.0
seen:1.0
guy:1.0
wast:1.0
talent:1.6931471805599454
like:1.0
one:1.0
best:1.0
raw:1.0
staff:1.0
leagu:1.0
still:1.0
find:1.0
way:1.0
lose:1.0
surpris:1.0
make:1.0
next:1.0
2:1.0
week:1.0
unless:1.0
drastic:1.0
improv:1.0
made:1.0
kc:1.0
news:1.0
report:1.0
said:1.0
realli:1.0
bat:1.0
coach:1.0
reason:1.6931471805599454
took:1.0
job:1.0
whatev:1.0
royal:1.0
need:1.0
new:1.0
late:1.0
compani:1.0
uucp:1.0
widen:1.0
depot:1.0
t615:1.0
road:1.0
800:1.0
255:1.0
2762:1.0
kansa:1.0
913:1.0
776:1.0
4041:1.0
66502:1.0
