texdud:2.09861228866811
cs1:2.386294361119891
bradley:2.386294361119891
edu:2.09861228866811
philip:1.0
allen:1.6931471805599454
subject:1.0
ryan:1.6931471805599454
rumor:1.0
articl:1.0
734914692:1.0
organ:1.0
univers:1.0
line:1.0
12:1.0
nntp:1.0
post:1.0
host:1.0
nolan:1.0
hurt:1.0
right:1.0
knee:1.0
4th:1.0
inning:1.0
ranger:1.6931471805599454
oriol:1.0
game:1.0
last:1.0
night:1.0
arthoscop:1.0
surgeri:1.0
best:1.0
keep:1.0
dl:1.0
two:1.0
five:1.0
week:1.0
almost:1.0
convinc:1.0
rotat:1.0
would:1.0
stay:1.0
healthi:1.0
year:1.0
phil:1.0
