luriem:1.0
alleg:1.0
edu:2.09861228866811
michael:1.0
luri:1.0
liber:1.0
subject:1.0
jewish:1.6931471805599454
basebal:1.0
player:1.0
organ:1.0
allegheni:1.0
colleg:1.0
articl:1.0
1993apr15:1.0
214421:1.0
1:1.0
acad:1.6931471805599454
drake:1.6931471805599454
sbp002:1.0
write:1.0
rememb:1.0
read:1.0
somewher:1.0
7:1.0
leagu:1.0
50:1.0
practic:1.0
nobodi:1.0
