jmhodapp:1.6931471805599454
aplcomm:1.6931471805599454
jhuapl:1.6931471805599454
edu:2.6094379124341005
subject:1.0
time:1.0
best:1.0
player:1.6931471805599454
organ:1.0
master:1.0
peon:1.0
line:1.0
19:1.0
articl:1.6931471805599454
1993apr14:1.0
173428:1.0
12056:1.0
princeton:1.6931471805599454
roger:1.6931471805599454
crux:1.0
lustig:1.0
write:1.6931471805599454
1993apr13:1.0
115313:1.0
17986:1.0
bsu:1.6931471805599454
uc:1.0
00mbstultz:1.0
leo:1.0
bsuvc:1.0
recent:1.0
work:1.0
project:1.0
determin:1.0
greatest:1.6931471805599454
respect:1.0
postion:1.0
2b:1.0
career:1.0
u:1.0
johnni:1.6931471805599454
hodapp:1.6931471805599454
2nd:1.0
baseman:1.6931471805599454
cleveland:1.0
indian:1.0
histori:1.0
225:1.0
hit:1.0
1930:1.0
consistantli:1.0
300:1.0
great:1.6931471805599454
second:1.0
jon:1.0
