luriem:1.0
alleg:1.0
edu:1.0
michael:1.0
luri:1.0
liber:1.0
subject:1.0
yanke:1.6931471805599454
fear:1.0
organ:1.0
allegheni:1.0
colleg:1.0
line:1.0
9:1.0
tell:1.0
youm:1.0
one:1.6931471805599454
thing:1.0
steve:1.0
howe:1.0
farr:1.0
much:1.0
better:1.0
worst:1.0
pitcher:1.6931471805599454
pitch:1.0
think:1.0
talk:1.0
post:2.09861228866811
answer:1.6931471805599454
e:1.6931471805599454
mail:1.6931471805599454
use:1.0
repli:1.0
meaqn:1.0
final:1.0
result:1.0
particular:1.0
horrid:1.0
mind:1.0
