luriem:1.0
alleg:1.0
edu:2.09861228866811
michael:1.0
luri:1.0
liber:1.0
subject:1.0
pleasant:1.0
yanke:1.0
surpris:1.0
organ:1.0
allegheni:1.0
colleg:1.0
line:1.0
7:1.0
articl:1.0
120399:1.0
netnew:1.0
upenn:1.6931471805599454
sepinw:1.0
mail:1.0
sa:1.0
alan:1.6931471805599454
sepinwal:1.0
write:1.0
thank:1.0
well:1.0
thought:1.0
even:1.0
written:1.0
entertain:1.0
style:1.0
