eric:2.6094379124341005
netcom:2.09861228866811
com:2.09861228866811
smith:1.6931471805599454
subject:1.0
1964:2.386294361119891
philli:3.5649493574615367
deja:1.0
vu:1.0
keyword:1.0
organ:1.0
line:1.6931471805599454
commun:1.0
servic:1.0
408:1.0
241:1.0
9760:1.0
guest:1.0
112:1.0
previous:1.0
wrote:1.0
yeah:1.0
play:2.386294361119891
head:1.0
almost:1.0
whole:1.0
year:2.386294361119891
caught:1.0
one:2.6094379124341005
10:3.5649493574615367
game:3.833213344056216
streak:2.6094379124341005
old:1.0
man:2.09861228866811
big:1.0
fan:1.0
time:2.09861228866811
age:1.0
13:2.09861228866811
septemb:2.09861228866811
64:1.0
still:1.6931471805599454
pain:1.0
thing:1.6931471805599454
rememb:1.0
tell:1.0
never:1.0
led:1.0
leagu:1.6931471805599454
15:2.386294361119891
go:1.0
memori:1.6931471805599454
alon:1.0
believ:1.0
biggest:1.0
lead:2.6094379124341005
7:3.5649493574615367
1:5.060443010546419
2:4.737669618283368
6:4.295836866004329
ahead:1.0
famou:1.0
lose:2.791759469228055
began:1.0
seem:1.0
found:1.0
everi:1.6931471805599454
way:1.6931471805599454
known:1.0
anyway:1.0
think:1.0
rebound:1.0
end:1.0
last:1.6931471805599454
coupl:1.6931471805599454
final:2.386294361119891
day:2.791759469228055
finish:2.09861228866811
tie:2.6094379124341005
giant:2.09861228866811
dodger:1.0
somebodi:1.0
el:1.0
two:1.0
back:2.791759469228055
closest:1.0
minut:1.0
scrambl:1.0
ever:1.0
ok:1.0
guy:1.0
stir:1.0
childhood:1.0
went:1.0
research:1.0
month:1.0
season:1.6931471805599454
turn:1.0
recollect:1.0
pretti:1.0
darn:1.0
accur:1.0
least:2.09861228866811
far:1.6931471805599454
record:1.0
goe:1.0
top:1.0
n:1.0
l:2.09861228866811
stand:1.6931471805599454
w:1.6931471805599454
gb:1.6931471805599454
philadelphia:1.6931471805599454
79:1.0
51:1.0
cincinnati:3.0794415416798357
74:1.0
57:1.0
5:4.178053830347945
st:3.0794415416798357
loui:3.0794415416798357
72:1.6931471805599454
59:1.0
san:3.0794415416798357
francisco:3.0794415416798357
73:1.0
60:1.0
descript:1.0
remaind:1.0
date:1.0
score:1.0
oppon:1.0
pitcher:1.6931471805599454
start:1.0
winner:1.0
loser:1.0
9:4.610917912644224
4:3.8903717578961645
3:3.995732273553991
houston:2.791759469228055
bun:3.6390573296152584
short:3.3978952727983707
0:2.791759469228055
bennett:2.9459101490553135
12:3.4849066497880004
mahaffey:2.6094379124341005
baldschun:2.6094379124341005
win:1.6931471805599454
16:2.386294361119891
lo:2.9459101490553135
angel:2.9459101490553135
wise:1.6931471805599454
8:3.0794415416798357
11:2.09861228866811
cardin:2.9459101490553135
take:2.791759469228055
2nd:2.791759469228055
place:2.386294361119891
move:1.6931471805599454
17:2.791759469228055
sole:1.6931471805599454
posse:1.6931471805599454
14:2.09861228866811
schantz:1.6931471805599454
18:2.6094379124341005
19:1.6931471805599454
20:1.0
red:3.302585092994046
well:1.6931471805599454
good:1.0
fall:1.0
apart:1.0
21:1.0
22:1.0
23:1.0
24:1.0
milwauke:2.386294361119891
25:1.0
boozer:1.0
card:2.386294361119891
3rd:2.09861228866811
4th:1.0
26:1.0
27:1.0
phil:2.09861228866811
1st:2.09861228866811
28:1.0
drop:1.0
29:1.0
30:1.0
roebuck:1.0
halt:1.0
met:1.6931471805599454
beat:1.0
first:1.0
whew:1.0
93:1.0
69:1.0
92:1.6931471805599454
70:1.6931471805599454
90:1.0
appear:1.0
realli:1.0
overus:1.0
four:1.0
rotat:1.0
standard:1.0
along:1.0
mauch:1.0
probabl:1.0
desper:1.0
cost:1.6931471805599454
substanti:1.6931471805599454
evapor:1.0
use:1.0
may:1.0
made:1.0
problem:1.0
wors:1.0
although:1.0
sharpest:1.0
shutout:1.0
share:1.0
pennant:1.0
pitch:1.0
complet:1.0
six:1.0
hitter:1.0
strike:1.0
five:1.0
walk:1.0
would:1.0
ineterst:1.0
see:1.0
though:1.0
total:1.0
inning:1.0
stack:1.0
rest:1.0
also:1.0
notic:1.0
octob:1.0
team:1.6931471805599454
stretch:1.0
infoserv:1.0
ci:1.0
70262:1.0
3610:1.0
