anderg:1.0
stein:1.6931471805599454
u:1.6931471805599454
washington:2.09861228866811
edu:2.386294361119891
geoff:1.6931471805599454
anderson:1.0
subject:1.0
fenway:1.6931471805599454
gif:2.09861228866811
organ:1.0
univers:1.0
seattl:1.0
line:1.0
11:1.0
nntp:1.0
post:1.0
host:1.0
articl:1.0
c5jb3d:1.0
9nt:1.0
umassd:1.6931471805599454
acsddc:1.0
smucs1:1.0
write:1.0
wonder:1.0
anyon:1.0
kind:1.0
park:1.6931471805599454
would:1.6931471805599454
appreci:1.0
someon:1.0
could:1.0
send:1.0
one:1.0
thank:1.0
advanc:1.0
dan:1.0
like:1.0
action:1.0
jpeg:1.0
basebal:1.0
