snichol:1.6931471805599454
adob:2.09861228866811
com:1.6931471805599454
sherri:1.6931471805599454
nichol:1.6931471805599454
subject:1.0
spanki:2.09861228866811
organ:1.0
system:1.0
incorpor:1.0
line:1.0
18:1.0
articl:1.0
1ql93binn1s5:1.0
postoffice1:1.0
psc:1.6931471805599454
edu:1.6931471805599454
boon:1.6931471805599454
jon:1.0
write:1.0
slow:1.0
quicker:1.0
would:1.6931471805599454
still:1.6931471805599454
slaught:1.6931471805599454
tom:1.6931471805599454
princ:2.791759469228055
want:1.0
lose:1.6931471805599454
order:1.0
bring:1.0
11th:1.0
pitcher:1.0
good:1.0
come:1.0
along:1.0
nice:1.0
28:1.0
year:2.09861228866811
old:1.0
hit:1.6931471805599454
catcher:1.0
think:1.6931471805599454
young:1.0
dann:1.0
bilardello:1.0
begin:1.0
fathom:1.0
pirat:1.6931471805599454
afraid:1.0
guy:1.0
aaa:1.0
last:1.6931471805599454
5:1.0
season:1.0
releas:1.0
kirk:1.0
gibson:1.0
option:1.0
eventu:1.0
sent:1.0
anyway:1.0
clear:1.6931471805599454
waiver:1.6931471805599454
without:1.0
peep:1.0
anoth:1.0
older:1.0
care:1.0
