gt0523e:2.09861228866811
prism:2.09861228866811
gatech:2.09861228866811
edu:1.6931471805599454
michael:2.09861228866811
andr:1.6931471805599454
mule:2.09861228866811
subject:1.0
brave:1.6931471805599454
offens:1.6931471805599454
distribut:1.0
usa:1.0
organ:1.0
georgia:2.09861228866811
institut:1.6931471805599454
technolog:1.6931471805599454
line:1.0
16:1.0
deion:1.6931471805599454
sander:1.0
hit:1.0
home:1.0
run:1.0
ab:1.0
today:1.0
nixon:1.6931471805599454
1:1.0
4:1.0
infield:1.0
singl:1.0
bat:1.0
400:1.0
around:1.0
200:1.0
would:1.0
start:1.0
wise:1.0
bobbi:1.0
see:1.0
ballyard:1.0
go:1.0
chop:1.6931471805599454
atlanta:1.0
30332:1.0
uucp:1.0
decvax:1.0
hplab:1.0
ncar:1.0
purdu:1.0
rutger:1.0
internet:1.0
