feszcm:1.6931471805599454
warren1c:1.6931471805599454
rpi:2.09861228866811
edu:2.6094379124341005
michael:1.0
jaroslaw:1.0
feszczyszyn:1.6931471805599454
subject:1.0
fenway:1.6931471805599454
gif:2.09861228866811
nntp:1.0
post:1.0
host:1.0
repli:1.0
organ:1.0
renssela:1.0
polytechn:1.0
institut:1.0
troy:1.0
ny:1.0
line:1.0
12:1.0
articl:1.0
c5jb3d:1.0
9nt:1.0
umassd:1.6931471805599454
acsddc:1.0
smucs1:1.0
write:1.0
wonder:1.0
anyon:1.0
kind:1.0
park:1.0
would:1.0
appreci:1.0
someon:1.0
could:1.0
send:1.0
one:1.0
thank:1.0
advanc:1.6931471805599454
dan:1.0
yanke:1.0
stadium:1.0
well:1.0
plea:1.0
thanx:1.0
mike:1.0
