jrogoff:1.0
scott:1.0
skidmor:1.6931471805599454
edu:1.0
jay:1.6931471805599454
rogoff:1.0
subject:1.0
61:1.0
oriol:1.0
trivia:1.0
organ:1.0
colleg:1.0
saratoga:1.0
spring:1.0
ny:1.0
line:1.0
6:1.0
bunker:1.0
mcnalli:1.0
later:1.0
pappa:1.0
estrada:1.0
steve:1.0
barber:1.0
