maynard:2.6094379124341005
ramsey:2.386294361119891
c:2.6094379124341005
laurentian:2.6094379124341005
ca:2.386294361119891
roger:1.6931471805599454
subject:1.0
jack:1.0
morri:3.302585092994046
organ:1.0
dept:1.0
comput:1.0
scienc:1.0
univers:1.0
sudburi:1.0
line:1.0
71:1.0
48178:1.0
sdcc12:1.0
ucsd:1.6931471805599454
edu:1.6931471805599454
demer:1.6931471805599454
david:1.0
write:1.6931471805599454
articl:1.0
1993apr19:1.0
212428:1.0
7530:1.0
fact:1.6931471805599454
shown:1.0
u:1.0
take:1.6931471805599454
play:2.09861228866811
w:2.6094379124341005
win:2.6094379124341005
club:1.6931471805599454
clemen:3.1972245773362196
way:1.6931471805599454
know:1.0
separ:1.0
contribu:1.0
tion:1.0
rest:1.6931471805599454
team:2.9459101490553135
one:1.6931471805599454
determin:2.386294361119891
ing:1.0
best:3.0794415416798357
basebal:2.386294361119891
look:1.0
scoreboard:1.0
end:1.6931471805599454
game:2.386294361119891
day:1.0
season:1.0
often:1.0
divis:1.0
playoff:1.0
point:2.09861228866811
decis:1.0
make:1.0
pro:1.0
ce:1.0
use:1.0
score:1.0
late:1.0
individu:2.9459101490553135
player:2.6094379124341005
method:1.0
inher:1.0
compar:1.6931471805599454
perform:2.09861228866811
say:2.9459101490553135
better:2.9459101490553135
anoth:1.6931471805599454
abl:1.6931471805599454
ab:1.0
solut:1.0
would:1.0
b:1.0
lineup:1.0
sheer:1.0
specul:1.0
imposs:1.6931471805599454
ascertain:1.0
want:1.0
select:1.0
group:1.0
statist:2.09861228866811
claim:2.386294361119891
done:1.0
criterion:1.0
fine:1.0
prove:1.6931471805599454
measur:1.6931471805599454
contribut:2.09861228866811
mean:1.6931471805599454
context:1.0
base:1.6931471805599454
ball:1.0
cham:1.0
pionship:1.0
evalu:1.0
total:1.6931471805599454
sub:1.0
jectiv:1.0
mere:1.0
opinion:1.0
yet:1.0
see:1.0
predict:1.0
winner:1.0
greater:1.0
accuraci:1.0
jeann:1.0
dixon:1.0
ballgam:1.0
toronto:1.0
spite:1.0
explain:1.0
exactli:1.0
jay:1.0
pitch:1.6931471805599454
boston:1.0
comparison:1.0
meaningless:1.0
anyon:1.0
era:1.0
miss:1.6931471805599454
mani:2.09861228866811
time:1.6931471805599454
either:1.6931471805599454
stupid:1.0
stubborn:1.0
grasp:1.0
rude:1.0
complet:1.0
consum:1.0
post:1.0
hoc:1.6931471805599454
ergo:1.0
propter:1.0
fallaci:1.6931471805599454
entir:1.0
argument:1.0
commit:1.0
ignoratio:1.0
elenchi:1.0
ring:1.6931471805599454
although:1.0
tongu:1.0
cheek:1.0
past:1.0
isol:1.0
purpos:1.0
per:1.0
formanc:1.0
stat:1.0
nice:1.0
hobbi:1.0
new:1.0
knowledg:1.0
produc:1.0
poster:1.6931471805599454
le:1.0
incorrect:1.0
bay:1.0
hound:1.0
cordial:1.0
alway:1.0
moron:1.0
rm:1.0
littl:1.0
