z:1.0
millerwl:1.0
ccsvax:1.0
sfasu:1.0
edu:1.0
subject:1.0
astro:1.6931471805599454
real:1.0
organ:1.0
stephen:1.0
f:1.0
austin:1.0
state:1.0
univers:1.0
line:1.0
6:1.0
think:1.0
go:1.0
place:1.6931471805599454
current:1.0
first:1.0
5:1.6931471805599454
4:1.0
1:1.0
road:1.0
