dfl:1.6931471805599454
math:2.09861228866811
wayn:2.09861228866811
edu:2.386294361119891
david:1.6931471805599454
frohardt:1.6931471805599454
lane:1.6931471805599454
subject:1.0
rbi:2.791759469228055
note:1.0
jay:1.0
indian:1.0
organ:1.0
state:1.0
univers:1.0
depart:1.0
detroit:1.0
distribut:1.0
na:1.0
line:1.0
23:1.0
articl:1.0
1993apr15:1.0
212014:1.0
1782:1.0
news:1.0
acn:1.6931471805599454
nwu:1.6931471805599454
edo:1.0
casbah:1.0
edward:1.0
ouellett:1.0
write:1.0
worthless:1.0
stat:2.6094379124341005
cours:1.6931471805599454
stolen:1.0
base:1.6931471805599454
sometim:1.0
runner:1.0
front:1.0
player:1.6931471805599454
would:2.09861228866811
otherwis:1.0
run:1.0
pitcher:1.0
pitch:1.0
differ:2.09861228866811
peopl:1.6931471805599454
bat:1.0
averag:1.6931471805599454
slug:1.6931471805599454
obp:1.0
hmmm:1.0
guess:1.0
homer:1.0
count:1.0
either:1.6931471805599454
point:1.0
might:1.0
perfect:1.0
noth:1.6931471805599454
lack:1.0
tell:1.6931471805599454
clutch:2.09861228866811
hitter:1.0
mayb:1.0
know:1.0
8:1.0
want:1.6931471805599454
use:1.6931471805599454
attempt:1.0
measur:1.0
combin:1.0
hit:2.386294361119891
power:1.0
believ:1.0
look:1.6931471805599454
guy:1.0
risp:1.0
see:1.0
good:1.0
slugger:1.0
term:1.0
evalu:1.0
total:1.0
better:1.6931471805599454
mani:1.0
go:1.0
tiger:1.0
lion:1.0
piston:1.0
red:1.0
wing:1.0
wolverin:1.0
