binkley:2.386294361119891
let:2.09861228866811
rug:2.09861228866811
nl:2.386294361119891
p:1.0
subject:1.0
jewish:1.6931471805599454
basebal:1.6931471805599454
player:1.6931471805599454
line:1.0
7:1.0
nntp:1.0
post:1.0
host:1.0
pco204a:1.0
organ:1.0
faculteit:1.0
der:1.0
letteren:1.0
rijksuniversiteit:1.0
groningen:1.0
articl:1.0
major:1.0
leaguer:1.0
recent:1.0
issu:1.0
elysian:1.0
field:1.0
use:1.0
minnesota:1.0
review:1.0
recal:1.0
amaz:1.0
amount:1.0
research:1.0
long:1.0
list:1.0
larg:1.0
bibliographi:1.0
peter:1.0
