pcaster:1.0
mizar:1.6931471805599454
usc:1.6931471805599454
edu:1.6931471805599454
dodger:3.5649493574615367
subject:1.0
gross:3.0794415416798357
fan:1.6931471805599454
organ:1.0
univers:1.0
southern:1.0
california:1.0
lo:1.0
angel:1.0
ca:1.0
line:1.6931471805599454
60:1.0
nntp:1.0
post:1.0
host:1.0
went:1.0
game:2.386294361119891
tonight:1.0
cap:1.6931471805599454
night:2.09861228866811
astacio:2.09861228866811
pitch:2.386294361119891
ok:1.0
control:1.0
troubl:2.09861228866811
first:3.0794415416798357
walk:2.09861228866811
batter:2.09861228866811
balk:1.0
second:2.9459101490553135
singl:2.386294361119891
score:3.0794415416798357
run:2.9459101490553135
take:1.0
throw:1.6931471805599454
home:1.6931471805599454
anoth:1.0
made:2.386294361119891
2:3.1972245773362196
0:1.0
card:2.386294361119891
lasorda:1.6931471805599454
tri:1.6931471805599454
new:1.0
featur:1.0
butler:1.0
reed:1.0
piazza:2.6094379124341005
bat:1.0
third:2.386294361119891
darryl:1.0
eric:1.0
bench:1.0
favor:1.0
snyder:1.6931471805599454
webster:1.0
homer:1.0
make:1.6931471805599454
1:1.6931471805599454
tie:1.0
two:1.0
offerman:1.0
fourth:1.6931471805599454
inning:2.386294361119891
alreadi:1.6931471805599454
80:1.0
still:1.6931471805599454
defens:1.0
sever:1.0
impress:1.0
play:1.6931471805599454
look:1.6931471805599454
great:1.0
behind:1.0
plate:1.0
gun:1.0
runner:2.791759469228055
steal:1.0
stray:1.0
bit:1.0
base:1.6931471805599454
etc:1.0
karro:2.386294361119891
also:1.0
spectacular:1.0
keep:1.6931471805599454
ball:2.09861228866811
go:1.6931471805599454
outfield:1.0
sure:1.0
kept:1.0
past:1.0
got:2.6094379124341005
threw:1.0
easili:1.0
heart:1.0
sank:1.0
7th:1.0
warm:1.0
bullpen:1.6931471805599454
lift:1.6931471805599454
pinch:1.0
hitter:1.0
enter:1.0
knew:1.6931471805599454
reliev:1.0
stunk:1.0
tuesday:1.6931471805599454
3:1.6931471805599454
forc:1.6931471805599454
use:1.0
much:1.0
15:1.0
effect:1.0
next:1.6931471805599454
fresh:1.0
given:1.0
light:1.0
work:1.0
live:1.0
name:1.0
gave:1.0
hit:2.386294361119891
load:1.0
grounder:1.0
result:1.0
zeil:1.0
fli:1.0
paid:1.0
littl:2.09861228866811
attent:1.0
thing:1.0
stolen:1.0
eventu:1.0
tag:1.0
4th:1.0
long:1.0
meanwhil:1.0
mount:1.6931471805599454
offens:1.6931471805599454
lee:1.0
smith:1.6931471805599454
ninth:1.0
get:1.0
wallach:1.6931471805599454
anyon:1.0
day:1.0
cori:1.0
collect:1.0
could:1.0
straight:1.0
save:1.0
free:1.0
good:1.0
year:2.09861228866811
strong:1.0
candid:1.0
rooki:1.0
honor:1.0
though:1.0
realli:1.0
earli:1.0
show:1.0
sign:1.0
sophomor:1.0
jinx:1.0
final:1.0
cardin:1.0
4:1.0
7:1.6931471805599454
