boell:2.09861228866811
hpcc01:1.0
corp:1.0
hp:1.6931471805599454
com:1.0
donald:1.0
p:1.0
subject:1.0
rocki:1.0
spoon:1.0
feed:1.0
game:1.0
met:1.0
organ:1.0
corpor:1.0
note:1.0
server:1.0
line:1.0
8:1.0
bichett:1.0
look:1.0
total:1.0
lost:1.0
outfield:1.0
misplay:2.09861228866811
martinez:1.0
fli:1.0
doubl:1.0
expo:1.0
alou:1.6931471805599454
singl:1.0
tripl:1.6931471805599454
tag:1.0
3rd:1.0
slide:1.0
bag:1.0
anoth:1.0
3:1.0
run:1.0
add:1.0
wonder:1.0
bat:1.0
averag:1.0
one:1.0
heck:1.0
player:1.0
