organ:1.0
univers:1.0
notr:1.0
dame:1.0
offic:1.0
univ:1.0
comput:1.0
rvesterm:1.0
vma:1.0
cc:1.0
nd:1.0
edu:1.6931471805599454
subject:1.0
yanke:1.6931471805599454
win:1.0
home:1.0
open:1.0
distribut:1.0
usa:1.0
line:1.0
7:1.0
articl:1.0
1993apr14:1.0
175545:1.0
3528:1.0
alleg:1.0
millit:1.0
org:1.0
sam:1.6931471805599454
millitello:1.0
say:1.0
tell:1.0
three:1.0
l:1.0
call:1.0
mom:1.0
ask:1.0
bob:1.0
vesterman:1.0
