fester:1.6931471805599454
island:1.0
com:2.09861228866811
mike:1.6931471805599454
subject:1.0
note:1.0
jay:1.0
v:1.0
indian:1.0
seri:1.0
organ:1.6931471805599454
usr:1.0
local:1.0
rn:1.0
distribut:1.0
na:1.0
line:1.6931471805599454
38:1.0
articl:2.09861228866811
1993apr13:1.6931471805599454
221704:1.0
4291:1.0
midway:1.6931471805599454
uchicago:1.6931471805599454
edu:2.386294361119891
thf2:1.0
write:2.09861228866811
rudyc5fxc8:1.0
deu:1.0
netcom:1.6931471805599454
rudi:1.6931471805599454
wade:1.0
195301:1.0
22652:1.0
csd:1.0
newshost:1.0
stanford:1.6931471805599454
nlu:1.0
xenon:1.0
nelson:1.0
lu:1.0
guess:1.0
tba:1.0
tobp:1.0
tslg:1.0
tab:1.0
th:1.0
t2b:1.0
t3b:1.0
thr:1.0
tbb:1.0
x:2.386294361119891
310:1.0
405:1.0
427:1.0
t571:1.0
t177:1.0
t27:1.0
t8:1.6931471805599454
t87:1.0
312:1.0
354:1.0
455:1.0
t657:1.0
t205:1.0
t32:1.0
t1:1.0
t20:1.0
t35:1.0
walk:2.386294361119891
give:1.0
away:1.0
obp:1.6931471805599454
gener:1.0
somewhat:1.0
valuabl:2.09861228866811
slug:1.6931471805599454
alomar:2.6094379124341005
edg:1.6931471805599454
quit:2.386294361119891
bit:1.0
larger:1.0
baerga:2.791759469228055
sdcn:1.0
28:1.0
hit:1.6931471805599454
w:1.6931471805599454
5:1.6931471805599454
doubl:1.6931471805599454
12:1.0
hr:1.0
7:1.0
tripl:1.6931471805599454
52:1.0
bb:1.0
let:1.0
forget:1.6931471805599454
39:1.0
extra:1.0
sb:1.0
mani:1.0
c:2.9459101490553135
9:1.0
2:1.0
59:1.0
out:1.6931471805599454
gidp:1.0
balanc:1.0
one:1.0
sacrific:1.0
replac:1.0
level:1.0
second:1.6931471805599454
baseman:1.6931471805599454
could:1.0
17:1.0
coupl:1.0
xbh:1.0
addit:1.0
littl:1.0
differ:1.0
home:2.386294361119891
run:2.09861228866811
talk:1.0
exchang:1.0
almost:1.6931471805599454
60:1.6931471805599454
six:1.6931471805599454
seven:1.6931471805599454
four:1.0
would:1.0
say:1.0
also:1.0
got:1.0
far:1.0
greater:1.0
boost:1.0
park:1.0
hmm:1.0
want:1.0
pick:1.0
play:1.0
toronto:1.0
take:1.6931471805599454
anywher:1.0
el:1.0
probabl:1.0
disclaim:1.0
opiini:1.0
h:2.386294361119891
damn:1.0
q:2.791759469228055
wq:1.6931471805599454
exit:1.6931471805599454
quitby:1.0
ctrlaltdel:1.0
logout:1.0
save:1.0
zz:1.0
zzzzzz:1.0
vi:1.6931471805599454
man:1.6931471805599454
l:1.0
e:1.6931471805599454
help:2.09861228866811
helpquit:1.0
ctrlshftdel:1.0
hey:1.0
stop:1.0
l1a:1.0
