subject:1.0
al:1.0
stat:1.6931471805599454
michael:2.386294361119891
mcguir:2.386294361119891
canrem:1.6931471805599454
com:1.6931471805599454
repli:1.0
distribut:1.0
rec:1.0
organ:1.0
canada:1.6931471805599454
remot:1.6931471805599454
system:1.6931471805599454
line:1.0
11:1.0
look:1.0
sourc:1.0
american:1.0
leagu:1.0
basebal:1.0
individu:1.0
player:1.6931471805599454
format:1.0
print:1.6931471805599454
newspap:1.0
ie:1.0
want:1.0
provid:1.0
list:1.0
get:1.0
back:1.0
nice:1.0
report:1.0
35:1.0
week:1.0
anyon:1.0
know:1.0
statist:1.0
avail:1.0
idea:1.0
cost:1.0
toronto:1.0
ontario:1.0
416:1.0
629:1.6931471805599454
7000:1.0
7044:1.0
