jclous:1.0
discov:1.0
wright:1.6931471805599454
edu:1.0
jim:1.0
clous:1.0
subject:1.0
world:1.0
seri:1.0
stat:2.09861228866811
nntp:1.0
post:1.0
host:1.0
discgat:1.0
organ:1.0
state:1.0
univers:1.0
x:1.0
newsread:1.0
tin:1.0
version:1.0
1:1.6931471805599454
pl8:1.0
line:1.0
3:1.0
anybodi:1.0
el:1.0
think:1.0
w:1.0
becom:1.0
part:1.0
player:1.0
career:1.0
