drw3l:1.0
delmarva:1.0
evsc:1.0
virginia:1.6931471805599454
edu:2.09861228866811
david:1.0
robert:1.0
walker:1.0
subject:1.0
brave:1.0
pitch:2.9459101490553135
updatedir:1.0
organ:1.0
univers:1.0
line:1.0
34:1.0
articl:1.0
8994:1.0
blue:1.0
ci:1.0
pitt:1.6931471805599454
traven:1.6931471805599454
neal:1.0
write:1.0
one:1.6931471805599454
chapter:1.0
palmer:1.0
thorn:1.0
hidden:1.6931471805599454
game:2.386294361119891
titl:1.0
44:1.6931471805599454
basebal:1.0
impli:1.0
field:2.9459101490553135
6:1.6931471805599454
determin:1.0
beat:1.0
long:1.6931471805599454
time:1.0
sinc:1.6931471805599454
read:1.0
opinion:1.0
stupidest:1.0
thing:1.0
argument:1.0
1:1.6931471805599454
defens:2.386294361119891
run:2.791759469228055
allow:1.6931471805599454
50:1.0
2:1.0
unearn:1.6931471805599454
amount:1.0
12:1.6931471805599454
earn:1.6931471805599454
88:1.6931471805599454
3:1.0
result:1.0
product:1.0
4:1.0
caombin:1.0
pete:1.0
usual:1.0
sharper:1.0
feel:1.0
25:1.0
33:1.0
rang:1.0
call:1.0
30:1.0
70:1.0
also:1.0
separ:1.0
offens:1.6931471805599454
bat:1.6931471805599454
baserun:1.6931471805599454
split:1.0
probabl:1.0
somewher:1.0
around:1.0
49:1.0
5:2.09861228866811
0:1.0
give:1.6931471805599454
littl:1.0
credit:1.0
mayb:1.0
45:1.0
even:1.6931471805599454
40:1.0
10:1.0
team:1.6931471805599454
roberto:1.6931471805599454
alomar:1.0
john:1.0
olerud:1.6931471805599454
ident:1.0
stat:1.0
unreason:1.0
let:1.0
steal:1.0
singl:1.0
base:1.0
score:1.0
lot:1.0
go:1.0
first:1.0
third:1.0
often:1.0
gordon:1.0
clay:1.0
