jrogoff:1.0
scott:1.0
skidmor:1.6931471805599454
edu:1.0
jay:1.6931471805599454
rogoff:1.0
subject:1.0
best:1.0
homerun:1.0
distribut:1.0
rec:1.0
organ:1.0
colleg:1.0
saratoga:1.0
spring:1.0
ny:1.0
line:1.0
5:1.0
two:1.0
separ:1.0
occas:1.0
saw:1.0
dick:1.0
allen:1.0
back:1.0
richi:1.0
homer:1.0
shea:1.0
middl:1.0
black:1.0
centerfield:1.0
hitter:1.0
background:1.0
screen:1.0
think:1.0
shot:1.0
would:1.0
travel:1.0
500:1.0
foot:1.0
