john:2.6094379124341005
carson:2.386294361119891
mindlink:1.6931471805599454
bc:1.6931471805599454
ca:1.6931471805599454
subject:1.0
kansa:1.6931471805599454
citi:1.6931471805599454
e:2.386294361119891
mail:2.6094379124341005
contact:1.0
organ:1.0
mind:1.0
link:1.0
british:1.0
columbia:1.0
canada:1.0
line:1.0
11:1.0
would:1.0
person:1.0
run:1.0
list:2.09861228866811
royal:1.0
plea:2.09861228866811
detail:1.0
regard:1.0
know:1.0
info:1.6931471805599454
send:1.0
well:1.0
time:1.0
alway:1.0
read:1.0
group:1.0
j:1.0
h:1.0
concept:1.0
604:1.0
589:1.0
5118:1.0
