rja:1.6931471805599454
mahogany126:2.09861228866811
cray:1.0
com:1.0
rus:1.6931471805599454
anderson:1.6931471805599454
subject:1.0
surfeit:1.0
offens:1.6931471805599454
origin:1.0
line:1.0
35:1.0
nntp:1.0
post:1.0
host:1.0
organ:1.0
1991:1.0
world:1.6931471805599454
champion:1.0
minnesota:1.6931471805599454
twin:2.09861228866811
articl:1.6931471805599454
1qi008innph:1.0
jhunix:1.6931471805599454
hcf:1.6931471805599454
jhu:1.6931471805599454
edu:2.386294361119891
pablo:1.6931471805599454
iglesia:1.0
write:1.6931471805599454
1993apr14:1.0
160447:1.0
17835:1.0
c:2.09861228866811
cornel:1.6931471805599454
tedward:1.0
edward:1.0
ted:1.0
fischer:1.0
last:1.6931471805599454
year:1.6931471805599454
american:1.0
leagu:1.0
score:1.0
9802:1.0
run:2.791759469228055
1134:1.0
game:3.0794415416798357
total:2.09861228866811
8:1.6931471805599454
6:1.0
per:2.09861228866811
1:2.09861228866811
0:1.6931471805599454
hr:2.09861228866811
tuesday:1.0
al:1.0
477:1.0
48:1.0
9:2.09861228866811
7:1.0
1987:1.6931471805599454
2:1.0
3:1.0
big:1.0
question:1.0
signific:1.0
return:1.0
minor:1.0
abber:1.6931471805599454
thought:1.6931471805599454
gener:1.0
april:1.0
rise:1.0
weather:1.6931471805599454
got:1.6931471805599454
warm:1.0
pitcher:1.0
tire:1.0
may:1.0
bigger:1.0
norm:1.0
seem:1.6931471805599454
get:1.0
feel:1.0
issu:1.0
realli:1.0
cold:1.6931471805599454
spell:1.6931471805599454
north:1.0
america:1.0
make:1.6931471805599454
harder:1.0
hit:1.0
mention:1.0
ball:1.0
carri:1.0
le:1.0
obvious:1.0
watch:1.0
chicago:1.0
snow:1.0
week:1.0
5:1.0
inch:1.0
duluth:1.0
weekend:1.0
would:1.0
still:1.0
put:1.0
thing:1.0
earli:1.0
tell:1.0
categori:1.0
yup:1.0
disclaim:1.0
statement:1.0
reflect:1.0
upon:1.0
employ:1.0
anyon:1.0
el:1.0
1993:1.0
ex:1.0
jack:1.0
morri:1.0
10:1.0
inning:1.0
pitch:1.0
seri:1.0
mvp:1.0
