rdetweil:1.0
boi:1.0
hp:1.0
com:2.09861228866811
richard:1.0
detweil:1.0
subject:1.0
phill:1.0
v:1.0
pirat:1.6931471805599454
organ:1.0
hewlett:1.0
packard:1.0
bois:1.0
printer:1.0
divis:1.0
keyword:1.0
mlb:1.6931471805599454
04:1.0
16:1.0
line:1.0
37:1.0
articl:1.0
1993apr16:1.0
163712:1.0
2466:1.0
vfl:1.0
paramax:1.0
edd:1.0
gvlf4:1.0
gvl:1.0
unisi:1.0
ed:1.6931471805599454
dougherti:1.0
write:1.0
philli:1.0
fan:1.6931471805599454
penna:1.6931471805599454
basebal:1.6931471805599454
anxiou:1.0
see:1.0
seri:1.0
anyon:1.0
know:1.0
start:1.6931471805599454
first:1.0
game:1.0
play:1.0
think:1.0
alway:1.0
good:1.6931471805599454
also:1.0
doc:1.0
say:1.0
well:1.0
let:1.0
shell:1.0
run:1.0
handi:1.0
dandi:1.0
program:1.6931471805599454
pit:1.0
phi:1.0
answer:1.6931471805599454
monday:1.6931471805599454
5:3.6390573296152584
10:1.0
pittsburg:3.5649493574615367
philadelphia:3.5649493574615367
35:3.3978952727983707
pm:3.3978952727983707
tuesday:1.6931471805599454
11:2.09861228866811
wednesday:1.6931471805599454
12:1.0
friday:1.6931471805599454
6:2.09861228866811
25:1.0
saturday:1.6931471805599454
26:1.0
05:1.6931471805599454
sunday:1.6931471805599454
27:1.6931471805599454
7:1.6931471805599454
30:1.6931471805599454
31:1.0
8:1.0
1:1.0
9:2.386294361119891
28:1.0
29:1.0
thursday:1.0
great:1.0
littl:1.6931471805599454
avail:1.0
ftp:1.0
site:1.0
near:1.0
unfortunatli:1.0
recal:1.0
one:1.0
schedul:1.0
question:1.0
got:1.0
gem:1.0
mani:1.0
thank:1.0
author:1.0
provid:1.0
servic:1.0
