subject:1.0
sparki:2.6094379124341005
anderson:2.09861228866811
get:2.09861228866811
win:1.6931471805599454
2000:1.0
tiger:2.791759469228055
beat:1.6931471805599454
tim:2.386294361119891
c:1.6931471805599454
cosc:1.6931471805599454
georgetown:2.6094379124341005
edu:2.6094379124341005
snyder:1.6931471805599454
distribut:1.0
world:1.0
organ:1.0
univers:1.6931471805599454
washington:1.6931471805599454
dc:1.6931471805599454
nntp:1.0
post:2.09861228866811
host:1.0
line:1.0
33:1.0
articl:1.0
ragraca:1.6931471805599454
734906386:1.0
vela:1.6931471805599454
ac:1.6931471805599454
oakland:2.386294361119891
randi:1.6931471805599454
graca:1.0
write:1.0
manag:2.09861228866811
2:2.09861228866811
000th:1.0
career:1.6931471805599454
moment:1.6931471805599454
ago:1.0
complet:1.0
two:1.0
game:2.386294361119891
sweep:1.0
stadium:1.0
3:1.6931471805599454
highlight:1.0
tr:1.0
h:1.0
e:1.0
t2:1.0
9:1.0
0:1.0
detroit:1.6931471805599454
7:1.0
1:1.0
descript:1.0
delet:1.6931471805599454
interview:1.6931471805599454
wjr:1.0
radio:1.0
said:1.0
one:1.0
time:1.0
gotten:1.0
emot:1.0
big:1.0
sure:1.0
u:1.0
fan:1.0
unanim:1.0
happi:1.0
way:1.0
number:1.0
000:1.0
woof:1.0
anoth:1.0
larussa:1.0
claim:1.0
best:1.0
baseb:1.0
explain:1.0
part:1.0
histori:1.0
soften:1.0
blow:1.0
lose:1.0
go:1.0
timothi:1.0
law:1.0
depart:1.0
comput:1.0
scienc:1.0
reiss:1.0
225:1.0
20057:1.0
normal:1.0
