tedward:1.0
c:1.6931471805599454
cornel:1.6931471805599454
edu:2.09861228866811
edward:1.0
ted:1.0
fischer:1.0
subject:1.0
sandberg:1.0
run:3.1972245773362196
rbi:2.791759469228055
note:1.0
jay:1.0
v:1.0
indian:1.0
seri:1.0
organ:1.0
univ:1.0
dept:1.0
ithaca:1.0
ny:1.0
14853:1.0
distribut:1.0
na:1.0
line:1.0
53:1.0
articl:1.0
1993apr16:1.0
013145:1.0
8770:1.0
princeton:1.6931471805599454
roger:1.6931471805599454
astro:1.0
lustig:1.0
write:1.0
right:1.0
care:1.6931471805599454
player:2.09861228866811
get:2.386294361119891
credit:2.791759469228055
long:1.0
team:2.386294361119891
help:2.09861228866811
r:1.6931471805599454
score:2.09861228866811
amus:1.0
seem:2.09861228866811
sdcn:1.0
realiz:1.0
much:2.09861228866811
basebal:1.0
game:2.6094379124341005
combin:1.0
effort:1.6931471805599454
everi:1.0
win:2.386294361119891
consid:1.6931471805599454
red:1.6931471805599454
sox:2.6094379124341005
last:1.6931471805599454
night:1.6931471805599454
4:1.0
3:1.0
bottom:1.6931471805599454
13th:1.6931471805599454
clemen:1.0
pitch:2.09861228866811
strong:1.0
nine:1.6931471805599454
inning:2.791759469228055
allow:1.0
two:1.6931471805599454
ryan:1.0
coupl:1.6931471805599454
shutout:1.0
though:1.0
need:1.0
excel:1.0
defens:1.6931471805599454
play:1.0
behind:1.0
quantril:1.6931471805599454
gave:1.0
go:1.6931471805599454
ahead:1.0
got:1.6931471805599454
look:1.0
like:1.0
yet:1.0
offens:1.0
dawson:1.0
vaughn:1.0
hit:2.09861228866811
think:1.0
hr:1.0
earli:1.0
without:1.0
either:1.0
one:1.6931471805599454
would:1.0
lost:1.0
quintana:2.09861228866811
led:1.0
solid:1.0
singl:1.6931471805599454
zupcic:1.6931471805599454
pinch:1.0
ran:1.0
provid:1.6931471805599454
speed:1.0
first:1.6931471805599454
third:1.6931471805599454
cooper:2.6094379124341005
rip:1.0
second:1.0
melvin:2.386294361119891
avoid:1.0
dp:1.0
home:1.0
sac:1.0
fli:1.0
someth:1.0
scrub:1.0
richardson:2.09861228866811
doubl:1.0
speedi:1.0
way:1.0
hill:1.0
lack:1.0
set:1.0
whole:1.0
realli:1.0
contribut:2.09861228866811
furthermor:1.0
peopl:1.0
signific:1.0
baserunn:1.0
move:1.0
tie:1.0
base:1.6931471805599454
assign:1.0
clearli:1.0
ridicul:1.0
argu:1.0
obp:1.6931471805599454
slg:1.6931471805599454
show:1.0
came:1.0
clutch:1.0
better:1.0
least:1.0
claim:1.0
tri:1.0
tell:1.0
victori:1.0
20:1.0
valentin:1.0
