dwarner:2.09861228866811
journal:2.386294361119891
indiana:2.6094379124341005
edu:2.386294361119891
david:1.6931471805599454
j:1.6931471805599454
subject:1.0
mlb:1.6931471805599454
c:1.6931471805599454
nntp:1.0
post:1.0
host:1.0
clove:1.0
repli:1.0
organ:1.0
univers:1.0
line:1.0
8:1.0
could:1.0
kind:1.0
soul:1.0
e:1.6931471805599454
mail:1.6931471805599454
411:1.6931471805599454
find:1.0
program:1.0
interest:1.0
road:1.0
trip:1.0
year:1.0
blue:1.0
riddl:1.0
product:1.0
1993:1.0
rap:1.0
art:1.0
ep:1.0
come:1.0
tape:1.0
time:1.0
real:1.0
