rickert:2.791759469228055
nextwork:2.386294361119891
rose:2.6094379124341005
hulman:2.6094379124341005
edu:2.791759469228055
john:2.09861228866811
h:1.6931471805599454
subject:1.0
player:1.0
rush:1.0
major:1.0
organ:1.0
comput:1.0
scienc:1.0
depart:1.0
line:1.0
13:1.0
repli:1.0
nntp:1.0
post:1.0
host:1.0
g215a:1.0
1:1.0
articl:1.0
93122:1.0
hydra:1.0
gatech:1.6931471805599454
re4:1.0
prism:1.0
russel:1.0
earnest:1.0
write:1.0
bring:1.0
back:2.09861228866811
long:1.0
suffer:1.0
memori:1.0
pre:1.0
chop:1.0
brave:1.6931471805599454
fan:1.0
kept:1.0
promis:1.0
bob:1.0
horner:2.09861228866811
dale:1.0
murphi:2.09861228866811
power:1.0
slam:1.0
could:1.0
stop:1.0
guess:1.0
never:1.0
know:1.0
play:1.6931471805599454
130:1.0
game:2.386294361119891
1985:1.0
hit:2.386294361119891
27:1.6931471805599454
hr:1.0
162:1.0
37:1.0
1986:1.0
141:1.0
29:1.0
160:1.0
lost:1.0
96:1.0
89:1.0
