kmelcher:1.6931471805599454
rafael:1.6931471805599454
arco:2.09861228866811
com:1.6931471805599454
kenneth:1.0
melcher:1.0
subject:1.0
1964:2.09861228866811
philli:2.09861228866811
deja:1.0
vu:1.0
repli:1.0
organ:1.0
explor:1.0
product:1.0
technolog:1.0
line:1.0
3:1.0
dad:1.6931471805599454
alway:1.0
blame:1.0
collaps:1.0
64:1.0
sept:1.6931471805599454
21:1.6931471805599454
someth:1.6931471805599454
like:2.09861228866811
9:1.0
game:1.0
lead:1.0
12:1.0
play:1.0
born:1.6931471805599454
phil:1.0
proceed:1.0
lose:1.0
10:1.6931471805599454
straight:1.6931471805599454
card:1.0
anyon:1.0
know:1.0
hte:1.0
exact:1.0
number:1.0
pennant:1.0
blown:1.0
day:1.0
remind:1.0
began:1.0
krm:1.0
