admir:2.09861228866811
jhunix:2.09861228866811
hcf:2.09861228866811
jhu:2.09861228866811
edu:2.09861228866811
steve:1.6931471805599454
c:1.6931471805599454
liu:1.6931471805599454
subject:1.0
basebal:2.386294361119891
stat:3.302585092994046
organ:1.6931471805599454
homewood:1.6931471805599454
academ:1.0
comput:1.0
john:1.0
hopkin:1.0
univers:1.0
baltimor:1.0
md:1.0
usa:1.6931471805599454
line:1.0
17:1.0
distribut:1.0
expir:1.0
5:1.6931471805599454
93:1.0
nntp:1.0
post:1.0
host:1.0
summari:1.0
1992:2.09861228866811
ewb:1.0
ii:2.09861228866811
want:1.0
thello:1.0
friend:1.0
run:1.6931471805599454
fantasi:1.6931471805599454
leagu:2.09861228866811
pure:1.0
team:1.0
unfortun:1.0
use:1.0
earl:1.0
weaver:1.0
comm:1.6931471805599454
disk:2.386294361119891
need:1.6931471805599454
season:1.0
prefer:1.0
major:1.0
92:1.6931471805599454
total:1.6931471805599454
ewb2:1.6931471805599454
split:1.0
otherwis:1.0
200:1.0
inning:1.0
game:1.0
turn:1.0
v:1.0
l:1.0
unless:1.0
know:1.0
right:1.0
left:1.0
hand:1.0
tso:1.0
anyon:1.0
plea:1.0
e:1.0
mail:1.0
internet:1.0
address:1.0
committe:1.0
liber:1.0
intergr:1.0
terrifi:1.0
rehabilit:1.0
societi:1.0
red:1.0
dwarf:1.0
polymorph:1.0
bangl:1.0
greatest:1.0
femal:1.0
rock:1.0
band:1.0
ever:1.0
exist:1.0
sig:1.0
brought:1.0
frungi:1.0
sport:1.0
king:1.0
