holmes7000:1.0
iscsvax:1.0
uni:1.0
edu:1.0
subject:1.0
win:1.6931471805599454
3:1.6931471805599454
0:1.6931471805599454
icon:2.09861228866811
help:1.6931471805599454
plea:1.6931471805599454
organ:1.0
univers:1.0
northern:1.0
iowa:1.0
line:1.0
10:1.0
download:1.0
sever:1.0
bmp:1.0
figur:1.0
chang:1.0
wallpap:1.0
use:1.0
would:1.0
appreci:1.0
thanx:1.0
brando:1.0
p:1.0
e:1.0
mail:1.0
