farley:2.386294361119891
access:2.386294361119891
digex:2.09861228866811
com:1.6931471805599454
charl:1.6931471805599454
u:1.6931471805599454
subject:1.0
get:1.6931471805599454
ati:2.6094379124341005
card:1.6931471805599454
video:2.09861228866811
driver:2.09861228866811
font:2.09861228866811
organ:1.0
express:1.0
onlin:1.0
commun:1.0
usa:1.6931471805599454
800:1.0
546:1.0
2010:1.0
line:1.0
8:1.0
distribut:1.0
nntp:1.0
post:1.0
host:1.0
net:1.0
summari:1.0
keyword:1.0
window:1.6931471805599454
anyon:1.6931471805599454
know:1.6931471805599454
ftp:1.0
somehow:1.0
el:1.0
acquir:1.0
latest:1.0
svga:1.0
adapt:1.0
floppi:1.0
3:1.0
0:1.0
still:1.0
busi:1.0
thank:1.0
averag:1.0
iq:1.0
calgari:1.0
board:1.0
ed:1.0
employe:1.0
65:1.0
