subject:1.0
winbench:2.09861228866811
3:1.6931471805599454
11:1.6931471805599454
help:1.0
graphic:1.0
comparison:1.0
srg3sir:1.0
grv:1.0
grace:2.09861228866811
cri:2.09861228866811
nz:2.09861228866811
distribut:1.0
world:1.0
organ:1.0
industri:1.0
research:1.0
ltd:1.0
new:1.0
zealand:1.0
nntp:1.0
post:1.0
host:1.0
rmayston:1.0
line:1.0
25:1.0
articl:1.0
c4zogd:1.0
c56:1.0
news:1.0
udel:1.6931471805599454
edu:1.6931471805599454
swyatt:1.0
bach:1.0
stephen:1.0
l:1.0
wyatt:1.0
write:1.0
question:1.0
pc:1.0
lab:1.0
thing:1.0
386:1.0
33:1.0
ahead:1.6931471805599454
b:1.6931471805599454
512k:1.0
card:2.09861228866811
got:1.0
result:1.0
window:1.6931471805599454
vga:1.0
driver:2.09861228866811
2:1.6931471805599454
44:1.0
million:2.09861228866811
640:1.0
480:1.0
256:2.09861228866811
455:1.0
000:1.0
winmark:2.09861228866811
svga:1.0
800:1.0
600:1.0
16:2.386294361119891
1:2.09861228866811
68:1.0
think:1.0
upgrad:1.0
diamond:1.0
24x:1.6931471805599454
read:1.0
8:1.0
obvious:1.0
much:1.6931471805599454
greater:1.0
color:1.0
mode:1.0
good:1.0
street:1.0
price:1.0
170:1.0
386dx:1.0
33mhz:1.0
4mb:1.0
ram:1.0
5:1.0
v2:2.386294361119891
02:1.0
7m:1.6931471805599454
668:1.6931471805599454
274:1.0
03:2.09861228866811
985:1.0
4:1.0
602:1.0
428:1.0
7:1.0
635:1.0
278:1.0
richard:1.0
mayston:1.0
maystonr:1.0
