xtifr:1.6931471805599454
netcom:2.09861228866811
com:1.6931471805599454
chri:1.6931471805599454
water:1.6931471805599454
subject:1.0
pc:2.09861228866811
geo:2.386294361119891
window:2.791759469228055
o:3.0794415416798357
2:3.0794415416798357
unix:3.302585092994046
x11:1.6931471805599454
organ:1.0
line:1.6931471805599454
commun:1.0
servic:1.0
408:1.0
241:1.0
9760:1.0
guest:1.0
58:1.0
sehari:2.09861228866811
734022369:1.0
vincent2:1.0
iastat:1.6931471805599454
edu:1.6931471805599454
babak:1.0
write:1.0
limit:1.0
knowladg:1.0
came:1.0
follow:1.0
comparison:1.0
run:2.386294361119891
win:1.0
program:2.09861228866811
nop:2.386294361119891
yap:2.09861228866811
novel:1.0
least:1.0
demo:1.0
app:1.0
unixwar:1.6931471805599454
5:1.0
heard:1.0
tri:1.0
mk:2.09861228866811
other:1.0
esp:1.0
emx:2.386294361119891
note:1.0
toolkit:1.0
do:2.386294361119891
give:1.6931471805599454
good:2.09861228866811
suit:1.0
standard:1.6931471805599454
util:1.0
similar:1.6931471805599454
system:2.791759469228055
vendor:1.0
well:1.0
call:1.0
recompil:1.0
quit:1.0
thing:1.0
actual:1.0
directli:1.0
either:1.0
case:1.0
make:1.0
almost:1.0
compat:1.0
mani:1.0
best:1.6931471805599454
free:2.09861228866811
go32:1.0
work:1.0
far:1.0
know:1.0
7:1.0
price:1.0
120:1.6931471805599454
70:1.0
1000:1.0
one:1.6931471805599454
cost:2.09861228866811
400:1.6931471805599454
700:1.6931471805599454
avali:1.0
ext:1.0
card:1.0
add:1.0
neither:1.6931471805599454
standalon:1.0
point:1.0
requir:1.0
btw:1.0
two:1.0
unic:1.0
seen:1.0
pee:1.0
cee:1.0
300:1.0
person:1.0
edit:1.0
linux:1.0
agre:1.0
realli:1.0
want:1.0
check:1.0
variou:1.0
option:1.0
avail:1.0
also:1.0
look:1.0
desqview:1.6931471805599454
x:1.0
cheer:1.0
insan:1.0
judi:1.0
bedroom:1.0
need:1.0
disclaim:1.0
invent:1.0
situat:1.0
byrn:1.0
