holland:2.6094379124341005
ug:2.386294361119891
c:2.6094379124341005
dal:2.6094379124341005
ca:2.6094379124341005
shane:1.6931471805599454
subject:1.0
comment:1.6931471805599454
xtree:1.6931471805599454
window:1.6931471805599454
organ:1.0
math:1.0
stat:1.0
dalhousi:1.0
univers:1.0
halifax:1.0
n:1.0
canada:1.0
line:1.0
15:1.0
nntp:1.0
post:1.0
host:1.0
look:1.0
pro:1.0
think:1.0
buy:1.0
product:1.0
even:1.0
seen:1.0
yet:1.0
thank:1.0
maurack:1.0
ac:1.0
