davidgl:1.6931471805599454
microsoft:2.6094379124341005
com:1.6931471805599454
david:1.0
glenn:1.6931471805599454
subject:1.0
atm:2.791759469228055
truetyp:2.09861228866811
choos:1.0
articl:1.6931471805599454
microsof:1.0
1993apr06:1.0
023730:1.0
5094:1.0
distribut:1.0
usa:1.0
organ:1.0
corp:1.0
line:1.0
54:1.0
c4tdgt:1.0
mqq:1.0
csn:2.09861228866811
org:2.09861228866811
rjn:1.6931471805599454
teal:1.0
wrote:1.0
csd25:1.0
keel:1.0
ac:1.0
uk:1.0
c:1.0
yearsley:1.0
write:1.0
bought:1.0
pc:1.0
came:1.0
bundl:1.0
lotu:1.0
stuff:1.6931471805599454
includ:1.0
adob:1.0
type:3.1972245773362196
manag:1.6931471805599454
version:1.0
1:3.3978952727983707
15:1.6931471805599454
newcom:1.0
window:2.386294361119891
confus:1.6931471805599454
use:2.386294361119891
go:1.0
stay:1.0
sure:1.0
upgrad:1.0
2:2.6094379124341005
5:1.6931471805599454
replac:1.0
0:1.0
know:1.0
old:1.0
fast:1.0
tt:3.8903717578961645
disabl:1.0
small:1.0
screen:1.6931471805599454
font:4.13549421592915
better:1.0
render:1.0
smaller:1.0
point:1.0
size:2.09861228866811
true:1.6931471805599454
excel:1.0
qualiti:2.09861228866811
poor:1.0
depend:1.6931471805599454
maker:1.6931471805599454
complex:1.0
glyph:1.6931471805599454
relat:1.0
resolut:1.0
view:1.0
probabl:1.0
reason:1.0
opinion:1.0
experi:1.0
inferior:1.0
market:1.0
today:1.0
convert:2.386294361119891
outlin:1.0
either:1.0
vendor:1.0
end:1.0
user:1.6931471805599454
fontograph:1.0
fontmong:1.0
instead:1.0
hand:1.6931471805599454
hint:2.791759469228055
take:1.0
advantag:1.0
languag:1.6931471805599454
best:1.0
par:1.0
orgin:1.6931471805599454
much:1.6931471805599454
richer:1.0
robust:1.0
diagon:1.0
instanc:1.6931471805599454
check:1.0
3:1.0
core:1.0
time:1.6931471805599454
arial:1.0
courier:1.0
symbol:1.0
wingd:1.0
see:1.0
done:1.0
pack:1.0
well:1.6931471805599454
like:1.6931471805599454
tend:1.0
higher:1.0
complet:1.0
term:1.0
foreign:1.0
charact:2.386294361119891
someon:1.0
get:1.0
allow:1.0
flexibl:1.0
area:1.0
thousand:1.0
file:1.0
mac:2.386294361119891
p:1.0
unicod:1.0
char:2.09861228866811
set:2.09861228866811
appropri:1.0
particular:1.0
platform:1.0
run:1.0
fontpack:1.0
metric:1.0
brought:1.0
access:1.0
full:1.0
regard:1.6931471805599454
1001:1.0
east:1.0
harmoni:1.0
road:1.0
bob:1.0
niland:1.0
suit:1.0
503:1.0
internet:1.0
fort:1.0
collin:1.0
co:1.0
80525:1.0
compuserv:1.6931471805599454
71044:1.0
2124:1.0
303:1.0
223:1.0
5209:1.0
hope:1.0
clear:1.0
feel:1.0
free:1.0
contact:1.0
anyon:1.0
would:1.0
info:1.0
dave:1.0
program:1.0
72420:1.0
1067:1.0
