ardi:2.09861228866811
ux1:1.6931471805599454
cso:2.09861228866811
uiuc:2.09861228866811
edu:2.386294361119891
mack:1.0
subject:1.6931471805599454
dos6:1.6931471805599454
defrag:2.6094379124341005
articl:2.09861228866811
272:1.0
734097933:1.0
organ:1.0
depart:1.0
plant:1.0
patholog:1.0
line:1.0
30:1.0
1993apr6:1.0
040254:1.0
8443:1.0
c:1.0
brown:1.0
ksl:1.6931471805599454
engin1:1.6931471805599454
nosubdomain:1.6931471805599454
nodomain:1.6931471805599454
kiseok:1.6931471805599454
lee:1.6931471805599454
write:2.09861228866811
date:1.0
tue:1.0
6:1.0
apr:1.0
1993:1.0
04:1.0
02:1.0
54:1.0
gmt:1.0
c51h9m:1.0
46p:1.0
news:1.0
rhc52134:1.0
uxa:1.0
richard:1.6931471805599454
geoffrey:1.0
elbo:1.0
ye:1.6931471805599454
fastest:1.0
ever:1.0
watch:1.0
170mb:1.0
hard:1.0
disk:1.0
20:1.0
minut:1.0
ti:1.6931471805599454
found:1.0
m:2.386294361119891
look:1.0
much:1.0
like:1.0
norton:2.386294361119891
speedisk:1.6931471805599454
strip:1.6931471805599454
version:1.6931471805599454
later:1.0
backup:1.6931471805599454
wonder:1.0
need:1.6931471805599454
instal:1.0
defragg:1.0
come:1.0
util:1.0
bother:1.6931471805599454
cpbackup:1.0
fastback:1.0
offer:1.0
option:1.0
avail:1.0
cp:1.0
exampl:1.0
proprietari:1.0
format:1.0
save:1.0
space:1.0
probabl:1.0
direct:1.0
dma:1.0
access:1.0
tape:1.0
drive:1.0
use:1.0
doublespac:1.0
work:1.0
compress:1.0
volum:1.0
