rcampbel:2.09861228866811
weejordi:2.09861228866811
physic:2.6094379124341005
mun:2.09861228866811
ca:2.09861228866811
roderick:1.6931471805599454
campbel:1.6931471805599454
subject:1.0
pc:2.09861228866811
geo:2.09861228866811
window:2.09861228866811
o:2.386294361119891
2:2.09861228866811
unix:2.6094379124341005
x11:1.6931471805599454
repli:1.0
organ:1.0
dept:1.0
memori:1.6931471805599454
univers:1.6931471805599454
line:1.6931471805599454
61:1.0
articl:1.0
sehari:2.386294361119891
734022369:1.0
vincent2:1.0
iastat:1.6931471805599454
edu:1.6931471805599454
babak:1.6931471805599454
write:1.0
limit:1.0
knowladg:1.0
came:1.0
follow:1.0
comparison:1.0
1:1.0
run:1.6931471805599454
do:1.6931471805599454
program:1.0
ye:2.386294361119891
need:1.0
add:2.09861228866811
delet:1.0
7:1.0
price:1.6931471805599454
120:1.6931471805599454
70:2.09861228866811
free:2.09861228866811
1000:1.0
good:1.0
one:1.0
cost:1.6931471805599454
400:1.0
700:1.0
avali:1.0
ext:1.0
card:1.0
8:1.0
c:2.6094379124341005
compil:1.6931471805599454
think:1.0
yap:3.4849066497880004
9:1.0
10:1.0
fortran:2.09861228866811
11:1.0
debug:1.0
12:1.0
min:1.0
2m:1.0
10mb:1.0
hard:1.0
386:1.0
guy:1.0
gal:1.0
list:2.386294361119891
throw:1.6931471805599454
mani:2.09861228866811
tube:1.6931471805599454
highest:1.0
regard:1.0
appear:1.0
impli:1.0
m:1.0
come:1.0
cours:1.0
expens:1.0
on:1.0
drive:1.0
way:1.0
beyond:1.0
know:1.0
appli:1.0
far:1.0
concern:1.0
linux:1.6931471805599454
cc:1.0
f2c:1.0
xwindow:1.0
featur:1.0
besid:1.0
larg:1.0
number:1.0
util:1.0
option:1.0
ad:1.0
also:1.0
386bsd:1.0
believ:1.0
quit:1.0
robust:1.0
check:1.0
comp:1.0
want:1.0
got:1.0
break:1.0
littl:1.0
depart:1.0
newfoundland:1.0
st:1.0
john:1.0
nf:1.0
canada:1.0
internet:1.0
