ac151:2.09861228866811
freenet:2.386294361119891
carleton:2.09861228866811
ca:2.6094379124341005
david:2.386294361119891
clark:2.386294361119891
subject:1.0
do:1.6931471805599454
6:1.6931471805599454
emm386:2.6094379124341005
window:2.386294361119891
3:1.0
1:1.0
prob:1.0
repli:1.0
organ:1.0
nation:1.0
capit:1.0
line:1.0
22:1.0
anyon:1.0
el:1.0
experienc:1.0
problem:1.6931471805599454
hang:2.09861228866811
instal:1.0
narrow:1.0
remov:1.0
disabl:1.0
ok:1.0
activ:1.0
noem:1.0
use:1.0
auto:1.0
system:1.0
bootup:1.0
dave:1.0
well:1.6931471805599454
deep:1.0
wish:1.0
mtsa:1.0
ubc:1.0
clarkec:1.0
sfu:1.0
