bkph:1.0
kauai:1.6931471805599454
ai:1.6931471805599454
mit:2.09861228866811
edu:1.6931471805599454
berthold:1.6931471805599454
k:1.6931471805599454
p:2.09861228866811
horn:1.6931471805599454
subject:1.0
atm:1.0
truetyp:2.09861228866811
choos:1.0
organ:1.0
artifici:1.0
intellig:1.0
lab:1.0
line:1.0
50:1.0
distribut:1.0
usa:1.6931471805599454
nntp:1.0
post:1.0
host:1.0
repli:1.0
davidgl:1.6931471805599454
microsoft:2.09861228866811
com:2.09861228866811
messag:1.0
06:1.0
apr:1.0
93:1.0
02:1.0
37:1.0
30:1.0
gmt:1.0
articl:1.0
1993apr06:1.0
023730:1.0
5094:1.0
david:1.0
glenn:1.0
write:1.0
tagain:1.0
true:1.0
charact:2.6094379124341005
tt:2.9459101490553135
type:2.386294361119891
1:2.386294361119891
font:3.833213344056216
depend:1.0
tmaker:1.0
someon:1.0
convert:1.0
get:2.386294361119891
tcharact:1.0
orgin:1.0
allow:1.6931471805599454
much:1.0
flexibl:1.0
tin:1.0
area:1.0
well:2.09861228866811
thousand:1.6931471805599454
glyph:2.09861228866811
tfile:1.0
mac:2.9459101490553135
window:3.1972245773362196
unicod:1.0
char:1.0
set:2.386294361119891
use:1.6931471805599454
tappropri:1.0
particular:1.0
platform:1.0
run:1.0
ye:1.6931471805599454
contain:1.0
lot:1.0
case:1.0
plain:1.0
text:1.6931471805599454
reencod:2.09861228866811
ansi:2.09861228866811
standard:1.6931471805599454
roman:1.6931471805599454
encod:1.6931471805599454
differ:1.0
t1:2.09861228866811
right:1.0
know:1.0
liabiliati:1.0
rather:1.0
great:1.0
new:1.6931471805599454
thing:1.0
reason:1.0
3000:1.0
larg:1.0
access:1.6931471805599454
224:1.0
pay:1.0
heavi:1.0
price:1.0
download:1.6931471805599454
time:1.0
printer:1.0
storag:1.0
moment:1.0
one:1.0
program:1.0
partial:1.0
tfor:1.0
instanc:1.0
fontpack:1.0
2:1.0
tchar:1.6931471805599454
metric:1.6931471805599454
ti:1.0
brought:1.0
user:1.0
full:1.0
iso:1.0
adob:1.0
superset:1.0
macintosh:1.0
enocd:1.0
question:1.0
whether:1.0
exampl:1.0
ligatur:1.6931471805599454
fi:1.6931471805599454
anfd:1.0
fl:1.6931471805599454
even:1.0
though:1.0
may:1.0
somewhat:1.0
pain:1.0
creat:1.0
file:1.0
pfm:1.0
util:1.6931471805599454
make:1.0
possibl:1.0
circumv:1.0
hard:1.0
wire:1.0
regard:1.0
1001:1.0
east:1.0
harmoni:1.0
road:1.0
bob:1.0
niland:1.0
suit:1.0
503:1.0
internet:1.0
rjn:1.0
csn:1.0
org:1.0
fort:1.0
collin:1.0
co:1.0
80525:1.0
compuserv:1.0
71044:1.0
2124:1.0
303:1.0
223:1.0
5209:1.0
cambridg:1.0
massachusett:1.0
