subject:1.0
winbench:2.386294361119891
3:2.09861228866811
11:1.6931471805599454
help:1.0
graphic:1.6931471805599454
comparison:1.0
franklig:1.6931471805599454
helium:1.0
ga:1.6931471805599454
uug:1.6931471805599454
arizona:2.09861228866811
edu:2.386294361119891
gregori:1.0
c:1.0
franklin:1.6931471805599454
organ:1.0
univers:1.0
tucson:1.0
line:1.0
32:1.0
articl:1.6931471805599454
1pqd9hinnbmi:1.0
zephyr:1.0
grace:1.6931471805599454
cri:1.6931471805599454
nz:1.6931471805599454
srg3sir:1.0
grv:1.0
write:1.6931471805599454
c4zogd:1.0
c56:1.0
news:1.0
udel:1.6931471805599454
swyatt:1.0
bach:1.0
stephen:1.6931471805599454
l:1.0
wyatt:1.0
question:1.6931471805599454
pc:1.0
lab:1.0
thing:1.0
386:1.0
33:1.0
ahead:2.09861228866811
b:2.09861228866811
512k:1.0
card:2.09861228866811
got:1.0
result:1.6931471805599454
window:2.09861228866811
vga:1.0
driver:2.09861228866811
2:2.09861228866811
44:1.0
million:2.09861228866811
640:1.0
480:1.0
256:1.6931471805599454
455:1.0
000:1.0
winmark:2.09861228866811
svga:1.0
800:1.0
600:1.0
16:2.386294361119891
1:2.386294361119891
68:1.0
think:1.0
upgrad:1.0
diamond:1.6931471805599454
24x:2.09861228866811
read:1.0
8:1.0
386dx:1.0
33mhz:1.0
4mb:1.0
ram:1.0
5:1.6931471805599454
v2:2.386294361119891
02:1.0
7m:1.6931471805599454
668:1.6931471805599454
274:1.0
03:2.09861228866811
985:1.0
4:1.0
602:1.0
428:1.0
7:1.0
635:1.0
278:1.0
care:1.0
recal:1.0
number:1.0
calcul:1.0
differ:1.0
figur:1.0
compar:1.0
howev:1.0
answer:1.0
replac:1.0
yield:1.0
cost:1.0
effect:1.0
dramat:1.0
speed:1.0
increas:1.0
ati:1.0
ultra:1.0
plu:1.0
greg:1.0
