franklig:1.6931471805599454
helium:1.0
ga:1.6931471805599454
uug:1.6931471805599454
arizona:2.09861228866811
edu:2.09861228866811
gregori:1.0
c:1.6931471805599454
franklin:1.6931471805599454
subject:1.0
mous:2.791759469228055
com3:2.386294361119891
x08:1.6931471805599454
x08om3:1.0
com4:1.0
window:2.09861228866811
organ:1.0
univers:1.0
tucson:1.0
line:1.6931471805599454
23:1.0
articl:1.0
c4v5p3:1.0
jyf:1.0
bcstec:1.6931471805599454
ca:1.6931471805599454
boe:1.6931471805599454
com:1.6931471805599454
isbel:1.6931471805599454
robert:1.0
write:1.6931471805599454
jpaparel:1.0
ulowel:1.0
joseph:1.0
paparella:1.0
problem:1.0
configur:1.0
use:2.6094379124341005
irq5:1.0
com1:2.6094379124341005
com2:2.09861228866811
support:1.0
two:1.0
24:1.0
hour:1.0
bb:1.0
go:1.0
irq:1.0
therefor:1.0
modem:1.0
vice:1.0
versa:1.0
limit:1.0
do:1.0
fact:1.6931471805599454
see:1.0
anyth:1.0
accept:1.0
either:1.0
get:1.6931471805599454
bu:1.0
new:1.0
comput:1.0
would:1.0
also:1.0
like:1.0
know:1.0
possibl:1.0
port:1.0
advic:1.0
appli:1.0
greg:1.0
