hamish:2.6094379124341005
cloud:2.386294361119891
apana:2.386294361119891
org:2.09861228866811
au:2.09861228866811
moffatt:1.6931471805599454
subject:1.0
mous:3.0794415416798357
com3:3.1972245773362196
x08:1.6931471805599454
x08om3:1.0
com4:2.6094379124341005
window:3.0794415416798357
organ:1.0
nine:1.6931471805599454
bb:1.6931471805599454
melbourn:1.6931471805599454
australia:1.6931471805599454
line:1.0
53:1.0
jpaparel:1.0
c:1.0
ulowel:1.0
edu:1.0
joseph:1.0
paparella:1.0
write:1.0
problem:1.6931471805599454
configur:1.0
use:2.6094379124341005
irq5:2.6094379124341005
believ:1.6931471805599454
tri:1.6931471805599454
irq4:1.6931471805599454
usual:1.0
place:1.0
still:1.6931471805599454
like:2.09861228866811
simpli:1.0
seem:1.0
support:2.6094379124341005
mouse:1.0
com1:2.09861228866811
com2:1.6931471805599454
funni:1.0
part:1.0
though:1.0
microsoft:1.6931471805599454
driver:2.6094379124341005
8:1.0
xx:1.0
quit:1.0
happi:1.0
sit:1.0
least:1.0
com2irq:1.0
3:2.6094379124341005
com3irq:1.0
5:1.6931471805599454
com4irq:1.0
7:1.6931471805599454
maxcomport:1.0
4:1.6931471805599454
actual:1.0
want:1.0
abl:1.0
second:1.0
modem:2.386294361119891
talk:1.6931471805599454
creat:1.0
two:1.0
profil:1.0
amstrad:1.6931471805599454
maestro:2.09861228866811
1:1.0
5106830617:1.0
suggest:1.0
p:1.0
2:1.6931471805599454
set:1.6931471805599454
setup:1.0
would:2.09861228866811
work:1.0
0:1.0
possibl:1.0
worst:1.0
need:1.0
special:1.0
version:1.0
look:1.0
instead:1.0
know:1.6931471805599454
irq7:1.6931471805599454
normal:1.0
printer:1.6931471805599454
port:1.0
irq:2.386294361119891
seen:1.0
noth:1.0
experi:1.0
logitech:1.0
sucess:1.0
attach:1.0
side:1.0
note:1.0
realli:1.0
assign:1.0
higher:1.0
soundblast:1.6931471805599454
board:1.6931471805599454
right:1.0
allow:1.0
pro:1.0
irq10:1.0
well:1.0
final:1.0
9:1.0
one:1.0
except:1.0
ide:1.0
control:1.0
australian:1.0
public:1.0
635:1.0
552:1.0
fidonet:1.0
access:1.0
network:1.0
associ:1.0
58:1.0
4100:1.0
43:1.0
intlnet:1.0
mail:1.0
info:1.0
titan:1.0
softwar:1.0
voic:1.0
61:1.0
803:1.0
1326:1.0
inform:1.0
