liuxu:1.6931471805599454
vuse:1.0
vanderbilt:1.6931471805599454
edu:1.0
xudong:1.0
liu:1.6931471805599454
subject:1.0
file:2.09861228866811
download:1.0
origin:1.0
cmr1:1.6931471805599454
nntp:1.0
post:1.0
host:1.0
organ:1.0
univers:1.0
school:1.0
engin:1.0
nashvil:1.0
tn:1.0
usa:1.6931471805599454
distribut:1.0
line:1.0
9:1.0
begin:1.0
wonder:1.0
transfer:1.0
sun:1.0
system:1.0
network:1.6931471805599454
pc:1.0
home:1.0
connect:1.0
tri:1.0
use:1.0
comit:1.0
slow:1.0
seem:1.0
get:1.0
multipl:1.0
time:1.0
imposs:1.0
could:1.0
anybodi:1.0
give:1.0
hint:1.0
infom:1.0
thank:1.0
advanc:1.0
