carol:2.09861228866811
ohsu:2.09861228866811
edu:1.6931471805599454
suelzl:1.0
subject:1.0
help:1.0
winqvt:1.0
articl:1.0
1993apr15:1.0
164424:1.0
465:1.0
organ:1.0
oregon:1.0
health:1.0
scienc:1.0
univers:1.0
line:1.0
17:1.0
nntp:1.0
post:1.0
host:1.6931471805599454
137:2.09861228866811
53:1.0
130:1.0
7:1.0
qvthost:1.0
rc:1.0
file:1.6931471805599454
112:1.6931471805599454
5:1.0
2:2.09861228866811
199:1.0
50:1.0
requir:1.0
name:2.6094379124341005
use:1.0
addit:1.0
ip:1.0
address:1.0
sucb:1.0
100:1.6931471805599454
0:1.6931471805599454
1:1.6931471805599454
server:1.0
router:1.0
