spitz:2.791759469228055
ana:2.09861228866811
med:2.09861228866811
uni:2.09861228866811
muenchen:2.386294361119891
de:2.09861228866811
richard:2.386294361119891
subject:1.0
help:1.6931471805599454
winqvt:1.6931471805599454
repli:1.0
organ:1.0
inst:1.0
f:1.0
anaesthesiologi:1.0
der:1.0
lmu:1.0
germani:1.6931471805599454
distribut:1.0
lrz:1.0
line:1.0
63:1.0
swartzjh:1.6931471805599454
nextwork:1.0
rose:2.09861228866811
hulman:2.09861228866811
edu:2.09861228866811
jeff:1.0
h:1.0
swartz:1.0
write:1.0
twhen:1.6931471805599454
use:3.0794415416798357
name:2.6094379124341005
rosevc:1.6931471805599454
tiniti:1.0
nameserv:2.9459101490553135
queri:1.6931471805599454
tnameserv:1.0
time:1.0
ip:2.791759469228055
number:1.0
tlocal:1.0
host:1.0
gateway:1.0
respond:1.0
know:1.6931471805599454
correct:1.6931471805599454
router:2.6094379124341005
work:2.6094379124341005
fine:2.09861228866811
ncsa:1.0
telnet:1.0
ftp:1.0
ok:1.0
definit:1.0
qvtnet:2.09861228866811
ini:1.6931471805599454
qvthost:2.09861228866811
rc:2.09861228866811
incorrect:1.0
see:1.0
doc:1.0
said:1.0
run:1.0
concurr:2.09861228866811
packet:1.6931471805599454
softwar:1.0
need:1.0
load:1.0
pktmux:1.6931471805599454
appli:1.0
think:1.0
novel:1.6931471805599454
differ:1.6931471805599454
type:1.0
tcp:1.6931471805599454
ipx:1.0
spx:1.0
abl:1.0
coexist:1.0
requir:1.0
packag:1.0
file:2.09861228866811
137:2.791759469228055
112:2.791759469228055
5:2.09861228866811
2:2.09861228866811
199:2.09861228866811
50:2.09861228866811
first:1.0
problem:1.0
specifi:2.6094379124341005
hostnam:2.09861228866811
address:2.09861228866811
look:1.0
like:1.0
begin:1.0
net:1.0
test:1.0
without:1.0
domain:1.0
part:1.0
instead:1.6931471805599454
releas:1.0
note:1.0
3:1.0
31:1.0
say:1.6931471805599454
also:1.0
appar:1.0
way:1.0
although:1.0
could:1.0
one:1.0
relnot:1.0
possibl:1.0
three:1.0
separ:1.0
comma:1.0
hope:1.0
dr:1.0
internet:1.0
edv:1.0
grupp:1.0
anaesthesi:1.0
tel:1.0
49:1.6931471805599454
89:1.6931471805599454
7095:1.6931471805599454
3421:1.0
klinikum:1.0
grosshadern:1.0
fax:1.0
8886:1.0
munich:1.0
