moy:2.09861228866811
cae:1.0
wisc:1.0
edu:1.0
howard:2.09861228866811
subject:1.0
fix:1.6931471805599454
word:1.0
subscript:2.386294361119891
space:1.0
organ:1.0
u:1.0
wisconsin:1.0
madison:1.0
colleg:1.0
engin:1.0
line:1.0
14:1.0
hi:1.0
problem:1.6931471805599454
use:1.0
msword:1.0
charact:1.0
get:1.0
cut:1.0
display:1.0
print:1.0
ok:1.0
anyon:1.0
know:1.0
see:1.0
screen:1.0
mani:1.0
thank:1.0
608:1.0
255:1.0
6379:1.0
