jrobert:1.0
ux4:1.0
cso:1.0
uiuc:1.0
edu:1.0
robertson:1.0
subject:1.0
ati:1.6931471805599454
ultra:1.0
pro:1.0
driver:1.6931471805599454
organ:1.0
univers:1.0
illinoi:1.0
urbana:1.0
line:1.0
4:1.0
anybodi:1.0
know:1.0
ftp:1.0
site:1.0
latest:1.0
window:1.0
gup:1.0
thank:1.0
