bcasavan:1.6931471805599454
skyhawk:1.6931471805599454
ecn:2.09861228866811
uoknor:2.09861228866811
edu:2.6094379124341005
brent:1.6931471805599454
casav:1.6931471805599454
subject:1.0
permana:1.0
swap:2.791759469228055
file:2.791759469228055
do:1.0
6:1.0
0:2.09861228866811
dbldisk:1.0
summari:1.0
explan:1.0
messag:2.386294361119891
nntp:1.0
post:1.0
host:1.0
organ:1.0
engin:1.0
comput:1.0
network:1.0
univers:1.0
oklahoma:1.0
norman:1.0
ok:1.0
usa:1.0
line:1.0
63:1.0
articl:1.0
93059:1.0
hydra:1.0
gatech:1.6931471805599454
gt4356c:1.0
prism:1.0
jame:1.6931471805599454
dean:1.0
barwick:1.0
write:1.0
stuff:1.0
delet:1.0
permen:1.0
sure:1.0
everyon:1.6931471805599454
uncompress:1.0
part:1.0
compress:1.0
hard:1.0
disk:2.09861228866811
seen:1.0
select:1.0
greater:1.0
suggest:2.6094379124341005
size:2.791759469228055
window:3.0794415416798357
use:2.791759469228055
wan:1.0
creat:2.09861228866811
anyway:1.6931471805599454
someth:2.09861228866811
like:1.6931471805599454
well:2.386294361119891
friend:1.0
mine:1.0
robert:1.0
call:1.6931471805599454
microsoft:2.791759469228055
ask:1.0
said:2.09861228866811
check:1.6931471805599454
amount:1.6931471805599454
free:1.6931471805599454
space:1.6931471805599454
divid:1.0
number:1.6931471805599454
2:1.6931471805599454
largest:1.0
contigu:1.0
block:1.0
smaller:1.0
two:1.0
also:2.09861228866811
absolut:1.0
circumst:1.0
none:1.0
larger:2.791759469228055
bull:1.0
true:1.0
report:1.0
memori:1.0
avail:1.0
go:2.09861228866811
taker:1.0
someon:2.09861228866811
told:1.0
wrong:1.0
recommend:2.386294361119891
last:1.0
summer:1.0
went:1.0
3:1.0
1:1.0
technic:1.6931471805599454
workshop:2.09861228866811
distribut:1.0
lot:1.6931471805599454
inform:2.09861228866811
gener:1.0
public:1.0
might:1.0
awar:1.0
main:1.0
book:1.0
hand:1.0
section:1.0
swapfil:2.09861228866811
quot:1.0
perman:1.0
receiv:1.0
tell:1.6931471805599454
anyth:1.0
error:1.0
incorrect:1.6931471805599454
allow:1.0
four:1.0
time:1.0
ram:1.0
machin:1.0
see:1.0
know:1.6931471805599454
probabl:1.0
ran:1.0
doofbal:1.0
new:1.0
job:1.6931471805599454
littl:1.6931471805599454
knew:1.0
may:1.0
would:1.0
realli:1.6931471805599454
take:1.0
opportun:1.0
actual:1.0
incred:1.0
depth:1.0
get:1.0
materi:1.0
bug:1.0
optim:1.0
straight:1.0
besid:1.6931471805599454
offer:1.0
huge:1.0
discount:1.0
softwar:1.0
rememb:1.0
correctli:1.0
could:1.6931471805599454
pick:1.6931471805599454
word:1.6931471805599454
excel:1.0
4:1.0
whatev:1.0
present:1.0
program:1.0
130:1.0
full:1.0
blown:1.0
version:1.6931471805599454
upgrad:1.0
educ:1.0
offic:1.0
500:1.0
sprang:1.0
hope:1.6931471805599454
help:1.0
save:1.0
money:1.0
anyon:1.0
read:1.0
love:1.0
product:1.0
need:1.0
graduat:1.0
work:1.0
thank:1.0
mailhost:1.0
