chen:2.791759469228055
citr:2.09861228866811
uq:2.09861228866811
oz:2.09861228866811
au:2.09861228866811
g:2.09861228866811
subject:1.0
help:1.0
bitmap:3.0794415416798357
summari:1.0
size:2.6094379124341005
keyword:1.0
window:1.0
3:1.0
1:1.0
sdk:1.6931471805599454
organ:1.0
prentic:1.0
centr:1.6931471805599454
univers:1.6931471805599454
queensland:1.6931471805599454
line:1.0
18:1.0
wonder:1.0
anyon:1.0
tell:1.0
whether:1.0
creat:1.0
follow:1.0
creation:1.0
exampl:1.6931471805599454
manual:1.6931471805599454
specifi:1.0
24x24:1.0
set:1.0
width:1.6931471805599454
height:1.6931471805599454
24:1.0
suppli:1.0
byte:1.6931471805599454
string:1.6931471805599454
72:1.0
char:1.0
get:1.0
right:1.6931471805599454
imag:2.09861228866811
chang:1.0
32x32:1.0
use:1.0
valu:1.0
pad:1.0
zero:1.0
byet:1.0
make:1.0
got:1.0
64x32:1.0
multipl:1.0
2:1.0
defin:1.0
thank:1.0
much:1.0
inform:1.0
technolog:1.0
research:1.0
australia:1.0
4072:1.0
tel:1.0
61:1.6931471805599454
7:1.6931471805599454
365:1.6931471805599454
4325:1.0
fax:1.0
4399:1.0
