maley:2.386294361119891
micro:1.6931471805599454
c:2.09861228866811
umn:2.09861228866811
edu:2.09861228866811
michael:1.0
p:1.0
subject:1.0
gui:1.0
applic:1.0
framework:1.0
window:1.0
nntp:1.0
post:1.0
host:1.0
organ:1.0
univers:1.0
minnesota:1.0
line:1.0
6:1.0
look:1.0
zapp:1.0
realli:1.0
like:1.0
howev:1.0
think:1.6931471805599454
wait:1.0
version:1.0
2:1.0
0:1.0
soon:1.0
mike:1.0
