ak333:2.09861228866811
cleveland:2.386294361119891
freenet:2.09861228866811
edu:2.9459101490553135
martin:1.6931471805599454
linsenbigl:1.6931471805599454
subject:1.0
perman:2.386294361119891
swap:3.302585092994046
file:3.3978952727983707
organ:1.0
case:1.0
western:1.0
reserv:1.0
univers:1.6931471805599454
oh:1.0
usa:1.0
line:1.0
39:1.0
repli:1.0
nntp:1.0
post:1.0
host:1.0
hela:1.0
in:1.0
cwru:1.0
previou:1.0
articl:1.6931471805599454
mlipsi:1.6931471805599454
rdm09:1.0
std:1.0
com:1.6931471805599454
mike:1.6931471805599454
lipsi:1.6931471805599454
mpu:1.0
say:1.0
c54yfd:1.0
6ld:1.0
sunfish:1.0
usd:1.6931471805599454
pwiseman:1.0
salmon:1.0
cliff:1.0
write:1.0
purg:1.6931471805599454
everi:1.6931471805599454
time:2.6094379124341005
exit:2.09861228866811
window:2.9459101490553135
shut:1.0
comput:1.0
without:1.0
remain:1.0
20:2.09861228866811
mb:1.0
larg:1.0
side:1.0
run:1.0
applic:1.0
realli:1.0
need:1.0
cours:1.0
true:1.0
temporari:1.0
chang:1.6931471805599454
adjust:1.6931471805599454
virtual:1.6931471805599454
memori:1.0
suspect:1.0
either:1.0
origin:1.0
poster:1.0
tinker:1.0
20mb:1.0
forgot:1.0
somebodi:1.0
help:1.0
work:1.6931471805599454
ca:1.0
merl:1.0
mitsubishi:1.0
electron:1.0
research:1.0
laboratori:1.0
home:1.0
mikel:1.0
dosbear:1.0
uucp:1.0
first:1.0
setup:1.0
use:1.0
self:1.0
load:1.0
mode:1.0
grab:1.0
meg:2.9459101490553135
space:1.6931471805599454
120:1.0
hd:2.09861228866811
nearli:1.6931471805599454
empti:1.0
delet:1.0
recent:1.0
reload:1.0
full:1.0
took:1.6931471805599454
4:2.09861228866811
read:1.0
somewher:1.0
best:1.0
rule:1.0
thumb:1.0
size:1.6931471805599454
regular:1.0
ram:2.09861228866811
perm:1.0
well:1.0
fact:1.0
avail:1.0
let:1.0
make:1.0
bigger:1.0
mem:1.0
8:1.0
think:1.0
said:1.0
c:1.0
ya:1.0
artin:1.6931471805599454
commun:1.0
sent:1.0
arizona:1.6931471805599454
tucson:1.0
mlinsenb:1.6931471805599454
ccit:1.0
arizvm:1.0
death:1.0
dead:1.0
2:1.0
000:1.0
year:1.0
follow:1.0
king:1.6931471805599454
