jmeyer:1.6931471805599454
ecst:2.09861228866811
csuchico:2.09861228866811
edu:2.6094379124341005
jeff:1.6931471805599454
meyer:1.6931471805599454
subject:1.0
procomm:1.6931471805599454
plu:1.6931471805599454
window:1.6931471805599454
problem:1.6931471805599454
organ:1.0
california:1.0
state:1.0
univers:1.0
chico:1.6931471805599454
line:1.0
20:1.0
nntp:1.0
post:1.0
host:1.0
psycho:1.0
articl:1.0
1qkqrhinnobc:1.0
matt:1.6931471805599454
ksu:2.386294361119891
kentil:1.0
kent:1.0
p:1.0
iler:1.0
write:1.0
friend:1.0
connect:1.0
mainfram:1.0
unix:1.0
machin:2.09861228866811
use:1.6931471805599454
screen:1.0
seem:1.0
keep:1.6931471805599454
modem:2.386294361119891
14:1.0
400:1.0
486:1.0
50:1.0
mhz:1.0
tell:1.0
probabl:1.0
need:1.0
upgrad:1.0
faster:1.0
video:1.0
card:1.6931471805599454
9600:1.0
baud:1.0
one:1.0
reason:1.0
sought:1.0
diamond:1.0
speedstar:1.0
24x:1.0
get:1.6931471805599454
7:1.0
million:1.6931471805599454
winmark:1.0
386:1.0
25:1.0
speed:1.6931471805599454
10:1.6931471805599454
anyth:1.0
yield:1.0
accept:1.0
39x43:1.0
n:1.0
121x48:1.0
w:1.0
ca:1.6931471805599454
95926:1.0
kd6di:1.0
ke6lw:1.0
nocal:1.0
usa:1.0
na:1.0
grid:1.0
cn80:1.0
cm99:1.0
