brzyckmj:1.0
dunx1:1.0
oc:1.0
drexel:1.6931471805599454
edu:1.0
mike:1.0
subject:1.0
panason:1.6931471805599454
kx:1.6931471805599454
p1091i:1.6931471805599454
driver:1.6931471805599454
organ:1.0
univers:1.0
phila:1.0
pa:1.0
line:1.0
2:1.0
anyon:1.0
know:1.0
print:1.0
window:1.0
9:1.0
pin:1.0
dot:1.0
matrix:1.0
printer:1.0
