root:1.0
c1:1.0
nkw:1.0
ac:1.6931471805599454
uk:1.6931471805599454
convex:1.0
unix:1.0
subject:1.0
help:1.0
winqvt:1.0
repli:1.0
tb:1.0
ua:1.0
nbu:1.0
organ:1.0
natur:1.0
environ:1.0
research:1.0
council:1.0
line:1.0
4:1.0
similar:1.0
problem:1.0
tri:1.0
chang:1.0
netmask:1.0
0:2.6094379124341005
255:1.6931471805599454
254:1.0
tommi:1.0
