dewint:2.09861228866811
prl:2.09861228866811
philip:2.6094379124341005
nl:2.09861228866811
rob:1.6931471805599454
de:1.6931471805599454
winter:1.6931471805599454
subject:1.0
want:1.6931471805599454
address:2.386294361119891
symantec:1.6931471805599454
origin:1.0
organ:1.0
research:1.6931471805599454
laboratori:1.0
eindhoven:1.6931471805599454
netherland:1.6931471805599454
line:1.0
17:1.0
look:1.6931471805599454
exact:1.0
coporatoin:1.0
distribut:1.0
norton:1.0
desktop:1.0
window:1.0
softwar:1.0
inform:1.0
mail:2.09861228866811
phone:1.0
number:1.6931471805599454
fax:1.0
e:1.6931471805599454
thank:1.0
advanc:1.0
noth:1.0
beat:1.0
ski:1.0
real:1.0
fun:1.0
holiday:1.0
ist:1.0
build:1.0
wl:1.0
1:1.0
p:1.0
box:1.0
80000:1.0
5600:1.0
ja:1.0
tel:1.0
31:1.0
40:1.0
743621:1.0
