bca:2.09861228866811
ece:2.09861228866811
cmu:2.386294361119891
edu:2.09861228866811
brian:1.6931471805599454
c:1.6931471805599454
anderson:1.6931471805599454
subject:1.6931471805599454
win:1.6931471805599454
nt:1.6931471805599454
origin:1.0
packard:1.0
line:1.0
11:1.0
repli:1.0
organ:1.0
electr:1.0
comput:1.0
engin:1.0
carnegi:1.0
mellon:1.0
distribut:1.0
articl:1.0
1qmc7e:1.0
g1b:1.0
access:2.09861228866811
digex:2.09861228866811
net:1.0
wild:1.6931471805599454
com:1.6931471805599454
wildstrom:1.6931471805599454
write:1.0
date:1.0
16:1.0
apr:1.0
1993:1.0
09:1.0
27:1.0
10:1.0
0400:1.0
much:1.0
stuff:1.0
delet:1.0
win32:2.09861228866811
upgrad:1.6931471805599454
mathcad:1.0
4:1.0
0:1.0
instal:1.0
directori:1.0
window:1.0
system:1.0
told:1.0
requir:1.0
