ebosco:2.09861228866811
u:2.386294361119891
oracl:2.9459101490553135
com:2.386294361119891
eric:1.6931471805599454
bosco:1.0
subject:1.6931471805599454
window:2.6094379124341005
3:1.6931471805599454
1:1.6931471805599454
keep:1.6931471805599454
crash:2.6094379124341005
plea:1.0
help:2.09861228866811
nntp:1.0
post:1.0
host:1.0
monica:1.0
repli:1.0
organ:1.0
corp:1.0
redwood:1.0
shore:1.0
ca:1.0
x:1.0
disclaim:1.0
messag:1.0
written:1.0
unauthent:1.0
user:2.09861228866811
corpor:1.0
opinion:1.0
express:1.0
necessarili:1.0
line:1.0
41:1.0
say:1.0
givinh:1.0
gpf:2.791759469228055
late:1.0
never:1.0
stabl:1.0
packag:1.0
seem:1.0
everi:1.0
day:1.6931471805599454
worst:1.0
part:1.0
consist:1.0
ie:1.6931471805599454
reproduc:1.6931471805599454
alway:1.0
applic:1.6931471805599454
sometim:1.6931471805599454
recov:1.0
simpli:1.0
close:1.0
caus:1.0
error:1.0
time:1.0
act:1.0
strang:1.6931471805599454
need:1.0
boot:1.0
background:1.0
lead:2.09861228866811
edg:2.09861228866811
486sx25:1.0
phoenix:1.0
bio:1.6931471805599454
first:1.0
got:1.0
4mg:1.6931471805599454
memori:1.0
ran:1.0
fine:1.6931471805599454
mani:1.0
coupl:1.0
weekend:1.0
ago:1.0
instal:1.6931471805599454
lotu:1.0
123:1.0
atm:1.0
game:2.09861228866811
card:2.09861228866811
addit:1.0
4:1.0
1mg:1.0
simm:2.6094379124341005
machin:2.09861228866811
kind:1.6931471805599454
ide:1.0
control:1.0
built:1.6931471805599454
motherboard:1.6931471805599454
cpu:1.0
actual:1.0
sparat:1.0
board:1.6931471805599454
plug:1.0
use:2.09861228866811
macintosh:1.0
appar:1.0
told:1.0
pariti:1.0
bit:1.0
mother:1.0
origin:1.0
80n:1.0
2:1.0
chip:1.6931471805599454
varieti:1.0
samsung:1.0
one:1.0
8:1.0
recogn:1.0
ram:1.6931471805599454
check:1.0
gener:1.0
20:1.6931471805599454
gamecard:1.0
reason:1.0
mention:1.0
hardwar:1.6931471805599454
like:1.0
reboot:1.0
reset:1.0
button:1.0
ctl:1.0
alt:1.0
del:1.0
still:1.0
leav:1.0
flaki:1.0
turn:1.0
tri:1.0
take:1.0
said:1.0
gone:1.0
entir:1.0
comput:1.0
problem:1.6931471805599454
might:1.6931471805599454
get:1.6931471805599454
5:1.0
sppace:1.0
minut:1.0
situat:1.0
annoy:1.0
good:1.0
diagnost:1.0
tool:1.0
think:1.0
softwar:1.0
emm386:1.0
etc:1.0
manag:1.0
dark:1.0
quicken:1.0
paint:1.0
shop:1.0
pro:1.0
lot:1.0
exe:1.6931471805599454
gdi:1.0
truli:1.0
appreci:1.0
