cl238405:1.6931471805599454
ulkyvx:1.6931471805599454
louisvil:2.09861228866811
edu:2.09861228866811
steve:1.6931471805599454
w:2.09861228866811
brewer:1.6931471805599454
subject:1.0
make:1.0
ghostscript:2.6094379124341005
work:1.6931471805599454
organ:1.0
univers:1.0
appar:1.0
gnu:1.0
bug:1.0
rutger:1.0
distribut:1.0
world:1.0
line:1.0
14:1.0
file:2.386294361119891
need:2.09861228866811
download:2.09861228866811
2:1.6931471805599454
5:1.0
never:1.0
use:1.0
gs252win:1.0
zip:1.0
cica:1.0
unfortun:1.0
seem:1.0
want:1.0
run:1.0
window:1.0
3:1.0
1:1.0
m:1.0
do:1.0
386:1.0
pc:1.0
understand:1.0
version:1.0
environ:1.0
get:1.0
info:1.0
would:1.0
appeci:1.0
rewerb:1.0
evet:1.0
ude:1.0
ellivsiuol:1.0
xvyklu:1.0
504832lc:1.0
