ytkuo:1.0
hal:1.6931471805599454
gnu:1.0
ai:1.6931471805599454
mit:1.6931471805599454
edu:1.6931471805599454
eugen:1.0
kuo:1.0
subject:1.0
updat:1.6931471805599454
canon:1.6931471805599454
bj:2.09861228866811
200:2.09861228866811
driver:1.6931471805599454
organ:1.0
di:1.0
line:1.0
7:1.0
distribut:1.0
world:1.0
nntp:1.0
post:1.0
host:1.0
hi:1.0
anyon:1.0
tell:1.0
get:1.0
copi:1.0
printer:1.6931471805599454
window:1.0
3:1.0
1:1.6931471805599454
ver:1.0
0:1.0
come:1.0
wonder:1.0
newer:1.0
version:1.0
thank:1.0
much:1.0
plea:1.0
email:1.0
