yute:1.0
xenon:1.0
stanford:1.6931471805599454
edu:1.0
eugen:1.0
kuo:1.0
subject:1.0
updat:1.6931471805599454
canon:1.6931471805599454
bj:2.09861228866811
200:2.09861228866811
driver:1.6931471805599454
organ:1.0
comput:1.0
scienc:1.0
depart:1.0
univers:1.0
line:1.0
8:1.0
hi:1.0
anyon:1.0
tell:1.0
get:1.0
copi:1.0
printer:1.6931471805599454
window:1.0
3:1.0
1:1.6931471805599454
ver:1.0
0:1.0
come:1.0
wonder:1.0
newer:1.0
version:1.0
thank:1.0
much:1.0
plea:1.0
email:1.0
