cmenzel:1.6931471805599454
kbssun1:1.6931471805599454
tamu:2.09861228866811
edu:2.791759469228055
chri:1.0
menzel:1.6931471805599454
subject:1.0
procomm:2.09861228866811
plu:2.386294361119891
window:2.09861228866811
problem:2.09861228866811
organ:1.0
texa:1.6931471805599454
univers:1.6931471805599454
colleg:1.6931471805599454
station:1.6931471805599454
tx:1.6931471805599454
line:1.0
25:1.6931471805599454
nntp:1.0
post:1.0
host:1.0
x:1.0
newsread:1.0
tin:1.0
version:1.0
1:1.6931471805599454
pl8:1.0
jeff:1.0
meyer:1.0
jmeyer:1.0
ecst:1.0
csuchico:1.0
wrote:1.0
articl:1.0
1qkqrhinnobc:1.0
matt:1.6931471805599454
ksu:2.386294361119891
kentil:1.0
kent:1.0
p:1.0
iler:1.0
write:1.0
friend:1.0
connect:1.0
mainfram:1.0
unix:1.0
machin:2.09861228866811
use:2.09861228866811
screen:1.0
seem:1.0
keep:1.6931471805599454
modem:2.6094379124341005
14:1.6931471805599454
400:1.6931471805599454
486:1.0
50:1.0
mhz:1.0
tell:1.0
probabl:1.0
need:1.0
upgrad:1.0
faster:1.0
video:1.0
card:1.6931471805599454
9600:1.0
baud:1.6931471805599454
one:1.0
reason:1.0
sought:1.0
diamond:1.0
speedstar:1.0
24x:1.0
get:1.6931471805599454
7:1.0
million:1.6931471805599454
winmark:1.0
386:1.6931471805599454
speed:1.6931471805599454
10:1.6931471805599454
anyth:1.0
yield:1.0
accept:1.0
pc:1.0
home:1.0
trusti:1.0
old:1.0
nec:1.0
sx:1.0
20:1.0
howev:1.0
run:1.0
straight:1.0
16:1.0
color:1.0
vga:1.0
christoph:1.0
internet:1.0
philosophi:1.0
phone:1.0
409:1.6931471805599454
845:1.6931471805599454
8764:1.0
77843:1.0
4237:1.0
fax:1.0
045:1.0
