down:2.386294361119891
helio:1.0
nevada:2.09861228866811
edu:2.09861228866811
lamont:1.6931471805599454
subject:2.09861228866811
window:2.09861228866811
3:2.09861228866811
1:2.386294361119891
keep:2.09861228866811
crash:2.791759469228055
plea:1.6931471805599454
help:1.6931471805599454
line:1.0
18:1.0
nntp:1.0
post:1.0
host:1.0
cat:1.0
lv:1.0
lib:1.0
organ:1.0
unlv:1.0
articl:1.0
1993apr16:1.0
155637:1.0
15398:1.0
oracl:2.386294361119891
u:2.09861228866811
com:2.09861228866811
ebosco:1.6931471805599454
eric:1.6931471805599454
bosco:1.6931471805599454
write:1.0
date:1.0
fri:1.0
16:1.0
apr:1.0
1993:1.0
15:1.0
56:1.0
37:1.0
gmt:1.0
say:1.0
givinh:1.0
gpf:1.0
late:1.0
never:1.0
stabl:1.0
packag:1.0
seem:1.0
everi:1.0
day:1.0
worst:1.0
part:1.0
consist:1.0
ie:1.0
tri:1.6931471805599454
set:2.09861228866811
file:2.09861228866811
config:1.0
sy:1.0
fairli:1.0
high:1.0
number:1.6931471805599454
got:1.0
mine:1.0
100:1.6931471805599454
seen:1.0
40:1.0
recommend:1.0
also:1.0
check:1.0
stack:2.386294361119891
statement:1.0
9:1.0
256:1.6931471805599454
good:1.0
start:1.0
point:1.0
increas:1.0
alreadi:1.0
12:1.0
etc:1.0
identifi:1.0
one:1.0
caus:1.0
frequent:1.0
win3:1.0
