loschen:2.09861228866811
binah:1.6931471805599454
cc:1.6931471805599454
brandei:2.386294361119891
edu:1.6931471805599454
subject:1.0
diamond:2.386294361119891
ss24x:1.0
win:1.0
3:1.0
1:1.0
mous:1.6931471805599454
cursor:2.09861228866811
repli:1.0
organ:1.0
univers:1.0
line:1.6931471805599454
27:1.0
articl:1.6931471805599454
1993apr16:1.0
145322:1.0
16378:1.0
nlm:2.6094379124341005
nih:2.6094379124341005
gov:2.6094379124341005
dabl2:2.09861228866811
b:1.6931471805599454
lindbergh:2.09861228866811
write:1.6931471805599454
1993apr15:1.0
204845:1.0
24939:1.0
anybodi:1.0
seen:2.386294361119891
distort:1.0
run:1.0
1024x768x256:1.6931471805599454
driver:2.6094379124341005
sorri:1.0
know:1.6931471805599454
version:1.0
indic:1.0
menu:1.0
recent:1.0
deliv:1.0
gateway:2.09861228866811
system:1.6931471805599454
go:1.0
tri:1.0
latest:1.6931471805599454
bb:1.0
wonder:1.0
anyon:1.0
el:1.0
followup:1.0
co:1.0
worker:1.0
machin:1.6931471805599454
2:1.6931471805599454
03:1.0
happen:1.0
use:1.0
sometim:1.0
take:1.0
minut:1.0
wig:1.0
eventu:1.0
mode:1.0
susect:1.0
someth:1.6931471805599454
step:1.0
memori:1.6931471805599454
video:1.6931471805599454
card:1.0
want:1.6931471805599454
exclud:1.0
a000:1.0
c7ff:1.0
emm386:1.0
ini:1.0
problem:2.09861228866811
persist:1.0
perhap:1.6931471805599454
specif:1.0
compon:1.0
66mhz:1.0
dx:1.0
eisa:1.0
bu:1.0
ultrastor:1.0
24xx:1.0
control:1.0
ah:1.0
well:1.6931471805599454
hope:1.6931471805599454
kind:1.0
known:1.0
somebodi:1.0
call:1.0
order:1.0
find:1.0
folk:1.0
usual:1.0
far:1.0
lhc:1.0
particular:1.0
anoth:1.0
place:1.0
might:1.6931471805599454
check:1.0
bio:1.0
shadow:1.0
turn:1.0
caus:1.0
conflict:1.0
good:1.0
luck:1.0
help:1.0
chri:1.0
u:1.0
