bishop:2.6094379124341005
baeyer:2.09861228866811
chem:2.09861228866811
fsu:2.386294361119891
edu:2.09861228866811
greg:1.6931471805599454
subject:1.0
diamond:2.386294361119891
ss24x:1.0
win:1.0
3:1.0
1:1.0
mous:1.6931471805599454
cursor:2.6094379124341005
organ:1.0
physic:1.0
depart:1.0
news:1.0
softwar:1.0
vax:1.0
vm:1.0
vnew:1.0
repli:1.0
line:1.6931471805599454
26:1.0
articl:1.0
1993apr15:1.0
204845:1.0
24939:1.0
nlm:1.6931471805599454
nih:1.6931471805599454
gov:1.6931471805599454
dabl2:1.0
b:1.0
lindbergh:1.0
write:1.0
anybodi:1.0
seen:2.09861228866811
distort:2.09861228866811
run:1.0
1024x768x256:2.09861228866811
driver:2.6094379124341005
sorri:1.0
know:1.6931471805599454
version:1.0
indic:1.0
menu:1.0
recent:1.0
deliv:1.0
gateway:2.09861228866811
system:1.6931471805599454
go:1.0
tri:1.0
latest:1.6931471805599454
bb:1.0
wonder:1.0
anyon:1.0
el:1.0
followup:1.0
co:1.0
worker:1.0
machin:1.6931471805599454
2:1.6931471805599454
03:1.0
happen:1.0
use:1.6931471805599454
sometim:1.0
take:1.0
minut:1.0
wig:1.0
eventu:1.0
mode:1.6931471805599454
susect:1.0
someth:1.6931471805599454
step:1.0
memori:1.0
video:1.0
card:1.0
want:1.0
exclud:1.0
a000:1.0
c7ff:1.0
emm386:1.0
ini:1.0
problem:1.6931471805599454
persist:1.0
perhap:1.6931471805599454
specif:1.0
compon:1.0
66mhz:1.0
dx:1.0
eisa:1.0
bu:1.0
ultrastor:1.0
24xx:1.0
control:1.0
ah:1.0
well:1.0
hope:1.0
kind:1.0
known:1.0
somebodi:1.0
call:1.0
order:1.0
find:1.0
folk:1.0
usual:1.0
far:1.0
speedstar:1.0
24x:1.0
time:2.09861228866811
found:1.0
littl:1.0
jumpi:1.0
due:1.0
32:1.0
bit:1.0
access:1.0
swap:1.0
file:1.0
never:1.0
