kudla:2.09861228866811
acm:2.09861228866811
rpi:2.09861228866811
edu:2.6094379124341005
robert:1.0
subject:1.0
chang:2.791759469228055
licens:2.09861228866811
data:1.0
window:2.09861228866811
3:2.09861228866811
1:2.386294361119891
nntp:1.0
post:1.0
host:1.0
herm:1.0
line:1.0
65:1.0
0096b130:1.0
473b17c0:1.0
vm:1.6931471805599454
csd:1.6931471805599454
mu:1.6931471805599454
2a42dubinski:1.0
write:2.09861228866811
tahh:1.0
ye:1.6931471805599454
fun:1.0
topic:1.0
name:1.6931471805599454
incrib:1.0
disk:2.9459101490553135
encod:1.6931471805599454
even:1.0
hex:1.6931471805599454
editor:2.09861228866811
find:2.09861228866811
compar:1.6931471805599454
util:1.6931471805599454
old:1.0
versu:1.0
new:1.0
also:2.09861228866811
flexibl:1.0
enough:1.0
instal:2.386294361119891
time:1.6931471805599454
copi:2.386294361119891
file:2.386294361119891
onto:1.0
hard:2.09861228866811
greatli:1.0
speed:1.0
thing:1.6931471805599454
make:1.0
le:1.6931471805599454
annoy:1.0
spare:1.0
7:1.0
compress:1.0
meg:1.0
underneth:1.0
think:1.6931471805599454
wish:1.0
would:1.0
pirat:1.6931471805599454
go:2.09861228866811
promot:1.6931471805599454
pander:1.0
corpor:1.6931471805599454
paranoia:1.0
real:1.6931471805599454
issu:1.0
conveni:1.0
like:2.09861228866811
deal:1.0
floppi:2.386294361119891
person:1.6931471805599454
use:2.386294361119891
registr:1.0
info:1.0
see:1.6931471805599454
valid:1.0
need:1.0
one:2.6094379124341005
ought:1.0
solv:1.0
quick:1.0
littl:1.0
rather:1.0
half:1.0
hour:1.0
reinstal:1.6931471805599454
guarante:1.0
mess:1.0
set:1.0
way:2.09861228866811
anoth:1.6931471805599454
put:1.0
much:1.6931471805599454
procedur:1.0
get:1.0
inform:1.0
directori:2.6094379124341005
want:1.0
c:2.09861228866811
winstal:1.6931471805599454
2:1.0
someth:2.09861228866811
winorig:1.6931471805599454
4:1.0
comp:1.6931471805599454
two:1.0
determin:1.0
e:1.6931471805599454
report:1.6931471805599454
txt:1.0
5:1.0
look:1.0
assum:1.0
cover:1.6931471805599454
track:1.0
least:1.0
differ:1.0
note:1.6931471805599454
particular:1.0
offset:1.6931471805599454
locat:1.0
said:1.0
origin:1.6931471805599454
modifi:1.0
6:1.0
far:1.0
break:1.0
code:1.0
goe:1.0
realli:1.0
cryptographi:1.0
probabl:2.09861228866811
xor:1.0
key:1.0
m:1.0
concern:1.0
joe:1.0
schmoe:1.0
offic:1.0
disassembl:1.0
damn:1.0
anyway:1.0
techniqu:1.0
work:1.0
obnoxi:1.0
product:1.0
tri:1.0
extrem:1.0
case:1.0
may:2.09861228866811
abl:1.0
back:1.0
stuck:1.0
lotu:1.0
stuff:1.6931471805599454
afford:1.0
space:1.0
custom:1.0
arduou:1.0
mention:1.0
well:1.0
void:1.0
microsoft:1.0
ever:1.0
care:1.0
could:1.0
mung:1.0
import:1.0
duh:1.0
guess:1.0
disclaim:1.0
rob:1.6931471805599454
keyword:1.0
oldfield:1.0
jane:1.0
leather:1.0
win3:1.0
phish:1.0
light:1.0
blue:1.0
right:1.0
bondag:1.0
r:1.0
dtp:1.0
steeli:1.0
dan:1.0
ds9:1.0
fnm:1.0
owl:1.0
genesi:1.0
spaceship:1.6931471805599454
silver:1.0
lion:1.0
take:1.0
control:1.0
