neff123:1.0
garnet:1.6931471805599454
berkeley:2.09861228866811
edu:1.6931471805599454
stephen:1.0
kearney:1.0
subject:1.0
ndw:2.09861228866811
norton:1.6931471805599454
desktop:1.6931471805599454
window:1.0
organ:1.0
univers:1.0
california:1.0
line:1.0
7:1.0
nntp:1.0
post:1.0
host:1.0
would:1.0
like:1.0
know:1.0
stop:1.0
uninstal:1.6931471805599454
program:1.6931471805599454
icon:1.0
exist:1.0
app:1.0
group:1.0
run:1.0
instal:1.0
u:1.0
