jess:1.6931471805599454
subject:1.0
m:2.9459101490553135
window:3.1972245773362196
matur:1.6931471805599454
o:2.09861228866811
origin:1.0
cyen:1.6931471805599454
ponder:1.0
csci:1.0
unt:2.386294361119891
edu:2.09861228866811
keyword:1.0
organ:1.0
comput:1.0
scienc:1.0
dept:1.0
distribut:1.6931471805599454
usa:1.0
line:1.0
39:1.0
hi:1.0
use:2.09861228866811
mac:1.6931471805599454
system:1.6931471805599454
6:1.0
x:1.6931471805599454
7:1.0
answer:1.0
posit:1.0
would:1.0
know:1.6931471805599454
day:1.0
ago:1.0
peopl:1.6931471805599454
doubt:1.0
real:1.0
see:1.0
question:1.0
confus:1.0
mani:1.6931471805599454
microsoft:2.09861228866811
simul:1.0
lousi:1.0
job:1.6931471805599454
exampl:1.0
1:1.0
creat:2.09861228866811
hierarchi:1.0
group:2.6094379124341005
way:1.0
plea:1.6931471805599454
tell:1.0
2:1.0
paramet:1.0
take:1.0
care:1.6931471805599454
3:1.0
uncomplet:1.0
document:1.0
easi:1.6931471805599454
find:1.0
reason:1.0
caus:1.0
unpredict:1.0
error:1.0
4:1.0
delet:2.6094379124341005
file:2.6094379124341005
user:2.09861228866811
manag:1.0
forget:1.0
relat:1.0
disk:1.0
full:1.0
nonsens:1.0
5:1.0
share:1.6931471805599454
problem:1.6931471805599454
two:1.0
compil:1.0
edit:1.0
languag:1.0
w:1.0
good:1.0
editor:1.0
open:1.6931471805599454
save:1.6931471805599454
program:1.0
load:1.0
make:2.09861228866811
sen:1.0
prevent:1.0
tri:1.0
compromis:1.0
do:2.09861228866811
graphic:1.0
capac:1.0
mutipl:1.0
worst:1.0
thing:1.0
complic:1.0
environ:1.6931471805599454
orgin:1.0
purpos:1.0
simplifi:1.0
pc:1.0
easier:1.0
mean:1.0
satisfi:1.0
everybodi:1.0
want:1.0
keep:1.0
reput:1.0
evalu:1.0
interfac:1.0
product:1.0
flame:1.0
e:1.0
mail:1.0
c:1.0
ic43:1.0
sol:1.0
ac:1.0
