jonni:1.6931471805599454
rhi:1.6931471805599454
hi:1.6931471805599454
jon:1.0
ingi:1.0
thorvaldsson:1.0
subject:1.6931471805599454
insert:1.6931471805599454
16:1.6931471805599454
color:2.09861228866811
pic:1.6931471805599454
wfw2:1.0
0:1.6931471805599454
line:1.0
9:1.0
nntp:1.0
post:1.0
host:1.0
hengil:1.0
well:1.0
say:1.0
intend:1.0
ask:1.0
way:1.0
256:1.0
wfw:1.0
2:1.0
tri:1.0
pictur:1.0
turn:1.0
