werdna:1.0
cco:1.0
caltech:1.6931471805599454
edu:1.6931471805599454
andrew:1.0
tong:1.0
subject:1.0
intern:1.6931471805599454
speaker:1.6931471805599454
driver:1.6931471805599454
organ:1.0
california:1.0
institut:1.0
technolog:1.0
pasadena:1.0
line:1.0
7:1.0
nntp:1.0
post:1.0
host:1.0
sandman:1.0
probabl:1.0
faq:1.0
somewher:1.0
look:1.0
microsoft:1.6931471805599454
sound:1.0
window:1.0
ftp:1.0
site:1.6931471805599454
rememb:1.0
name:1.0
thank:1.0
