ccastco:1.6931471805599454
prism:1.6931471805599454
gatech:1.6931471805599454
edu:2.6094379124341005
constantino:1.0
malama:1.6931471805599454
subject:1.0
m:2.9459101490553135
window:3.4849066497880004
matur:2.09861228866811
o:2.9459101490553135
keyword:1.0
distribut:1.0
usa:1.0
organ:1.0
georgia:1.6931471805599454
institut:1.6931471805599454
technolog:1.6931471805599454
line:1.0
46:1.0
articl:1.0
cyen:1.6931471805599454
735139934:1.0
ponder:1.0
jess:1.6931471805599454
write:1.6931471805599454
hi:1.0
use:2.09861228866811
mac:3.1972245773362196
system:1.6931471805599454
6:1.0
x:2.09861228866811
7:1.0
answer:1.0
posit:1.0
would:1.0
know:1.6931471805599454
day:1.0
ago:1.0
peopl:1.6931471805599454
doubt:1.0
real:1.0
see:1.0
question:1.0
confus:1.0
mani:1.0
microsoft:1.0
common:1.0
complaint:1.0
delet:1.0
e:1.0
mail:1.0
c:1.0
unt:1.6931471805599454
ic43:1.0
sol:1.0
ac:1.0
thmmmm:1.0
get:2.386294361119891
feel:1.6931471805599454
gon:1.6931471805599454
na:2.09861228866811
start:1.0
one:1.6931471805599454
endless:1.0
thread:1.6931471805599454
v:1.6931471805599454
win:2.6094379124341005
might:1.0
even:1.6931471805599454
end:1.0
2:2.09861228866811
well:2.09861228866811
dont:2.6094379124341005
seen:1.0
case:1.0
quick:1.0
judg:1.0
first:1.0
tri:2.09861228866811
plain:1.6931471805599454
vanilla:1.6931471805599454
courag:1.0
do:1.0
lot:1.0
nice:1.0
commerci:1.0
sharewar:1.0
packag:1.0
util:2.09861228866811
boost:1.6931471805599454
past:1.0
thought:1.0
possibl:1.0
exampl:1.0
norton:1.0
desktop:1.0
0:1.0
replac:1.0
ment:1.0
progman:1.0
give:1.6931471805599454
group:2.09861228866811
within:1.0
capabl:1.6931471805599454
chang:1.0
icon:2.09861228866811
launch:1.6931471805599454
prog:1.0
associ:1.0
fileman:1.0
drag:1.0
file:2.09861228866811
app:1.0
doesnt:1.0
huh:1.0
list:1.0
goe:1.0
kinda:1.0
hard:1.0
finetun:1.0
configur:1.0
that:1.0
trhe:1.0
price:1.0
pay:1.6931471805599454
machin:1.0
entir:1.0
differet:1.0
stori:1.0
hand:1.0
like:1.0
idea:1.0
pm:2.09861228866811
correspnd:1.0
suppos:1.0
program:1.0
manag:1.0
modifi:1.0
set:1.0
fm:1.0
shell:1.0
coupl:1.0
cica:2.09861228866811
supposedli:1.0
wan:1.0
discus:1.0
better:1.6931471805599454
good:1.0
way:1.0
differ:1.0
wors:1.0
pc:2.09861228866811
actual:1.0
lab:1.0
user:1.6931471805599454
assist:1.0
think:1.0
partial:1.0
mean:1.0
check:1.0
stuff:1.0
ftp:1.6931471805599454
indiana:1.0
pub:1.0
win3:1.0
subdir:1.0
anonym:1.0
wait:1.0
startrek:1.0
avoid:1.0
anoth:1.0
war:1.0
costa:1.0
oit:1.6931471805599454
ua:1.0
opinion:1.0
express:1.0
necessarili:1.0
internet:1.0
