anik:2.386294361119891
crhc:2.09861228866811
uiuc:2.09861228866811
edu:2.09861228866811
sadun:1.6931471805599454
subject:1.0
win:1.0
nt:3.302585092994046
organ:1.0
center:1.6931471805599454
reliabl:1.6931471805599454
high:1.6931471805599454
perform:1.6931471805599454
comput:2.09861228866811
line:1.0
45:1.0
rick:1.0
734972416:1.0
silver:1.0
2bcf2664:1.6931471805599454
3c6a:1.6931471805599454
deneva:1.6931471805599454
sdd:1.6931471805599454
trw:2.386294361119891
com:2.386294361119891
nntp:1.0
post:1.0
host:1.0
lyra:1.0
repli:1.0
reimert:2.09861228866811
etdesg:1.6931471805599454
messag:1.0
fri:1.0
16:1.0
apr:1.0
93:1.0
21:1.0
34:1.0
28:1.0
gmt:1.0
articl:1.0
scott:1.6931471805599454
p:1.0
write:1.6931471805599454
somewher:1.0
thread:1.6931471805599454
said:1.0
window:2.386294361119891
tm:1.0
multi:2.386294361119891
user:2.6094379124341005
o:1.6931471805599454
well:1.0
etc:1.6931471805599454
certainli:1.6931471805599454
seen:1.6931471805599454
case:1.0
seper:1.6931471805599454
account:1.0
person:1.6931471805599454
even:1.0
directori:1.0
desir:1.0
see:1.0
implent:1.0
simultaneuo:1.0
use:2.6094379124341005
though:1.0
march:1.0
beta:2.09861228866811
yet:1.0
come:1.6931471805599454
stuff:1.6931471805599454
exploit:1.0
featur:1.6931471805599454
rememb:1.0
somebodi:1.6931471805599454
m:1.0
state:1.6931471805599454
allow:1.0
two:1.0
share:1.0
one:2.09861228866811
gui:1.0
interpret:1.0
per:1.0
consol:1.0
network:1.6931471805599454
rpc:1.0
base:2.09861228866811
want:1.0
believ:1.6931471805599454
ftp:1.0
rlogin:1.0
deamon:1.0
system:1.0
third:1.0
parti:1.0
alreadi:1.0
version:1.6931471805599454
unsecur:1.0
ftpd:1.0
net:1.0
reason:1.0
posix:1.0
shell:1.0
like:2.386294361119891
csh:1.0
unix:1.0
remot:1.0
login:1.0
gener:1.6931471805599454
check:1.0
slow:1.6931471805599454
compar:1.0
win3:1.0
1:1.0
real:1.0
although:1.0
bott:1.0
much:1.6931471805599454
faster:1.6931471805599454
sun:1.0
workstat:1.0
subsystem:1.0
also:1.0
start:1.0
lot:1.0
x:1.0
bill:1.0
gate:1.0
right:1.0
everybodi:1.0
play:1.0
around:1.0
convinc:1.0
own:1.0
busin:1.0
busi:1.0
ibm:1.0
establish:1.0
vendor:1.0
would:2.09861228866811
consid:1.0
move:1.0
platform:1.0
provid:1.6931471805599454
cheaper:1.0
solut:1.0
run:1.0
sql:1.0
server:1.0
robust:1.0
applic:1.6931471805599454
requir:1.0
hand:1.0
do:1.6931471805599454
game:1.0
le:1.0
forget:1.0
alway:1.0
boot:1.0
defeat:1.0
purpos:1.0
visibl:1.0
environ:1.6931471805599454
reboot:1.0
machin:1.0
rather:1.0
wait:1.0
win32:1.6931471805599454
releas:1.0
whatev:1.0
name:1.0
jump:1.0
bandwagon:1.0
expect:1.0
keep:1.0
win16:1.0
becom:1.0
wide:1.0
avail:1.0
u:1.0
illinoi:1.0
urbana:1.0
champaign:1.0
e:1.0
mail:1.0
