hjhong:1.0
ev004:1.0
ev:1.0
nctu:1.0
edu:1.0
tw:1.0
h:1.6931471805599454
j:1.6931471805599454
hong:1.0
subject:1.0
ftp:1.6931471805599454
tool:2.09861228866811
window:1.6931471805599454
organ:1.0
nation:1.0
chiao:1.0
tung:1.0
univers:1.0
x:1.0
newsread:1.0
tin:1.0
version:1.0
1:1.6931471805599454
pl8:1.0
line:1.0
8:1.0
one:1.0
know:1.0
get:1.0
thank:1.0
help:1.0
1993:1.0
4:1.0
19:1.0
