yuan:2.09861228866811
wiliki:1.6931471805599454
eng:1.6931471805599454
hawaii:2.09861228866811
edu:1.6931471805599454
maw:1.0
ying:1.0
subject:1.0
win3:1.0
1:1.6931471805599454
config:1.6931471805599454
sy:2.386294361119891
queri:1.0
organ:1.0
univers:1.0
colleg:1.0
engin:1.0
line:1.0
11:1.0
hi:1.0
16meg:1.0
ram:1.0
need:1.6931471805599454
run:1.6931471805599454
load:1.6931471805599454
smartdrv:2.386294361119891
window:1.0
3:1.0
ye:1.0
ramdriv:2.09861228866811
without:1.0
follow:1.0
set:1.0
ok:1.0
2048:2.09861228866811
e:1.6931471805599454
thank:1.0
advanc:1.0
mail:1.0
repli:1.0
