dewint:2.09861228866811
prl:2.09861228866811
philip:2.6094379124341005
nl:2.09861228866811
rob:2.09861228866811
de:2.09861228866811
winter:2.09861228866811
subject:1.0
want:1.6931471805599454
info:1.0
asymetrix:1.6931471805599454
toolbook:2.09861228866811
origin:1.0
organ:1.0
research:1.6931471805599454
laboratori:1.0
eindhoven:1.6931471805599454
netherland:1.6931471805599454
line:1.0
17:1.0
anyon:1.0
know:1.6931471805599454
phone:1.0
fax:1.0
number:1.0
corpor:1.0
also:1.6931471805599454
interest:1.0
e:1.6931471805599454
mail:1.6931471805599454
address:1.0
would:1.0
like:1.0
current:1.0
statu:1.0
product:1.0
receiv:1.0
last:1.0
updat:1.0
1:2.09861228866811
5:1.6931471805599454
year:1.0
ago:1.0
new:1.0
develop:1.0
slowli:1.0
die:1.0
regard:1.0
noth:1.0
beat:1.0
ski:1.0
real:1.0
fun:1.0
holiday:1.0
ist:1.0
build:1.0
wl:1.0
p:1.0
box:1.0
80000:1.0
5600:1.0
ja:1.0
tel:1.0
31:1.0
40:1.0
743621:1.0
