r8102009:1.0
ccm:1.6931471805599454
ntu:1.6931471805599454
edu:2.386294361119891
tw:1.6931471805599454
chia:1.0
yi:1.0
lee:1.0
subject:1.0
do:2.6094379124341005
font:2.791759469228055
size:2.09861228866811
window:3.0794415416798357
nntp:1.0
post:1.0
host:1.0
organ:1.0
ntutaiwan:1.0
x:1.0
newsread:1.0
tin:1.0
version:1.0
1:1.6931471805599454
pl6:1.0
line:1.0
20:1.0
alavi:1.6931471805599454
ssa:1.6931471805599454
uniti:1.6931471805599454
ncsu:1.6931471805599454
wrote:1.0
ti:1.0
8514:1.6931471805599454
card:1.0
use:1.0
1024x768:1.0
mode:1.6931471805599454
normal:1.0
small:1.6931471805599454
386:1.0
enhanc:1.0
tthe:1.0
14:1.0
monitor:1.0
tway:1.0
spacifi:1.0
texcus:1.0
trivial:1.0
answer:1.0
sinc:1.0
fairli:1.0
new:1.0
tm:1.0
world:1.0
tthank:1.0
plea:1.0
includ:1.0
messag:1.0
refer:1.0
919:1.6931471805599454
467:1.0
7909:1.0
h:1.0
515:1.0
8063:1.0
w:1.0
recal:1.0
click:1.0
upper:1.0
left:1.0
button:1.0
choos:1.6931471805599454
chang:1.0
also:1.0
demo:1.0
show:1.0
advanc:1.0
affect:1.0
make:1.0
tri:1.0
