marc:2.386294361119891
crpmk:1.6931471805599454
uucp:1.6931471805599454
snyder:1.6931471805599454
subject:1.0
anyon:1.6931471805599454
use:1.6931471805599454
number:1.6931471805599454
9:2.09861228866811
gxe:1.0
video:2.09861228866811
card:1.0
organ:1.0
ciba:1.6931471805599454
geigi:1.6931471805599454
corpor:1.6931471805599454
addit:1.0
divis:1.0
keyword:1.0
adaptor:1.6931471805599454
hardwar:1.0
graphic:1.6931471805599454
line:1.0
13:1.0
articl:1.0
6023:1.0
npg:1.6931471805599454
sd:1.6931471805599454
sandiegoca:1.6931471805599454
ncr:1.6931471805599454
com:1.6931471805599454
claborn:1.6931471805599454
chri:1.0
write:1.0
nine:1.0
window:1.6931471805599454
nt:1.0
think:1.0
put:1.0
one:1.0
machin:1.0
last:1.0
week:1.0
ast:1.0
486:1.0
66:1.0
get:1.0
10million:1.0
winmark:1.6931471805599454
diamond:1.0
ss24:1.0
board:1.0
20million:1.0
brief:1.0
experi:1.0
satisfi:1.0
btw:1.0
win:1.0
3:1.0
1:1.0
philab:1.0
system:1.0
administr:1.0
hawthorn:1.0
new:1.0
york:1.0
work:1.0
914:1.6931471805599454
785:1.0
2284:1.0
play:1.0
347:1.0
6440:1.0
