bryan:2.09861228866811
src:1.6931471805599454
sb:1.6931471805599454
utah:2.386294361119891
edu:1.6931471805599454
subject:1.0
okidata:1.6931471805599454
2410:1.6931471805599454
printer:2.386294361119891
driver:1.6931471805599454
organ:1.0
univers:1.6931471805599454
comput:1.0
center:1.6931471805599454
line:1.0
16:1.0
would:1.0
like:1.0
anyon:1.0
seen:1.0
thing:1.0
one:1.0
microsoft:1.0
bb:1.0
print:1.6931471805599454
window:1.6931471805599454
font:1.0
avail:1.0
paradox:1.0
label:1.0
unless:1.0
proper:1.0
defin:1.0
thank:1.0
k:1.0
ward:1.0
survey:1.0
research:1.0
mail:1.0
