rem:1.6931471805599454
buitc:1.0
bu:2.09861228866811
edu:1.6931471805599454
robert:1.6931471805599454
mee:1.6931471805599454
subject:1.0
diamond:2.09861228866811
speedstar:2.386294361119891
driver:2.386294361119891
v3:1.0
1:1.0
organ:1.0
boston:2.09861228866811
univers:1.6931471805599454
usa:1.0
line:1.0
16:1.0
look:1.6931471805599454
win31:1.0
set:1.0
1mb:1.0
video:1.0
card:2.09861228866811
anybodi:1.0
know:1.0
archiv:1.0
site:1.0
cica:1.0
stealth:1.0
gener:1.0
et4000:1.0
one:1.6931471805599454
specif:1.0
drop:1.0
develop:1.0
loop:1.0
thank:1.0
info:1.0
rob:1.0
inform:1.0
technolog:1.0
