dshank:1.0
nyx:2.09861228866811
c:1.6931471805599454
du:1.0
edu:2.09861228866811
david:1.0
shank:1.0
subject:1.0
diamond:2.09861228866811
speedstar:1.6931471805599454
driver:1.6931471805599454
v3:1.0
1:1.0
x:1.0
disclaim:1.0
public:1.6931471805599454
access:1.6931471805599454
unix:1.6931471805599454
system:1.0
run:1.0
univers:1.6931471805599454
tof:1.0
denver:2.09861228866811
commun:1.0
neither:1.0
tcontrol:1.0
respons:1.0
opinion:1.0
user:1.0
organ:1.0
u:1.0
math:1.0
dept:1.0
line:1.0
10:1.0
articl:1.0
116005:1.0
bu:1.6931471805599454
rem:1.0
buitc:1.0
robert:1.0
mee:1.0
write:1.0
look:1.0
win31:1.0
set:1.0
1mb:1.0
video:1.0
card:1.0
bb:2.09861228866811
2400:1.0
baud:1.6931471805599454
phone:1.6931471805599454
number:1.6931471805599454
408:1.6931471805599454
730:1.0
1100:1.0
9600:1.0
524:1.0
9335:1.0
sorri:1.0
know:1.0
ftp:1.0
site:1.0
though:1.0
surpris:1.0
one:1.0
