carol:1.6931471805599454
ohsu:1.6931471805599454
edu:1.0
suelzl:1.0
subject:2.09861228866811
window:2.791759469228055
3:2.6094379124341005
1:2.09861228866811
keep:2.09861228866811
crash:2.6094379124341005
plea:1.6931471805599454
help:1.6931471805599454
articl:2.09861228866811
1993apr19:1.0
213505:1.0
2883:1.0
organ:1.0
oregon:1.0
health:1.0
scienc:1.0
univers:1.0
line:1.0
23:1.0
nntp:1.0
post:1.0
host:1.0
137:1.0
53:1.0
130:1.0
7:1.0
1qur7h:1.0
qrl:1.0
access:1.6931471805599454
digex:1.6931471805599454
net:1.0
wild:1.0
com:2.386294361119891
wildstrom:1.0
write:1.6931471805599454
1993apr16:1.0
155637:1.0
15398:1.0
oracl:2.386294361119891
u:2.09861228866811
ebosco:1.6931471805599454
eric:1.6931471805599454
bosco:1.6931471805599454
date:1.0
fri:1.0
16:1.0
apr:1.0
1993:1.0
15:1.0
56:1.0
37:1.0
gmt:1.0
say:1.0
givinh:1.0
gpf:1.0
late:1.0
never:1.0
stabl:1.0
packag:1.0
seem:1.0
everi:1.0
day:1.0
worst:1.0
part:1.0
consist:1.0
ie:1.0
way:1.0
sy:1.0
ini:1.0
turn:2.386294361119891
ram:1.0
pariti:2.386294361119891
check:1.6931471805599454
unfortun:1.0
good:1.0
refer:1.6931471805599454
home:1.0
standard:1.0
win:1.0
tell:1.0
email:1.0
back:1.0
weird:1.0
memori:1.0
may:1.0
produc:1.0
phoni:1.0
error:2.09861228866811
danger:1.0
checkl:1.0
run:1.0
slight:1.0
risk:1.0
data:1.0
corrupt:1.0
due:1.0
miss:1.0
real:1.0
problem:2.09861228866811
work:1.6931471805599454
around:1.0
would:1.0
occur:1.0
immedi:1.0
exit:1.0
howev:1.0
chip:2.09861228866811
simm:2.09861228866811
v:1.0
9:1.0
use:1.0
comput:1.0
replac:1.0
vanish:1.0
forev:1.0
