elee969:1.0
rosi:1.6931471805599454
uh:1.6931471805599454
edu:2.386294361119891
brown:1.0
william:1.0
j:1.0
subject:1.0
question:1.6931471805599454
window:2.791759469228055
nt:3.302585092994046
help:1.6931471805599454
keyword:1.0
unix:2.6094379124341005
sun:2.09861228866811
sparc:2.386294361119891
organ:1.0
univers:1.0
houston:1.0
line:1.0
42:1.0
nntp:1.0
post:1.0
host:1.0
news:1.0
softwar:1.6931471805599454
vax:1.0
vm:1.0
vnew:1.0
1:2.09861228866811
41:1.0
articl:1.6931471805599454
1993apr19:1.0
154349:1.0
10382:1.0
cfmu:2.386294361119891
eurocontrol:2.09861228866811
rajiev:2.6094379124341005
gupta:2.09861228866811
write:1.6931471805599454
c562cq:1.0
fc7:1.0
m:2.09861228866811
uki:1.6931471805599454
minghua:1.6931471805599454
stuff:1.0
delet:1.0
run:2.09861228866811
server:1.0
490:1.0
2:2.09861228866811
answer:1.0
ye:1.0
applic:1.6931471805599454
sa:2.09861228866811
3:1.0
multius:1.0
o:1.0
4:1.0
releas:1.0
5:1.0
telephon:1.0
number:1.0
call:1.0
get:1.0
info:1.0
win:2.386294361119891
thank:1.0
far:1.0
read:2.09861228866811
support:1.6931471805599454
intel:1.0
dec:1.0
alpha:1.0
mip:1.0
r4000:1.0
seri:1.0
processor:1.0
rememb:1.0
though:1.0
rumour:1.0
sometim:1.0
futur:1.0
sure:1.0
mean:1.0
would:1.0
mayb:1.0
win16:1.0
etc:1.0
anounc:1.0
avala:1.0
end:1.0
may:1.0
93:1.0
comdex:1.0
spring:1.0
hope:1.0
teurocontrol:1.0
tdisclaim:1.0
true:1.0
de:1.0
la:1.0
loi:1.0
72:1.0
tthese:1.0
view:1.0
tel:1.0
32:2.09861228866811
729:1.6931471805599454
33:1.0
12:1.0
b:1.0
1040:1.0
bruxel:1.0
tnot:1.0
compani:1.0
fax:1.0
16:1.0
belgium:1.0
accord:1.0
april:1.0
issu:1.0
pc:1.0
magazin:1.0
pg:1.0
139:1.0
quot:1.0
eventu:1.0
like:2.09861228866811
port:1.0
everi:1.0
success:1.0
risc:1.6931471805599454
architectur:1.0
powerpc:1.0
hp:1.0
pa:1.0
two:1.0
candid:1.0
somewhat:1.0
le:1.0
rel:1.0
strong:1.0
base:1.0
later:1.0
bill:1.0
