dsiegel:2.386294361119891
optimum:1.0
c:1.6931471805599454
arizona:2.09861228866811
edu:3.1972245773362196
seagul:1.0
subject:1.6931471805599454
wp:1.6931471805599454
pcf:1.6931471805599454
linux:2.791759469228055
risc:3.772588722239781
line:1.0
54:1.0
mean:1.6931471805599454
reduc:2.6094379124341005
instruct:3.302585092994046
set:3.1972245773362196
comput:2.6094379124341005
usual:1.6931471805599454
small:1.6931471805599454
circuit:1.6931471805599454
complex:2.09861228866811
increas:1.6931471805599454
clock:1.6931471805599454
rate:1.6931471805599454
high:1.6931471805599454
perform:2.09861228866811
read:2.386294361119891
book:1.6931471805599454
architectur:1.6931471805599454
inform:1.6931471805599454
hmm:1.6931471805599454
author:1.6931471805599454
clearli:1.6931471805599454
rememb:1.6931471805599454
cpu:1.6931471805599454
rather:1.6931471805599454
larg:1.6931471805599454
differ:1.6931471805599454
address:1.6931471805599454
mode:1.6931471805599454
orthogon:1.6931471805599454
cisc:2.09861228866811
thing:1.0
might:1.0
interest:1.0
know:1.6931471805599454
today:1.6931471805599454
processor:2.09861228866811
true:1.0
fewer:1.0
commonli:1.0
known:1.0
caus:1.0
size:1.0
execut:1.0
swell:1.0
case:1.0
similar:1.0
larger:1.0
applic:1.0
compromis:1.0
mani:1.0
actual:1.0
cross:1.0
one:1.0
say:1.6931471805599454
futur:1.0
intel:1.0
certainli:1.0
prove:1.0
want:1.0
group:1.0
dave:1.6931471805599454
newsgroup:1.0
comp:3.1972245773362196
unix:1.6931471805599454
do:1.0
sy:1.6931471805599454
ibm:1.6931471805599454
pc:1.6931471805599454
misc:2.09861228866811
net:1.0
o:2.6094379124341005
m:1.6931471805599454
window:1.6931471805599454
app:1.6931471805599454
alt:1.6931471805599454
uu:1.0
question:1.0
spreadsheet:1.0
man:1.0
refer:1.0
1qu8ud:1.6931471805599454
2hd:1.6931471805599454
sunb:1.6931471805599454
oc:1.6931471805599454
mq:2.386294361119891
au:2.386294361119891
articl:1.6931471805599454
eugen:1.6931471805599454
mpce:1.6931471805599454
c5o1yq:1.0
m34:1.0
csie:1.6931471805599454
nctu:1.6931471805599454
tw:1.6931471805599454
ghhwang:1.6931471805599454
write:1.0
dear:1.0
friend:1.0
peopl:1.0
fun:1.0
think:1.0
seriou:1.0
macadam:1.0
siegel:1.0
ds4:1.0
presid:1.6931471805599454
rtd:1.6931471805599454
system:1.0
network:1.0
inc:1.0
uofaz:1.0
hardwar:1.0
knowledg:1.0
societi:1.0
hack:1.6931471805599454
com:1.0
