adamb:1.6931471805599454
garfield:1.6931471805599454
c:2.09861228866811
mun:1.6931471805599454
ca:1.6931471805599454
adam:1.6931471805599454
benson:1.6931471805599454
subject:1.0
window:2.09861228866811
3:1.0
1:1.0
slower:2.09861228866811
use:1.0
do:1.6931471805599454
6:1.0
summari:1.0
accord:1.0
norton:1.0
si:1.0
comput:1.0
lot:1.0
keyword:1.0
win:1.0
organ:1.0
dept:1.0
memori:1.0
univers:1.0
newfoundland:1.0
line:1.0
5:1.0
mt:1.0
pearl:1.0
nf:1.0
