btbg1194:1.0
uxa:1.0
cso:1.0
uiuc:2.09861228866811
edu:2.09861228866811
bradley:1.0
banko:2.6094379124341005
subject:1.0
save:1.0
hard:2.09861228866811
disk:3.1972245773362196
alloc:4.931825632724326
error:3.3978952727983707
cross:4.688879454113936
link:4.688879454113936
repli:1.0
b:1.6931471805599454
organ:1.0
univers:1.0
illinoi:1.6931471805599454
urbana:1.0
line:1.0
150:1.0
hi:1.0
run:1.6931471805599454
m:1.0
quick:1.0
c:4.850147601710058
compil:1.0
do:1.0
window:3.0794415416798357
3:1.0
1:1.6931471805599454
even:1.0
got:1.6931471805599454
program:1.0
violat:1.0
system:1.6931471805599454
integr:1.0
close:1.0
applic:1.0
exit:1.0
restart:1.0
comput:1.0
start:1.0
immedi:1.0
seriou:1.0
messag:1.0
hit:1.0
return:1.0
retri:1.0
5:1.0
time:1.0
reboot:1.0
find:1.0
quit:1.0
file:2.09861228866811
corrupt:1.0
somehow:1.0
includ:1.0
chkdsk:2.09861228866811
output:1.6931471805599454
question:1.0
easi:1.0
way:1.0
restor:1.0
everyth:1.0
work:1.0
order:1.0
might:1.6931471805599454
better:1.0
approach:1.6931471805599454
2:2.386294361119891
caus:1.0
smartdrv:1.0
cach:2.09861228866811
make:1.0
vulner:1.0
suspici:1.0
drive:1.6931471805599454
especi:1.0
data:1.0
write:1.0
straightforward:1.0
would:2.09861228866811
f:1.6931471805599454
option:1.0
fix:1.0
look:1.0
like:1.0
probabl:1.0
reinstal:1.0
thing:1.0
thank:1.0
comment:1.0
suggest:1.0
brad:1.6931471805599454
p:1.0
386sx:1.0
machin:1.0
40mb:1.0
mb:1.0
ram:1.0
volum:1.0
serial:1.0
number:1.0
1159:1.0
09d3:1.0
found:1.6931471805599454
paramet:1.0
specifi:1.0
correct:1.0
written:1.0
gfx:4.367295829986475
vpic46:4.367295829986475
cvpic:1.6931471805599454
exe:2.791759469228055
size:2.9459101490553135
adjust:2.9459101490553135
vpic:2.09861228866811
txt:2.09861228866811
video7:1.6931471805599454
cfg:3.9444389791664403
orcpro2:1.6931471805599454
vga:1.6931471805599454
game:2.386294361119891
goo:1.6931471805599454
bird2:1.6931471805599454
x:1.6931471805599454
winmisc:2.9459101490553135
adv21:2.6094379124341005
winadv:1.6931471805599454
316:1.0
lost:1.0
unit:4.761200115693562
224:1.0
chain:1.0
647168:1.0
byte:3.1972245773362196
space:1.6931471805599454
freed:1.0
16133:1.6931471805599454
geno5400:1.0
16138:1.0
tri8800b:1.0
16139:1.0
ts4000hi:1.0
16140:1.0
config:1.6931471805599454
doc:2.09861228866811
16141:1.0
16146:1.6931471805599454
16151:1.6931471805599454
defincon:1.0
16152:1.0
atiwondr:1.0
16153:1.0
geno6400:1.0
16154:1.0
oak:1.0
16155:1.0
hire:1.0
16156:1.0
aheada:1.0
16157:1.0
16208:1.0
16184:1.6931471805599454
everx673:1.0
16185:1.0
wait:1.6931471805599454
com:1.0
16186:1.0
maxxon:1.0
16187:1.0
16188:1.0
everx678:1.0
16189:1.0
ega:1.0
16190:1.0
16191:1.0
readm:1.0
1st:1.0
16199:1.0
16201:1.6931471805599454
16382:1.0
sound:1.0
drv:1.0
16380:1.0
games0:1.0
grp:1.0
16367:1.0
mad79:1.0
11:1.0
bmp:1.0
16341:1.0
mage:2.09861228866811
demo2:1.6931471805599454
2a:1.0
kin:1.6931471805599454
2b:1.0
16257:1.6931471805599454
pkin:1.0
16339:1.6931471805599454
dialword:1.6931471805599454
wri:1.0
adv:1.6931471805599454
key:1.0
16265:1.0
rec:1.0
16275:1.0
freezer:1.0
386spart:1.0
par:1.0
bng2:1.0
mbx:1.0
42366976:1.0
total:2.09861228866811
3958784:1.0
4:1.0
hidden:1.0
153600:1.0
67:1.0
directori:1.0
36042752:1.0
1496:1.0
user:1.0
1564672:1.0
avail:1.6931471805599454
2048:1.0
20687:1.0
764:1.0
655360:1.0
memori:1.0
579712:1.0
free:1.0
dept:1.0
physic:1.0
u:1.0
see:1.0
one:2.09861228866811
teach:1.0
t73:1.0
de:1.0
kb8cne:1.0
n9lnq:1.0
il:1.0
