subject:1.0
fortran:2.09861228866811
librari:2.09861228866811
m:2.386294361119891
window:2.386294361119891
traversmorgan:1.6931471805599454
swell:1.6931471805599454
actrix:2.09861228866811
gen:1.6931471805599454
nz:2.386294361119891
guan:1.6931471805599454
lye:1.6931471805599454
chua:1.6931471805599454
organ:1.0
inform:1.0
exchang:1.0
line:1.0
13:1.0
hi:1.0
like:1.6931471805599454
know:1.0
v3:1.0
sever:1.0
lot:1.0
sourc:1.0
code:1.6931471805599454
written:1.0
past:1.0
p:1.6931471805599454
recent:1.0
need:1.6931471805599454
port:1.0
would:1.0
avoid:1.0
major:1.0
rewrit:1.0
possibl:1.0
mayb:1.0
plea:1.0
help:1.0
repli:1.0
e:1.0
mail:1.0
c:1.0
traver:1.0
morgan:1.0
ltd:1.0
box:1.0
11:1.0
525:1.0
wellington:1.0
tel:1.0
64:1.6931471805599454
4:1.6931471805599454
471:1.6931471805599454
0303:1.0
fax:1.0
0353:1.0
