silver:2.386294361119891
fraser:2.09861228866811
sfu:1.6931471805599454
ca:1.6931471805599454
craig:1.6931471805599454
subject:1.0
format:2.09861228866811
win:1.0
dos6:1.0
organ:1.0
simon:1.6931471805599454
univers:1.6931471805599454
burnabi:1.6931471805599454
b:1.6931471805599454
c:1.6931471805599454
canada:1.6931471805599454
distribut:1.0
na:1.0
line:1.0
13:1.0
anyon:1.0
experienc:1.0
problem:1.6931471805599454
system:1.6931471805599454
floppi:1.6931471805599454
file:1.0
manag:1.0
do:1.6931471805599454
6:1.6931471805599454
get:1.0
disk:1.0
boot:1.0
hard:1.0
drive:1.0
recogn:1.0
instal:1.0
doublespac:1.0
also:1.0
abl:1.0
make:1.0
good:1.0
work:1.0
command:1.0
shell:1.0
window:1.0
let:1.0
know:1.0
heard:1.0
go:1.0
comput:1.0
scienc:1.0
internet:1.0
