jemartin:2.09861228866811
nyx:2.386294361119891
c:2.386294361119891
du:2.09861228866811
edu:2.6094379124341005
john:2.386294361119891
martin:2.6094379124341005
subject:1.0
set:1.6931471805599454
three:1.6931471805599454
user:2.09861228866811
account:2.386294361119891
system:2.386294361119891
wfwg:1.0
organ:1.0
public:1.0
access:1.6931471805599454
unix:1.0
u:1.0
denver:1.0
math:1.0
dept:1.0
line:1.6931471805599454
30:1.6931471805599454
novic:1.0
best:1.0
work:1.0
pc:1.0
network:1.6931471805599454
process:1.0
plan:1.0
small:1.6931471805599454
busi:1.0
particular:1.0
need:1.0
case:1.0
machin:1.6931471805599454
differ:1.0
offic:1.0
build:1.0
window:2.09861228866811
base:1.0
first:1.0
thought:1.0
m:1.0
workgroup:1.6931471805599454
like:1.0
486:1.6931471805599454
two:1.0
386:1.0
along:1.6931471805599454
appropri:1.0
ethernet:1.0
card:1.0
cabl:1.6931471805599454
come:1.0
starter:1.0
kit:1.6931471805599454
one:1.0
addit:1.0
necessari:1.6931471805599454
seem:1.6931471805599454
logic:1.0
purchas:1.0
simpl:1.0
multi:1.0
daceasi:1.0
b:1.0
fire:1.0
le:1.0
act:1.0
server:1.0
report:1.0
check:1.0
printer:1.0
attach:1.0
run:1.0
40:1.0
foot:1.0
setup:1.0
well:1.0
easi:1.0
would:1.0
guru:1.0
tell:1.0
mind:1.0
suggest:1.0
howev:1.0
trivial:1.0
immens:1.0
appreci:1.0
apolog:1.0
brought:1.0
thank:1.0
e:1.6931471805599454
univers:1.6931471805599454
puget:1.6931471805599454
sound:1.6931471805599454
92:1.6931471805599454
kent:1.6931471805599454
wa:1.6931471805599454
formerli:1.6931471805599454
up:1.6931471805599454
seinfeldsupersonicsrushbelafleck:1.0
seinfeldsupersonicsbc:1.0
rushdweckl:1.0
