sp:1.0
odin:1.0
nosubdomain:1.0
nodomain:1.0
svein:1.6931471805599454
pedersen:1.0
subject:1.0
util:1.6931471805599454
updat:1.6931471805599454
win:1.0
ini:2.09861228866811
system:1.0
organ:1.0
univers:1.0
tromso:1.0
norway:1.0
line:1.0
6:1.0
nead:1.0
delet:1.0
ad:1.0
chang:1.0
file:1.0
window:1.0
find:1.0
ftp:1.0
host:1.0
