j:2.09861228866811
meyer:2.791759469228055
informatik:2.09861228866811
uni:2.09861228866811
kl:2.09861228866811
de:2.09861228866811
joerg:2.09861228866811
subject:1.0
videoblast:2.09861228866811
pc:2.09861228866811
speaker:2.386294361119891
keyword:1.0
video:1.6931471805599454
blaster:1.0
driver:2.6094379124341005
repli:1.0
organ:1.0
univers:1.6931471805599454
kaiserslautern:1.6931471805599454
germani:1.6931471805599454
line:1.0
28:1.0
softwar:1.0
come:1.0
togeth:1.6931471805599454
design:1.0
work:1.0
soundblast:2.09861228866811
manufactur:1.0
sinc:1.6931471805599454
possibl:1.0
use:1.0
play:1.0
audio:1.6931471805599454
file:1.6931471805599454
avi:1.0
interleav:1.0
think:1.0
devic:1.0
medium:1.0
player:1.0
control:1.0
instead:1.0
card:1.0
someth:1.0
like:1.0
mcispkr:1.0
drv:1.0
anybodi:1.0
heard:1.0
wrong:1.0
track:1.0
inform:1.0
appreci:1.0
plea:1.0
send:1.0
e:1.6931471805599454
mail:1.6931471805599454
watch:1.0
group:1.0
regularli:1.0
v:1.0
ooo:1.6931471805599454
u:1.0
space:1.0
rent:1.0
