dpugsl:1.6931471805599454
nswc:2.386294361119891
wo:1.6931471805599454
navi:1.6931471805599454
mil:1.6931471805599454
donald:1.0
pugsley:1.6931471805599454
subject:1.0
c7:1.6931471805599454
link:2.386294361119891
segment:2.9459101490553135
problem:1.0
call:1.6931471805599454
run:1.6931471805599454
time:1.6931471805599454
function:2.09861228866811
summari:1.0
need:1.0
help:1.0
incorrect:1.0
lib:1.0
keyword:1.0
runtim:1.0
organ:1.0
naval:1.0
surfac:1.0
warfar:1.0
center:1.0
line:1.0
40:1.0
small:1.0
window:1.6931471805599454
program:2.09861228866811
get:1.0
work:1.0
look:1.0
vagu:1.0
like:1.0
char:1.0
f1:2.09861228866811
80:1.0
int:1.0
winmain:1.0
lstrcpi:2.09861228866811
lpstr:1.6931471805599454
hello:1.6931471805599454
long:1.0
far:1.0
pascal:1.0
wndproc:1.0
use:2.09861228866811
larg:1.6931471805599454
model:1.0
3:1.0
1:2.09861228866811
without:1.0
error:1.6931471805599454
rc:2.09861228866811
said:1.0
sort:1.0
preload:1.6931471805599454
resourc:1.0
fast:1.0
load:1.6931471805599454
section:1.0
copi:1.0
53679:1.0
byte:1.0
fatal:1.0
rw1031:1.0
reloc:1.0
inform:1.0
optim:1.0
make:1.0
loadoncal:1.0
rerun:1.0
k:1.6931471805599454
switch:1.6931471805599454
must:1.0
seem:1.0
interfer:1.0
proper:1.0
second:1.0
anybodi:1.0
explain:1.0
go:1.0
fix:1.0
thank:1.0
