bailey:2.09861228866811
lut:1.6931471805599454
ac:1.6931471805599454
uk:2.09861228866811
subject:1.0
util:1.6931471805599454
updat:1.6931471805599454
win:1.0
ini:2.09861228866811
system:1.0
repli:1.0
adrian:1.0
organ:1.0
loughborough:1.0
univers:1.0
line:1.0
11:1.0
articl:1.0
1993apr20:1.0
085638:1.0
29338:1.0
news:1.0
uit:1.0
sp:1.0
odin:1.0
nosubdomain:1.0
nodomain:1.0
svein:1.6931471805599454
pedersen:1.0
write:1.0
nead:1.0
delet:1.0
ad:1.0
chang:1.0
file:1.0
window:2.09861228866811
find:1.0
ftp:1.0
host:1.0
3:1.6931471805599454
0:1.0
built:1.0
call:1.0
sysedit:1.0
exe:1.0
need:1.0
1:1.0
know:1.0
