aew:2.386294361119891
eosvcr:2.386294361119891
wimsey:2.386294361119891
bc:2.386294361119891
ca:2.386294361119891
alan:1.6931471805599454
walford:1.6931471805599454
subject:1.0
workgroup:1.6931471805599454
question:2.09861228866811
conven:1.0
ram:1.6931471805599454
licens:2.09861228866811
repli:1.6931471805599454
organ:1.0
eo:1.6931471805599454
system:1.6931471805599454
inc:1.6931471805599454
vancouv:1.6931471805599454
b:1.6931471805599454
c:1.6931471805599454
canada:1.6931471805599454
line:1.0
37:1.0
would:2.09861228866811
appreci:1.0
someon:1.0
answer:1.0
window:2.386294361119891
current:1.6931471805599454
novel:1.6931471805599454
netwar:1.0
lite:1.0
work:1.0
well:1.0
convent:1.6931471805599454
memori:1.0
hog:1.0
ver:1.0
1:2.6094379124341005
consid:1.0
move:1.0
machin:2.386294361119891
w4wg:2.9459101490553135
q1:1.0
much:1.6931471805599454
use:1.0
driver:1.6931471805599454
network:1.6931471805599454
card:1.6931471805599454
q2:1.0
ne2000:1.0
lsl:1.0
ipx:1.0
still:1.0
need:1.6931471805599454
q3:1.0
check:1.0
ensur:1.0
run:1.0
licenc:1.0
copi:2.386294361119891
note:1.0
want:1.0
break:1.0
agreement:1.0
buy:1.6931471805599454
like:1.0
tri:1.0
first:1.0
see:1.0
meet:1.0
return:1.6931471805599454
one:1.0
open:1.6931471805599454
easier:1.0
n:1.0
q4:1.0
upgrad:1.0
3:2.09861228866811
replac:1.0
win:1.6931471805599454
instal:1.6931471805599454
depend:1.0
file:1.0
q5:1.0
nt:1.0
server:1.0
come:1.0
troubl:1.0
start:1.0
messag:1.0
go:1.0
ask:1.0
2:1.0
got:1.0
carri:1.0
away:1.0
stop:1.0
look:1.0
forward:1.0
al:1.0
tel:1.0
604:1.0
734:1.0
8655:1.0
uunet:1.0
