dshank:1.0
nyx:2.09861228866811
c:1.6931471805599454
du:1.0
edu:1.0
david:1.0
shank:1.0
subject:1.0
quicken:3.70805020110221
6:1.0
v:1.0
tobia:1.6931471805599454
manag:3.6390573296152584
money:3.3978952727983707
x:1.0
disclaim:1.0
public:1.6931471805599454
access:1.6931471805599454
unix:1.6931471805599454
system:1.0
run:1.0
univers:1.6931471805599454
tof:1.0
denver:2.09861228866811
commun:1.0
neither:1.0
tcontrol:1.0
respons:1.0
opinion:1.0
user:1.0
keyword:1.0
organ:1.0
u:1.0
math:1.0
dept:1.0
line:1.0
89:1.0
articl:2.09861228866811
1993apr20:1.0
040449:1.0
19649:1.0
twg:1.6931471805599454
com:1.6931471805599454
q:1.0
michael:1.0
wiesenberg:1.0
write:1.0
anyway:1.0
anyon:1.0
awar:1.0
comparit:1.0
studi:1.0
two:1.0
program:2.6094379124341005
someon:1.0
give:1.0
person:1.6931471805599454
impress:1.6931471805599454
mayb:1.0
pc:2.09861228866811
magazin:1.0
januari:1.6931471805599454
12:1.0
1993:1.6931471805599454
review:1.0
sever:2.09861228866811
financ:1.6931471805599454
comput:2.386294361119891
world:1.0
decemb:1.0
1992:1.0
also:2.386294361119891
email:1.0
copi:1.0
find:1.6931471805599454
librari:1.0
use:2.9459101490553135
year:2.09861228866811
friend:1.6931471805599454
though:1.0
overal:1.0
financi:2.386294361119891
account:2.791759469228055
help:2.386294361119891
complet:1.0
featur:2.386294361119891
believ:1.6931471805599454
share:1.0
tthe:2.791759469228055
abil:2.791759469228055
keep:2.791759469228055
record:3.1972245773362196
tcheck:1.0
save:1.6931471805599454
charg:1.0
cash:1.6931471805599454
brokerag:1.6931471805599454
reconcil:1.0
tyour:1.6931471805599454
statement:1.0
make:1.0
budget:1.6931471805599454
track:1.0
spend:1.0
tbudget:1.0
ta:2.9459101490553135
checkfre:1.6931471805599454
modul:3.0794415416798357
allow:1.0
bill:1.6931471805599454
tpay:1.0
servic:1.0
pay:1.0
via:1.0
modem:1.6931471805599454
print:1.0
check:1.0
printer:1.0
loan:2.09861228866811
set:1.0
automat:2.386294361119891
payment:1.6931471805599454
import:1.0
stock:1.0
quotat:1.0
tup:1.0
date:1.6931471805599454
know:1.6931471805599454
tvia:1.0
probabl:1.6931471805599454
well:2.09861228866811
sure:2.09861228866811
export:1.0
tax:2.386294361119891
inform:1.6931471805599454
popular:1.0
prepar:1.0
tprogram:1.0
predict:1.0
look:1.0
tpredict:1.0
liabil:2.09861228866811
come:1.0
useful:1.6931471805599454
fine:1.0
ttune:1.0
withhold:1.0
uncl:1.0
sam:1.0
get:1.0
due:1.0
earli:1.0
tan:1.0
insur:1.6931471805599454
vital:2.09861228866811
place:2.09861228866811
trecord:1.0
polici:1.0
tit:1.0
life:1.0
expect:1.0
analysi:1.0
compound:1.0
interest:1.6931471805599454
teffect:1.0
inflat:1.0
term:1.0
yield:1.6931471805599454
tmatur:1.0
bond:1.0
day:1.0
tloan:1.0
amort:1.0
schedul:1.0
function:1.0
tdecid:1.0
whether:2.6094379124341005
refin:1.0
mortgag:1.0
afford:1.0
particular:2.09861228866811
home:1.0
rental:1.0
properti:1.0
good:1.0
tinvest:1.0
buy:1.0
lea:1.0
rent:1.0
invest:1.0
flow:1.0
adequ:1.0
situat:1.0
tthi:1.0
plan:1.0
retir:1.0
kid:1.0
tuition:1.0
net:1.6931471805599454
worth:2.09861228866811
asset:1.6931471805599454
tand:1.0
tinform:1.6931471805599454
tare:1.0
includ:1.6931471805599454
desk:1.0
small:1.0
word:1.0
processor:1.0
card:1.0
file:1.0
tyou:1.0
store:1.0
name:1.0
address:1.0
phone:1.6931471805599454
number:1.0
associ:1.0
perpetu:1.0
caland:1.0
trudimentari:1.0
calcul:1.0
list:2.6094379124341005
remind:1.6931471805599454
appoint:1.6931471805599454
tlist:1.0
call:1.0
need:1.6931471805599454
ttrack:1.0
thing:2.09861228866811
tcan:1.0
made:1.0
display:1.0
start:1.0
almost:1.0
everyth:1.0
wrong:1.0
hord:1.0
devote:1.0
flame:1.0
crisp:1.0
one:1.0
yet:1.0
window:1.6931471805599454
version:1.6931471805599454
meca:1.0
softwar:1.0
rumor:1.0
work:1.0
releas:1.0
late:1.0
hope:1.0
found:1.0
hand:1.0
mani:1.0
peopl:1.0
equal:1.0
happi:1.0
want:1.0
go:1.0
think:1.0
price:1.0
