basebal:1.0
catch:1.0
fever:1.0
scd:1.0
ucar:1.0
edu:1.0
gregg:1.0
walter:1.0
subject:1.0
mathcad:1.6931471805599454
4:1.6931471805599454
0:1.6931471805599454
swap:2.09861228866811
file:2.09861228866811
organ:1.0
scientif:1.0
comput:1.0
divison:1.0
ncar:1.0
boulder:1.0
co:1.0
line:1.0
3:1.0
16mb:1.0
memori:1.0
386sx:1.0
run:1.0
window:1.0
without:1.0
sever:1.0
month:1.0
happi:1.0
insist:1.0
