ntaib:2.09861228866811
silver:2.09861228866811
uc:2.09861228866811
indiana:2.386294361119891
edu:2.09861228866811
iskandar:1.6931471805599454
taib:1.6931471805599454
subject:1.0
m:2.791759469228055
window:3.0794415416798357
matur:2.6094379124341005
o:2.6094379124341005
keyword:1.0
nntp:1.0
post:1.6931471805599454
host:1.0
repli:1.0
comp:1.0
advocaci:1.0
organ:1.0
univers:1.0
distribut:1.6931471805599454
usa:1.0
line:1.0
66:1.0
articl:1.0
cyen:1.0
735139934:1.0
ponder:1.0
jess:1.0
write:1.0
hi:1.0
use:2.09861228866811
mac:2.6094379124341005
system:2.09861228866811
6:1.0
x:1.6931471805599454
7:1.6931471805599454
answer:1.0
posit:1.0
would:1.0
know:2.09861228866811
silli:1.0
unix:1.0
depend:1.0
ask:1.6931471805599454
defin:1.0
anyth:1.0
le:1.0
3:1.6931471805599454
1:1.6931471805599454
day:1.0
ago:1.0
peopl:1.6931471805599454
doubt:1.0
real:1.0
see:1.6931471805599454
question:1.0
confus:1.0
mani:1.0
microsoft:1.6931471805599454
simul:1.0
lousi:1.0
job:1.0
exampl:1.0
creat:2.386294361119891
hierarchi:1.0
group:2.791759469228055
way:1.0
plea:1.6931471805599454
tell:1.0
need:1.0
someth:1.0
like:1.0
behierarch:1.0
appl:2.09861228866811
menu:1.6931471805599454
everyon:1.0
item:1.0
ripoff:1.0
program:2.09861228866811
manag:1.6931471805599454
want:1.6931471805599454
hierarch:1.0
launcher:1.0
lot:1.0
avail:1.0
uncomplet:1.0
document:1.0
easi:2.09861228866811
find:2.09861228866811
reason:1.0
caus:1.0
unpredict:1.0
error:1.0
give:1.0
break:1.0
spent:1.0
hour:1.0
move:1.0
extens:1.0
around:1.0
restart:1.0
certain:1.0
app:1.0
crash:1.0
time:1.0
laughabl:1.0
4:1.0
delet:2.6094379124341005
file:2.6094379124341005
user:2.09861228866811
forget:1.0
relat:1.0
disk:1.0
full:1.0
nonsens:1.0
oh:1.0
great:1.0
ever:1.0
hear:1.0
alias:1.0
wonder:1.0
implement:1.0
5:1.0
share:1.6931471805599454
problem:1.6931471805599454
two:1.0
compil:1.0
edit:1.0
languag:1.0
w:1.0
good:1.0
editor:1.0
open:1.6931471805599454
save:1.6931471805599454
load:1.0
make:1.0
sen:1.0
prevent:1.0
eh:1.0
follow:1.0
mean:1.0
satisfi:1.0
everybodi:1.0
keep:1.0
reput:1.0
evalu:1.0
interfac:1.0
care:1.0
product:1.0
desktop:1.0
incred:1.0
annoy:1.0
whenev:1.0
flame:2.09861228866811
yeah:1.0
right:1.0
bait:1.0
yet:1.0
thing:1.0
wors:1.0
peach:1.6931471805599454
ala:1.6931471805599454
internet:1.0
frog:1.6931471805599454
bitnet:1.0
iubac:1.0
