dcoleman:2.6094379124341005
utxvm:2.386294361119891
cc:2.386294361119891
utexa:2.386294361119891
edu:2.386294361119891
daniel:1.6931471805599454
coleman:1.6931471805599454
subject:1.0
ati:2.09861228866811
ultra:1.6931471805599454
pro:1.6931471805599454
confirm:1.6931471805599454
line:1.6931471805599454
41:1.6931471805599454
nntp:1.0
post:1.0
host:1.0
blond:1.0
organ:1.0
univers:1.6931471805599454
texa:1.6931471805599454
austin:1.6931471805599454
articl:1.0
fn:1.0
0razbbh107h:1.0
eosvcr:1.6931471805599454
wimsey:1.6931471805599454
bc:1.6931471805599454
ca:1.6931471805599454
aew:1.0
alan:1.0
walford:1.0
write:1.0
heard:1.0
mani:1.6931471805599454
thing:1.6931471805599454
card:3.0794415416798357
posit:1.0
neg:1.0
could:1.0
peopl:1.0
plea:1.0
interest:1.0
eisa:2.09861228866811
version:1.6931471805599454
particular:1.0
1:1.0
work:2.09861228866811
system:1.6931471805599454
32m:2.09861228866811
ram:1.6931471805599454
higher:1.0
memori:1.6931471805599454
limit:1.0
appli:1.0
isa:1.6931471805599454
far:1.0
know:1.0
vlb:1.6931471805599454
problem:1.6931471805599454
2:1.0
switch:1.6931471805599454
set:1.0
much:1.6931471805599454
slower:1.0
apertur:1.0
need:1.0
disabl:1.0
124m:1.0
12:1.0
3:1.0
interlac:1.6931471805599454
24bit:1.0
true:1.0
colour:1.6931471805599454
mode:2.386294361119891
nope:1.0
use:1.0
640x480:1.0
72hz:1.0
24:1.6931471805599454
bit:1.6931471805599454
800x600:1.0
70hz:1.0
non:1.0
4:1.0
latest:1.0
build:1.0
59:1.0
driver:1.0
still:1.0
case:1.0
perfect:1.0
improv:1.0
recal:1.0
last:1.0
time:1.0
leav:1.0
mach:1.0
32:1.0
gup:1.0
8514:1.0
vga:1.0
due:1.0
softwar:1.0
incompat:1.0
5:1.0
fastest:1.6931471805599454
full:1.0
money:1.0
quit:1.0
fast:1.0
whether:1.0
open:1.0
debat:1.0
6:1.0
greatest:1.0
sinc:1.0
slice:1.0
bread:1.0
like:1.0
matthew:1.0
internet:1.0
ccwf:1.0
decnet:1.0
electr:1.0
comput:1.0
engin:1.0
bitnet:1.6931471805599454
