subject:1.0
gateway:2.791759469228055
microsoft:1.0
mail:3.4849066497880004
workgroup:1.0
via:1.0
96:1.0
wesj:2.09861228866811
extsparc:2.386294361119891
usu:2.386294361119891
edu:2.386294361119891
we:1.6931471805599454
jame:1.6931471805599454
repli:1.0
distribut:1.0
world:1.0
organ:1.0
sun:1.0
microsystem:1.0
inc:1.0
nntp:1.0
post:1.0
host:1.0
agsci:1.6931471805599454
line:1.0
40:1.0
utah:1.6931471805599454
state:1.6931471805599454
univers:1.6931471805599454
cooper:1.6931471805599454
extens:1.6931471805599454
use:1.0
w4wg:1.6931471805599454
want:2.09861228866811
talk:1.0
internet:1.0
packag:1.6931471805599454
got:1.0
smtp:1.6931471805599454
also:1.0
need:2.386294361119891
tcp:1.6931471805599454
ip:1.6931471805599454
transport:1.0
top:1.0
utterli:1.0
stupid:1.0
requir:1.0
get:2.386294361119891
work:1.6931471805599454
dedic:1.6931471805599454
pc:1.6931471805599454
look:1.6931471805599454
remot:2.09861228866811
access:1.0
anoth:1.0
stuff:1.6931471805599454
go:2.09861228866811
indic:1.0
glitch:1.0
somewher:1.0
system:2.386294361119891
though:1.0
know:1.0
m:1.0
vax:2.791759469228055
campu:1.0
choke:1.0
sent:1.0
scenario:1.0
outgo:1.0
goe:1.0
unix:1.0
rout:1.6931471805599454
problem:2.386294361119891
time:1.0
receiv:1.0
messag:2.09861228866811
way:1.0
except:1.0
someon:1.0
forward:2.09861228866811
locat:1.0
main:1.0
gotcha:1.0
ever:1.0
person:1.0
header:1.0
say:2.386294361119891
boudari:1.0
error:1.0
garbag:1.0
code:1.0
stay:1.0
away:1.0
send:1.0
ok:1.0
peopl:1.0
cours:1.0
probabl:1.0
anyon:1.6931471805599454
help:1.0
175:1.0
00:1.0
one:1.0
support:1.0
call:1.0
phooey:1.0
vigor:1.0
better:1.0
idea:1.0
find:1.0
anyth:1.0
knew:1.0
plea:1.0
drop:1.0
note:1.0
next:1.0
itter:1.6931471805599454
suppos:1.0
built:1.0
netxt:1.0
good:1.0
luck:1.0
email:1.0
specialist:1.0
umc:1.0
4900:1.6931471805599454
voic:1.0
801:1.6931471805599454
750:1.6931471805599454
2229:1.0
logan:1.0
ut:1.0
84322:1.0
fax:1.0
3268:1.0
