bagoli:2.09861228866811
luden:1.6931471805599454
elt:2.09861228866811
hu:2.09861228866811
subject:1.0
pc:1.6931471805599454
tcp:1.6931471805599454
onpredir:2.09861228866811
window:2.09861228866811
organ:1.0
eotvo:1.6931471805599454
univers:1.6931471805599454
budapest:1.6931471805599454
hungari:1.6931471805599454
line:1.0
14:1.0
hello:1.0
troubl:1.0
use:1.6931471805599454
printer:1.6931471805599454
redirect:1.0
program:1.6931471805599454
lpr:1.0
support:1.0
print:1.6931471805599454
manag:1.0
simpli:1.0
wait:1.0
captur:1.0
till:1.0
end:1.0
session:1.0
inact:1.0
start:1.0
anybodi:1.0
two:1.0
togeth:1.0
thank:1.0
zsolt:2.09861228866811
dept:1.0
atom:1.0
physic:1.0
e:1.0
mail:1.0
hercul:1.0
eltenet:1.6931471805599454
internet:1.0
