davidw:1.6931471805599454
auck:2.09861228866811
irl:2.09861228866811
cri:2.09861228866811
nz:2.09861228866811
david:1.6931471805599454
white:1.6931471805599454
subject:1.0
quickli:1.6931471805599454
switch:2.09861228866811
window:2.09861228866811
screen:1.6931471805599454
resolut:1.6931471805599454
organ:1.0
industri:1.0
research:1.0
ltd:1.0
auckland:1.0
new:1.0
zealand:1.0
line:1.0
16:1.0
distribut:1.0
na:1.0
nntp:1.0
post:1.0
host:1.0
kauri:1.0
93721:1.0
hydra:1.0
gatech:1.6931471805599454
edu:2.09861228866811
ccastco:1.0
prism:1.0
constantino:1.0
malama:1.0
write:1.6931471805599454
articl:1.0
c5qlr8:1.0
djl:1.0
cbnewsl:1.0
cb:1.0
att:1.6931471805599454
com:1.6931471805599454
slg:1.0
slgsun:1.0
idealist:1.0
cynic:1.0
someon:1.0
tell:1.0
easili:1.0
know:1.0
go:1.0
back:1.0
instal:1.0
ttake:1.0
look:1.0
ftp:1.6931471805599454
cica:1.0
indiana:1.0
pub:1.6931471805599454
pc:1.6931471805599454
win3:2.09861228866811
util:1.0
misc:1.0
program:1.0
caleld:1.0
vswitch:1.0
zip:1.6931471805599454
close:1.0
want:1.6931471805599454
get:1.0
1:1.0
think:1.0
georg:1.0
refer:1.0
driver:1.0
video:1.6931471805599454
directori:1.0
descript:1.0
read:1.0
switcher:1.6931471805599454
mode:1.0
engin:1.0
goon:1.0
fan:1.0
son:1.0
dad:1.0
internet:1.0
fax:1.0
64:1.0
9:1.0
443:1.0
4737:1.0
