singli:1.0
waikato:2.09861228866811
ac:1.6931471805599454
nz:1.6931471805599454
subject:1.0
win3:1.0
1:1.6931471805599454
font:1.6931471805599454
macron:1.6931471805599454
organ:1.0
univers:1.0
hamilton:1.0
new:1.6931471805599454
zealand:1.6931471805599454
line:1.0
11:1.0
greet:1.0
green:1.0
look:1.0
window:1.6931471805599454
3:1.0
allow:1.0
hypen:1.0
vowel:1.0
upper:1.0
lower:1.0
case:1.0
use:1.0
maori:1.0
charact:1.0
applic:1.0
thank:1.0
advanc:1.0
stuart:1.0
ingli:1.0
email:1.0
directli:1.0
tetaka:1.0
would:1.0
prefer:1.0
method:1.0
contact:1.0
