organ:1.0
arizona:1.0
state:1.0
univers:1.0
jame:1.0
cassidi:1.0
ifjxc:1.0
asuacad:1.0
bitnet:1.0
subject:1.0
norton:2.791759469228055
desktop:2.09861228866811
smartcan:2.386294361119891
v:1.0
util:2.386294361119891
ep:2.386294361119891
line:1.6931471805599454
22:1.0
purchas:1.0
window:2.09861228866811
also:1.0
instal:2.09861228866811
ndw:2.09861228866811
want:1.6931471805599454
rem:1.0
command:2.09861228866811
invok:2.09861228866811
imag:3.0794415416798357
replac:1.0
new:1.0
version:2.791759469228055
came:1.0
make:1.6931471805599454
sen:1.0
presum:1.0
newer:1.6931471805599454
one:1.0
nu:1.6931471805599454
howev:1.0
autoexec:1.6931471805599454
two:2.09861228866811
question:1.0
1:1.0
use:2.386294361119891
data:1.0
save:1.0
e:1.0
compat:1.0
2:2.09861228866811
era:2.386294361119891
protect:2.09861228866811
info:1.6931471805599454
vice:1.0
versa:1.0
do:1.0
sure:1.0
file:1.0
either:1.0
environ:1.0
go:1.0
experi:1.0
run:1.0
program:1.0
smart:1.0
other:1.0
current:1.0
load:1.0
within:1.0
see:1.0
conflict:1.0
fyi:1.0
6:1.0
thank:1.0
help:1.0
