rus:2.386294361119891
deakin:2.6094379124341005
oz:1.6931471805599454
au:2.09861228866811
sharp:1.6931471805599454
subject:1.0
charact:3.302585092994046
miss:1.0
ttf:1.6931471805599454
organ:1.0
univers:1.6931471805599454
victoria:1.0
australia:1.6931471805599454
line:1.0
22:1.0
nntp:1.0
post:1.0
host:1.0
ariel:1.0
eng:1.0
word:1.0
2:1.0
0c:1.0
show:1.6931471805599454
period:2.09861228866811
centr:2.09861228866811
indic:1.6931471805599454
space:2.09861228866811
use:2.09861228866811
ttfont:1.0
coreldraw:1.6931471805599454
editor:1.0
need:1.0
abl:1.6931471805599454
see:1.0
mani:1.0
text:1.0
display:2.386294361119891
larg:1.0
hollow:1.6931471805599454
box:1.6931471805599454
overlap:1.0
side:1.0
useless:1.0
believ:1.0
w4w:2.09861228866811
0183:1.6931471805599454
window:1.0
charmap:1.6931471805599454
tend:1.0
confirm:1.0
edit:1.0
corel:1.0
font:2.386294361119891
fontmong:1.0
chang:1.0
graphic:1.6931471805599454
make:1.0
differ:1.0
output:1.0
alter:1.6931471805599454
paragraph:1.0
0182:1.0
cedilla:1.0
0184:1.0
howev:1.0
anyon:1.0
get:1.0
edu:1.0
ph:1.0
052:1.6931471805599454
27:1.6931471805599454
1141:1.0
fax:1.0
2015:1.0
school:1.0
engin:1.0
technolog:1.0
geelong:1.0
