shenoy:2.791759469228055
iastat:2.09861228866811
edu:2.386294361119891
shiva:2.09861228866811
subject:1.0
window:2.6094379124341005
help:2.9459101490553135
organ:1.0
iowa:1.0
state:1.0
univers:1.0
ame:2.09861228866811
ia:2.09861228866811
line:2.09861228866811
53:1.0
1993apr20:1.0
072905:1.0
21404:1.0
fel:1.6931471805599454
tno:1.6931471805599454
nl:1.6931471805599454
mveraart:1.0
mario:1.0
veraart:1.0
write:2.09861228866811
umyin:1.6931471805599454
ccu:1.6931471805599454
umanitoba:1.6931471805599454
ca:1.6931471805599454
qing:1.0
yin:1.6931471805599454
hi:1.6931471805599454
easi:1.0
question:1.0
guru:1.0
appreci:1.0
need:2.386294361119891
applic:1.6931471805599454
softwar:1.0
develop:1.6931471805599454
toolkit:1.0
yet:1.0
sinc:1.0
want:1.0
build:1.6931471805599454
hlp:2.09861228866811
file:3.1972245773362196
around:1.0
engin:1.0
hope:1.0
complic:1.6931471805599454
anyway:1.0
could:1.0
someon:1.0
kindli:1.0
give:1.0
hint:1.0
take:1.0
100:1.0
page:1.0
explain:1.0
would:1.6931471805599454
point:1.0
vincent:1.0
q:1.0
must:1.0
sdk:1.6931471805599454
sort:1.0
contain:1.6931471805599454
hc:1.0
exe:1.6931471805599454
hc31:1.0
compil:1.6931471805599454
gener:1.6931471805599454
rtf:1.6931471805599454
wordprocessor:1.0
like:1.0
word:1.6931471805599454
do:1.0
w4w:1.0
get:2.09861228866811
free:2.09861228866811
locat:1.0
ftp:1.0
cica:1.0
indiana:1.0
index:1.6931471805599454
pub:2.6094379124341005
pc:2.6094379124341005
win3:2.6094379124341005
first:1.0
upload:1.0
zip:3.0794415416798357
1:1.0
3m:1.0
among:1.0
thing:1.0
microsoft:1.0
think:1.0
dir:2.09861228866811
programr:1.0
hag:1.0
whag:1.0
wfwhlp:1.0
sharewar:1.0
util:1.0
thwab21:1.0
qdhelp:1.0
qdtool:1.0
winword:1.0
tdrhelpev:1.0
macro:1.0
2:1.0
0:1.0
convert:1.0
doc:1.0
e:1.6931471805599454
mail:1.6931471805599454
2066:1.6931471805599454
black:1.6931471805599454
dept:1.6931471805599454
aeem:1.6931471805599454
isu:1.6931471805599454
50010:1.6931471805599454
offic:1.6931471805599454
515:1.6931471805599454
294:1.6931471805599454
0082:1.6931471805599454
