neff123:1.0
garnet:1.6931471805599454
berkeley:2.09861228866811
edu:1.6931471805599454
stephen:1.0
kearney:1.0
subject:1.0
m:1.0
window:1.0
matur:1.0
o:1.0
organ:1.0
univers:1.0
california:1.0
line:1.0
10:1.0
nntp:1.0
post:1.0
host:1.0
find:1.0
mac:1.6931471805599454
desktop:1.0
incred:1.0
annoy:1.0
whenev:1.0
use:1.0
uptight:1.0
mani:1.0
comput:1.0
liter:1.0
peopl:1.0
see:1.0
advantag:1.0
system:1.0
act:1.0
like:1.0
ate:1.0
cat:1.0
lighten:1.0
