calloway:2.09861228866811
hplvec:1.0
lvld:1.0
hp:1.0
com:1.0
frank:1.6931471805599454
subject:1.0
window:1.0
3:1.6931471805599454
1:1.0
slower:1.0
use:1.0
do:1.0
6:1.0
organ:1.0
hewlett:1.0
packard:1.0
co:1.6931471805599454
loveland:1.0
line:1.0
system:1.0
