nntp:1.0
post:1.0
host:1.0
134:1.0
58:1.0
96:1.0
14:1.0
wimvh:1.6931471805599454
liri:1.6931471805599454
tew:1.6931471805599454
kuleuven:2.09861228866811
ac:2.09861228866811
wim:1.6931471805599454
van:1.6931471805599454
holder:1.6931471805599454
distribut:1.0
world:1.0
organ:1.0
k:1.0
u:1.0
leuven:2.09861228866811
appli:1.0
econom:1.0
scienc:1.0
depart:1.6931471805599454
subject:1.0
winqvtnet:1.0
ndi:1.6931471805599454
token:1.6931471805599454
ring:1.6931471805599454
line:1.0
13:1.0
possibl:1.0
use:1.6931471805599454
winqvt:1.0
net:1.0
machin:1.0
connect:1.0
tri:1.0
older:1.0
version:1.0
3:1.0
2:1.6931471805599454
got:1.0
invalid:1.0
packet:1.0
class:1.0
error:1.0
someth:1.0
like:1.0
regard:1.0
katholiek:1.0
universiteit:1.0
tel:1.0
32:1.6931471805599454
0:1.6931471805599454
16:2.09861228866811
28:1.6931471805599454
57:1.6931471805599454
e:1.6931471805599454
w:1.0
fax:1.0
99:1.0
dekenstraat:1.0
b:1.0
3000:1.0
mail:1.0
belgium:1.0
fdbaq03:1.0
cc1:1.0
