dmsilev:1.6931471805599454
athena:1.6931471805599454
mit:2.09861228866811
edu:2.9459101490553135
daniel:1.6931471805599454
silevitch:1.6931471805599454
subject:1.0
util:1.0
updat:1.0
win:2.09861228866811
ini:3.1972245773362196
system:2.386294361119891
organ:1.0
massachusett:1.6931471805599454
institut:1.6931471805599454
technolog:1.6931471805599454
line:1.0
28:1.0
distribut:1.0
world:1.0
nntp:1.0
post:1.0
host:1.0
w20:1.0
575:1.0
72:1.0
articl:1.6931471805599454
1993apr20:1.6931471805599454
180234:1.0
18192:1.0
oz:1.6931471805599454
plymouth:1.6931471805599454
oddjob:1.0
andrew:1.0
c:1.0
stoffel:1.0
write:1.6931471805599454
151912:1.0
18590:1.0
midway:1.6931471805599454
uchicago:1.6931471805599454
am37:1.0
unless:1.0
complet:1.0
misunderstand:1.0
tri:1.0
use:2.386294361119891
either:1.0
notepad:2.09861228866811
sysedit:2.386294361119891
exe:1.6931471805599454
found:1.0
subdirectori:1.0
edit:2.386294361119891
file:3.1972245773362196
add:1.0
regedit:1.0
program:2.9459101490553135
group:1.0
window:1.0
cool:1.0
automat:1.0
open:1.6931471805599454
autoexec:1.6931471805599454
bat:1.6931471805599454
config:1.6931471805599454
sy:1.6931471805599454
possibl:1.0
get:1.0
load:1.6931471805599454
run:1.0
4:1.0
configur:1.0
entri:1.6931471805599454
menu:1.6931471805599454
four:1.0
need:1.0
ascii:1.0
editor:1.0
wonder:1.0
whether:1.0
microsoft:1.0
intend:1.6931471805599454
holdov:1.0
test:1.0
period:1.0
forgot:1.0
take:1.0
reason:1.0
think:1.0
absolut:1.0
mention:1.0
manual:1.0
onlin:1.0
help:1.0
look:1.0
like:1.0
someth:1.0
intern:1.0
kind:1.0
shame:1.0
though:1.0
would:1.0
made:1.0
nice:1.0
multi:1.0
replac:1.0
