david:1.6931471805599454
fuess:1.6931471805599454
subject:1.0
window:1.0
3:1.0
1:1.0
slower:1.0
use:1.0
do:1.0
6:1.0
organ:1.0
uc:1.0
llnl:1.6931471805599454
line:1.0
15:1.0
distribut:1.0
usa:1.0
nntp:1.0
post:1.0
host:1.0
talon:1.0
gov:1.0
articl:1.0
56720008:1.0
hplvec:1.6931471805599454
lvld:1.6931471805599454
hp:1.6931471805599454
com:1.6931471805599454
calloway:2.09861228866811
frank:1.6931471805599454
write:1.0
system:1.0
mine:1.0
either:1.0
dir:1.0
center:1.0
eec:1.0
phone:1.0
510:1.6931471805599454
423:1.0
2436:1.0
fax:1.0
422:1.0
9343:1.0
lawrenc:1.0
livermor:1.0
nation:1.0
laboratori:1.0
