masika:2.6094379124341005
bnr:2.09861228866811
ca:2.09861228866811
nichola:1.6931471805599454
subject:1.0
filemanag:2.09861228866811
strang:1.6931471805599454
size:1.0
summari:1.0
line:2.09861228866811
25:1.0
repli:1.0
organ:1.0
bell:1.6931471805599454
northern:1.6931471805599454
research:1.6931471805599454
notic:1.6931471805599454
someth:1.6931471805599454
recent:1.6931471805599454
usual:1.0
bottom:1.0
statu:1.6931471805599454
bar:1.6931471805599454
guess:1.0
display:2.6094379124341005
total:1.6931471805599454
disk:1.0
space:1.0
number:1.0
byte:3.1972245773362196
current:1.0
select:3.0794415416798357
whole:1.0
bunch:1.0
file:2.386294361119891
get:1.0
exact:1.0
count:1.6931471805599454
incorrectli:1.0
truncat:1.0
say:1.6931471805599454
532:1.6931471805599454
correctli:1.0
23:2.386294361119891
482:1.0
kbyte:1.0
893:1.6931471805599454
352:1.0
report:2.09861228866811
meg:1.0
worth:1.0
3:2.6094379124341005
356:1.0
345:1.0
got:1.0
problem:1.0
charact:1.0
system:1.0
486dx:1.0
33:1.0
8m:1.0
memori:1.0
stacker:1.0
0:1.0
do:1.0
5:1.0
win:1.0
1:1.0
run:1.0
latest:1.0
viru:1.0
scanner:1.0
scan102:1.0
f:1.0
prot:1.0
anyth:1.0
could:1.0
unknowingli:1.0
alter:1.0
control:1.0
format:1.0
filemang:1.0
ottawa:1.0
613:1.0
765:1.6931471805599454
4893:1.0
fax:1.0
4309:1.0
opc:1.0
develop:1.0
oper:1.0
