ls116:2.09861228866811
cunixa:2.386294361119891
cc:2.386294361119891
columbia:2.6094379124341005
edu:2.791759469228055
lei:2.09861228866811
shao:2.09861228866811
subject:1.0
truetyp:2.6094379124341005
font:3.302585092994046
display:2.09861228866811
print:2.9459101490553135
nntp:1.0
post:1.0
host:1.0
repli:1.0
organ:1.0
univers:1.0
distribut:1.0
na:1.0
line:1.0
31:1.0
articl:1.0
1993apr17:1.0
134725:1.0
15882:1.0
mintaka:1.0
lc:1.6931471805599454
mit:1.6931471805599454
avinash:1.6931471805599454
silver:1.0
chopd:1.0
write:2.09861228866811
instal:1.0
new:1.6931471805599454
m:1.0
window:2.386294361119891
3:1.0
1:1.0
though:1.0
applic:1.0
correctli:2.6094379124341005
screen:2.6094379124341005
quit:1.0
fail:1.0
document:1.6931471805599454
laserjet:1.6931471805599454
4:1.0
non:1.0
postscript:1.0
printer:2.386294361119891
use:2.09861228866811
coreldraw:1.6931471805599454
assum:2.09861228866811
know:1.6931471805599454
download:1.6931471805599454
accessori:1.0
squar:1.0
box:1.6931471805599454
place:1.0
charact:1.0
yet:1.0
look:1.0
manual:1.0
got:1.0
nowher:1.0
make:1.6931471805599454
statement:1.0
exactli:1.0
see:1.0
automat:1.0
appreci:1.0
help:1.0
ti:1.0
driver:1.0
avail:1.6931471805599454
cica:1.0
hp4:1.0
v108:1.0
zip:1.0
bring:1.6931471805599454
setup:1.0
control:1.0
panel:1.0
click:1.0
option:1.0
button:1.0
anoth:1.0
choic:1.0
chang:1.0
graphic:1.6931471805599454
mode:1.0
hp:1.0
gl:1.0
2:1.0
raster:1.6931471805599454
check:1.0
choos:1.0
abl:1.0
good:1.0
luck:1.0
