mcbride:2.6094379124341005
ohsu:2.09861228866811
edu:2.6094379124341005
ginni:1.6931471805599454
subject:1.0
trumpet:2.09861228866811
window:2.09861228866811
news:1.0
reader:1.0
articl:2.09861228866811
126:1.0
organ:1.0
oregon:1.6931471805599454
health:1.6931471805599454
scienc:1.6931471805599454
univers:1.6931471805599454
line:1.0
31:1.0
nntp:1.0
post:1.0
host:1.0
137:1.0
53:1.0
60:1.0
24:1.0
ashok:2.791759469228055
653:1.0
0:1.0
biochemistri:2.386294361119891
cwru:2.386294361119891
aiyar:1.6931471805599454
write:2.386294361119891
1993apr21:1.0
082430:1.0
liri:1.6931471805599454
tew:1.6931471805599454
kuleuven:1.6931471805599454
ac:1.6931471805599454
wimvh:1.0
wim:1.0
van:1.0
holder:1.0
statu:1.0
use:1.6931471805599454
socket:1.0
stuff:1.0
delet:1.0
current:1.0
wintrumpet:1.6931471805599454
late:1.0
beta:1.0
look:1.0
like:1.0
excel:1.0
product:1.0
sever:1.0
featur:1.0
beyond:1.0
do:1.0
version:1.6931471805599454
support:1.0
tcp:1.0
novel:1.0
lwp:1.0
also:1.0
direct:1.0
packet:1.0
driver:1.0
peopl:1.0
di:1.0
pkt:1.0
shim:1.0
mail:1.0
depart:1.0
tel:1.0
216:1.6931471805599454
368:1.6931471805599454
3300:1.0
school:1.0
medicin:1.0
cleveland:1.0
ohio:1.0
fax:1.0
4544:1.0
gon:1.0
na:1.0
cost:1.0
network:1.0
technic:1.0
servic:1.0
purpos:1.0
inflat:1.0
weak:1.0
idea:1.0
obscur:1.0
poor:1.0
reason:1.0
inhibit:1.0
clariti:1.0
littl:1.0
practic:1.0
intimid:1.0
impenetr:1.0
fog:1.0
academia:1.0
come:1.0
calvin:1.0
hobb:1.0
