gmill:1.0
chemic:1.0
watstar:1.0
uwaterloo:1.0
ca:1.0
phil:1.6931471805599454
trodwel:1.6931471805599454
subject:1.0
cica:1.6931471805599454
mirror:1.6931471805599454
line:1.0
10:1.0
organ:1.0
univers:1.0
waterloo:1.0
ftp:1.0
indiana:1.0
edu:1.0
anywar:1.0
busi:1.0
thank:1.0
space:1.0
happi:1.0
ram:1.0
goddam:1.0
440:1.0
volt:1.0
cattl:1.0
rent:1.0
prod:1.0
tub:1.0
right:1.0
cheap:1.0
radio:1.0
hunter:1.0
thompson:1.0
