thoma:2.6094379124341005
datamark:2.09861228866811
co:1.6931471805599454
nz:2.386294361119891
beagl:1.6931471805599454
subject:1.0
winqvtnet:1.0
ndi:2.09861228866811
token:1.6931471805599454
ring:1.6931471805599454
organ:1.0
intern:1.0
ltd:1.0
line:1.0
14:1.0
articl:1.0
1993apr21:1.0
082152:1.0
liri:1.6931471805599454
tew:1.6931471805599454
kuleuven:1.6931471805599454
ac:1.6931471805599454
wimvh:1.0
wim:1.0
van:1.0
holder:1.0
write:1.0
possibl:1.0
use:2.09861228866811
winqvt:1.0
net:1.0
machin:1.0
connect:1.0
tri:1.0
older:1.0
version:1.0
3:1.0
2:1.0
got:1.0
invalid:1.0
packet:1.6931471805599454
class:1.0
error:1.0
someth:1.0
like:1.0
attempt:1.0
di:1.0
pkt9:1.0
program:1.0
provid:1.0
driver:1.6931471805599454
top:1.0
work:1.6931471805599454
64:1.6931471805599454
4:1.6931471805599454
233:1.0
8186:1.0
technic:1.0
writer:1.0
cavebb:1.0
welli:1.0
gen:1.0
home:1.0
499:1.0
3832:1.0
wellington:1.0
hound:1.0
hire:1.0
dog:1.0
biscuit:1.0
