ak333:2.09861228866811
cleveland:2.386294361119891
freenet:2.09861228866811
edu:2.6094379124341005
martin:1.6931471805599454
linsenbigl:1.6931471805599454
subject:1.0
emm386:2.6094379124341005
exe:2.386294361119891
window:2.6094379124341005
dos6:2.09861228866811
organ:1.0
case:1.0
western:1.0
reserv:1.0
univers:1.6931471805599454
oh:1.0
usa:1.0
line:1.0
37:1.0
repli:1.0
nntp:1.0
post:1.0
host:1.0
hela:1.0
in:1.0
cwru:1.0
previou:1.0
articl:1.0
rudim:1.0
c:1.6931471805599454
kuleuven:1.0
ac:1.0
rudi:1.6931471805599454
maelbranck:1.0
say:1.0
creat:1.0
perman:1.0
swap:1.6931471805599454
file:1.6931471805599454
7771kb:1.0
win3:1.6931471805599454
1:1.6931471805599454
recommend:1.6931471805599454
32bit:1.0
access:1.0
use:2.6094379124341005
startup:1.0
6689k:1.0
memori:2.386294361119891
free:1.6931471805599454
leav:1.0
config:1.0
sy:1.0
9935k:1.0
11769k:1.0
think:1.0
need:2.09861228866811
noem:1.0
let:1.0
expand:1.0
mem:1.6931471805599454
activ:1.0
therefor:1.0
give:1.0
extend:1.0
yet:1.0
base:1.0
cover:1.0
memmak:1.0
4mb:1.0
intern:1.0
486dx:1.0
familiar:1.0
anybodi:1.0
know:1.0
happen:1.0
possibl:1.0
win:1.0
umb:1.6931471805599454
manag:1.0
virtual:1.0
true:1.0
find:1.0
without:1.0
includ:1.0
suspici:1.0
part:1.0
optim:1.0
do:1.6931471805599454
environ:1.6931471805599454
develop:1.0
applic:1.0
program:1.0
ya:1.0
artin:1.6931471805599454
commun:1.0
sent:1.0
arizona:1.6931471805599454
tucson:1.0
mlinsenb:1.6931471805599454
ccit:1.0
arizvm:1.0
death:1.0
dead:1.0
2:1.0
000:1.0
year:1.0
follow:1.0
king:1.6931471805599454
