kasajian:1.6931471805599454
netcom:1.6931471805599454
com:1.6931471805599454
kenneth:1.0
subject:1.0
use:2.09861228866811
mous:2.6094379124341005
non:1.6931471805599454
window:2.9459101490553135
applic:2.09861228866811
m:1.6931471805599454
organ:1.0
line:1.6931471805599454
commun:1.0
servic:1.0
408:1.0
241:1.0
9760:1.0
guest:1.0
23:1.0
wnkretz:1.6931471805599454
ikesg1:1.6931471805599454
energietechnik:1.6931471805599454
uni:1.6931471805599454
stuttgart:2.386294361119891
de:1.6931471805599454
oliv:1.6931471805599454
kretzschmar:1.6931471805599454
write:1.0
hey:1.0
could:1.0
somebodi:1.0
tell:1.0
possibl:1.0
work:1.0
run:1.6931471805599454
3:1.0
1:1.0
clipper:1.0
exist:1.0
routin:1.0
someth:1.0
el:1.0
plea:1.0
mail:1.0
inform:1.0
thank:1.0
effort:1.0
name:1.0
inst:1.0
ike:1.0
univers:1.0
phone:1.0
49:1.6931471805599454
711:1.6931471805599454
685:1.6931471805599454
2130:1.0
pfaffenwaldr:1.0
31:1.0
fax:1.0
2010:1.0
7000:1.0
80:1.0
email:1.0
simpl:1.0
sy:1.0
load:1.6931471805599454
do:1.0
note:1.0
need:1.0
file:1.0
