subject:1.0
cornerston:2.09861228866811
dualpag:1.6931471805599454
driver:1.6931471805599454
want:1.0
tkelder:1.6931471805599454
ebc:2.09861228866811
ee:2.09861228866811
toni:1.0
kelder:1.6931471805599454
nntp:1.0
post:1.0
host:1.0
kask:1.6931471805599454
x:1.0
newsread:1.0
tin:1.0
version:1.0
1:2.09861228866811
pl8:1.0
line:1.6931471805599454
13:1.6931471805599454
look:1.0
window:1.0
3:1.0
technolog:1.0
inc:1.0
video:1.0
card:1.0
anybodi:1.0
know:1.0
one:1.0
thank:1.0
info:1.0
ni:1.6931471805599454
estonian:1.0
biocentr:1.0
