mjuric:1.6931471805599454
aisun1:1.6931471805599454
ai:2.386294361119891
uga:2.09861228866811
edu:2.09861228866811
mark:1.6931471805599454
juric:1.6931471805599454
msai:1.0
subject:1.0
printer:2.09861228866811
secur:1.6931471805599454
keyword:1.0
attack:1.0
midnight:1.0
phantom:1.0
user:1.0
rack:1.0
100:1.0
util:1.0
allow:1.0
multipl:1.0
password:1.0
access:1.0
nntp:1.0
post:1.0
host:1.0
organ:1.0
program:1.6931471805599454
univers:1.6931471805599454
georgia:2.09861228866811
athen:1.6931471805599454
line:1.0
8:1.0
30602:1.0
