jpaparel:1.0
c:1.0
ulowel:1.0
edu:1.0
joseph:1.0
paparella:1.0
subject:1.0
cica:1.0
mirror:1.0
organ:1.0
uma:1.0
lowel:1.0
comput:1.0
scienc:1.0
line:1.0
2:1.0
find:1.0
alway:1.6931471805599454
almost:1.0
anyway:1.0
busi:1.0
dial:1.0
tri:1.6931471805599454
repeatedli:1.0
usual:1.0
5:1.0
15:1.0
get:1.0
connect:1.0
