bca:2.09861228866811
ece:2.09861228866811
cmu:2.386294361119891
edu:2.09861228866811
brian:2.09861228866811
c:1.6931471805599454
anderson:2.09861228866811
subject:1.0
trnasfer:1.0
binari:2.09861228866811
file:2.9459101490553135
termin:2.386294361119891
unix:1.6931471805599454
origin:1.0
packard:1.0
keyword:1.0
kermit:2.09861228866811
line:1.0
15:1.0
repli:1.0
organ:1.0
electr:1.0
comput:1.6931471805599454
engin:1.0
carnegi:1.0
mellon:1.0
distribut:1.0
ti:1.0
attempt:1.0
transfer:2.09861228866811
home:2.09861228866811
run:1.6931471805599454
window:1.0
3:1.0
1:1.0
workstat:1.6931471805599454
school:2.386294361119891
protocol:2.09861228866811
set:1.0
unabl:1.0
upload:1.0
download:1.6931471805599454
display:1.0
ther:1.0
retri:1.0
messag:1.6931471805599454
sever:1.0
time:1.0
verifi:1.0
use:1.0
correct:1.0
tanyon:1.0
idea:1.0
fix:1.0
either:1.0
e:1.0
mail:1.0
post:1.0
group:1.0
thank:1.0
advanc:1.0
go:1.0
pen:1.0
make:1.0
14:1.0
row:1.0
