pmhudepo:1.0
c:1.0
vu:2.09861228866811
nl:1.0
hudepohl:1.6931471805599454
pmj:1.0
subject:1.0
search:1.6931471805599454
phonet:2.09861228866811
font:2.09861228866811
organ:1.0
fac:1.0
wiskund:1.0
informatica:1.0
amsterdam:1.6931471805599454
line:1.0
23:1.0
weidlich:2.386294361119891
arb:1.6931471805599454
phi:1.6931471805599454
uni:1.6931471805599454
dortmund:2.09861228866811
de:1.6931471805599454
write:1.0
truetyp:1.0
window:1.0
3:1.0
1:1.0
anybodi:1.0
know:1.6931471805599454
one:1.6931471805599454
plea:1.6931471805599454
mail:1.6931471805599454
thank:1.6931471805599454
dw:1.0
dipl:1.0
inform:1.0
dietmar:1.0
ifado:1.0
ardeystr:1.0
67:1.0
4600:1.0
50:1.0
phone:1.0
49:1.6931471805599454
231:1.6931471805599454
1084:1.6931471805599454
250:1.0
dr:1.0
b:1.0
koennten:1.0
sie:1.0
da:1.0
fax:1.0
401:1.0
mal:1.0
eben:1.0
erledigen:1.0
ye:1.0
look:1.0
advanc:1.0
patrick:1.0
netherland:1.0
