gmill:1.0
chemic:1.0
watstar:1.0
uwaterloo:1.0
ca:1.0
phil:1.6931471805599454
trodwel:1.6931471805599454
subject:1.6931471805599454
vb:1.0
decompil:1.0
line:1.0
9:1.0
organ:1.0
univers:1.0
waterloo:1.0
say:1.0
exist:1.0
sharewar:1.0
space:1.0
happi:1.0
ram:1.0
goddam:1.0
440:1.0
volt:1.0
cattl:1.0
rent:1.0
prod:1.0
tub:1.0
right:1.0
cheap:1.0
radio:1.0
hunter:1.0
thompson:1.0
