cac2g:1.0
virginia:1.6931471805599454
edu:1.0
wing:1.0
command:1.0
subject:1.0
cool:1.0
bmp:1.6931471805599454
file:1.6931471805599454
organ:1.0
univers:1.0
distribut:1.0
usa:1.0
line:1.0
4:1.0
anybodi:1.6931471805599454
gotten:1.0
work:1.0
tri:1.0
uudecod:1.0
get:1.0
input:1.0
error:1.0
pictur:1.0
casey:1.0
