sat:2.386294361119891
eng:2.386294361119891
tridom:2.9459101490553135
com:2.9459101490553135
stephen:1.6931471805599454
thoma:1.6931471805599454
subject:1.0
use:2.386294361119891
mous:3.0794415416798357
non:1.6931471805599454
window:3.302585092994046
applic:2.09861228866811
m:1.6931471805599454
nntp:1.0
post:1.0
host:1.0
nut:1.0
repli:1.0
organ:1.0
line:1.0
42:1.0
articl:1.0
12328:1.0
ucsu:1.6931471805599454
colorado:1.6931471805599454
edu:1.6931471805599454
gonzal:1.0
lgv:1.0
mc:1.0
write:2.09861228866811
kasajian:1.6931471805599454
netcom:1.0
kenneth:1.0
wnkretz:1.6931471805599454
ikesg1:1.6931471805599454
energietechnik:1.6931471805599454
uni:1.6931471805599454
stuttgart:2.386294361119891
de:1.6931471805599454
oliv:1.6931471805599454
kretzschmar:1.6931471805599454
hey:1.0
could:1.6931471805599454
somebodi:1.0
tell:1.0
possibl:1.0
work:1.6931471805599454
run:1.6931471805599454
3:1.6931471805599454
1:2.09861228866811
clipper:1.0
exist:1.0
routin:1.0
someth:1.0
el:1.0
plea:1.0
mail:1.0
inform:1.0
thank:1.0
effort:1.0
name:1.0
inst:1.0
ike:1.0
univers:1.0
phone:1.0
49:1.6931471805599454
711:1.6931471805599454
685:1.6931471805599454
2130:1.0
pfaffenwaldr:1.0
31:1.0
fax:1.0
2010:1.0
7000:1.0
80:1.0
email:1.6931471805599454
simpl:1.0
sy:1.0
load:1.6931471805599454
do:2.09861228866811
note:1.0
need:1.0
file:1.0
one:1.0
addit:1.0
know:1.0
appli:1.0
everybodi:1.0
microsoft:1.6931471805599454
400dpi:1.0
app:1.0
driver:1.6931471805599454
came:1.0
version:1.6931471805599454
8:2.09861228866811
20:1.6931471805599454
allow:1.0
reason:1.0
never:1.0
find:1.0
instal:1.0
disk:1.0
6:1.0
0:1.0
also:1.0
404:1.0
514:1.0
3522:1.0
attmail:1.0
