nntp:1.0
post:1.0
host:1.0
fac:1.0
csr:1.6931471805599454
byu:2.386294361119891
edu:2.386294361119891
line:1.0
24:1.0
eckton:2.386294361119891
uc:1.6931471805599454
sean:1.6931471805599454
subject:1.0
mous:3.0794415416798357
jumpi:1.0
m:1.0
organ:1.0
fine:1.6931471805599454
art:1.6931471805599454
commun:1.6931471805599454
brigham:1.6931471805599454
young:1.6931471805599454
univers:1.6931471805599454
microsoft:1.6931471805599454
serial:1.0
use:1.6931471805599454
com:1.0
8:2.09861228866811
00:1.6931471805599454
20:1.0
think:1.6931471805599454
switch:1.0
see:1.0
better:1.0
vertic:1.0
motion:2.09861228866811
nice:1.0
smooth:1.0
horizont:1.0
bad:1.0
sometim:1.0
click:1.0
someth:1.0
jump:2.09861228866811
around:1.0
move:2.09861228866811
right:1.6931471805599454
rel:1.0
uniform:1.0
smoothli:1.6931471805599454
bit:1.6931471805599454
mayb:1.0
time:1.0
left:1.0
5:1.0
inch:1.0
crazi:1.0
never:1.0
much:1.0
troubl:1.0
anyon:1.0
solut:1.0
everyon:1.0
vent:1.0
steam:1.0
comput:1.0
support:1.0
repres:1.0
colleg:1.0
406:1.0
hfac:1.6931471805599454
provo:1.0
ut:1.0
84602:1.0
801:1.0
378:1.0
3292:1.0
