jfb:1.0
cci632:1.0
cci:1.0
com:1.0
john:1.6931471805599454
bruno:1.6931471805599454
subject:1.0
m:1.6931471805599454
window:2.386294361119891
access:1.6931471805599454
blind:1.6931471805599454
organ:1.0
comput:1.0
consol:1.0
inc:1.0
rochest:1.0
ny:1.0
develop:1.0
base:1.0
product:1.6931471805599454
use:1.0
full:1.0
screen:1.0
display:1.0
24:1.0
row:1.0
textual:1.0
data:1.6931471805599454
microsoft:1.0
enabl:1.0
individu:1.0
effici:1.0
quickli:1.0
plea:1.0
email:1.0
respons:1.0
post:1.0
summari:1.0
group:1.0
thank:1.0
help:1.0
