subject:1.0
postscript:1.6931471805599454
file:1.6931471805599454
viewer:1.0
bmartin:1.6931471805599454
bb:1.6931471805599454
ug:1.0
ed:1.6931471805599454
com:1.0
organ:1.0
canada:1.0
nntp:1.6931471805599454
post:1.6931471805599454
host:1.0
user:1.0
line:1.0
7:1.0
co:1.0
worker:1.0
mine:1.0
need:1.0
convert:1.0
form:1.0
readabl:1.0
ie:1.0
ascii:1.0
window:1.0
do:1.0
anybodi:1.0
know:1.0
util:1.6931471805599454
vagu:1.0
memori:1.0
sharewar:1.0
someon:1.0
mention:1.0
thank:1.0
info:1.0
barri:1.0
