jeremi:1.0
ee:1.6931471805599454
ualberta:1.6931471805599454
ca:1.6931471805599454
william:1.0
jeremiah:1.0
subject:1.0
look:2.09861228866811
printer:1.6931471805599454
driver:1.6931471805599454
nntp:1.0
post:1.0
host:1.0
bode:1.0
organ:1.0
univers:1.0
alberta:1.0
edmonton:1.0
canada:1.0
line:1.0
8:1.0
c:1.0
itoh:1.0
window:1.0
3:1.0
1:1.0
anybodi:1.0
happen:1.0
know:1.0
could:1.0
find:1.0
beast:1.0
thank:1.0
advanc:1.0
jerri:1.0
signatur:1.0
