slc:2.09861228866811
a2:1.0
cim:1.6931471805599454
cdc:2.09861228866811
com:2.09861228866811
steve:1.6931471805599454
chesney:1.6931471805599454
x4662:1.0
subject:1.0
diamond:1.6931471805599454
s:1.0
24x:1.6931471805599454
repli:1.6931471805599454
organ:1.0
metaphas:1.6931471805599454
technolog:1.6931471805599454
inc:1.6931471805599454
line:2.09861228866811
23:1.0
articl:1.0
1993apr22:1.0
085129:1.0
554:1.0
condor:1.6931471805599454
navss:1.6931471805599454
navi:1.6931471805599454
mil:1.6931471805599454
zimm:1.0
write:1.0
greet:1.0
bunch:1.0
problem:1.6931471805599454
open:1.0
do:1.6931471805599454
window:2.791759469228055
desktop:1.6931471805599454
occasion:1.0
result:1.0
blow:1.0
set:1.6931471805599454
horizont:1.0
hash:1.0
entir:1.0
noth:1.0
recov:1.0
except:1.0
complet:1.0
exit:1.0
irrit:1.0
scroll:1.6931471805599454
often:1.0
overwrit:1.0
rather:1.0
actual:1.0
post:1.0
similar:1.0
queri:1.0
got:1.0
test:1.0
far:1.0
good:1.0
turn:1.0
hardwar:1.0
go:1.0
24xmode:1.0
scrolloff:1.0
pif:1.0
file:1.0
emul:1.0
text:1.0
mode:1.0
get:1.0
latest:1.0
driver:1.0
bb:1.0
cica:1.0
date:1.0
1:1.0
20:1.0
9:1.0
catherin:1.0
612:1.6931471805599454
482:1.6931471805599454
4662:1.0
voic:1.0
4233:1.0
north:1.0
lexington:1.0
avenu:1.0
4001:1.0
fax:1.0
arden:1.0
hill:1.0
mn:1.0
55126:1.0
