mhembruc:1.6931471805599454
tsegw:1.6931471805599454
tse:2.09861228866811
com:1.6931471805599454
mattia:2.09861228866811
hembruch:1.6931471805599454
subject:1.0
telix:2.386294361119891
problem:1.6931471805599454
articl:1.0
c5w3hd:1.0
jiv:1.0
organ:1.0
toronto:1.0
stock:1.0
exchang:1.0
line:1.0
20:1.0
derick:1.6931471805599454
plain:1.6931471805599454
nodak:1.6931471805599454
edu:1.6931471805599454
dale:1.6931471805599454
erickson:1.6931471805599454
write:1.0
use:1.6931471805599454
kermit:1.0
win:1.0
3:1.0
1:1.0
exit:1.0
window:1.6931471805599454
do:1.0
find:1.6931471805599454
serial:1.6931471805599454
port:2.09861228866811
idea:1.0
solv:1.0
inform:1.0
send:1.6931471805599454
email:1.0
news:1.0
group:1.0
thank:1.0
may:1.0
defin:1.0
think:1.0
control:1.0
panel:1.0
option:1.0
view:1.0
necessarili:1.0
reflect:1.0
e:1.0
mail:1.0
