sharp:1.6931471805599454
mizar:2.09861228866811
usc:1.6931471805599454
edu:1.6931471805599454
malcolm:1.6931471805599454
subject:1.0
trumpet:1.6931471805599454
window:1.0
news:1.0
reader:1.0
articl:1.0
1r74aa:1.0
d7l:1.0
organ:1.0
univers:1.0
southern:1.0
california:1.0
lo:1.0
angel:1.0
ca:1.0
line:1.0
5:1.0
nntp:1.0
post:1.0
host:1.0
ftp:1.0
site:1.0
wuarchiv:1.0
umich:1.0
someth:1.0
beaten:1.0
path:1.0
thank:1.0
