pwb:2.09861228866811
aerg:1.6931471805599454
canberra:2.6094379124341005
edu:2.09861228866811
au:2.6094379124341005
paul:1.6931471805599454
blackman:1.6931471805599454
subject:1.0
workspac:2.09861228866811
manag:1.6931471805599454
win:1.0
3:1.6931471805599454
1:2.09861228866811
organ:1.0
univers:1.6931471805599454
line:1.0
26:1.0
articl:1.0
1r5uml:1.0
620:1.0
werpl:1.0
apana:1.6931471805599454
org:1.6931471805599454
jami:1.6931471805599454
zikzak:1.0
scuglia:1.0
write:1.6931471805599454
window:1.6931471805599454
tri:1.0
workshift:2.386294361119891
karl:2.09861228866811
thoreddson:1.0
latest:1.0
version:1.6931471805599454
2:1.6931471805599454
0:1.6931471805599454
later:1.0
follow:1.0
cica:1.0
desktop:1.6931471805599454
directori:1.0
wrksft16:1.0
zip:1.0
graphic:1.0
virtual:1.0
ver:1.0
6:1.6931471805599454
email:1.6931471805599454
ask:1.0
put:1.0
karlth:1.0
rhi:1.0
hi:1.0
m:1.0
file:1.0
v1:1.0
beta:1.0
tester:1.0
must:1.0
say:1.6931471805599454
good:1.0
gain:1.0
noth:1.0
even:1.0
rememb:1.0
said:1.0
session:1.0
thank:1.0
advanc:1.0
welcom:1.0
scienc:1.6931471805599454
water:1.0
research:1.0
centr:1.0
faculti:1.0
appli:1.0
australia:1.0
spend:1.0
littl:1.0
love:1.0
get:1.0
high:1.0
lenni:1.0
kravitz:1.0
