gay:2.386294361119891
venic:2.09861228866811
sedd:1.6931471805599454
trw:2.386294361119891
com:1.6931471805599454
lanc:1.6931471805599454
subject:1.0
environ:2.9459101490553135
space:2.386294361119891
run:2.6094379124341005
bat:2.791759469228055
file:2.9459101490553135
window:2.09861228866811
articl:1.0
1993apr23:1.0
005117:1.0
21582:1.0
organ:1.0
system:1.6931471805599454
engin:1.6931471805599454
develop:1.6931471805599454
divis:1.0
carson:1.6931471805599454
ca:1.6931471805599454
line:1.6931471805599454
17:1.0
icon:1.6931471805599454
set:2.386294361119891
pif:1.6931471805599454
exclus:1.0
mode:1.6931471805599454
use:1.6931471805599454
entir:1.0
screen:1.0
first:1.0
variabl:1.6931471805599454
problem:1.6931471805599454
machin:1.6931471805599454
m:1.6931471805599454
do:2.09861228866811
5:1.0
0:1.0
3:1.0
1:1.0
enhanc:1.0
command:1.6931471805599454
fail:2.09861228866811
error:1.0
rais:1.0
amount:1.0
2048:1.0
byte:1.0
shell:1.6931471805599454
config:1.0
sy:1.0
know:1.0
nowher:1.0
near:1.0
click:1.0
creat:1.0
bunch:1.0
varibl:1.0
valu:1.0
anyon:1.0
seen:1.0
behavior:1.0
see:1.0
place:1.0
configur:1.0
j:1.0
internet:1.0
div:1.0
phone:1.0
310:1.0
764:1.0
3988:1.0
90746:1.0
