bkph:1.0
kauai:1.6931471805599454
ai:1.6931471805599454
mit:2.09861228866811
edu:2.6094379124341005
berthold:1.0
k:1.0
p:2.9459101490553135
horn:1.0
subject:1.0
atm:2.09861228866811
articl:1.6931471805599454
life:1.0
1r6m6hinng6b:1.0
organ:1.0
artifici:1.0
intellig:1.0
lab:1.0
line:1.0
29:1.0
nntp:1.0
post:1.0
host:1.0
repli:1.0
down:2.386294361119891
helio:2.09861228866811
nevada:2.09861228866811
messag:1.0
wed:1.0
21:1.0
apr:1.0
1993:1.0
20:1.6931471805599454
28:1.0
gmt:1.0
220:1.0
735423628:1.0
lamont:1.0
write:1.0
good:2.6094379124341005
diff:1.0
whether:1.0
atmanag:1.0
turn:1.0
worth:1.0
run:1.6931471805599454
especi:1.0
better:1.0
printer:2.6094379124341005
technolog:1.0
tt:2.09861228866811
font:3.0794415416798357
avail:1.0
want:1.0
use:2.791759469228055
otherwis:1.0
wast:1.0
system:1.0
resourc:1.0
need:1.0
servic:1.0
bureau:1.0
set:2.09861228866811
type:2.09861228866811
1:2.09861228866811
heard:1.0
pure:1.0
hearsay:1.0
result:2.6094379124341005
output:1.6931471805599454
high:1.0
qualiti:1.0
first:1.0
place:1.0
unless:1.0
print:2.09861228866811
file:2.09861228866811
correct:1.0
resolut:2.386294361119891
final:1.0
devic:2.09861228866811
imag:1.6931471805599454
setter:1.6931471805599454
problem:1.0
window:1.0
get:1.0
convert:1.0
t1:1.6931471805599454
format:1.0
ok:1.0
hint:1.6931471805599454
even:1.0
done:1.0
work:1.0
fine:1.0
assum:1.0
driver:1.6931471805599454
gener:1.0
look:1.0
differ:1.6931471805599454
attach:1.0
may:1.6931471805599454
quit:1.0
take:1.0
made:1.0
