dave:1.6931471805599454
angmar:1.6931471805599454
llnl:2.09861228866811
gov:1.6931471805599454
fuess:1.6931471805599454
subject:1.0
winqvt:2.09861228866811
net:1.6931471805599454
v3:1.0
4:1.6931471805599454
articl:1.6931471805599454
lorien:1.0
354:1.0
distribut:1.0
usa:1.0
organ:1.0
uc:1.0
line:1.0
11:1.0
nntp:1.0
post:1.0
host:1.0
earlier:1.0
newsgroup:1.0
made:1.0
refer:1.0
version:1.0
3:1.0
reali:1.0
tri:1.0
archi:1.0
luck:1.0
probabl:1.0
typo:1.0
sure:1.0
would:1.0
like:1.0
get:1.0
one:1.0
real:1.0
printer:1.0
problem:1.0
david:1.0
dir:1.0
center:1.0
eec:1.0
phone:1.0
510:1.6931471805599454
423:1.0
2436:1.0
fax:1.0
422:1.0
9343:1.0
