55526:1.0
brahm:1.6931471805599454
udel:1.6931471805599454
edu:2.09861228866811
oliv:2.09861228866811
p:1.0
weatherbe:1.6931471805599454
subject:1.0
new:1.6931471805599454
window:1.6931471805599454
driver:2.6094379124341005
cirru:2.386294361119891
gd5426:1.6931471805599454
graphic:2.386294361119891
card:2.9459101490553135
articl:1.0
news:1.0
c5x27u:1.0
d4f:1.0
organ:1.0
univers:1.0
delawar:1.0
line:1.0
42:1.0
nntp:1.0
post:1.0
host:1.0
upload:2.09861228866811
recent:1.6931471805599454
chip:1.0
base:1.6931471805599454
display:1.0
directori:1.0
ftp:1.6931471805599454
cica:1.6931471805599454
indiana:1.0
file:1.0
5426dr13:1.0
zip:1.6931471805599454
download:1.0
bb:1.0
570:1.0
226:1.0
2365:1.0
last:1.0
night:1.0
unabl:1.0
get:2.09861228866811
email:1.0
mayb:1.0
site:1.6931471805599454
well:1.0
local:1.6931471805599454
bu:1.6931471805599454
vl24:1.6931471805599454
bitblast:1.6931471805599454
micron:1.6931471805599454
think:2.09861228866811
work:1.0
isa:1.0
least:1.6931471805599454
includ:1.6931471805599454
found:1.6931471805599454
signific:1.0
improv:1.6931471805599454
1:1.0
2:1.6931471805599454
version:1.0
winmark:1.6931471805599454
v3:1.0
11:2.09861228866811
million:1.0
7:1.0
77:1.0
9:2.09861228866811
88:1.6931471805599454
although:1.0
could:1.0
result:1.0
intent:1.0
benchmark:1.0
cheat:1.0
part:1.0
steve:1.6931471805599454
gibson:1.6931471805599454
columnist:1.0
info:1.0
world:1.0
comparison:1.6931471805599454
also:1.0
name:1.0
winadv:1.0
extract:1.0
follow:1.0
sake:1.0
twintach:1.0
twinbn3:1.0
tword:1.0
tsprsht:1.0
tcad:1.0
tpaint:1.0
toveral:1.0
system:2.386294361119891
486:1.0
33:2.09861228866811
vlb:1.6931471805599454
ati:1.6931471805599454
ultra:1.0
pro:1.0
t10:1.0
34:1.0
20:1.0
78:1.0
t8:1.0
28:1.0
t14:1.0
90:1.0
13:1.6931471805599454
58:1.0
486sx:1.0
8:1.0
65:1.6931471805599454
71:1.0
t18:1.0
84:1.0
t15:1.0
40:1.0
viper:1.0
hell:1.0
deal:1.0
third:1.0
cost:1.0
compar:1.0
review:1.0
owner:1.0
would:1.0
interest:1.0
hear:1.0
opinion:1.0
dtc:1.0
2270vl:1.0
disk:2.09861228866811
control:1.0
came:1.0
maxtor:1.0
7120:1.0
drive:1.0
120:1.0
mb:1.0
first:1.0
give:1.0
16:1.0
kb:1.6931471805599454
22:1.0
good:1.0
norton:1.0
sysinfo:1.0
read:1.0
contol:1.0
intercept:1.0
call:1.0
program:1.0
said:1.0
earthview:1.0
