jenkinch:1.0
ccmail:1.0
orst:1.6931471805599454
edu:1.6931471805599454
subject:1.0
adaptec:1.0
scsi:1.0
devic:1.0
driver:1.0
win3:1.0
1:1.6931471805599454
organ:1.0
univers:1.0
comput:1.0
servic:1.0
osu:1.0
line:1.0
distribut:1.0
world:1.0
nntp:1.0
post:1.0
host:1.0
jenkinsc:1.0
ad:1.0
