eckton:2.386294361119891
uc:1.6931471805599454
byu:2.6094379124341005
edu:2.386294361119891
sean:1.6931471805599454
subject:1.0
canon:1.6931471805599454
bj200:1.0
bubblejet:1.6931471805599454
hp:2.386294361119891
deskjet:2.09861228866811
500:1.6931471805599454
keyword:1.0
printer:2.386294361119891
articl:1.0
c:1.0
organ:1.0
fine:1.6931471805599454
art:1.6931471805599454
commun:1.6931471805599454
brigham:1.6931471805599454
young:1.6931471805599454
univers:1.6931471805599454
line:1.0
27:1.0
nntp:1.0
post:1.0
host:1.0
fac:1.0
csr:1.6931471805599454
slow:1.0
comparison:1.0
mention:1.0
idea:1.0
compar:2.09861228866811
interfac:1.0
win3:1.0
1:1.0
dandi:1.0
problem:1.6931471805599454
bought:1.0
bj:1.6931471805599454
200:1.6931471805599454
coupl:1.0
day:1.0
ago:1.0
sampl:1.0
print:1.6931471805599454
knew:1.0
pretti:1.0
fast:1.6931471805599454
realli:1.6931471805599454
good:1.6931471805599454
qualiti:1.0
laserjet:1.0
iiid:1.0
postscript:1.0
look:1.0
almost:1.0
ident:1.0
depend:1.0
kind:1.0
paper:1.0
ink:1.0
dri:1.6931471805599454
seem:1.0
probabl:1.0
within:1.0
second:1.0
sinc:1.0
give:1.0
50:1.0
rebat:1.0
end:1.0
may:1.0
buy:1.0
comput:1.0
support:1.0
repres:1.0
colleg:1.0
406:1.0
hfac:1.6931471805599454
provo:1.0
ut:1.0
84602:1.0
801:1.0
378:1.0
3292:1.0
