sdoran:1.0
matt:2.09861228866811
ksu:2.791759469228055
edu:2.09861228866811
steven:2.09861228866811
marcott:1.6931471805599454
subject:1.0
data:1.6931471805599454
corrupt:1.0
organ:1.0
kansa:1.0
state:1.0
univers:1.0
line:1.0
31:1.0
nntp:1.0
post:1.0
host:1.0
quit:1.0
window:3.5649493574615367
normal:1.0
run:2.6094379124341005
special:1.6931471805599454
do:2.791759469228055
app:1.6931471805599454
got:1.6931471805599454
done:1.0
tri:1.0
start:2.09861228866811
ok:2.09861228866811
titl:2.09861228866811
screen:2.09861228866811
background:2.386294361119891
error:1.6931471805599454
load:1.0
progman:2.09861228866811
exe:2.09861228866811
hum:1.6931471805599454
yep:1.0
still:1.0
must:1.0
bad:1.0
pull:1.0
backup:1.0
tape:1.0
get:1.0
fire:1.6931471805599454
good:1.0
ol:1.0
norton:1.0
disk:1.6931471805599454
doctor:1.0
test:1.0
500:1.0
lost:2.09861228866811
cluster:2.09861228866811
fix:1.6931471805599454
look:1.6931471805599454
import:1.0
remov:1.0
directori:1.0
reinstal:1.0
program:1.0
manag:1.6931471805599454
success:1.0
486:1.0
50:1.0
ami:1.6931471805599454
4:1.0
meg:2.09861228866811
ram:1.0
120:1.0
hd:1.0
svga:1.0
5:1.0
0:1.0
memori:1.0
stuff:1.0
basic:1.0
3:1.0
1:1.0
12:1.0
perman:1.0
swap:1.0
file:1.0
use:2.09861228866811
32:1.0
bit:1.0
access:1.0
mainli:1.0
one:1.0
time:1.0
ie:1.0
download:1.0
qmodem:1.0
open:1.0
possibl:1.0
pov:1.0
notic:1.0
sinc:1.0
month:1.0
ago:1.0
gotten:1.0
common:1.0
although:1.0
like:1.0
disappear:1.0
realli:1.0
problem:2.09861228866811
except:1.0
today:1.0
anyon:1.0
el:1.0
could:1.0
sleep:1.0
better:1.0
know:1.0
loo:1.0
marbl:1.0
tsdoran:1.0
