ashok:2.791759469228055
biochemistri:2.09861228866811
cwru:2.6094379124341005
edu:2.386294361119891
aiyar:1.6931471805599454
subject:1.0
winqvt:2.09861228866811
net:1.6931471805599454
v3:1.0
4:2.09861228866811
articl:2.09861228866811
biochemi:1.0
661:1.0
0:1.0
distribut:1.0
usa:1.0
organ:1.0
school:1.6931471805599454
medicin:1.6931471805599454
line:1.0
19:1.0
nntp:1.0
post:1.0
host:1.0
axa12:1.0
slip:1.0
dialin:1.0
354:1.0
lorien:1.0
ocf:1.0
llnl:1.6931471805599454
gov:1.6931471805599454
dave:1.6931471805599454
angmar:1.0
fuess:1.0
write:1.0
earlier:1.0
newsgroup:1.0
made:1.0
refer:1.0
version:1.6931471805599454
3:1.6931471805599454
reali:1.0
tri:1.0
archi:1.0
luck:1.0
probabl:1.0
typo:1.6931471805599454
upload:1.0
ftp:1.0
cica:1.0
indiana:1.0
coupl:1.0
day:1.0
back:1.0
sure:1.0
would:1.0
like:1.0
get:1.0
one:1.0
real:1.0
printer:1.6931471805599454
problem:1.0
use:1.0
standard:1.0
window:1.0
driver:1.0
mail:1.0
depart:1.0
tel:1.0
216:1.6931471805599454
368:1.6931471805599454
3300:1.0
cleveland:1.0
ohio:1.0
fax:1.0
4544:1.0
