santo:1.0
mickey:1.6931471805599454
ai:1.6931471805599454
kyutech:1.0
ac:1.0
jp:1.0
rafael:1.6931471805599454
subject:1.0
turbo:2.09861228866811
c:2.9459101490553135
visual:1.6931471805599454
edit:1.6931471805599454
adn:1.0
request:1.0
absolut:1.0
newbi:1.0
question:2.09861228866811
organ:1.0
kit:1.0
iizuka:1.0
dept:1.0
japan:1.0
line:1.0
52:1.0
nntp:1.0
post:1.0
host:1.0
repli:1.0
wiggin:2.386294361119891
buttercup:2.09861228866811
odu:2.09861228866811
edu:2.09861228866811
messag:1.0
fri:1.0
16:1.6931471805599454
apr:1.0
1993:1.0
06:1.0
54:1.0
gmt:1.0
articl:1.0
93apr16011654:1.0
samuel:1.0
e:2.386294361119891
write:1.0
btw:1.0
would:1.0
rate:1.0
new:1.6931471805599454
borland:2.386294361119891
window:2.09861228866811
anyon:1.0
time:1.6931471805599454
discus:1.0
mayb:1.0
ask:2.09861228866811
group:1.6931471805599454
ago:1.0
tc:2.09861228866811
got:1.6931471805599454
answer:1.6931471805599454
decid:1.0
tri:2.6094379124341005
brother:1.6931471805599454
live:1.0
u:1.0
bought:1.6931471805599454
sent:1.6931471805599454
still:1.0
get:1.0
use:2.9459101490553135
put:1.0
good:1.0
bad:1.0
point:1.0
list:1.0
consid:1.0
pascal:1.0
do:1.0
programm:1.6931471805599454
sometim:1.6931471805599454
make:2.09861228866811
someth:1.6931471805599454
unix:1.0
exercis:1.0
univers:1.0
program:1.0
microsoft:2.09861228866811
version:2.09861228866811
5:1.0
third:1.0
parti:1.0
librari:1.0
requir:1.0
like:2.09861228866811
seem:2.386294361119891
much:1.0
easier:1.0
special:1.0
debugg:1.0
learn:1.0
codeview:1.0
never:1.0
felt:1.0
confort:1.0
v:1.0
nice:1.6931471805599454
creat:1.0
simpl:1.0
app:1.0
exampl:1.6931471805599454
objectwindow:1.0
book:1.6931471805599454
far:1.6931471805599454
problem:1.0
let:1.0
see:1.0
next:1.0
week:1.0
complex:1.0
work:1.6931471805599454
even:1.0
weak:1.0
machin:1.0
386:1.0
16mhz:1.0
6:1.0
mb:1.0
ram:1.0
manual:2.6094379124341005
resourc:1.0
workshop:1.6931471805599454
differ:1.6931471805599454
appear:1.0
iten:1.0
think:1.0
run:1.0
troubl:1.0
sinc:1.0
present:1.6931471805599454
didnt:1.0
want:1.0
buy:1.0
japanes:2.09861228866811
1:1.0
suspect:1.0
2:1.0
believ:1.0
expens:1.0
send:1.0
registr:1.0
card:1.0
branch:1.0
know:1.6931471805599454
guy:1.0
around:1.6931471805599454
anybodi:1.6931471805599454
mail:1.6931471805599454
address:1.0
contact:1.0
technic:1.0
support:1.0
stupid:1.0
rw:2.09861228866811
el:1.0
petzold:1.0
intend:1.0
protogen:1.0
interfac:1.0
code:1.0
comp:1.0
o:1.0
m:1.0
tool:1.0
plea:1.0
thank:1.0
advanc:1.0
