subject:1.0
bunge:2.09861228866811
dark:2.09861228866811
modul:2.09861228866811
upload:2.386294361119891
ajbennett:1.6931471805599454
miavx1:1.6931471805599454
ac:1.6931471805599454
muohio:1.6931471805599454
edu:2.09861228866811
andrew:2.09861228866811
bennett:1.6931471805599454
organ:1.0
spandex:1.0
admir:1.0
intl:1.0
line:1.0
17:1.0
hey:1.0
folk:1.0
moment:1.0
ago:1.6931471805599454
jumper:1.0
wide:1.0
talk:1.0
time:1.0
ftp:1.6931471805599454
cica:1.0
indiana:1.0
pub:1.0
pc:1.0
win3:1.0
titl:1.0
simpli:1.0
zip:1.0
sure:1.0
set:1.0
connect:1.0
binari:1.0
mode:1.0
download:1.0
sharewar:1.0
freewar:1.0
plea:1.0
merrier:1.0
planet:1.0
