jami:1.6931471805599454
zikzak:2.09861228866811
apana:1.6931471805599454
org:1.6931471805599454
au:2.09861228866811
scuglia:1.0
subject:1.0
workspac:4.044522437723423
manag:3.4849066497880004
win:1.0
3:2.386294361119891
1:3.302585092994046
small:2.386294361119891
review:1.0
organ:1.0
public:1.0
access:1.6931471805599454
unix:1.0
melbourn:1.0
australia:1.6931471805599454
line:1.0
56:1.0
nntp:1.0
post:1.0
host:1.0
thank:1.0
peopl:1.0
recommend:1.0
window:3.5649493574615367
found:2.09861228866811
sharewar:1.0
m:1.0
archiv:1.0
monu6:1.0
cc:1.0
monash:1.0
edu:1.0
mirror:1.0
site:1.0
u:1.0
three:1.0
10:2.386294361119891
wspace:1.0
zip:2.386294361119891
smallest:1.0
simplest:1.0
easi:1.0
use:2.386294361119891
display:1.0
contain:2.386294361119891
6:2.386294361119891
button:2.791759469228055
plu:1.0
extra:1.0
configur:2.09861228866811
purpos:1.0
one:2.386294361119891
annoy:1.0
featur:2.09861228866811
titl:1.0
first:2.09861228866811
present:1.0
run:2.09861228866811
must:1.0
press:1.6931471805599454
key:1.0
mous:1.6931471805599454
thing:1.6931471805599454
go:1.0
away:1.0
also:2.09861228866811
would:1.0
nice:1.6931471805599454
alway:1.0
top:1.0
set:1.6931471805599454
littl:1.0
mayb:1.0
user:1.0
specifi:1.0
string:1.0
instead:1.6931471805599454
number:1.6931471805599454
six:1.0
might:1.0
simplic:1.0
ea:1.0
make:1.0
attract:1.0
packag:1.6931471805599454
2:2.09861228866811
workshift:2.09861228866811
wrksft16:1.0
offer:1.6931471805599454
lack:1.0
quit:2.6094379124341005
time:1.0
consum:1.0
initi:1.0
empti:1.0
need:1.6931471805599454
take:1.0
snapshot:1.0
want:1.6931471805599454
look:1.0
like:1.6931471805599454
e:1.0
applic:2.386294361119891
main:1.0
larg:1.6931471805599454
allow:2.09861228866811
view:2.791759469228055
facil:1.0
without:1.0
switch:1.0
provid:2.791759469228055
function:1.0
bigdesk:2.386294361119891
30:1.6931471805599454
backmenu:1.6931471805599454
backdesk:1.6931471805599454
interest:1.0
goodi:1.6931471805599454
well:1.0
includ:1.0
pop:1.0
root:1.0
menu:2.386294361119891
certain:1.6931471805599454
x:1.0
total:1.0
unlimit:1.0
depth:1.0
cascad:1.0
handi:1.0
could:1.0
say:1.0
base:1.0
altern:1.0
program:1.6931471805599454
bundl:1.0
call:1.6931471805599454
wrun:1.0
do:1.0
shell:1.0
file:1.0
actual:1.6931471805599454
work:1.0
differ:1.6931471805599454
two:1.6931471805599454
disjoint:1.0
separ:1.0
fact:1.0
basic:1.6931471805599454
enlarg:1.6931471805599454
desktop:2.09861228866811
amount:1.0
choos:1.0
region:1.6931471805599454
screen:1.6931471805599454
focu:1.0
mean:1.0
overlap:1.0
unlik:1.0
isol:1.0
control:1.6931471805599454
move:1.0
around:1.0
scale:1.6931471805599454
area:1.0
comput:1.0
blow:1.0
particular:1.0
section:1.0
tri:1.0
impress:1.0
find:1.0
suit:1.0
best:1.0
