lisbon:1.6931471805599454
vpnet:2.6094379124341005
chi:1.6931471805599454
il:1.6931471805599454
u:1.6931471805599454
gerri:1.6931471805599454
swetski:1.6931471805599454
subject:1.0
program:2.09861228866811
manag:1.6931471805599454
two:1.0
question:1.0
organ:1.0
public:1.6931471805599454
access:1.6931471805599454
line:1.0
16:1.0
1:1.0
possibl:1.0
chang:1.0
icon:1.0
group:1.0
like:1.0
give:1.0
individu:1.0
2:1.0
set:1.6931471805599454
short:1.0
cut:1.0
key:1.0
return:1.0
know:1.0
ctl:1.0
esc:1.6931471805599454
rather:1.0
avoid:1.0
task:1.0
list:1.0
get:1.0
back:1.0
p:1.0
alt:1.0
f1:1.0
help:1.6931471805599454
welcom:1.0
stamp:1.0
stupid:1.0
signatur:1.0
file:1.0
wb9ebo:1.0
unix:1.0
usenet:1.0
home:1.0
708:1.6931471805599454
833:1.6931471805599454
8122:1.0
8126:1.0
