bjcon:1.0
c:1.0
mcgill:1.6931471805599454
ca:1.0
brendan:1.0
newman:1.0
subject:1.0
trident:1.6931471805599454
vga:1.0
driver:1.6931471805599454
organ:1.0
soc:1.0
univers:1.0
montreal:1.0
canada:1.0
line:1.0
8:1.0
hi:1.0
tvga:1.0
8900:1.0
video:1.0
card:1.0
need:1.0
updat:1.0
win3:1.0
1:1.0
get:1.0
ftp:1.0
site:1.0
tthank:1.0
tbj:1.0
