ii:1.6931471805599454
netcom:1.6931471805599454
com:1.6931471805599454
intern:1.6931471805599454
imag:1.6931471805599454
syst:1.0
subject:1.0
list:2.09861228866811
favorit:1.6931471805599454
window:2.09861228866811
goodi:1.0
organ:1.0
line:1.6931471805599454
commun:1.0
servic:1.0
408:1.0
241:1.0
9760:1.0
guest:1.0
9:1.0
anyon:1.0
maintain:1.0
sharewar:1.0
public:1.0
domain:1.0
softwar:1.0
sever:1.0
msdo:1.0
realli:1.0
light:1.0
stuff:1.0
david:1.0
arnstein:1.6931471805599454
system:1.0
sun:1.0
