jason:2.386294361119891
sigma:2.09861228866811
demon:1.6931471805599454
co:1.6931471805599454
uk:1.6931471805599454
manger:1.0
subject:1.0
hhi:1.0
do:1.6931471805599454
app:2.09861228866811
run:1.6931471805599454
window:1.6931471805599454
distribut:1.0
world:1.0
organ:1.0
press:1.0
repli:1.0
x:1.0
mailer:1.0
simpl:1.0
news:1.0
1:2.09861228866811
90:1.0
ka9q:1.0
di:1.0
19:1.0
line:1.0
8:1.0
somebodi:1.0
help:1.0
purchas:1.0
win:1.0
3:1.0
get:1.6931471805599454
text:1.0
mode:1.0
tri:1.0
muck:1.0
around:1.0
pif:1.0
set:1.0
etc:1.0
avail:1.0
wrong:1.0
problem:1.0
v3:1.0
0:1.0
thank:1.0
advanc:1.0
