slc:2.09861228866811
a2:1.0
cim:1.6931471805599454
cdc:2.09861228866811
com:2.6094379124341005
steve:1.6931471805599454
chesney:1.6931471805599454
x4662:1.0
subject:1.0
diamond:1.6931471805599454
s:1.0
24x:2.09861228866811
repli:1.0
organ:1.0
metaphas:1.6931471805599454
technolog:1.6931471805599454
inc:1.6931471805599454
line:1.0
20:1.0
articl:1.6931471805599454
1993apr23:1.0
170922:1.0
1911:1.0
odet:1.6931471805599454
dale:1.6931471805599454
pischk:1.0
write:1.6931471805599454
1993apr20:1.0
195853:1.0
16179:1.0
samba:1.0
oit:1.0
unc:1.6931471805599454
edu:1.6931471805599454
dil:1.0
admin:1.0
mh:1.0
dave:1.0
laudicina:1.0
anyon:1.0
experienc:1.6931471805599454
faint:1.0
shadow:1.0
resolut:1.0
use:1.0
card:1.6931471805599454
window:1.6931471805599454
replac:1.0
wait:1.0
latest:1.0
driver:2.386294361119891
also:1.0
gener:1.0
protect:1.0
fault:1.0
error:1.0
wspdpsf:1.0
drv:1.0
winword:1.0
tool:1.0
option:1.0
menu:1.0
winfax:1.0
setup:1.0
exact:1.0
failur:1.0
word:1.0
quick:1.0
call:1.6931471805599454
microsoft:1.0
indic:1.0
problem:1.6931471805599454
need:1.0
get:1.0
new:1.0
think:1.0
version:2.09861228866811
2:1.6931471805599454
03:1.6931471805599454
fix:1.0
may:1.0
later:1.0
unawar:1.0
current:1.0
catherin:1.0
612:1.6931471805599454
482:1.6931471805599454
4662:1.0
voic:1.0
4233:1.0
north:1.0
lexington:1.0
avenu:1.0
4001:1.0
fax:1.0
arden:1.0
hill:1.0
mn:1.0
55126:1.0
