jl:2.386294361119891
atglab:1.6931471805599454
atg:2.09861228866811
com:2.6094379124341005
jerom:1.6931471805599454
schneider:1.6931471805599454
repli:1.0
distribut:1.0
world:1.0
subject:1.0
environ:3.1972245773362196
space:2.386294361119891
run:2.791759469228055
bat:2.6094379124341005
file:3.1972245773362196
window:2.9459101490553135
organ:1.0
aspen:1.6931471805599454
technolog:1.6931471805599454
group:1.6931471805599454
x:1.0
mailer:1.0
uupc:1.0
bsnew:1.0
2:1.6931471805599454
1:1.6931471805599454
modifi:1.0
line:2.09861228866811
42:1.0
icon:1.0
set:3.1972245773362196
pif:2.09861228866811
exclus:1.0
mode:1.6931471805599454
use:2.386294361119891
entir:1.0
screen:1.0
first:1.0
variabl:1.6931471805599454
problem:1.0
machin:1.0
m:1.0
do:2.09861228866811
5:1.0
0:2.6094379124341005
3:1.6931471805599454
enhanc:1.0
command:2.6094379124341005
fail:1.0
error:1.0
rais:1.0
amount:1.0
2048:1.0
byte:1.6931471805599454
shell:2.09861228866811
config:2.09861228866811
sy:2.09861228866811
know:1.0
nowher:1.0
near:1.0
resourc:1.0
toolkit:1.0
win4workgroup:1.0
add:1.0
entri:1.6931471805599454
system:1.6931471805599454
ini:1.6931471805599454
nonwindowsapp:1.0
section:1.0
commandenvs:1.0
nnnn:1.6931471805599454
env:1.6931471805599454
size:2.09861228866811
must:1.6931471805599454
either:1.0
160:1.6931471805599454
32768:1.6931471805599454
valu:2.6094379124341005
disabl:1.6931471805599454
small:1.0
big:1.6931471805599454
round:1.0
le:1.0
current:1.0
actual:1.0
specifi:1.0
overrid:1.0
default:2.09861228866811
msdo:1.0
version:1.0
earlier:1.0
otherwis:1.0
e:1.6931471805599454
option:1.0
edit:1.0
reboot:1.0
well:1.0
reli:1.0
give:1.0
larger:1.0
one:1.0
pas:1.0
new:1.0
box:1.6931471805599454
littl:1.0
bit:1.0
bigger:1.0
present:1.0
start:1.6931471805599454
matter:1.0
truncat:1.0
unus:1.0
except:1.0
allow:1.0
batch:1.0
mileag:1.0
may:1.0
vari:1.0
jerri:1.0
domain:1.0
uucp:1.0
uunet:1.0
csn:1.0
po:1.0
673:1.0
ft:1.0
collin:1.0
co:1.0
80522:1.0
voic:1.0
303:1.0
484:1.0
1488:1.0
