peter:2.386294361119891
psychnet:1.6931471805599454
psychol:1.6931471805599454
uta:1.6931471805599454
edu:1.6931471805599454
au:1.6931471805599454
r:1.0
tattam:1.6931471805599454
subject:1.0
beta:1.0
tester:1.0
requir:1.0
winsock:1.0
version:1.0
window:1.0
trumpet:1.0
organ:1.0
psycholog:1.6931471805599454
depart:1.6931471805599454
univers:1.6931471805599454
tasmania:2.09861228866811
line:1.0
11:1.0
contact:1.0
detail:1.0
p:1.0
intern:1.0
phone:1.6931471805599454
61:1.0
02:1.0
202346:1.6931471805599454
programm:1.0
australia:1.6931471805599454
002:1.0
hobart:1.0
