u7911093:1.6931471805599454
cc:1.6931471805599454
nctu:1.6931471805599454
edu:1.6931471805599454
tw:1.6931471805599454
swh:1.0
subject:1.0
redirect:1.6931471805599454
print:1.6931471805599454
manag:1.0
file:1.6931471805599454
organ:1.0
nation:1.6931471805599454
chiao:1.6931471805599454
tung:1.6931471805599454
univers:1.6931471805599454
x:1.0
newsread:1.0
tin:1.0
version:1.0
1:2.386294361119891
pl6:1.0
line:1.0
20:1.0
hello:1.0
twho:1.0
tell:1.0
find:1.0
pd:1.0
sharewar:1.0
captur:1.6931471805599454
window:1.6931471805599454
3:1.6931471805599454
output:1.6931471805599454
printer:1.0
manang:1.0
ti:1.6931471805599454
want:1.0
hp:1.6931471805599454
laser:1.0
jet:1.0
iii:1.0
tthough:1.0
postscript:1.0
setup:1.0
tri:1.0
do:1.0
program:1.0
work:1.0
tthankx:1.0
help:1.0
internet:1.0
address:1.0
english:1.0
name:1.6931471805599454
erik:1.0
wang:1.6931471805599454
chine:1.0
jyh:1.0
shyang:1.0
taiwan:1.0
r:1.0
c:1.0
