gel:1.0
c:1.0
mcgill:1.6931471805599454
ca:2.09861228866811
gill:1.0
khouzam:1.0
subject:1.0
workgroup:1.6931471805599454
question:2.09861228866811
conven:1.0
ram:1.6931471805599454
licens:2.09861228866811
summari:1.0
good:1.0
choic:1.0
keyword:1.0
w4wg:3.1972245773362196
organ:1.0
soc:1.0
univers:1.0
montreal:1.0
canada:1.0
line:1.0
55:1.0
articl:1.0
ny:1.0
0ra6abh107h:1.0
eosvcr:1.6931471805599454
wimsey:1.6931471805599454
bc:1.6931471805599454
aew:1.0
write:1.0
would:2.09861228866811
appreci:1.0
someon:1.0
answer:1.0
window:2.386294361119891
current:1.6931471805599454
novel:1.6931471805599454
netwar:1.0
lite:1.0
work:1.0
well:1.0
convent:1.6931471805599454
memori:1.0
hog:1.0
ver:1.0
1:2.6094379124341005
consid:1.0
move:1.0
machin:2.386294361119891
q1:1.0
much:1.6931471805599454
use:1.6931471805599454
driver:2.09861228866811
network:1.6931471805599454
card:1.6931471805599454
ti:1.0
check:1.6931471805599454
three:1.0
file:2.09861228866811
load:1.0
tprotman:1.0
128:1.0
byte:2.09861228866811
tdriver:1.0
9072:1.0
tworkgrp:1.0
4416:1.0
q2:1.0
ne2000:1.0
lsl:1.0
ipx:1.0
still:1.0
need:1.6931471805599454
tno:1.0
q3:1.0
ensur:1.0
run:1.0
licenc:1.0
copi:2.791759469228055
note:1.0
want:1.0
break:1.0
agreement:1.0
buy:1.6931471805599454
like:1.0
tri:1.0
first:1.0
see:1.0
meet:1.0
return:1.6931471805599454
one:1.6931471805599454
open:1.6931471805599454
easier:1.0
n:1.0
tnot:1.0
know:1.6931471805599454
bought:1.0
two:1.0
problem:2.09861228866811
tinstal:1.0
worri:1.0
ta:1.0
realli:1.0
old:1.0
bio:1.0
got:1.6931471805599454
q4:1.0
upgrad:1.0
3:2.09861228866811
replac:1.6931471805599454
win:1.6931471805599454
instal:1.6931471805599454
depend:1.0
tit:1.0
older:1.0
think:1.0
prompt:1.0
tother:1.0
q5:1.0
nt:1.0
server:1.0
come:1.0
troubl:1.0
tthi:1.0
start:1.0
messag:1.0
go:1.0
ask:1.0
2:1.0
carri:1.0
away:1.0
stop:1.0
look:1.0
forward:1.0
repli:1.0
al:1.0
thope:1.0
help:1.0
tgel:1.0
