ytkim:1.0
ucsvax:1.0
uc:1.6931471805599454
uma:1.6931471805599454
edu:1.6931471805599454
yong:1.0
kim:1.0
subject:1.0
winnl:1.6931471805599454
dll:1.6931471805599454
organ:1.0
univers:1.0
massachusett:1.0
amherst:1.0
line:1.0
7:1.0
distribut:1.0
world:1.0
nntp:1.0
post:1.0
host:1.0
deimo:1.0
x:1.0
news:1.6931471805599454
reader:1.0
vm:1.0
1:1.6931471805599454
24:1.0
tri:1.0
instal:1.6931471805599454
foreign:1.0
languag:1.0
window:1.6931471805599454
applic:1.0
requir:1.0
file:2.09861228866811
name:1.0
check:1.0
3:1.0
disk:1.0
could:1.6931471805599454
find:1.0
anybodi:1.0
idea:1.0
one:1.0
get:1.0
