tapscott:2.6094379124341005
adoc:1.6931471805599454
xerox:2.6094379124341005
com:1.6931471805599454
peter:1.6931471805599454
subject:1.0
sale:2.386294361119891
harvard:1.6931471805599454
graphic:2.09861228866811
window:1.6931471805599454
keyword:1.0
organ:1.0
parc:1.6931471805599454
distribut:1.0
u:1.0
line:1.0
17:1.0
tbrand:1.0
new:1.0
shrinkwrap:1.0
tharvard:1.0
tlist:1.0
price:1.6931471805599454
500:1.0
tcheapest:1.0
pinc:1.0
comput:1.0
shopper:1.0
mail:1.0
order:1.0
315:1.0
tmi:1.0
250:1.0
realli:1.0
slick:1.0
packag:1.0
bike:1.0
race:1.0
return:1.0
credit:1.0
dilemma:1.0
fire:1.0
palo:1.0
alto:1.0
research:1.0
center:1.0
internet:1.0
xn:1.0
net:1.0
415:1.0
813:1.0
6885:1.0
