vestman:2.09861228866811
c:1.0
umu:1.0
se:1.0
peter:1.6931471805599454
subject:1.0
768x1024:2.09861228866811
trident:2.09861228866811
driver:2.386294361119891
want:1.0
keyword:1.0
organ:1.0
dep:1.6931471805599454
info:1.0
proc:1.0
umea:1.6931471805599454
univ:1.0
sweden:1.6931471805599454
line:1.0
12:1.0
window:1.6931471805599454
anywer:1.0
mode:1.0
support:1.0
fo:1.0
o:1.0
2:1.0
abl:1.0
find:1.0
mean:1.0
768:1.0
wide:1.0
1024:1.0
high:1.0
oppos:1.0
1024x768:1.0
help:1.0
appreci:1.0
comput:1.0
scienc:1.0
univers:1.0
