rda771v:1.0
monu6:1.0
cc:1.0
monash:2.09861228866811
edu:2.791759469228055
au:1.0
b:1.0
wuysang:1.6931471805599454
subject:1.0
exit:2.386294361119891
code:2.6094379124341005
do:2.6094379124341005
sorri:1.6931471805599454
wrong:1.6931471805599454
group:2.09861228866811
organ:1.0
univers:1.6931471805599454
melb:1.0
australia:1.6931471805599454
line:1.0
48:1.0
articl:1.0
1993apr19:1.0
170631:1.0
17598:1.0
sea:2.6094379124341005
gwu:2.6094379124341005
louray:2.386294361119891
michael:1.6931471805599454
panayiotaki:1.6931471805599454
write:1.6931471805599454
hey:1.0
first:1.0
post:1.0
question:1.0
window:1.6931471805599454
kinda:1.0
hurri:1.0
scrambl:1.0
find:1.6931471805599454
name:1.0
anyway:1.0
anyon:1.0
know:1.0
ccan:1.0
command:2.9459101490553135
3:1.6931471805599454
altern:1.0
1:1.0
tri:1.0
small:1.0
c:1.6931471805599454
program:1.6931471805599454
someth:1.0
like:1.0
int:2.386294361119891
var:2.09861228866811
system:1.0
display:1.6931471805599454
valu:1.0
2:1.0
use:1.6931471805599454
4do:1.6931471805599454
com:1.6931471805599454
instead:1.0
built:1.0
move:2.09861228866811
also:1.0
get:1.6931471805599454
exist:1.0
exec:1.6931471805599454
function:1.0
echo:1.0
6:1.0
worth:1.0
buy:1.0
alreadi:1.0
qemm:1.0
pctool:1.0
norton:1.0
need:1.0
util:1.0
manual:1.0
seem:1.0
particularli:1.0
look:1.0
copi:1.0
order:1.0
make:1.6931471805599454
batch:1.0
file:2.09861228866811
coppi:1.0
properli:1.0
delet:1.0
plea:1.0
e:1.0
mail:1.0
thank:1.0
mickey:1.0
pe:1.0
ace:1.0
uunet:1.0
m:1.0
grp:1.0
reflect:1.0
hd:1.0
directori:1.0
well:1.0
alway:1.0
right:1.0
never:1.0
gd:1.0
agu:1.0
budi:1.0
digitech:1.0
student:1.0
clayton:1.0
melbourn:1.0
