bsmith:1.0
access:2.09861228866811
digex:1.6931471805599454
com:1.0
barri:1.0
smith:1.0
subject:1.0
program:1.0
manag:1.0
kill:1.0
group:1.6931471805599454
file:1.0
organ:1.0
express:1.0
onlin:1.0
commun:1.0
greenbelt:1.0
md:1.0
usa:1.0
line:1.0
3:1.6931471805599454
nntp:1.0
post:1.0
host:1.0
net:1.0
clue:1.0
time:1.0
enter:1.0
win:1.0
1:1.0
progman:1.0
say:1.0
need:1.0
rebuild:1.0
quit:1.0
annoy:1.0
