cheong:1.0
solomon:1.6931471805599454
technet:2.09861228866811
sg:2.09861228866811
scstech:1.0
admin:1.0
subject:1.0
plea:1.6931471805599454
refresh:1.6931471805599454
internet:1.6931471805599454
access:2.09861228866811
compuserv:1.6931471805599454
nntp:1.0
post:1.0
host:1.0
organ:1.0
singapor:1.0
line:1.0
15:1.0
hi:1.0
sometim:1.0
ago:1.0
discus:1.0
gain:1.6931471805599454
thru:1.0
seem:1.0
misplac:1.0
articl:1.0
someon:1.0
site:1.0
telnet:1.0
hope:1.0
download:1.0
file:1.0
well:1.0
thank:1.0
arthur:1.6931471805599454
lim:1.0
email:1.0
mailhost:1.0
sc:1.0
com:1.0
