rdc:1.0
pelican:1.0
cit:1.0
cornel:1.6931471805599454
edu:1.6931471805599454
bob:1.0
cowl:1.0
subject:1.0
cica:1.0
mirror:1.6931471805599454
organ:1.0
info:1.0
tech:1.0
line:1.0
2:1.0
tri:1.0
wuarchiv:1.0
wustl:1.0
win3:1.0
directori:1.0
