farley:2.386294361119891
access:2.386294361119891
digex:2.09861228866811
com:1.6931471805599454
charl:1.6931471805599454
u:1.6931471805599454
subject:1.0
help:1.6931471805599454
chang:2.09861228866811
startup:1.6931471805599454
logo:2.791759469228055
organ:1.0
express:1.0
onlin:1.0
commun:1.0
usa:1.6931471805599454
800:1.0
546:1.0
2010:1.0
line:1.0
21:1.0
distribut:1.0
nntp:1.0
post:1.0
host:1.0
net:1.0
summari:1.0
know:1.6931471805599454
probabl:1.0
faq:1.0
instal:1.0
w:1.0
ati:1.0
graphic:1.0
card:1.0
bash:1.0
window:2.386294361119891
file:2.386294361119891
start:1.0
3:1.6931471805599454
0:1.0
instead:1.0
1:1.0
thought:1.0
control:1.0
system:1.6931471805599454
vgalogo:1.6931471805599454
rle:1.0
lgo:1.0
restor:1.0
anyon:1.0
correct:1.0
thank:1.0
averag:1.0
iq:1.0
calgari:1.0
board:1.0
ed:1.0
employe:1.0
65:1.0
