unc4b2:1.0
ibm:1.0
rhrz:1.0
uni:1.0
bonn:1.6931471805599454
de:1.0
christoph:1.0
steinbeck:1.0
subject:1.0
z:1.6931471805599454
modem:1.6931471805599454
download:1.0
winqvt:1.6931471805599454
line:1.0
9:1.0
organ:1.0
chemisch:1.0
institut:1.0
univers:1.0
hello:1.0
like:1.0
know:1.0
upload:1.0
initi:1.0
script:1.0
file:1.0
check:1.0
work:1.0
regist:1.0
unfortunatli:1.0
noth:1.0
featur:1.0
mention:1.0
manual:1.0
anybodi:1.0
help:1.0
ciao:1.0
chri:1.0
