bilan:2.6094379124341005
cp:2.386294361119891
msu:2.386294361119891
edu:2.386294361119891
thoma:1.0
j:1.0
subject:1.0
w4wg:1.6931471805599454
novel:1.6931471805599454
organ:1.0
dept:1.0
comput:1.0
scienc:1.0
michigan:1.6931471805599454
state:1.6931471805599454
univers:1.6931471805599454
line:1.0
23:1.0
distribut:1.0
world:1.0
nntp:1.0
post:1.0
host:1.0
walnut:1.6931471805599454
origin:1.0
instal:1.0
window:1.6931471805599454
workgroup:1.0
network:1.0
problem:1.6931471805599454
map:1.0
drive:2.09861228866811
file:1.6931471805599454
manag:1.6931471805599454
situat:1.0
put:1.6931471805599454
lastdriv:2.09861228866811
z:1.6931471805599454
config:2.09861228866811
sy:2.09861228866811
netx:1.6931471805599454
run:1.0
access:1.6931471805599454
f:1.0
log:1.0
seem:1.0
way:1.0
make:1.0
work:1.0
statement:1.0
would:1.0
appreci:1.0
help:1.0
probabl:1.0
easi:1.0
guru:1.0
solv:1.0
mani:1.6931471805599454
moon:1.0
ago:1.0
thank:1.0
tom:1.0
depart:1.0
death:1.0
engin:1.0
surgeon:1.0
gener:1.0
warn:1.0
graduat:1.0
school:1.0
may:1.0
caus:1.0
brain:1.0
damag:1.0
sporad:1.0
loss:1.0
hair:1.0
