servi:2.386294361119891
author:1.6931471805599454
ecn:1.6931471805599454
purdu:2.386294361119891
edu:2.386294361119891
brian:1.6931471805599454
k:1.0
subject:1.0
redirect:2.09861228866811
print:2.386294361119891
manag:1.6931471805599454
file:2.791759469228055
organ:1.0
univers:1.6931471805599454
engin:1.0
comput:1.0
network:1.0
line:1.0
33:1.0
u7911093:1.6931471805599454
cc:1.6931471805599454
nctu:1.6931471805599454
tw:1.6931471805599454
swh:1.0
write:1.0
tell:1.0
program:1.6931471805599454
pd:1.0
sharewar:1.0
window:1.6931471805599454
3:1.0
1:1.0
output:1.6931471805599454
printer:2.09861228866811
ti:1.6931471805599454
want:1.0
captur:1.0
hp:1.6931471805599454
laser:1.0
jet:1.0
iii:1.0
tthough:1.0
postscript:1.0
setup:1.0
use:1.0
do:1.0
work:1.0
tthankx:1.0
help:1.0
internet:1.0
address:1.0
english:1.0
name:2.09861228866811
erik:1.0
wang:1.6931471805599454
chine:1.0
jyh:1.0
shyang:1.0
nation:1.0
chiao:1.0
tung:1.0
taiwan:1.0
r:1.0
c:1.0
tri:1.0
set:1.0
anoth:1.0
hpiii:1.6931471805599454
choos:1.6931471805599454
port:1.0
connect:1.0
instead:1.0
like:1.0
lpt1:1.0
prompt:1.0
everytim:1.0
good:1.0
luck:1.0
happen:1.0
way:1.6931471805599454
actual:1.0
quot:1.0
insur:1.0
claim:1.0
say:1.6931471805599454
may:1.6931471805599454
think:1.6931471805599454
pedestrian:1.0
idea:1.0
go:1.0
ran:1.0
