gedward:1.6931471805599454
ncratl:1.6931471805599454
atlantaga:1.6931471805599454
ncr:2.386294361119891
com:1.6931471805599454
gordon:2.09861228866811
edward:1.6931471805599454
subject:1.0
protect:2.09861228866811
fault:2.386294361119891
keyword:1.0
organ:1.0
engin:1.6931471805599454
manufactur:1.6931471805599454
atlanta:1.6931471805599454
ga:1.0
distribut:1.0
na:1.0
line:1.0
40:1.0
thia:2.09861228866811
735836016:1.0
mira:1.0
sce:1.6931471805599454
carleton:1.6931471805599454
ca:1.6931471805599454
yong:1.0
write:1.0
hi:1.0
wonder:1.0
anyon:1.0
could:1.6931471805599454
help:1.6931471805599454
error:1.0
messag:2.09861228866811
goe:1.0
mean:1.0
run:1.6931471805599454
m:1.0
window:2.386294361119891
3:2.09861228866811
1:2.09861228866811
ummm:1.0
think:1.0
left:1.0
get:2.09861228866811
time:1.0
machin:1.0
work:1.0
486:1.0
33mhz:1.0
4mb:1.0
ram:1.6931471805599454
do:2.09861228866811
5:1.6931471805599454
0:1.6931471805599454
home:1.0
386:1.0
40mhz:1.0
8mb:1.0
never:1.0
idea:1.0
wrong:1.0
someon:1.0
alreadi:1.0
suggest:1.0
check:1.0
tmp:1.0
file:1.6931471805599454
temp:1.0
directori:1.0
none:1.0
tthi:1.0
applic:1.6931471805599454
violat:1.0
system:1.0
integr:1.0
due:1.0
invalid:1.0
tgener:1.0
termin:1.0
problem:1.6931471805599454
box:1.0
without:1.0
pif:1.0
setup:1.0
hint:1.0
greatli:1.0
appreci:1.0
plea:1.0
post:1.0
sinc:1.0
least:1.0
one:1.0
person:1.0
also:1.0
gpf:1.0
thank:1.0
n4vph:1.0
noth:1.0
unreal:1.0
exist:1.0
kiri:1.0
kin:1.0
tha:1.0
first:1.0
law:1.0
metaphys:1.0
