gtoy:1.6931471805599454
pssparc2:1.6931471805599454
mitek:1.0
com:1.6931471805599454
gene:1.6931471805599454
toy:1.6931471805599454
subject:1.0
workaround:1.0
citizen:2.09861228866811
driver:2.09861228866811
keyword:1.0
printer:1.0
pn48:1.0
gsx:1.0
140:1.6931471805599454
organ:1.0
openconnect:1.6931471805599454
system:1.6931471805599454
dalla:1.6931471805599454
tx:1.6931471805599454
line:1.0
8:1.0
window:1.0
3:1.0
1:1.0
best:1.0
luck:1.0
use:1.0
epson:1.0
lq:1.0
2550:1.0
gx:1.0
sure:1.0
download:1.0
updat:1.0
version:1.0
microsoft:1.0
allow:1.0
margin:1.0
set:1.0
senior:1.0
softwar:1.0
engin:1.0
oc:1.0
2711:1.0
lbj:1.0
freeway:1.0
75234:1.0
214:1.0
888:1.0
0454:1.0
disclaim:1.0
employ:1.0
idea:1.0
go:1.0
say:1.0
