cah:1.6931471805599454
tactix:2.386294361119891
rain:1.6931471805599454
com:1.6931471805599454
chri:2.09861228866811
huey:1.6931471805599454
subject:1.0
workspac:2.6094379124341005
manag:2.386294361119891
win:1.0
3:2.386294361119891
1:2.9459101490553135
small:1.0
review:2.386294361119891
organ:1.0
reengin:1.6931471805599454
inc:1.6931471805599454
line:1.0
28:1.0
x:1.0
newsread:1.0
tin:1.0
version:1.0
pl6:1.0
jami:1.6931471805599454
scuglia:1.0
zikzak:1.0
apana:1.0
org:1.0
au:1.6931471805599454
wrote:1.0
thank:1.6931471805599454
peopl:1.0
recommend:1.0
window:1.6931471805599454
found:1.6931471805599454
sharewar:1.0
australia:1.0
m:1.0
archiv:1.0
monu6:1.0
cc:1.0
monash:1.0
edu:1.0
mirror:1.0
site:1.6931471805599454
u:1.0
three:1.0
10:1.0
wspace:1.0
zip:2.09861228866811
delet:2.09861228866811
2:1.6931471805599454
workshift:1.0
6:1.0
wrksft16:1.0
bigdesk:1.0
30:1.0
backmenu:1.0
backdesk:1.0
realli:1.0
appreci:1.0
inform:1.6931471805599454
howev:1.0
given:1.0
direct:1.0
internet:1.0
access:1.6931471805599454
mean:1.6931471805599454
archi:1.0
must:1.0
resort:1.0
use:1.0
ftpmail:1.0
need:1.6931471805599454
name:1.0
directori:1.0
locat:1.0
anyon:1.0
el:1.0
post:1.0
email:1.0
much:1.0
voic:1.0
503:1.0
684:1.0
4099:1.0
codecraft:1.0
custom:1.0
craft:1.0
softwar:1.0
hour:1.0
