subject:1.0
w4wg:2.6094379124341005
novel:1.6931471805599454
cctr132:1.0
csc:2.6094379124341005
canterburi:2.791759469228055
ac:2.386294361119891
nz:2.6094379124341005
nick:2.09861228866811
fitzgerald:2.6094379124341005
pc:1.6931471805599454
softwar:1.0
consult:1.6931471805599454
uoc:1.0
repli:1.0
n:2.09861228866811
organ:1.0
univers:1.0
christchurch:1.0
new:1.0
zealand:1.0
nntp:1.0
post:1.0
host:1.0
cantva:1.0
line:1.0
27:1.0
articl:1.0
1rh2mi:1.0
ea4:1.0
msuinfo:1.0
cl:1.0
msu:1.6931471805599454
edu:1.6931471805599454
bilan:1.6931471805599454
cp:1.0
thoma:1.0
j:1.0
write:1.0
put:1.6931471805599454
lastdriv:2.791759469228055
z:2.386294361119891
config:2.09861228866811
sy:2.09861228866811
netx:2.09861228866811
run:1.0
access:1.6931471805599454
drive:3.302585092994046
f:1.0
log:1.0
file:1.0
manag:1.0
seem:1.0
way:1.6931471805599454
make:1.0
work:1.0
statement:1.0
first:1.0
use:1.6931471805599454
think:1.0
chang:1.0
problem:1.0
command:1.0
netwar:2.09861228866811
gener:1.0
case:1.0
particular:1.0
add:1.0
devic:1.0
chain:1.0
set:1.0
mean:1.0
unassign:1.0
oppos:1.0
unus:1.6931471805599454
letter:1.6931471805599454
tack:1.0
map:1.6931471805599454
onto:1.0
end:1.0
exist:1.6931471805599454
list:1.0
obvious:1.0
attach:1.0
network:1.0
guess:1.0
next:1.0
thing:1.0
tri:1.0
someth:1.0
like:1.0
machin:1.0
leav:1.0
fair:1.0
swath:1.0
still:1.0
allow:1.0
13:1.0
well:1.0
applic:1.0
uni:1.0
tel:1.0
64:1.6931471805599454
3:1.6931471805599454
364:1.6931471805599454
2337:1.0
fax:1.0
2332:1.0
