subject:1.0
fast:1.0
do:3.0794415416798357
vga:2.09861228866811
1024x768x256:1.0
window:2.791759469228055
video:1.0
card:3.1972245773362196
info:1.0
need:1.6931471805599454
edowdi:1.0
vax1:1.6931471805599454
umkc:1.6931471805599454
edu:2.386294361119891
organ:1.0
univers:1.0
missouri:1.0
kansa:1.0
citi:1.0
nntp:1.0
post:1.6931471805599454
host:1.0
line:1.0
38:1.0
articl:1.6931471805599454
1993apr25:1.0
220320:1.0
26510:1.0
doug:1.0
cae:1.6931471805599454
wisc:1.6931471805599454
leo:1.6931471805599454
lim:1.0
write:1.0
ok:1.0
486dx50:1.0
isa:1.0
w:2.386294361119891
diamond:1.0
stealth:2.6094379124341005
vram:2.09861228866811
1mb:1.0
realli:1.0
satisfi:1.0
perform:2.791759469228055
game:1.6931471805599454
higher:1.0
frame:1.0
rate:2.09861228866811
especi:1.0
new:1.6931471805599454
strike:1.0
command:1.0
give:1.0
17:1.0
5:1.0
fp:1.0
use:1.0
3dbench:1.0
winmark:1.6931471805599454
6:1.0
35:1.0
million:1.0
think:1.0
right:1.0
consid:1.0
replac:1.0
hope:1.0
approx:1.0
current:1.0
also:2.09861228866811
prefer:1.0
30fp:1.0
order:1.0
actix:2.6094379124341005
graphicsengin:1.0
ultra:1.6931471805599454
plu:1.6931471805599454
price:1.0
base:1.6931471805599454
s3:2.09861228866811
928:2.09861228866811
chip:2.6094379124341005
newest:1.0
fastest:1.0
everyon:1.0
look:1.6931471805599454
see:1.0
april:1.0
issu:1.0
pc:1.6931471805599454
magazin:2.09861228866811
review:1.0
note:1.6931471805599454
person:1.0
problem:1.0
good:1.0
best:2.09861228866811
class:1.6931471805599454
non:1.0
local:1.0
bu:1.0
got:1.0
glow:1.0
report:1.0
buy:1.6931471805599454
call:1.0
directli:1.0
updat:1.0
driver:1.6931471805599454
last:1.0
week:1.0
bulletin:1.0
board:1.0
get:1.0
latest:1.0
though:1.0
somon:1.0
bb:1.0
2400:1.0
graphic:1.0
engin:1.0
outperform:1.0
result:1.0
around:1.0
check:1.6931471805599454
1:1.0
800:1.0
number:1.0
927:1.0
5557:1.0
p:1.0
regular:1.0
user:1.0
ie:1.6931471805599454
801:1.0
appar:1.0
score:1.0
well:1.0
mani:1.0
case:1.0
slightli:1.0
better:1.0
compar:1.0
cheaper:1.0
eric:1.0
