kin:2.6094379124341005
isi:2.09861228866811
com:2.09861228866811
cho:1.6931471805599454
subject:1.0
viewson:1.0
17:1.0
experi:1.6931471805599454
sought:1.0
organ:1.0
integr:1.6931471805599454
system:1.6931471805599454
inc:1.6931471805599454
line:1.0
12:1.0
nntp:1.0
post:1.6931471805599454
host:1.0
tycho:1.0
appreci:1.0
email:1.0
posit:1.0
neg:1.0
monitor:1.0
especi:1.0
compar:1.0
nanao:1.0
550i:1.0
summar:1.0
got:1.0
multipl:1.0
respons:1.0
thank:1.0
tvoic:1.0
408:1.6931471805599454
980:1.6931471805599454
1500:1.0
ext:1.0
230:1.0
tfax:1.0
0400:1.0
