subject:1.0
do:1.6931471805599454
6:1.6931471805599454
darren:2.09861228866811
lavalle:2.09861228866811
cld9:1.0
sccsi:1.0
com:1.0
distribut:1.0
world:1.0
organ:1.0
c:1.0
9:1.0
comm:1.0
cloudnin:1.0
bb:1.0
713:1.0
855:1.0
4382:1.0
line:1.6931471805599454
11:1.0
eid:1.0
b486:1.0
85210000:1.0
120:1.6931471805599454
mb:1.6931471805599454
hard:1.6931471805599454
drive:1.6931471805599454
set:1.0
compress:1.0
ratio:1.0
use:1.0
doubl:1.6931471805599454
disk:1.0
format:1.0
era:1.0
everyth:1.0
full:1.0
240:1.0
make:1.0
mirror:1.0
thanx:1.0
4:1.0
help:1.0
wm:1.0
v2:1.0
08:1.0
92:1.0
0279:1.0
origin:1.0
705:1.0
256:1.0
csrn:1.0
35:1.0
000:1.0
file:1.0
internet:1.0
usenet:1.0
1:1.6931471805599454
222:1.0
