keith:2.09861228866811
spider:2.09861228866811
co:1.6931471805599454
uk:2.09861228866811
smith:1.0
subject:1.0
win:1.6931471805599454
nt:1.6931471805599454
file:1.6931471805599454
system:2.386294361119891
organ:1.0
limit:1.0
edinburgh:1.0
line:1.0
6:1.0
nntp:1.0
post:1.0
host:1.0
trapdoor:1.0
ok:1.0
one:1.0
tell:1.0
do:1.0
5:1.0
read:1.0
havn:1.0
tri:1.0
write:1.0
case:1.0
break:1.0
someth:1.0
ntf:1.6931471805599454
thought:1.0
suppos:1.0
better:1.0
fat:1.0
