msmith:1.0
volcano:1.0
ma30:2.386294361119891
bull:2.6094379124341005
com:2.09861228866811
mike:2.09861228866811
smith:2.386294361119891
subject:1.0
dll:2.386294361119891
registerclass:1.0
createwindow:1.0
repli:1.0
organ:1.0
hn:1.6931471805599454
worldwid:1.0
inform:1.6931471805599454
system:1.6931471805599454
billerica:1.6931471805599454
mass:1.0
usa:1.6931471805599454
distribut:1.0
comp:1.0
line:1.0
28:1.0
hi:1.0
regist:1.0
class:1.6931471805599454
creat:1.0
window:1.0
type:1.0
call:1.6931471805599454
requir:1.0
modul:2.6094379124341005
instanc:2.6094379124341005
handl:2.6094379124341005
hinstanc:1.0
petzold:1.0
3:1.0
1:1.6931471805599454
book:1.0
say:1.0
best:1.0
use:1.6931471805599454
program:1.0
page:1.0
934:1.0
two:1.0
question:1.0
way:1.0
find:1.0
2:1.0
possibl:1.0
problem:1.0
thank:1.0
advanc:1.0
e:1.0
mail:1.0
inc:1.0
phone:1.0
508:1.6931471805599454
294:1.6931471805599454
2049:1.0
300:1.0
concord:1.0
road:1.0
815a:1.0
fax:1.0
3807:1.0
01821:1.0
