reimert:2.386294361119891
anthrax:1.0
etdesg:1.6931471805599454
trw:2.09861228866811
com:1.6931471805599454
scott:1.6931471805599454
p:1.0
subject:1.0
win:1.6931471805599454
nt:2.386294361119891
file:2.791759469228055
system:3.0794415416798357
organ:1.0
inc:1.0
redondo:1.6931471805599454
beach:1.6931471805599454
ca:1.6931471805599454
line:1.0
26:1.0
articl:1.0
1993apr26:1.0
103230:1.0
10618:1.0
spider:1.6931471805599454
co:1.6931471805599454
uk:1.6931471805599454
keith:2.09861228866811
smith:1.0
write:1.6931471805599454
ok:1.0
one:1.0
tell:1.0
do:2.386294361119891
5:1.6931471805599454
read:2.6094379124341005
havn:1.0
tri:1.0
case:1.0
break:1.0
someth:1.0
ntf:2.386294361119891
thought:1.0
suppos:1.0
better:1.6931471805599454
fat:2.09861228866811
0:1.6931471805599454
6:1.0
although:1.0
windowsnt:1.0
seper:1.0
partit:1.0
machin:1.0
home:1.0
disk:1.0
window:1.6931471805599454
vice:1.0
versa:1.0
far:1.0
robust:1.0
seem:1.0
fast:1.0
yet:1.0
singl:1.0
problem:1.0
prove:1.0
though:1.0
book:1.0
insid:1.0
give:1.0
info:1.0
look:1.0
tscott:1.0
mamacass:1.0
standard:1.0
disclaim:1.0
blah:2.09861228866811
alway:1.0
store:1.0
beer:1.0
cool:1.0
dark:1.0
place:1.0
