tomh:1.6931471805599454
metric:2.386294361119891
com:1.6931471805599454
tom:1.6931471805599454
haapanen:1.6931471805599454
subject:1.0
rfd:2.09861228866811
comp:2.09861228866811
o:3.4849066497880004
m:3.1972245773362196
window:4.49650756146648
nt:3.833213344056216
misc:2.09861228866811
setup:1.6931471805599454
organ:1.0
softwar:1.6931471805599454
inc:1.6931471805599454
line:1.0
76:1.0
nntp:1.0
post:1.6931471805599454
host:1.0
rodan:1.0
uu:1.0
net:1.0
offici:1.0
request:1.0
discus:2.791759469228055
creation:1.0
two:1.0
new:1.6931471805599454
newsgroup:1.0
microsoft:2.09861228866811
second:1.0
replac:1.0
one:1.0
origin:1.0
januari:1.6931471805599454
93:2.09861228866811
never:1.0
taken:1.0
vote:2.386294361119891
propos:1.0
group:1.6931471805599454
describ:1.0
name:1.6931471805599454
statu:1.6931471805599454
unmoder:1.6931471805599454
purpos:1.6931471805599454
set:1.0
instal:1.0
system:1.6931471805599454
peripher:1.0
compat:1.6931471805599454
issu:2.09861228866811
miscellan:1.0
non:1.0
program:1.6931471805599454
use:2.386294361119891
includ:1.6931471805599454
secur:1.6931471805599454
network:1.6931471805599454
featur:1.6931471805599454
consol:1.0
mode:1.6931471805599454
3:3.302585092994046
1:3.3978952727983707
win16:1.6931471805599454
rational:1.0
tmicrosoft:1.0
newest:1.0
member:2.09861228866811
famili:2.386294361119891
tof:1.0
oper:2.09861228866811
environ:1.0
wish:1.0
tto:1.0
argu:1.0
mean:1.0
rang:1.0
tmodular:1.0
workgroup:1.0
twindow:2.6094379124341005
high:1.0
end:1.0
date:1.0
ship:1.0
t50:1.0
000:1.0
beta:1.0
copi:1.0
pre:1.6931471805599454
releas:1.6931471805599454
sdk:1.0
tactual:1.0
slate:1.0
may:2.09861228866811
june:1.0
twhile:1.0
entir:1.0
design:1.0
intern:1.6931471805599454
share:1.6931471805599454
tan:1.0
applic:2.6094379124341005
interfac:1.6931471805599454
win32:2.386294361119891
api:2.09861228866811
win:1.0
tdow:1.0
subset:1.0
le:1.0
thread:1.0
tand:1.0
creat:1.0
32:1.6931471805599454
bit:1.6931471805599454
tthe:2.6094379124341005
user:1.6931471805599454
also:2.09861228866811
practic:1.0
ident:1.6931471805599454
t3:1.0
addit:1.0
login:1.0
tprogram:1.0
manag:1.6931471805599454
file:1.0
applet:1.0
gener:1.0
tsent:1.0
appear:1.6931471805599454
mani:1.0
announc:1.6931471805599454
port:1.0
exist:1.6931471805599454
app:1.6931471805599454
tnt:1.0
run:1.6931471805599454
tthu:1.0
logic:1.0
follow:1.6931471805599454
tgroup:1.0
tcomp:2.791759469228055
programm:2.09861228866811
tool:1.0
clearli:1.0
twell:1.0
advocaci:1.0
tin:1.0
conclus:1.0
clear:1.0
argument:1.0
separ:2.09861228866811
hierarchi:2.09861228866811
differ:1.0
tstructur:1.0
yet:1.0
tsystem:1.0
2:1.0
macintosh:1.0
xenix:1.0
coher:1.0
tundergon:1.0
major:1.6931471805599454
rewrit:1.6931471805599454
without:1.0
split:1.0
tnewsgroup:1.0
tfurther:1.0
due:1.0
1994:1.0
twhen:1.0
fulli:1.0
protect:1.0
do:1.0
built:1.0
next:1.6931471805599454
tgener:1.0
chicago:1.0
debut:1.0
year:1.0
sure:1.0
tremain:1.0
would:1.0
ju:1.0
ttific:1.0
version:1.0
period:2.09861228866811
27:1.0
april:1.0
1992:1.0
18:1.0
1993:1.6931471805599454
cfv:1.6931471805599454
call:1.0
around:1.0
19:1.0
base:1.0
feedback:1.0
receiv:1.0
tbe:1.0
accept:1.0
prior:1.0
waterloo:1.0
ont:1.0
stick:1.0
index:1.0
finger:1.0
corner:1.0
mouth:1.0
pull:1.0
corrado:1.0
make:1.0
feel:1.0
car:1.0
