moret:2.386294361119891
masi:1.6931471805599454
ibp:2.09861228866811
fr:2.09861228866811
yan:1.6931471805599454
magister:1.6931471805599454
subject:1.0
adob:2.386294361119891
3:1.6931471805599454
0:2.386294361119891
2:1.6931471805599454
nntp:1.0
post:1.0
host:1.0
daphn:1.0
repli:1.0
organ:1.0
universit:1.0
pari:1.6931471805599454
vi:1.0
vii:1.0
line:1.0
7:1.0
ti:1.0
want:1.0
creat:1.6931471805599454
postcript:1.6931471805599454
file:1.6931471805599454
win:1.0
1:1.0
print:1.0
laserwrit:1.0
ii:1.0
version:1.0
laser:1.0
accept:1.0
resolv:1.0
problem:1.0
thank:1.0
