bobmon:1.6931471805599454
c:1.6931471805599454
indiana:1.6931471805599454
edu:1.6931471805599454
bob:1.0
montant:1.0
subject:1.0
want:1.6931471805599454
bu:2.09861228866811
card:1.6931471805599454
logitech:1.6931471805599454
mous:2.386294361119891
articl:1.0
news:1.0
1993apr1:1.0
162131:1.0
4673:1.0
expir:1.0
5:1.0
15:1.0
1993:1.0
distribut:1.0
na:1.0
organ:1.0
dyskaryot:1.0
line:1.0
7:1.6931471805599454
acquir:1.0
old:1.6931471805599454
seri:1.0
3:1.0
button:1.0
told:1.0
anyon:1.0
unload:1.0
pc:1.0
clone:1.0
email:1.0
repli:1.0
thank:1.0
