pm860605:2.09861228866811
long:2.09861228866811
lanc:2.09861228866811
colost:2.09861228866811
edu:2.791759469228055
peter:1.6931471805599454
j:1.6931471805599454
mckinney:1.6931471805599454
subject:1.6931471805599454
pc:2.386294361119891
keyboard:3.302585092994046
summari:1.6931471805599454
locat:2.09861228866811
cap:2.6094379124341005
lock:2.6094379124341005
ctrl:2.6094379124341005
key:2.9459101490553135
keyword:1.6931471805599454
articl:1.6931471805599454
143:1.0
734052152:1.0
organ:1.0
colorado:1.6931471805599454
state:1.6931471805599454
univers:1.6931471805599454
line:1.0
31:1.0
nntp:1.0
post:1.0
host:1.0
hercul:1.0
hxg5nxl:1.0
rpi:2.09861228866811
wen:2.386294361119891
yingyang:1.6931471805599454
ral:1.6931471805599454
john:1.6931471805599454
write:1.0
date:1.0
mon:1.0
5:1.0
apr:1.0
1993:1.0
19:1.0
23:1.0
35:1.0
gmt:1.0
anyon:1.0
know:1.0
softwar:1.0
exchang:1.0
style:1.0
look:1.0
memori:1.0
resid:1.0
program:3.1972245773362196
work:1.0
rather:1.0
featur:1.6931471805599454
specif:1.0
awar:1.0
sharewar:1.0
back:1.0
forth:1.0
provid:1.6931471805599454
within:1.0
thank:1.0
archiv:1.0
keymap00:1.0
zip:1.6931471805599454
simtel:2.09861228866811
mirror:1.0
site:1.0
msdo:1.0
directori:1.6931471805599454
written:1.0
assembl:1.0
best:1.0
compil:2.09861228866811
creat:1.0
new:1.0
map:1.6931471805599454
possibl:1.0
howev:1.0
use:1.6931471805599454
binari:1.0
editor:1.0
edit:1.0
driver:1.0
hexed100:1.0
also:1.6931471805599454
avail:1.0
simpli:1.0
serach:1.0
code:1.6931471805599454
00:1.0
01:1.0
02:1.0
03:1.0
bigin:1.0
normal:1.0
swap:1.6931471805599454
wish:1.0
see:1.0
report:1.0
scancod:1.0
bio:1.0
info:1.0
good:1.0
luck:1.0
pete:1.0
electrohydrodynam:1.0
laboratori:1.0
fluid:1.0
mechan:1.0
wind:1.0
engin:1.6931471805599454
civil:1.0
depart:1.0
