uzun:2.09861228866811
crash:2.386294361119891
ct:2.09861228866811
com:1.6931471805599454
roger:1.6931471805599454
subject:1.0
winmark:1.6931471805599454
get:1.6931471805599454
articl:1.0
1993apr05:1.0
152921:1.0
24454:1.0
organ:1.0
network:1.0
servic:1.0
ctsnet:1.0
el:1.0
cajon:1.0
ca:1.0
line:1.0
6:1.0
benchmark:1.0
run:1.0
pc:1.0
via:1.0
ftp:1.0
would:1.0
best:1.0
bix:1.0
ruzun:1.0
net:1.0
