robert:2.386294361119891
desonia:2.386294361119891
hal9k:2.09861228866811
ann:2.6094379124341005
arbor:2.6094379124341005
mi:2.09861228866811
u:2.09861228866811
subject:1.0
understand:1.6931471805599454
si:1.0
distribut:1.0
world:1.0
organ:1.0
hal:1.6931471805599454
9000:1.6931471805599454
bb:1.6931471805599454
w:1.6931471805599454
net:1.6931471805599454
hq:1.6931471805599454
michigan:1.0
usa:1.0
repli:1.0
line:1.0
54:1.0
mg:3.0794415416798357
joohwe:1.0
student:1.0
neural:1.0
i:1.0
nu:1.0
sg:1.0
wrote:1.0
ti:1.0
went:1.0
buy:1.0
simm:3.995732273553991
recent:1.0
sale:1.0
person:1.0
told:1.6931471805599454
9:3.0794415416798357
chip:2.791759469228055
3:1.6931471805599454
one:3.302585092994046
use:2.9459101490553135
interchan:1.0
type:1.6931471805599454
believ:1.0
everyth:1.0
tell:1.0
mix:2.386294361119891
bank:3.0794415416798357
ok:1.0
see:1.6931471805599454
unless:1.0
differ:2.09861228866811
speed:1.0
e:2.09861228866811
g:2.09861228866811
60n:1.0
100n:1.0
two:2.6094379124341005
assum:1.6931471805599454
1mx9:2.09861228866811
bit:4.044522437723423
wide:3.6390573296152584
equival:1.6931471805599454
configur:1.0
4:3.1972245773362196
4mbit:1.0
1m:1.0
nibbl:1.0
1:3.0794415416798357
1mbit:1.6931471805599454
total:1.6931471805599454
1mbyte:1.6931471805599454
nine:1.0
way:1.0
pin:1.0
board:1.0
interfac:1.0
act:1.0
2:2.6094379124341005
sorri:1.0
techi:1.0
ya:1.0
tsimilarli:1.0
plug:1.6931471805599454
1mb:1.0
4mb:1.6931471805599454
gi:1.0
system:1.6931471805599454
6:1.0
meg:1.6931471805599454
support:1.0
8:1.6931471805599454
slot:1.0
give:1.0
16mb:1.0
sound:1.0
correct:1.0
problem:1.0
comput:2.09861228866811
take:1.0
size:1.0
ask:1.6931471805599454
simpl:2.09861228866811
32:3.0794415416798357
cpu:1.0
386dx:1.0
486:1.0
data:2.9459101490553135
bu:1.6931471805599454
mechan:1.0
retriev:1.0
memori:1.0
expect:1.0
get:2.09861228866811
bandwidth:1.0
motherboard:1.0
link:1.6931471805599454
pariti:1.6931471805599454
ignor:1.0
explain:1.0
32bit:1.0
mean:1.0
store:1.0
16:1.6931471805599454
togeth:1.0
reason:1.0
286:1.0
requir:1.0
1mx36:1.0
p:1.0
ast:1.0
could:1.6931471805599454
upgrad:1.0
time:1.0
hope:1.0
messag:1.0
head:1.0
answer:1.0
question:1.0
said:1.6931471805599454
rdd:1.0
winqwk:1.0
0b:1.0
0:1.0
unregist:1.0
evalu:1.0
copi:1.0
kmail:1.6931471805599454
95d:1.0
313:1.6931471805599454
663:2.09861228866811
4173:1.6931471805599454
3959:1.6931471805599454
qwk:1.0
usenet:1.6931471805599454
gateway:1.0
four:1.0
14400:1.0
v:1.0
32bi:1.0
dial:1.0
in:1.0
free:1.0
mail:1.0
200:1.0
newsgroup:1.0
pcboard:1.0
14:1.0
5am:1.0
uupcb:1.0
call:1.0
member:1.0
eff:1.0
asp:1.0
asad:1.0
1500mb:1.0
disk:1.0
serv:1.0
sinc:1.0
1988:1.0
