dfr:1.6931471805599454
ioc:2.386294361119891
co:2.386294361119891
uk:2.386294361119891
doug:1.6931471805599454
rabson:1.6931471805599454
subject:1.0
vesa:1.6931471805599454
local:1.0
bu:1.0
line:1.0
7:1.0
nntp:1.0
post:1.0
host:1.0
rhino:1.0
organ:1.0
intellig:1.0
offic:1.0
compani:1.0
ltd:1.6931471805599454
possibl:1.0
plug:1.0
ordinari:1.0
isa:1.0
card:1.0
localbu:1.6931471805599454
slot:2.09861228866811
run:1.0
one:1.0
spare:1.0
email:1.0
phone:1.0
44:1.6931471805599454
81:1.6931471805599454
528:1.6931471805599454
9864:1.0
drabson:1.0
cix:1.0
compulink:1.0
fax:1.0
9878:1.0
