robert:2.386294361119891
desonia:2.386294361119891
hal9k:2.09861228866811
ann:2.6094379124341005
arbor:2.6094379124341005
mi:2.09861228866811
u:2.09861228866811
subject:1.0
dx3:1.6931471805599454
99:2.09861228866811
distribut:1.0
world:1.0
organ:1.0
hal:1.6931471805599454
9000:1.6931471805599454
bb:1.6931471805599454
w:1.6931471805599454
net:1.6931471805599454
hq:1.6931471805599454
michigan:1.0
usa:1.0
repli:1.0
line:1.0
24:1.0
km:2.386294361119891
486dx3:1.0
anyth:1.0
myth:1.0
heard:1.6931471805599454
sourc:1.6931471805599454
trust:1.0
sure:1.0
see:1.0
ad:1.0
machin:1.0
comput:1.6931471805599454
shopper:1.0
intel:1.6931471805599454
pretti:1.6931471805599454
busi:1.0
pentium:1.0
right:1.0
seem:1.0
introduc:1.0
competit:1.0
rumor:2.09861228866811
well:1.0
stori:1.0
differ:1.0
come:1.0
tripl:1.0
clock:1.0
486:1.0
clone:1.0
ibm:1.0
got:1.0
good:1.0
design:1.0
equip:1.0
hav:1.0
never:1.0
wrong:1.0
let:1.0
first:1.0
time:1.0
everyth:1.0
hear:1.0
mill:1.0
turn:1.0
rdd:1.0
winqwk:1.0
2:1.6931471805599454
0b:1.0
0:1.0
unregist:1.0
evalu:1.0
copi:1.0
kmail:1.6931471805599454
95d:1.0
1:1.6931471805599454
313:1.6931471805599454
663:2.09861228866811
4173:1.6931471805599454
3959:1.6931471805599454
qwk:1.0
usenet:1.6931471805599454
gateway:1.0
four:1.0
14400:1.0
v:1.0
32bi:1.0
dial:1.0
in:1.0
free:1.0
mail:1.0
200:1.0
newsgroup:1.0
pcboard:1.0
14:1.0
5am:1.0
uupcb:1.0
call:1.0
member:1.0
eff:1.0
asp:1.0
asad:1.0
1500mb:1.0
disk:1.0
serv:1.0
sinc:1.0
1988:1.0
