robert:2.386294361119891
desonia:2.386294361119891
hal9k:2.09861228866811
ann:2.6094379124341005
arbor:2.6094379124341005
mi:2.09861228866811
u:2.09861228866811
subject:1.0
simm:2.791759469228055
speed:2.386294361119891
distribut:1.0
world:1.0
organ:1.0
hal:1.6931471805599454
9000:1.6931471805599454
bb:1.6931471805599454
w:1.6931471805599454
net:1.6931471805599454
hq:1.6931471805599454
michigan:1.0
usa:1.0
repli:1.0
line:1.0
27:1.0
b:1.0
bk:2.6094379124341005
possibl:1.6931471805599454
plug:1.6931471805599454
70n:2.09861228866811
60n:1.6931471805599454
motherboard:1.6931471805599454
say:1.0
want:1.0
80n:1.0
troubl:1.0
heard:1.0
machin:1.0
problem:1.0
slower:1.0
recommend:1.6931471805599454
memori:1.0
never:1.0
faster:1.0
also:1.0
differ:1.0
ie:1.0
2:2.386294361119891
meg:1.6931471805599454
6:1.0
someth:1.0
like:1.0
sure:1.0
4:1.6931471805599454
one:1.0
bank:1.6931471805599454
486:1.0
mix:1.0
within:1.0
safe:1.0
side:1.0
rdd:1.0
rdesonia:1.0
erim:1.0
org:1.0
winqwk:1.0
0b:1.0
0:1.0
unregist:1.0
evalu:1.0
copi:1.0
kmail:1.6931471805599454
95d:1.0
1:1.6931471805599454
313:1.6931471805599454
663:2.09861228866811
4173:1.6931471805599454
3959:1.6931471805599454
qwk:1.0
usenet:1.6931471805599454
gateway:1.0
four:1.0
14400:1.0
v:1.0
32bi:1.0
dial:1.0
in:1.0
free:1.0
mail:1.0
200:1.0
newsgroup:1.0
pcboard:1.0
14:1.0
5am:1.0
uupcb:1.0
call:1.0
member:1.0
eff:1.0
asp:1.0
asad:1.0
1500mb:1.0
disk:1.0
serv:1.0
sinc:1.0
1988:1.0
