robert:2.6094379124341005
pest:1.6931471805599454
merlicek:1.6931471805599454
subject:1.0
ati:1.6931471805599454
gup:1.0
vpic:1.6931471805599454
nntp:1.0
post:1.0
host:1.0
ctpm:2.09861228866811
uq:1.6931471805599454
oz:1.6931471805599454
au:1.6931471805599454
organ:1.0
csiro:1.0
line:1.0
13:1.0
could:1.0
someon:1.0
tell:1.0
graphic:1.0
ultra:1.0
pro:1.0
support:1.0
version:1.0
locat:1.0
thank:1.0
email:1.0
repli:1.0
would:1.0
appreci:1.0
cbr600:1.0
hell:1.0
engag:1.0
ludicr:1.0
speed:1.0
