gerthd:2.09861228866811
mv:2.6094379124341005
sa:2.791759469228055
com:2.386294361119891
thoma:2.386294361119891
dachsel:2.386294361119891
subject:1.0
quantum:1.6931471805599454
prodriv:1.6931471805599454
80at:1.6931471805599454
drive:2.09861228866811
paramet:2.09861228866811
need:1.0
articl:1.0
19930406091020gerthd:1.0
organ:1.0
institut:1.6931471805599454
inc:1.0
line:1.0
25:1.6931471805599454
nntp:1.0
post:1.0
host:1.0
sdcmv:1.0
hi:1.0
got:1.0
ide:1.0
harddisk:1.0
would:1.0
like:1.0
format:2.6094379124341005
tri:1.6931471805599454
low:1.0
level:1.0
fdisk:2.09861228866811
do:1.0
somehow:1.0
mess:1.0
enter:1.0
mbr:1.0
exactli:1.0
know:1.6931471805599454
suggest:1.0
type:2.386294361119891
38:1.0
21mb:1.0
give:1.6931471805599454
around:1.0
70mb:1.0
nomin:1.0
80mb:1.0
could:1.6931471805599454
use:1.0
user:1.6931471805599454
47:1.6931471805599454
howev:1.0
actual:1.0
cylind:1.0
head:1.0
someon:1.0
work:1.6931471805599454
togeth:1.0
plea:1.0
repli:1.0
email:1.0
thank:1.0
internet:1.0
fidonet:1.0
camel:1.0
fido:1.0
de:1.0
2:1.0
247:1.0
40:1.0
subnet:1.0
rnivh:1.0
rni:1.0
sub:1.0
org:1.0
uucp:1.0
germani:1.0
activ:1.0
phone:1.0
49:2.09861228866811
6221:1.6931471805599454
4150:1.0
6203:1.0
12274:1.0
home:1.0
fax:1.0
415101:1.0
snail:1.0
gmbh:1.0
p:1.0
box:1.0
105307:1.0
w:1.0
6900:1.0
heidelberg:1.0
taglin:1.0
one:1.0
bad:1.0
sector:1.0
ruin:1.0
whole:1.0
day:1.0
