aaron:2.09861228866811
bratcher:2.09861228866811
fpm:1.6931471805599454
uchicago:1.0
edu:1.0
l:1.0
subject:1.0
appletalk:1.6931471805599454
hookup:1.0
articl:1.0
mac:1.0
060493075518:1.0
organ:1.0
univers:1.0
chicago:1.0
line:1.0
3:1.0
way:1.6931471805599454
hook:1.0
network:1.0
use:2.09861228866811
appl:1.0
laserwrit:1.0
appleshar:1.0
file:1.0
server:1.0
also:1.0
le:1.0
memori:1.0
better:1.0
thank:1.0
help:1.0
greatli:1.0
appreci:1.0
