iisakkil:1.0
lk:1.6931471805599454
hp:1.6931471805599454
22:1.6931471805599454
hut:1.6931471805599454
fi:1.6931471805599454
mika:1.0
iisakkila:1.0
subject:1.0
dx3:1.6931471805599454
99:1.6931471805599454
repli:1.0
robert:2.09861228866811
desonia:2.09861228866811
hal9k:1.6931471805599454
ann:1.6931471805599454
arbor:1.6931471805599454
mi:1.6931471805599454
u:1.6931471805599454
messag:1.0
5:1.0
apr:1.0
93:1.0
23:1.0
53:1.0
00:1.0
gmt:1.0
nntp:1.0
post:1.0
host:1.0
organ:1.0
helsinki:1.0
univers:1.0
technolog:1.0
finland:1.0
line:1.0
16:1.0
write:1.0
heard:1.0
rumor:1.0
well:1.0
stori:1.0
differ:1.0
intel:1.6931471805599454
come:1.6931471805599454
tripl:1.6931471805599454
clock:1.6931471805599454
486:1.6931471805599454
clone:1.6931471805599454
ibm:2.386294361119891
rumour:1.0
chip:2.386294361119891
seen:1.0
trade:1.0
show:1.0
last:1.0
fall:1.0
comdex:1.0
someth:1.0
peopl:1.0
drool:1.0
realiz:1.0
fpu:1.6931471805599454
like:1.0
486sx:1.0
evil:1.0
market:1.0
ploy:1.0
tm:1.0
16k:1.0
intern:1.0
cach:1.0
probabl:1.0
save:1.0
silicon:1.0
real:1.6931471805599454
estat:1.0
went:1.0
contract:1.0
allow:1.0
sell:1.0
third:1.0
parti:1.0
unlik:1.0
becom:1.0
avail:1.0
non:1.0
machin:1.0
cours:1.0
noth:1.0
prevent:1.0
compani:1.0
implement:1.0
nobodi:1.0
even:1.0
486dx:1.0
yet:1.0
although:1.0
amd:1.0
soon:1.0
segment:1.0
memori:1.0
help:1.0
structur:1.0
softwar:1.0
