asyvan:1.6931471805599454
solac:2.09861228866811
hsh:1.6931471805599454
se:1.6931471805599454
jen:1.6931471805599454
ejvinson:1.6931471805599454
subject:1.0
980:1.6931471805599454
1mb:1.6931471805599454
sec:2.6094379124341005
hd:1.6931471805599454
transfer:2.09861228866811
slow:1.0
486dx:2.386294361119891
50:2.386294361119891
eisa:2.6094379124341005
ultrastor24f:1.6931471805599454
keyword:1.0
scsi:2.386294361119891
organ:1.0
comput:2.09861228866811
club:1.0
sundsval:1.6931471805599454
sweden:2.09861228866811
line:1.0
44:1.0
1993apr6:1.0
095127:1.0
12261:1.0
odin:1.0
diku:1.6931471805599454
dk:1.6931471805599454
phantom:1.0
haktan:1.0
bulut:1.0
write:1.0
hi:1.0
recent:1.0
switch:1.0
old:1.0
amiga:1.0
500:1.0
configur:1.0
mhz:1.0
8:1.0
256:1.0
kb:2.09861228866811
micron:1.0
motherboard:1.0
asic:1.0
50mhz:1.0
16mb:1.0
ram:1.0
st3283n:1.0
248:1.0
mb:1.0
harddisk:2.791759469228055
cach:1.0
control:1.0
use:1.0
norton6:1.0
0:1.6931471805599454
benchmark:1.6931471805599454
get:3.0794415416798357
data:1.0
sometim:1.0
good:1.0
thought:1.0
could:1.0
2mb:1.6931471805599454
somewher:1.0
manual:1.0
read:1.0
host:1.0
adapt:1.0
need:2.09861228866811
perform:1.6931471805599454
low:1.0
level:1.0
format:1.0
optim:1.0
system:1.6931471805599454
guy:1.0
know:1.0
1:2.09861228866811
st3283a:1.0
isa:1.6931471805599454
faster:1.6931471805599454
anyth:1.0
speedier:1.0
dont:1.0
reli:1.0
often:1.6931471805599454
show:1.0
incorrect:1.0
due:1.0
differ:1.0
tsr:1.0
program:1.0
2:1.6931471805599454
driver:1.0
speed:1.0
card:1.6931471805599454
3:1.0
make:1.0
sure:1.0
oper:1.0
synchronu:1.0
mode:1.0
2x:1.0
4:1.0
disabl:1.0
disconnect:1.0
loo:1.0
mous:1.0
int:1.0
diskacces:1.0
3mb:1.6931471805599454
dx50:1.0
lb:1.6931471805599454
maxtor:1.0
lxt340si:1.0
coretest:1.0
sysinfo:1.0
nackstavagen:1.0
32c:1.0
vii:1.0
tinternet:1.0
853:1.0
52:1.0
tel:1.0
46:1.0
60:1.0
117775:1.0
act:1.0
fax:1.0
nope:1.0
advanc:1.0
technolog:1.0
bb:1.0
yet:1.0
