butzen:1.6931471805599454
binki:1.0
na:1.6931471805599454
nasa:2.09861228866811
gov:1.0
nichola:1.0
subject:1.0
gw2000:1.0
simm:3.1972245773362196
organ:1.0
program:1.0
ame:1.0
research:1.0
center:1.0
moffett:1.0
field:1.0
ca:1.0
line:1.0
29:1.0
actual:1.0
72:1.0
pin:2.6094379124341005
come:1.0
4:2.791759469228055
8:1.6931471805599454
16:1.6931471805599454
32:1.0
64:1.0
soon:1.0
interest:1.6931471805599454
may:1.6931471805599454
abl:1.0
help:1.0
plea:1.6931471805599454
call:1.6931471805599454
415:1.0
324:1.0
2881:1.0
00:1.0
pm:1.0
pdt:1.0
trade:1.0
tnab:1.0
tasan:1.0
done:1.0
mirror:1.0
articl:1.0
1pq2ofinne2t:1.0
darkstar:1.0
ucsc:2.386294361119891
edu:2.9459101490553135
banshe:2.386294361119891
cat:1.6931471805599454
wailer:1.6931471805599454
gate:1.6931471805599454
dawn:1.6931471805599454
write:1.6931471805599454
113956:1.0
bu:2.386294361119891
nshah:1.6931471805599454
acs2:1.0
gateway2000:1.0
483:1.0
33:1.0
local:1.0
system:1.0
slot:2.386294361119891
either:1.0
use:1.6931471805599454
16mb:1.0
question:1.0
receiv:1.0
4x9:1.0
70n:1.0
30:1.0
motherboard:1.0
least:1.0
70:1.6931471805599454
get:1.6931471805599454
wrong:1.6931471805599454
still:1.0
although:1.0
would:1.0
flill:1.0
never:1.0
encount:1.0
long:1.0
anyon:1.0
suggest:1.0
hold:1.0
gateway:1.0
yet:1.0
thank:1.0
post:1.0
net:1.0
ac:1.0
ye:1.0
got:1.0
need:1.0
meg:1.0
flavor:1.0
froofroo:1.0
head:1.0
dod:1.0
0667:1.0
friend:1.0
beast:1.0
ucscb:1.6931471805599454
2:1.0
3:1.0
5:1.0
7:1.0
13:1.0
17:1.0
19:1.0
31:1.0
61:1.0
89:1.0
107:1.0
127:1.0
521:1.0
607:1.0
bitnet:1.0
