mrm:1.0
st:1.6931471805599454
andrew:1.6931471805599454
ac:1.0
uk:1.0
malcolm:1.0
r:1.0
mcleod:1.0
subject:1.0
wen:1.0
20:1.0
monitor:1.6931471805599454
help:1.6931471805599454
organ:1.0
univers:1.0
scotland:1.0
line:1.0
5:1.0
anybodi:1.0
info:1.0
manufactur:1.0
e:1.0
mail:1.0
plea:1.0
scotti:1.0
