glang:1.0
slee01:1.6931471805599454
srl:1.6931471805599454
ford:2.09861228866811
com:1.6931471805599454
gordon:1.6931471805599454
lang:1.0
subject:1.0
ibm:2.386294361119891
valu:2.791759469228055
point:2.791759469228055
organ:1.0
motor:1.0
compani:1.0
research:1.0
laboratori:1.0
line:1.0
33:1.0
nntp:1.0
post:1.0
host:1.0
x:1.0
newsread:1.0
tin:1.0
1:1.6931471805599454
pl5:1.0
acifu:1.6931471805599454
isluga:1.6931471805599454
puc:1.6931471805599454
cl:1.6931471805599454
wrote:1.0
hi:1.0
ti:1.0
chang:1.0
286:1.0
soon:1.0
read:1.0
someth:1.0
p:1.6931471805599454
anyon:1.0
one:1.6931471805599454
video:1.6931471805599454
card:1.6931471805599454
realli:1.0
24:1.0
bit:1.0
much:1.6931471805599454
cost:1.0
u:1.0
tand:1.0
last:1.0
question:1.6931471805599454
486:1.6931471805599454
sx:1.6931471805599454
25mhz:1.0
upgrad:2.386294361119891
dx2:1.0
66mhz:1.0
tthank:1.0
veeeri:1.0
advanc:1.0
talejandro:1.0
cifuent:1.0
h:1.0
tacifu:1.0
answer:1.0
dealer:1.0
provid:1.0
unsolicit:1.0
advic:1.6931471805599454
amus:1.0
kind:1.0
today:1.0
tueday:1.0
4:1.0
6:1.0
93:1.0
suppos:1.0
offici:1.0
announc:1.0
introduct:1.0
vesa:1.6931471805599454
local:1.6931471805599454
bu:1.6931471805599454
system:2.09861228866811
still:1.0
board:1.6931471805599454
disk:1.6931471805599454
far:1.6931471805599454
better:1.6931471805599454
prior:1.0
get:1.6931471805599454
futur:1.0
go:2.09861228866811
buy:1.6931471805599454
three:1.6931471805599454
17:1.0
monitor:1.0
also:1.0
newli:1.0
avail:1.0
immedi:1.0
ultrastor:1.0
34f:1.0
cach:1.0
scsi:1.0
control:1.0
either:1.0
ati:1.0
gup:1.0
viper:1.0
graphic:1.0
486sx:1.0
sytem:1.0
person:1.0
philosophi:1.0
polici:1.0
loss:1.0
free:1.0
earn:1.0
money:1.6931471805599454
pay:1.6931471805599454
tax:1.6931471805599454
spend:1.0
e:1.0
come:1.0
translat:1.0
mean:1.0
take:1.0
infrequ:1.0
larg:1.0
step:1.0
short:1.0
term:1.6931471805599454
long:1.0
avoid:1.0
model:1.6931471805599454
straight:1.0
dx:1.6931471805599454
2:1.0
