himb:1.0
iniki:1.0
soest:1.0
hawaii:1.6931471805599454
edu:1.0
liz:1.0
camarra:1.0
subject:1.0
zeo:2.386294361119891
vesa:1.0
video:1.6931471805599454
chang:1.0
spec:1.0
organ:1.0
school:1.0
ocean:1.0
earth:1.0
scienc:1.0
technolog:1.0
line:1.0
19:1.0
articl:1.0
1993apr06:1.0
154348:1.0
17163:1.0
com:1.6931471805599454
root:1.0
superus:1.0
write:1.0
ncr:1.0
stealth:1.6931471805599454
24:1.6931471805599454
vlb:2.09861228866811
viper:1.0
64ox480:1.0
color:1.0
16:2.6094379124341005
256:2.09861228866811
32k:1.6931471805599454
64k:1.6931471805599454
7m:1.6931471805599454
stuff:1.0
delet:1.0
ram:1.6931471805599454
1m:2.09861228866811
max:1.0
address:1.6931471805599454
vid:1.0
processor:1.0
3m:1.0
2m:1.6931471805599454
note:1.0
even:1.0
though:1.0
805:1.0
2:1.0
meg:1.6931471805599454
dram:1.0
handl:1.0
1:1.0
unless:1.0
diamond:1.0
newer:1.0
design:1.0
special:1.0
deal:1.0
stephen:1.0
lau:1.0
elec:1.0
engin:1.0
univ:1.0
use:1.0
friend:1.0
account:1.6931471805599454
wait:1.0
new:1.0
grad:1.0
death:1.0
fm:1.0
synthesi:1.0
go:1.0
gu:1.0
