enavarro:1.0
nyx:1.0
c:1.0
du:1.0
edu:1.0
emilio:1.6931471805599454
navarro:1.0
subject:1.0
netbio:2.386294361119891
bio:1.6931471805599454
summari:1.0
keyword:1.0
organ:1.0
univers:1.0
denver:1.0
dept:1.0
math:1.0
comp:1.0
sci:1.0
line:1.0
9:1.0
hello:1.0
everyon:1.0
could:1.0
anyon:1.0
tell:1.0
find:1.0
inform:1.0
interrupt:1.0
call:1.0
book:1.0
mayb:1.0
ftp:1.0
site:1.0
thank:1.0
advanc:1.0
