shc:1.0
cbnewsk:1.0
cb:1.0
att:1.0
com:1.0
stephen:1.0
chu:1.6931471805599454
subject:1.0
applic:2.6094379124341005
error:2.6094379124341005
win31:2.386294361119891
organ:1.0
keyword:1.0
memori:1.6931471805599454
line:1.0
60:1.0
h:1.0
e:1.0
l:1.0
p:1.0
problem:2.6094379124341005
get:1.6931471805599454
increas:1.0
frustrat:1.0
everi:1.0
day:1.0
background:1.0
pc:1.0
american:1.0
megatrend:1.0
bio:1.0
clone:1.0
386:1.0
sx:1.0
32m:1.0
ram:1.6931471805599454
config:1.0
sy:1.6931471805599454
file:2.09861228866811
tdevic:1.6931471805599454
c:2.386294361119891
do:1.0
himem:1.0
tdo:1.0
high:1.0
umb:1.0
window:2.09861228866811
emm386:1.6931471805599454
exe:2.386294361119891
noem:1.0
tfile:1.0
30:1.6931471805599454
tbuffer:1.0
tstack:1.0
9:1.0
256:1.0
autoexec:2.09861228866811
bat:2.09861228866811
use:1.0
smartdrv:1.0
cmo:1.0
set:1.0
run:2.6094379124341005
0:1.6931471805599454
wait:1.0
state:1.0
read:1.0
write:1.0
cach:1.0
start:1.0
newli:1.0
instal:2.386294361119891
excel:2.386294361119891
perman:1.0
swap:1.0
size:1.0
18k:1.0
place:1.0
ok:1.0
proceed:1.0
norton:1.0
desktop:1.6931471805599454
version:1.0
2:1.0
also:1.0
allow:1.0
ndw:2.09861228866811
alter:1.0
nav:1.0
came:1.0
tri:2.09861228866811
bring:1.0
right:1.0
middl:1.0
like:1.6931471805599454
click:1.0
select:1.0
mous:1.0
first:1.0
alway:1.6931471805599454
screen:1.6931471805599454
follow:1.6931471805599454
anoth:1.0
variou:1.0
differ:1.0
messag:1.0
stack:1.0
fault:1.6931471805599454
tc1024:1.6931471805599454
drv:1.6931471805599454
address:2.6094379124341005
0001:2.09861228866811
xxxx:2.09861228866811
number:1.0
vga:1.0
driver:1.0
provid:1.0
manufactur:1.0
gener:1.0
protect:1.0
segment:1.0
load:1.6931471805599454
failur:1.0
flag:1.0
someth:1.6931471805599454
mean:1.6931471805599454
absolut:1.0
idea:1.6931471805599454
comment:1.0
tsr:1.0
program:1.0
help:1.0
setup:1.0
tell:1.0
suppos:1.0
know:1.0
look:1.0
cross:1.0
boundari:1.0
plea:1.0
repli:1.0
suggest:1.0
will:1.0
anyth:1.0
steve:1.0
bell:1.0
lab:1.0
holmdel:1.0
nj:1.0
