guyd:2.386294361119891
austin:2.6094379124341005
ibm:2.6094379124341005
com:2.09861228866811
guy:2.09861228866811
dawson:1.6931471805599454
subject:1.0
80486dx:1.6931471805599454
50:3.0794415416798357
v:1.6931471805599454
80586dx2:1.0
origin:1.0
pal500:1.0
organ:1.0
line:1.0
38:1.0
articl:1.0
1993apr06:1.0
121342:1.0
25130:1.0
kub:2.09861228866811
nl:2.09861228866811
volkert:2.09861228866811
write:1.0
anonym:1.0
saw:1.0
post:1.0
choic:1.6931471805599454
80486dx2:1.0
wonder:1.0
although:1.0
dx:1.6931471805599454
faster:2.09861228866811
path:1.0
extern:1.0
cach:1.6931471805599454
dx2:1.6931471805599454
one:1.6931471805599454
made:1.0
work:1.0
properli:1.0
local:2.09861228866811
bu:2.386294361119891
mean:1.0
speed:1.6931471805599454
thing:1.0
block:1.0
video:1.0
get:1.0
will:1.0
specul:1.0
2:1.0
4:1.6931471805599454
time:1.0
fast:1.0
probabl:1.0
expens:1.0
cheap:1.0
technic:1.0
reason:1.0
chip:1.0
set:1.0
support:1.0
486dx50:1.0
25mhz:1.0
wait:1.0
mezzianin:1.0
sp:1.0
vl:1.0
decoupl:1.0
main:1.0
cpu:1.6931471805599454
clock:1.0
allow:1.6931471805599454
mani:1.0
slot:1.0
due:1.0
user:1.0
buffer:1.0
use:1.0
ever:1.0
standard:1.0
card:1.0
next:1.0
bus:1.0
spec:1.0
regard:1.0
jv:1.0
name:1.0
j:1.0
meuldijk:1.0
address:1.0
gildelaar:1.0
4847:1.0
hw:1.0
teteringen:1.0
holland:1.0
e:1.0
mail:1.0
oooo:1.6931471805599454
hoskyn:2.09861228866811
group:1.0
plc:1.0
co:1.0
uk:1.6931471805599454
tel:1.6931471805599454
71:1.0
251:1.0
2128:1.0
usa:1.0
512:1.0
838:1.0
3377:1.0
