guyd:2.386294361119891
austin:2.6094379124341005
ibm:2.791759469228055
com:2.6094379124341005
guy:2.09861228866811
dawson:1.6931471805599454
subject:1.0
dx3:1.6931471805599454
99:2.791759469228055
origin:1.0
pal500:1.0
organ:1.0
line:1.0
32:1.0
articl:1.6931471805599454
1993apr3:1.6931471805599454
163556:1.0
24998:1.0
aio:1.0
jsc:2.386294361119891
nasa:2.386294361119891
gov:2.386294361119891
mancu:2.6094379124341005
sweetpea:1.6931471805599454
keith:1.6931471805599454
write:1.6931471805599454
011823:1.0
22935:1.0
kpc:1.6931471805599454
pcarmack:1.0
gimp:1.0
phil:1.0
carmack:1.0
peopl:1.6931471805599454
perform:1.0
driven:1.0
enough:1.0
buy:1.6931471805599454
pentium:2.09861228866811
tm:1.6931471805599454
system:1.0
first:1.0
place:1.0
sinc:1.0
could:1.0
486dx3:2.386294361119891
would:1.0
run:1.0
exist:1.0
applic:1.0
faster:1.0
certainli:1.0
leagu:1.0
anyth:1.0
myth:1.0
heard:1.0
sourc:1.0
trust:1.0
sure:1.0
see:1.0
ad:1.0
machin:1.0
comput:1.0
shopper:1.0
intel:1.0
pretti:1.0
busi:1.0
right:1.0
seem:1.0
introduc:1.0
competit:1.0
display:1.0
technolog:1.6931471805599454
demo:1.0
effectivli:1.0
mean:1.0
neat:1.0
commit:1.0
make:1.0
item:1.0
butch:1.0
n5wvr:1.0
black:1.0
powder:1.0
alcohol:1.0
state:1.0
citi:1.0
fall:1.0
back:1.0
wall:1.0
lesli:1.0
fish:1.0
hoskyn:2.09861228866811
group:1.0
plc:1.0
co:1.0
uk:1.6931471805599454
tel:1.6931471805599454
71:1.0
251:1.0
2128:1.0
usa:1.0
512:1.0
838:1.0
3377:1.0
