takaharu:1.6931471805599454
mail:1.6931471805599454
sa:1.6931471805599454
upenn:2.09861228866811
edu:2.09861228866811
taka:1.6931471805599454
mizutani:1.6931471805599454
subject:1.0
dx3:1.0
99:1.0
organ:1.0
univers:1.0
pennsylvania:1.0
line:1.0
15:1.0
nntp:1.0
post:1.0
host:1.0
microlab11:1.0
med:1.0
articl:1.0
iisakkil:1.6931471805599454
93apr6153602:1.0
lk:1.6931471805599454
hp:1.6931471805599454
22:1.6931471805599454
hut:1.6931471805599454
fi:1.6931471805599454
mika:1.0
iisakkila:1.0
wrote:1.0
contract:1.0
ibm:2.386294361119891
allow:1.0
sell:1.6931471805599454
486:1.6931471805599454
chip:2.386294361119891
third:1.0
parti:1.0
unlik:1.0
becom:1.0
avail:1.0
non:1.0
machin:1.0
saw:1.0
month:1.0
pc:1.6931471805599454
world:1.0
ad:1.0
comput:1.0
use:1.0
486slc:1.0
think:1.0
restrict:1.0
least:1.0
anymor:1.0
clock:1.0
tripl:1.0
even:1.0
without:1.0
coprocessor:1.0
would:1.0
great:1.0
especi:1.0
16k:1.0
board:1.0
cach:1.0
make:1.0
386:1.0
pin:1.0
compat:1.0
upgrad:1.0
dream:1.0
made:1.0
