larryhow:2.09861228866811
austin:2.09861228866811
ibm:2.09861228866811
com:1.6931471805599454
subject:1.0
laserjet:1.0
iv:1.0
upgrad:1.6931471805599454
1200dpi:1.0
opinion:1.0
origin:1.0
organ:1.0
line:1.0
13:1.0
current:1.0
product:1.0
avail:1.0
resolut:1.6931471805599454
one:1.0
support:1.0
postscript:1.0
experi:1.0
either:1.0
good:1.0
bad:1.0
qualiti:1.0
differ:1.0
realli:1.0
notic:1.6931471805599454
plan:1.0
produc:1.0
camera:1.0
readi:1.0
copi:1.0
home:1.0
higher:1.0
