aovai:2.09861228866811
qube:2.09861228866811
ocunix:1.6931471805599454
ca:1.6931471805599454
subject:1.0
hard:2.09861228866811
disk:1.6931471805599454
question:1.6931471805599454
distribut:1.0
world:1.0
organ:1.0
bb:1.0
line:1.0
18:1.0
hi:1.0
disassembl:1.0
old:1.0
xt:1.0
get:1.0
2:1.6931471805599454
drive:2.9459101490553135
30m:1.0
360k:1.0
floppi:1.6931471805599454
use:1.0
e:1.0
386sx25:1.6931471805599454
current:1.0
80m:1.0
1:1.6931471805599454
2m:1.0
44m:1.0
w:1.6931471805599454
h:1.0
need:1.0
plea:1.0
send:1.0
advic:1.0
comment:1.0
thank:1.0
lot:1.0
av:1.0
via:1.0
dlg:1.0
pro:1.0
v0:1.0
995:1.0
