jchen:1.6931471805599454
wind:1.6931471805599454
bellcor:2.09861228866811
com:2.09861228866811
jason:1.6931471805599454
chen:1.6931471805599454
subject:1.0
plea:1.0
help:2.09861228866811
purchas:1.6931471805599454
486:2.09861228866811
nntp:1.0
post:1.0
host:1.0
repli:1.0
ctt:1.0
organ:1.0
bell:1.0
commun:1.0
research:1.0
line:1.0
47:1.0
last:1.0
time:1.0
microprocessor:1.0
lab:1.0
1980:1.0
use:1.0
z:1.0
80:1.0
know:1.0
lot:1.6931471805599454
buzz:1.0
term:1.0
pc:1.6931471805599454
hardwar:1.0
need:2.386294361119891
ask:2.386294361119891
right:1.0
question:1.6931471805599454
motherboard:1.0
33:1.0
8:1.6931471805599454
mb:1.6931471805599454
ram:1.6931471805599454
additon:1.0
slot:1.0
would:1.6931471805599454
like:1.6931471805599454
get:2.09861228866811
two:1.0
vesa:1.0
local:1.6931471805599454
bu:1.6931471805599454
one:2.6094379124341005
video:2.386294361119891
sure:2.09861228866811
go:1.0
must:1.0
abl:1.0
run:1.6931471805599454
unix:1.0
ensur:1.0
qualiti:1.0
stuff:1.0
import:1.0
featur:1.6931471805599454
monitor:1.0
want:1.6931471805599454
14:1.0
non:1.6931471805599454
interlac:1.0
svga:1.0
brand:1.6931471805599454
afford:1.0
nec:1.0
soni:1.0
consid:1.0
acer:1.0
touch:1.0
el:1.0
card:2.09861228866811
framemak:1.0
fast:1.0
western:1.6931471805599454
digit:1.6931471805599454
worth:1.0
20:1.0
cirru:1.0
logic:1.0
1m:1.0
v:1.0
compani:1.0
50:1.0
normal:1.0
hard:1.0
drive:1.0
segat:1.0
conner:1.0
price:1.0
liabl:1.0
better:1.6931471805599454
performac:1.0
case:1.0
power:1.6931471805599454
suppli:1.6931471805599454
given:1.0
chois:1.0
desktop:1.0
minitow:1.0
adequ:1.0
cool:1.0
gener:1.0
problem:1.0
issu:1.0
miss:1.0
anyth:1.0
semi:1.0
liter:1.0
read:1.0
group:1.0
greatli:1.0
appreci:1.0
