bgrubb:1.0
dant:1.6931471805599454
nmsu:1.6931471805599454
edu:2.09861228866811
grubb:1.0
subject:1.0
ide:2.6094379124341005
v:1.0
scsi:4.58351893845611
organ:1.0
new:1.0
mexico:1.0
state:1.0
univers:1.0
la:1.0
cruce:1.0
nm:1.0
line:1.0
60:1.0
distribut:1.0
world:1.0
nntp:1.0
post:1.0
host:1.0
wlsmith:1.0
valv:1.0
heart:1.0
rri:1.0
uwo:1.0
ca:1.0
wayn:1.0
smith:1.0
write:1.0
answer:1.0
origin:1.0
question:1.0
o:1.6931471805599454
2:3.70805020110221
multi:1.6931471805599454
user:1.0
mention:1.0
made:1.0
ether:1.0
card:1.6931471805599454
either:1.6931471805599454
disk:1.0
data:2.791759469228055
point:1.0
view:1.0
advantag:1.0
come:1.6931471805599454
task:1.0
could:1.0
anywher:1.0
drive:3.5649493574615367
find:1.0
faster:2.09861228866811
get:1.0
comput:1.0
better:1.0
cach:1.0
system:1.0
thought:1.0
good:1.0
manag:1.6931471805599454
bu:1.0
multipl:1.0
devic:3.0794415416798357
attach:1.0
talk:1.0
singl:1.0
explain:1.0
inher:1.0
hard:2.386294361119891
make:1.6931471805599454
mistak:1.0
confus:1.0
interfac:3.1972245773362196
throughput:1.6931471805599454
mac:2.9459101490553135
ibm:3.0794415416798357
info:1.6931471805599454
sheet:1.0
avail:1.0
ftp:1.0
sumex:1.0
aim:1.0
stanford:1.0
36:1.0
44:1.0
0:1.0
6:1.0
report:1.0
compare173:1.0
txt:1.0
expans:2.09861228866811
extern:1.6931471805599454
common:1.6931471805599454
allow:1.6931471805599454
use:2.09861228866811
printer:1.0
scanner:1.0
nubu:1.0
plu:1.0
monitor:1.0
cd:1.0
rom:1.0
appl:1.0
develop:1.6931471805599454
specif:1.6931471805599454
control:2.791759469228055
exact:1.0
result:1.0
ad:1.0
incompat:1.0
machin:1.0
main:1.0
problem:2.386294361119891
lot:1.0
intern:1.0
termin:1.6931471805599454
caus:1.6931471805599454
two:1.0
devi:1.0
port:1.6931471805599454
chain:1.0
suppos:1.0
begin:1.0
end:1.0
set:1.6931471805599454
1:3.0794415416798357
7:1.6931471805599454
per:1.6931471805599454
8:2.386294361119891
bit:3.0794415416798357
asynchron:2.386294361119891
5mb:2.09861228866811
ave:1.0
synchron:1.0
max:1.6931471805599454
transfer:2.09861228866811
base:1.0
16:2.386294361119891
requir:1.0
chip:1.0
provid:1.0
fast:2.386294361119891
wide:2.09861228866811
see:1.0
10:1.0
mode:2.6094379124341005
fulli:1.0
complient:1.0
tend:1.6931471805599454
impliment:1.0
sinc:1.0
need:1.0
differ:1.6931471805599454
hardwar:1.0
expends:1.0
softwar:1.0
speed:1.0
4:1.0
6mb:1.0
10mb:1.0
burst:2.09861228866811
12mb:1.0
20mb:1.6931471805599454
15:1.0
40mb:1.0
32:1.0
limit:2.386294361119891
reduc:1.6931471805599454
due:1.0
hd:1.0
design:1.0
lack:1.0
integr:1.0
electron:1.0
current:1.0
standard:1.0
mainli:1.0
medium:1.0
size:1.0
one:1.0
lowest:1.0
averag:1.0
put:2.6094379124341005
maximum:1.0
full:1.0
blow:1.0
poor:1.0
window:1.0
street:1.0
garbag:1.0
becom:1.0
mechanisim:2.09861228866811
keep:1.0
rate:1.0
bottleneck:1.0
cost:2.6094379124341005
self:1.0
fullil:1.0
prophisi:1.0
peopl:1.0
buy:1.0
expenc:1.6931471805599454
pc:1.0
turn:1.0
convic:1.0
mass:1.0
produc:1.0
would:1.0
unwar:1.0
effect:1.0
rule:1.0
scale:1.0
item:2.09861228866811
sold:1.0
le:1.6931471805599454
bare:1.0
brunt:1.0
manufactur:1.0
