lmebold:1.0
sgcl1:1.0
unisg:1.0
ch:1.0
subject:1.0
isa:3.1972245773362196
eisa:3.0794415416798357
distribut:1.0
comp:1.0
organ:1.0
univers:1.0
st:1.0
gallen:1.0
switzerland:1.0
line:1.0
30:1.0
articl:1.6931471805599454
9apr199312315727:1.0
envmsa:1.6931471805599454
ea:1.6931471805599454
asu:1.6931471805599454
edu:2.386294361119891
firman:1.0
b:1.6931471805599454
write:1.6931471805599454
casey:2.09861228866811
93apr9115458:1.0
grace:1.6931471805599454
wharton:1.6931471805599454
upenn:1.6931471805599454
shawn:1.0
hello:1.0
question:1.0
anyon:1.0
may:1.0
familiar:1.0
sytem:1.0
configur:1.0
1:1.0
switch:1.6931471805599454
board:3.0794415416798357
card:2.386294361119891
system:2.6094379124341005
seem:1.0
work:1.0
problem:2.386294361119891
ever:1.0
interupt:1.0
continu:1.0
understand:1.0
abl:1.0
handl:1.0
irq:1.6931471805599454
confict:1.6931471805599454
run:1.6931471805599454
window:2.386294361119891
tproblem:1.0
network:1.0
via:1.0
telnet:1.0
tcp:1.0
ip:1.0
trun:1.0
kick:1.0
u:1.0
within:1.0
ti:1.0
assum:1.0
also:1.6931471805599454
memori:1.6931471805599454
address:1.0
happen:1.0
base:1.0
far:1.0
know:1.0
use:2.386294361119891
mother:1.0
el:1.0
comput:1.0
slower:1.0
bill:1.0
nonsens:1.0
without:1.0
speed:1.0
luke:1.0
