guyd:2.386294361119891
austin:2.6094379124341005
ibm:2.6094379124341005
com:2.09861228866811
guy:2.09861228866811
dawson:1.6931471805599454
subject:1.0
vesa:1.6931471805599454
local:2.6094379124341005
bu:3.0794415416798357
origin:1.0
pal500:1.0
organ:1.0
line:1.0
48:1.0
articl:1.6931471805599454
1993apr15:1.0
133138:1.0
17369:1.0
cc:1.0
umontr:2.09861228866811
ca:2.09861228866811
gregof:1.6931471805599454
jsp:1.6931471805599454
grego:1.0
filippo:1.0
write:1.0
hi:1.0
fellow:1.0
netter:1.0
question:1.0
gon:1.0
na:1.0
buy:1.0
486dx2:1.0
66:1.0
mhz:1.0
speed:1.6931471805599454
benefit:1.0
great:1.0
would:1.6931471805599454
wise:1.0
spend:1.0
system:1.0
hd:1.0
control:1.6931471805599454
graphic:1.0
card:2.791759469228055
normal:1.0
use:2.386294361119891
mean:1.0
server:1.0
also:1.0
read:1.0
someon:1.0
sorri:1.0
rememb:1.0
name:1.0
said:1.0
even:1.0
though:1.0
hard:1.0
disk:1.6931471805599454
perform:1.0
much:1.0
greater:1.0
throughtput:1.0
fast:1.6931471805599454
peripher:1.0
cope:1.0
someth:1.0
bear:1.0
mind:1.0
v:1.6931471805599454
vlb:2.09861228866811
stand:1.0
video:1.6931471805599454
origion:1.0
intent:1.0
larg:1.0
memori:2.386294361119891
transfer:1.6931471805599454
faster:1.0
espic:1.0
data:1.6931471805599454
main:1.0
sinc:1.0
usual:1.0
3:1.0
slot:1.0
maker:1.0
make:1.0
fit:1.0
two:1.0
ethernet:1.0
move:1.0
130:1.0
odd:1.0
mb:1.0
wait:1.0
tickl:1.0
onto:1.0
net:1.0
1mb:1.0
howev:1.0
free:1.0
time:1.0
need:1.0
bus:1.0
sometim:1.0
thank:1.0
hoskyn:2.09861228866811
group:1.0
plc:1.0
co:1.0
uk:1.6931471805599454
tel:1.6931471805599454
71:1.0
251:1.0
2128:1.0
usa:1.0
512:1.0
838:1.0
3377:1.0
