jk:2.386294361119891
tool:2.791759469228055
de:3.302585092994046
juergen:1.6931471805599454
keil:1.6931471805599454
subject:1.0
sun:1.0
cd:1.0
rom:1.0
pc:2.09861228866811
organ:1.0
gmbh:1.0
bonn:1.0
germani:1.0
line:1.0
15:1.6931471805599454
93apr14173040:1.0
leo:1.6931471805599454
1993apr14:1.0
195220:1.0
21701:1.0
nb:1.0
rockwel:1.0
com:1.0
1993apr15:1.6931471805599454
040231:1.6931471805599454
17561:1.6931471805599454
c3p0:2.386294361119891
novel:2.791759469228055
nntp:1.0
post:1.0
host:1.0
repli:1.0
pbartok:1.6931471805599454
messag:1.0
thu:1.0
apr:1.0
1993:1.0
04:1.0
02:1.0
31:1.0
gmt:1.0
articl:1.0
peter:1.0
bartok:1.0
write:1.0
great:1.0
let:1.0
effort:1.0
talent:1.0
un:1.0
notic:1.0
put:1.6931471805599454
program:1.0
net:1.0
upload:1.0
anonym:1.0
ftp:2.09861228866811
site:1.0
peopl:1.0
least:1.0
appreci:1.0
plea:1.0
193:1.6931471805599454
97:1.6931471805599454
1:2.386294361119891
pub:1.6931471805599454
incom:1.0
ok:1.0
small:1.0
programm:1.0
use:1.6931471805599454
switch:1.0
suncd:1.0
drive:1.0
2048:1.0
byte:1.0
block:1.0
mode:1.0
msdo:1.0
adaptec:1.6931471805599454
apsi:1.0
avail:1.0
tftp:1.0
cdblksize:1.0
zip:1.0
uunet:1.0
mcsun:1.0
unido:1.0
