marka:1.6931471805599454
hcx1:1.6931471805599454
ssd:2.09861228866811
csd:2.386294361119891
harri:2.386294361119891
com:2.09861228866811
mark:1.0
ashley:1.0
subject:1.0
tape:2.09861228866811
backup:1.6931471805599454
window:1.6931471805599454
organ:1.6931471805599454
ft:1.0
lauderdal:1.0
fl:1.0
line:1.0
18:1.0
nntp:1.0
post:1.0
host:1.0
look:1.6931471805599454
complet:1.0
hw:1.0
sw:1.0
solut:1.0
need:1.0
isa:1.6931471805599454
vlb:1.0
scsi:1.6931471805599454
control:1.6931471805599454
e:1.6931471805599454
g:1.0
ultrastor:1.0
34f:1.0
plu:1.6931471805599454
drive:1.0
500mb:1.0
le:1.0
like:1.6931471805599454
archiv:1.0
program:1.0
work:1.0
intend:1.0
system:1.0
32mb:1.0
ram:1.0
plain:1.0
longer:1.0
also:1.0
hear:1.0
world:1.0
anybodi:1.0
setup:1.0
plea:1.6931471805599454
describ:1.0
thank:1.0
mail:1.0
gcx1:1.0
