goyal:1.6931471805599454
utdalla:1.6931471805599454
edu:1.6931471805599454
mohit:1.0
k:1.0
subject:1.0
refresh:1.6931471805599454
rate:1.6931471805599454
nec:1.6931471805599454
5fgx:1.6931471805599454
nntp:1.0
post:1.0
host:1.0
csclass:1.0
organ:1.0
univ:1.0
texa:1.0
dalla:1.0
line:1.0
5:1.0
someon:1.0
tell:1.0
maximum:1.0
horizont:1.0
vertic:1.0
5fge:1.0
thank:1.0
