korenek:2.386294361119891
ferranti:2.09861228866811
com:1.6931471805599454
gari:1.6931471805599454
subject:1.0
80486dx:1.0
50:2.386294361119891
v:1.0
80486dx2:1.0
organ:1.0
network:1.6931471805599454
manag:1.6931471805599454
technolog:1.6931471805599454
inc:1.0
line:1.0
26:1.0
articl:1.0
1qd5bcinnmep:1.0
golem:1.6931471805599454
wcc:1.6931471805599454
govt:1.6931471805599454
nz:1.6931471805599454
hamilton:2.09861228866811
michael:1.6931471805599454
write:1.0
definitli:1.0
seen:1.0
mother:1.0
board:1.0
2:1.0
local:1.0
bu:2.791759469228055
slot:1.0
claim:1.0
abl:1.0
support:1.6931471805599454
cpu:2.6094379124341005
includ:1.0
dx2:1.0
66:1.0
dx50:1.0
someon:1.0
throw:1.0
inform:1.0
light:1.0
issu:1.0
motherboard:1.6931471805599454
vl:2.791759469228055
dx:1.6931471805599454
option:1.0
bio:1.0
think:1.0
addit:1.0
wait:2.09861228866811
ad:1.0
regard:1.0
transact:1.6931471805599454
slow:1.0
rate:1.0
give:1.0
devic:2.09861228866811
time:1.0
thing:1.0
particular:1.0
appli:1.0
want:1.0
enabl:1.0
use:1.0
read:1.0
manual:1.0
interpr:1.0
tation:1.0
mileag:1.0
may:1.0
vari:1.0
strictli:1.0
speak:1.0
50mhz:1.0
compat:1.0
least:1.0
one:1.0
fudg:1.0
mechan:1.0
physic:1.0
allow:1.0
work:1.0
incorpor:1.0
formerli:1.0
intern:1.0
control:1.0
corp:1.0
sugar:1.0
land:1.0
texa:1.0
713:1.0
274:1.0
5357:1.0
