koberg:1.6931471805599454
spot:1.6931471805599454
colorado:2.09861228866811
edu:1.6931471805599454
allen:1.6931471805599454
subject:1.0
bu:2.6094379124341005
clk:2.09861228866811
speed:1.0
nntp:1.0
post:1.6931471805599454
host:1.0
organ:1.0
univers:1.0
boulder:1.0
line:1.0
24:1.0
articl:1.0
12934:1.0
73:1.0
uupcb:1.0
hal9k:1.6931471805599454
ann:1.6931471805599454
arbor:1.6931471805599454
mi:1.6931471805599454
u:1.6931471805599454
robert:1.6931471805599454
desonia:1.6931471805599454
write:1.0
one:1.0
param:1.0
bio:1.0
setup:1.0
say:1.0
clock:1.0
beyond:1.0
isa:1.6931471805599454
spec:1.0
may:1.0
ok:1.0
card:1.6931471805599454
run:1.0
fast:1.0
would:1.0
set:2.386294361119891
3:1.6931471805599454
fact:1.0
back:1.6931471805599454
anyth:1.0
act:1.0
weird:1.0
e:1.0
g:1.0
get:2.09861228866811
unexplain:1.0
floppi:1.0
drive:1.0
error:1.6931471805599454
modem:1.0
lock:1.0
video:1.0
problem:1.6931471805599454
etc:1.6931471805599454
overdr:1.6931471805599454
first:1.0
thing:1.0
check:1.0
system:1.0
pretti:1.0
safe:1.0
long:1.0
still:1.0
work:1.6931471805599454
flawlessli:1.0
suggest:1.0
hd:1.0
play:1.6931471805599454
though:1.0
486dx:1.0
50:1.6931471805599454
realli:1.0
dx2:1.0
16:1.0
67:1.0
mhz:1.6931471805599454
soundblast:1.0
pro:1.0
zoom:1.0
14:1.0
4:1.0
fxm:1.0
rll:1.0
control:1.0
fine:1.0
2:1.0
25:1.0
simpli:1.0
past:1.0
routin:1.0
doubt:1.0
could:1.0
actual:1.0
damag:1.0
much:1.0
