rmbult01:2.09861228866811
starbas:2.386294361119891
spd:2.386294361119891
louisvil:2.9459101490553135
edu:2.386294361119891
robert:2.09861228866811
bultman:2.09861228866811
subject:1.0
ast:2.386294361119891
hot:2.386294361119891
shot:2.386294361119891
286:2.386294361119891
summari:1.0
nntp:1.0
post:1.0
host:1.0
organ:1.0
univers:2.09861228866811
keyword:1.0
line:1.0
23:1.0
recent:1.0
acquir:1.0
acceller:1.0
board:1.0
8088:1.0
san:1.0
document:1.0
anyon:1.0
know:1.0
dip:1.0
switch:1.0
back:1.0
card:1.6931471805599454
come:1.0
softwar:1.0
help:1.0
inform:1.0
would:1.0
greatli:1.0
appreci:1.0
thank:1.0
rob:1.0
speed:1.6931471805599454
scientif:1.6931471805599454
school:1.6931471805599454
internet:1.6931471805599454
