phil:3.0794415416798357
howtek:2.791759469228055
mv:2.386294361119891
com:2.9459101490553135
hunt:2.09861228866811
subject:1.0
port:2.6094379124341005
modem:3.0794415416798357
mous:2.791759469228055
conflict:1.6931471805599454
realli:1.6931471805599454
organ:1.0
inc:1.6931471805599454
repli:1.0
x:1.0
mailer:1.0
uaccess:1.0
macintosh:1.0
releas:1.0
1:2.09861228866811
6v2:1.0
line:1.0
43:1.0
articl:1.0
1993apr11:1.0
120848:1.0
493:1.0
wnbb:1.6931471805599454
nbg:1.6931471805599454
sub:1.6931471805599454
org:1.6931471805599454
comp:2.09861228866811
sy:1.6931471805599454
ibm:2.09861228866811
pc:2.791759469228055
hardwar:1.0
alt:1.0
msdo:1.0
programm:1.0
misc:1.6931471805599454
uw:1.6931471805599454
gener:1.0
forsal:1.0
comput:1.0
dcom:1.0
oli:1.6931471805599454
oliv:1.0
duesel:1.0
write:2.09861228866811
hi:1.6931471805599454
yuri:1.6931471805599454
windi:1.0
berkeley:1.0
edu:1.0
yulaev:1.0
ti:1.0
1p:1.0
1g:1.0
card:1.6931471805599454
386:1.0
40:1.0
plug:1.6931471805599454
wang:1.0
com4:1.0
work:2.09861228866811
chang:1.6931471805599454
com1:2.791759469228055
program:1.0
chkport:1.0
give:1.0
diagnost:1.0
like:1.6931471805599454
possibl:1.0
irq:2.9459101490553135
driver:1.0
memori:1.0
sinc:1.0
io:1.0
one:1.6931471805599454
serial:1.6931471805599454
default:1.0
m:1.0
do:1.0
share:1.6931471805599454
set:2.386294361119891
either:1.0
com2:1.6931471805599454
use:1.6931471805599454
differ:1.6931471805599454
adress:1.0
two:1.0
devic:1.0
onto:1.0
com3:2.09861228866811
2:1.6931471805599454
4:2.09861228866811
latter:1.0
alway:1.0
win:1.0
e:1.6931471805599454
start:1.0
stop:1.0
reboot:1.0
problem:1.0
anyth:1.0
peripher:1.0
hope:1.0
help:1.0
bit:1.0
tbi:1.0
kind:1.0
new:1.0
stuff:1.0
machin:1.0
and3:1.0
mean:1.0
expect:1.0
answer:1.0
matter:1.0
wherev:1.0
go:1.0
internet:1.0
uucp:1.0
decvax:1.0
harvard:1.0
