brentw:1.6931471805599454
netcom:2.09861228866811
com:2.09861228866811
brent:1.6931471805599454
c:2.386294361119891
william:1.6931471805599454
subject:1.0
colorado:2.09861228866811
jumbo:1.6931471805599454
250:2.791759469228055
gateway:2.09861228866811
2000:1.0
organ:1.0
line:1.6931471805599454
commun:1.0
servic:1.0
408:1.0
241:1.0
9760:1.0
guest:1.0
59:1.0
pd:1.6931471805599454
world:1.0
std:1.0
peter:1.0
f:1.0
davi:1.0
write:2.386294361119891
instal:1.0
new:1.0
tape:3.302585092994046
backup:2.6094379124341005
unit:1.6931471805599454
coupl:1.6931471805599454
complaint:1.0
know:1.0
common:1.0
seriou:1.0
problem:1.6931471805599454
may:1.0
would:2.09861228866811
appreci:1.6931471805599454
feedback:1.6931471805599454
other:1.0
use:1.0
system:2.791759469228055
btw:1.0
4dx2:1.0
66v:1.0
tower:1.6931471805599454
ti:2.09861228866811
similar:1.0
configur:1.6931471805599454
250mb:2.09861228866811
66:1.0
dx:1.0
2:1.6931471805599454
tfirstli:1.0
ship:1.0
120:1.0
mb:2.6094379124341005
even:1.0
though:1.0
tdrive:1.0
call:2.09861228866811
complain:1.0
tsaid:1.0
carri:1.6931471805599454
compress:1.6931471805599454
tfit:1.0
one:1.0
mayb:1.0
pay:1.0
textra:1.0
larg:1.0
capac:1.6931471805599454
drive:2.09861228866811
tyou:1.0
got:1.0
sucker:1.0
way:1.6931471805599454
silli:1.0
believ:1.0
tthat:1.0
logo:1.0
front:1.0
meant:1.0
actual:1.0
tthe:2.6094379124341005
peopl:1.0
sort:1.0
thing:1.6931471805599454
live:1.0
market:1.0
lawyer:1.0
prosecut:1.0
fraud:1.0
tperhap:1.0
bunch:1.0
dupe:1.0
buyer:1.0
march:1.0
ttheir:1.0
corpor:1.0
headquart:1.0
230:1.0
data:1.6931471805599454
choos:1.0
tspace:1.0
optim:1.0
scheme:1.0
start:1.0
full:1.0
softwar:1.0
estim:1.0
take:1.6931471805599454
22:1.0
minut:1.6931471805599454
ttook:1.0
4:1.6931471805599454
1:1.0
hour:1.6931471805599454
sound:1.0
right:1.0
tthi:1.6931471805599454
bit:1.0
long:1.0
45:1.0
usual:1.0
5:1.0
particularli:1.0
grind:1.0
away:1.0
whole:1.0
time:1.0
mean:1.0
block:1.6931471805599454
size:2.09861228866811
small:1.0
chang:1.0
tsize:1.0
buffer:1.0
bigger:1.0
tdure:1.0
dozen:1.0
file:2.6094379124341005
came:1.0
access:1.0
tdeni:1.0
error:1.0
window:1.6931471805599454
comm:1.0
drv:1.6931471805599454
keyboard:1.0
shell:1.0
dll:1.0
etc:1.0
also:1.6931471805599454
tc:1.0
progman:1.0
exe:1.0
tdirectori:1.0
anyon:1.0
el:1.0
happen:1.0
open:1.0
do:1.6931471805599454
ttape:1.0
directori:1.6931471805599454
like:1.0
execut:1.0
tfile:1.0
recommend:1.0
run:1.0
tfrom:1.0
make:1.0
complet:1.0
thank:1.6931471805599454
hear:1.0
good:1.6931471805599454
sourc:1.0
blank:1.0
cartridg:1.6931471805599454
prefer:1.0
sinc:1.0
twon:1.0
physic:1.0
san:1.0
jose:1.0
california:1.0
