els390r:2.09861228866811
fawlty1:1.6931471805599454
eng:1.6931471805599454
monash:2.6094379124341005
edu:2.386294361119891
au:2.386294361119891
g:1.6931471805599454
chow:1.6931471805599454
subject:1.0
esdi:2.791759469228055
ide:2.791759469228055
organ:1.0
univers:1.0
line:1.0
27:1.0
articl:1.0
1qegfd:1.0
dqi:1.0
wsinis03:1.6931471805599454
info:1.6931471805599454
win:2.09861228866811
tue:2.09861228866811
nl:2.09861228866811
monti:1.6931471805599454
guido:2.09861228866811
leender:1.0
write:1.0
hi:1.0
possibl:2.386294361119891
use:2.6094379124341005
control:2.6094379124341005
hdd:1.6931471805599454
togeth:1.6931471805599454
harddisk:1.0
one:1.0
isa:1.0
system:1.0
read:1.0
stuff:1.0
secondari:1.0
trick:1.0
work:1.6931471805599454
thanx:1.0
advanc:1.0
question:1.0
drive:2.6094379124341005
master:1.0
slave:1.0
moment:1.0
recent:1.0
bought:1.0
2nd:1.0
person:1.0
comput:1.0
shop:1.0
told:1.0
run:1.6931471805599454
2:1.0
disk:1.0
card:1.0
motherboard:1.0
think:1.0
might:1.0
way:1.0
make:1.0
anybodi:1.6931471805599454
enlighten:1.0
vice:1.0
versa:1.0
plea:1.0
help:1.6931471805599454
much:1.0
appreci:1.0
mdw013:1.0
cc:1.6931471805599454
gtchow:1.0
yoyo:1.0
