ronaldm:2.386294361119891
extro:2.6094379124341005
ucc:2.6094379124341005
su:2.6094379124341005
oz:2.6094379124341005
au:2.6094379124341005
ron:2.386294361119891
mastu:2.09861228866811
subject:1.0
problem:1.6931471805599454
adaptec:2.9459101490553135
1542b:2.386294361119891
scsi:2.791759469228055
jumbo:2.9459101490553135
tape:2.791759469228055
drive:2.9459101490553135
summari:1.0
get:1.0
work:2.386294361119891
togeth:1.6931471805599454
keyword:1.0
cm:1.0
nntp:1.0
post:1.0
host:1.0
organ:1.0
sydney:1.6931471805599454
univers:1.0
comput:1.0
servic:1.0
nsw:1.0
australia:1.6931471805599454
line:1.0
39:1.0
hi:1.0
replac:1.0
exist:1.6931471805599454
dtc:1.0
control:2.09861228866811
troubl:2.09861228866811
restor:2.09861228866811
250:1.6931471805599454
instal:1.0
do:1.0
recognis:1.0
ide:2.6094379124341005
howev:1.0
went:1.0
backup:1.0
found:1.0
extrem:1.0
slow:1.0
estim:1.0
time:1.6931471805599454
3:1.0
min:1.6931471805599454
actual:1.0
15:1.0
seem:1.0
rememb:1.0
read:1.0
set:1.0
chang:1.0
enabl:1.0
find:1.0
mention:1.0
manual:1.0
system:1.0
config:1.0
i486dx:1.0
33:1.0
4mb:1.0
run:2.09861228866811
180mb:1.0
fujitsu:1.0
200mb:1.0
floppi:1.0
help:1.0
would:1.0
appreci:1.0
thank:1.0
41:1.6931471805599454
mariposa:1.6931471805599454
rd:1.6931471805599454
phone:1.6931471805599454
61:2.09861228866811
2:2.09861228866811
bilgola:1.6931471805599454
plateau:1.6931471805599454
2107:1.6931471805599454
918:1.0
8152:1.0
home:1.0
