cscon101:1.0
uoft02:1.0
utoledo:1.0
edu:1.0
subject:1.0
1:1.6931471805599454
800:1.6931471805599454
832:1.6931471805599454
4778:1.6931471805599454
western:1.6931471805599454
digit:1.6931471805599454
repli:1.0
organ:1.0
univers:1.0
toledo:1.0
comput:1.0
servic:1.0
line:1.0
3:1.0
voic:1.0
mail:1.0
get:1.0
inform:1.0
mani:1.0
drive:1.0
actual:1.0
person:1.0
end:1.0
