s903146:1.0
mailserv:1.0
cuhk:2.09861228866811
hk:2.09861228866811
subject:1.6931471805599454
dos6:1.6931471805599454
boot:2.6094379124341005
disk:2.09861228866811
requir:2.09861228866811
want:2.386294361119891
emm386:1.6931471805599454
load:2.09861228866811
nntp:1.0
post:1.0
host:1.0
wksa16:1.0
csc:1.0
organ:1.0
comput:1.0
servic:1.0
centr:1.0
c:2.386294361119891
u:1.0
h:1.0
k:1.0
distribut:1.0
usa:1.0
line:1.6931471805599454
20:1.0
articl:1.0
ls91poinnsvf:1.0
levelland:1.0
utexa:2.09861228866811
edu:2.09861228866811
sm:1.6931471805599454
stephen:1.6931471805599454
mark:1.6931471805599454
sanderson:1.6931471805599454
write:1.0
date:1.0
8:1.0
apr:1.0
1993:1.0
15:1.0
12:1.0
40:1.0
0500:1.0
everybodi:1.0
do:2.386294361119891
6:2.09861228866811
user:1.0
particular:1.0
take:1.0
note:1.0
play:1.0
game:1.0
hate:1.0
use:1.6931471805599454
upper:1.0
memori:1.0
manag:1.0
problem:1.6931471805599454
system:1.0
start:1.0
hit:1.0
f5:1.0
key:2.09861228866811
tell:1.0
bypass:1.6931471805599454
config:2.9459101490553135
autoexec:1.0
altogeth:1.0
get:1.0
plain:1.0
gener:1.0
session:1.0
noth:1.0
anoth:1.0
function:1.6931471805599454
actual:1.0
step:2.09861228866811
thru:1.0
sy:2.791759469228055
ask:1.0
execut:1.0
forgotten:1.0
moment:1.0
tri:1.6931471805599454
find:1.6931471805599454
think:1.0
f9:1.0
need:1.0
0:1.0
multi:1.6931471805599454
kind:1.0
choos:1.0
startup:1.0
good:1.0
conflict:1.0
qemm:1.0
say:1.0
f8:1.0
trace:1.0
sorri:1.0
error:1.0
phillip:1.0
phillipau:1.0
