dtodd:1.0
titan:1.6931471805599454
uc:1.6931471805599454
uma:2.386294361119891
edu:2.386294361119891
david:2.386294361119891
todd:2.386294361119891
subject:1.0
video:2.09861228866811
board:1.6931471805599454
system:1.6931471805599454
organ:1.0
univers:1.6931471805599454
massachusett:1.6931471805599454
amherst:1.6931471805599454
line:1.0
40:1.0
repli:1.0
psych:1.6931471805599454
nntp:1.0
post:1.6931471805599454
host:1.0
appreci:1.0
advic:1.6931471805599454
card:1.0
486:1.0
33:1.0
dx:1.0
16:1.0
mb:1.0
ram:1.0
novel:1.0
3:1.0
11:1.0
network:1.0
monitor:1.6931471805599454
nec:1.0
4fge:1.0
capabl:1.0
76:1.0
hz:1.0
vertic:1.0
refresh:1.0
rate:1.0
major:1.0
consider:1.6931471805599454
expect:1.6931471805599454
work:2.09861228866811
mostli:2.09861228866811
window:1.6931471805599454
do:1.6931471805599454
applic:1.0
would:1.0
want:1.0
decent:1.0
speed:1.6931471805599454
word:1.0
process:1.0
databas:1.6931471805599454
commun:1.0
much:1.6931471805599454
intens:1.0
graphic:1.0
15:1.0
800x600:1.0
256:1.0
color:1.0
seem:1.0
plenti:1.0
like:2.09861228866811
imag:1.0
sharp:1.0
fast:1.0
rock:1.0
solid:1.0
sometim:1.0
run:1.0
unix:1.0
clone:1.0
coher:1.0
understand:1.0
compani:1.6931471805599454
e:1.0
g:1.0
diamond:1.0
encourag:1.0
third:1.0
parti:1.0
develop:1.0
driver:1.0
might:1.0
move:1.0
o:1.0
2:1.0
decid:1.0
need:1.0
better:1.0
reliabl:1.0
get:1.6931471805599454
multitask:1.0
local:1.6931471805599454
bu:1.6931471805599454
motherboard:1.0
sure:1.0
invest:1.0
isa:1.0
versu:1.0
someth:1.0
le:1.0
expens:1.0
upgrad:1.0
later:1.0
buy:1.0
thing:1.0
treat:1.0
custom:1.0
well:1.0
love:1.0
hear:1.0
via:1.0
email:1.0
thank:1.0
depart:1.0
psycholog:1.0
01003:1.0
usa:1.0
phone:1.0
413:1.6931471805599454
545:1.6931471805599454
0158:1.0
fax:1.0
0996:1.0
