timhu:1.6931471805599454
ico:1.6931471805599454
isc:1.6931471805599454
com:1.6931471805599454
timothi:1.6931471805599454
hu:1.6931471805599454
subject:1.0
hard:2.386294361119891
disk:1.6931471805599454
question:1.6931471805599454
organ:1.0
interact:1.6931471805599454
system:1.6931471805599454
corp:1.0
boulder:1.0
co:1.0
line:1.0
24:1.0
articl:1.0
aovai:2.09861228866811
0bp4:1.0
qube:1.6931471805599454
ocunix:1.6931471805599454
ca:1.6931471805599454
write:1.0
hi:1.0
disassembl:1.0
old:1.0
xt:2.09861228866811
get:1.0
2:1.6931471805599454
drive:3.4849066497880004
30m:1.0
360k:1.6931471805599454
floppi:2.09861228866811
use:2.6094379124341005
e:1.0
386sx25:1.6931471805599454
current:1.0
80m:1.0
1:1.6931471805599454
2m:1.0
44m:1.0
w:1.6931471805599454
h:1.0
need:1.0
would:1.6931471805599454
doubt:1.0
abl:2.09861228866811
usual:1.0
came:1.0
mfm:1.0
rll:1.0
flavor:1.0
bet:1.0
386sx:2.09861228866811
ide:1.0
two:1.0
compat:1.0
control:2.386294361119891
howev:1.0
might:1.6931471805599454
plug:1.0
exist:1.0
think:1.0
intellig:1.0
lack:1.0
express:1.0
corpor:1.0
necessarili:1.0
reflect:1.0
resourc:1.0
solut:1.0
intern:1.0
anyon:1.0
el:1.0
also:1.0
thu:1.0
grips0:1.0
uwyo:1.0
edu:1.0
