penev:2.6094379124341005
rockefel:2.6094379124341005
edu:2.6094379124341005
penio:1.6931471805599454
subject:1.0
486:2.386294361119891
66dx2:1.6931471805599454
isa:1.6931471805599454
v:1.0
50dx2:1.6931471805599454
eisa:2.09861228866811
repli:1.0
venezia:2.09861228866811
organ:1.0
univers:1.0
x:1.6931471805599454
newsread:1.0
tin:1.0
version:1.0
1:1.6931471805599454
pl8:1.0
post:1.6931471805599454
nntp:1.0
host:1.0
sol:1.0
ctr:1.0
columbia:1.0
line:1.0
14:1.0
fri:1.0
16:1.0
apr:1.0
1993:1.0
10:1.0
00:1.0
19:1.0
gmt:1.0
jesper:1.0
honig:1.0
spring:1.6931471805599454
diku:1.0
dk:1.0
wrote:1.0
anyon:1.0
give:1.0
opinion:1.0
system:2.09861228866811
got:1.0
best:1.0
overal:1.0
perform:1.0
bu:1.6931471805599454
468dx2:1.0
66:1.0
vesa:1.0
royal:1.0
among:1.0
other:1.0
cell:1.0
2010:1.0
x7423:1.0
212:1.0
327:1.0
7423:1.0
w:1.0
internet:1.0
disclaim:1.0
oppinion:1.0
mine:1.0
