wlsmith:1.0
valv:1.6931471805599454
heart:1.6931471805599454
rri:1.6931471805599454
uwo:1.6931471805599454
ca:1.6931471805599454
wayn:1.0
smith:1.0
subject:1.0
recommend:1.0
local:1.0
bu:2.791759469228055
cach:1.6931471805599454
ide:3.0794415416798357
control:2.6094379124341005
organ:1.0
john:1.0
p:1.6931471805599454
robart:1.0
research:1.0
institut:1.0
london:1.0
ontario:1.0
distribut:1.0
usa:1.0
nntp:1.0
post:1.0
host:1.0
line:1.0
33:1.0
articl:1.0
1993apr16:1.0
074836:1.0
6819:1.0
sol:1.0
ctr:1.0
columbia:1.0
edu:1.6931471805599454
penev:1.0
venezia:1.0
rockefel:1.0
write:1.0
would:1.6931471805599454
like:1.6931471805599454
hear:1.0
net:1.6931471805599454
wisdom:1.0
opinion:1.0
liek:1.0
get:1.6931471805599454
card:1.0
vlb:2.386294361119891
dx2:1.6931471805599454
66:1.6931471805599454
motherboard:1.0
good:1.0
option:1.0
prefer:1.0
200:1.0
must:1.0
also:1.0
work:1.0
o:1.0
2:1.6931471805599454
compat:1.0
stacker:1.0
disk:1.0
compress:1.0
w:1.0
maxtor:2.09861228866811
212mb:1.0
isa:2.09861228866811
although:1.0
machin:1.0
save:1.6931471805599454
transfer:1.0
rate:1.0
0:1.6931471805599454
647:1.0
mb:1.6931471805599454
regardless:1.0
variat:1.0
speed:2.386294361119891
test:1.0
5:2.386294361119891
5mhz:1.0
8:2.09861228866811
33mhz:1.0
differ:1.0
problem:1.0
interfac:1.0
memori:1.0
advic:1.0
buy:1.0
4meg:1.0
ram:1.0
70:1.0
enjoy:1.0
perform:1.0
comput:1.0
286:1.6931471805599454
25:1.0
mhz:2.386294361119891
12:1.0
drive:2.386294361119891
7213a:1.0
213:1.0
config:1.0
sy:1.6931471805599454
autoexec:1.0
bat:1.0
m:1.0
do:1.0
win:1.0
3:1.0
1:1.0
smartdrv:1.6931471805599454
exe:1.0
core:1.0
v:1.6931471805599454
7:1.0
6950:1.0
k:2.9459101490553135
sec:2.9459101490553135
1390:1.0
1395:1.0
norton:1.0
si:1.0
730:1.0
980:1.0
982:1.0
still:2.09861228866811
peopl:1.0
want:1.6931471805599454
know:1.6931471805599454
use:1.0
handl:1.0
friend:1.0
20:1.0
new:1.0
7245:1.0
245:1.0
meg:1.0
800:1.0
1000:1.0
rememb:1.0
exactli:1.0
think:1.0
run:1.0
case:1.0
