wyatt:1.0
chem:1.0
nrl:1.6931471805599454
navi:1.0
mil:1.0
jrw:1.0
subject:1.6931471805599454
shop:1.6931471805599454
new:1.6931471805599454
nec:2.9459101490553135
monitor:2.6094379124341005
line:1.0
39:1.0
organ:1.0
articl:1.6931471805599454
1qjfa0inn6g5:1.0
titan:2.09861228866811
uc:2.09861228866811
uma:2.386294361119891
edu:2.386294361119891
dtodd:1.6931471805599454
david:2.386294361119891
todd:2.386294361119891
write:1.6931471805599454
date:1.0
15:1.6931471805599454
apr:1.0
1993:1.0
07:1.0
01:1.0
20:1.0
0400:1.0
1qhppp:1.0
gha:1.0
darwin:1.0
sura:1.6931471805599454
net:1.6931471805599454
wbarn:1.0
bill:1.0
barn:1.0
basic:1.0
look:1.6931471805599454
svga:1.0
1024x768:1.6931471805599454
non:1.0
interlac:1.0
4fg:2.09861228866811
one:1.6931471805599454
comput:1.0
mag:1.0
use:1.6931471805599454
standard:1.0
seen:1.6931471805599454
heard:1.0
pretti:1.0
good:1.6931471805599454
bit:1.0
expens:1.0
700:1.0
buck:1.0
best:1.0
deal:1.0
thought:1.6931471805599454
perhap:1.0
might:2.09861228866811
find:1.0
someth:1.0
le:1.0
recommend:1.0
also:1.6931471805599454
3fgx:2.386294361119891
spec:1.0
except:1.0
scan:1.0
frequenc:1.0
limit:1.0
anybodi:1.0
comment:1.6931471805599454
would:1.6931471805599454
work:1.0
believ:1.0
replac:1.0
4fge:1.6931471805599454
3fge:1.6931471805599454
model:1.0
reportedli:1.0
releas:1.0
end:1.0
month:1.6931471805599454
wait:1.0
main:1.0
differ:1.6931471805599454
3:1.0
year:1.0
warranti:1.0
higher:1.6931471805599454
refresh:1.6931471805599454
rate:1.6931471805599454
resolut:1.0
sound:1.0
pc:2.386294361119891
magazin:1.0
note:1.0
boost:1.0
number:1.6931471805599454
way:1.0
call:1.0
800:1.0
send:1.0
info:1.0
depart:1.0
psycholog:1.0
univers:1.0
massachusett:1.0
amherst:1.0
01003:1.0
usa:1.0
phone:1.0
413:1.6931471805599454
545:1.6931471805599454
0158:1.0
psych:1.0
fax:1.0
0996:1.0
sever:1.6931471805599454
other:1.6931471805599454
problem:1.0
person:1.0
spend:1.6931471805599454
extra:1.6931471805599454
money:1.6931471805599454
sacrific:1.0
featur:1.0
33:1.0
mhz:1.6931471805599454
viz:1.0
50:1.0
base:1.0
want:1.0
view:1.0
v:1.0
4:1.0
seri:1.0
run:1.0
window:1.0
appear:1.0
ok:1.0
feel:1.0
final:1.0
speak:1.0
size:1.0
today:1.0
file:1.0
etc:1.0
tape:1.0
backup:1.0
certainli:1.0
worth:1.0
200:1.0
300:1.0
recent:1.0
set:1.0
friend:1.0
50mhz:1.0
vesa:1.0
local:1.0
bu:1.0
redraw:1.0
time:1.0
graphic:1.0
program:1.0
factor:1.0
2:1.0
faster:1.0
doubt:1.0
warrant:1.0
cost:1.0
