bgrubb:1.6931471805599454
dant:2.09861228866811
nmsu:2.386294361119891
edu:2.791759469228055
grubb:1.6931471805599454
subject:1.0
ide:2.386294361119891
v:1.0
scsi:4.401197381662156
organ:1.0
new:1.0
mexico:1.0
state:1.0
univers:1.0
la:1.0
cruce:1.0
nm:1.0
line:1.0
44:1.6931471805599454
distribut:1.0
world:1.0
nntp:1.0
post:1.6931471805599454
host:1.0
dxb132:1.0
psuvm:1.0
psu:1.0
write:1.0
articl:1.6931471805599454
1qlbrlinn7rk:1.0
dns1:1.0
say:1.0
pc:2.09861228866811
magazin:1.6931471805599454
april:1.0
27:1.0
1993:1.0
29:1.0
although:2.09861228866811
twice:1.6931471805599454
fasst:1.0
esdi:2.09861228866811
20:1.6931471805599454
faster:2.09861228866811
support:1.0
7:1.0
devic:1.0
accept:1.0
long:1.0
stall:1.0
incompat:1.0
problem:1.6931471805599454
instal:1.0
headach:1.0
love:1.0
writer:1.0
make:1.0
stupid:1.0
statement:1.6931471805599454
like:1.0
perform:1.6931471805599454
get:1.0
number:1.0
list:1.0
actual:1.0
rang:2.6094379124341005
convinc:1.0
anyon:1.0
absurd:1.0
0:2.6094379124341005
5mb:2.09861228866811
ii:1.0
40mb:1.6931471805599454
8:2.791759469228055
3mb:1.0
alway:1.0
1:3.6390573296152584
25mb:1.0
non:1.0
standard:1.0
version:2.09861228866811
show:1.0
know:1.0
much:1.6931471805599454
control:2.6094379124341005
chip:2.9459101490553135
inde:1.6931471805599454
right:1.0
2:3.0794415416798357
4:1.6931471805599454
6mb:2.09861228866811
10mb:2.386294361119891
burst:2.6094379124341005
bit:2.6094379124341005
note:1.0
increas:1.0
speed:1.0
mac:2.791759469228055
quadra:2.386294361119891
use:2.386294361119891
exist:1.0
set:1.0
mode:2.09861228866811
16:1.0
wide:1.6931471805599454
fast:2.386294361119891
12mb:1.0
20mb:1.6931471805599454
32:1.0
15:1.0
data:1.0
correct:1.0
reach:1.0
120:1.0
3:1.0
9:1.0
96:1.0
fact:1.0
newsgroup:1.0
ibm:2.386294361119891
info:1.6931471805599454
sheet:1.0
avail:1.0
ftp:1.0
sumex:1.0
aim:1.0
stanford:1.0
36:1.0
6:1.0
report:1.0
compar:1.0
txt:1.0
173:1.0
161:1.0
may:1.0
still:1.0
part:1.0
inconsi:1.0
though:1.0
well:1.0
document:1.0
appl:1.0
salesperson:1.0
said:1.0
maximum:1.0
synchron:1.0
ansynchron:1.0
slower:1.0
seem:1.0
see:1.0
interfac:1.6931471805599454
think:1.0
mayb:1.0
driven:1.0
machin:1.0
true:1.0
go:1.6931471805599454
slam:1.0
understand:1.0
one:1.0
refer:1.0
digit:1.0
review:1.0
oct:1.0
21:1.0
1991:1.0
v8:1.0
n33:1.0
p8:1.0
