picano:1.6931471805599454
en:1.0
ecn:1.0
purdu:2.09861228866811
edu:1.0
silvio:1.6931471805599454
subject:1.6931471805599454
logitech:2.09861228866811
2:2.6094379124341005
button:2.09861228866811
mous:2.6094379124341005
bio:2.386294361119891
routin:2.6094379124341005
avail:1.6931471805599454
organ:1.6931471805599454
univers:1.6931471805599454
engin:2.09861228866811
comput:1.6931471805599454
network:1.6931471805599454
line:1.0
21:1.0
newsgroup:1.0
comp:1.0
ibm:1.6931471805599454
pc:1.0
hardwar:1.0
pin:2.09861228866811
distribut:1.0
world:1.0
2f:1.6931471805599454
want:1.0
interfac:1.0
serial:1.0
port:1.0
differ:1.0
non:1.0
compat:1.6931471805599454
system:1.6931471805599454
xt:1.0
ps2:1.0
db25:1.6931471805599454
connector:1.0
tri:1.0
revers:1.0
micro:1.0
control:1.0
insid:1.0
could:1.6931471805599454
get:1.6931471805599454
perhap:1.0
copi:1.0
support:1.0
map:1.0
target:1.0
anyon:1.0
know:1.0
might:1.0
publish:1.0
someplac:1.0
conveni:1.0
thank:1.0
p:1.0
plea:1.0
send:1.0
email:1.0
directli:1.0
