cun:1.0
mksol:1.0
dseg:1.0
ti:1.0
com:1.0
patrick:1.0
w:1.0
cunningham:1.0
subject:1.0
lead:2.386294361119891
tech:1.0
question:1.0
nntp:1.0
post:1.0
host:1.0
localhost:1.0
organ:1.0
texa:1.0
instrument:1.0
line:1.0
10:1.0
hey:1.0
anybodi:1.6931471805599454
know:1.6931471805599454
anyth:1.0
technolog:1.6931471805599454
comput:1.0
6000sx:1.6931471805599454
need:1.0
new:1.0
mother:1.0
board:1.0
get:1.0
one:1.0
technoolog:1.0
realli:1.0
made:1.0
samsung:1.6931471805599454
model:1.0
sd:1.0
700:1.0
