s106275:1.6931471805599454
ee:2.09861228866811
tut:2.09861228866811
fi:2.09861228866811
anssi:2.09861228866811
saari:1.6931471805599454
subject:1.0
soundblast:1.0
irq:2.386294361119891
port:1.0
set:1.0
organ:1.0
tamper:1.6931471805599454
univers:1.6931471805599454
technolog:1.6931471805599454
comput:1.0
centr:1.0
line:1.0
16:1.0
distribut:1.0
inet:1.0
nntp:1.0
post:1.0
host:1.0
1993apr16:1.0
105809:1.0
22218:1.0
walter:1.0
cray:1.6931471805599454
com:1.6931471805599454
huot:1.6931471805599454
tom:1.0
write:1.0
would:1.0
also:1.0
like:1.0
explan:1.0
anyon:1.0
explain:1.0
sb:1.0
pro:1.0
lpt:1.0
1:1.0
share:1.6931471805599454
plea:1.0
think:1.0
simpli:1.0
do:1.0
use:1.0
anyth:1.0
o:1.0
2:1.0
finland:1.0
europ:1.0
