luttik:2.09861228866811
fwi:2.386294361119891
uva:2.09861228866811
nl:2.09861228866811
ba:1.6931471805599454
i91:1.0
subject:1.0
question:1.0
connect:2.09861228866811
two:1.6931471805599454
harddisk:2.9459101490553135
one:2.09861228866811
control:3.0794415416798357
summari:1.0
want:1.0
second:1.6931471805599454
keyword:1.0
mfm:1.6931471805599454
nntp:1.0
post:1.0
host:1.0
gene:1.0
organ:1.0
univers:1.0
amsterdam:1.0
line:1.0
21:1.0
hi:1.0
got:1.6931471805599454
victor:1.0
pc:1.0
xt:1.0
20:1.6931471805599454
mb:1.6931471805599454
toshiba:1.0
addit:1.0
9:2.386294361119891
pin:1.0
connector:1.6931471805599454
2:1.0
bus:1.0
wire:2.791759469228055
anoth:1.0
34:2.09861228866811
bu:2.386294361119891
friend:1.0
mine:1.0
wonder:1.0
whether:1.0
room:1.0
solv:1.0
problem:1.0
suggest:1.0
need:1.0
info:1.0
mail:1.0
plea:1.0
