tracyb:1.6931471805599454
bnr:1.6931471805599454
ca:1.6931471805599454
traci:1.6931471805599454
blomquist:1.6931471805599454
subject:1.6931471805599454
17:2.386294361119891
monitor:2.09861228866811
nntp:1.0
post:1.0
host:1.0
bcarh829:1.0
organ:1.0
bell:1.6931471805599454
northern:1.6931471805599454
research:1.6931471805599454
x:1.0
newsread:1.0
tin:1.0
version:1.0
1:2.386294361119891
pl6:1.0
line:2.386294361119891
33:1.0
toni:1.0
caton:1.6931471805599454
compstat:1.0
wharton:1.0
upenn:1.0
edu:2.09861228866811
wrote:1.0
articl:1.0
c5geh5:1.0
n1d:1.0
utdalla:1.6931471805599454
goyal:1.6931471805599454
mohit:1.0
k:1.0
write:1.0
oh:1.0
yeah:1.0
read:1.0
anoth:1.0
newsgroup:1.0
t560i:2.09861228866811
use:2.09861228866811
high:2.09861228866811
qualiti:1.0
trinitron:2.791759469228055
tube:2.9459101490553135
soni:2.09861228866811
1604:1.6931471805599454
exampl:1.0
extra:1.0
cost:1.0
come:2.09861228866811
also:1.6931471805599454
bandwidth:1.0
fantast:1.0
imag:1.6931471805599454
larg:1.0
size:1.0
etc:2.09861228866811
two:1.6931471805599454
annoy:1.6931471805599454
across:1.0
screen:1.6931471805599454
one:1.6931471805599454
third:1.6931471805599454
2:1.6931471805599454
result:1.6931471805599454
end:1.0
wire:1.6931471805599454
found:1.0
e:1.6931471805599454
g:1.0
mitsubishi:1.0
14:1.0
find:1.0
level:1.0
pure:1.0
happi:1.0
sharp:1.0
even:1.0
notic:1.0
sa:1.0
view:1.0
complet:1.0
larger:1.0
diamet:1.0
standard:1.6931471805599454
flatter:1.0
vertic:1.0
flat:1.6931471805599454
horizont:1.0
surfac:1.0
appar:1.0
abil:1.0
provid:1.0
tighter:1.0
beam:1.0
focu:1.0
karl:1.0
mail:1.0
fax:1.0
613:1.6931471805599454
765:1.6931471805599454
4018:1.0
consult:1.0
opinion:1.0
ph:1.0
4886:1.0
p:1.0
box:1.0
3511:1.0
stn:1.0
c:1.0
ottawa:1.0
ont:1.0
k1i:1.0
4h7:1.0
