gjp:2.09861228866811
sei:2.09861228866811
cmu:1.6931471805599454
edu:1.6931471805599454
georg:2.09861228866811
pandelio:1.6931471805599454
subject:1.0
help:1.6931471805599454
select:1.0
backup:2.791759469228055
solut:2.09861228866811
organ:1.0
softwar:2.09861228866811
engin:2.09861228866811
institut:2.09861228866811
line:1.0
55:1.0
hi:1.0
netter:1.0
look:1.0
purchas:1.0
sort:1.0
read:1.0
situat:1.0
like:1.0
opinion:2.09861228866811
scenario:1.0
1:1.6931471805599454
two:1.0
comput:1.6931471805599454
hous:1.0
one:1.0
small:1.0
286:2.09861228866811
40mb:1.0
ide:1.0
drive:2.791759469228055
386dx:1.0
213:1.0
scsi:2.09861228866811
w:1.0
adaptec:1.0
1522:1.0
control:1.0
system:2.09861228866811
pc:1.0
tool:1.0
use:2.09861228866811
central:1.0
point:1.0
restor:1.0
program:1.0
3:1.6931471805599454
5:1.6931471805599454
25:1.0
floppi:2.386294361119891
2:2.09861228866811
network:1.0
anytim:1.0
soon:1.0
seen:1.0
far:1.0
appear:1.0
least:1.0
4:1.6931471805599454
possibl:1.0
sure:1.0
other:1.0
thought:1.0
option:1.0
would:1.0
appreci:1.6931471805599454
hear:1.0
anyon:1.0
tri:1.0
see:1.0
flaw:1.0
type:1.0
x:1.0
coexist:1.0
devic:1.0
etc:1.0
think:1.0
know:1.6931471805599454
much:1.0
beast:1.0
put:1.6931471805599454
88mb:1.0
combin:1.0
someon:1.6931471805599454
suppli:1.0
cost:1.6931471805599454
brand:2.09861228866811
inform:1.0
good:1.0
intern:1.0
tape:1.6931471805599454
unit:1.6931471805599454
386:1.6931471805599454
adapt:1.6931471805599454
continu:1.0
back:1.0
recommend:1.6931471805599454
manufactur:1.6931471805599454
rememb:1.0
colorado:1.0
memori:1.0
happi:1.0
unhappi:1.0
user:1.0
compress:1.0
controversi:1.0
connect:1.6931471805599454
extern:1.0
mayb:1.0
somehow:1.0
suggest:1.0
instal:1.0
floptic:1.0
machin:1.0
gotcha:1.0
may:1.0
either:1.0
post:1.0
send:1.0
e:1.0
mail:1.0
summar:1.0
respons:1.0
net:1.0
thank:1.0
j:1.0
tinternet:1.0
tusenet:1.0
4500:1.0
fifth:1.0
avenu:1.0
tvoic:1.0
412:1.6931471805599454
268:1.6931471805599454
7186:1.0
pittsburgh:1.0
pa:1.0
15213:1.0
tfax:1.0
5758:1.0
disclaim:1.0
reflect:1.0
sponsor:1.0
custom:1.0
client:1.0
affili:1.0
carnegi:1.0
mellon:1.0
univers:1.0
fact:1.0
resembl:1.0
individu:1.0
live:1.0
dead:1.0
fiction:1.0
real:1.0
pure:1.0
coincident:1.0
