donh:1.0
cup:1.0
portal:1.6931471805599454
com:1.0
hirschfeld:1.0
subject:1.0
toshiba:1.6931471805599454
3401b:1.0
cd:1.0
rom:1.0
problem:1.6931471805599454
organ:1.0
system:1.0
tm:1.0
line:1.0
1:1.0
pas16:1.0
3401:1.0
combo:1.0
