bspahh:1.6931471805599454
gdr:1.6931471805599454
bath:2.09861228866811
ac:1.6931471805599454
uk:2.09861228866811
andrew:1.6931471805599454
henri:1.6931471805599454
subject:1.0
fujitsu:2.791759469228055
seagat:2.09861228866811
ide:1.6931471805599454
drive:2.791759469228055
compat:1.6931471805599454
organ:1.0
school:1.0
biolog:1.0
scienc:1.0
univers:1.0
line:1.0
17:1.0
tri:1.6931471805599454
get:1.0
m2611t:1.0
45mb:1.0
hard:1.6931471805599454
disk:1.6931471805599454
circa:1.0
1990:1.0
share:1.0
card:1.0
new:1.6931471805599454
st3283a:1.0
245mb:1.0
one:1.6931471805599454
fiddl:1.0
jumper:1.0
set:1.0
master:1.0
slave:1.0
without:1.6931471805599454
success:1.0
tabl:1.0
spec:1.0
newsgroup:1.0
got:2.386294361119891
far:1.0
anyon:1.6931471805599454
el:1.0
combin:1.0
work:1.6931471805599454
place:1.0
mutter:1.0
someth:1.0
like:1.0
hmmm:1.0
nice:1.0
let:1.0
swap:1.0
anoth:1.6931471805599454
brand:1.0
thought:1.0
problem:1.0
similar:1.0
cheapish:1.0
want:1.0
buy:1.0
cute:1.0
cuddli:1.0
littl:1.0
