begolej:1.0
csgrad:2.09861228866811
c:2.09861228866811
vt:2.09861228866811
edu:2.09861228866811
jame:1.6931471805599454
begol:1.6931471805599454
subject:1.0
16mb:2.09861228866811
isa:2.09861228866811
limit:1.6931471805599454
organ:1.0
vpi:1.0
su:1.0
comput:1.0
scienc:1.0
depart:1.0
blacksburg:1.0
va:1.0
line:1.0
13:1.0
read:1.0
pc:2.09861228866811
magazin:1.0
peripher:1.0
bu:1.6931471805599454
access:1.0
memori:2.6094379124341005
also:1.0
video:1.6931471805599454
card:1.6931471805599454
look:1.0
apertur:1.0
map:1.6931471805599454
want:1.0
put:1.0
anywher:1.0
someon:1.0
explain:1.0
detail:1.0
way:1.0
around:1.0
email:1.0
respons:1.0
summar:1.0
bo:1.6931471805599454
tbegolej:1.6931471805599454
