limagen:1.6931471805599454
hpwala:1.6931471805599454
wal:1.6931471805599454
hp:1.6931471805599454
com:1.6931471805599454
subject:1.0
write:2.386294361119891
720:2.386294361119891
floppi:1.6931471805599454
organ:1.0
hewlett:1.0
packard:1.0
waltham:1.0
divis:1.0
repli:1.0
keyword:1.0
line:1.0
10:1.0
ok:1.0
expert:1.0
need:1.0
answer:1.0
quick:1.0
386:1.0
machin:1.6931471805599454
1:1.0
44:1.0
unabl:1.0
format:1.0
disk:1.6931471805599454
claim:1.0
protect:1.0
note:1.0
read:1.0
problem:1.0
plea:1.0
e:1.0
mail:1.0
post:1.0
