dao4:1.6931471805599454
ns1:1.6931471805599454
cc:1.6931471805599454
lehigh:2.09861228866811
edu:2.386294361119891
donald:1.0
shall:1.0
subject:1.0
origin:1.0
ibm:1.0
pc:1.6931471805599454
spec:1.0
organ:1.0
univers:1.0
line:1.0
27:1.0
articl:1.6931471805599454
c5jd1j:1.0
i5:1.0
dutiw:1.6931471805599454
twi:1.6931471805599454
tudelft:1.6931471805599454
nl:1.6931471805599454
winfrvk:1.0
r:1.0
v:1.0
kampen:1.0
write:1.0
1993apr9:1.0
101944:1.0
3200:1.0
ucbeh:1.6931471805599454
san:1.6931471805599454
uc:1.6931471805599454
hoffmamc:1.0
wr:1.0
ite:1.0
hard:2.6094379124341005
drive:3.0794415416798357
xt:1.0
type:1.0
control:1.0
ad:1.0
recommend:1.0
tri:1.0
full:1.6931471805599454
height:2.09861228866811
5:1.0
1:1.0
4:1.0
run:1.6931471805599454
troubl:1.0
63:1.6931471805599454
5w:1.0
suppli:2.09861228866811
oomph:1.0
spool:1.0
big:1.0
heavi:1.0
platter:1.0
one:2.09861228866811
way:1.0
get:1.6931471805599454
system:1.0
go:1.0
floppi:2.09861228866811
disk:1.0
watt:1.6931471805599454
power:2.386294361119891
first:1.0
disconnect:1.0
turn:1.0
notic:1.0
real:1.0
difficult:1.0
time:1.0
speed:1.0
manag:1.0
boot:1.0
finish:1.0
plug:1.0
work:1.0
ok:1.0
know:1.0
user:1.0
friendli:1.0
mayb:1.0
better:1.0
buy:1.0
486:1.0
66:1.0
300:1.0
someth:1.0
like:1.0
willem:1.0
newer:1.0
le:1.0
problem:1.0
old:1.0
ten:1.0
fifteen:1.0
meg:1.0
hog:1.0
twenti:1.0
unit:1.0
set:1.0
flawlessli:1.0
half:1.0
card:1.0
