passman:1.6931471805599454
world:1.6931471805599454
std:1.0
com:1.0
shirley:1.0
l:1.0
subject:1.0
help:1.0
doc:1.0
motherboard:1.0
organ:1.0
public:1.0
access:1.0
unix:1.0
brooklin:1.0
line:1.0
1:1.0
