apoyli:2.09861228866811
inod:2.386294361119891
com:2.09861228866811
subject:1.0
faq:1.6931471805599454
cyrix:1.6931471805599454
486dlc:1.6931471805599454
repli:1.0
distribut:1.0
world:1.0
organ:1.0
bb:1.0
nyc:1.0
best:1.0
usenet:1.0
access:1.0
212:1.0
679:1.0
9146:1.0
line:1.0
9:1.0
could:1.0
anyon:1.0
plea:1.0
repost:1.0
email:1.0
miss:1.0
thank:1.0
advanc:1.0
alexand:1.0
poylish:1.0
internet:1.0
fidonet:1.0
1:1.0
2603:1.0
106:1.0
blue:1.0
wave:1.0
qwk:1.0
v2:1.0
12:1.0
