h9022643:1.0
hkuxb:1.6931471805599454
hku:1.6931471805599454
hk:1.6931471805599454
leung:1.6931471805599454
subject:1.0
28800baud:2.09861228866811
spirit:2.09861228866811
ii:2.09861228866811
modem:2.09861228866811
nntp:1.0
post:1.0
host:1.0
organ:1.0
univers:1.6931471805599454
hong:1.6931471805599454
kong:1.6931471805599454
x:1.0
newsread:1.0
tin:1.0
version:1.0
1:1.6931471805599454
pl6:1.0
line:1.6931471805599454
22:1.0
hi:1.0
world:1.0
want:1.0
buy:1.0
14400:1.0
data:1.6931471805599454
fax:1.0
made:1.0
u:1.6931471805599454
anyon:1.6931471805599454
heard:1.6931471805599454
use:1.0
perform:1.0
stabl:1.0
plea:2.09861228866811
give:1.6931471805599454
advic:1.6931471805599454
addit:1.0
news:1.0
local:1.0
distributor:1.6931471805599454
new:2.09861228866811
ccitt:1.6931471805599454
rom:2.09861228866811
said:1.0
standard:1.0
produc:1.0
end:1.0
year:1.0
replac:1.0
old:1.0
28800:1.0
transfer:1.6931471805599454
without:1.0
hardwar:1.0
altern:1.0
true:1.0
possibl:1.0
would:1.0
telephon:1.0
realli:1.0
abl:1.0
high:1.0
speed:1.0
last:1.0
tell:1.0
contact:1.0
central:1.0
dealer:1.0
quickcomm:1.0
inc:1.0
sure:1.0
whether:1.0
leav:1.0
e:1.0
mail:1.0
thank:1.0
much:1.0
