storm:1.0
c:1.6931471805599454
mcgill:2.09861228866811
ca:2.386294361119891
marc:1.0
wandschneid:1.0
subject:1.0
ide:2.09861228866811
v:1.6931471805599454
scsi:2.386294361119891
nntp:1.0
post:1.0
host:1.0
mnementh:1.0
organ:1.0
soc:1.0
univers:1.0
montreal:1.0
canada:1.0
line:1.0
22:1.0
articl:1.6931471805599454
wayn:2.09861228866811
02uv:1.0
amtow:1.6931471805599454
spacecoast:1.6931471805599454
org:1.0
orgx:1.0
newssoftwar:1.0
grn:1.0
1:1.6931471805599454
16f:1.0
10:1.0
17:1.0
92:1.0
mike:1.0
schwartz:1.0
michael:1.0
b:1.0
smith:1.6931471805599454
write:1.6931471805599454
1993apr15:1.0
235509:1.0
29818:1.0
julian:1.0
uwo:1.6931471805599454
wlsmith:1.0
valv:1.0
heart:1.0
rri:1.0
argu:1.0
standard:1.0
make:1.0
good:1.0
well:1.0
impliment:1.0
data:1.6931471805599454
highway:1.0
still:1.0
want:1.0
know:1.0
intrins:1.0
better:1.0
isa:2.09861228866811
bu:2.386294361119891
come:1.0
multi:1.6931471805599454
task:1.6931471805599454
o:1.6931471805599454
manag:1.0
singl:1.0
hard:1.0
drive:1.0
follow:1.0
thread:1.0
figur:1.0
throw:1.0
two:1.0
cent:1.0
amiga:1.6931471805599454
zorro:1.0
ii:1.0
compar:1.0
7:1.0
16:1.0
8:1.0
33:1.0
mhz:1.0
texcept:1.6931471805599454
fact:1.0
superior:1.0
everi:1.0
way:1.0
pre:1.0
empt:1.0
sinc:1.0
85:1.0
oper:1.0
mb:1.0
ram:1.0
use:1.0
almost:1.0
exclus:1.0
system:1.6931471805599454
new:1.0
ship:1.0
control:1.0
ttoodlepip:1.0
tmarc:1.0
em:1.0
