car:2.09861228866811
public:1.6931471805599454
btr:2.9459101490553135
com:2.791759469228055
carlo:1.6931471805599454
rimola:2.09861228866811
sarti:1.6931471805599454
subject:1.0
toshiba:2.386294361119891
3401b:1.0
cd:1.6931471805599454
rom:1.6931471805599454
problem:1.6931471805599454
organ:1.0
unix:1.0
bb:1.0
email:1.6931471805599454
hub:1.0
info:1.0
contact:1.0
support:1.0
line:1.0
14:1.0
nntp:1.0
post:1.0
host:1.0
keyword:1.0
sound:1.0
board:1.0
articl:1.0
1993apr16:1.0
033258:1.0
27998:1.0
serval:1.0
net:1.0
wsu:1.6931471805599454
edu:1.6931471805599454
msmith:1.0
beta:1.0
triciti:1.0
mark:1.0
smith:1.0
write:1.0
put:1.0
good:1.0
word:1.0
someth:1.0
work:1.6931471805599454
well:1.6931471805599454
3401:1.0
do:1.0
o:1.6931471805599454
2:1.6931471805599454
need:1.0
load:1.0
special:1.0
driver:1.0
instal:1.0
detect:1.0
drive:1.0
done:1.0
btw:1.0
also:1.0
fast:1.0
csisdn:1.0
connect:1.6931471805599454
strategi:1.0
inc:1.0
isdn:1.0
pri:1.0
phone:1.0
415:1.0
903:1.0
2585:1.0
