wlsmith:1.0
valv:1.6931471805599454
heart:1.6931471805599454
rri:1.6931471805599454
uwo:1.6931471805599454
ca:1.6931471805599454
wayn:2.09861228866811
smith:1.6931471805599454
subject:1.0
ide:2.791759469228055
v:1.0
scsi:3.0794415416798357
organ:1.0
john:1.0
p:1.0
robart:1.0
research:1.0
institut:1.0
london:1.0
ontario:1.0
nntp:1.0
post:1.0
host:1.0
line:1.0
34:1.0
articl:1.0
02uv:1.0
amtow:1.6931471805599454
spacecoast:1.6931471805599454
org:1.0
orgx:1.0
newssoftwar:1.0
grn:1.0
1:1.0
16f:1.0
10:1.0
17:1.0
92:1.0
mike:1.0
schwartz:1.0
michael:1.0
b:1.0
write:1.0
still:1.6931471805599454
want:1.0
know:1.0
intrins:1.0
better:1.6931471805599454
isa:1.0
bu:2.09861228866811
come:1.0
multi:1.0
task:1.0
o:2.09861228866811
manag:1.0
data:2.386294361119891
singl:1.6931471805599454
hard:2.386294361119891
drive:2.386294361119891
control:2.386294361119891
transfer:1.0
dma:2.6094379124341005
allow:1.6931471805599454
cpu:1.0
request:1.0
continu:1.0
work:1.0
get:1.6931471805599454
move:1.6931471805599454
memori:1.0
also:2.09861228866811
use:2.386294361119891
techniqu:1.0
believ:1.0
floppi:1.6931471805599454
board:1.0
big:1.0
deal:1.0
noth:1.6931471805599454
directli:1.0
exampl:1.0
rewind:1.0
format:1.6931471805599454
tape:1.0
command:1.0
issu:1.0
releas:1.0
access:1.0
devic:1.0
greatli:1.0
increas:1.0
product:1.0
least:1.6931471805599454
someth:1.6931471805599454
el:1.6931471805599454
back:1.0
happen:1.0
read:1.0
group:1.0
thank:1.6931471805599454
softwar:1.0
do:2.09861228866811
brain:1.0
could:1.0
etc:1.0
hardwar:1.0
support:1.6931471805599454
long:1.0
stori:1.0
486:1.0
except:1.0
cdrom:1.0
machin:1.6931471805599454
standard:1.0
ibm:1.0
clone:1.0
plan:1.0
complet:1.0
rid:1.0
stick:1.0
wonder:1.0
multitask:1.0
ask:1.0
unix:1.0
2:1.0
type:1.0
miracul:1.0
thing:1.0
harddriv:1.0
