dcoleman:2.6094379124341005
ccwf:1.6931471805599454
cc:2.386294361119891
utexa:2.386294361119891
edu:2.386294361119891
daniel:1.6931471805599454
coleman:1.6931471805599454
subject:1.0
pc:1.6931471805599454
junior:2.386294361119891
usabl:1.0
organ:1.0
univers:1.6931471805599454
texa:2.09861228866811
austin:2.09861228866811
line:1.0
20:1.0
nntp:1.0
post:1.0
host:1.0
flubber:1.0
articl:1.0
1993apr17:1.0
201300:1.0
19312:1.0
sernew:1.0
raleigh:1.6931471805599454
ibm:1.6931471805599454
com:1.6931471805599454
europa:1.0
tomcat:1.0
welch:1.0
bryan:1.0
write:1.0
fianc:1.0
want:1.0
upgrad:1.0
full:1.0
386:1.0
anyon:1.0
know:1.0
could:1.0
use:2.6094379124341005
monitor:2.09861228866811
came:1.0
new:1.6931471805599454
machin:1.0
heard:1.0
mcga:1.0
ega:1.0
sure:1.0
also:1.0
card:1.6931471805599454
drive:1.6931471805599454
control:1.0
floppi:2.09861228866811
etc:1.0
thing:1.6931471805599454
abl:1.0
salvag:1.0
360k:1.0
cga:1.0
need:1.0
adaptor:1.0
cabl:1.0
standard:1.0
unless:1.0
realli:1.0
strap:1.0
cash:1.0
junk:1.0
buy:1.0
stuff:1.0
dan:1.0
matthew:1.0
internet:1.0
utxvm:2.09861228866811
decnet:1.0
electr:1.0
comput:1.0
engin:1.0
bitnet:1.6931471805599454
