bgrubb:1.0
dant:1.6931471805599454
nmsu:1.6931471805599454
edu:2.09861228866811
grubb:1.0
subject:1.0
ide:2.9459101490553135
v:1.0
scsi:4.891820298110627
organ:1.0
new:1.0
mexico:1.0
state:1.6931471805599454
univers:1.0
la:1.0
cruce:1.0
nm:1.0
line:1.0
59:1.0
distribut:1.0
world:1.0
nntp:1.0
post:1.0
host:1.0
wlsmith:1.0
valv:1.0
heart:1.0
rri:1.0
uwo:1.0
ca:1.0
wayn:1.0
smith:1.0
write:1.0
bought:1.0
quantum:1.0
240:1.0
mac:2.386294361119891
home:1.0
paid:1.0
369:1.0
seen:1.0
drive:2.09861228866811
cheaper:1.0
friend:1.0
mine:1.0
got:1.0
maxtor:1.0
245:1.6931471805599454
meg:1.6931471805599454
320:1.0
million:1.0
byte:1.6931471805599454
234:1.0
mega:1.0
basic:1.0
20:2.386294361119891
interfac:2.09861228866811
get:1.6931471805599454
close:1.6931471805599454
1:4.091042453358316
sec:1.0
transfer:1.0
286:1.0
figur:1.6931471805599454
includ:1.6931471805599454
hundr:1.6931471805599454
driver:2.6094379124341005
sinc:1.0
use:2.791759469228055
hard:1.0
ye:1.0
sloppi:1.0
peopl:1.6931471805599454
dumb:1.0
point:1.0
faster:2.09861228866811
perform:1.0
money:1.0
ok:1.0
spec:1.0
list:1.0
control:2.09861228866811
chip:2.9459101490553135
synchron:1.6931471805599454
rang:2.386294361119891
inde:1.0
0:2.386294361119891
5mb:1.6931471805599454
asynchron:3.0794415416798357
slower:1.6931471805599454
3mb:1.6931471805599454
2:3.8903717578961645
4:1.6931471805599454
6mb:1.6931471805599454
10mb:1.6931471805599454
burst:2.386294361119891
8:3.1972245773362196
bit:3.5649493574615367
note:1.6931471805599454
increas:1.0
speed:2.386294361119891
quadra:1.6931471805599454
version:1.6931471805599454
exist:1.0
pc:1.6931471805599454
set:1.6931471805599454
mode:2.09861228866811
want:1.6931471805599454
pay:1.0
16:2.09861228866811
32:2.09861228866811
hardwar:1.0
mess:1.0
softwar:1.0
usabl:1.0
devic:1.0
wide:1.6931471805599454
fast:2.6094379124341005
12mb:1.0
20mb:1.6931471805599454
15:1.0
40mb:1.0
let:1.0
dxb132:1.0
psuvm:1.0
psu:1.0
speak:1.0
much:1.0
esdi:2.386294361119891
alway:1.0
25mb:1.0
although:2.386294361119891
non:1.0
standard:1.0
one:1.6931471805599454
problem:1.0
inconsit:1.6931471805599454
term:1.0
articl:1.0
proper:1.0
mean:1.0
compos:1.0
look:1.0
quot:1.6931471805599454
comment:1.0
magazin:1.0
april:1.0
27:1.0
1993:1.0
29:1.0
twice:1.6931471805599454
read:1.6931471805599454
consitantli:1.0
third:1.0
eight:1.0
time:1.0
nonus:1.0
elimin:1.0
ambagu:1.0
somewhat:1.0
reason:1.0
expans:1.0
littl:1.0
degrid:1.0
exactli:1.0
continu:1.0
thread:1.0
clearli:1.0
talk:1.0
make:1.0
differ:1.0
