u083s121:1.6931471805599454
astro:2.09861228866811
oci:2.09861228866811
templ:2.6094379124341005
edu:2.09861228866811
cis083:1.0
sec001:1.0
spr93:1.0
subject:1.0
lead:2.09861228866811
edg:2.09861228866811
comput:2.791759469228055
buy:1.0
organ:1.0
univers:1.6931471805599454
line:1.0
46:1.0
nntp:1.0
post:1.0
host:1.0
x:1.6931471805599454
newsread:1.0
tin:1.0
version:1.0
1:2.9459101490553135
pl8:1.0
saw:1.0
follow:1.0
store:1.6931471805599454
want:1.6931471805599454
know:1.6931471805599454
good:1.6931471805599454
someon:1.0
see:1.0
someth:1.0
wrong:1.0
also:1.0
would:1.0
like:1.0
switch:1.0
motherboard:1.6931471805599454
later:1.0
becom:1.0
slow:1.0
anyon:1.0
possibl:1.0
difficult:1.0
find:1.0
fit:1.0
help:1.0
greatli:1.0
appreci:1.0
model:1.0
pc4170e:1.0
intel:1.6931471805599454
486sx:1.0
25:2.386294361119891
mhz:1.0
cpu:1.0
support:1.0
overdr:1.0
clock:1.0
doubl:1.0
processor:1.0
upgrad:1.6931471805599454
486dx2:1.0
66:1.0
4:2.09861228866811
mb:2.791759469228055
ram:1.6931471805599454
32:1.0
8:1.0
kb:1.0
intern:1.0
cach:1.0
2:2.09861228866811
5:2.386294361119891
44:1.0
3:2.09861228866811
disk:1.0
drive:2.09861228866811
213:1.0
hard:1.0
1024:1.0
768:1.0
vga:1.0
video:2.09861228866811
resolut:1.0
256:1.0
color:1.0
6:1.0
avail:1.0
16:1.6931471805599454
bit:1.6931471805599454
isa:1.6931471805599454
expans:1.0
slot:1.0
one:2.386294361119891
local:1.0
bu:1.0
socket:1.0
compat:1.6931471805599454
bay:1.0
extern:1.0
pin:2.09861228866811
centron:1.0
type:1.0
parallel:1.0
port:2.09861228866811
r:1.0
232c:1.0
serial:1.0
9:1.0
15:1.0
analog:1.0
connector:1.0
p:1.0
mous:1.6931471805599454
200:1.0
watt:1.0
power:1.0
suppli:1.0
101:1.0
key:1.0
keyboard:1.0
includ:1.6931471805599454
softwar:1.0
window:1.6931471805599454
do:1.0
0:1.0
microsoft:1.0
work:1.0
1200:1.0
without:1.0
monitor:1.0
price:1.0
thank:1.0
nicol:1.0
bell:1.0
philli:1.0
pa:1.0
e:1.0
mail:1.0
address:1.0
prodigi:1.0
jpkn01a:1.0
part:1.6931471805599454
solut:1.0
precipit:1.0
steven:1.0
wright:1.0
