lyourk:1.6931471805599454
cbnewsc:1.0
cb:1.0
att:1.6931471805599454
com:1.6931471805599454
loran:1.6931471805599454
n:1.0
yourk:1.6931471805599454
subject:1.0
want:1.0
isa:2.09861228866811
mous:2.6094379124341005
port:3.0794415416798357
high:1.6931471805599454
interrupt:3.0794415416798357
organ:1.0
distribut:1.0
na:1.0
line:1.0
13:1.0
sound:1.0
card:2.09861228866811
5:1.0
two:1.0
serial:1.6931471805599454
one:2.09861228866811
modem:1.0
i4:1.0
miracl:1.0
piano:1.0
i3:1.0
printer:1.0
i7:1.0
run:1.0
low:1.0
would:1.0
like:1.0
10:1.0
11:1.0
12:1.0
ever:1.0
p:1.0
2:1.0
use:1.6931471805599454
i486:1.0
comput:1.0
call:1.0
technic:1.0
support:1.0
microsoft:1.0
logitech:1.0
ati:1.6931471805599454
check:1.0
video:1.0
said:1.0
possibl:1.0
lower:1.0
7:1.0
anyon:1.0
know:1.0
board:1.0
bu:1.0
allow:1.0
even:1.0
708:1.0
979:1.0
9378:1.0
ihlpm:1.0
