mark:2.386294361119891
seltzer:2.09861228866811
rose:2.09861228866811
com:1.0
subject:1.0
alr:2.09861228866811
proveisa:1.6931471805599454
x:1.0
gate:1.0
usenet:1.6931471805599454
rosemail:1.6931471805599454
gateway:1.6931471805599454
v1:1.0
70:1.0
organ:1.0
medium:1.6931471805599454
inc:1.0
toronto:1.6931471805599454
ontario:1.0
line:1.0
12:1.0
anyon:1.0
experi:1.0
486dx2:1.0
system:1.0
would:1.0
interest:1.0
hear:1.0
impress:1.0
gener:1.0
thank:1.0
winqwk:1.0
2:1.6931471805599454
0b:1.0
108:1.0
28:1.0
ravina:1.0
cre:1.0
ont:1.0
m4j:1.0
3m1:1.0
canada:1.0
10:1.0
rosenet:1.0
416:1.0
733:1.0
2285:1.0
