prg:2.09861228866811
nessi:2.09861228866811
mcc:2.09861228866811
ac:2.09861228866811
uk:2.386294361119891
pete:1.0
green:2.09861228866811
subject:1.0
want:1.0
advic:1.6931471805599454
comment:1.6931471805599454
build:1.6931471805599454
pc:1.6931471805599454
distribut:1.0
organ:1.0
manchest:1.0
comput:1.0
centr:1.0
line:1.0
14:1.0
next:1.0
month:1.0
intend:1.0
386:1.0
486:1.0
system:1.0
remot:1.0
monitor:1.0
would:1.6931471805599454
welcom:1.0
may:1.0
choic:1.0
motherboard:1.0
hdd:1.0
board:1.0
recommend:1.0
good:1.0
compani:1.0
sell:1.0
big:1.0
help:1.0
mani:1.0
thank:1.0
peter:1.6931471805599454
r:1.0
tel:1.0
44:1.6931471805599454
61:1.6931471805599454
200:1.6931471805599454
4738:1.0
fax:1.0
4019:1.0
janet:1.0
internet:1.0
includ:1.0
std:1.0
disclaim:1.0
