dtodd:1.0
titan:1.6931471805599454
uc:1.6931471805599454
uma:2.386294361119891
edu:2.386294361119891
david:2.386294361119891
todd:2.386294361119891
subject:1.0
swap:1.6931471805599454
boot:1.0
drive:2.386294361119891
486:1.6931471805599454
organ:1.0
univers:1.6931471805599454
massachusett:1.6931471805599454
amherst:1.6931471805599454
line:1.0
11:1.0
repli:1.0
psych:1.6931471805599454
nntp:1.0
post:1.0
host:1.0
machin:1.0
3:1.6931471805599454
5:2.09861228866811
25:1.0
b:1.0
want:1.0
tia:1.0
depart:1.0
psycholog:1.0
01003:1.0
usa:1.0
phone:1.0
413:1.6931471805599454
545:1.6931471805599454
0158:1.0
fax:1.0
0996:1.0
