richk:1.6931471805599454
grebyn:2.09861228866811
com:1.6931471805599454
richard:1.6931471805599454
krehbiel:1.6931471805599454
subject:1.0
ide:2.9459101490553135
v:1.0
scsi:2.791759469228055
repli:1.0
wlsmith:1.6931471805599454
valv:1.6931471805599454
heart:1.6931471805599454
rri:1.6931471805599454
uwo:2.09861228866811
ca:2.09861228866811
messag:1.0
thu:1.0
15:1.0
apr:1.0
1993:1.0
23:1.0
55:1.0
09:1.0
gmt:1.0
line:1.0
38:1.0
organ:1.0
timeshar:1.0
inc:1.0
articl:1.6931471805599454
1993apr15:1.0
235509:1.0
29818:1.0
julian:1.0
wayn:1.0
smith:1.0
write:1.6931471805599454
1qk7kvinnndk:1.0
dns1:1.0
nmsu:1.6931471805599454
edu:1.6931471805599454
bgrubb:1.0
dant:1.0
grubb:1.0
point:1.6931471805599454
view:1.0
advantag:1.0
come:1.6931471805599454
multi:1.6931471805599454
task:1.6931471805599454
data:2.6094379124341005
could:1.0
anywher:1.0
drive:2.791759469228055
find:1.0
faster:2.09861228866811
get:1.0
comput:1.6931471805599454
better:1.0
cach:1.0
system:1.0
thought:1.0
good:1.0
manag:1.6931471805599454
bu:2.9459101490553135
multipl:1.0
devic:1.6931471805599454
attach:1.0
talk:1.0
singl:1.0
explain:1.0
inher:1.0
hard:1.6931471805599454
adaptec:1.0
1540:1.0
seri:1.0
use:2.09861228866811
master:1.0
mean:1.0
cpu:1.0
sit:1.6931471805599454
wait:1.6931471805599454
byte:1.0
go:1.0
advanc:1.0
o:1.6931471805599454
do:1.0
anyway:1.0
integr:1.0
electron:1.0
current:1.0
common:1.0
standard:1.0
mainli:1.0
medium:1.0
size:1.0
one:1.6931471805599454
asynchron:1.0
transfer:1.0
5mb:1.6931471805599454
max:1.0
start:1.6931471805599454
spec:2.386294361119891
sheet:1.6931471805599454
isa:3.0794415416798357
first:1.6931471805599454
quot:1.0
till:1.0
blue:1.0
face:1.0
exceed:1.0
capabl:1.0
say:1.0
limit:1.0
5:1.0
meg:1.0
sec:1.6931471805599454
vlb:1.0
anyon:1.0
know:1.0
perform:1.0
design:1.0
plug:1.0
virtual:1.0
unaid:1.0
essenc:1.0
ribbon:1.0
cabl:1.0
therefor:1.0
8mhz:1.0
clock:1.0
16:1.0
bit:1.0
width:1.0
conclud:1.0
vl:1.6931471805599454
wast:1.0
fast:1.0
slot:1.6931471805599454
card:1.0
job:1.0
would:1.0
slow:1.0
transact:1.0
speed:1.0
heck:1.0
instead:1.0
2:1.6931471805599454
0:1.0
amigado:1.0
386:1.0
along:1.0
