cdw:2.386294361119891
dc:2.386294361119891
ed:3.0794415416798357
ac:2.791759469228055
uk:2.791759469228055
chri:2.09861228866811
walton:2.09861228866811
subject:1.0
upgrad:1.6931471805599454
modem:2.09861228866811
organ:1.0
depart:1.0
comput:1.0
scienc:1.0
edinburgh:2.09861228866811
univers:1.0
line:1.0
19:1.0
old:1.0
tandon:1.0
type:1.0
info:1.6931471805599454
apart:1.0
fact:1.0
black:1.0
anyon:1.0
repli:1.0
e:2.09861228866811
mail:2.09861228866811
plea:1.0
c:1.6931471805599454
p92019:1.6931471805599454
cplab:1.6931471805599454
ph:1.6931471805599454
tel:1.6931471805599454
031:1.6931471805599454
667:1.6931471805599454
9764:1.6931471805599454
0334:1.6931471805599454
74244:1.6931471805599454
weekend:1.6931471805599454
write:1.6931471805599454
4:1.6931471805599454
2:1.6931471805599454
romero:1.6931471805599454
place:1.6931471805599454
eh16:1.6931471805599454
5bj:1.6931471805599454
finagl:1.0
fourth:1.0
law:1.0
job:1.0
foul:1.0
anyth:1.0
done:1.0
improv:1.0
make:1.0
wors:1.0
