subject:1.0
need:1.6931471805599454
kinda:1.0
batteri:1.6931471805599454
grisch:1.0
uceng:1.6931471805599454
uc:1.6931471805599454
edu:1.6931471805599454
georg:1.6931471805599454
risch:1.0
distribut:1.0
usa:1.0
organ:1.0
univers:1.0
cincinnati:1.0
line:1.0
11:1.0
hello:1.0
ti:1.0
proud:1.0
owner:1.0
ibm:1.0
without:1.0
know:1.0
hook:1.0
jumper:1.0
j21:1.0
info:1.0
replac:1.6931471805599454
voltag:1.0
suggest:1.0
get:1.0
one:1.0
plea:1.0
respond:1.0
tgrisch:1.0
tthank:1.0
