chang:1.0
hsu:1.0
liu:1.6931471805599454
cliu:1.0
silver:1.0
uc:1.0
indiana:1.6931471805599454
edu:1.0
subject:1.0
upgrad:1.6931471805599454
286:1.6931471805599454
486:2.791759469228055
help:1.0
need:1.6931471805599454
organ:1.0
univers:1.0
line:1.0
27:1.0
greet:1.0
plea:1.6931471805599454
forgiv:1.0
faq:1.0
sourc:1.0
kind:1.0
info:1.0
let:1.0
know:1.0
got:1.0
station:2.6094379124341005
around:1.0
21:1.0
16:1.0
5:1.0
7:1.0
dimens:1.6931471805599454
think:1.0
386:1.0
power:1.0
suppli:1.0
two:1.0
floppi:1.6931471805599454
disk:1.6931471805599454
drive:2.09861228866811
big:1.0
case:1.6931471805599454
soni:1.0
1304:1.0
monitor:1.0
syquest:2.09861228866811
mac:1.6931471805599454
mayb:1.0
cd:2.09861228866811
rom:2.09861228866811
reader:1.0
question:1.0
far:1.0
1:1.0
motherboard:1.6931471805599454
could:1.0
use:1.6931471805599454
2:1.0
origin:1.0
owen:1.0
control:2.6094379124341005
hard:1.0
remov:1.0
devic:1.0
much:2.09861228866811
pay:1.0
new:1.6931471805599454
old:1.0
one:1.0
work:1.6931471805599454
3:1.0
make:1.6931471805599454
scsi:2.386294361119891
heard:1.0
cheap:1.0
sound:1.6931471805599454
board:2.09861228866811
built:1.0
qualiti:1.6931471805599454
usual:1.0
cost:1.6931471805599454
ftp:1.0
site:1.0
driver:1.6931471805599454
pc:1.0
everyth:1.0
hook:1.0
ok:1.0
4:1.0
want:1.0
mpc:1.0
would:1.0
worth:1.0
hussl:1.0
buy:1.6931471805599454
btw:1.0
keyboard:1.0
input:1.0
welcom:1.0
thank:1.0
peter:1.0
