junaid:1.0
monu6:1.0
cc:1.0
monash:1.6931471805599454
edu:1.0
au:1.0
mr:1.0
walker:1.0
subject:1.0
2:1.6931471805599454
sound:2.09861228866811
blaster:1.6931471805599454
1:1.6931471805599454
machin:1.6931471805599454
organ:1.0
univers:1.0
melb:1.0
australia:1.0
line:1.0
10:1.0
ti:1.6931471805599454
possibl:1.0
would:1.0
give:1.0
equival:1.0
sb:1.6931471805599454
pro:1.6931471805599454
stereo:1.0
digit:1.0
way:1.6931471805599454
creativ:1.0
lab:1.0
price:1.6931471805599454
oz:1.0
equal:1.0
suppos:1.0
could:1.0
set:1.0
address:1.0
220:1.0
240h:1.0
dma:2.09861228866811
channel:2.09861228866811
tani:1.0
share:1.6931471805599454
hype:1.0
hardisk:1.0
someth:1.0
esoter:1.0
