oecjtb:1.6931471805599454
oec4:1.6931471805599454
orbit:2.386294361119891
dialix:1.6931471805599454
oz:1.6931471805599454
au:1.6931471805599454
john:1.6931471805599454
bongiovanni:1.6931471805599454
subject:1.0
date:3.302585092994046
stuck:1.6931471805599454
organ:1.0
engin:1.6931471805599454
compani:1.6931471805599454
line:1.0
29:1.0
bsardi:1.0
netcom:1.0
com:1.0
barri:1.0
sardi:1.0
write:1.6931471805599454
kevin:1.6931471805599454
kosman:1.0
uucp:1.0
gorman:1.0
anybodi:1.6931471805599454
seen:1.0
get:2.386294361119891
run:2.386294361119891
m:1.0
do:2.09861228866811
5:1.6931471805599454
0:1.0
menu:1.6931471805599454
system:2.386294361119891
aliv:1.0
time:2.386294361119891
machin:1.0
left:1.0
suddenli:1.0
longer:1.0
roll:1.0
reason:1.0
accur:1.0
allway:1.0
chang:1.0
hand:1.0
everi:1.0
morn:1.0
involv:1.0
exit:1.0
start:1.0
notic:1.6931471805599454
thing:1.0
win:1.0
3:1.0
1:1.0
fix:1.0
window:1.0
control:1.0
panel:1.0
other:1.0
clock:2.09861228866811
seem:1.0
sever:1.0
minut:1.0
behind:1.0
hear:1.0
order:1.0
advanc:2.09861228866811
someth:1.0
like:1.0
make:1.0
call:1.6931471805599454
appar:1.0
hardwar:1.0
interrupt:1.0
bio:1.0
automat:1.0
midnight:1.0
reset:1.0
flag:1.0
set:1.0
info:1.0
analyst:1.0
perth:1.0
australia:1.0
bongo:1.0
alumnus:1.0
caltech:1.0
edu:1.0
opinion:1.0
express:1.0
organis:1.0
