ibh:1.6931471805599454
dde:1.6931471805599454
dk:1.6931471805599454
ib:1.6931471805599454
hojm:1.6931471805599454
subject:1.0
scsi:2.6094379124341005
do:2.386294361119891
keyword:1.0
streamer:1.6931471805599454
organ:1.0
dansk:1.6931471805599454
data:1.6931471805599454
elektronik:1.6931471805599454
line:1.0
23:1.0
hello:1.0
netter:1.0
ti:1.6931471805599454
question:1.0
concern:1.0
st01:1.0
control:1.0
two:2.09861228866811
hard:1.0
disk:2.386294361119891
conect:1.0
id:1.0
0:1.0
1:1.0
like:1.0
connect:1.0
tdon:1.0
softwar:1.0
access:1.0
beast:1.0
exist:1.0
ta:1.0
sharewar:1.0
pd:1.0
talso:1.0
want:1.0
third:1.0
know:1.0
see:1.0
physic:1.0
four:1.0
logic:1.0
tpossibl:1.0
use:1.0
extra:1.0
tthank:1.0
advanc:1.0
tib:1.0
euromax:1.0
vejl:1.0
branch:1.0
denmark:1.0
telephon:1.0
int:1.6931471805599454
45:1.6931471805599454
75:1.6931471805599454
72:1.6931471805599454
26:1.0
00:1.0
fax:1.0
27:1.0
76:1.0
e:1.0
mail:1.0
