hodgen:2.9459101490553135
ozzi:2.09861228866811
uni:2.9459101490553135
koblenz:3.0794415416798357
de:2.6094379124341005
wayn:2.09861228866811
subject:1.0
weitek:2.386294361119891
p9000:1.0
futur:1.0
plan:1.0
organ:1.0
germani:1.0
line:1.0
48:1.0
nntp:1.0
post:1.0
host:1.0
articl:1.6931471805599454
1993apr13:1.0
000531:1.0
25096:1.0
jetsun:1.0
com:1.6931471805599454
robert:1.6931471805599454
plamondon:1.0
write:1.6931471805599454
1q0n5pinn60m:1.0
uniko:1.0
sum:1.0
acceler:1.6931471805599454
board:2.386294361119891
4mb:1.6931471805599454
vram:1.6931471805599454
true:1.0
colour:1.6931471805599454
1280x1024:1.6931471805599454
fast:2.09861228866811
vga:1.0
side:1.0
avail:1.6931471805599454
500:1.0
buy:3.0794415416798357
one:2.09861228866811
funni:1.0
realli:1.0
product:1.6931471805599454
probabl:1.6931471805599454
seem:1.0
mouth:1.0
water:1.0
today:1.0
hologram:1.0
get:1.6931471805599454
outta:1.0
wait:2.386294361119891
co:1.6931471805599454
alreadi:1.0
got:1.0
card:2.791759469228055
16:1.0
may:1.6931471805599454
mock:1.0
quickli:1.0
enough:2.6094379124341005
odd:1.0
thing:1.0
comput:1.6931471805599454
industri:1.0
sinc:1.0
alway:1.0
someth:1.6931471805599454
better:1.6931471805599454
peopl:2.09861228866811
forev:1.0
know:2.09861228866811
defer:1.0
updat:1.0
origin:1.0
ibm:1.0
pc:1.6931471805599454
decad:1.0
everi:1.0
time:2.09861228866811
look:1.0
see:1.0
come:1.6931471805599454
road:1.0
dump:1.0
garag:1.0
replac:1.0
afraid:1.0
right:1.0
gave:1.0
use:1.0
differ:1.6931471805599454
current:1.0
system:1.6931471805599454
new:2.6094379124341005
stuff:1.0
big:1.0
warrant:1.0
chang:1.0
instanc:1.0
upgrad:1.0
486:1.0
33:1.0
486dx:1.0
2:1.0
66:1.0
eisa:1.0
vlb:1.0
rsn:1.0
perform:1.0
linux:1.0
great:1.0
worthwhil:1.0
graphic:1.6931471805599454
scsi:1.0
control:1.0
s3:1.0
x11:1.0
driver:1.0
2mb:1.0
like:1.6931471805599454
9000:1.0
also:1.0
much:2.6094379124341005
cheaper:1.0
afford:1.6931471805599454
arriv:1.0
person:1.0
home:1.0
need:1.6931471805599454
disk:1.6931471805599454
subsystem:1.0
larger:1.0
monitor:1.6931471805599454
super:1.0
cpu:1.0
keep:1.0
case:1.0
mous:1.6931471805599454
think:1.0
dream:1.0
hit:1.0
market:1.0
way:1.0
gon:1.0
na:1.0
soon:1.0
money:1.0
last:1.0
year:1.6931471805599454
done:1.0
19:1.0
memori:1.0
20mb:1.0
gb:1.0
1:1.0
2gb:1.0
space:1.0
left:1.0
oh:1.0
well:1.0
stay:1.0
singl:1.0
smoke:1.0
infko:1.6931471805599454
opinion:1.0
c:1.0
1991:1.0
intel:1.0
sx:1.0
unido:1.0
keeper:1.0
scroll:1.0
rheinau:1.0
3:1.0
4:1.0
voic:1.0
49:1.6931471805599454
261:1.6931471805599454
9119:1.6931471805599454
645:1.0
defend:1.0
net:1.0
say:1.0
5400:1.0
fax:1.0
499:1.0
name:1.0
root:1.0
