fas2981:1.0
ultb:2.09861228866811
isc:2.09861228866811
rit:2.09861228866811
edu:2.6094379124341005
f:1.0
shea:2.09861228866811
subject:1.0
recommend:1.0
local:2.09861228866811
bu:3.0794415416798357
cach:1.0
ide:2.9459101490553135
control:2.09861228866811
nntp:1.0
post:1.0
host:1.0
gw:1.0
organ:1.0
rochest:1.0
institut:1.6931471805599454
technolog:1.6931471805599454
distribut:1.0
usa:1.0
line:1.0
41:1.0
articl:1.6931471805599454
1993apr16:1.6931471805599454
140234:1.0
13267:1.0
julian:1.0
uwo:1.6931471805599454
ca:1.6931471805599454
wlsmith:1.0
valv:1.0
heart:1.0
rri:1.0
wayn:1.0
smith:1.0
write:1.6931471805599454
074836:1.0
6819:1.0
sol:1.0
ctr:1.0
columbia:1.0
penev:1.0
venezia:1.0
rockefel:1.0
maxtor:1.6931471805599454
212mb:1.0
isa:2.09861228866811
although:1.0
machin:1.0
dx2:1.0
66:1.0
vlb:2.386294361119891
save:1.6931471805599454
transfer:2.09861228866811
rate:1.6931471805599454
0:1.6931471805599454
647:1.0
mb:1.6931471805599454
regardless:1.0
variat:1.0
speed:2.791759469228055
test:1.0
5:1.6931471805599454
5mhz:1.0
8:1.6931471805599454
33mhz:1.0
differ:1.6931471805599454
problem:1.0
interfac:1.0
memori:1.0
advic:1.0
buy:1.0
4meg:1.0
ram:1.0
70:1.0
enjoy:1.0
perform:1.6931471805599454
comput:1.6931471805599454
286:1.0
25:1.0
mhz:2.09861228866811
12:1.0
drive:2.386294361119891
7213a:1.0
213:1.0
still:2.09861228866811
like:2.09861228866811
peopl:1.0
want:1.6931471805599454
know:2.09861228866811
use:1.0
handl:1.0
recent:1.0
bought:1.0
micron:1.6931471805599454
486dx:1.0
33:1.0
card:1.0
get:1.6931471805599454
around:1.6931471805599454
1k:1.0
say:1.0
norton:2.09861228866811
cale:1.0
seem:1.6931471805599454
pathet:1.0
slow:1.0
said:1.0
6:1.0
xx:1.0
recogn:1.0
give:1.0
accur:1.0
result:1.0
told:1.0
would:1.0
need:1.0
7:1.0
order:1.0
true:1.0
account:1.0
realli:1.0
answer:1.0
part:1.0
though:1.0
crank:1.0
along:1.0
much:1.0
also:1.0
could:1.0
tell:1.0
tri:1.0
play:1.0
set:1.0
cmo:1.0
notic:1.0
signific:1.0
chang:1.0
b0100000027fed4:1.0
frank:1.0
learn:1.0
skill:1.0
tfrank:1.0
teach:1.0
tfas2981:1.0
hath:1.0
fool:1.0
master:1.0
trochest:1.0
ben:1.0
franklin:1.0
