thia:1.6931471805599454
sce:1.0
carleton:1.6931471805599454
ca:1.0
yong:1.0
subject:1.6931471805599454
vesa:2.386294361119891
local:1.0
bu:1.0
summari:1.0
keyword:1.0
organ:1.0
univers:1.0
distribut:1.0
na:1.0
line:1.0
9:1.0
hi:1.0
wonder:1.0
anyon:1.0
could:1.0
point:1.0
get:1.0
specif:1.0
relev:1.0
book:1.0
regard:1.0
jimmi:1.0
