phu:2.386294361119891
luong:2.386294361119891
u2u:1.6931471805599454
lonestar:1.6931471805599454
org:1.6931471805599454
subject:1.0
help:1.0
distribut:1.0
world:1.0
organ:1.0
user:1.6931471805599454
pcboard:1.0
214:1.0
492:1.0
6565:1.0
usr:1.0
d:1.0
v32bi:1.0
repli:1.0
line:1.0
12:1.6931471805599454
tcan:1.0
somon:1.0
explain:1.6931471805599454
stuff:1.0
modem:1.6931471805599454
like:1.0
v:1.6931471805599454
32:1.0
42:1.0
hst:1.0
usrobot:1.0
cheap:1.0
14:1.0
4:1.0
connect:1.0
fast:1.0
everyth:1.0
thank:1.0
must:1.0
believ:1.0
free:1.0
choic:1.0
blue:1.0
wave:1.0
qwk:1.0
v2:1.0
