s106275:1.6931471805599454
ee:2.09861228866811
tut:2.09861228866811
fi:2.09861228866811
anssi:2.09861228866811
saari:1.6931471805599454
subject:1.0
80386:2.6094379124341005
80486:2.6094379124341005
differ:1.6931471805599454
organ:1.0
tamper:1.6931471805599454
univers:1.6931471805599454
technolog:1.6931471805599454
comput:1.0
centr:1.0
line:1.0
38:1.0
distribut:1.0
inet:1.0
nntp:1.0
post:1.0
host:1.0
joedal:2.09861228866811
735221221:1.0
dfi:1.6931471805599454
aau:1.6931471805599454
dk:1.6931471805599454
lar:1.0
write:1.0
except:1.0
clock:1.0
frequenc:1.0
variou:1.0
type:1.0
386:1.0
486:1.0
processor:2.386294361119891
follow:1.0
list:1.6931471805599454
know:1.6931471805599454
perhap:1.0
think:1.0
anybodi:1.0
extend:1.6931471805599454
correct:2.386294361119891
true:1.6931471805599454
32:1.6931471805599454
bit:2.09861228866811
cach:2.09861228866811
80386sx:1.0
emul:1.0
16:1.0
bu:1.0
intern:1.6931471805599454
mathemat:1.6931471805599454
coprocessor:1.6931471805599454
big:1.0
8kb:1.0
instruct:1.6931471805599454
set:1.0
way:1.0
six:1.0
80486sx:1.0
probabl:1.6931471805599454
sorta:1.6931471805599454
like:1.6931471805599454
80486dx:2.09861228866811
without:1.0
fpu:1.0
actual:1.0
describ:1.0
separ:1.0
either:1.0
intel:1.0
anyon:1.0
complet:1.0
cyrix:1.0
ibm:1.0
product:1.0
finland:1.0
europ:1.0
