rtfuhg:2.09861228866811
immd8:1.0
informatik:2.386294361119891
uni:2.386294361119891
erlangen:3.1972245773362196
de:2.386294361119891
robert:2.386294361119891
fuhg:2.09861228866811
subject:1.0
boot:2.6094379124341005
b:2.386294361119891
drive:2.386294361119891
organ:1.0
univers:1.0
csd:1.0
ai:1.0
nntp:1.0
post:1.0
host:1.0
faui8s3:1.0
line:1.0
36:1.0
hi:1.0
think:1.0
vga:2.09861228866811
copi:2.09861228866811
need:1.0
creat:1.0
new:1.0
floppi:1.0
5:2.386294361119891
1:1.6931471805599454
4:1.0
turn:1.0
modifi:1.0
switch:1.6931471805599454
use:1.0
diskett:1.0
messag:1.0
appear:1.0
system:1.0
disk:2.09861228866811
replac:1.0
anoth:1.0
2:1.0
harddisk:1.0
3:2.09861228866811
reboot:1.0
becom:1.6931471805599454
type:1.0
choic:1.0
select:1.0
third:1.0
item:1.0
call:1.0
seem:1.6931471805599454
work:1.0
good:1.0
exampl:1.0
drdos6:1.0
instal:1.0
format:1.0
problem:1.0
friend:1.0
mine:1.0
hope:1.0
help:1.0
p:1.0
sharewar:1.0
easi:1.0
get:1.0
newest:1.0
version:1.0
0:1.0
haagstrass:1.6931471805599454
17:1.6931471805599454
8520:1.6931471805599454
tel:1.6931471805599454
privat:1.6931471805599454
09131:1.6931471805599454
204103:1.6931471805599454
email:1.6931471805599454
cip:1.6931471805599454
demnaechst:1.6931471805599454
91054:1.6931471805599454
war:1.6931471805599454
see:1.6931471805599454
right:1.6931471805599454
left:1.6931471805599454
