jmarttila:2.6094379124341005
finabo:1.6931471805599454
abo:2.09861228866811
fi:2.386294361119891
fast:1.0
eddi:1.0
felson:1.0
subject:1.0
trident:1.6931471805599454
8800c:1.6931471805599454
driver:2.386294361119891
win:1.0
3:1.6931471805599454
1:2.09861228866811
organ:1.0
turku:1.6931471805599454
school:1.0
econom:1.0
x:1.0
news:1.6931471805599454
reader:1.0
vm:1.0
24:1.0
line:1.0
15:1.0
hello:1.0
got:1.0
old:1.0
svga:1.0
card:1.0
lack:1.0
suitabl:1.0
window:1.0
8900:1.0
seri:1.0
seem:1.0
incompat:1.0
anyon:1.0
idea:1.0
get:1.0
address:1.0
ftp:1.0
site:1.0
would:1.0
nice:1.0
thank:1.0
advanc:1.0
jouni:1.6931471805599454
marttila:1.0
yo:1.0
kyl:1.0
11:1.0
b:1.0
25:1.0
20540:1.0
finland:1.0
358:1.0
21:1.0
374624:1.0
abovax:1.0
jjmartti:1.0
utu:1.0
pgp:1.0
key:1.0
avail:1.0
via:1.0
finger:1.0
