dingbat:1.0
diku:1.0
dk:1.0
niel:1.6931471805599454
skov:1.0
olsen:1.0
subject:1.0
rockwel:2.791759469228055
chipset:2.386294361119891
14:1.6931471805599454
4:1.0
good:1.0
organ:1.0
depart:1.0
comput:1.0
scienc:1.0
u:1.0
copenhagen:1.0
line:1.0
33:1.0
tdbear:1.0
dvorak:1.0
amd:1.0
com:1.0
thoma:1.0
barrett:1.0
write:1.6931471805599454
articl:1.0
im14u2c:1.6931471805599454
735176900:1.0
camelot:1.6931471805599454
bradley:1.0
edu:1.0
joe:1.0
zbiciak:1.0
word:1.0
rom:1.0
bug:1.0
specif:1.6931471805599454
brand:1.0
use:2.386294361119891
assort:1.0
firmwar:2.09861228866811
problem:2.386294361119891
pretti:1.6931471805599454
much:1.6931471805599454
expect:1.0
fax:1.6931471805599454
modem:2.09861228866811
talk:1.0
differ:1.0
may:1.6931471805599454
also:1.0
revis:1.0
new:1.0
oblivi:1.0
current:1.0
get:1.6931471805599454
someon:1.6931471805599454
el:1.6931471805599454
could:1.0
plea:1.0
comment:1.0
bought:1.0
twincom:1.6931471805599454
4dfi:1.0
cheap:1.0
would:1.6931471805599454
like:2.386294361119891
hear:1.6931471805599454
run:1.0
howev:1.0
tell:1.0
stay:1.0
clear:1.0
board:1.6931471805599454
mpu:1.6931471805599454
oppos:1.0
dpu:1.0
intern:2.09861228866811
implement:1.0
speed:1.6931471805599454
buffer:1.6931471805599454
instead:1.0
16550:1.0
interfac:1.6931471805599454
without:1.0
550:1.6931471805599454
number:1.0
interrupt:1.0
still:1.6931471805599454
thu:1.0
drop:1.0
multitask:1.0
condit:1.0
window:1.0
far:1.0
know:1.0
work:1.0
ok:1.0
extern:1.0
serial:1.0
port:1.0
phew:1.0
lucki:1.0
version:1.0
550a:1.0
one:1.0
chip:1.0
mark:1.0
rc144dp:1.0
mention:1.0
