lee:2.386294361119891
tosspot:1.6931471805599454
sv:1.6931471805599454
com:1.6931471805599454
reynold:1.0
subject:1.0
serial:1.6931471805599454
multiport:1.6931471805599454
card:2.09861228866811
sale:1.0
organ:1.0
ludu:1.0
associ:1.0
incorpor:1.0
line:1.0
9:1.0
sell:1.0
arnet:1.0
four:1.0
port:1.0
one:1.0
16450:1.0
doc:1.0
driver:1.0
o:1.0
2:1.0
do:1.0
work:1.0
great:1.0
unix:1.0
flavor:1.0
aggreg:1.0
probabl:1.0
around:1.0
64kb:1.0
offer:1.0
also:1.0
will:1.0
swap:1.0
monitor:1.0
