dcoleman:2.6094379124341005
ccwf:1.6931471805599454
cc:2.386294361119891
utexa:2.386294361119891
edu:2.386294361119891
daniel:1.6931471805599454
coleman:1.6931471805599454
subject:1.0
get:1.6931471805599454
1280x1024:2.791759469228055
work:1.0
w:1.0
2m:2.09861228866811
ati:2.09861228866811
ultra:1.6931471805599454
pro:1.6931471805599454
articl:1.6931471805599454
geraldo:1.0
1quf75:1.0
qv1:1.0
organ:1.0
univers:1.6931471805599454
texa:2.09861228866811
austin:2.09861228866811
line:1.0
26:1.0
nntp:1.0
post:1.0
host:1.0
flubber:1.0
1993apr19:1.0
144814:1.0
17736:1.0
aio:1.0
jsc:1.6931471805599454
nasa:1.6931471805599454
gov:1.6931471805599454
mancu:1.6931471805599454
sweetpea:1.0
keith:1.0
write:1.0
unabl:1.0
gateway:1.6931471805599454
486dx2:1.0
66:1.0
run:1.6931471805599454
window:2.386294361119891
order:1.0
pretti:1.0
sure:1.0
realli:1.0
select:1.6931471805599454
1024x768x65536:1.0
matter:1.0
flex:1.6931471805599454
program:1.6931471805599454
group:1.0
remain:1.0
ghost:1.6931471805599454
3:1.0
1:1.0
build:1.0
59:1.0
driver:1.6931471805599454
do:1.0
5:1.0
0:1.0
instal:1.6931471805599454
perhap:1.0
file:1.0
miss:1.0
hard:1.0
drive:1.0
1024x768:1.6931471805599454
fine:1.0
go:1.6931471805599454
desktop:1.6931471805599454
sometim:1.0
refus:1.0
time:1.6931471805599454
accept:1.0
hit:1.0
ok:1.0
enter:1.0
back:1.0
unghost:1.0
main:1.0
help:1.0
mayb:1.0
need:1.6931471805599454
mach32:1.0
set:1.0
refresh:1.0
rate:1.0
might:1.0
use:1.0
custom:1.0
monitor:1.0
option:1.0
dan:1.0
matthew:1.0
internet:1.0
utxvm:2.09861228866811
decnet:1.0
electr:1.0
comput:1.0
engin:1.0
bitnet:1.6931471805599454
