lee:2.386294361119891
tosspot:1.6931471805599454
sv:1.6931471805599454
com:1.6931471805599454
reynold:1.0
subject:1.0
cga:1.0
card:1.0
monitor:1.0
want:1.0
organ:1.0
ludu:1.0
associ:1.0
incorpor:1.0
line:1.0
4:1.0
titl:1.0
say:1.0
