mancu:2.6094379124341005
sweetpea:1.6931471805599454
jsc:2.09861228866811
nasa:2.09861228866811
gov:2.09861228866811
keith:1.6931471805599454
subject:1.0
get:1.6931471805599454
1280x1024:2.6094379124341005
work:1.0
w:1.0
2m:2.09861228866811
ati:2.09861228866811
ultra:1.6931471805599454
pro:1.6931471805599454
organ:1.0
mdssc:1.0
line:1.0
18:1.0
unabl:1.0
gateway:1.6931471805599454
486dx2:1.0
66:1.0
run:1.6931471805599454
window:2.386294361119891
order:1.0
pretti:1.0
sure:1.0
realli:1.0
select:1.6931471805599454
1024x768x65536:1.0
matter:1.0
flex:1.6931471805599454
program:1.6931471805599454
group:1.0
remain:1.0
ghost:1.6931471805599454
3:1.0
1:1.0
build:1.0
59:1.0
driver:1.6931471805599454
do:1.0
5:1.0
0:1.0
instal:1.0
perhap:1.0
file:1.0
miss:1.0
hard:1.0
drive:1.0
1024x768:1.6931471805599454
fine:1.0
go:1.0
desktop:1.6931471805599454
sometim:1.0
refus:1.0
time:1.6931471805599454
accept:1.0
hit:1.0
ok:1.0
enter:1.0
back:1.6931471805599454
unghost:1.0
main:1.0
help:1.0
butch:1.0
n5wvr:1.0
black:1.0
powder:1.0
alcohol:1.0
state:1.0
citi:1.0
fall:1.0
wall:1.0
lesli:1.0
fish:1.0
