lee:2.386294361119891
tosspot:1.6931471805599454
sv:1.6931471805599454
com:1.6931471805599454
reynold:1.0
subject:1.0
16:1.6931471805599454
bit:1.6931471805599454
mfm:1.6931471805599454
hd:1.0
control:1.0
want:1.0
organ:1.0
ludu:1.0
associ:1.0
incorpor:1.0
line:1.0
8:1.0
hi:1.0
okay:1.0
get:1.0
old:1.0
type:1.0
togeth:1.0
well:1.0
anyon:1.0
hdc:1.0
like:1.0
sell:1.0
wd:1.0
prefer:1.0
adaptec:1.0
dtk:1.0
fine:1.0
matter:1.0
almost:1.0
anyth:1.0
long:1.0
work:1.0
