organ:1.0
penn:1.0
state:1.0
univers:1.0
fwr100:1.6931471805599454
psuvm:1.6931471805599454
psu:2.09861228866811
edu:2.09861228866811
subject:1.0
80386:2.386294361119891
80486:2.09861228866811
differ:1.6931471805599454
line:1.0
34:1.0
articl:1.0
joedal:2.09861228866811
735221221:1.0
dfi:1.6931471805599454
aau:1.6931471805599454
dk:1.6931471805599454
lar:1.0
say:1.0
except:1.0
clock:1.0
frequenc:1.0
variou:1.0
type:1.0
386:1.6931471805599454
486:2.09861228866811
processor:2.386294361119891
follow:1.0
list:1.0
know:1.6931471805599454
perhap:1.0
think:1.0
anybodi:1.0
extend:1.6931471805599454
correct:2.09861228866811
true:1.6931471805599454
32:2.09861228866811
bit:2.6094379124341005
cach:2.09861228866811
also:1.0
call:1.0
386dx:1.0
80386sx:1.0
emul:1.0
16:1.6931471805599454
bu:1.0
intern:2.386294361119891
real:1.0
hookup:1.0
outsid:1.0
world:1.0
mathemat:1.0
coprocessor:1.6931471805599454
ye:2.09861228866811
optim:1.0
387:1.0
big:1.0
8k:1.0
instruct:1.6931471805599454
set:1.0
way:1.0
noth:1.0
noteworthi:1.0
80486sx:1.0
probabl:1.6931471805599454
sorta:1.6931471805599454
like:1.6931471805599454
80486dx:1.0
nope:1.0
anoth:1.0
name:1.0
frank:1.0
raci:1.0
fwr:1.0
eclu:1.0
comput:1.0
useless:1.0
give:1.0
answer:1.0
rais:1.0
tax:1.0
middl:1.0
class:1.0
pay:1.0
program:1.0
wjbc:1.0
