35002:1.0
4401:1.0
uwovax:1.0
uwo:1.6931471805599454
ca:1.6931471805599454
subject:1.0
loopback:2.09861228866811
connector:2.09861228866811
made:1.0
organ:1.0
univers:1.0
western:1.0
ont:1.0
london:1.0
nntp:1.0
post:1.0
host:1.0
hydra:1.0
line:1.0
9:1.0
need:1.0
know:1.0
pin:1.0
connect:1.0
make:1.0
serial:1.6931471805599454
port:1.6931471805599454
build:1.0
one:1.0
use:1.0
test:1.0
thank:1.0
help:1.0
steve:1.0
