x90sanson:1.0
gw:1.0
wmich:1.0
edu:1.0
subject:1.0
diff:1.0
mous:2.09861228866811
sy:2.09861228866811
com:1.6931471805599454
organ:1.0
western:1.0
michigan:1.0
univers:1.0
line:1.0
8:1.0
differ:1.0
load:1.0
autoexec:1.0
bat:1.0
devic:1.0
config:1.0
one:1.0
better:1.0
thank:1.0
lot:1.0
enriqu:1.0
