l:1.6931471805599454
p:1.6931471805599454
li1:1.6931471805599454
lut:1.6931471805599454
ac:1.6931471805599454
uk:2.386294361119891
dlp:1.6931471805599454
li:2.09861228866811
subject:1.0
cyrix:1.6931471805599454
486dlc:1.0
40:1.0
cpu:2.386294361119891
repli:1.0
organ:1.0
loughborough:1.0
univers:1.0
line:1.0
12:1.0
2:1.0
anyon:1.0
use:1.0
impress:1.0
perform:1.0
compat:1.0
benchmark:1.0
program:1.6931471805599454
call:1.0
comptest:1.0
said:1.0
bug:1.0
run:1.0
also:1.0
may:1.0
nextstep:1.0
486:1.0
tregard:1.0
tdesmond:1.0
tlut:1.0
