sinn:2.386294361119891
carson:2.09861228866811
u:2.09861228866811
washington:2.6094379124341005
edu:2.09861228866811
philip:1.6931471805599454
subject:1.0
need:1.0
info:1.0
maxtor:2.09861228866811
340si:1.6931471805599454
scsi:1.6931471805599454
jumper:2.09861228866811
id:1.6931471805599454
set:1.6931471805599454
summari:1.0
harddriv:1.6931471805599454
keyword:1.0
harddisk:1.6931471805599454
articl:1.0
shelley:1.0
1qusbtinnd9c:1.0
distribut:1.0
na:1.0
organ:1.0
univers:1.6931471805599454
seattl:1.0
line:1.0
7:1.0
nntp:1.0
post:1.0
host:1.0
got:1.0
ship:1.0
ide:1.0
specif:1.0
spec:1.0
would:1.0
someon:1.0
tell:1.0
thank:1.0
plea:1.0
email:1.0
respons:1.0
