keegan:2.386294361119891
edward:2.09861228866811
c:2.09861228866811
yale:2.6094379124341005
edu:2.09861228866811
subject:1.0
dec:2.09861228866811
mt:1.0
486:1.0
adaptec:1.6931471805599454
scsi:1.6931471805599454
3comm:2.386294361119891
conflict:1.0
organ:1.0
univers:1.6931471805599454
comput:1.6931471805599454
scienc:1.6931471805599454
dept:1.0
new:1.6931471805599454
ct:1.6931471805599454
06520:1.6931471805599454
2158:1.0
line:1.0
14:1.0
distribut:1.0
world:1.0
nntp:1.0
post:1.0
host:1.0
thumper:1.0
cf:1.0
nt:1.0
486dx33:1.0
control:2.386294361119891
hard:1.0
disk:1.0
cd:1.0
rom:1.0
drive:1.0
add:1.0
ethernet:1.0
card:2.09861228866811
3c503:1.0
reboot:1.6931471805599454
system:1.0
receiv:1.0
error:1.0
messag:1.0
boot:1.0
devic:1.0
found:1.0
pull:1.0
everyth:1.0
fine:1.0
move:1.0
variou:1.0
slot:2.09861228866811
differ:1.0
posit:1.0
result:1.0
respond:1.0
problem:1.0
yet:1.0
help:1.0
would:1.0
appreci:1.0
facil:1.0
director:1.0
e:1.0
mail:1.0
depart:1.0
phone:1.0
1:1.6931471805599454
203:1.6931471805599454
432:1.6931471805599454
1254:1.0
51:1.0
prospect:1.0
street:1.0
room:1.0
009:1.0
fax:1.0
0593:1.0
