poe:1.0
wharton:1.6931471805599454
upenn:1.6931471805599454
edu:1.6931471805599454
subject:1.0
amd:2.09861228866811
i486:1.6931471805599454
clone:1.6931471805599454
legal:1.6931471805599454
u:1.6931471805599454
organ:1.0
univers:1.0
pennsylvania:1.0
line:1.0
7:1.0
nntp:1.0
post:1.0
host:1.0
fred:1.0
friend:1.0
mine:1.0
call:1.0
phone:1.0
told:1.0
wathc:1.0
cnn:1.0
saw:1.0
report:1.0
rule:1.0
prohibit:1.0
sell:1.0
thrown:1.0
make:1.0
ship:1.0
anyon:1.0
verifi:1.0
thank:1.0
advanc:1.0
phil:1.0
