stam:2.386294361119891
netcom:2.09861228866811
com:2.09861228866811
david:2.09861228866811
subject:1.0
recommend:1.0
local:2.386294361119891
bu:3.4849066497880004
cach:2.09861228866811
organ:1.0
line:1.6931471805599454
commun:1.6931471805599454
servic:1.0
408:1.0
241:1.0
9760:1.0
guest:1.0
x:1.6931471805599454
newsread:1.0
tin:1.0
version:1.0
1:2.791759469228055
pl8:1.0
85:1.0
penio:1.0
penev:1.6931471805599454
rockefel:1.0
edu:1.0
wrote:1.6931471805599454
maxtor:2.6094379124341005
212mb:1.0
isa:2.09861228866811
ide:2.9459101490553135
control:3.1972245773362196
although:1.0
machin:1.0
dx2:1.6931471805599454
66:1.6931471805599454
vlb:1.0
save:1.0
transfer:3.302585092994046
rate:3.3978952727983707
0:2.09861228866811
647:1.0
mb:2.6094379124341005
regardless:1.0
variat:1.0
speed:2.09861228866811
test:1.0
5:1.6931471805599454
5mhz:1.0
8:1.0
33mhz:1.0
differ:1.0
problem:1.0
interfac:2.6094379124341005
memori:1.0
chri:1.0
brinton:1.6931471805599454
icd:1.0
teradyn:1.0
also:1.6931471805599454
212:1.0
gener:1.6931471805599454
get:3.0794415416798357
985:1.0
kb:1.6931471805599454
tri:1.0
swap:1.0
went:1.0
830:1.0
spec:1.0
drive:2.386294361119891
show:1.6931471805599454
maximum:2.09861228866811
platter:2.386294361119891
2:2.09861228866811
83:1.0
dont:1.0
know:1.6931471805599454
got:1.0
littl:1.0
certainli:1.0
much:1.0
hope:1.0
look:1.0
way:1.0
deal:1.0
anybodi:1.0
throughput:1.0
anywher:1.0
close:1.6931471805599454
seen:1.0
anyth:1.6931471805599454
even:2.09861228866811
5mb:1.0
sec:3.833213344056216
limit:1.0
non:1.0
interleav:1.0
sequenti:2.09861228866811
read:3.0794415416798357
msdo:1.0
c:1.6931471805599454
program:1.6931471805599454
use:1.0
bio:1.0
call:1.6931471805599454
64:1.0
sector:2.386294361119891
block:1.6931471805599454
outsid:1.6931471805599454
first:1.0
track:2.09861228866811
inward:1.0
8mhz:2.09861228866811
10mhz:2.09861228866811
lxt340:2.09861228866811
860kb:1.0
976kb:1.0
quantum:2.386294361119891
lps240:2.09861228866811
862kb:1.6931471805599454
887kb:1.0
disk:2.791759469228055
buffer:2.791759469228055
repeatedli:1.0
effect:1.0
ram:2.09861228866811
1046kb:1.0
1212kb:1.0
1015kb:1.0
1276kb:1.0
3:2.09861228866811
coretest:1.0
v2:1.0
7:1.0
seem:1.0
agre:1.0
1051kb:1.0
1224kb:1.0
1026kb:1.0
1298kb:1.0
manag:1.0
hold:1.0
lps240at:1.0
product:1.0
manual:1.6931471805599454
goe:1.0
excruti:1.0
detail:1.0
describ:1.0
bit:2.09861228866811
nowher:1.0
see:1.0
like:1.0
whip:1.0
high:2.09861228866811
sit:1.0
around:1.6931471805599454
thaw:1.0
sent:1.0
host:1.0
though:1.0
swear:1.0
what:1.0
happen:1.0
relev:1.0
quot:1.0
data:2.386294361119891
75:1.0
87mb:1.0
minimum:1.6931471805599454
calcul:1.0
3121kb:1.0
1578kb:1.0
spin:1.0
4306:1.0
rpm:1.0
87:1.0
per:1.0
44:1.0
insid:1.0
singl:1.0
burst:1.0
error:1.6931471805599454
24:1.0
within:1.0
one:1.0
correct:1.6931471805599454
fli:1.0
real:1.0
time:1.0
occur:1.0
allow:1.6931471805599454
degre:1.0
integr:1.0
impact:1.0
perform:1.0
take:1.0
mean:1.0
bottleneck:1.0
page:1.0
mode:1.0
oper:1.0
10:1.0
ic:1.0
dc:1.0
simultan:1.0
thing:1.0
pre:1.6931471805599454
fetch:1.6931471805599454
send:1.0
request:1.0
64kb:1.0
guess:1.0
could:1.0
outer:1.0
measli:1.0
3mb:1.0
hard:1.0
engin:1.0
wonder:1.0
slow:1.0
ooo:1.6931471805599454
linux:1.0
choic:1.0
gnu:1.0
386:1.0
un:1.0
x11r5:1.0
openlook:1.0
gcc:1.0
tex:1.0
free:1.0
