hwstock:1.6931471805599454
snll:1.0
arpagw:1.0
llnl:1.6931471805599454
gov:1.6931471805599454
stockman:1.6931471805599454
harlan:1.0
w:1.0
subject:1.0
pentium:1.6931471805599454
clock:1.6931471805599454
count:1.6931471805599454
organ:1.0
sandia:1.6931471805599454
nation:1.0
laboratori:1.0
line:1.0
7:1.0
anyon:1.0
list:1.0
instruct:1.0
know:1.0
integ:1.0
mul:1.0
1:1.0
tick:1.0
thank:1.0
hw:1.0
