flyboy:2.09861228866811
spf:1.6931471805599454
trw:2.6094379124341005
com:2.09861228866811
jeff:2.09861228866811
wright:1.6931471805599454
subject:1.0
need:1.0
pinout:2.09861228866811
ext:2.09861228866811
db25:2.386294361119891
floppi:2.386294361119891
connector:2.09861228866811
plea:1.0
organ:1.0
sensor:1.0
data:1.0
process:1.0
center:1.0
redondo:1.6931471805599454
beach:1.6931471805599454
ca:2.09861228866811
distribut:1.0
line:1.0
20:1.0
hi:1.0
first:1.0
post:1.0
gentl:1.0
zenith:1.6931471805599454
extern:1.0
like:1.6931471805599454
use:1.6931471805599454
sharp:1.0
toshiba:1.0
laptop:1.0
also:1.0
take:1.0
work:1.0
would:1.6931471805599454
make:1.0
adapt:1.0
anyon:1.0
manufactur:1.0
greatli:1.0
appreci:1.0
info:1.0
either:1.0
e:1.0
mail:1.0
fax:2.09861228866811
thank:1.0
much:1.0
aka:1.0
coyot:1.0
310:1.0
882:1.0
8800:1.6931471805599454
phone:1.0
213:1.6931471805599454
812:1.6931471805599454
7332:1.0
one:1.0
space:1.0
park:1.0
o2:1.0
1769:1.0
90278:1.0
