balog:2.386294361119891
eniac:2.09861228866811
sea:2.09861228866811
upenn:2.09861228866811
edu:2.09861228866811
eric:1.6931471805599454
j:1.0
subject:1.0
diamond:1.0
stealth:1.0
24:1.0
give:1.6931471805599454
9:1.6931471805599454
4:1.0
winmark:1.6931471805599454
organ:1.0
univers:1.0
pennsylvania:1.0
line:1.0
nntp:1.0
post:1.6931471805599454
host:1.0
hi:1.0
result:1.0
good:1.0
idea:1.0
version:1.6931471805599454
winbench:1.0
use:1.0
obtain:1.0
score:1.0
well:1.0
resolut:1.0
test:1.0
driver:1.0
