rcomg:1.0
melomi:1.6931471805599454
co:1.0
rmit:2.386294361119891
oz:1.0
au:2.386294361119891
mark:2.09861228866811
gregori:2.6094379124341005
subject:1.0
avi:2.386294361119891
file:2.386294361119891
format:2.6094379124341005
summari:1.0
keyword:1.0
organ:1.0
royal:2.09861228866811
melbourn:2.6094379124341005
institut:2.09861228866811
technolog:2.09861228866811
line:1.0
21:1.0
nntp:1.0
post:1.6931471805599454
host:1.0
cse:1.0
edu:2.09861228866811
hi:1.0
twould:1.0
someon:1.0
plea:1.0
email:1.0
microsoft:1.0
wish:1.0
research:1.0
use:1.0
disk:1.0
avail:1.0
video:1.6931471805599454
clip:1.0
interest:1.0
interleav:1.0
sound:1.0
thank:1.0
lectur:1.6931471805599454
ph:1.6931471805599454
03:2.386294361119891
6603243:1.6931471805599454
fax:1.6931471805599454
6621060:1.6931471805599454
depart:1.6931471805599454
commun:1.6931471805599454
electron:1.6931471805599454
engin:1.6931471805599454
p:1.6931471805599454
box:1.6931471805599454
2476v:1.6931471805599454
victoria:1.6931471805599454
3001:1.6931471805599454
australia:1.6931471805599454
