mac1:1.6931471805599454
isi:1.6931471805599454
msstate:2.09861228866811
edu:2.09861228866811
mubashir:1.6931471805599454
cheema:1.6931471805599454
subject:1.0
2:2.386294361119891
printer:2.6094379124341005
pc:2.09861228866811
lan:1.6931471805599454
summari:1.0
keyword:1.0
nntp:1.0
post:1.0
host:1.0
organ:1.0
mississippi:1.0
state:1.0
univers:1.0
line:1.0
15:1.0
recent:1.0
plung:1.0
world:1.6931471805599454
use:2.09861228866811
amiga:1.0
tri:1.0
establish:1.0
network:1.0
could:1.0
differ:1.0
panason:1.0
kxp2124:1.0
print:1.6931471805599454
receipt:1.0
okidata:1.0
ol400:1.0
letter:1.0
etc:1.6931471805599454
possibl:1.0
know:1.0
unix:1.6931471805599454
specifi:1.0
sure:1.0
would:1.0
handl:1.0
guess:1.0
leav:1.0
peeecee:1.0
good:1.0
move:1.0
sparco:1.0
commun:1.0
tph:1.0
601:1.6931471805599454
323:1.0
5360:1.0
lagalari:1.0
tfax:1.0
324:1.0
6433:1.0
500:1.0
russel:1.0
street:1.0
suit:1.0
20:1.0
temail:1.0
ra:1.0
starkvil:1.0
m:1.0
39759:1.0
