dunguyen:1.0
ec:1.0
uma:1.0
edu:1.0
subject:1.0
hay:1.6931471805599454
9600:1.6931471805599454
extern:1.0
ac:2.09861228866811
pin:2.386294361119891
line:1.0
7:1.0
hello:1.0
moden:1.0
cabl:1.0
manual:1.0
modem:1.0
requir:1.0
sourc:1.6931471805599454
14v:1.0
know:1.6931471805599454
connect:1.0
power:1.0
3:1.0
connector:1.0
top:1.0
ground:1.0
would:1.0
guess:1.0
two:1.0
right:1.0
hint:1.0
plea:1.0
e:1.0
mail:1.0
realli:1.0
need:1.0
help:1.0
thank:1.0
duc:1.0
n:1.0
