richk:2.09861228866811
grebyn:2.386294361119891
com:2.09861228866811
richard:2.09861228866811
krehbiel:2.09861228866811
subject:1.0
ide:2.386294361119891
v:1.0
scsi:1.0
repli:1.0
bgrubb:1.6931471805599454
dant:1.6931471805599454
nmsu:2.09861228866811
edu:2.09861228866811
messag:1.0
18:1.0
apr:1.0
1993:1.0
19:1.0
30:1.0
47:1.0
gmt:1.0
line:1.0
14:1.0
organ:1.0
timeshar:1.0
inc:1.0
articl:1.0
1qsa97innm7b:1.0
dns1:1.0
grubb:1.0
write:1.6931471805599454
stuff:1.0
connect:1.0
ida:1.6931471805599454
deleat:1.0
8mhz:1.0
clock:2.386294361119891
16:1.6931471805599454
bit:1.6931471805599454
width:1.0
5mb:1.6931471805599454
sec:1.6931471805599454
speed:1.6931471805599454
come:2.09861228866811
8:2.09861228866811
3mb:1.0
sight:1.0
well:1.0
quick:1.0
math:1.0
part:1.0
show:1.0
3mhz:1.0
bu:1.6931471805599454
wide:1.0
perform:1.6931471805599454
transfer:2.386294361119891
everi:1.0
two:1.6931471805599454
cycl:1.6931471805599454
provid:1.0
3m:1.0
byte:1.0
someon:1.0
said:1.0
realli:1.0
take:1.0
3:1.0
reduc:1.0
rate:1.0
5:1.0
commonli:1.0
use:1.0
figur:1.0
isa:1.0
howev:1.0
believ:1.0
possibl:1.0
0:1.6931471805599454
wait:1.0
state:1.0
o:1.0
2:1.6931471805599454
amigado:1.0
386:1.0
along:1.0
