hlu:1.0
luke:1.0
eec:1.0
wsu:1.0
edu:2.09861228866811
hj:1.0
lu:1.0
subject:1.0
debug:2.09861228866811
possibl:1.0
hardwar:1.6931471805599454
problem:2.9459101490553135
articl:1.6931471805599454
serval:1.0
1993apr20:1.0
151405:1.0
12480:1.0
organ:1.0
washington:1.0
state:1.6931471805599454
univers:1.0
line:1.0
54:1.0
1r0rslinnnv2:1.0
senat:1.0
bedfellow:1.0
mit:1.6931471805599454
jfc:1.0
athena:1.0
john:1.0
f:1.0
carr:1.0
write:2.09861228866811
run:2.386294361119891
linux:2.09861228866811
80486:1.0
eisa:1.6931471805599454
system:2.09861228866811
think:1.0
could:2.09861228866811
softwar:1.6931471805599454
see:1.0
one:1.0
troubl:1.0
like:1.0
advic:1.0
best:1.0
symptom:1.0
tri:1.0
build:1.0
gcc:2.09861228866811
get:1.6931471805599454
unpredict:1.0
unrepeat:1.0
result:2.09861228866811
sometim:1.6931471805599454
file:2.6094379124341005
valid:1.6931471805599454
format:1.0
recompil:1.0
give:2.09861228866811
binari:1.0
compil:2.791759469228055
abort:1.0
dump:1.0
core:1.0
work:1.6931471805599454
fine:1.0
input:1.0
sourc:1.0
argument:1.0
slight:1.0
differ:1.0
object:1.6931471805599454
note:1.0
unlik:1.0
mani:1.0
put:1.0
timestamp:1.0
twice:1.0
bit:1.0
ident:1.0
also:1.6931471805599454
occasion:1.0
filesystem:1.0
corrupt:1.0
scsi:1.6931471805599454
drive:1.0
caus:2.09861228866811
use:1.0
develop:1.0
relat:1.0
disk:1.6931471805599454
whether:1.0
ide:1.0
set:1.0
memori:1.6931471805599454
speed:2.09861228866811
cach:2.386294361119891
recommend:1.6931471805599454
valu:1.0
do:1.6931471805599454
junk:1.0
suspect:1.0
extern:1.0
real:1.0
evid:1.0
motherboard:1.6931471805599454
nice:1.0
super:1.0
256:1.0
kb:1.0
back:1.0
dx:1.0
2:1.0
66:1.0
mhz:1.0
processor:1.0
look:1.0
test:1.0
program:1.0
tlinux:1.0
fire:1.0
libc:1.0
kernel:1.0
tsame:1.0
time:1.0
x11r5:1.0
suggest:1.6931471805599454
tbad:1.0
bad:1.6931471805599454
tchang:1.6931471805599454
wait:1.0
ram:1.6931471805599454
tturn:1.0
turbo:1.0
bu:1.0
tswap:1.0
h:1.0
j:1.0
