zrdf01:2.09861228866811
trc:2.09861228866811
amoco:2.6094379124341005
com:2.09861228866811
rusti:1.6931471805599454
foreman:1.6931471805599454
subject:1.0
17:1.6931471805599454
monitor:1.0
repli:1.0
organ:1.0
product:1.6931471805599454
compani:1.0
tulsa:2.09861228866811
research:1.6931471805599454
line:1.0
11:1.0
anyon:1.0
taken:1.0
look:1.0
new:1.0
viewson:1.0
claim:1.0
1280x1024:1.0
76hz:1.0
compar:1.0
t560i:1.0
term:1.0
price:1.0
qualiti:1.0
display:1.0
live:1.0
time:1.0
rforeman:1.0
uunet:1.0
apctrc:1.0
p:1.0
box:1.0
3385:1.0
phone:1.0
918:1.6931471805599454
660:1.6931471805599454
3488:1.0
ok:1.0
74102:1.0
fax:1.0
4163:1.0
