khioe:1.6931471805599454
juno:2.09861228866811
jpl:2.386294361119891
nasa:2.09861228866811
gov:2.09861228866811
kent:1.6931471805599454
hioe:1.0
subject:1.0
need:1.6931471805599454
advic:1.6931471805599454
select:2.386294361119891
sound:3.302585092994046
card:2.9459101490553135
keyword:1.0
nntp:1.0
post:1.0
host:1.0
organ:1.0
line:1.0
32:1.0
hi:1.0
netland:1.0
buy:1.6931471805599454
kid:1.6931471805599454
know:1.6931471805599454
one:2.09861228866811
follow:1.0
list:1.0
blaster:2.09861228866811
16:1.0
miscrosoft:1.0
audio:1.0
spectrum:1.0
pro:1.0
alloc:1.0
budget:1.0
around:1.0
250:1.0
could:1.0
help:1.0
appropri:1.0
486:1.0
33:1.0
mz:1.0
opti:1.0
mb:1.0
also:1.0
nec:1.0
cdrom:1.0
would:1.0
like:1.0
connect:1.0
thank:1.0
