biernat:1.6931471805599454
rtsg:1.0
mot:1.0
com:2.09861228866811
tim:1.6931471805599454
subject:1.0
32:2.09861228866811
bit:2.09861228866811
box:1.0
gateway:1.6931471805599454
nntp:1.0
post:1.0
host:1.0
tophat1:1.0
organ:1.0
motorola:1.0
inc:1.0
cellular:1.0
infrastructur:1.0
group:1.0
line:1.0
29:1.0
articl:1.0
1993apr16:1.0
153330:1.0
12087:1.0
hpcvca:1.0
cv:1.6931471805599454
hp:1.6931471805599454
scott:1.6931471805599454
hpcvccl:1.0
linn:1.0
write:1.0
play:1.0
around:1.0
2000:1.0
local:1.6931471805599454
bu:1.6931471805599454
machin:1.0
last:1.0
night:1.0
becam:1.0
appar:1.0
window:1.0
3:1.0
1:1.6931471805599454
give:1.0
option:1.6931471805599454
access:2.09861228866811
virtual:1.6931471805599454
memori:1.6931471805599454
use:1.6931471805599454
perman:1.0
swap:1.0
file:1.0
disk:1.6931471805599454
drive:1.6931471805599454
interfac:1.0
expect:1.0
investig:1.0
appear:1.0
need:1.0
massag:1.0
switch:2.09861228866811
system:1.0
ini:1.0
section:1.0
flip:1.0
32bitaccess:1.0
associ:1.0
driver:1.0
wdctl:1.0
enabl:1.0
32bit:1.0
sure:1.0
hard:1.0
control:1.0
support:1.0
serious:1.0
fast:1.0
throw:1.0
windoz:1.0
2:2.09861228866811
instal:1.0
o:2.09861228866811
weekend:1.0
incred:1.0
final:1.0
real:1.0
humbl:1.0
pc:1.0
