caton:1.6931471805599454
compstat:1.6931471805599454
wharton:1.6931471805599454
upenn:1.6931471805599454
edu:1.6931471805599454
toni:1.6931471805599454
subject:1.0
17:2.09861228866811
monitor:1.6931471805599454
organ:1.0
univers:1.0
pennsylvania:1.0
line:1.0
12:1.0
nntp:1.0
post:1.0
host:1.0
repli:1.0
zrdf01:1.6931471805599454
trc:2.09861228866811
amoco:2.09861228866811
com:2.09861228866811
messag:1.0
20:1.0
apr:1.0
93:1.0
15:1.0
56:1.0
06:1.0
gmt:1.0
articl:1.0
c5shlj:1.0
ere:1.0
rusti:1.0
foreman:1.0
write:1.0
anyon:1.6931471805599454
taken:1.0
look:1.0
new:1.6931471805599454
viewson:1.6931471805599454
claim:1.0
1280x1024:1.0
76hz:1.0
compar:1.0
t560i:1.0
term:1.0
price:1.0
qualiti:1.0
display:1.0
interest:1.0
well:1.0
seen:1.0
one:1.0
flesh:1.0
