cctr132:1.0
csc:2.6094379124341005
canterburi:2.791759469228055
ac:2.386294361119891
nz:2.6094379124341005
nick:2.09861228866811
fitzgerald:2.6094379124341005
pc:1.6931471805599454
softwar:1.0
consult:1.6931471805599454
uoc:1.0
subject:1.0
3:2.6094379124341005
5:2.09861228866811
floppi:3.3978952727983707
read:2.386294361119891
wrote:1.6931471805599454
nntp:1.0
post:1.0
host:1.0
cantva:1.0
repli:1.0
n:2.09861228866811
organ:1.0
univers:1.0
christchurch:1.0
new:1.0
zealand:1.0
line:1.0
31:1.0
articl:1.0
1434:1.0
netxcom:1.6931471805599454
netx:1.6931471805599454
com:1.6931471805599454
pdressn:1.0
peter:1.0
dressner:1.0
write:1.0
gateway:1.0
drive:2.791759469228055
file:2.386294361119891
format:1.0
contain:1.0
machin:1.0
unread:1.6931471805599454
also:1.6931471805599454
written:1.0
defect:1.0
long:1.0
time:1.0
ago:1.0
sound:1.0
like:1.0
head:1.6931471805599454
align:2.386294361119891
problem:1.6931471805599454
right:1.0
one:1.0
go:1.0
fix:1.6931471805599454
screw:1.0
adjust:1.0
first:1.0
thing:1.0
make:1.0
sure:1.0
current:1.0
alreadi:1.0
hd:1.6931471805599454
anoth:1.0
two:1.0
get:1.0
copi:1.0
kissd:1.0
goodby:1.0
well:1.0
tri:1.0
misalign:1.0
back:1.0
count:1.0
abl:1.0
gener:1.0
someth:1.0
trust:1.0
good:1.0
repair:1.0
shop:1.0
though:1.0
diy:1.0
guid:1.0
applic:1.0
uni:1.0
z:1.0
tel:1.0
64:1.6931471805599454
364:1.6931471805599454
2337:1.0
fax:1.0
2332:1.0
