richk:1.6931471805599454
grebyn:2.09861228866811
com:2.6094379124341005
richard:1.6931471805599454
krehbiel:1.6931471805599454
subject:1.0
vl:2.6094379124341005
bu:2.791759469228055
hdd:2.6094379124341005
fdd:2.6094379124341005
control:2.9459101490553135
ide:2.791759469228055
repli:1.0
taybh:1.6931471805599454
hpsgm2:2.09861228866811
sgp:2.09861228866811
hp:2.09861228866811
messag:1.0
20:1.0
apr:1.0
93:1.0
13:1.0
30:1.0
17:1.0
gmt:1.0
line:1.0
16:1.6931471805599454
organ:1.0
timeshar:1.0
inc:1.0
articl:1.0
62890018:1.0
beng:1.0
hang:1.0
tay:1.0
write:1.0
hi:1.0
buy:1.0
quantum:1.0
lps240at:1.0
245:1.0
mb:1.0
hardisk:1.0
decid:1.0
32:1.0
bit:1.6931471805599454
faster:1.6931471805599454
card:1.0
isa:2.09861228866811
interfac:1.0
fundament:1.0
noth:1.0
extens:1.0
hook:1.0
work:1.0
fast:1.0
slower:2.09861228866811
two:1.0
mean:1.0
speed:1.0
hear:1.0
hand:1.0
expect:1.0
o:1.0
2:1.6931471805599454
0:1.0
amigado:1.0
386:1.0
come:1.0
along:1.0
