tiger:2.386294361119891
netcom:1.0
com:1.0
zhao:1.0
subject:1.0
100:2.386294361119891
simm:2.09861228866811
sipp:2.09861228866811
1mb:1.6931471805599454
need:1.6931471805599454
organ:1.0
garag:1.0
line:1.0
23:1.0
yuri:2.09861228866811
atmo:2.09861228866811
washington:2.09861228866811
edu:2.09861228866811
write:1.0
ti:1.0
price:2.09861228866811
around:1.0
17:1.0
20:1.0
piec:1.6931471805599454
assum:1.0
talk:1.0
1meg:1.6931471805599454
x:1.6931471805599454
9:1.6931471805599454
speed:1.0
70n:1.0
would:1.0
take:1.0
10k:1.0
per:1.0
week:1.0
fob:1.0
u:1.0
port:1.0
wait:1.6931471805599454
offer:1.6931471805599454
could:1.0
dream:1.0
tyuri:1.0
yulaev:1.0
t6553:1.0
38th:1.0
ave:1.0
ne:1.0
tseattl:1.0
wa:1.0
98115:1.0
206:2.09861228866811
524:2.09861228866811
2806:1.0
9547:1.0
home:1.0
685:1.0
3793:1.0
work:1.0
7218:1.0
fax:1.0
internet:1.0
uucp:1.0
uw:1.0
beaver:1.0
