strataki:2.09861228866811
atalant:1.6931471805599454
csi:1.6931471805599454
forth:2.09861228866811
gr:1.6931471805599454
manoli:1.0
subject:1.0
comment:1.6931471805599454
eisa:2.791759469228055
bu:1.6931471805599454
book:1.6931471805599454
organ:1.0
ic:1.0
p:1.0
box:1.0
1385:1.0
heraklio:1.0
crete:1.0
greec:1.0
71110:1.0
tel:1.0
30:1.6931471805599454
81:1.6931471805599454
221171:1.0
229302:1.0
fax:1.0
229342:1.0
3:1.6931471805599454
tlx:1.0
262389:1.0
cci:1.0
line:1.0
29:1.0
distribut:1.0
world:1.0
nntp:1.0
post:1.0
host:1.0
keyword:1.0
isa:2.791759469228055
thello:1.0
ti:1.0
follow:1.0
list:1.0
buse:1.0
1:1.0
system:1.6931471805599454
architectur:1.6931471805599454
tom:1.6931471805599454
shanley:1.6931471805599454
anderson:1.6931471805599454
mindshar:1.6931471805599454
press:1.6931471805599454
1993:1.6931471805599454
34:1.0
95:1.6931471805599454
2:1.0
24:1.0
pc:1.6931471805599454
xt:1.6931471805599454
e:1.6931471805599454
time:1.0
spec:1.0
edward:1.6931471805599454
solari:1.6931471805599454
copyright:2.09861228866811
1992:1.0
isbn:1.6931471805599454
0:1.6931471805599454
929392:1.6931471805599454
15:1.0
9:1.0
4:1.0
design:1.0
1990:1.6931471805599454
08:1.0
6:1.0
5:1.0
interfac:1.0
ibm:1.0
eggebrecht:1.0
lewi:1.0
c:1.0
tdo:1.0
tpleas:1.0
repli:1.0
mail:1.0
tthank:1.0
advanc:1.0
tmanoli:1.0
