jamesc:1.6931471805599454
netcom:1.6931471805599454
com:1.0
jame:1.0
chuang:1.0
subject:1.0
diamond:1.0
stealth:1.0
24:1.6931471805599454
give:1.0
9:1.6931471805599454
4:1.0
winmark:1.6931471805599454
organ:1.0
onlin:1.0
commun:1.0
servic:1.0
408:1.0
241:1.0
9760:1.0
guest:1.0
line:1.0
8:1.0
pc:1.0
mag:1.0
got:1.0
around:1.0
10:1.0
test:1.0
steal:1.0
sound:1.0
like:1.0
ok:1.0
someon:1.0
ask:1.0
god:1.0
say:1.0
ye:1.0
