organ:1.0
penn:1.0
state:1.0
univers:1.0
guf:1.6931471805599454
psuvm:1.6931471805599454
psu:1.6931471805599454
edu:1.6931471805599454
subject:1.0
help:1.0
8088:2.386294361119891
80286:2.386294361119891
advic:1.6931471805599454
line:1.0
11:1.0
640k:1.6931471805599454
clone:1.0
want:1.6931471805599454
except:1.0
run:2.6094379124341005
1:1.0
game:3.0794415416798357
buy:1.0
say:1.6931471805599454
requir:1.0
tech:1.0
support:1.0
use:1.0
digit:1.6931471805599454
graphic:1.6931471805599454
would:2.09861228866811
make:1.0
realli:1.0
slow:1.0
card:2.386294361119891
hoyl:1.0
classic:1.0
photo:1.0
artwork:1.0
fiction:1.0
player:1.0
speed:1.0
short:1.0
motherboard:1.0
upgrad:1.0
co:1.0
processor:1.0
acceler:1.0
mimick:1.0
10:1.0
mhz:1.0
greatli:1.0
appreci:1.0
gil:1.0
