michael:2.6094379124341005
jester:1.6931471805599454
gun:1.6931471805599454
de:1.6931471805599454
gerhard:1.6931471805599454
distribut:1.0
world:1.0
subject:1.0
modem:2.9459101490553135
uart:2.9459101490553135
x:1.0
newsread:1.0
tin:1.0
version:1.0
1:2.09861228866811
pl8:1.0
organ:1.0
privat:1.0
coher:1.6931471805599454
system:1.0
line:1.0
33:1.0
ryan:1.0
jeffrey:1.0
baucom:1.0
rjbaucom:1.0
eo:1.0
ncsu:1.0
edu:1.0
wrote:1.0
16550:2.09861228866811
know:1.6931471805599454
exact:1.0
mean:1.0
think:2.09861228866811
someth:1.0
like:1.0
univers:1.0
arithmet:1.0
receiv:1.6931471805599454
transmitt:1.0
normal:1.0
older:1.0
board:2.386294361119891
8250:1.0
16450:1.0
chip:1.0
gener:1.6931471805599454
irq:1.6931471805599454
everi:1.6931471805599454
char:1.6931471805599454
intern:2.09861228866811
16:1.6931471805599454
byte:1.0
buffer:1.0
right:1.0
softwar:1.0
instal:1.0
2:1.6931471805599454
high:1.0
speed:1.6931471805599454
3:1.0
necessari:1.0
14:1.0
4k:1.0
higher:1.6931471805599454
throughput:1.0
ran:1.0
do:1.6931471805599454
need:1.0
run:1.6931471805599454
one:1.6931471805599454
task:1.6931471805599454
time:1.6931471805599454
whole:1.6931471805599454
cpu:1.6931471805599454
power:1.0
could:1.0
use:1.6931471805599454
transfer:1.0
multitask:1.0
o:1.6931471805599454
unix:1.0
etc:1.0
window:1.0
work:1.0
result:1.0
lost:1.0
charact:1.0
broken:1.0
transmiss:1.0
timeout:1.0
4:1.6931471805599454
diffrenc:1.0
wherea:1.0
extern:1.0
connect:1.0
comput:1.0
serial:1.0
port:1.0
experi:1.0
9600:1.0
plea:1.0
let:1.0
also:1.0
particular:1.0
brand:1.0
name:1.0
reccomend:1.0
cheapo:1.0
clone:1.0
well:1.0
zyxel1496b:1.0
16550uart:1.0
0:1.0
satisfi:1.6931471805599454
nearli:1.0
everyon:1.0
preussenstrass:1.0
59:1.0
germani:1.0
4040:1.0
neuss:1.0
voic:1.0
49:1.0
2131:1.0
82238:1.0
