subject:1.0
ide:2.386294361119891
cabl:2.9459101490553135
vacsc0q:1.6931471805599454
vax:1.6931471805599454
csun:1.6931471805599454
edu:1.6931471805599454
repli:1.0
organ:1.0
cal:1.0
state:1.0
northridg:1.0
line:1.0
12:1.0
bought:1.0
new:1.6931471805599454
hard:1.6931471805599454
drive:2.9459101490553135
system:1.6931471805599454
go:1.6931471805599454
one:2.386294361119891
alreadi:1.0
problem:1.6931471805599454
buy:1.0
two:2.09861228866811
connector:1.6931471805599454
consequ:1.0
switch:1.0
manual:1.0
refer:1.0
match:1.0
pin:2.09861228866811
1:2.09861228866811
card:1.0
life:1.0
figur:1.6931471805599454
tell:1.0
way:1.0
plug:1.6931471805599454
align:1.0
secondli:1.0
like:1.0
end:1.6931471805599454
goe:1.0
control:1.0
matter:1.0
master:1.0
slave:1.0
help:1.0
appreci:1.0
thank:1.0
