randi:1.6931471805599454
msc:1.0
cornel:1.6931471805599454
edu:1.0
subject:1.0
scsi:2.09861228866811
v:1.0
ide:1.0
organ:1.0
univers:1.0
line:1.0
8:1.0
card:1.0
do:1.0
system:1.0
requir:1.0
separ:1.0
devic:1.6931471805599454
driver:1.0
load:1.0
memori:1.0
hook:1.0
also:1.0
true:1.0
32:1.0
bit:1.0
o:1.0
thank:1.0
