kedz:1.6931471805599454
bigwpi:1.6931471805599454
wpi:2.386294361119891
edu:2.09861228866811
john:1.0
kedziora:1.0
subject:1.0
motorcycl:1.6931471805599454
want:1.0
organ:1.6931471805599454
worcest:1.6931471805599454
polytechn:1.6931471805599454
institut:1.6931471805599454
line:1.0
11:1.0
expir:1.0
5:1.0
1:1.0
93:1.0
nntp:1.0
post:1.0
host:1.0
followup:1.0
distribut:1.0
ne:1.0
keyword:1.0
look:1.6931471805599454
inexpens:1.0
noth:1.0
fanci:1.0
abl:1.0
maintin:1.0
self:1.0
400:1.0
rang:1.0
help:1.0
great:1.0
plea:1.0
repli:1.0
e:1.0
mail:1.0
