hungjenc:1.0
usc:1.6931471805599454
edu:1.6931471805599454
hung:1.0
jen:1.0
chen:1.0
subject:1.0
test:1.6931471805599454
articl:1.0
phakt:1.6931471805599454
1pqgltinn9dg:1.0
distribut:1.0
na:1.0
organ:1.0
univers:1.0
southern:1.0
california:1.0
lo:1.0
angel:1.0
ca:1.0
line:1.0
6:1.0
nntp:1.0
post:1.0
host:1.0
