jvinson:1.0
xsoft:2.09861228866811
xerox:2.386294361119891
com:2.9459101490553135
jeffrey:1.0
vinson:2.09861228866811
subject:1.0
4rent:1.0
timeshar:1.6931471805599454
week:2.09861228866811
line:1.0
16:1.0
x:2.791759469228055
receiv:2.6094379124341005
usenet:1.6931471805599454
pa:1.6931471805599454
dec:1.6931471805599454
id:2.09861228866811
aa02982:1.0
mon:2.6094379124341005
5:2.6094379124341005
apr:2.6094379124341005
93:2.386294361119891
11:2.6094379124341005
54:1.6931471805599454
26:1.0
0700:1.6931471805599454
inet:1.0
gw:1.0
1:2.6094379124341005
aa02009:1.0
25:1.0
13:2.09861228866811
242:1.6931471805599454
72:1.0
2:1.0
alpha:1.0
smtp:1.0
11671:1.0
1993:1.0
53:2.09861228866811
pdt:2.09861228866811
aeri:1.6931471805599454
56:1.0
32:1.0
4:2.386294361119891
smi:1.6931471805599454
tid:1.6931471805599454
aa24096:1.0
00:1.0
aa11021:1.0
06:1.0
misc:1.0
forsal:1.0
rent:1.0
must:1.0
use:1.0
juli:1.0
best:1.0
offer:1.0
trade:1.6931471805599454
anywher:1.0
world:1.0
hawaii:1.0
austria:1.0
far:1.0
east:1.0
u:1.0
etc:1.0
interv:1.0
intern:1.0
answer:1.0
question:1.0
help:1.0
paperwork:1.0
phone:1.0
number:1.0
order:1.0
contact:1.0
jeff:1.0
migrat:1.0
415:1.0
813:1.0
7492:1.0
daytim:1.0
leav:1.0
msg:1.0
