creol:1.0
netcom:2.09861228866811
com:1.0
subject:1.0
intel:1.6931471805599454
memori:1.0
board:1.6931471805599454
sale:1.0
articl:1.0
creolc51grd:1.0
ln6:1.0
organ:1.0
onlin:1.0
commun:1.0
servic:1.0
408:1.0
241:1.0
9760:1.0
login:1.0
guest:1.0
line:1.0
8:1.0
ti:1.0
16:1.0
bit:1.0
2:1.0
meg:1.0
ram:1.0
tthat:1.0
would:1.0
like:1.0
sell:1.0
asap:1.0
plea:1.0
email:1.0
offer:1.0
tif:1.0
interest:1.0
tthank:1.0
tfred:1.0
