abou:1.6931471805599454
dam:1.6931471805599454
cee:1.6931471805599454
clarkson:2.386294361119891
edu:2.09861228866811
subject:1.0
comput:1.6931471805599454
book:2.386294361119891
sale:1.6931471805599454
updat:1.6931471805599454
list:1.6931471805599454
articl:1.0
news:1.0
1993apr6:1.0
013433:1.0
16103:1.0
organ:1.0
univers:1.0
line:1.0
76:1.0
nntp:1.0
post:1.0
host:1.0
hi:1.0
everybodi:1.0
follow:1.0
brand:1.0
new:1.0
find:1.0
like:1.0
need:1.0
inform:1.0
plea:1.0
feel:1.0
free:1.0
send:1.0
e:1.0
mail:1.0
buyer:1.0
pay:1.0
ship:1.0
fee:1.0
thank:1.0
sun:1.0
soe:1.0
titl:3.0794415416798357
window:1.6931471805599454
program:2.6094379124341005
introduct:1.6931471805599454
author:3.0794415416798357
william:1.0
h:1.6931471805599454
murray:1.0
iii:1.0
chri:1.0
pappa:1.0
publish:3.0794415416798357
osborn:2.09861228866811
mcgraw:2.09861228866811
hill:2.09861228866811
pp:3.0794415416798357
650:1.0
cover:3.302585092994046
soft:3.0794415416798357
note:3.0794415416798357
3:1.6931471805599454
0:1.0
ask:3.0794415416798357
15:2.09861228866811
harvard:1.0
graphic:2.386294361119891
complet:1.0
refer:1.6931471805599454
cari:1.0
jensen:1.0
loy:1.0
anderson:1.0
1073:1.0
releas:1.0
2:1.0
draw:1.0
partner:1.0
high:1.0
perform:1.6931471805599454
interact:1.0
model:1.0
render:1.0
anim:1.0
lee:1.0
adam:1.0
windcrest:1.0
402:1.0
full:1.6931471805599454
exampl:2.386294361119891
basic:2.386294361119891
scienc:1.0
engin:1.6931471805599454
applic:1.0
ibm:1.0
pc:1.0
r:1.0
severin:1.0
abacu:1.0
262:1.0
lot:1.0
10:2.386294361119891
dot:1.0
matrix:1.0
printer:1.6931471805599454
get:1.0
miracl:1.0
john:1.6931471805599454
w:1.0
davenport:1.0
simon:1.0
schuster:1.0
461:1.0
turbo:1.0
c:1.0
scott:1.6931471805599454
zimmerman:1.6931471805599454
beverli:1.0
b:1.0
foresman:1.0
co:1.0
637:1.0
page:1.0
highlight:1.0
demel:1.0
michael:1.0
miller:1.0
brook:1.0
cole:1.0
divis:1.0
427:1.0
fortran:1.0
hard:1.0
disk:1.0
mangement:1.0
pocket:1.6931471805599454
kri:1.0
jamsa:1.0
128:1.0
size:1.0
4:1.0
