hungjenc:1.0
phakt:2.09861228866811
usc:1.6931471805599454
edu:1.6931471805599454
hung:1.0
jen:1.0
chen:1.0
subject:1.6931471805599454
forsal:2.09861228866811
soni:1.6931471805599454
22:1.6931471805599454
diskman:1.6931471805599454
articl:1.0
1pqm89innja1:1.0
distribut:1.6931471805599454
na:1.6931471805599454
organ:1.0
univers:1.0
southern:1.0
california:1.0
lo:1.0
angel:1.0
ca:1.0
line:1.0
4:1.0
nntp:1.0
post:1.0
host:1.0
newsgroup:1.0
rec:1.0
audio:1.0
misc:1.0
