sponna:1.6931471805599454
eo:1.6931471805599454
ncsu:2.386294361119891
edu:2.386294361119891
srikanth:1.6931471805599454
ponnap:1.6931471805599454
subject:1.0
super:1.6931471805599454
scope6:1.0
sale:1.6931471805599454
sne:1.0
organ:1.0
north:1.0
carolina:1.0
state:1.0
univers:1.0
line:1.0
17:1.0
thello:1.0
folk:1.0
scope:1.0
6:1.0
come:1.0
crt:1.0
box:1.0
instruct:1.0
includ:1.6931471805599454
50:1.0
ship:1.0
got:1.0
month:1.0
back:1.0
use:1.0
twice:1.0
ooo:2.386294361119891
e:1.0
mail:1.0
address:1.0
pobox:1.0
5604:1.6931471805599454
raleigh:1.0
n:1.0
c:1.0
27650:1.0
phone:1.0
919:1.0
781:1.0
5448:1.0
ponna:1.0
aza:1.0
csc:1.0
9:1.0
00:1.0
pm:1.0
sponnapa:1.0
math:1.0
