gscott:1.6931471805599454
b64542:2.09861228866811
student:2.09861228866811
cwru:2.6094379124341005
edu:2.6094379124341005
georg:2.09861228866811
scott:1.6931471805599454
subject:1.0
roland:1.6931471805599454
50:1.6931471805599454
sale:1.6931471805599454
organ:1.0
case:1.0
western:1.0
reserv:1.0
univers:1.0
cleveland:1.0
ohio:1.0
usa:1.6931471805599454
line:1.0
18:1.0
distribut:1.0
nntp:1.0
post:1.0
host:1.0
700:1.0
best:1.0
offer:1.0
excel:1.0
condit:1.0
includ:1.0
1000:1.0
patch:1.0
disk:1.0
cakewalk:1.0
sysex:1.0
format:1.0
buyer:1.0
must:1.0
pay:1.0
cod:1.0
ship:1.0
plea:1.0
e:1.0
mail:1.0
respons:1.0
gms2:1.6931471805599454
po:1.6931471805599454
thank:1.0
