rob:2.386294361119891
mother:1.6931471805599454
bate:2.386294361119891
edu:1.6931471805599454
spellman:1.6931471805599454
subject:1.0
3m:1.0
dc6150:1.6931471805599454
sale:1.6931471805599454
organ:1.0
colleg:1.6931471805599454
lewiston:1.0
line:1.0
10:1.0
longer:1.0
use:1.0
quarter:1.0
inch:1.0
tape:1.6931471805599454
backup:1.0
case:1.0
unopen:1.0
sell:1.0
lot:1.0
box:1.0
5:1.0
comput:1.0
support:1.0
servic:1.0
