tlin:1.6931471805599454
badger:1.6931471805599454
berkeley:2.386294361119891
edu:2.09861228866811
toni:1.6931471805599454
lin:1.0
subject:1.6931471805599454
want:1.0
spi:1.6931471805599454
war:1.6931471805599454
ring:1.6931471805599454
organ:1.0
statist:1.0
dept:1.0
u:1.0
c:1.0
line:1.6931471805599454
9:1.0
distribut:1.0
world:1.0
nntp:1.0
post:1.0
host:1.0
say:1.0
tri:1.0
locat:1.0
copi:1.6931471805599454
board:1.0
game:1.0
anyon:1.0
will:1.0
part:1.0
thank:1.0
million:1.0
stat:1.0
