khiet:2.09861228866811
crystal:1.0
ecn:1.6931471805599454
purdu:1.6931471805599454
edu:1.0
peter:1.6931471805599454
thanh:1.0
vu:1.0
subject:1.0
want:1.6931471805599454
futon:2.09861228866811
keyword:1.0
organ:1.0
univers:1.0
engin:1.0
comput:1.0
network:1.0
line:1.0
5:1.0
look:1.0
larg:1.0
frame:1.0
call:1.0
495:1.0
2056:1.0
e:1.0
mail:1.0
cn:1.0
