cxs2341:2.386294361119891
ultb:2.386294361119891
isc:2.6094379124341005
rit:2.6094379124341005
edu:2.6094379124341005
c:1.0
x:1.0
sawran:1.6931471805599454
subject:1.0
bernoulli:1.0
44:1.6931471805599454
remov:1.6931471805599454
scsi:1.6931471805599454
drive:1.0
disk:2.09861228866811
nntp:1.0
post:1.0
host:1.0
gw:1.0
organ:1.0
rochest:1.0
institut:1.0
technolog:1.0
distribut:1.0
usa:1.0
storag:1.6931471805599454
space:1.6931471805599454
sale:1.6931471805599454
iomega:1.0
mb:1.6931471805599454
hd:1.0
w:1.0
16:1.0
cartridg:2.09861228866811
total:1.0
come:1.0
750:1.0
6:1.0
still:1.0
origin:1.0
shrinkwrap:1.0
unus:1.0
note:1.0
compat:1.0
sysquest:1.0
45:1.0
interfac:1.0
requir:1.0
plug:1.0
right:1.0
back:1.0
macintosh:1.0
control:1.0
ibm:1.0
util:1.0
mac:2.386294361119891
ton:1.0
softwar:1.0
use:1.0
anymor:1.0
sold:1.0
system:1.0
stuff:1.6931471805599454
includ:1.0
pd:1.0
info:1.0
site:1.0
lot:1.6931471805599454
gif:1.0
sound:1.6931471805599454
effect:1.0
1:1.0
entir:1.0
ask:1.6931471805599454
900:1.0
plu:1.0
ship:1.0
inform:1.0
send:1.0
mail:1.0
call:1.0
716:1.0
427:1.0
0701:1.0
cheer:1.0
chri:1.0
ritvax:1.0
