nmohan:1.0
opal:1.0
tuft:1.6931471805599454
edu:1.0
subject:1.0
sale:1.6931471805599454
canon:2.386294361119891
eo:2.386294361119891
elan:2.386294361119891
outfit:1.6931471805599454
line:1.0
28:1.6931471805599454
organ:1.0
univers:1.0
medford:1.0
includ:1.0
bodi:1.0
80:1.0
mm:1.6931471805599454
ef:1.6931471805599454
1:2.09861228866811
3:1.0
5:2.09861228866811
6:1.6931471805599454
usm:1.6931471805599454
len:2.386294361119891
100:1.0
300:1.0
4:1.0
2:1.0
b:1.0
w:1.0
uv:1.0
filter:1.6931471805599454
hoya:1.0
circular:1.0
polaris:1.0
rc:1.0
remot:1.0
control:1.0
pentax:1.0
cloth:1.0
low:1.0
pro:1.0
camera:1.0
bag:1.6931471805599454
galen:1.0
rowel:1.0
photoflex:1.0
sapr:1.0
lithium:1.0
batteri:1.0
hove:1.0
foto:1.0
bokk:1.0
user:1.0
guid:1.0
new:1.0
condit:1.0
whole:1.0
lot:1.0
800:1.0
firm:1.0
contact:1.0
david:1.0
617:1.6931471805599454
227:1.0
7326:1.0
956:1.0
6905:1.0
plea:1.0
e:1.0
mail:1.0
queri:1.0
talk:1.0
phone:1.0
