isifish:2.09861228866811
aol:2.386294361119891
com:2.09861228866811
subject:1.0
fax:3.6390573296152584
via:1.0
e:2.09861228866811
mail:2.6094379124341005
articl:1.0
9304060119:1.0
tn29392:1.0
organ:1.0
utexa:1.6931471805599454
news:1.0
gateway:1.0
line:1.0
57:1.0
nntp:1.0
post:1.6931471805599454
host:1.0
c:1.0
edu:1.0
tfinal:1.0
servic:2.791759469228055
internet:1.6931471805599454
user:1.6931471805599454
continent:1.6931471805599454
u:1.6931471805599454
without:1.0
prepay:1.0
kind:1.0
provid:1.0
inform:1.6931471805599454
system:1.6931471805599454
intern:1.6931471805599454
base:1.0
fisher:1.0
indiana:1.0
credit:1.0
automat:1.0
approv:1.0
start:1.0
send:2.386294361119891
right:1.0
1:2.386294361119891
use:2.6094379124341005
follow:1.6931471805599454
format:2.9459101490553135
name:2.6094379124341005
phone:2.09861228866811
number:2.386294361119891
address:2.09861228866811
recipi:2.09861228866811
compani:1.6931471805599454
option:1.0
content:1.0
sent:1.6931471805599454
within:1.0
24:1.0
hour:1.0
everi:1.0
includ:2.09861228866811
standard:1.0
cover:1.6931471805599454
sheet:1.6931471805599454
free:1.6931471805599454
charg:1.6931471805599454
contain:1.0
2:2.09861228866811
3:1.6931471805599454
4:1.6931471805599454
upon:1.6931471805599454
receipt:1.0
record:1.0
import:1.0
first:2.386294361119891
time:2.09861228866811
must:1.0
paragraph:1.0
begin:1.0
ti:1.0
herebi:1.0
author:1.0
open:1.6931471805599454
account:1.6931471805599454
agre:1.0
pay:1.6931471805599454
incur:1.0
receiv:1.0
monthli:1.0
bill:1.6931471805599454
accept:1.6931471805599454
tonli:1.0
plain:1.6931471805599454
ascii:1.6931471805599454
rich:1.0
text:1.6931471805599454
rtf:2.09861228866811
new:1.0
roman:1.0
font:1.0
12:1.0
point:1.0
size:1.0
document:1.6931471805599454
appear:1.6931471805599454
exactli:1.0
would:1.0
local:1.0
laser:1.0
printer:1.0
almost:1.0
word:1.0
process:1.0
softwar:1.0
pc:1.0
mackintosh:1.0
sun:1.0
workstat:1.0
etc:1.0
save:1.6931471805599454
tthe:1.6931471805599454
month:1.0
balanc:1.6931471805599454
50:1.6931471805599454
00:1.0
whichev:1.0
come:1.0
cost:1.6931471805599454
exclud:1.0
hawaii:1.0
alaska:1.0
page:1.6931471805599454
0:1.0
75:1.0
addit:1.0
plan:1.0
entir:1.0
