jmilhoan:1.0
magnu:1.6931471805599454
ac:1.6931471805599454
ohio:2.09861228866811
state:2.09861228866811
edu:2.386294361119891
jt:1.0
subject:1.0
custom:2.09861228866811
resum:2.09861228866811
disk:2.09861228866811
nntp:1.0
post:1.0
host:1.0
bottom:1.0
organ:1.0
univers:1.0
line:1.0
11:1.0
articl:1.0
0fk:1.0
zhq00uh:1.0
88eb0u:1.0
andrew:1.6931471805599454
cmu:1.6931471805599454
tami:1.0
grudzinski:1.0
tg2n:1.0
write:1.0
macintosh:1.0
ibm:1.0
compat:1.0
never:1.0
pay:1.0
high:1.0
cost:1.0
copi:1.0
servic:1.0
complet:1.0
develop:1.0
format:1.0
packag:1.0
mail:1.0
blah:2.09861228866811
delet:1.0
carnegi:1.0
mellon:1.0
