dtmedin:2.386294361119891
catbyt:2.386294361119891
b30:2.386294361119891
ingr:2.386294361119891
com:2.386294361119891
dave:1.6931471805599454
medin:1.6931471805599454
subject:1.0
ship:3.1972245773362196
cost:1.6931471805599454
repli:1.0
organ:1.0
intergraph:1.6931471805599454
corpor:1.0
huntsvil:1.6931471805599454
al:1.6931471805599454
line:1.0
71:1.0
articl:1.6931471805599454
1pd24e:1.0
745:1.0
usenet:1.0
in:1.0
cwru:1.6931471805599454
edu:1.6931471805599454
kxj6:1.0
po:1.0
kijin:1.0
jung:1.0
write:1.0
previou:1.0
tomc:1.0
arezzo:1.0
oa:1.0
olivetti:1.0
tom:1.0
carlino:1.0
say:1.0
recent:1.0
bought:1.0
music:1.0
instrument:1.0
internet:1.0
via:1.0
up:3.3978952727983707
ground:1.6931471805599454
done:1.6931471805599454
mail:2.386294361119891
box:1.6931471805599454
servic:2.386294361119891
mailbox:2.6094379124341005
etc:2.09861228866811
somewhat:1.0
surpris:1.0
price:1.6931471805599454
compar:1.6931471805599454
way:1.0
directli:1.6931471805599454
summari:1.0
make:1.0
endors:1.0
condemn:1.0
mere:1.0
present:1.0
fact:1.0
may:1.0
draw:1.0
conclus:1.0
encount:1.0
thing:1.6931471805599454
suggest:1.0
anyon:1.0
use:2.09861228866811
origin:1.0
possibl:1.0
virginia:1.0
cleveland:1.0
around:1.6931471805599454
20:1.0
12:1.0
pound:1.0
c:1.0
8:1.0
00:1.6931471805599454
oppos:1.0
4:1.0
50:1.0
third:1.0
opinion:1.6931471805599454
outfit:1.0
franchis:1.0
buy:1.0
net:1.0
pick:2.6094379124341005
specifi:1.0
normal:1.0
charg:2.791759469228055
deliv:1.0
burn:1.0
10:1.0
2:1.0
49:1.0
pkg:1.0
never:1.6931471805599454
unless:1.0
right:1.6931471805599454
buyer:1.0
need:1.0
whatev:1.0
immedi:1.0
also:1.0
tell:1.6931471805599454
person:1.0
agre:1.0
go:1.0
watch:1.0
consid:1.0
tthe:1.0
rate:2.791759469228055
5:1.6931471805599454
30:1.0
higher:1.0
direct:1.6931471805599454
tfor:1.6931471805599454
non:1.0
truck:1.6931471805599454
packag:2.386294361119891
quot:1.0
tof:1.0
85:1.6931471805599454
fed:2.09861228866811
ex:2.09861228866811
economi:1.6931471805599454
air:1.0
tsame:1.0
weight:1.0
rp:1.6931471805599454
compani:1.0
mani:1.0
tciti:1.0
want:1.0
18:1.0
guess:1.0
got:1.0
toper:1.0
told:2.09861228866811
truth:1.0
tcompetitor:1.0
said:1.0
unreli:1.0
tbefor:1.0
problem:1.0
ta:1.6931471805599454
cod:1.6931471805599454
check:2.09861228866811
goe:1.0
local:1.6931471805599454
tmailbox:1.6931471805599454
take:1.0
sweet:1.0
time:1.0
tremad:1.0
addit:1.0
3:1.0
tup:1.6931471805599454
deal:1.0
100:1.0
doubl:1.0
twhat:1.0
insur:1.0
claim:1.0
netter:1.0
ralph:1.0
seguin:1.0
thave:1.0
horror:1.0
stori:1.0
tall:1.0
trace:1.0
tour:1.0
oper:1.0
lie:1.0
task:1.0
stratospher:1.0
tto:1.0
ever:1.0
probabl:1.0
ttheir:1.0
come:1.0
close:1.0
tair:1.0
area:1.0
tphone:1.0
205:1.6931471805599454
730:1.0
3169:1.0
w:1.0
ssd:1.0
network:1.0
837:1.0
1174:1.0
h:1.0
corp:1.0
gd3004:1.0
tinternet:1.0
35894:1.0
tuucp:1.0
uunet:1.0
everywher:1.0
look:1.0
least:1.0
offic:1.0
express:1.0
mine:1.0
machin:1.0
