jamil:2.386294361119891
kuhub:2.791759469228055
cc:2.6094379124341005
ukan:2.6094379124341005
edu:2.6094379124341005
subject:1.6931471805599454
4:1.0
sale:1.6931471805599454
comput:1.6931471805599454
misc:1.0
book:2.6094379124341005
rpg:2.386294361119891
stuff:1.0
etc:1.0
articl:1.6931471805599454
1993apr6:1.6931471805599454
004808:1.0
48862:1.0
organ:1.0
univers:1.0
kansa:1.0
academ:1.0
servic:1.0
line:1.0
85:1.0
004325:1.0
48859:1.0
write:1.0
follow:1.0
duh:1.0
golden:1.0
imag:1.0
400dpi:1.0
b:1.0
w:1.0
hand:1.0
scanner:1.0
dpaint:1.0
iii:1.6931471805599454
70:1.0
amiga:1.6931471805599454
vision:1.0
mulitmedia:1.0
author:1.0
softwar:1.6931471805599454
30:1.0
baud:1.0
bandit:1.0
termin:1.0
commun:1.0
10:2.386294361119891
bard:1.0
tale:1.0
thief:1.0
fate:1.0
graphic:1.6931471805599454
15:3.0794415416798357
f:1.0
29:1.0
retali:1.0
flight:1.0
simul:1.6931471805599454
futur:1.0
war:1.0
fantasi:1.0
scifi:1.0
rvf:1.0
honda:1.0
motocycl:1.0
patlabor:1.0
ingram:1.0
phantom:1.0
labor:1.0
model:1.6931471805599454
japanes:2.386294361119891
anim:1.0
robotech:1.0
english:2.09861228866811
ingrid:1.0
invas:1.0
southern:1.0
cross:1.0
battletech:1.0
fox:1.0
teeth:1.0
exploit:1.0
mckinnon:1.0
raider:1.0
5:2.6094379124341005
gray:1.0
death:1.0
legion:1.0
mercenari:1.0
handbook:1.0
citytech:1.0
aerotech:1.0
mechwarrior:1.0
ad:1.0
monster:1.6931471805599454
manual:1.6931471805599454
ii:1.0
fiend:1.0
folio:1.0
lot:1.0
cultur:1.0
asian:1.0
art:1.0
histori:1.0
languag:1.6931471805599454
socio:1.0
linguist:1.6931471805599454
ethnographi:1.0
physic:1.0
calculau:1.0
menum:1.0
foli:1.0
unix:1.0
program:1.0
econom:1.6931471805599454
micro:1.0
macro:1.0
intl:1.0
trade:1.0
financ:1.0
american:1.0
develop:1.0
philosophi:1.0
ethic:1.0
cognit:1.0
scienc:1.0
someth:1.0
think:1.0
might:1.0
interest:1.0
let:1.0
know:1.0
tell:1.0
jame:1.6931471805599454
miller:1.6931471805599454
chicchai:1.6931471805599454
sig:1.6931471805599454
ho:1.6931471805599454
ga:1.6931471805599454
ichiban:1.6931471805599454
iin:1.6931471805599454
janai:1.6931471805599454
ka:1.6931471805599454
enlighten:1.6931471805599454
happen:1.6931471805599454
