field:2.386294361119891
ci:2.09861228866811
ohio:2.386294361119891
state:2.386294361119891
edu:2.09861228866811
jonathan:1.0
david:1.0
subject:1.0
misc:1.6931471805599454
stuff:1.0
sale:1.6931471805599454
articl:1.0
penguin:1.6931471805599454
1po5lqinn749:1.0
distribut:1.0
usa:1.0
organ:1.0
univers:1.0
dept:1.0
comput:2.09861228866811
info:1.0
scienc:1.0
line:1.0
46:1.0
nntp:1.0
post:1.0
host:1.0
item:1.0
walkman:1.0
aiwa:1.0
model:1.6931471805599454
h:1.0
t30:1.0
1:2.09861228866811
year:1.6931471805599454
old:1.6931471805599454
mint:1.0
condit:2.9459101490553135
hardli:1.0
use:2.386294361119891
autorevers:1.6931471805599454
3:1.0
band:1.0
equal:1.0
super:1.6931471805599454
bass:1.0
dolbi:1.0
nois:1.0
reduct:1.0
fm:2.09861228866811
tuner:1.0
paid:2.386294361119891
70:2.09861228866811
ask:3.1972245773362196
40:1.6931471805599454
ship:3.1972245773362196
mount:1.6931471805599454
plate:1.6931471805599454
soni:2.09861228866811
cpm:1.0
203p:1.0
portabl:2.09861228866811
cd:2.09861228866811
player:2.09861228866811
plug:1.0
car:2.791759469228055
lighter:1.0
snap:1.0
onto:1.0
bottom:1.0
perfect:1.0
also:1.0
throw:1.0
cassett:2.09861228866811
adapt:1.0
45:1.0
30:1.6931471805599454
factori:1.6931471805599454
stereo:1.6931471805599454
toyota:1.6931471805599454
radio:1.0
deck:1.0
digit:1.0
tune:1.0
like:1.0
new:1.6931471805599454
6:1.0
month:1.6931471805599454
60:1.6931471805599454
speaker:2.09861228866811
tsherwood:1.0
5:1.6931471805599454
4:2.386294361119891
two:1.0
way:1.0
7:1.0
inch:1.6931471805599454
texcel:1.0
65:1.0
excel:1.0
20:1.6931471805599454
nintendo:1.6931471805599454
game:1.6931471805599454
boy:1.6931471805599454
light:1.0
tetri:1.0
mario:1.0
land:1.0
gameboy:1.0
nfl:1.0
footbal:1.0
castlevania:1.0
adventur:1.0
hyper:1.0
lode:1.0
runner:1.0
tall:1.0
work:1.0
accessori:1.0
whole:1.6931471805599454
internet:2.09861228866811
tthe:1.0
user:1.0
guid:1.0
catalog:1.0
ed:1.0
krol:1.0
book:1.0
tguid:1.0
fing:1.0
inform:1.0
tresourc:1.0
microsoft:1.6931471805599454
never:1.6931471805599454
came:1.6931471805599454
visual:1.0
basic:1.0
window:1.0
quick:1.0
c:1.0
sell:1.0
student:1.0
edit:1.0
95:1.0
plea:1.0
resond:1.0
tthank:1.0
tjonathan:1.0
