kohli:2.09861228866811
ec:1.6931471805599454
uma:1.6931471805599454
edu:1.6931471805599454
subject:1.0
mazda:1.6931471805599454
glc:1.6931471805599454
sale:1.0
line:1.0
5:1.0
want:1.0
sell:1.0
1980:1.0
300:1.0
b:1.0
excel:1.0
work:1.0
condit:1.0
pas:1.0
inspect:1.0
sun:1.0
roof:1.0
mark:1.0
bodi:1.0
contact:1.0
soon:1.0
413:1.0
549:1.0
4738:1.0
