melli:1.0
magnu:2.09861228866811
ac:1.6931471805599454
ohio:2.09861228866811
state:2.09861228866811
edu:1.6931471805599454
michael:1.0
e:1.0
elli:1.0
subject:1.0
web:1.6931471805599454
spiderman:1.6931471805599454
auction:2.386294361119891
updat:1.6931471805599454
summari:1.0
keyword:1.0
high:1.6931471805599454
bid:2.386294361119891
52:2.09861228866811
00:1.6931471805599454
articl:1.0
1993apr6:1.0
155739:1.0
14712:1.0
distribut:1.0
usa:1.0
organ:1.0
univers:1.0
line:1.0
30:1.6931471805599454
nntp:1.0
post:1.0
host:1.0
top:1.6931471805599454
list:1.0
issu:1.0
1:2.09861228866811
92:1.6931471805599454
annual:1.6931471805599454
7:1.0
set:1.6931471805599454
complet:1.0
enough:1.0
interest:1.0
book:2.6094379124341005
quickli:1.0
evalu:1.0
grade:1.0
vf:1.0
nm:1.0
unless:1.0
note:1.0
ascertain:1.0
put:1.0
new:1.0
bag:1.6931471805599454
board:1.0
2:2.386294361119891
per:1.0
small:2.386294361119891
dink:3.0794415416798357
spine:3.4849066497880004
4:1.0
slightli:1.0
roll:2.09861228866811
5:1.0
creas:2.09861228866811
front:1.6931471805599454
cover:3.302585092994046
13:1.0
slight:2.09861228866811
tear:1.0
edg:1.0
14:1.0
ding:1.0
15:1.0
page:1.0
crinkl:1.6931471805599454
humid:1.0
19:1.0
form:1.0
water:1.0
damag:1.0
21:1.0
flat:1.0
22:1.0
ship:1.0
smudg:1.0
28:1.0
3:1.0
33:1.0
35:1.0
tini:1.0
left:1.0
corner:1.0
38:1.0
43:1.0
paper:1.0
clip:1.0
mark:1.6931471805599454
45:1.0
47:1.0
back:1.0
wrinkl:1.0
current:1.0
bidder:1.6931471805599454
jon:1.6931471805599454
tivoli:1.0
success:1.6931471805599454
assum:1.0
one:1.0
sent:1.0
up:1.0
cod:1.0
cash:1.0
money:1.0
order:1.0
6:1.0
50:1.0
ad:1.0
total:1.0
charg:1.0
accordingli:1.0
thank:1.0
mike:1.0
