subject:1.0
want:1.0
summer:2.09861228866811
subleas:1.6931471805599454
washington:1.6931471805599454
dc:1.6931471805599454
kimgh:1.6931471805599454
mentor:1.6931471805599454
cc:1.6931471805599454
purdu:2.09861228866811
edu:1.6931471805599454
gene:1.6931471805599454
kim:1.0
distribut:1.0
na:1.0
organ:1.0
univers:1.0
line:1.0
9:1.0
spend:1.0
work:1.0
bowi:1.0
md:1.0
anyon:1.0
like:1.0
unload:1.0
area:1.0
may:1.0
7:1.0
august:1.0
20:1.0
plea:1.0
mail:1.0
pertin:1.0
info:1.0
thank:1.0
advanc:1.0
