subject:1.0
diamond:1.0
stealth:1.6931471805599454
24:1.6931471805599454
24bit:1.0
svga:1.0
sale:1.6931471805599454
bi927:1.6931471805599454
cleveland:2.09861228866811
freenet:1.6931471805599454
edu:2.09861228866811
yi:1.6931471805599454
jin:1.6931471805599454
repli:1.0
organ:1.0
case:1.0
western:1.0
reserv:1.0
univers:1.0
oh:1.0
usa:1.0
nntp:1.0
post:1.0
host:1.0
hela:1.0
in:1.0
cwru:1.0
line:1.0
10:1.0
brand:1.0
new:1.0
still:1.0
shrink:1.0
wrape:1.0
150:1.0
plu:1.0
ship:1.0
cod:1.0
specif:1.0
base:1.6931471805599454
s3:1.0
801:1.0
805:1.0
32bit:1.0
coporcessor:1.0
1024x768x256:1.0
72hz:1.0
ni:2.09861228866811
800x600x64k:1.0
640x480x16million:1.0
system:1.0
requir:1.0
386:1.0
486:1.0
isa:1.0
vesa:1.0
vl:1.0
bu:1.0
fast:1.0
turbowindow:1.0
driver:1.6931471805599454
3:1.0
1:1.0
popular:1.0
softwar:1.0
like:1.0
wp:1.0
microsoft:1.0
word:1.0
lotu:1.0
autocad:1.0
yj:1.0
