yoshi:1.0
atlanti:2.09861228866811
c:2.386294361119891
orst:2.09861228866811
edu:2.09861228866811
digit:1.6931471805599454
exodu:1.0
1993:1.0
subject:1.0
reciev:2.09861228866811
cd:2.09861228866811
player:2.09861228866811
keyboard:1.6931471805599454
sale:1.6931471805599454
articl:1.0
leela:1.0
1pqneqinn9h3:1.0
organ:1.0
osu:1.0
outreach:1.0
servic:1.0
corval:1.0
oregon:1.0
line:1.0
22:1.0
nntp:1.0
post:1.0
host:1.0
follow:1.0
item:1.0
1:1.0
onkyo:1.0
tx:1.0
901:1.0
910:1.0
amplifi:1.0
2:1.6931471805599454
month:1.6931471805599454
old:1.6931471805599454
perfect:1.0
condit:1.0
45wpc:1.0
stereo:1.0
4:1.0
speaker:1.0
abil:1.0
40:1.0
channel:1.0
memori:1.0
direct:1.0
tune:1.0
also:1.6931471805599454
plu:1.0
earphon:1.0
jack:1.0
tbought:1.0
350:1.0
new:1.6931471805599454
ask:1.6931471805599454
le:1.0
250:1.0
best:1.0
offer:2.09861228866811
get:1.0
obvious:1.0
price:1.0
drop:1.0
230:1.0
far:1.0
deal:1.0
need:1.0
ttwo:1.0
zeo:1.0
ibm:1.0
extern:1.0
bought:1.0
tfor:1.0
90:1.0
sell:1.0
35:1.0
piec:1.0
65:1.0
ti:1.0
pay:1.0
ship:1.0
sne:1.0
sold:1.6931471805599454
still:1.0
170:1.0
instantli:1.0
send:1.0
stat:1.0
tyoshi:1.6931471805599454
