yb025:1.6931471805599454
uafhp:2.09861228866811
uark:2.09861228866811
edu:2.09861228866811
john:1.6931471805599454
schiefer:1.6931471805599454
subject:1.0
food:1.6931471805599454
coupon:2.791759469228055
summari:1.0
deal:1.6931471805599454
centuri:1.0
keyword:1.0
holm:1.0
articl:1.0
moe:1.0
1pt03p:1.0
h08:1.0
organ:1.0
kansa:1.0
state:1.0
univers:1.0
line:1.0
12:1.0
nntp:1.0
post:1.0
host:1.0
look:1.0
save:1.0
money:2.386294361119891
man:1.0
mail:2.09861228866811
5:1.0
2:1.6931471805599454
50:1.0
get:1.6931471805599454
twice:1.0
dollar:2.09861228866811
amount:1.0
15:1.0
30:1.0
sound:1.0
like:1.0
great:1.0
well:1.6931471805599454
send:2.386294361119891
sase:1.0
766:1.0
elizabeth:1.0
st:1.0
salt:1.0
lake:1.0
citi:1.0
utah:1.0
84102:1.0
enclos:1.0
form:1.0
order:1.0
person:1.6931471805599454
would:1.0
trust:1.6931471805599454
sent:1.0
let:1.0
earn:1.0
1:1.0
store:1.0
talk:1.0
e:1.0
enquiri:1.0
thank:1.0
