konrad:2.6094379124341005
intacc:1.6931471805599454
uucp:1.6931471805599454
skreta:1.6931471805599454
subject:1.0
macintosh:1.6931471805599454
ii:1.6931471805599454
cx:1.6931471805599454
sale:1.6931471805599454
distribut:1.0
tor:1.0
expir:1.0
01:1.0
may:1.0
93:1.0
repli:1.0
organ:1.0
matrix:1.0
artist:1.0
network:1.0
line:1.0
5:1.6931471805599454
40:1.0
mb:1.6931471805599454
hd:1.0
8:1.0
ram:1.0
19:1.0
monochrom:1.0
monitor:1.0
ikegami:1.0
ask:1.0
3:1.0
000:1.0
reason:1.0
best:1.0
offer:1.0
reject:1.0
contact:1.0
416:1.0
365:1.0
0564m:1.0
mon:1.0
frii:1.0
9:1.0
