dmcole:1.0
nuacvm:1.6931471805599454
acn:1.6931471805599454
nwu:2.09861228866811
edu:2.09861228866811
subject:1.0
chicago:1.0
area:1.0
roommat:2.09861228866811
need:1.6931471805599454
evanston:1.6931471805599454
nntp:1.0
post:1.0
host:1.0
organ:1.0
northwestern:1.6931471805599454
univers:1.0
line:1.0
21:1.0
non:1.6931471805599454
smoke:1.6931471805599454
sublet:1.0
1br:1.0
2br:1.0
carpet:1.0
apt:1.6931471805599454
il:1.0
near:1.0
dempster:1.0
el:1.0
stop:1.0
park:1.0
avail:2.09861228866811
rent:1.0
322:1.0
50:1.0
mo:1.0
1:2.09861228866811
2:1.0
util:1.0
may:1.0
beg:1.0
end:1.0
aug:1.0
entir:1.0
sept:1.0
26:1.0
year:1.0
old:1.0
vegetarian:1.0
femal:1.0
work:1.0
neat:1.0
freak:1.0
plea:1.0
call:1.0
denis:1.0
708:1.6931471805599454
491:1.0
7603:1.0
w:1.0
869:1.0
8307:1.0
h:1.0
dc:1.0
