barsz:2.09861228866811
bnr:2.09861228866811
ca:2.09861228866811
peter:1.6931471805599454
barszczewski:1.6931471805599454
subject:1.0
sale:1.6931471805599454
tr:1.6931471805599454
606:1.6931471805599454
mirag:1.6931471805599454
rack:2.09861228866811
mount:1.6931471805599454
sampler:1.6931471805599454
organ:1.0
bell:1.6931471805599454
northern:1.6931471805599454
research:1.6931471805599454
ltd:1.6931471805599454
line:1.0
23:1.0
roland:1.0
drum:1.0
machin:1.0
near:1.0
mint:1.0
condit:1.0
scratch:1.6931471805599454
fulli:1.0
oper:1.0
sorri:1.0
manual:1.6931471805599454
ask:1.6931471805599454
200:1.0
u:1.6931471805599454
ship:1.6931471805599454
minor:1.0
around:1.0
ear:1.0
screw:1.0
advanc:1.0
sampl:1.6931471805599454
option:1.0
32:1.0
disk:1.0
long:1.0
stori:1.0
may:1.0
turtl:1.0
beach:1.0
vision:1.0
edit:1.0
softwar:1.0
ibm:1.0
pc:1.0
400:1.0
send:1.0
e:1.0
mail:1.0
request:1.0
regard:1.0
spiritu:1.0
technolog:1.0
montreal:1.0
canada:1.0
