cliff:2.09861228866811
engin:2.09861228866811
umich:1.6931471805599454
edu:1.6931471805599454
clifford:1.0
kaminski:1.6931471805599454
subject:1.0
monitor:2.386294361119891
add:1.0
card:2.09861228866811
appl:2.09861228866811
iie:1.6931471805599454
comput:2.09861228866811
keyword:1.0
organ:1.0
univers:1.0
michigan:1.0
ann:1.0
arbor:1.0
line:1.0
30:1.0
need:1.0
sell:1.6931471805599454
follow:1.0
item:1.6931471805599454
includ:2.09861228866811
300:1.0
baud:1.0
modem:1.0
80:1.0
column:1.0
zenith:1.0
green:1.0
ton:1.0
softwar:1.0
manual:1.0
control:2.09861228866811
western:1.0
digit:1.0
wdat:1.0
440:1.0
winchest:1.0
floppi:1.0
2:1.0
serial:1.0
port:1.6931471805599454
parallel:1.0
doc:1.0
jumper:1.0
set:1.0
print:1.0
aamaz:1.0
1024x768:1.0
28:1.0
dot:1.0
pitch:1.0
svga:1.0
interlac:1.0
14:1.0
unlimit:1.0
color:1.0
document:1.0
power:1.0
cord:1.0
connect:1.0
cabl:1.0
must:1.0
may:1.0
4:1.0
make:1.0
offer:1.0
