chenmin:2.09861228866811
sage:1.6931471805599454
cc:1.6931471805599454
purdu:2.09861228866811
edu:1.6931471805599454
zhang:1.0
subject:1.0
cheap:1.6931471805599454
airlin:2.09861228866811
ticket:2.09861228866811
l:1.6931471805599454
want:2.09861228866811
keyword:1.0
organ:1.0
univers:1.0
distribut:1.0
usa:1.0
line:1.0
7:1.0
april:1.0
21:1.0
tuesday:1.0
indi:1.0
chicago:1.0
return:1.0
10:1.0
14:1.0
day:1.0
plea:1.0
phone:1.0
317:1.0
743:1.0
6985:1.0
mail:1.0
