minh:2.386294361119891
bigwpi:1.6931471805599454
wpi:2.791759469228055
edu:2.386294361119891
anh:1.0
pham:1.6931471805599454
subject:1.0
sipp:2.9459101490553135
memori:1.6931471805599454
forsal:1.0
organ:1.0
worcest:1.6931471805599454
polytechn:1.6931471805599454
institut:1.6931471805599454
line:1.0
23:1.0
nntp:1.0
post:1.0
host:1.0
sale:1.6931471805599454
16:1.0
upgrad:1.0
system:1.0
need:1.0
11:1.0
256x9:1.6931471805599454
70n:1.0
5:1.0
80n:1.0
4:1.6931471805599454
meg:1.6931471805599454
total:1.0
110:1.0
1:1.0
27:1.0
note:1.0
gernal:1.0
expens:1.0
simm:1.0
good:1.0
work:1.0
condit:1.0
buyer:1.0
pay:1.0
ship:1.0
handl:1.0
interest:1.0
repli:1.0
tminh:1.0
e:1.0
mail:1.0
