moy:2.386294361119891
cae:1.6931471805599454
wisc:1.6931471805599454
edu:1.6931471805599454
howard:2.6094379124341005
subject:1.0
madison:1.6931471805599454
wi:1.0
summer:2.09861228866811
sublet:1.6931471805599454
organ:1.0
u:1.0
wisconsin:1.0
colleg:1.0
engin:1.0
distribut:1.0
uwix:1.0
line:1.0
35:1.0
downtown:1.0
furnish:1.0
may:1.0
15:1.6931471805599454
thru:1.0
aug:1.0
great:1.0
locat:1.0
215:1.0
n:1.0
franc:1.0
st:1.6931471805599454
johnson:1.6931471805599454
across:1.0
witt:1.0
near:2.791759469228055
nitti:1.0
gritti:1.0
state:1.0
street:1.0
south:1.0
east:1.0
dorm:1.0
univers:1.0
squar:1.0
serf:1.0
two:1.0
bedroom:1.0
spaciou:1.0
room:1.0
larger:1.0
laundri:1.0
avail:1.6931471805599454
park:1.0
bathroom:1.0
kitchen:1.0
larg:1.0
closet:1.0
dual:1.0
desk:1.0
pay:1.0
electr:1.0
7:1.0
month:1.0
ask:1.0
500:1.0
whole:1.0
send:1.0
inquiri:1.0
608:1.6931471805599454
255:1.6931471805599454
6379:1.6931471805599454
