hsb:1.0
philab:1.0
philip:1.6931471805599454
com:1.0
hemant:1.6931471805599454
betrabet:1.6931471805599454
subject:1.0
move:1.0
sale:1.6931471805599454
organ:1.0
laboratori:1.0
briarcliff:1.0
manor:1.0
ny:1.6931471805599454
distribut:1.0
line:1.0
9:1.0
dine:1.6931471805599454
tabl:1.6931471805599454
wooden:1.0
6:1.0
chair:1.0
125:1.0
scandinavian:1.0
style:1.0
30:1.0
steel:1.0
desk:1.0
free:1.0
interest:1.0
plea:1.0
call:1.0
6431:1.0
