bob:2.386294361119891
nntp:1.6931471805599454
crl:2.386294361119891
com:2.09861228866811
ame:1.6931471805599454
subject:1.0
unix:2.386294361119891
pc:2.09861228866811
softwar:1.6931471805599454
sale:1.6931471805599454
organ:1.0
internet:1.0
dialup:1.0
access:1.0
415:1.0
389:1.0
login:1.0
guest:1.0
line:1.0
41:1.0
distribut:1.0
world:1.0
post:1.0
host:1.0
greet:1.0
list:1.0
item:1.0
3b1:2.09861228866811
sell:1.6931471805599454
dbase:1.6931471805599454
iii:1.6931471805599454
full:1.6931471805599454
multius:2.09861228866811
develop:1.0
runtim:1.0
microsoft:2.09861228866811
basic:1.0
interpret:1.0
give:1.0
2:1.6931471805599454
5:1.0
megabyt:1.0
ram:1.0
avail:1.6931471805599454
word:1.6931471805599454
featur:1.0
mous:1.0
base:1.6931471805599454
processor:1.0
multiplan:1.0
nice:2.09861228866811
spreadsheet:1.0
program:2.09861228866811
g:1.0
chart:1.6931471805599454
graphic:1.0
creat:1.0
busi:1.0
lpi:1.6931471805599454
c:1.6931471805599454
robust:1.0
compil:1.0
throw:1.0
debug:1.0
singl:1.0
step:1.0
alter:1.0
var:1.0
electron:1.0
mail:1.6931471805599454
offic:1.0
front:1.0
end:1.0
take:1.0
500:1.0
best:1.0
offer:2.09861228866811
whole:1.0
bunch:1.0
bought:1.0
new:1.0
1985:1.0
paid:1.0
000:1.0
excel:1.0
rather:1.0
togeth:1.0
hesit:1.0
make:1.6931471805599454
one:1.0
consid:1.0
possibl:1.0
trade:1.0
interest:1.6931471805599454
follow:1.0
hardwar:1.0
ethernet:1.0
card:1.0
without:1.0
tape:1.0
backup:1.0
extern:1.0
expans:1.0
unit:1.0
upgrad:2.386294361119891
p5:2.09861228866811
1:2.09861228866811
motherboard:2.09861228866811
info:1.6931471805599454
icu:1.0
2nd:1.0
hard:1.6931471805599454
drive:2.386294361119891
kit:1.0
513bct:1.0
610:1.0
615:1.0
4415:1.0
termin:1.0
unixpc:1.0
style:1.0
keyboard:1.0
707:1.0
546:1.0
0669:1.0
p:1.0
get:1.0
40m:1.0
1m:1.0
load:1.0
3:1.0
51m:1.0
cnew:1.0
smail:1.0
trn:1.0
rn:1.0
elm:1.0
nethack:1.0
gzip:1.0
hdb:1.0
coupl:1.0
thing:1.0
550:1.0
plu:1.0
ship:1.0
let:1.0
know:1.0
pp:1.0
priam:1.0
d519:1.0
150m:1.6931471805599454
exactli:1.0
maxtor:1.0
2190:1.0
faster:1.0
280:1.0
thru:1.0
vendor:1.0
la:1.0
number:1.0
handi:1.0
write:1.0
good:1.0
price:1.0
largest:1.0
fastest:1.0
hd:1.0
note:1.0
fulli:1.0
use:1.0
entir:1.0
need:1.0
wd2010:1.0
