eshneken:1.6931471805599454
ux4:1.0
cso:1.0
uiuc:1.6931471805599454
edu:1.6931471805599454
edward:1.0
shnekendorf:1.0
subject:1.0
airlin:1.0
ticket:1.6931471805599454
washington:1.6931471805599454
dc:1.6931471805599454
champaign:1.6931471805599454
il:1.6931471805599454
sale:1.0
organ:1.0
univers:1.6931471805599454
illinoi:1.6931471805599454
urbana:1.0
line:1.0
9:1.0
sell:1.0
one:1.0
way:1.0
home:1.0
will:1.0
offer:1.0
good:1.0
price:1.0
interest:1.0
plea:1.0
email:1.0
thank:1.0
ed:1.0
