ginkgo:1.6931471805599454
ecsvax:1.0
uncec:1.6931471805599454
edu:1.6931471805599454
j:1.0
geari:1.6931471805599454
morton:1.6931471805599454
subject:1.0
big:1.6931471805599454
block:1.6931471805599454
dodg:1.6931471805599454
carburetor:1.6931471805599454
organ:1.0
unc:1.0
educ:1.0
comput:1.0
servic:1.0
line:1.0
11:1.0
napa:1.6931471805599454
remanufactur:1.0
larg:1.0
4:1.6931471805599454
barrel:1.0
78:1.0
80:1.0
360:1.0
440:1.0
part:1.0
244:1.0
new:1.0
box:1.0
w:1.6931471805599454
manifold:1.0
gasket:1.0
retail:1.0
345:1.0
00:2.09861228866811
price:1.6931471805599454
250:1.0
100:1.0
ship:1.0
contact:1.0
phone:1.0
919:1.6931471805599454
851:1.0
6565:1.0
h:1.0
549:1.0
7017:1.0
