battl:2.791759469228055
c:2.791759469228055
utk:2.6094379124341005
edu:2.6094379124341005
david:2.09861228866811
subject:1.0
chemlab:1.6931471805599454
eyeofthebeholder2:1.0
cluebook:1.0
ethernettransceiv:1.0
nintendocontrol:1.0
summari:1.0
miscellan:1.0
item:2.9459101490553135
sale:1.6931471805599454
keyword:1.0
chemistri:1.0
ibm:1.6931471805599454
pc:1.6931471805599454
game:1.6931471805599454
clue:1.6931471805599454
book:1.6931471805599454
ethernet:1.6931471805599454
transceiv:1.6931471805599454
nintendo:1.6931471805599454
repli:1.0
distribut:1.0
u:1.6931471805599454
organ:1.0
univers:1.0
tennesse:1.0
knoxvil:1.0
depart:1.0
line:1.0
50:2.09861228866811
nntp:1.0
post:1.0
host:1.0
hydra1b:1.0
follow:1.0
highest:2.09861228866811
bid:3.5649493574615367
arriv:1.0
email:2.09861228866811
box:1.6931471805599454
5:2.09861228866811
00:1.0
pm:1.6931471805599454
edt:1.6931471805599454
wednesday:1.6931471805599454
april:1.6931471805599454
21:1.6931471805599454
1993:1.6931471805599454
get:1.0
1:1.6931471805599454
skillcraft:1.0
senior:1.0
set:1.0
4581:1.0
safe:1.0
age:1.0
10:1.0
use:1.0
littl:1.0
25:1.0
bottl:1.0
differ:1.0
chemic:1.0
plastic:1.0
balanc:1.0
alcohol:1.0
lamp:1.0
test:1.0
tube:1.0
litmu:1.0
paper:1.0
manual:1.6931471805599454
1100:1.0
experi:1.0
4:1.6931471805599454
ship:3.1972245773362196
ad:2.6094379124341005
2:2.386294361119891
eye:1.6931471805599454
behold:1.6931471805599454
ii:1.6931471805599454
fun:1.0
origin:1.6931471805599454
medium:1.0
3:1.6931471805599454
tsolv:1.0
dilemma:1.0
hurri:1.0
find:1.0
loot:1.0
tfree:1.0
st:1.0
500:1.0
lanview:1.0
aui:1.0
ohm:1.6931471805599454
coaxial:1.0
work:1.0
fine:1.0
nifti:1.0
blink:1.0
led:1.0
send:1.6931471805599454
receiv:1.6931471805599454
collis:1.0
power:1.0
etc:1.0
built:1.0
includ:2.09861228866811
one:1.6931471805599454
termin:1.0
super:1.6931471805599454
control:1.6931471805599454
auto:1.0
repeat:1.0
fire:1.6931471805599454
hand:1.0
free:1.0
continu:1.0
slow:1.0
motion:1.0
accomplish:1.0
automat:1.0
paus:1.0
unpaus:1.0
tadd:1.0
consol:1.0
allow:1.0
two:1.0
player:1.0
sure:1.6931471805599454
address:1.6931471805599454
inform:1.0
30:1.0
postal:1.0
servic:1.0
first:1.0
class:1.0
cod:1.0
thursday:1.0
morn:1.0
money:1.0
order:1.0
plu:1.0
indic:1.0
amount:1.0
need:1.0
plea:1.0
keep:1.0
fact:1.0
mind:1.0
