organ:1.0
american:1.6931471805599454
univers:1.6931471805599454
comput:1.0
center:1.0
joseph:1.0
dresnok:1.0
iii:1.0
jdresno:1.0
auvm:1.0
edu:1.0
subject:1.0
jazz:1.6931471805599454
cd:2.09861228866811
4:1.0
sale:1.0
trade:1.6931471805599454
line:1.0
7:1.0
unopen:1.0
call:1.0
bird:1.0
origin:1.0
record:1.0
charli:1.0
parker:1.0
among:1.0
other:1.0
mile:1.0
davi:1.0
dizzi:1.0
gillespi:1.0
red:1.0
rodney:1.0
theloni:1.0
monk:1.0
lester:1.0
young:1.0
would:1.6931471805599454
will:1.0
sell:1.0
highest:1.0
bidder:1.0
el:1.0
anoth:1.0
interest:1.0
joe:1.0
