jame:2.386294361119891
mollica:2.386294361119891
pic:2.386294361119891
twwell:1.6931471805599454
com:1.6931471805599454
subject:1.0
math:1.6931471805599454
copro:1.0
sale:1.6931471805599454
trade:1.6931471805599454
repli:1.0
organ:1.0
onlin:2.09861228866811
multius:1.6931471805599454
system:1.6931471805599454
609:2.09861228866811
753:2.09861228866811
2540:1.6931471805599454
line:1.0
14:1.0
look:1.0
coprocessor:1.0
286:1.0
16mhz:1.0
80287:1.0
10:1.0
12:1.0
also:1.0
80387sx:1.0
16:1.0
tnx:1.0
jim:1.0
1st:1.0
1:1.0
10b:1.0
1439:1.0
1streader:1.0
cut:1.0
edg:1.0
softwar:1.0
evolut:1.0
hst:1.0
1549:1.0
v32:1.0
massiv:1.0
file:1.6931471805599454
collect:1.0
45:1.0
000:1.0
250:1.0
newsgroup:1.0
