scalawag:1.6931471805599454
carson:2.09861228866811
u:2.09861228866811
washington:2.386294361119891
edu:2.09861228866811
keith:1.6931471805599454
frederick:1.6931471805599454
subject:1.0
gre:3.4849066497880004
econom:2.6094379124341005
test:3.3978952727983707
book:1.6931471805599454
sale:2.09861228866811
organ:1.0
univers:1.0
seattl:1.0
line:1.0
34:1.0
distribut:1.0
usa:1.0
nntp:1.0
post:1.0
host:1.0
summari:1.0
aid:1.0
cliff:1.6931471805599454
prepar:1.0
guid:1.0
c:1.0
1992:1.0
3:1.0
full:2.09861228866811
length:2.09861228866811
practiv:1.0
w:1.6931471805599454
answer:2.09861228866811
explan:2.6094379124341005
also:1.0
includ:2.6094379124341005
take:2.09861228866811
strategi:1.0
peopl:1.0
note:1.0
5:1.0
research:1.0
educ:1.0
associ:1.0
revis:1.0
1990:1.6931471805599454
edit:1.0
6:1.0
exam:1.0
detail:1.0
solut:1.0
question:1.0
648:1.0
page:1.0
10:1.0
practic:1.6931471805599454
et:1.6931471805599454
offici:1.6931471805599454
1985:1.0
1986:1.0
aswer:1.0
4:1.0
gener:2.09861228866811
8:1.6931471805599454
three:1.0
1989:1.0
one:1.0
addit:1.0
complet:1.0
ship:1.6931471805599454
1:1.0
extra:1.0
buy:1.0
everyth:1.0
25:1.0
cover:1.0
r:1.0
happi:1.0
moral:1.0
purpos:1.0
206:1.0
285:1.0
1576:1.0
see:1.0
dr:1.0
fu:1.0
manchu:1.0
kill:1.0
reason:1.0
absolut:1.0
number:1.0
free:1.0
man:1.0
ci:1.0
73760:1.0
3521:1.0
uwid:1.0
8722277:1.0
cornel:1.0
come:1.0
