bitzm:2.386294361119891
columbia:2.09861228866811
dsu:2.386294361119891
edu:2.386294361119891
michael:1.0
bitz:1.6931471805599454
subject:1.0
want:1.0
486sx:1.0
dx:1.6931471805599454
chip:1.6931471805599454
line:1.6931471805599454
14:1.6931471805599454
organ:1.0
dakota:1.6931471805599454
state:1.6931471805599454
univers:1.6931471805599454
ti:1.6931471805599454
market:1.0
coupl:1.0
intel:1.6931471805599454
486:1.0
tpleas:1.0
let:1.0
know:1.0
one:1.0
sale:1.0
interest:1.0
sx:1.0
model:1.0
tmust:1.0
temail:1.0
mike:1.0
internet:1.0
research:1.0
develop:1.0
dsuvax:1.0
bitnet:1.6931471805599454
s93020:1.0
sdnet:1.0
