jf4527:1.6931471805599454
adx:1.6931471805599454
adelphi:2.09861228866811
edu:1.6931471805599454
jami:1.6931471805599454
fitzpatrick:1.0
subject:1.0
photogrammetr:1.6931471805599454
camera:2.09861228866811
keyword:1.0
organ:1.0
univers:1.0
line:1.0
20:1.0
hello:1.0
refurbish:1.0
observatori:1.0
came:1.0
across:1.0
mention:1.0
manufactur:1.0
instrument:1.0
corpor:1.0
florida:1.0
1970:1.0
question:1.0
1:1.0
anyon:1.6931471805599454
knowledg:1.0
equip:1.0
2:1.0
know:1.0
compani:1.0
phone:1.0
number:1.0
3:1.0
other:1.0
need:1.0
part:1.0
responc:1.0
greatli:1.0
appreci:1.0
take:1.0
care:1.0
