subject:1.0
joe:1.6931471805599454
venuti:1.6931471805599454
record:1.6931471805599454
want:1.0
rbrook:1.6931471805599454
ei:1.6931471805599454
calstat:1.6931471805599454
edu:1.6931471805599454
richard:1.6931471805599454
j:1.6931471805599454
brook:1.6931471805599454
organ:1.0
calif:1.0
state:1.0
univ:1.0
electron:1.0
inform:1.0
servic:1.0
line:1.0
7:1.0
anyon:1.0
fiddl:1.0
fire:1.0
would:1.0
like:1.0
sell:1.0
plea:1.0
contact:1.0
el:1.0
cerrito:1.0
ca:1.0
internet:1.6931471805599454
compuserv:1.6931471805599454
71121:1.6931471805599454
3406:1.6931471805599454
com:1.0
