laird:1.6931471805599454
pastur:1.0
ecn:1.0
purdu:1.6931471805599454
edu:1.0
kyler:1.6931471805599454
subject:1.0
want:1.6931471805599454
hp:1.6931471805599454
scanjet:2.09861228866811
adf:1.0
organ:1.0
univers:1.0
engin:1.0
comput:1.0
network:1.0
line:1.0
10:1.0
need:1.6931471805599454
use:1.0
scanner:1.0
limit:1.0
select:1.0
model:1.0
document:1.0
feeder:1.0
think:1.0
mean:1.0
plu:1.0
iic:1.0
one:1.6931471805599454
sell:1.0
plea:1.0
tell:1.0
p:1.0
mac:1.0
interfac:1.0
other:1.0
ibm:1.0
pc:1.0
compat:1.0
