ychen:1.0
hubcap:1.0
clemson:2.09861228866811
edu:1.0
eric:1.0
chen:1.0
subject:1.0
nec:1.6931471805599454
multisync:1.6931471805599454
plu:1.6931471805599454
mac:1.0
pc:1.0
250:1.6931471805599454
organ:1.0
univers:1.0
sc:1.0
line:1.0
8:1.0
model:1.0
jc:1.0
1501vma:1.0
15:1.0
960x720:1.0
ship:1.0
price:1.0
frim:1.0
send:1.0
emai:1.0
offer:1.0
le:1.0
ask:1.0
thank:1.0
yuesea:1.0
