subject:1.6931471805599454
new:1.6931471805599454
comput:1.6931471805599454
book:1.6931471805599454
sale:1.6931471805599454
mparikh:1.0
uceng:1.0
uc:1.6931471805599454
edu:1.6931471805599454
mehul:1.0
parikh:1.6931471805599454
distribut:1.0
usa:1.0
organ:1.0
univers:1.0
cincinnati:1.0
line:1.0
15:1.0
hi:1.0
sever:1.0
relat:1.0
unus:1.0
henc:1.0
excel:1.0
condit:1.0
includ:1.0
program:1.0
languag:1.0
c:1.6931471805599454
lisp:1.0
prolog:1.0
oper:1.0
system:1.6931471805599454
unix:1.0
do:1.0
window:1.6931471805599454
x:1.0
lan:1.0
ai:1.0
expert:1.0
interest:1.0
pl:1.0
contact:1.0
tparikhma:1.0
ucunix:1.0
san:1.0
thank:1.0
