bitzm:2.386294361119891
columbia:2.09861228866811
dsu:2.386294361119891
edu:2.386294361119891
michael:1.0
bitz:1.6931471805599454
subject:1.0
adlib:1.6931471805599454
sound:2.09861228866811
board:2.09861228866811
sale:1.6931471805599454
line:1.6931471805599454
17:1.6931471805599454
organ:1.0
dakota:1.6931471805599454
state:1.6931471805599454
univers:1.6931471805599454
ti:1.0
includ:1.6931471805599454
tthe:1.0
origin:1.0
disk:1.0
throw:1.0
window:1.0
3:1.0
1:1.0
wav:1.0
file:1.0
driver:1.0
tuse:1.0
pc:1.6931471805599454
speaker:1.0
game:1.0
much:1.0
twelcom:1.0
70:1.0
00:1.0
ship:1.0
home:1.0
offic:1.0
temail:1.0
mike:1.0
internet:1.0
research:1.0
develop:1.0
dsuvax:1.0
bitnet:1.6931471805599454
s93020:1.0
sdnet:1.0
