etuggl:1.6931471805599454
auc:1.6931471805599454
trw:2.386294361119891
com:2.791759469228055
eddi:1.6931471805599454
tuggl:1.6931471805599454
subject:1.0
uhc:2.386294361119891
svr4:1.6931471805599454
0:1.0
3:1.0
6:1.0
forsal:1.0
keyword:1.0
organ:1.0
denver:1.6931471805599454
oper:1.6931471805599454
line:1.0
21:1.0
articl:1.0
c5i0r:1.0
kzo:1.0
gator:2.09861228866811
rn:2.09861228866811
larri:2.386294361119891
snyder:1.6931471805599454
write:1.6931471805599454
darylm:1.0
illian:1.0
mnet:1.0
daryl:1.0
v:1.0
mcdaniel:1.0
consid:1.6931471805599454
convers:1.0
net:1.0
say:1.0
1k:1.0
good:1.6931471805599454
deal:1.0
packag:1.0
inflat:1.0
price:1.0
start:1.0
problem:1.6931471805599454
use:1.0
o:1.0
2:1.0
year:1.0
dora:1.0
noth:1.0
either:1.0
bad:1.0
think:1.0
make:1.0
16201:1.0
centretech:1.0
pki:1.0
aurora:1.0
co:1.0
80011:1.0
shakespear:1.0
voic:1.0
303:1.6931471805599454
360:1.6931471805599454
4001:1.0
fax:1.0
4133:1.0
