forsyth:1.6931471805599454
leland:1.6931471805599454
stanford:2.09861228866811
edu:1.6931471805599454
david:1.6931471805599454
michael:1.0
goldberg:1.6931471805599454
subject:1.0
sale:1.0
mac:1.0
classic:1.6931471805599454
stylewrit:1.6931471805599454
1:1.6931471805599454
organ:1.0
dsg:1.0
univers:1.0
ca:1.0
94305:1.0
usa:1.0
line:1.0
6:1.0
sell:1.0
macintosh:1.0
highest:1.0
bidder:1.0
reach:1.0
415:1.0
626:1.0
5869:1.0
san:1.0
francisco:1.0
via:1.0
email:1.0
