stephen:2.386294361119891
access:2.09861228866811
digex:2.09861228866811
com:1.6931471805599454
balbach:2.09861228866811
subject:1.0
sl:2.386294361119891
linux:2.386294361119891
sale:1.0
disk:3.4849066497880004
tape:2.09861228866811
organ:1.0
taylor:1.0
softwar:1.0
columbia:1.6931471805599454
md:1.6931471805599454
usa:1.0
line:1.0
41:1.0
nntp:1.0
post:1.0
host:1.0
net:1.0
keyword:1.0
sinc:1.0
free:1.0
time:1.0
look:1.0
job:1.0
thought:1.0
would:1.0
offer:1.6931471805599454
need:2.09861228866811
note:1.0
servic:1.6931471805599454
experienc:1.0
user:1.0
requir:1.0
support:2.386294361119891
simpli:1.0
put:1.0
shuffler:1.0
think:1.0
highli:1.0
recommend:1.0
softland:1.0
system:2.09861228866811
directli:1.0
provid:1.0
excel:1.0
product:1.0
decent:1.0
price:1.0
lazi:1.0
man:1.0
want:1.0
spend:1.0
4:2.386294361119891
hour:1.6931471805599454
modem:1.0
2:1.6931471805599454
shuffl:1.0
floppi:1.0
opt:1.0
go:1.0
alon:1.0
get:1.0
1:2.6094379124341005
50:2.9459101490553135
5:2.6094379124341005
25:2.386294361119891
75:1.6931471805599454
3:2.6094379124341005
14:1.6931471805599454
minimum:1.0
minim:1.0
6:1.0
00:2.9459101490553135
7:1.6931471805599454
b:1.0
base:1.0
extra:1.0
10:1.0
12:1.6931471805599454
c:1.0
compil:1.0
document:1.0
sourc:1.0
misc:1.0
tex:1.0
x:1.6931471805599454
window:1.0
8:1.0
entir:1.6931471805599454
set:1.6931471805599454
discount:1.0
40:2.09861228866811
46:1.0
qc:1.0
send:1.6931471805599454
check:1.0
money:1.0
order:1.0
5437:1.0
enberend:1.0
terrac:1.0
21045:1.0
e:1.0
mail:1.0
readi:1.0
sooner:1.0
