jeffl:1.6931471805599454
servprod:1.0
inel:1.6931471805599454
gov:1.6931471805599454
jeff:2.09861228866811
later:1.6931471805599454
subject:1.0
expen:1.0
ive:1.0
motorola:3.3978952727983707
handheld:1.6931471805599454
radio:1.6931471805599454
peanut:1.0
distribut:1.0
na:1.0
organ:1.0
winco:1.0
line:1.0
36:1.0
heavi:1.6931471805599454
duti:1.6931471805599454
commerci:1.0
tini:1.0
6x3x1:1.0
2:2.09861228866811
inch:1.0
waterproof:1.0
vhf:2.09861228866811
watt:1.0
channel:1.0
two:1.0
way:1.0
expo:2.386294361119891
purchas:1.0
new:2.09861228866811
amateur:1.0
frequenc:1.0
146:1.6931471805599454
10:1.0
70:1.0
34:1.0
94:1.0
absolut:1.0
n:1.6931471805599454
condit:1.0
never:1.0
scratch:1.0
drop:1.0
open:1.6931471805599454
otherwis:1.0
comprosmis:1.0
crystal:1.0
busi:1.0
band:1.0
pl:1.0
slot:1.0
origin:1.0
price:1.0
2watt:1.0
2chan:1.0
ht:1.0
1200:1.0
00:2.9459101490553135
come:1.0
portabl:1.0
charger:1.6931471805599454
antenna:1.6931471805599454
manual:1.6931471805599454
ni:1.6931471805599454
cad:1.6931471805599454
pack:1.6931471805599454
back:1.0
hous:1.0
belt:1.0
clip:1.0
extra:1.6931471805599454
40:1.0
rubber:1.0
ducki:1.0
12:1.0
50:1.6931471805599454
desktop:1.0
quick:1.0
135:1.0
extern:1.0
speaker:1.0
mic:1.0
125:1.0
12v:1.0
cig:1.0
lighter:1.0
batteri:1.0
elimin:1.0
80:1.0
nylon:1.0
holster:1.0
25:1.0
technic:1.0
5:1.0
tune:1.0
case:1.0
tool:1.0
c:1.0
1622:1.0
would:1.0
like:1.0
400:1.0
best:1.0
offer:1.0
thank:1.0
lot:1.0
b:1.0
wb7tza:1.0
pmafir:1.0
becom:1.0
disclaim:1.6931471805599454
lawyer:1.0
comfort:1.0
numb:1.0
pink:1.0
floyd:1.0
