ralf:1.6931471805599454
iqsc:1.0
com:1.0
subject:1.0
use:1.6931471805599454
stuff:1.0
organ:1.0
iq:1.0
softwar:1.6931471805599454
corp:1.0
line:1.0
22:1.0
equip:1.0
sale:1.0
everyth:1.0
negoti:1.0
1200:1.0
baud:1.0
compuadd:1.0
intern:1.0
modem:1.0
doc:1.6931471805599454
25:1.6931471805599454
00:3.0794415416798357
sco:1.0
unix:1.0
v3:1.0
2:1.6931471805599454
disk:1.0
uucp:1.0
util:1.0
150:1.0
old:2.386294361119891
1:1.0
2mb:1.0
floppi:1.0
drive:2.09861228866811
function:1.0
286:1.0
20:2.386294361119891
dead:1.0
st1196:1.0
80mb:1.0
rll:1.0
know:1.0
what:1.0
wrong:1.0
joystick:1.0
rememb:1.0
brand:1.0
name:1.0
10:1.6931471805599454
boat:1.0
anchor:1.0
cga:1.6931471805599454
monitor:1.0
full:1.0
length:1.0
card:1.6931471805599454
serial:1.0
pin:1.0
test:1.0
iii:1.0
accolad:1.0
price:1.0
neg:1.0
ship:1.0
