klwright:2.386294361119891
eo:2.6094379124341005
ncsu:2.386294361119891
edu:2.386294361119891
kenneth:1.6931471805599454
lee:1.6931471805599454
wright:1.6931471805599454
subject:1.0
case:2.09861228866811
mfm:1.6931471805599454
contr:1.0
game:2.386294361119891
card:2.386294361119891
sound:1.6931471805599454
origin:1.0
c00391:1.0
346dan:1.0
repli:1.0
organ:1.0
north:1.0
carolina:1.0
state:1.0
univers:1.0
project:1.0
line:1.0
29:1.0
forsal:1.0
1:2.791759469228055
desktop:1.0
200:1.6931471805599454
watt:1.0
power:1.0
suppli:1.0
2:2.386294361119891
intern:1.0
5:2.09861228866811
4:1.6931471805599454
bay:1.0
extern:1.0
origanali:1.0
dell:1.0
system:1.0
look:1.0
real:1.0
good:1.0
hardwar:1.0
includ:1.0
would:2.386294361119891
like:2.386294361119891
80:1.0
ship:2.6094379124341005
best:2.09861228866811
offer:2.386294361119891
western:1.0
digit:1.0
control:1.0
16:1.0
bit:1.0
floppi:1.0
hard:1.0
never:1.6931471805599454
problem:1.0
30:1.0
work:1.0
well:1.0
noth:1.0
fanci:1.0
joystick:1.0
port:2.09861228866811
10:1.0
innov:1.0
one:1.0
adlib:1.0
use:1.0
got:1.0
soundblast:1.0
cheep:1.0
instal:1.0
consid:1.0
buyer:1.0
pay:1.0
plea:1.0
resopnd:1.0
919:1.0
834:1.0
3290:1.0
thank:1.0
ken:1.0
