aboyko:2.09861228866811
dixi:2.386294361119891
com:2.09861228866811
andrew:2.09861228866811
boyko:2.09861228866811
subject:1.0
sega:1.6931471805599454
genesi:1.6931471805599454
sale:1.0
w:1.0
sonic:1.6931471805599454
1:1.6931471805599454
2:1.6931471805599454
organ:1.0
commun:1.0
public:1.0
access:1.0
mouth:1.0
south:1.0
line:1.0
15:1.0
write:1.0
4:1.0
month:1.0
old:1.0
bare:1.0
use:1.0
one:1.0
control:1.0
origin:1.0
box:1.0
130:1.0
get:1.6931471805599454
whole:1.6931471805599454
bundl:1.0
ship:1.0
turn:1.0
addict:1.0
anyway:1.0
mail:1.0
interest:1.0
marvel:1.0
modern:1.0
technolog:1.0
well:1.0
inform:1.0
price:1.6931471805599454
thing:1.6931471805599454
sell:1.6931471805599454
le:1.0
teach:1.0
wait:1.0
long:1.0
rid:1.0
electron:1.0
equip:1.0
nevermind:1.0
everyon:1.0
keep:1.0
