ralf:1.6931471805599454
iqsc:1.0
com:1.0
subject:1.0
monitor:1.6931471805599454
sale:1.6931471805599454
organ:1.0
iq:1.0
softwar:1.0
corp:1.0
line:1.0
5:1.0
kfc:1.0
svga:1.0
1024x768:1.0
28dp:1.0
non:1.0
interlac:1.0
14:1.0
screen:1.0
still:1.0
warranti:1.0
295:1.0
00:1.0
best:1.0
offer:1.0
