worsham:2.386294361119891
aer:1.6931471805599454
com:1.6931471805599454
robert:1.6931471805599454
subject:1.0
tektronix:3.0794415416798357
equip:2.09861228866811
color:2.09861228866811
termin:2.09861228866811
printer:2.386294361119891
raster:2.09861228866811
suppli:1.6931471805599454
summari:1.0
sale:1.6931471805599454
keyword:1.0
organ:1.0
atmospher:1.6931471805599454
environment:1.6931471805599454
research:1.6931471805599454
inc:1.6931471805599454
line:1.0
27:1.0
4208:1.0
4510a:1.0
4692:1.6931471805599454
inkjet:1.0
extra:1.0
product:1.0
paper:1.0
3:1.0
box:1.6931471805599454
transpar:1.0
2:1.6931471805599454
mainten:1.0
cartridg:1.6931471805599454
cart:1.6931471805599454
magenta:1.0
ink:1.0
1:1.0
would:1.0
like:1.0
sell:1.0
singl:1.0
lot:1.0
prefer:1.0
given:1.0
offer:2.09861228866811
entir:1.0
list:1.0
accept:1.0
best:1.0
get:1.0
bob:1.6931471805599454
email:1.0
voic:1.0
617:1.6931471805599454
547:1.0
6207:1.0
840:1.0
memori:1.0
drive:1.0
fax:1.0
661:1.0
6479:1.0
cambridg:1.0
02139:1.0
usa:1.0
