xanadu:1.6931471805599454
seanew:2.386294361119891
akita:1.6931471805599454
com:1.6931471805599454
dan:1.6931471805599454
scherer:1.6931471805599454
subject:1.0
p:3.4849066497880004
2:2.791759469228055
stuff:1.6931471805599454
organ:1.0
seattl:1.6931471805599454
public:1.6931471805599454
access:1.6931471805599454
news:2.09861228866811
mail:1.6931471805599454
line:1.0
30:1.6931471805599454
misc:1.0
p2:1.0
card:1.6931471805599454
micro:1.0
channel:1.0
6:1.0
arcnet:1.0
coax:1.0
83x9648:1.0
net:1.0
3:1.0
serial:1.0
adapt:2.6094379124341005
n:3.302585092994046
90x8459:1.0
parallel:1.0
72x6753:1.0
coprocessor:1.0
83x7488:1.0
memori:2.09861228866811
expans:1.0
option:1.0
90x9507:1.0
expand:1.6931471805599454
w:1.0
2mb:1.0
61x6752:1.0
0k:1.0
90x8799:1.0
alloy:1.0
ftc500:1.0
mca:1.0
tape:1.0
drive:1.0
hard:1.0
floppi:1.0
mb:1.6931471805599454
hdd:1.6931471805599454
90x9403:1.0
model:1.6931471805599454
wd:1.6931471805599454
336r:1.0
60:1.0
6128282:1.0
387t:1.0
1:2.09861228866811
44:1.6931471805599454
fdd:1.6931471805599454
15f7503:1.6931471805599454
ec:1.6931471805599454
a79541:1.0
88086:1.0
aquir:1.0
past:1.0
year:1.0
compon:1.6931471805599454
post:1.0
part:1.0
question:1.0
call:1.0
ibm:1.0
find:1.0
idea:1.0
make:1.0
offer:1.0
trade:1.0
welcom:1.0
206:2.09861228866811
453:1.0
5215:1.0
voic:1.0
996:1.0
8350:1.0
pager:1.0
usenet:1.0
747:1.0
