organ:1.0
univers:1.0
main:2.6094379124341005
system:1.0
merv:1.6931471805599454
io10702:1.6931471805599454
edu:1.6931471805599454
subject:1.6931471805599454
ega:1.6931471805599454
vga:1.6931471805599454
monitor:1.6931471805599454
card:2.09861228866811
want:1.0
line:1.0
9:1.0
say:1.0
look:1.0
decent:1.0
combo:1.0
work:1.0
condit:1.0
thing:1.0
must:1.0
8:1.0
bit:1.0
e:1.0
mail:1.0
offer:1.0
thank:1.0
