subject:1.0
help:1.0
get:2.09861228866811
refund:2.09861228866811
visual:1.6931471805599454
imag:1.6931471805599454
koutd:1.0
hirama:1.6931471805599454
hiram:2.386294361119891
edu:1.6931471805599454
dougla:1.6931471805599454
kou:1.6931471805599454
organ:1.0
colleg:1.6931471805599454
nntp:1.0
post:1.0
host:1.0
line:1.0
28:1.0
particip:1.0
promot:1.6931471805599454
compani:1.6931471805599454
call:2.791759469228055
sent:1.0
award:1.6931471805599454
certif:1.0
three:1.0
month:1.6931471805599454
ago:1.6931471805599454
ask:1.6931471805599454
buy:1.0
packag:3.0794415416798357
order:1.0
receiv:2.09861228866811
major:1.0
mislabl:1.0
address:2.09861228866811
one:1.0
mad:1.0
angri:1.0
took:1.6931471805599454
long:1.0
wrote:1.6931471805599454
letter:2.09861228866811
request:1.0
never:1.0
return:2.09861228866811
lucki:1.0
enough:1.0
find:1.6931471805599454
telephon:1.6931471805599454
number:2.09861228866811
oper:1.0
immedi:1.0
anoth:1.0
put:1.0
incorrect:1.0
attempt:1.0
learnd:1.0
chang:1.0
least:1.0
10:1.0
phone:1.0
new:1.0
refus:1.0
take:1.0
respons:1.0
spoke:1.0
manag:1.0
said:1.0
would:1.6931471805599454
back:2.09861228866811
yet:1.0
abl:1.0
front:1.0
desk:1.0
go:1.0
ahead:1.0
send:1.0
wait:1.0
know:1.6931471805599454
sever:1.0
peopl:1.0
net:1.0
experi:1.6931471805599454
like:1.0
got:1.0
money:1.0
similar:1.0
plea:1.0
advis:1.0
thank:1.0
advanc:1.0
