jboro:1.6931471805599454
enterpris:1.6931471805599454
bih:2.09861228866811
harvard:2.09861228866811
edu:2.09861228866811
jason:2.09861228866811
boro:1.6931471805599454
subject:1.0
2:2.791759469228055
pc:1.0
chair:1.6931471805599454
typewrit:1.6931471805599454
boston:2.09861228866811
organ:1.0
center:1.6931471805599454
clinic:1.6931471805599454
comput:2.09861228866811
line:1.0
27:1.0
distribut:1.0
world:1.0
nntp:1.0
post:1.0
host:1.0
cheever:1.0
1:2.09861228866811
ibm:1.0
p:1.0
286:1.0
30:1.0
meg:1.0
hd:1.0
44:1.0
disk:1.0
drive:1.6931471805599454
3:2.09861228866811
5:1.6931471805599454
extend:1.0
keyboard:1.0
mous:1.6931471805599454
pad:1.0
do:1.6931471805599454
dosshel:1.0
excel:1.0
windo:1.0
word:1.0
amipro:1.0
gre:1.0
studywar:1.0
500:1.0
b:1.6931471805599454
zenith:1.0
date:1.0
system:1.0
supersport:1.0
laptop:1.0
w:1.0
120v:1.0
ac:1.0
recharg:1.0
model:1.6931471805599454
150:1.6931471805599454
308:1.0
60:1.0
hz:1.0
4:1.6931471805599454
0:1.0
disc:1.0
floppi:1.0
carri:1.0
case:1.0
manual:1.6931471805599454
350:1.0
leather:1.0
desk:1.0
black:1.0
200:1.0
brown:1.0
300:1.0
olivetti:1.0
tropic:1.0
incl:1.0
charact:1.0
type:1.0
italian:1.0
languag:1.0
100:1.0
plea:1.0
repli:1.0
via:1.0
email:1.0
call:1.0
home:1.0
number:1.0
617:1.6931471805599454
277:1.0
9234:1.0
thank:1.0
732:1.0
5925:1.0
