beer:2.09861228866811
c:2.09861228866811
buffalo:2.386294361119891
edu:2.09861228866811
andrew:1.6931471805599454
subject:1.0
cpm:1.6931471805599454
c64:1.0
stuff:1.0
forsal:1.6931471805599454
distribut:1.0
usa:1.0
organ:1.0
state:1.0
univers:1.0
new:1.0
york:1.0
comp:1.0
sci:1.0
line:1.0
23:1.0
nntp:1.0
post:1.0
host:1.0
hadar:1.0
comput:1.6931471805599454
1:2.09861228866811
model:2.386294361119891
ampro:1.0
a13001:1.0
rev:1.0
without:1.0
2:2.386294361119891
720k:1.0
5:1.0
4:1.0
floppi:2.09861228866811
drive:2.6094379124341005
system:1.6931471805599454
disk:2.09861228866811
z80:1.0
processor:1.0
unknown:1.0
brand:1.0
w:1.0
miniscrib:1.0
1006:1.0
hard:1.0
height:1.0
8:1.6931471805599454
shugart:1.6931471805599454
810:1.0
keyboard:1.0
also:1.6931471805599454
801:1.0
commodor:1.0
64:1.0
1541:1.0
sell:1.0
whole:1.0
part:1.0
buyer:1.0
pay:1.0
ship:1.0
make:1.0
offer:1.0
either:1.0
email:1.0
call:1.0
716:1.0
741:1.0
9272:1.0
ask:1.0
jonathan:1.0
