dwf:1.0
kepler:1.6931471805599454
unh:1.6931471805599454
edu:1.6931471805599454
denni:1.6931471805599454
w:1.0
fitanid:1.0
subject:1.0
2400:1.0
baud:1.0
extern:1.0
modem:1.0
25:1.6931471805599454
mint:1.0
organ:1.0
univers:1.0
new:1.0
hampshir:1.0
durham:1.0
nh:1.0
line:1.0
3:1.0
distribut:1.0
usa:1.0
nntp:1.0
post:1.0
host:1.0
box:1.0
manual:1.0
phonecord:1.0
ship:1.0
