tammi:1.6931471805599454
uclink:1.6931471805599454
berkeley:2.386294361119891
edu:2.09861228866811
chen:1.0
subject:1.0
toolwork:1.0
mpc:1.6931471805599454
encyclopedia:1.6931471805599454
cd:2.09861228866811
rom:2.09861228866811
organ:1.0
univers:1.0
california:1.0
line:1.0
14:1.0
nntp:1.0
post:1.0
host:1.0
follow:1.0
program:1.0
forsal:1.0
ttoolwork:1.0
multimedia:1.0
brand:1.0
new:1.0
shrink:1.0
wrap:1.0
ask:1.0
50:1.0
obo:1.0
send:1.0
repli:1.0
sam:1.0
ocf:1.0
thank:1.0
