ho:1.6931471805599454
kcgl1:1.6931471805599454
eng:1.6931471805599454
ohio:2.09861228866811
state:2.09861228866811
edu:1.6931471805599454
franci:1.0
subject:1.0
286:1.6931471805599454
laptop:1.6931471805599454
nntp:1.0
post:1.0
host:1.0
organ:1.0
univers:1.0
line:1.0
18:1.0
mitsbishi:1.0
mp:1.0
286l:1.0
12:1.6931471805599454
8:1.0
6:1.0
mhz:1.0
switchabl:1.0
2m:1.0
ram:1.0
instal:1.0
backlit:1.0
cga:1.6931471805599454
ext:1.6931471805599454
mga:1.6931471805599454
20m:1.0
3:1.6931471805599454
5:1.6931471805599454
hh:1.0
hdd:1.6931471805599454
1:2.09861228866811
44m:1.0
fdd:1.0
2:1.6931471805599454
com:1.0
lpt:1.0
port:1.0
complet:1.0
manual:1.0
set:1.0
built:1.0
like:1.0
tank:1.0
excel:1.0
cosmet:1.0
cond:1.0
dark:1.0
gray:1.0
use:1.0
lightli:1.0
problem:1.0
stop:1.0
work:2.09861228866811
lcd:1.0
sometim:1.0
cag:1.0
best:1.0
offer:1.0
