bdolson:2.6094379124341005
casbah:1.6931471805599454
acn:2.386294361119891
nwu:2.6094379124341005
edu:2.6094379124341005
brian:2.09861228866811
david:1.6931471805599454
olson:2.09861228866811
subject:1.0
sale:1.6931471805599454
ibm:1.6931471805599454
wheelwrit:1.6931471805599454
6:1.6931471805599454
nntp:1.0
post:1.0
host:1.0
elvex34:1.0
organ:1.0
northwestern:1.6931471805599454
univers:1.6931471805599454
line:1.0
11:1.0
typewrit:1.0
raffl:1.0
campu:1.0
sinc:1.0
nice:1.0
comput:1.0
realli:1.0
need:1.0
cash:1.0
put:1.0
offer:1.6931471805599454
local:1.0
resel:1.0
250:1.0
best:1.0
plu:1.0
ship:1.0
econom:1.0
intern:1.0
studi:1.0
b:1.0
cica:1.6931471805599454
e:1.6931471805599454
merl:1.0
sevaxu:1.0
