crrob:1.0
sony1:1.0
sdrc:1.0
com:1.0
rob:1.6931471805599454
davi:1.6931471805599454
subject:1.0
drive:1.0
summari:1.0
honda:1.6931471805599454
xr:1.6931471805599454
100r:1.6931471805599454
dirt:1.6931471805599454
bike:2.386294361119891
sale:1.6931471805599454
mint:1.6931471805599454
line:1.0
10:1.0
1987:1.0
bought:1.0
new:1.6931471805599454
dealer:1.0
1989:1.0
ridden:1.0
4:1.0
hour:1.0
garag:1.0
kept:1.0
well:1.0
care:1.0
condit:1.0
perfect:1.0
size:1.0
ladi:1.0
young:1.0
adult:1.0
price:1.0
600:1.0
firm:1.0
disappoint:1.0
ohio:1.6931471805599454
kentucki:1.0
indiana:1.0
inquiri:1.0
prefer:1.0
plea:1.6931471805599454
work:1.0
513:1.0
576:1.0
5986:1.0
leav:1.0
voicemail:1.0
cincinnati:1.0
