jonathan:2.09861228866811
comp:1.6931471805599454
lanc:2.09861228866811
ac:1.6931471805599454
uk:2.6094379124341005
mr:1.0
j:1.6931471805599454
trevor:1.0
subject:1.0
sne:2.386294361119891
game:2.09861228866811
sale:1.6931471805599454
trade:1.6931471805599454
organ:1.0
depart:1.6931471805599454
comput:1.6931471805599454
lancast:2.09861228866811
univers:1.6931471805599454
line:1.0
29:1.0
follow:1.0
genesi:1.0
megadr:1.0
instruct:1.6931471805599454
box:1.0
except:1.0
state:1.0
sfc:1.0
mickey:1.0
magic:1.0
quest:1.0
suzuki:1.0
super:2.09861228866811
grandprix:1.0
legend:1.0
mystic:1.0
ninja:1.0
world:1.6931471805599454
anoth:1.0
soccer:1.0
u:2.09861228866811
krusti:1.0
fun:1.0
hous:1.0
irem:1.0
skin:1.0
golf:1.0
tenni:1.0
current:1.0
offer:1.0
sell:1.0
pound:1.0
cheer:1.0
onathan:1.0
phone:1.0
44:1.6931471805599454
524:1.6931471805599454
65201:1.0
x3793:1.0
address:1.0
fax:1.0
381707:1.0
e:1.0
mail:1.0
k:1.0
