steve:2.386294361119891
titan:1.6931471805599454
tsd:1.6931471805599454
arlut:1.6931471805599454
utexa:1.6931471805599454
edu:1.6931471805599454
glicker:1.6931471805599454
subject:1.0
2:1.0
5v:1.6931471805599454
200a:1.6931471805599454
power:1.6931471805599454
suppli:1.6931471805599454
f:1.0
350:1.6931471805599454
obo:1.6931471805599454
nntp:1.0
post:1.0
host:1.0
rooster:1.0
organ:1.0
appli:1.0
research:2.09861228866811
lab:1.0
univers:1.0
texa:1.0
austin:1.0
distribut:1.0
usa:1.0
line:1.6931471805599454
12:1.0
two:1.0
lh:1.6931471805599454
sm11:1.0
1:1.6931471805599454
seri:1.0
sm10:1.0
1000w:1.0
current:1.6931471805599454
wire:1.0
115vac:1.0
control:1.0
sen:1.0
pwr:1.0
fail:1.0
high:1.0
lo:1.0
margin:1.0
monitor:1.0
list:1.0
price:1.0
824:1.0
00:1.6931471805599454
qti:1.0
9:1.0
ask:1.0
pair:1.0
