suraj:2.6094379124341005
apollo:1.0
c:2.6094379124341005
jhu:2.09861228866811
edu:2.09861228866811
surendrakumar:1.0
subject:1.0
new:1.0
stereo:1.6931471805599454
system:2.09861228866811
compon:1.0
sale:2.09861228866811
organ:1.0
john:1.0
hopkin:1.0
univers:1.0
depart:1.0
distribut:1.0
usa:1.0
line:1.0
29:1.0
10:1.0
month:1.0
old:1.0
luxman:1.6931471805599454
r:1.6931471805599454
351:1.6931471805599454
receiv:2.386294361119891
onkyo:1.6931471805599454
ta:1.6931471805599454
rw404:1.6931471805599454
tape:2.09861228866811
deck:2.09861228866811
polk:1.6931471805599454
monitor:1.6931471805599454
m4:1.6931471805599454
6:1.6931471805599454
book:1.0
shelf:1.0
speaker:2.386294361119891
5:2.09861228866811
year:2.09861228866811
warranti:1.6931471805599454
equip:1.0
excel:1.0
condit:1.0
paid:2.386294361119891
950:1.0
will:2.386294361119891
consid:2.386294361119891
best:2.791759469228055
offer:2.791759469228055
sell:1.0
seper:1.0
piec:1.0
also:1.0
desir:1.0
plea:1.0
send:1.6931471805599454
bookshelf:1.0
250:1.0
pair:1.6931471805599454
ye:1.0
475:1.0
full:1.0
remot:1.0
2:1.0
connect:1.0
60:1.0
watt:1.6931471805599454
per:1.6931471805599454
channel:1.6931471805599454
drive:1.0
like:1.0
150:1.0
standard:1.6931471805599454
featur:1.6931471805599454
275:1.0
dual:1.0
cassett:1.0
dolbi:1.0
b:1.0
hx:1.0
pro:1.0
input:1.0
level:1.0
control:1.0
record:1.0
auto:1.0
revers:1.0
side:1.0
e:1.0
mail:1.0
