mcadam:3.0794415416798357
trane:1.0
rtp:2.6094379124341005
dg:2.9459101490553135
com:2.09861228866811
ed:2.09861228866811
subject:1.0
piano:1.6931471805599454
free:1.0
chariti:2.09861228866811
organ:1.0
data:2.09861228866811
gener:2.09861228866811
corpor:2.09861228866811
research:2.09861228866811
triangl:2.09861228866811
park:2.09861228866811
nc:2.09861228866811
line:1.0
15:1.0
one:1.0
heavi:1.0
antiqu:1.0
upright:1.0
would:1.0
like:1.0
contribut:1.0
muscl:1.0
enough:1.0
get:1.6931471805599454
hous:1.0
respons:1.0
sell:1.0
100:1.0
haul:1.0
good:1.0
shape:1.0
need:1.0
tune:1.0
south:1.0
durham:1.0
counti:1.0
62:1.6931471805599454
w:1.6931471805599454
alexand:1.6931471805599454
drive:1.6931471805599454
backbon:1.6931471805599454
mcnc:1.6931471805599454
rti:1.6931471805599454
27709:1.6931471805599454
919:1.6931471805599454
248:1.6931471805599454
6369:1.6931471805599454
