subject:1.0
amplifi:1.6931471805599454
speaker:1.0
krschimm:2.09861228866811
wsuhub:1.6931471805599454
uc:1.6931471805599454
twsu:1.6931471805599454
edu:1.6931471805599454
karl:1.6931471805599454
schimmel:1.6931471805599454
organ:1.0
wichita:2.09861228866811
state:1.6931471805599454
univers:1.6931471805599454
k:1.0
line:1.0
27:1.0
sale:1.0
cours:1.0
linear:1.0
power:1.6931471805599454
model:1.0
952:1.0
iq:1.0
2:2.386294361119891
channel:1.6931471805599454
automot:1.0
stereo:1.0
95:1.0
watt:1.6931471805599454
peak:1.6931471805599454
per:1.0
ohm:1.6931471805599454
stabl:1.0
fidel:1.0
test:1.0
100:1.0
pay:1.6931471805599454
ship:1.6931471805599454
1:1.0
pair:1.0
two:1.0
mobil:1.0
author:1.0
woofer:1.0
10:1.0
inch:1.6931471805599454
voic:1.0
coil:1.0
20:1.0
oz:1.0
magnet:1.0
130:1.0
handel:1.0
4:1.0
40:1.0
sell:1.0
seperatli:1.0
repli:1.0
thru:1.0
e:1.0
mail:1.0
r:1.0
twsuvax:1.0
