wgs1:1.0
isi:1.6931471805599454
msstate:1.6931471805599454
edu:2.09861228866811
walter:1.6931471805599454
g:1.6931471805599454
seefeld:1.6931471805599454
subject:1.0
microsoft:1.0
do:1.6931471805599454
6:1.6931471805599454
0:1.6931471805599454
upgrad:2.09861228866811
sale:1.6931471805599454
nntp:1.0
post:1.0
host:1.0
organ:1.0
mississippi:1.0
state:1.6931471805599454
univers:1.0
line:1.0
22:1.0
articl:1.6931471805599454
ahal:1.6931471805599454
93apr5132130:1.0
slothrop:1.0
fmrco:1.6931471805599454
com:2.386294361119891
andrew:1.0
hall:1.0
write:2.09861228866811
c4rvnz:1.0
6we:1.0
unx:1.6931471805599454
sa:1.6931471805599454
sasjhc:1.0
maxwel:1.0
joe:1.0
croo:1.0
yuanchi:1.0
eve:1.0
usc:1.0
yuan:1.0
chieh:1.0
hsu:1.0
m:1.6931471805599454
best:1.0
offer:1.0
45:1.0
open:1.0
unregist:1.0
gee:1.0
copi:1.0
pc:1.0
magazin:1.0
retail:1.0
49:1.6931471805599454
99:1.0
egghead:1.0
across:1.0
street:1.0
sell:1.6931471805599454
47:1.0
go:1.6931471805599454
way:1.0
work:1.0
compusa:1.0
38:1.0
xx:1.0
boston:1.0
33:1.0
includ:1.0
ship:1.0
dawn:1.0
earli:1.0
light:1.0
940:1.0
n:1.0
jackson:1.6931471805599454
st:1.0
1a:1.0
know:1.0
right:1.0
starkvil:1.0
39759:1.0
reap:1.0
sown:1.0
n5qxr:1.0
brown:1.0
