lazaro:1.6931471805599454
pyuxf:1.6931471805599454
cc:1.6931471805599454
bellcor:2.09861228866811
com:1.6931471805599454
matthew:1.0
subject:1.0
vh:1.6931471805599454
movi:1.6931471805599454
sale:2.09861228866811
nntp:1.0
post:1.0
host:1.0
organ:1.0
livingston:1.0
nj:1.0
line:1.0
12:2.09861228866811
articl:1.6931471805599454
1qvk1u:1.0
jnu:1.0
bigboot:1.0
wpi:1.6931471805599454
edu:2.386294361119891
martim:1.0
jaguar:1.0
random:1.0
one:1.6931471805599454
write:1.6931471805599454
1993apr19:1.0
211400:1.0
1:1.0
hirama:1.6931471805599454
hiram:1.6931471805599454
koutd:1.0
dougla:1.0
kou:1.0
danc:2.09861228866811
wovi:2.386294361119891
00:1.0
hell:1.0
io:1.0
sp:1.0
anim:1.0
serious:1.0
saw:1.0
video:1.6931471805599454
brand:1.0
new:1.0
palmer:1.0
9:1.0
tx:1.0
guess:1.0
could:1.0
resel:1.0
would:1.0
like:1.0
