subject:1.0
vh:1.6931471805599454
movi:1.6931471805599454
sale:1.6931471805599454
koutd:1.6931471805599454
hirama:2.09861228866811
hiram:2.6094379124341005
edu:2.09861228866811
dougla:1.6931471805599454
kou:1.6931471805599454
organ:1.0
colleg:1.6931471805599454
nntp:1.0
post:1.0
host:1.0
line:1.0
13:1.0
danc:1.0
wovi:1.0
12:1.0
00:1.0
tape:1.0
new:1.0
open:1.0
buyer:1.0
pay:1.0
ship:1.0
cost:1.0
interest:1.0
plea:1.0
send:1.0
offer:1.0
thank:1.0
