jyow:1.6931471805599454
desir:1.6931471805599454
wright:2.386294361119891
edu:1.6931471805599454
subject:1.0
radar:1.0
detector:1.0
whistler:1.6931471805599454
x:1.6931471805599454
k:1.6931471805599454
ka:1.6931471805599454
organ:1.0
state:1.6931471805599454
univers:1.6931471805599454
line:1.0
7:1.0
spectrum:1.0
2:1.0
se:1.0
pul:1.0
protect:1.0
good:1.0
condit:1.0
purchas:1.0
130:1.0
ask:1.0
80:1.0
jason:1.0
yow:1.0
thuman:1.0
factor:1.0
psycholog:1.0
program:1.0
dayton:1.0
oh:1.0
te:1.0
mail:1.0
