she3328:2.6094379124341005
ritvax:2.6094379124341005
isc:2.386294361119891
rit:2.6094379124341005
edu:2.386294361119891
steven:1.6931471805599454
h:1.0
eckwielen:1.6931471805599454
subject:1.6931471805599454
want:1.0
hp:2.386294361119891
48:1.6931471805599454
48sx:1.6931471805599454
nntp:1.0
post:1.0
host:1.0
vaxb:1.0
repli:1.6931471805599454
organ:1.0
rochest:1.6931471805599454
institut:1.0
technolog:1.0
line:1.0
10:1.0
say:1.0
look:1.0
perferi:1.0
plea:1.0
e:1.0
mail:1.0
thank:1.0
bitnet:1.0
internet:1.0
uucp:1.0
rutger:1.0
