dlneal:2.09861228866811
apgea:2.09861228866811
armi:2.09861228866811
mil:2.09861228866811
denni:1.6931471805599454
l:1.6931471805599454
neal:1.6931471805599454
subject:1.0
amiga:1.6931471805599454
softwar:1.6931471805599454
sale:1.6931471805599454
organ:1.0
edgewood:1.0
line:1.0
22:1.0
nntp:1.0
post:1.0
host:1.0
cbda9:1.6931471805599454
follow:1.0
provideo:1.0
gold:1.0
50:1.0
amigavis:1.0
25:1.0
b:1.0
e:1.0
plan:1.0
10:2.09861228866811
spreadsheet:1.0
still:1.0
shrinkwrap:1.0
superback:1.0
hard:1.0
drive:1.0
backup:1.0
certif:1.0
maker:1.0
add:1.0
h:1.0
email:1.0
address:1.0
list:1.0
thanx:1.0
