rich:2.386294361119891
delphi:1.6931471805599454
bsd:1.6931471805599454
uchicago:1.6931471805599454
edu:1.6931471805599454
long:1.0
subject:1.0
icom:1.6931471805599454
02at:1.6931471805599454
sale:1.0
repli:1.0
organ:1.6931471805599454
univers:1.0
chicago:1.0
comput:1.0
line:1.0
35:1.0
look:1.0
sell:1.0
ic:1.6931471805599454
extra:1.0
follow:1.0
cm:1.0
12:1.0
batteri:1.6931471805599454
h:2.09861228866811
10:1.0
headset:1.0
10sa:1.0
vox:1.0
unit:1.0
cigarett:1.0
adapt:1.0
leather:1.6931471805599454
case:1.6931471805599454
bc:1.0
25v:1.0
wall:1.0
charger:1.0
bp3:1.0
talso:1.0
one:1.0
need:1.0
new:1.0
cell:1.0
think:1.0
good:1.0
condit:1.0
scratch:1.0
front:1.0
visibl:1.0
interest:1.0
make:1.0
offer:1.0
newsgraz:1.0
nextstep:1.0
tm:1.0
news:1.0
reader:1.0
post:1.0
uqr:1.0
8p7:1.0
n:2.6094379124341005
7:2.791759469228055
9o:1.0
g1t8fq:1.0
9c:1.6931471805599454
9g:1.0
w:2.09861228866811
ae:2.09861228866811
9e:1.0
ec83m:1.0
eqm:1.0
m87:1.0
g:1.0
r:2.6094379124341005
6:2.6094379124341005
r9w:1.0
q:2.09861228866811
c:1.6931471805599454
f1:1.0
u:2.09861228866811
8w7:1.0
1x:2.09861228866811
38p:1.0
5qt:1.0
s5:1.0
c8x7:1.0
p:2.09861228866811
eqt:1.0
s9:1.0
p7:1.6931471805599454
uqt:1.0
4:2.09861228866811
8c:1.0
3:1.6931471805599454
6qn:1.0
vye7:1.0
9:1.6931471805599454
c1:1.0
9f:1.0
f:2.791759469228055
dd:1.0
86t:1.0
ven:1.0
m9r:1.0
s96ql:1.0
uy:1.0
e:2.386294361119891
3tt:1.0
24:1.0
5:1.0
f0:1.0
97at:1.0
b:2.386294361119891
22:1.0
h879e:1.6931471805599454
1h92:1.6931471805599454
vql:1.0
z7:1.0
32tq:1.0
871t97:1.0
y7:1.0
4rtq:1.6931471805599454
96:1.0
v5t:1.0
m7:1.0
fet7:1.0
f5t:1.0
061a:1.0
1e:1.0
ep:2.09861228866811
5a:1.0
87:1.0
e7:1.0
0rtr:1.0
58:1.0
5v:1.0
l:1.0
r9v5r7:1.0
0ru:1.0
0f:1.0
5r:1.0
0d:1.0
m06q:1.0
n92:1.0
ye961:1.0
f5w:1.0
ai:1.0
fll:1.0
et:1.6931471805599454
b965n:1.0
vai:1.0
4i7:1.0
det:1.0
en:1.0
v0:1.0
8v:1.6931471805599454
n9:1.0
h87:1.0
82:1.0
s8w:1.0
yo:1.0
v:1.0
m8fqe:1.0
h96x:1.0
6x:1.0
qe871h97:1.0
s92i:1.0
268:1.0
r92:1.0
k:1.0
g1e:1.0
f5:1.0
5d:1.0
m86me:1.0
ue:1.0
f9f5r:1.0
hm:1.0
i8va:1.0
