zoron:1.6931471805599454
en:1.6931471805599454
ecn:1.6931471805599454
purdu:2.386294361119891
edu:1.6931471805599454
soren:2.09861228866811
burkhart:1.6931471805599454
subject:1.0
dragon:2.09861228866811
lair:2.09861228866811
ii:2.09861228866811
space:2.09861228866811
ace:2.09861228866811
arcad:2.386294361119891
game:2.386294361119891
sale:1.0
keyword:1.0
laser:2.09861228866811
interact:1.0
organ:1.0
univers:1.6931471805599454
engin:1.0
comput:1.6931471805599454
network:1.0
line:1.0
64:1.0
400:1.0
complet:2.09861228866811
220:1.0
disc:1.6931471805599454
150:1.6931471805599454
motherboard:1.6931471805599454
joystick:2.09861228866811
button:2.09861228866811
35:1.6931471805599454
graphic:2.09861228866811
cabinet:2.386294361119891
50:1.6931471805599454
brick:1.6931471805599454
power:2.09861228866811
suppli:2.09861228866811
12:2.386294361119891
5:1.6931471805599454
430:1.0
250:1.0
750:1.0
requir:1.0
soni:1.0
1450:1.0
laserdisc:2.6094379124341005
player:2.09861228866811
nice:1.6931471805599454
thing:1.0
also:1.0
watch:1.0
normal:1.6931471805599454
movi:1.0
well:2.09861228866811
one:1.6931471805599454
sell:1.0
600:1.0
550:1.0
purchas:1.0
system:2.09861228866811
500:1.0
buy:1.6931471805599454
current:1.0
run:2.09861228866811
entertain:1.0
center:1.0
hous:1.6931471805599454
pc:1.0
case:1.0
fan:1.0
audio:1.0
stereo:1.0
directli:1.0
v:1.0
made:1.0
mount:1.0
first:1.0
person:1.0
get:1.0
otherwis:1.0
would:1.0
prefer:1.0
done:1.0
go:1.0
along:1.0
side:1.0
front:1.0
everyth:1.0
work:1.0
perfectli:1.0
r:1.0
232:1.0
port:1.0
use:1.0
develop:1.0
multimedia:1.0
type:1.0
applic:1.0
store:1.0
safe:1.0
place:1.0
scratch:1.0
interest:1.0
plea:1.0
email:1.0
thank:1.0
ye:1.0
sort:1.0
robot:1.0
blink:1.0
head:1.0
pig:1.0
ignor:1.0
come:1.0
expect:1.0
non:1.0
creativ:1.0
garbag:1.0
john:1.0
clees:1.0
monti:1.0
python:1.0
