bob:1.6931471805599454
nntp:1.6931471805599454
crl:2.09861228866811
com:1.6931471805599454
ame:1.0
subject:1.0
unix:1.6931471805599454
pc:1.0
softwar:1.0
sale:1.0
organ:1.0
internet:1.0
dialup:1.0
access:1.0
415:1.0
389:1.0
login:1.0
guest:1.0
line:1.0
1:1.0
distribut:1.0
world:1.0
post:1.0
host:1.0
