jac2i:1.6931471805599454
virginia:1.6931471805599454
edu:1.0
jonathan:1.0
cook:1.0
subject:1.0
classic:1.0
cd:1.0
4:1.0
sale:1.0
organ:1.0
univers:1.0
line:1.0
7:1.0
hey:1.0
send:1.0
mail:1.0
could:1.0
plea:1.0
resend:1.0
address:1.0
lost:1.0
h:1.0
moscow:1.0
thank:1.0
jon:1.0
