subject:1.0
unix:3.1972245773362196
sale:1.0
mike:2.791759469228055
budlanski:2.6094379124341005
canrem:2.09861228866811
com:2.09861228866811
repli:1.0
distribut:1.0
misc:1.0
organ:1.0
canada:1.6931471805599454
remot:1.6931471805599454
system:3.1972245773362196
line:1.0
24:1.0
forsal:1.0
esix:1.0
v:1.0
releas:1.0
4:1.0
new:1.6931471805599454
2:1.6931471805599454
user:2.386294361119891
licens:2.386294361119891
400:1.0
unlimit:1.6931471805599454
450:1.0
dev:1.6931471805599454
kit:1.6931471805599454
500:1.0
550:1.0
includ:1.0
floppi:1.0
tape:1.0
instal:1.6931471805599454
manual:1.0
never:1.0
market:1.0
valu:1.0
1500:1.0
u:1.0
interest:1.0
plea:1.0
contact:1.0
416:1.6931471805599454
233:1.0
6038:1.0
thank:1.0
toronto:1.0
ontario:1.0
629:1.6931471805599454
7000:1.0
7044:1.0
