wsyu:1.0
nyx:1.6931471805599454
c:1.6931471805599454
du:1.0
edu:1.0
wei:1.0
yun:1.0
yu:1.0
subject:1.0
window:1.6931471805599454
3:1.6931471805599454
1:2.09861228866811
new:1.6931471805599454
sale:1.6931471805599454
35:1.6931471805599454
organ:1.0
public:1.0
access:1.0
unix:1.0
u:1.0
denver:1.0
math:1.0
dept:1.0
distribut:1.0
usa:1.0
line:1.0
4:1.0
packag:1.0
stil:1.0
shrink:1.0
wrap:1.0
ask:1.0
consid:1.0
trade:1.0
use:1.0
44m:1.0
floppi:1.0
drive:1.0
leav:1.0
messag:1.0
interest:1.0
