am229:1.0
cleveland:1.6931471805599454
freenet:1.0
edu:1.6931471805599454
terri:1.6931471805599454
collin:1.0
subject:1.0
smartcam:1.6931471805599454
version:2.09861228866811
7:1.6931471805599454
sale:1.6931471805599454
486:1.6931471805599454
33dx:1.6931471805599454
organ:1.0
case:1.0
western:1.0
reserv:1.0
univers:1.0
ohio:1.0
usa:1.0
line:1.0
14:1.0
nntp:1.0
post:1.0
host:1.0
slc4:1.0
in:1.0
cwru:1.0
purchas:1.0
august:1.0
1992:1.0
latest:1.0
also:1.6931471805599454
will:1.0
sell:1.0
124mg:1.0
hard:1.0
drive:1.0
17:1.0
multi:1.0
scan:1.0
monitor:1.0
paid:1.0
11:1.0
000:1.0
softwar:1.0
2800:1.0
comput:1.0
includ:1.0
1:1.6931471805599454
yr:1.0
maintan:1.0
contract:1.0
updat:1.0
everi:1.0
year:1.6931471805599454
apx:1.0
950:1.0
per:1.0
make:1.0
offer:1.0
call:1.0
800:1.0
940:1.0
7874:1.0
216:1.0
941:1.0
7400:1.0
ask:1.0
