ttesta:2.09861228866811
kali:2.09861228866811
enet:2.09861228866811
dec:2.09861228866811
com:2.09861228866811
tom:2.386294361119891
testagrossa:2.09861228866811
subject:1.0
itprop:1.0
net:2.6094379124341005
etiquett:2.09861228866811
advertis:1.6931471805599454
compani:2.09861228866811
junk:2.09861228866811
mail:2.9459101490553135
list:2.09861228866811
line:1.0
34:1.0
repli:1.0
organ:1.0
digit:1.0
equip:1.0
corpor:1.0
maynard:1.0
distribut:1.0
usa:1.0
articl:1.6931471805599454
1993apr15:1.0
234451:1.0
15707:1.0
leland:1.6931471805599454
stanford:1.6931471805599454
edu:1.6931471805599454
thomper:1.0
dale:2.09861228866811
buford:1.0
thompson:1.6931471805599454
write:1.6931471805599454
c5jccg:1.0
3bn:1.0
tsoft:1.0
stuff:1.6931471805599454
delet:1.6931471805599454
maintain:1.0
20:1.0
000:1.0
regularli:1.0
rent:1.0
ted:1.0
impress:1.0
allow:1.0
use:2.09861228866811
directli:1.0
product:1.6931471805599454
addit:1.0
improp:2.09861228866811
gener:1.6931471805599454
correct:1.0
assum:1.0
done:1.0
penal:1.0
twell:1.0
say:1.0
offhand:1.0
keel:1.6931471805599454
haul:1.6931471805599454
would:1.0
work:1.6931471805599454
pretti:1.0
well:1.6931471805599454
good:1.0
long:1.0
time:1.0
sorri:1.0
came:1.0
convers:1.0
yesterday:1.0
love:1.0
phrase:1.0
tor:1.0
mayb:1.0
ask:1.6931471805599454
folk:1.0
flood:1.0
guy:1.0
mailbox:1.0
faq:1.0
etiquitt:1.0
sort:1.0
poetic:1.0
justic:1.0
tri:1.0
anyway:1.0
e:1.0
u:1.6931471805599454
132:1.0
clarendon:1.0
st:1.0
apt:1.0
2:1.0
fitchburg:1.0
01420:1.0
phone:1.0
508:1.6931471805599454
493:1.0
0437:1.0
voicemail:1.0
home:1.0
342:1.0
2362:1.0
guitar:1.0
