pathal:1.0
astro:1.0
arizona:2.386294361119891
edu:2.386294361119891
patrick:1.0
b:1.0
hall:1.6931471805599454
subject:1.0
sale:1.0
sega:1.6931471805599454
genesi:1.6931471805599454
system:1.6931471805599454
organ:1.0
univers:1.0
tucson:1.0
az:1.0
line:1.0
9:1.0
roommat:1.0
sell:1.0
sonic:1.0
nice:1.0
condit:1.0
100:1.0
obo:1.0
plea:1.0
respond:1.0
via:1.0
email:1.6931471805599454
tpathal:1.0
altern:1.0
address:1.0
phall:1.0
noao:1.0
moe:1.0
ccit:1.0
thank:1.0
pat:1.0
