shaq:1.0
shelley:1.6931471805599454
u:1.6931471805599454
washington:2.09861228866811
edu:1.6931471805599454
chri:1.6931471805599454
liu:1.0
subject:1.0
game:2.6094379124341005
boy:2.09861228866811
want:1.6931471805599454
organ:1.0
univers:1.0
seattl:1.0
line:1.0
3:1.0
nntp:1.0
post:1.0
host:1.0
look:1.0
plea:1.6931471805599454
e:1.0
mail:1.0
list:1.0
offer:1.0
thank:1.0
also:1.0
get:1.0
rid:1.0
tell:1.0
