leopold:1.0
jekyl:1.0
ucsf:1.0
edu:1.0
john:1.0
olson:1.0
subject:1.0
itprop:1.0
net:1.0
etiquett:1.6931471805599454
advertis:1.0
compani:1.0
junk:1.6931471805599454
mail:1.6931471805599454
list:1.0
distribut:1.0
usa:1.0
organ:1.0
univers:1.0
california:1.0
san:1.0
francisco:1.0
dept:1.0
lab:1.0
med:1.0
line:1.0
6:1.0
improp:1.0
illeg:1.0
peopl:1.0
respons:1.0
evil:1.0
ahhh:1.0
ive:1.0
alway:1.0
want:1.0
get:1.0
chest:1.0
