rbacalzo:1.6931471805599454
quasar:1.0
sierra:2.791759469228055
com:2.09861228866811
roger:2.09861228866811
bacalzo:2.09861228866811
subject:1.0
victoria:2.386294361119891
b:1.0
c:1.0
hotel:3.0794415416798357
room:1.6931471805599454
40:2.09861228866811
2:2.09861228866811
night:2.09861228866811
articl:1.0
1993apr20:1.0
162758:1.0
11363:1.0
organ:1.0
geophys:1.6931471805599454
inc:1.0
kirkland:2.09861228866811
wa:1.6931471805599454
line:1.0
27:1.0
reserv:2.09861228866811
mid:1.0
week:1.0
sun:1.0
thur:1.0
avail:2.09861228866811
canada:1.6931471805599454
3:1.0
day:1.0
expir:1.0
june:1.6931471805599454
1:2.09861228866811
1993:1.0
letter:2.386294361119891
credit:2.386294361119891
fulli:1.0
transferr:1.0
issu:1.0
hotelco:2.386294361119891
number:1.0
reput:1.0
book:1.6931471805599454
compani:1.0
provid:1.0
stay:1.0
low:1.0
price:1.0
normal:1.0
work:1.6931471805599454
weekend:1.6931471805599454
solid:1.0
summer:1.0
check:1.0
directli:1.0
date:1.6931471805599454
one:1.0
member:1.0
use:1.0
reach:1.0
206:2.386294361119891
485:1.0
5200:2.09861228866811
bothel:1.0
800:1.0
645:1.0
8885:1.0
regular:1.0
busi:1.0
hour:1.0
find:1.0
accept:1.0
contact:1.0
828:1.0
9094:1.0
home:1.0
822:1.6931471805599454
x360:1.0
11255:1.0
way:1.0
ext:1.0
360:1.0
98033:1.0
trbacalzo:1.0
sibu:1.0
