rupin:1.6931471805599454
dang:1.6931471805599454
dartmouth:1.6931471805599454
edu:1.0
subject:1.0
nikon:1.6931471805599454
fm2:1.0
len:1.0
forsal:1.0
organ:1.0
colleg:1.0
hanov:1.0
nh:1.0
line:1.0
5:1.0
fm:1.0
2n:1.0
50:1.0
mm:1.0
nikkor:1.0
accessori:1.0
sale:1.0
bought:1.0
camera:1.0
hong:1.0
kong:1.0
two:1.0
year:1.0
ago:1.0
everyth:1.0
look:1.0
well:1.0
sell:1.0
gear:1.0
financ:1.0
next:1.0
big:1.0
film:1.0
project:1.0
ask:1.0
350:1.0
packag:1.0
bargain:1.0
