subject:1.0
star:1.6931471805599454
trek:1.6931471805599454
ornament:1.6931471805599454
danguy:1.0
ei:1.0
calstat:1.0
edu:1.0
dang:1.6931471805599454
v:1.0
nguyen:1.0
organ:1.0
calif:1.0
state:1.0
univ:1.0
electron:1.0
inform:1.0
servic:1.0
line:1.0
10:1.0
hey:1.0
christma:1.6931471805599454
sale:1.0
hallmark:1.0
shuttl:1.0
craft:1.0
galileo:1.0
went:1.0
24:1.0
00:1.0
will:1.0
sell:1.0
price:1.0
ship:1.0
interest:1.0
question:1.0
plea:1.0
repli:1.0
give:1.0
call:1.0
714:1.0
539:1.0
4251:1.0
