jbr1:1.6931471805599454
ra:2.09861228866811
msstate:2.09861228866811
edu:2.09861228866811
jarryl:1.0
b:1.0
ritchi:1.6931471805599454
subject:1.0
sale:1.0
cannondal:1.6931471805599454
3:1.6931471805599454
0:1.6931471805599454
road:1.6931471805599454
bike:2.386294361119891
w:1.0
dura:1.6931471805599454
ace:1.6931471805599454
56:1.6931471805599454
cm:1.6931471805599454
nntp:1.0
post:1.0
host:1.0
organ:1.0
mississippi:1.0
state:1.0
univers:1.0
line:1.0
12:1.0
bright:1.0
blue:1.0
color:1.0
8:1.0
speed:1.0
sti:1.0
could:1.0
easili:1.0
convert:1.0
though:1.0
32:1.0
spoke:1.0
wheelset:1.0
clincher:1.0
complet:1.0
700:1.0
best:1.0
offer:1.6931471805599454
consid:1.6931471805599454
go:1.0
desper:1.6931471805599454
time:1.0
call:1.0
measur:1.0
part:1.0
write:1.0
detail:1.0
jay:1.0
