root:1.0
zmax:1.6931471805599454
com:1.6931471805599454
big:1.0
chees:1.0
subject:1.0
laptop:2.6094379124341005
card:2.386294361119891
organ:1.0
z:1.0
max:1.0
comput:1.6931471805599454
solut:1.0
inc:1.0
line:1.0
17:1.0
connect:1.0
part:2.6094379124341005
t2rn:1.0
desc:2.386294361119891
3270:1.6931471805599454
remot:1.0
emul:1.6931471805599454
toshiba:2.386294361119891
t324m:1.0
easytalk:2.09861228866811
2400:1.0
bd:1.0
dedic:1.0
intern:1.6931471805599454
modem:1.0
mnp:1.0
level:1.0
5:1.0
t1200:1.0
t1600:1.0
t2ll:1.0
ethernet:1.0
expans:1.6931471805599454
slot:1.6931471805599454
t232:1.0
termin:1.0
interest:1.0
individu:1.0
send:1.0
email:1.0
rotella:1.0
