donath:2.09861228866811
math:2.09861228866811
uiowa:2.09861228866811
edu:2.09861228866811
matt:1.0
subject:1.0
u:1.6931471805599454
robot:1.6931471805599454
14:1.6931471805599454
4:1.0
modem:1.0
origin:1.0
oak:1.6931471805599454
nntp:1.0
post:1.0
host:1.0
organ:1.0
univers:1.0
iowa:1.6931471805599454
citi:1.0
ia:1.0
usa:1.0
line:1.0
5:1.0
repli:1.0
haljordan:1.0
delphi:1.0
com:1.0
call:1.0
708:1.0
674:1.0
2603:1.0
16:1.6931471805599454
8:1.6931471805599454
dual:1.0
standard:1.0
v:1.0
32:1.0
bi:1.0
4k:1.0
baud:1.0
hst:1.0
price:1.0
449:1.0
