victorf:1.6931471805599454
babbag:1.0
sea:1.6931471805599454
ucla:1.6931471805599454
edu:2.386294361119891
victor:1.0
friedman:1.0
subject:1.0
apart:2.09861228866811
moscow:2.09861228866811
rent:1.6931471805599454
organ:1.0
seasnet:1.0
univers:1.0
california:1.0
lo:1.0
angel:1.0
line:1.0
19:1.0
articl:1.0
1993apr7:1.0
134501:1.0
4632:1.0
magnu:1.6931471805599454
ac:1.6931471805599454
ohio:1.6931471805599454
state:1.6931471805599454
vsloutsk:1.0
vladimir:1.0
sloutski:1.0
write:1.0
downtown:1.0
2:1.0
room:1.0
furnish:1.0
nice:1.0
locat:1.0
5:1.6931471805599454
minut:1.6931471805599454
walk:2.791759469228055
belorusskaya:1.6931471805599454
subway:1.6931471805599454
station:1.6931471805599454
distanc:2.09861228866811
kremlin:1.6931471805599454
major:1.0
shop:1.0
center:1.0
theater:1.0
restaur:1.0
govern:1.0
build:1.0
hmmm:1.0
interest:1.0
mean:1.6931471805599454
live:1.0
21:1.0
year:1.0
unless:1.0
1:1.0
hour:1.0
way:1.0
price:1.0
may:1.0
plan:1.0
trip:1.0
sure:1.0
yet:1.0
though:1.0
late:1.0
summer:1.0
tvick:1.0
