tsa:1.6931471805599454
cellar:2.09861228866811
org:1.6931471805599454
silent:1.0
assassin:1.0
subject:1.0
want:1.0
286:1.6931471805599454
motherboard:2.09861228866811
vga:1.6931471805599454
card:1.6931471805599454
organ:1.0
bb:1.0
public:1.0
access:1.0
system:1.0
line:1.0
9:1.0
look:1.6931471805599454
prefer:1.0
12:1.0
16:1.0
640k:1.0
1:1.0
meg:1.0
ram:1.0
also:1.0
will:1.0
trade:1.0
1200:1.0
extern:1.0
5:1.0
25:1.0
ld:1.0
drive:1.0
8088:1.0
monochrom:1.0
monitor:1.0
game:1.0
boy:1.0
combin:1.0
libertarian:1.0
atheist:1.0
semi:1.0
anarch:1.0
techno:1.0
rat:1.0
defin:1.0
