erc:2.386294361119891
plitvic:1.6931471805599454
berkeley:2.6094379124341005
edu:2.386294361119891
eric:2.09861228866811
ng:1.6931471805599454
subject:1.0
sega:1.6931471805599454
genesi:1.6931471805599454
plu:1.0
9:1.0
sport:1.0
game:1.6931471805599454
sale:1.6931471805599454
nntp:1.0
post:1.0
host:1.0
organ:1.0
univers:1.0
california:1.0
distribut:1.0
usa:1.0
line:1.0
23:1.0
t1:1.6931471805599454
includ:2.09861228866811
cabl:1.0
manual:1.6931471805599454
box:1.6931471805599454
control:1.0
t9:1.0
tsonic:1.0
hedgehog:1.0
troad:1.0
rash:1.0
tjohn:1.6931471805599454
madden:1.6931471805599454
footbal:1.6931471805599454
92:1.0
tn:1.6931471805599454
h:1.6931471805599454
l:1.6931471805599454
hockey:1.6931471805599454
tsportstalk:1.0
basebal:1.0
tbull:1.0
v:1.0
laker:1.0
n:1.0
b:1.0
playoff:1.0
93:1.0
p:1.0
tsuper:1.0
monaco:1.0
gp:1.0
ii:1.0
300:1.0
best:1.0
offer:1.0
price:1.0
up:1.0
cod:1.0
ship:1.0
send:1.0
e:1.0
mail:1.0
zabriski:2.09861228866811
interest:1.0
ucbvax:1.0
