mmchugh:1.6931471805599454
andi:1.6931471805599454
bgsu:1.6931471805599454
edu:1.6931471805599454
michael:1.6931471805599454
mchugh:1.6931471805599454
subject:1.0
sam:2.09861228866811
viru:1.6931471805599454
clinic:1.6931471805599454
mac:1.0
softwar:1.6931471805599454
sale:1.6931471805599454
keyword:1.0
macintosh:1.6931471805599454
organ:1.0
bowl:1.0
green:1.0
state:1.0
univers:1.0
b:1.0
g:1.0
oh:1.0
distribut:1.0
usa:1.0
line:1.0
12:1.0
one:1.6931471805599454
origin:1.0
symantec:1.0
antiviru:1.0
v3:1.0
0:1.0
come:1.0
three:1.0
program:1.0
disc:1.6931471805599454
user:1.0
manual:1.0
work:1.0
800k:1.0
1:1.0
4mb:1.0
drive:1.0
sell:1.0
17:1.0
90:1.0
make:1.0
offer:1.0
includ:1.0
postag:1.0
respond:1.0
