mmchugh:1.6931471805599454
andi:1.6931471805599454
bgsu:1.6931471805599454
edu:1.6931471805599454
michael:1.6931471805599454
mchugh:1.6931471805599454
subject:1.0
pink:2.09861228866811
floyd:2.09861228866811
45:1.6931471805599454
rpm:2.09861228866811
singl:2.09861228866811
sale:1.6931471805599454
keyword:1.0
organ:1.0
bowl:1.0
green:1.0
state:1.0
univers:1.0
b:1.0
g:1.0
oh:1.0
line:1.0
17:1.0
follow:1.0
collect:1.0
7:1.0
inch:1.0
record:1.6931471805599454
pictur:2.09861228866811
sleev:2.09861228866811
price:1.0
includ:1.0
postag:1.0
1:1.6931471805599454
21:1.0
first:1.0
69:1.0
two:1.0
etc:1.0
learn:1.0
fli:1.0
columbia:1.6931471805599454
promo:2.386294361119891
5:1.6931471805599454
water:2.09861228866811
roger:2.09861228866811
sunset:1.6931471805599454
strip:1.6931471805599454
10:1.6931471805599454
columiba:1.6931471805599454
need:1.0
inform:1.0
interest:1.0
plea:1.0
contact:1.0
