mmchugh:1.6931471805599454
andi:1.6931471805599454
bgsu:1.6931471805599454
edu:1.6931471805599454
michael:1.6931471805599454
mchugh:1.6931471805599454
subject:1.0
45:4.49650756146648
rpm:1.6931471805599454
singl:1.6931471805599454
sale:1.6931471805599454
complet:1.0
list:1.0
keyword:1.0
beatl:1.6931471805599454
roll:2.791759469228055
stone:2.6094379124341005
pink:1.6931471805599454
floyd:1.6931471805599454
starr:2.09861228866811
lennon:2.09861228866811
talk:1.6931471805599454
head:1.6931471805599454
ramon:1.6931471805599454
organ:1.0
bowl:1.0
green:1.0
state:1.0
univers:1.0
b:1.0
g:1.0
oh:1.0
line:1.0
46:1.0
follow:1.0
collect:1.0
7:1.0
inch:1.0
record:1.6931471805599454
pictur:4.401197381662156
sleev:4.401197381662156
price:1.0
includ:1.0
postag:1.0
1:1.6931471805599454
21:1.0
first:1.0
69:1.0
two:1.0
etc:1.0
beach:2.9459101490553135
boy:2.9459101490553135
barbara:1.0
ann:1.0
capitol:3.3978952727983707
10:3.772588722239781
califonia:1.0
girl:1.6931471805599454
15:2.6094379124341005
fun:2.09861228866811
littl:1.6931471805599454
knew:1.0
plea:1.6931471805599454
let:1.0
wonder:1.6931471805599454
rock:1.0
n:1.0
rescu:1.0
promo:3.5649493574615367
grow:1.0
man:1.0
im:1.0
happi:1.0
danc:1.0
doctor:1.0
medic:1.0
burn:1.0
r:2.09861228866811
5:3.3978952727983707
gener:1.0
public:1.0
much:1.0
noth:1.0
go:1.6931471805599454
lip:1.0
seal:1.0
john:1.6931471805599454
instant:1.0
karma:1.0
shine:1.0
appl:2.386294361119891
mind:1.0
game:1.0
madonna:1.0
open:1.0
heart:1.0
sire:2.09861228866811
mccartney:2.386294361119891
paul:2.386294361119891
come:1.0
columbia:2.6094379124341005
mull:1.0
kintyr:1.0
stranglehold:1.0
christmastim:1.0
mercuri:1.0
freddi:1.0
born:1.0
love:1.0
learn:1.0
fli:1.0
queen:1.0
kind:1.0
magic:1.0
sheena:1.0
punk:1.0
rocker:1.0
19th:1.0
nervou:1.0
brakdown:1.0
london:2.386294361119891
jumpin:1.0
jack:1.0
flash:1.0
mother:1.0
helper:1.0
paint:1.0
black:1.0
ringo:1.6931471805599454
photograph:1.0
your:1.0
sixteen:1.0
road:1.0
nowher:1.0
water:2.09861228866811
roger:2.09861228866811
sunset:1.6931471805599454
strip:1.6931471805599454
columiba:1.6931471805599454
need:1.0
inform:1.0
interest:1.0
contact:1.0
