mark:3.1972245773362196
ocsmd:2.386294361119891
oc:2.386294361119891
com:2.386294361119891
wilson:2.386294361119891
subject:1.0
want:1.0
nine:1.6931471805599454
mile:1.6931471805599454
walk:1.6931471805599454
organ:1.0
onlin:2.09861228866811
comput:2.09861228866811
system:2.09861228866811
inc:1.0
x:1.0
newsread:1.0
tin:1.0
1:2.791759469228055
pl5:1.0
distribut:1.0
misc:1.0
forsal:1.0
line:1.0
31:1.0
articl:1.0
crosspost:1.0
rec:1.0
art:1.0
book:1.6931471805599454
author:2.09861228866811
post:1.0
wed:1.0
21:1.0
apr:1.0
1993:1.0
11:1.0
55:1.6931471805599454
gmt:1.0
look:1.6931471805599454
follow:1.0
seen:1.0
paperback:1.0
lent:1.0
copi:1.6931471805599454
someon:1.0
forget:1.0
made:1.0
pronoun:1.0
perman:1.0
indetermin:1.0
one:1.0
two:1.0
titl:1.0
stori:1.6931471805599454
unsur:1.0
hyphen:1.0
exact:1.0
subtitl:1.0
harri:1.0
kemelman:1.0
rabbi:1.0
mysteri:1.6931471805599454
collect:1.0
short:1.0
plea:1.0
email:2.09861228866811
call:1.0
800:2.09861228866811
number:1.0
given:1.0
thank:1.0
922:1.6931471805599454
9204:1.6931471805599454
301:1.6931471805599454
601:1.6931471805599454
2215:1.6931471805599454
tri:1.6931471805599454
address:1.6931471805599454
file:1.6931471805599454
disclaim:1.6931471805599454
everyth:1.6931471805599454
sign:1.6931471805599454
signatur:1.6931471805599454
mean:1.6931471805599454
