mlf:1.6931471805599454
unl:2.09861228866811
edu:2.09861228866811
mari:1.6931471805599454
flaglele:1.0
subject:1.0
want:1.0
singer:2.09861228866811
featherweight:1.6931471805599454
221:1.6931471805599454
organ:1.0
univers:1.0
nebraska:1.0
lincoln:1.0
line:1.0
7:1.0
distribut:1.0
world:1.0
nntp:1.0
post:1.0
host:1.0
unlinfo:1.6931471805599454
keyword:1.0
sew:2.09861228866811
machin:2.09861228866811
look:1.0
old:1.0
black:1.6931471805599454
case:1.0
plea:1.0
contact:1.0
flagl:1.0
lee:1.0
