cs3sd3ae:1.0
macc:1.6931471805599454
mcmaster:2.09861228866811
ca:1.6931471805599454
holli:1.0
k:1.0
subject:1.0
roland:1.0
juno:1.0
60:1.0
synthes:1.0
uniden:1.0
radar:1.0
detector:1.0
4:1.6931471805599454
sale:1.0
nntp:1.0
post:1.0
host:1.0
dc:1.0
organ:1.0
depart:1.0
comput:1.0
scienc:1.0
univers:1.0
line:1.0
actual:1.0
synth:1.0
use:1.0
jump:1.0
oberheim:1.0
watch:1.0
video:1.0
kevin:1.0
