brett:2.386294361119891
oce:2.09861228866811
orst:2.09861228866811
edu:2.09861228866811
barksdal:1.6931471805599454
subject:1.0
high:1.0
end:1.0
car:1.0
stereo:1.0
sale:1.0
organ:1.0
oregon:1.0
state:1.0
univers:1.0
colleg:1.0
oceanographi:1.0
line:1.0
25:1.0
distribut:1.0
usa:1.0
nntp:1.0
post:1.6931471805599454
host:1.0
porki:1.6931471805599454
note:1.0
friend:1.0
repli:2.09861228866811
account:1.0
plea:1.0
direct:1.0
scott:2.6094379124341005
burk:1.6931471805599454
sparcom:2.386294361119891
com:2.09861228866811
alpin:1.6931471805599454
5959:1.0
6:1.6931471805599454
cd:1.6931471805599454
shuttl:1.0
paid:2.09861228866811
600:1.0
want:2.09861228866811
420:1.0
obo:2.09861228866811
1203:1.0
remot:1.0
changer:1.0
control:1.0
250:1.0
175:1.0
boston:1.0
proseri:1.0
10:1.0
0:1.0
subwoof:1.6931471805599454
2:1.0
box:1.6931471805599454
545:1.0
380:1.0
equip:1.0
month:1.0
old:1.0
includ:1.0
full:1.0
replac:1.0
5:1.0
year:1.0
warranti:1.0
origin:1.0
point:1.0
purchas:1.0
custom:1.0
design:1.0
fit:1.0
back:1.0
bronco:1.0
ii:1.0
14:1.0
21:1.0
27:1.0
send:1.0
project:1.0
leader:1.0
corpor:1.0
corval:1.0
telephon:1.0
503:1.6931471805599454
757:1.0
8416:1.0
fax:1.0
753:1.0
7821:1.0
wait:1.0
nut:1.0
