repli:1.0
jfreeman:2.09861228866811
frontporch:2.09861228866811
win:2.09861228866811
net:2.09861228866811
jeff:2.386294361119891
freeman:2.09861228866811
subject:1.0
question:1.0
suggest:1.0
everyon:1.0
plea:1.0
read:1.0
line:1.0
28:1.0
pari:1.0
transact:1.6931471805599454
obvious:1.0
cod:2.09861228866811
allow:1.6931471805599454
parti:1.0
exercis:1.0
amount:1.0
trust:1.6931471805599454
see:1.0
fit:1.0
fine:1.6931471805599454
buyer:1.6931471805599454
open:1.0
box:1.6931471805599454
find:1.0
paid:1.0
150:1.0
00:1.0
brick:1.0
seller:1.6931471805599454
person:1.0
check:1.0
use:1.0
till:1.0
stop:1.0
payment:1.0
made:1.0
method:1.0
protect:1.6931471805599454
sort:1.0
even:1.0
merchant:1.0
custom:1.0
problem:1.0
stolen:1.0
credit:1.0
card:1.0
chargeback:1.0
return:1.0
polici:1.0
get:1.0
wrong:1.0
item:1.0
etc:1.0
avail:1.0
busi:1.0
someon:1.6931471805599454
around:1.0
1:2.09861228866811
800:1.0
go:1.0
porch:1.6931471805599454
toll:1.0
free:1.0
front:1.0
comput:1.0
706:1.6931471805599454
695:1.6931471805599454
1888:1.0
voic:1.0
rt:1.0
2:1.0
2178:1.0
1990:1.0
fax:1.0
chatsworth:1.0
ga:1.0
30705:1.0
75260:1.0
21:1.0
compuserv:1.0
id:1.0
internet:1.0
