aharri:1.6931471805599454
athena:1.6931471805599454
c:1.6931471805599454
uga:1.6931471805599454
edu:1.6931471805599454
austin:1.6931471805599454
harri:1.6931471805599454
subject:1.0
bc200xlt:1.6931471805599454
handheld:1.6931471805599454
radio:1.6931471805599454
scanner:1.6931471805599454
organ:1.0
univers:1.0
georgia:1.0
athen:1.0
distribut:1.0
usa:1.0
line:1.0
12:1.0
hello:1.0
reciev:1.0
polic:1.0
fire:1.0
ambul:1.0
aircraft:1.0
cordless:1.0
cellular:1.0
phone:1.0
etc:1.0
unit:1.0
origin:1.0
condit:1.0
come:1.0
manual:1.0
power:1.0
suppli:1.0
batteri:1.0
charger:1.0
price:1.0
200:1.0
plu:1.0
h:1.0
