formula:2.09861228866811
athena:2.09861228866811
mit:2.6094379124341005
edu:2.386294361119891
ronald:1.6931471805599454
r:1.6931471805599454
duff:1.6931471805599454
jr:1.6931471805599454
subject:1.0
new:2.09861228866811
3m:2.386294361119891
use:1.6931471805599454
8:2.791759469228055
floppi:2.6094379124341005
disk:3.70805020110221
sale:1.6931471805599454
organ:1.0
massachusett:1.0
institut:1.0
technolog:1.0
line:1.0
39:1.0
distribut:1.0
na:1.0
nntp:1.0
post:1.0
host:1.0
vongol:1.0
ti:1.6931471805599454
brand:1.0
shrinkwrap:1.0
box:2.9459101490553135
would:2.09861228866811
like:1.0
sell:2.6094379124341005
40:1.0
4:1.0
10:2.09861228866811
s:1.6931471805599454
sd:1.6931471805599454
60:1.0
6:1.6931471805599454
d:1.6931471805599454
dd:1.6931471805599454
w:1.0
wp:1.0
misco:1.0
25:1.0
90:1.6931471805599454
ten:2.09861228866811
31:1.0
take:1.6931471805599454
best:2.09861228866811
offer:2.386294361119891
get:2.386294361119891
mani:1.0
want:1.0
also:1.6931471805599454
quantiti:1.6931471805599454
peopl:1.0
rid:1.0
probabl:1.0
due:1.0
upgrad:1.0
newer:1.0
drive:2.09861228866811
system:1.0
label:1.0
appear:1.0
good:1.0
physic:1.0
shape:1.0
howev:1.0
make:1.0
guarante:1.0
qualiti:1.0
statist:1.0
tmake:1.0
ttype:1.0
t3m:1.0
tsingl:1.0
side:1.6931471805599454
doubl:1.6931471805599454
densiti:1.6931471805599454
soft:1.6931471805599454
sector:1.6931471805599454
128:1.6931471805599454
byte:1.6931471805599454
record:1.6931471805599454
66:1.0
tmemorex:1.0
singl:1.0
accept:1.0
receiv:1.0
will:1.0
differ:1.0
amount:1.0
minimum:1.0
consid:1.0
throw:1.0
head:1.0
clean:1.0
kit:1.0
final:1.0
prefer:1.0
ship:1.6931471805599454
cod:1.0
add:1.0
cost:1.6931471805599454
onto:1.0
total:1.0
order:1.0
plea:1.0
send:1.0
e:1.0
mail:1.0
interest:1.0
address:1.0
phone:1.0
508:1.0
842:1.0
2293:1.0
home:1.0
29:1.0
lamplight:1.0
617:1.0
253:1.0
1652:1.0
work:1.0
room:1.0
332:1.0
shrewsburi:1.0
01545:1.0
internet:1.0
