foxfir:2.09861228866811
access:2.386294361119891
digex:2.09861228866811
com:1.6931471805599454
subject:1.0
car:1.6931471805599454
amp:1.6931471805599454
forsal:1.0
organ:1.0
express:1.0
onlin:1.0
commun:1.0
greenbelt:1.0
md:1.0
usa:1.0
line:1.0
45:1.0
nntp:1.0
post:1.0
host:1.0
net:1.0
audio:1.0
system:1.6931471805599454
item:1.6931471805599454
soni:2.09861228866811
xr:1.0
7070:1.0
head:1.0
unit:2.09861228866811
radio:2.09861228866811
pullout:1.0
20:3.0794415416798357
w:1.6931471805599454
x:2.6094379124341005
4:2.386294361119891
max:1.0
dolbi:1.0
b:1.0
control:2.09861228866811
cd:2.6094379124341005
changer:2.386294361119891
disc:2.386294361119891
track:1.6931471805599454
select:1.0
scan:1.6931471805599454
repeat:1.0
shuffl:1.0
play:1.0
featur:2.09861228866811
auto:1.0
revers:1.0
logic:1.0
6am:1.0
18fm:1.0
preset:1.6931471805599454
strong:1.0
station:1.0
memori:1.0
tuner:1.0
monitor:1.0
seek:1.0
manual:1.0
tune:1.0
mono:1.0
stereo:1.0
local:1.0
dx:1.0
switch:1.6931471805599454
metal:1.0
tape:1.0
compat:1.0
fader:1.0
orig:2.09861228866811
299:1.0
cdx:1.0
a15:1.0
10:1.6931471805599454
4x:1.0
oversampl:1.0
dual:1.0
convert:1.0
singl:1.0
clock:1.0
design:1.0
one:1.0
beam:1.0
laser:1.0
spring:1.0
silicon:1.0
charg:1.0
suspens:1.0
horizont:1.0
vertic:1.0
mount:1.0
13:1.0
pin:1.0
din:1.0
connector:1.0
magazin:1.0
connect:1.0
cabl:1.0
5:1.0
000:2.386294361119891
hz:2.386294361119891
0:2.386294361119891
05:1.0
thd:2.386294361119891
399:1.0
ask:1.6931471805599454
450:1.0
problem:1.0
either:1.0
reason:1.0
good:1.6931471805599454
condit:1.6931471805599454
sold:1.0
togeth:1.0
two:1.0
2:2.791759469228055
coustic:1.0
360:1.0
3:1.0
channel:2.09861228866811
bridgeabl:1.0
30w:1.0
105w:1.0
1:2.09861228866811
ohm:2.386294361119891
09:1.6931471805599454
150w:1.0
65w:1.0
stabl:1.0
pwm:1.0
power:2.09861228866811
suppli:1.6931471805599454
protect:1.0
circuit:1.0
249:1.0
150:1.0
work:1.0
current:1.0
use:1.0
sub:1.0
demonstr:1.0
rate:1.0
interest:1.0
question:1.0
drop:1.0
e:1.0
mail:1.0
