foxfir:2.09861228866811
access:2.386294361119891
digex:1.6931471805599454
com:1.0
subject:1.0
car:1.6931471805599454
audio:1.6931471805599454
forsal:1.0
organ:1.0
express:1.0
onlin:1.0
commun:1.0
greenbelt:1.0
md:1.0
usa:1.0
line:1.0
19:1.0
nntp:1.0
post:1.0
host:1.0
net:1.0
product:1.0
sale:1.0
kicker:2.6094379124341005
stillwat:1.6931471805599454
design:1.6931471805599454
ss10x2:1.0
2:2.386294361119891
10:1.0
seal:1.0
box:2.09861228866811
manufactur:1.0
direct:1.0
instruct:2.09861228866811
ask:2.09861228866811
175:1.6931471805599454
ship:2.09861228866811
12:1.0
subwoof:1.0
sold:1.0
pair:1.0
kenwood:1.0
kac923:1.0
amp:1.0
220:1.0
watt:1.0
x:1.0
ohm:1.0
stabl:1.0
includ:1.0
375:1.0
im:1.0
sell:1.0
item:1.0
friend:1.0
without:1.0
internet:1.0
either:1.0
e:1.0
mail:1.0
call:1.0
mike:1.0
metalio:1.0
410:1.0
665:1.0
5773:1.0
