ongh:1.0
iastat:1.6931471805599454
edu:1.6931471805599454
calvin:1.0
n:1.0
hobb:1.0
subject:1.0
want:1.0
one:1.6931471805599454
way:1.6931471805599454
flight:1.6931471805599454
de:1.6931471805599454
moin:1.6931471805599454
chicago:1.6931471805599454
summari:1.0
ticket:1.6931471805599454
need:1.6931471805599454
28th:1.6931471805599454
may:1.6931471805599454
organ:1.0
iowa:1.0
state:1.0
univers:1.0
ame:1.0
ia:1.0
line:1.0
5:1.0
hi:1.0
1993:1.0
plea:1.0
send:1.0
repli:1.0
jasonlim:1.0
account:1.0
soon:1.0
possibl:1.0
thank:1.0
