jlz:2.09861228866811
sonata:2.09861228866811
cc:2.09861228866811
purdu:2.386294361119891
edu:2.09861228866811
jian:2.09861228866811
zhen:1.6931471805599454
subject:1.0
comput:1.6931471805599454
stuff:1.0
sale:1.0
organ:1.0
univers:1.0
line:1.6931471805599454
93:1.0
hardwar:1.0
work:2.386294361119891
fine:1.0
last:1.0
time:1.0
check:1.0
tandi:1.0
360k:1.0
extern:1.0
floppi:1.0
drive:1.0
cabl:1.0
hardli:1.0
use:2.09861228866811
70:1.0
softwar:2.09861228866811
includ:2.6094379124341005
origin:2.386294361119891
manual:1.0
even:1.0
register:1.0
card:1.6931471805599454
per:1.0
onal:1.0
financi:1.6931471805599454
account:1.0
statement:1.0
balanc:1.0
sheet:1.0
incom:1.0
expens:1.0
etc:1.6931471805599454
8:2.09861228866811
ainsworth:1.0
keyboard:1.6931471805599454
trainer:1.0
type:1.0
teacher:1.0
easi:1.6931471805599454
tri:1.0
pack:1.0
follow:1.0
filer:1.0
databas:1.0
store:1.0
kind:1.0
inform:1.6931471805599454
planner:1.0
spreadsheet:1.0
writer:1.0
word:1.0
processor:1.0
great:1.0
simpl:1.0
calcul:1.0
process:1.0
book:2.09861228866811
insid:1.0
norton:3.4849066497880004
util:2.9459101490553135
revis:1.6931471805599454
expand:1.6931471805599454
bradi:1.0
author:1.0
rob:1.0
krumm:1.0
introduct:1.0
peter:2.09861228866811
maker:1.0
detach:1.0
quick:1.0
refer:1.0
show:1.0
get:1.0
standard:1.0
edit:1.6931471805599454
advanc:1.6931471805599454
command:1.0
1:1.6931471805599454
0:1.6931471805599454
3:1.0
editor:1.0
disk:2.9459101490553135
doctor:1.0
plu:1.0
guid:1.6931471805599454
full:1.0
justic:1.0
power:2.6094379124341005
varieti:1.0
price:2.6094379124341005
24:1.0
95:2.791759469228055
ask:2.09861228866811
14:1.0
turbo:1.6931471805599454
pascal:1.6931471805599454
express:1.0
one:1.0
250:1.0
readi:1.0
run:1.0
assembl:2.09861228866811
languag:1.6931471805599454
routin:2.9459101490553135
make:1.0
faster:1.0
easier:1.0
equip:1.0
determin:1.0
access:1.0
memori:1.0
extens:1.0
mous:1.0
input:1.0
function:1.0
extrem:1.0
fast:1.0
video:1.0
facil:1.0
text:1.0
graphic:1.0
fanci:1.0
menu:1.0
window:1.6931471805599454
bit:1.0
oper:1.0
data:1.0
compress:1.0
elabor:1.0
printer:1.0
control:1.0
format:1.0
error:1.0
recoveri:1.0
search:1.0
directori:1.0
tree:1.6931471805599454
display:1.0
diagram:1.0
detail:1.0
write:1.0
programm:1.0
39:1.6931471805599454
22:1.6931471805599454
hard:2.09861228866811
w:1.0
jamsa:1.0
two:1.0
complet:1.0
effici:1.0
techniqu:1.0
maximum:1.0
pc:1.0
perform:1.0
understand:1.0
beneath:1.0
surfac:1.0
ship:1.0
negoti:1.0
tpleas:1.0
contact:1.0
317:1.0
495:1.0
3732:1.0
te:1.0
mail:1.0
prefer:1.0
tif:1.0
interest:1.0
liang:1.0
lifeform:1.0
extinct:1.0
planet:1.0
scienc:1.0
do:1.0
desqview:1.0
o:1.0
2:1.0
unix:1.0
