jeff:1.0
wishni:1.0
jwishni:1.0
talig:1.6931471805599454
com:1.0
subject:1.0
genesi:1.6931471805599454
cart:1.0
forsal:1.0
x:1.6931471805599454
date:1.0
wed:1.0
21:1.0
apr:1.0
93:1.6931471805599454
12:1.0
53:1.0
47:1.0
gmt:1.0
organ:1.0
inc:1.0
userag:1.0
nuntiu:1.0
v1:1.0
1:1.6931471805599454
1d3:1.0
line:1.0
16:1.0
post:1.6931471805599454
friend:1.6931471805599454
plea:1.0
call:1.6931471805599454
steve:1.6931471805599454
415:1.6931471805599454
252:1.6931471805599454
1618:1.6931471805599454
interest:1.6931471805599454
sega:1.6931471805599454
game:1.0
sale:1.0
origin:1.6931471805599454
box:1.0
manual:1.0
approxim:1.0
month:1.0
old:1.0
john:1.0
madden:1.0
footbal:1.0
electron:1.0
art:1.0
40:1.6931471805599454
00:1.6931471805599454
obo:1.6931471805599454
ecco:1.0
dolphin:1.0
