kpeterso:1.0
nyx:1.6931471805599454
c:1.6931471805599454
du:1.0
edu:1.0
kirk:1.6931471805599454
peterson:1.6931471805599454
subject:1.0
ibm:2.791759469228055
softwar:2.09861228866811
sale:1.6931471805599454
cheap:1.0
organ:1.0
public:1.0
access:1.0
unix:1.0
u:1.0
denver:1.0
math:1.0
dept:1.0
line:1.0
76:1.0
three:1.6931471805599454
packag:2.791759469228055
pc:2.6094379124341005
compat:1.6931471805599454
comput:1.0
wing:2.09861228866811
command:2.09861228866811
delux:1.0
edit:1.0
includ:3.1972245773362196
secret:2.386294361119891
mission:2.386294361119891
1:2.386294361119891
2:1.0
origin:3.1972245773362196
manual:2.09861228866811
disk:2.791759469228055
registr:1.0
card:1.0
send:1.0
regist:1.0
name:1.0
price:3.1972245773362196
69:1.0
95:2.09861228866811
29:1.6931471805599454
ii:1.0
total:1.6931471805599454
129:1.0
85:1.0
ask:2.09861228866811
game:1.0
togeth:1.0
65:1.0
00:2.386294361119891
battl:1.6931471805599454
flight:1.6931471805599454
simul:2.09861228866811
set:1.0
space:1.6931471805599454
standard:1.0
fun:1.6931471805599454
thing:1.0
like:1.0
take:1.0
land:1.0
carrier:1.0
fli:1.0
cours:1.6931471805599454
better:1.0
yet:1.0
also:1.0
lot:1.0
inde:1.0
least:1.0
640k:1.0
dual:1.0
floppi:1.0
hard:2.386294361119891
drive:1.0
requir:2.386294361119891
winway:1.6931471805599454
resum:2.386294361119891
window:2.791759469228055
50:1.0
35:1.0
write:1.0
program:2.791759469228055
excel:1.0
got:1.0
job:1.0
run:1.0
interfac:1.0
make:1.0
easi:1.0
use:2.09861228866811
answer:2.09861228866811
question:1.0
print:1.0
result:1.0
minut:1.0
beauti:1.0
profession:1.0
design:1.0
3:2.09861228866811
0:1.0
later:1.0
instal:1.0
mb:1.0
free:1.0
typefac:2.386294361119891
99:1.6931471805599454
30:1.0
typetyp:1.0
font:2.791759469228055
famili:1.0
twelv:1.0
marqu:1.0
crystal:1.0
architech:1.0
ital:1.6931471805599454
bold:1.6931471805599454
version:1.0
uniqu:1.0
either:1.6931471805599454
morefont:1.0
adob:1.0
type:1.0
manag:1.0
truetyp:1.6931471805599454
geowork:1.0
express:1.0
publish:1.0
coreldraw:1.0
want:1.0
format:1.6931471805599454
one:1.0
list:1.0
interest:1.0
plea:1.0
leav:1.6931471805599454
email:1.0
call:1.6931471805599454
303:1.0
494:1.0
7951:1.0
anytim:1.0
messag:1.0
machin:1.0
back:1.0
pay:1.0
ship:1.0
anywher:1.0
continent:1.0
unit:1.0
state:1.0
thank:1.0
