bartmich:2.09861228866811
cwi:2.386294361119891
isu:2.386294361119891
edu:2.386294361119891
barta:1.6931471805599454
michael:1.6931471805599454
subject:1.0
1989:1.6931471805599454
honda:1.6931471805599454
accord:1.6931471805599454
lx:1.6931471805599454
organ:1.0
idaho:2.09861228866811
state:1.0
univers:1.0
pocatello:1.6931471805599454
line:1.0
16:1.0
distribut:1.0
usa:1.0
nntp:1.0
post:1.0
host:1.0
light:1.0
brown:1.0
four:1.0
door:1.0
power:2.6094379124341005
window:1.0
brake:1.0
lock:1.0
steer:1.0
antenna:1.0
fm:1.0
cassett:1.0
total:1.0
cloth:1.0
interior:1.0
nice:1.0
70:1.0
000:1.6931471805599454
mile:1.0
excel:1.0
condit:1.0
must:1.0
sell:1.0
quit:1.0
job:1.0
go:1.0
back:1.0
school:1.0
blue:1.0
book:1.0
9:1.0
200:1.0
ask:1.0
8:1.0
obo:1.0
email:1.6931471805599454
phone:1.0
208:1.0
233:1.0
8039:1.0
amiga2000:1.0
send:1.0
u:1.0
electron:1.0
student:1.0
