goldberg:2.791759469228055
oasi:2.386294361119891
dt:2.386294361119891
navi:2.386294361119891
mil:2.386294361119891
mark:1.6931471805599454
subject:1.0
camera:1.6931471805599454
bag:2.386294361119891
sale:1.0
repli:1.0
distribut:1.0
usa:1.0
organ:1.0
naval:1.0
surfac:1.0
warfar:1.0
center:1.0
annapoli:1.0
md:1.0
line:1.0
43:1.0
1:2.09861228866811
larg:1.0
pad:1.6931471805599454
cordura:1.0
maker:1.0
unknown:1.0
nge:1.0
exterior:1.0
black:1.6931471805599454
strap:2.09861228866811
interior:1.0
five:1.0
outsid:1.0
pocket:1.6931471805599454
plu:1.6931471805599454
lid:1.6931471805599454
compart:1.0
overlap:1.0
intern:1.0
divid:1.0
reposit:1.0
held:1.0
whole:1.0
2:2.09861228866811
4:1.6931471805599454
bronica:1.0
system:1.0
metz:1.0
flash:2.386294361119891
etc:2.6094379124341005
50:1.0
small:2.6094379124341005
nikon:1.6931471805599454
shoulder:1.0
sorri:1.0
sold:1.0
shipp:1.0
3:1.6931471805599454
belt:2.09861228866811
pouch:2.09861228866811
khaki:1.0
like:1.6931471805599454
similar:1.6931471805599454
design:1.0
armi:1.0
ammo:1.0
clip:1.0
hold:2.09861228866811
zoom:2.09861228866811
len:1.0
cleaner:1.0
5:1.6931471805599454
domk:1.0
also:1.0
metal:1.0
loop:1.0
want:1.0
attach:1.0
velcro:1.0
closur:1.0
concept:1.0
bigger:1.0
35:1.0
135:1.0
accessori:1.0
hardli:1.0
use:1.0
cost:1.0
20:1.0
origin:1.0
sell:1.0
15:1.6931471805599454
coast:1.0
tan:1.0
brown:1.0
main:1.0
front:1.0
af:1.0
slr:1.0
film:1.0
matl:1.0
look:1.0
gore:1.0
tex:1.0
think:1.0
realli:1.0
term:1.0
payment:1.0
advanc:1.0
money:1.0
order:1.0
bank:1.0
check:1.0
cash:1.0
buyer:1.0
pay:1.0
ship:1.0
must:1.0
go:1.0
up:1.0
other:1.0
send:1.0
adequ:1.0
self:1.0
address:1.0
mail:1.0
envelop:1.0
recommend:1.0
enough:1.0
postag:1.0
everyon:1.6931471805599454
entitl:1.6931471805599454
opinion:1.6931471805599454
imagin:1.6931471805599454
import:1.6931471805599454
knowledg:1.6931471805599454
albert:1.6931471805599454
einstein:1.6931471805599454
