ehud:2.386294361119891
eng:2.09861228866811
umd:2.09861228866811
edu:2.09861228866811
oentung:1.0
subject:1.0
mfm:1.6931471805599454
control:1.6931471805599454
want:1.0
organ:1.0
project:1.0
glue:1.0
univers:1.0
maryland:1.0
colleg:1.0
park:1.0
line:1.0
9:1.0
distribut:1.0
usa:1.0
nntp:1.0
post:1.0
host:1.0
pepsi:1.0
friend:1.0
look:1.0
buy:1.0
one:1.0
sale:1.0
would:1.0
plea:1.0
contact:1.0
email:1.0
thanx:1.0
eoentung:1.0
cbi:1.0
com:1.0
