davidk:1.0
netcom:1.6931471805599454
com:1.0
david:1.0
kiviat:1.0
subject:1.0
88:1.6931471805599454
toyota:1.6931471805599454
camri:1.6931471805599454
super:1.0
delux:1.0
9:1.6931471805599454
9k:1.0
organ:1.0
line:2.09861228866811
commun:1.0
servic:1.0
408:1.6931471805599454
241:1.0
9760:1.0
guest:1.0
x:1.0
newsread:1.0
tin:1.0
version:1.0
1:1.6931471805599454
pl6:1.0
15:1.0
top:1.0
vehicl:1.0
blue:1.0
book:1.0
10:1.0
500:1.0
ask:1.6931471805599454
900:1.0
73:1.0
k:1.0
mile:1.0
auto:1.0
transmiss:1.0
everyth:1.0
own:1.0
meticul:1.0
automobl:1.0
mechan:1.0
call:1.0
425:1.0
8203:1.0
bob:1.0
post:1.0
friend:1.0
