trey:2.09861228866811
godzilla:1.6931471805599454
larc:2.09861228866811
nasa:2.6094379124341005
gov:2.09861228866811
arthur:2.09861228866811
subject:1.0
balli:1.6931471805599454
holiday:1.6931471805599454
health:1.0
club:1.6931471805599454
lifetim:1.0
memership:1.0
organ:1.0
csc:1.6931471805599454
langley:1.6931471805599454
research:1.0
center:1.0
line:1.0
19:1.0
distribut:1.0
world:1.0
nntp:1.0
post:1.0
host:1.0
articl:1.6931471805599454
1r3v9j:1.0
t6f:1.0
access:1.6931471805599454
digex:1.6931471805599454
net:1.0
jb:1.6931471805599454
com:1.0
write:1.6931471805599454
c5j5k1:1.0
w0:1.0
visgraph:1.6931471805599454
uucp:1.6931471805599454
forri:1.0
forrest:1.0
aldrich:1.0
sale:1.0
life:2.09861228866811
time:1.6931471805599454
membership:2.09861228866811
fit:1.0
origin:1.0
fee:1.6931471805599454
paid:1.0
1:1.0
000:1.0
sell:1.0
600:1.0
fulli:1.0
transferr:1.0
via:1.0
proper:1.0
paperwork:1.0
includ:1.0
raquetbal:1.0
good:1.0
espre:1.0
annual:1.0
x1e:3.3978952727983707
sinc:1.0
worri:1.0
next:1.0
aerospac:1.0
engin:1.0
m:1.0
157d:1.0
hampton:1.0
va:1.0
23666:1.0
j:1.6931471805599454
804:1.0
865:1.0
1725:1.0
