lgibb:1.6931471805599454
nyx:2.09861228866811
c:2.09861228866811
du:1.6931471805599454
edu:1.6931471805599454
lanc:1.0
gibb:1.0
subject:1.0
want:1.6931471805599454
xapshot:2.09861228866811
digit:1.6931471805599454
camera:1.6931471805599454
organ:1.0
public:1.0
access:1.0
unix:1.0
u:1.0
denver:1.0
math:1.0
dept:1.0
distribut:1.0
na:1.0
line:1.0
13:1.0
cannon:1.0
interest:1.0
make:1.0
one:2.386294361119891
familiar:1.0
need:1.0
composit:1.0
output:1.0
approx:1.0
50:1.0
pictur:1.0
per:1.0
disk:1.0
capabl:1.0
sale:1.0
know:1.0
cheap:1.0
place:1.0
order:1.0
plea:1.0
leav:1.0
email:1.0
thank:1.0
