der:2.09861228866811
anomali:2.09861228866811
sb:1.6931471805599454
com:1.6931471805599454
admir:1.6931471805599454
david:1.6931471805599454
e:1.6931471805599454
ryan:1.6931471805599454
subject:1.0
144mhz:1.0
440mhz:1.0
amp:2.09861228866811
2mtr:2.09861228866811
ht:1.6931471805599454
sale:1.6931471805599454
organ:1.0
small:1.0
busi:1.0
system:1.0
incorpor:1.0
smithfield:1.0
ri:1.0
02917:1.0
line:1.0
18:1.0
follow:1.0
equip:1.0
1:1.0
kenwood:1.0
th:1.0
28a:1.0
250:1.6931471805599454
00:2.09861228866811
2:1.0
rf:1.0
concept:1.0
45in:1.0
170out:1.0
275:1.0
3:1.0
hamtron:1.0
class:1.0
c:1.0
continu:1.0
duti:1.0
t440mhz:1.0
10watt:1.0
40watt:1.0
price:1.0
includ:1.0
ship:1.0
insur:1.0
addit:1.0
inform:1.0
contact:1.0
address:1.0
dave:1.0
uunet:1.0
rayssd:1.0
