unpingco:2.09861228866811
raman:1.6931471805599454
ucsd:1.6931471805599454
edu:1.6931471805599454
jose:1.0
subject:1.0
sale:1.6931471805599454
ultrabot:2.09861228866811
pc:1.6931471805599454
game:2.386294361119891
keyword:1.0
video:1.0
line:1.0
6:1.0
electron:1.0
art:1.0
book:1.0
origin:1.6931471805599454
3:1.0
5:1.0
disk:1.0
box:1.0
22:1.0
best:1.0
offer:1.0
contact:1.0
