hind:2.09861228866811
cmgm:1.0
stanford:1.6931471805599454
edu:1.0
alexand:1.6931471805599454
subject:1.0
sega:2.09861228866811
genesi:2.09861228866811
game:2.09861228866811
sale:1.0
keyword:1.0
organ:1.0
univers:1.0
california:1.0
usa:1.0
line:1.0
11:1.0
bare:1.0
use:1.0
iud:1.0
like:1.0
sell:1.0
follow:1.0
sonic:1.0
hedgehog:1.0
reveng:1.0
shinobi:1.0
thunderforc:1.0
iii:1.0
ask:1.0
160:1.0
obo:1.0
best:1.0
reach:1.0
via:1.0
email:1.0
altern:1.0
phone:1.0
415:1.0
497:1.0
3719:1.0
