hind:2.09861228866811
cmgm:1.0
stanford:1.6931471805599454
edu:1.0
alexand:1.6931471805599454
subject:1.0
headphon:2.09861228866811
sale:1.0
keyword:1.0
organ:1.0
univers:1.0
california:1.0
usa:1.0
line:1.0
9:1.0
two:1.0
pair:1.0
like:1.0
sell:1.0
excel:1.0
great:1.0
condit:1.0
denon:1.0
ah:1.0
d350:1.0
jvc:1.0
ha:1.0
d590:1.0
reason:1.0
offer:1.0
accept:1.0
415:1.0
497:1.0
3719:1.0
