thouchin:2.09861228866811
c:2.386294361119891
umr:2.6094379124341005
edu:2.386294361119891
j:1.6931471805599454
houchin:1.6931471805599454
subject:1.0
sale:1.6931471805599454
paradis:1.0
svga:1.6931471805599454
acceler:1.6931471805599454
card:1.6931471805599454
articl:1.0
1993apr17:1.0
080644:1.0
2922:1.0
distribut:1.0
usa:1.0
organ:1.0
univers:1.0
missouri:1.0
rolla:1.0
line:1.0
13:1.0
nntp:1.0
post:1.0
host:1.0
mcs213c:1.6931471805599454
origin:1.0
tparadis:1.0
800x600x32768:1.0
1240x1024x16:1.0
15:1.0
time:1.0
faster:1.0
vga:1.0
manual:1.0
driver:1.0
use:1.0
5:1.0
month:1.0
perfect:1.0
condit:1.0
wd:1.0
chipset:1.0
120:1.0
obo:1.0
info:1.0
