nicola:2.09861228866811
nowinski:2.09861228866811
aquila:1.6931471805599454
com:1.0
subject:1.0
14:1.6931471805599454
4k:1.6931471805599454
modem:1.6931471805599454
zoom:1.6931471805599454
distribut:1.0
world:1.0
organ:1.0
bb:1.0
aurora:1.0
il:1.0
820:1.0
8344:1.0
line:1.0
10:1.0
fax:1.6931471805599454
data:1.0
v:1.0
32bi:1.0
evreyth:1.0
purchas:1.0
januari:1.0
happili:1.0
provid:1.0
comm:1.0
softwar:1.0
box:1.0
manual:1.0
sell:1.0
125:1.0
h:1.6931471805599454
cod:1.0
703:1.0
435:1.0
9590:1.0
feel:1.0
free:1.0
call:1.0
quickest:1.0
servic:1.0
olx:1.0
2:1.0
1:1.6931471805599454
td:1.0
ye:1.0
becom:1.0
asm:1.0
program:1.0
000:1.6931471805599454
