schroedj:1.0
cnsvax:1.0
uwec:1.0
edu:1.0
subject:1.0
forsal:1.0
286:1.6931471805599454
hard:2.09861228866811
drive:2.791759469228055
organ:1.0
univers:1.0
wisconsin:1.0
eau:1.0
clair:1.0
line:1.0
17:1.0
packer:1.0
bell:1.0
12mhz:1.0
5:2.6094379124341005
16bit:1.0
expans:1.0
slot:1.0
2:1.0
25:1.0
extern:1.0
bay:1.6931471805599454
floppi:1.6931471805599454
1:1.6931471805599454
3:2.09861228866811
intern:1.0
44mb:1.0
1mb:1.0
ram:1.0
140:1.0
best:1.6931471805599454
offer:1.6931471805599454
includ:1.6931471805599454
ship:1.6931471805599454
segat:1.0
32mb:1.6931471805599454
st138n:1.0
scsi:1.0
great:1.0
shape:1.0
control:1.0
format:1.0
85:1.0
