yhdw:1.6931471805599454
quad:1.0
uchicago:1.6931471805599454
edu:2.09861228866811
stephen:1.0
parker:1.0
subject:1.0
do:2.09861228866811
5:2.09861228866811
0:2.09861228866811
repli:1.6931471805599454
midway:1.0
organ:1.0
univers:1.0
chicago:1.0
line:1.0
16:1.0
post:1.0
friend:1.0
sale:1.0
micro:1.6931471805599454
soft:1.6931471805599454
v:1.6931471805599454
releas:1.0
date:1.0
11:1.6931471805599454
91:1.0
3:1.0
1:1.0
2:1.0
diskett:1.0
manual:1.0
perfect:1.0
conditioni:1.0
best:1.0
offer:1.0
accept:1.0
pay:1.0
shippinig:1.0
contact:1.0
randal:1.6931471805599454
clark:1.0
byu:1.0
801:1.6931471805599454
222:1.0
0834:1.0
home:1.0
378:1.0
2722:1.0
work:1.0
