organ:1.0
penn:1.0
state:1.0
univers:1.0
hv0:1.6931471805599454
psuvm:1.6931471805599454
psu:1.6931471805599454
edu:1.6931471805599454
subject:1.0
nintendo:1.6931471805599454
system:1.6931471805599454
power:2.09861228866811
pad:1.6931471805599454
light:1.6931471805599454
gun:1.6931471805599454
game:1.6931471805599454
80:1.6931471805599454
line:1.0
8:1.6931471805599454
bit:1.0
zapper:1.0
2:1.0
control:1.0
supermario:1.0
duck:1.0
hunt:1.0
field:1.0
wing:1.0
ask:1.0
plea:1.0
repli:1.0
