jamal:2.09861228866811
socrat:1.6931471805599454
umd:1.6931471805599454
edu:1.6931471805599454
asi:1.0
subject:1.0
comic:1.0
complet:1.6931471805599454
set:1.6931471805599454
ad:1.0
buck:1.6931471805599454
roger:1.6931471805599454
25th:1.0
centuri:1.0
organ:1.0
univers:1.6931471805599454
maryland:1.0
colleg:1.0
line:1.0
5:1.0
adventur:1.0
forsal:1.0
make:1.0
reason:1.0
offer:1.0
email:1.0
back:1.0
interest:1.0
thank:1.0
