artc:1.0
iplmail:1.0
orl:1.0
mmc:1.6931471805599454
com:1.0
art:1.0
subject:1.0
brand:2.09861228866811
new:2.386294361119891
ide:2.09861228866811
floppi:1.6931471805599454
2:2.6094379124341005
2p:1.0
1g:1.0
card:2.386294361119891
sale:1.6931471805599454
organ:1.0
line:1.0
34:1.0
articl:1.0
bitzm:2.6094379124341005
124:1.0
0:1.0
columbia:2.386294361119891
dsu:2.6094379124341005
edu:2.6094379124341005
michael:1.0
bitz:1.6931471805599454
write:1.0
multi:1.0
control:1.0
hard:1.0
drive:1.6931471805599454
3:1.0
5:2.09861228866811
25:1.6931471805599454
high:1.0
low:1.0
densiti:1.0
serial:1.0
port:2.09861228866811
1:1.6931471805599454
parallel:1.0
game:1.0
one:1.0
measur:1.0
x:1.0
6:1.0
never:1.0
open:1.0
much:1.0
le:1.0
use:1.0
35:1.0
00:1.6931471805599454
includ:1.0
ship:1.0
charg:1.0
mike:1.0
internet:1.0
research:1.0
develop:1.0
dsuvax:1.0
dakota:1.0
state:1.0
univers:1.0
bitnet:1.6931471805599454
s93020:1.0
sdnet:1.0
friend:1.0
mine:1.0
sell:1.0
thing:1.0
