stevevr:1.6931471805599454
tt718:1.0
ec:1.6931471805599454
comm:1.6931471805599454
mot:1.6931471805599454
com:2.6094379124341005
steve:1.6931471805599454
vrany:1.6931471805599454
subject:1.0
teleus:2.9459101490553135
uim:2.09861228866811
x:2.09861228866811
c:2.9459101490553135
organ:1.0
motorola:1.6931471805599454
land:1.0
mobil:1.0
product:1.0
sector:1.0
nntp:1.0
post:1.6931471805599454
host:1.0
145:1.0
1:1.0
155:1.0
12:1.0
line:1.0
32:1.0
articl:1.0
1993apr1:1.0
213842:1.0
6086:1.0
ctp:2.09861228866811
hubec:1.6931471805599454
hubert:1.0
chou:1.6931471805599454
write:1.0
anyon:1.0
good:1.6931471805599454
idea:1.0
integr:1.6931471805599454
code:2.6094379124341005
elegantli:1.0
interfac:1.6931471805599454
architect:1.0
gener:1.0
sourc:1.0
would:1.0
great:1.6931471805599454
suggest:1.0
welcom:1.0
hubi:1.0
617:1.0
374:1.0
8454:1.0
know:1.0
deal:1.0
support:1.6931471805599454
tell:1.6931471805599454
call:1.0
method:1.0
modul:1.0
use:1.6931471805599454
languag:1.0
applic:1.0
real:1.0
neat:1.0
stuff:1.0
come:1.0
soon:1.0
regard:1.0
give:1.0
mani:1.0
detail:1.0
talk:1.0
local:1.0
sale:1.0
rep:1.0
get:1.0
lowdown:1.0
near:1.0
furtur:1.0
want:1.0
exampl:1.6931471805599454
look:1.0
thermomet:1.0
voic:1.0
708:1.0
576:1.0
0338:1.0
e:1.6931471805599454
mail:1.0
u:1.0
inc:1.0
1301:1.0
algonquin:1.0
rd:1.0
schaumburg:1.0
il:1.0
60196:1.0
