ewang:1.0
ucse:1.6931471805599454
berkeley:2.09861228866811
edu:1.6931471805599454
edward:1.0
wang:1.0
subject:1.0
widget:2.09861228866811
sourc:1.6931471805599454
code:1.6931471805599454
need:1.0
organ:1.0
univers:1.0
california:1.0
line:1.0
10:1.0
nntp:1.0
post:1.0
host:1.0
consid:1.0
write:1.0
like:1.6931471805599454
sampl:1.0
look:1.0
first:1.0
could:1.0
find:1.0
someth:1.0
archiv:1.0
access:1.0
anonym:1.0
ftp:1.0
contain:1.0
inform:1.0
tthank:1.0
tedward:1.0
