jck:2.09861228866811
catt:2.386294361119891
citri:2.386294361119891
edu:2.09861228866811
au:2.09861228866811
justin:1.6931471805599454
kibel:1.6931471805599454
subject:1.0
honor:1.0
degre:1.0
mean:1.0
anyth:1.0
repli:1.0
organ:1.0
centr:1.0
melbourn:1.6931471805599454
australia:1.6931471805599454
line:1.0
9:1.0
got:1.0
comp:1.0
window:1.0
x:1.0
oo0:1.0
0oo:1.0
system:1.0
programm:1.0
xmelba:1.0
project:1.0
team:1.0
c:1.0
collabor:1.0
inform:1.0
technolog:1.0
research:1.0
institut:1.0
vic:1.0
internet:1.0
jaguar:1.0
phone:1.0
61:1.0
03:1.0
282:1.0
2456:1.0
