wili:1.0
wilson:2.386294361119891
analog:2.386294361119891
com:2.09861228866811
willi:2.386294361119891
subject:1.0
experi:1.6931471805599454
desqview:2.09861228866811
x:2.09861228866811
repli:1.6931471805599454
organ:1.0
devic:1.0
b:1.0
v:1.0
limerick:1.0
ireland:1.0
line:1.0
19:1.0
need:1.6931471805599454
pc:2.09861228866811
sparcstat:1.6931471805599454
run:1.6931471805599454
applic:2.386294361119891
name:1.0
microsoft:1.0
project:1.0
origin:1.0
system:1.0
ran:1.0
expand:1.0
allow:1.0
unix:1.0
user:1.0
work:1.0
current:1.0
propos:1.0
use:1.6931471805599454
display:1.6931471805599454
server:1.0
would:1.0
like:1.0
know:1.0
heard:1.0
network:1.0
traffic:1.0
slow:1.0
e:1.0
mail:1.0
plea:1.0
thank:1.0
advanc:1.0
