rbw:1.0
jet:1.6931471805599454
uk:1.0
dr:1.0
richard:1.0
b:1.0
wilkinson:1.0
subject:1.0
xbell:1.6931471805599454
organ:1.0
joint:1.0
european:1.0
toru:1.0
line:1.0
8:1.0
program:2.09861228866811
produc:1.0
continu:1.0
tone:2.09861228866811
call:1.0
repeatedli:1.0
interv:1.0
equal:1.0
durat:1.0
bell:1.6931471805599454
run:1.0
display:1.0
buffer:1.6931471805599454
x:1.6931471805599454
server:1.6931471805599454
contunu:1.0
occurr:1.0
exit:1.6931471805599454
conveni:1.0
way:1.0
prevent:1.0
e:1.0
g:1.0
empti:1.0
disclaim:1.0
plea:1.0
note:1.0
person:1.0
view:1.0
constru:1.0
offici:1.0
comment:1.0
project:1.0
