vic:1.6931471805599454
fajita:1.6931471805599454
v:1.0
martinez:1.6931471805599454
6463:1.0
subject:1.0
troubl:1.0
compil:2.09861228866811
x11r5:1.6931471805599454
suno:1.6931471805599454
4:1.6931471805599454
1:2.386294361119891
3:1.6931471805599454
articl:1.0
ast:1.0
1993apr6:1.0
165718:1.0
528:1.0
organ:1.0
saic:1.6931471805599454
line:1.0
7:1.0
x:1.0
newsread:1.0
tin:1.0
pl5:1.0
problem:1.0
ipc:1.0
make:1.0
k:1.0
world:1.0
stop:1.0
ld:1.0
error:1.6931471805599454
state:1.0
anoth:1.0
post:1.0
client:1.0
still:1.0
run:1.0
correctli:1.0
victor:1.0
com:1.0
