guy:2.791759469228055
x:2.6094379124341005
co:2.09861228866811
uk:2.386294361119891
singh:1.6931471805599454
subject:1.0
xv:2.386294361119891
root:2.6094379124341005
vue:2.9459101490553135
xloadimag:1.0
onroot:1.0
repli:1.0
jan:3.302585092994046
camhpp12:1.6931471805599454
mdcbb:1.6931471805599454
com:2.386294361119891
messag:1.6931471805599454
5:1.6931471805599454
apr:1.6931471805599454
93:1.6931471805599454
11:1.6931471805599454
31:1.6931471805599454
27:1.6931471805599454
pdt:1.6931471805599454
disclaim:1.0
view:1.0
ixi:2.386294361119891
ltd:1.0
unless:1.0
explicitli:1.0
state:1.0
line:1.0
22:1.0
nntp:1.6931471805599454
post:1.6931471805599454
host:1.6931471805599454
york:1.0
organ:1.0
lot:1.0
whaley:1.0
93apr3113732:1.0
behemoth:1.0
kpc:1.0
1993apr5:1.0
113128:1.0
2936:1.0
ug:1.0
ed:1.0
copyright:1.0
author:1.0
assert:1.0
right:1.0
patern:1.0
vandenbrand:1.0
said:1.0
134:1.0
244:1.0
49:1.0
156:1.0
relat:1.0
note:1.0
use:1.0
display:2.09861228866811
color:1.0
gif:1.0
hp:1.6931471805599454
xbm:1.0
backdrop:1.6931471805599454
style:1.0
manag:1.6931471805599454
seem:1.0
abl:1.0
overrid:1.0
whatev:1.6931471805599454
put:1.0
suspect:1.0
creat:1.6931471805599454
window:2.791759469228055
probabl:1.6931471805599454
overrideredirect:1.0
size:1.0
larger:1.0
know:1.0
move:1.0
resiz:1.0
etc:1.0
mean:1.0
time:1.0
busi:1.0
chang:1.0
request:1.0
never:1.0
get:1.0
see:1.6931471805599454
overlaid:1.0
top:1.0
contact:1.0
support:1.6931471805599454
whether:1.0
colour:1.6931471805599454
bitmap:1.0
format:1.0
xpm:1.0
cant:1.0
insid:1.0
code:1.0
internet:1.0
vision:1.0
park:1.0
uucp:1.6931471805599454
cambridg:1.0
bang:1.0
uunet:1.0
cb4:1.0
4zr:1.0
tel:1.0
44:1.0
223:1.0
236:1.0
555:1.0
