rogerskm:1.6931471805599454
eplrx7:1.0
e:1.6931471805599454
dupont:2.386294361119891
com:1.6931471805599454
karen:1.6931471805599454
roger:1.6931471805599454
subject:1.0
remap:1.0
return:2.386294361119891
key:2.791759469228055
dialog:1.6931471805599454
organ:1.0
central:1.0
research:1.0
develop:1.0
line:1.0
58:1.0
new:1.6931471805599454
x:1.0
program:1.6931471805599454
plea:1.0
bear:1.0
tri:1.0
box:1.0
valu:2.09861228866811
upon:1.0
user:1.6931471805599454
enter:2.09861228866811
hit:1.0
want:1.0
done:1.0
button:1.0
piec:1.0
code:1.6931471805599454
work:1.6931471805599454
exclud:1.0
xtnvalu:1.6931471805599454
argument:1.0
someon:1.0
shed:1.0
light:1.0
suggest:1.0
better:1.0
way:1.0
ultim:1.0
sever:1.0
area:1.0
activ:1.0
time:1.0
allow:1.0
modifi:1.0
paramet:1.0
thank:1.0
help:1.0
pluto:1.0
start:1.0
void:1.0
doit:2.6094379124341005
printf:1.0
function:1.0
exit:1.0
main:1.0
argc:2.09861228866811
argv:2.09861228866811
int:1.0
char:1.0
widget:2.09861228866811
toplevel:2.386294361119891
outer:2.09861228866811
xtappcontext:1.0
app:2.386294361119891
con:2.386294361119891
sampl:2.386294361119891
arg:2.6094379124341005
3:1.0
static:1.0
xtactionsrec:1.0
action:2.09861228866811
xtvaappiniti:1.0
test:1.0
null:2.09861228866811
0:2.09861228866811
xtcreatemanagedwidget:1.6931471805599454
pane:1.0
panedwidgetclass:1.0
tnull:1.0
zero:1.0
xtappaddact:1.0
xtnumber:1.0
xtsetarg:1.6931471805599454
xtnlabel:1.0
1:1.0
dialogwidgetclass:1.0
2:1.0
xtoverridetransl:1.0
xtparsetranslationt:1.0
xtrealizewidget:1.0
xtappmainloop:1.0
