matt:1.6931471805599454
centerlin:1.6931471805599454
com:1.0
landau:1.0
subject:1.0
recent:1.6931471805599454
inform:1.6931471805599454
fresco:1.6931471805599454
organ:1.0
softwar:1.0
inc:1.0
line:1.0
4:1.0
nntp:1.0
post:1.0
host:1.0
140:1.0
239:1.0
1:1.0
32:1.0
anyon:1.0
know:1.0
work:1.0
done:1.0
consortium:1.0
seen:1.0
short:1.0
descript:1.0
publish:1.0
x:1.0
resourc:1.0
look:1.0
someth:1.0
bit:1.0
depth:1.0
