urathi:1.0
net4:1.0
ic:1.0
uci:1.0
edu:1.0
unmesh:1.6931471805599454
rathi:1.0
subject:1.0
motif:2.09861228866811
interview:1.6931471805599454
line:1.0
12:1.0
hi:1.0
ti:1.0
process:1.0
make:1.0
decis:1.0
whether:1.0
write:1.0
c:1.6931471805599454
wrapper:1.0
use:1.6931471805599454
though:1.0
download:1.0
tar:1.0
file:1.0
fail:1.0
see:1.0
document:1.6931471805599454
two:1.0
question:1.0
t1:1.0
similar:1.0
sy:1.0
toolkit:1.0
experi:1.0
t2:1.0
find:1.0
refer:1.0
book:1.0
input:1.0
greatli:1.0
appreci:1.0
