eander:1.0
cthulhu:1.6931471805599454
sura:1.6931471805599454
net:1.6931471805599454
eric:1.6931471805599454
anderson:1.0
subject:1.0
xlib:3.3978952727983707
thread:2.6094379124341005
safe:2.09861228866811
organ:1.0
suranet:1.0
colleg:1.0
park:1.0
md:1.0
usa:1.0
na:1.0
earth:1.0
milki:1.0
way:1.0
line:1.0
26:1.0
nntp:1.0
post:1.0
host:1.6931471805599454
keyword:1.0
mutex:1.0
lockdisplay:1.0
articl:1.6931471805599454
9304132134:1.0
aa24803:1.0
alex:1.0
lc:2.09861228866811
mit:2.09861228866811
edu:2.09861228866811
gildea:1.6931471805599454
expo:1.0
stephen:1.0
write:1.0
r5:1.0
work:1.0
see:1.0
x:1.6931471805599454
resourc:1.0
issu:1.0
5:1.0
consortium:1.0
member:1.0
multi:1.6931471805599454
version:1.6931471805599454
soon:1.0
part:1.0
r6:1.0
written:1.0
archi:1.0
search:1.0
mt:3.0794415416798357
export:1.0
locat:2.09861228866811
contrib:2.09861228866811
directori:1.0
drwxr:1.0
xr:1.0
512:1.0
jul:2.09861228866811
30:2.09861228866811
1992:2.09861228866811
1:1.6931471805599454
file:2.386294361119891
rw:2.386294361119891
r:3.0794415416798357
106235:1.6931471805599454
jan:1.6931471805599454
21:1.6931471805599454
14:1.6931471805599454
02:1.0
xhib92:1.6931471805599454
p:1.6931471805599454
z:2.386294361119891
1658123:1.0
03:1.0
tar:1.6931471805599454
1925529:1.0
et:1.0
al:1.0
overhead:1.0
without:1.0
fuss:1.0
star:1.0
go:1.0
nine:1.0
billion:1.0
name:1.0
god:1.0
ye:1.0
smart:1.0
shut:1.0
princess:1.0
bride:1.0
