jbore:2.09861228866811
cosmo:1.0
shearson:2.386294361119891
com:2.386294361119891
joe:1.6931471805599454
bore:1.6931471805599454
subject:1.0
icon:1.6931471805599454
run:2.09861228866811
applic:2.09861228866811
repli:1.0
doomer:2.6094379124341005
teal:2.6094379124341005
csn:3.0794415416798357
org:2.9459101490553135
messag:1.0
thu:1.6931471805599454
15:1.6931471805599454
apr:1.6931471805599454
1993:1.6931471805599454
05:1.6931471805599454
35:1.6931471805599454
22:1.6931471805599454
gmt:1.6931471805599454
organ:1.6931471805599454
lehman:1.0
brother:1.0
line:1.6931471805599454
39:1.0
doesnt:1.0
matter:1.0
window:2.386294361119891
mgr:1.0
use:1.0
x:2.09861228866811
routin:1.0
txiconfiywindow:1.0
display:1.6931471805599454
w:2.386294361119891
screen:1.6931471805599454
number:1.6931471805599454
tdisplay:1.0
twindow:1.0
tint:1.0
txiconifywindow:1.0
xtdisplay:1.0
xtwindow:1.0
0:1.0
perform:1.0
want:1.0
articl:1.0
c5ifj0:1.0
f2u:1.0
john:1.6931471805599454
dumai:1.6931471805599454
write:1.0
newsgroup:1.0
comp:1.0
path:1.0
uupsi:1.0
psinntp:1.0
uunet:1.6931471805599454
umd:1.0
edu:2.09861228866811
darwin:1.0
sura:1.0
net:1.0
wupost:1.0
zaphod:1.0
mp:1.0
ohio:1.6931471805599454
state:1.6931471805599454
magnu:1.0
ac:1.0
sender:1.0
news:1.6931471805599454
nntp:1.0
post:1.0
host:1.0
colorado:1.0
supernet:1.0
inc:1.0
newsread:1.0
tin:1.0
1:1.6931471805599454
pl4:1.0
date:1.0
8:1.0
tri:1.6931471805599454
figur:1.0
way:1.0
programmat:1.0
motif:1.0
manag:1.0
sever:1.0
approach:1.0
includ:1.0
send:1.0
event:1.0
border:1.0
avail:1.0
anyon:1.0
done:1.0
thank:1.0
85:1.0
life:1.0
short:1.0
code:1.0
hard:1.0
212:1.6931471805599454
464:1.0
3431:1.0
beeper:1.0
396:1.0
4248:1.0
