clae:2.386294361119891
polari:1.6931471805599454
heinz:1.6931471805599454
josef:1.6931471805599454
subject:1.0
german:1.6931471805599454
keyboard:1.6931471805599454
x11r5:1.6931471805599454
sparc:1.6931471805599454
nntp:1.0
post:1.0
host:1.0
informatik:1.0
uni:2.09861228866811
essen:2.09861228866811
de:1.6931471805599454
organ:1.0
x:1.0
newsread:1.0
tin:1.0
version:1.0
1:1.6931471805599454
pl8:1.0
line:1.0
8:1.0
12:1.0
type:1.0
4:1.0
anybodi:1.0
patch:1.0
thank:1.0
advanc:1.0
email:1.0
tigger:1.0
turbo:1.0
