rgasch:1.6931471805599454
nl:1.6931471805599454
oracl:2.09861228866811
com:1.6931471805599454
robert:1.6931471805599454
gasch:1.0
subject:1.0
expo:2.09861228866811
event:3.0794415416798357
organ:1.0
europ:1.0
line:2.09861228866811
40:1.0
x:2.09861228866811
newsread:1.0
tin:1.0
version:1.0
1:1.6931471805599454
pl8:1.0
post:1.0
ago:1.0
without:1.0
code:1.0
excerpt:1.0
noon:1.0
abl:1.0
help:1.0
problem:1.0
main:3.6390573296152584
win:4.688879454113936
fine:1.0
creat:1.6931471805599454
detail:3.4849066497880004
receiv:2.386294361119891
initi:1.6931471805599454
relev:1.0
call:1.6931471805599454
xcreatesimplewindow:1.6931471805599454
mydisplay:3.3978952727983707
defaultrootwindow:1.6931471805599454
myhint:3.302585092994046
width:1.6931471805599454
height:1.6931471805599454
thick:1.6931471805599454
fg:1.6931471805599454
bg:1.6931471805599454
xsetstandardproperti:1.6931471805599454
text:2.386294361119891
none:1.6931471805599454
argv:1.6931471805599454
argc:1.6931471805599454
gc:1.6931471805599454
xcreategc:1.6931471805599454
0:2.386294361119891
xmaprais:1.6931471805599454
xmapsubwindow:1.0
mask:2.09861228866811
tpposit:1.6931471805599454
psize:1.6931471805599454
structurenotifymask:1.0
exposuremask:1.0
keypressmask:1.0
tenterwindowmask:1.0
leavewindowmask:1.0
flag:2.09861228866811
follow:1.0
hint:1.0
new:1.0
valu:1.0
ident:1.0
anybodi:1.0
idea:1.0
love:1.0
hear:1.0
everyth:1.0
work:1.0
great:1.0
must:1.0
overse:1.0
thank:1.0
tip:1.0
