rgasch:1.0
nl:1.0
oracl:1.6931471805599454
com:1.0
robert:1.6931471805599454
gasch:1.0
subject:1.0
expo:1.0
event:1.0
organ:1.0
europ:1.0
line:1.0
5:1.0
x:1.0
newsread:1.0
tin:1.0
version:1.0
1:1.6931471805599454
pl8:1.0
plea:1.0
excus:1.0
previou:1.0
post:1.0
append:1.0
thread:1.0
accid:1.0
