derrick:1.0
j:1.0
brashear:1.0
db74:1.0
andrew:1.6931471805599454
cmu:1.6931471805599454
edu:1.6931471805599454
subject:1.0
virtual:1.6931471805599454
mous:1.6931471805599454
open:1.0
look:1.0
x11:1.0
organ:1.0
sophomor:1.0
civil:1.0
engin:1.0
carnegi:1.0
mellon:1.0
pittsburgh:1.0
pa:1.0
line:1.0
6:1.0
nntp:1.0
post:1.0
host:1.0
simul:1.0
ol:1.0
v:1.0
wm:1.0
3:2.386294361119891
x:1.0
avail:1.0
x11r5:1.6931471805599454
told:1.0
set:1.0
right:1.0
resourc:1.0
yet:1.0
continu:1.0
work:1.0
run:1.0
olvwm3:1.0
olwm:1.0
sun:1.0
pl:1.0
22:1.0
