kerr:2.09861228866811
ux1:1.0
cso:1.0
uiuc:1.6931471805599454
edu:1.6931471805599454
stan:1.6931471805599454
subject:1.0
macx:2.386294361119891
1:2.6094379124341005
2:2.09861228866811
color:2.791759469228055
problem:2.386294361119891
summari:1.0
paint:1.0
wrong:1.6931471805599454
keyword:1.0
mac:1.0
x:1.6931471805599454
window:2.791759469228055
organ:1.0
univers:1.0
illinoi:1.6931471805599454
urbana:1.6931471805599454
line:1.0
13:1.0
peculiar:1.0
appl:1.0
macintosh:1.0
server:1.6931471805599454
like:1.0
know:1.0
other:1.0
seen:1.0
happen:2.09861228866811
current:1.0
version:1.6931471805599454
7:1.0
type:1.0
client:1.6931471805599454
display:1.0
part:1.0
move:1.0
slightli:1.0
forc:1.0
repaint:1.6931471805599454
correct:1.0
xterm:1.0
graphic:1.0
motif:1.0
comput:1.0
commun:1.0
servic:1.0
offic:1.0
u:1.0
phone:1.0
217:1.0
333:1.0
5217:1.0
email:1.0
stankerr:1.0
