rim:1.6931471805599454
bme:1.6931471805599454
ri:1.6931471805599454
ccf:1.6931471805599454
org:1.6931471805599454
robert:1.6931471805599454
cothren:1.6931471805599454
subject:1.0
widget:2.386294361119891
display:2.09861228866811
imag:1.6931471805599454
nntp:1.0
post:1.0
host:1.0
marvin:1.0
organ:1.0
cleveland:2.386294361119891
clinic:1.6931471805599454
foundat:1.6931471805599454
oh:1.0
distribut:1.0
na:1.0
line:1.0
12:1.0
tri:1.0
teach:1.0
write:1.0
perhap:1.0
invent:1.0
wheel:1.0
pd:1.0
exampl:1.0
8:1.0
bit:1.0
grey:1.0
level:1.0
fashion:1.0
athena:1.0
plotter:1.0
use:1.0
plot:1.0
phd:1.0
depart:1.0
biomed:1.0
engin:1.0
voic:1.0
216:1.6931471805599454
445:1.0
9305:1.0
ohio:1.0
fax:1.0
444:1.0
9198:1.0
