ajaff:1.6931471805599454
oddjob:1.6931471805599454
uchicago:1.6931471805599454
edu:1.6931471805599454
andrew:1.6931471805599454
jaff:1.6931471805599454
subject:1.0
key:3.995732273553991
definit:1.0
emac:2.791759469228055
x:2.09861228866811
organ:1.0
univers:1.0
chicago:2.09861228866811
astronomi:1.6931471805599454
astrophys:1.6931471805599454
line:2.9459101490553135
42:1.0
hi:1.0
use:1.0
want:1.0
custom:1.0
keyboard:1.6931471805599454
better:1.0
set:1.6931471805599454
stuff:1.6931471805599454
keymap:2.09861228866811
defin:3.6390573296152584
access:1.0
certain:1.0
termin:1.0
get:1.6931471805599454
e:1.0
g:1.0
f10:1.6931471805599454
home:1.0
end:2.09861228866811
pgup:1.0
pgdn:1.0
seem:1.0
either:1.0
keycod:1.0
feel:1.0
fix:1.0
need:1.0
xmodmap:1.0
someon:1.0
help:1.6931471805599454
way:1.0
check:1.0
faq:1.0
post:1.0
similar:1.0
messag:1.0
gnu:1.0
respons:1.0
current:1.0
follow:1.0
file:1.0
insid:1.0
cond:1.0
string:1.6931471805599454
match:1.0
xterm:3.8903717578961645
getenv:1.0
term:1.0
done:1.0
aj:1.0
8:1.0
92:1.0
know:1.0
defvar:1.0
map:3.70805020110221
make:1.0
spar:1.0
special:1.0
esc:1.0
prefix:1.6931471805599454
fset:1.0
f1:1.6931471805599454
f12:1.6931471805599454
224z:1.0
goto:1.0
225z:1.0
f2:1.0
226z:1.0
rmail:1.0
f3:1.0
227z:1.0
replac:1.0
f4:1.0
228z:1.0
f5:1.0
229z:1.0
kill:1.0
f6:1.0
230z:1.0
yank:1.0
f7:1.0
231z:1.0
begin:1.0
f8:1.0
232z:1.0
f9:1.0
192z:1.0
scroll:1.6931471805599454
f11:1.0
193z:1.0
etc:1.0
1z:1.0
mark:1.0
command:1.0
dep:1.0
u:1.0
5640:1.0
elli:1.0
ave:1.0
312:1.6931471805599454
702:1.6931471805599454
6041:1.0
il:1.0
60637:1.0
1433:1.0
8212:1.0
fax:1.0
