dla:1.6931471805599454
se05:2.09861228866811
wg2:2.791759469228055
waii:2.791759469228055
com:2.791759469228055
doug:1.6931471805599454
acker:2.6094379124341005
subject:1.0
problem:1.6931471805599454
libxmu:2.09861228866811
sunos5:1.6931471805599454
1:1.6931471805599454
gcc:1.6931471805599454
repli:1.0
se01:1.0
organ:1.0
western:2.09861228866811
geophys:1.6931471805599454
explor:1.6931471805599454
product:1.6931471805599454
line:1.0
23:1.0
nntp:1.0
post:1.6931471805599454
host:1.0
articl:1.0
1qmt3i:1.0
66io:1.0
ep130:1.0
write:1.0
use:1.6931471805599454
x11r5patch23:1.0
r5:1.0
patch:1.6931471805599454
export:1.0
option:1.0
appli:1.0
olit:1.0
compil:1.0
fine:1.0
tri:1.0
client:1.0
e:1.0
bmtoa:1.0
twm:2.386294361119891
get:1.0
error:2.09861228866811
figur:1.0
wrong:1.0
fpcc:1.0
struct:1.0
return:1.0
gram:1.0
lex:1.0
deftwmrc:1.0
add:1.0
window:1.0
gc:1.0
list:1.0
par:1.0
menu:1.0
event:1.0
resiz:1.0
util:1.0
version:1.0
iconmgr:1.0
cursor:1.0
icon:1.0
o2:1.0
r:1.0
usr:1.6931471805599454
wgep:1.6931471805599454
x11r5:1.6931471805599454
sos5:1.6931471805599454
lib:3.3978952727983707
ld:2.386294361119891
run:1.6931471805599454
path:1.6931471805599454
l:3.1972245773362196
xmu:1.6931471805599454
lxmu:1.0
xt:1.0
extens:2.386294361119891
x:1.6931471805599454
lxext:1.6931471805599454
lx11:1.0
lsocket:1.0
lnsl:1.0
warn:1.0
file:2.09861228866811
libxext:1.6931471805599454
attempt:1.0
multipl:1.0
inclus:1.0
undefin:1.0
first:1.0
referenc:1.6931471805599454
symbol:1.6931471805599454
xtwindowofobject:1.0
fatal:1.0
output:1.0
written:1.0
code:1.0
sunpost411ld:1.0
defin:1.0
dougla:1.0
divis:1.0
atla:1.0
intern:1.0
inc:1.0
litton:1.0
dresser:1.0
compani:1.0
internet:1.0
voic:1.0
713:1.0
964:1.0
6128:1.0
