ata:1.6931471805599454
spva:1.0
ph:1.6931471805599454
ic:1.0
ac:1.0
uk:1.0
etemadi:1.0
subject:1.0
plea:1.0
ignor:1.0
ideal:1.0
oper:1.0
system:1.0
death:1.0
blow:1.0
unix:1.0
nntp:1.0
post:1.0
host:1.0
prawn:1.0
sp:1.0
organ:1.0
imperi:1.0
colleg:1.0
scienc:1.0
technolog:1.0
medicin:1.0
london:1.0
england:1.0
line:1.0
1:1.0
whoop:1.0
wrong:1.0
group:1.0
soooooooooooooooorri:1.0
folk:1.0
