ten0772:1.6931471805599454
eafs000:1.0
ca:1.6931471805599454
boe:2.386294361119891
com:1.6931471805599454
timothi:1.6931471805599454
e:2.386294361119891
neto:1.6931471805599454
subject:1.0
x:1.6931471805599454
server:2.791759469228055
multi:2.386294361119891
screen:2.386294361119891
organ:1.0
be41t:1.0
line:1.0
37:1.0
rainer:2.6094379124341005
sun3:1.0
eeam:1.0
elin:2.09861228866811
co:1.6931471805599454
hochreit:1.6931471805599454
write:1.0
hi:1.0
xpert:1.0
simpl:1.0
question:1.0
seen:1.0
lot:1.0
differ:1.0
term:1.6931471805599454
seem:1.0
mean:1.6931471805599454
thing:1.0
give:1.0
exact:1.0
definit:1.0
head:1.0
display:2.386294361119891
zaphod:1.0
mode:1.0
limit:2.09861228866811
mani:1.6931471805599454
singl:1.0
handl:1.0
articel:1.0
read:1.0
someth:1.0
upper:1.0
12:1.0
capabl:1.0
call:1.0
want:1.0
move:1.0
cursor:1.0
one:1.0
anoth:1.0
hint:1.0
welcom:1.0
thank:1.0
telephon:1.0
43:1.6931471805599454
1:2.791759469228055
89100:1.6931471805599454
3961:1.0
energieanwendung:1.0
gesmbh:1.0
telefax:1.0
3387:1.0
penzingerstr:1.0
76:1.0
1141:1.0
wien:1.0
austria:1.0
europ:1.0
mail:1.6931471805599454
client:1.0
may:1.0
believ:1.0
would:1.0
much:1.0
memori:1.0
avail:1.0
alloc:1.0
indecis:1.0
key:1.0
206:1.0
655:1.0
5190:1.0
000:1.6931471805599454
flexibl:1.0
b:1.0
gadget:1.0
widget:1.0
work:1.0
0:2.386294361119891
god:1.0
flight:1.0
system:1.0
lab:1.0
comm:1.0
aircraft:1.0
idea:1.0
internet:1.0
aw401:1.0
fsl:1.0
