joel:2.6094379124341005
zodiac:1.0
z:2.09861228866811
code:2.09861228866811
com:2.09861228866811
reymont:1.6931471805599454
subject:1.0
motif:2.09861228866811
male:1.0
list:2.09861228866811
organ:1.0
internet:1.0
line:1.0
13:1.0
nntp:1.0
post:1.0
host:1.0
enterpoop:1.0
mit:1.6931471805599454
edu:1.6931471805599454
xpert:1.0
expo:1.0
lc:1.0
hi:1.0
anyon:1.0
know:1.0
mail:1.6931471805599454
access:1.0
network:1.0
news:1.0
longer:1.0
alfalfa:1.0
thank:1.0
softwar:1.0
corpor:1.0
e:1.0
4340:1.0
redwood:1.0
hwi:1.0
suit:1.0
b:1.0
50:1.0
san:1.0
rafael:1.0
ca:1.0
94903:1.0
