subject:1.0
troubl:1.0
compil:2.09861228866811
x11r5:1.6931471805599454
suno:1.6931471805599454
4:2.09861228866811
1:2.386294361119891
3:2.6094379124341005
nemo:2.09861228866811
aguirr:1.6931471805599454
dia:2.09861228866811
fi:2.09861228866811
upm:2.386294361119891
e:2.09861228866811
francisco:1.6931471805599454
j:1.6931471805599454
ballestero:1.6931471805599454
organ:1.0
comput:1.6931471805599454
scienc:1.6931471805599454
clip:2.09861228866811
lab:1.6931471805599454
madrid:1.6931471805599454
spain:1.6931471805599454
nntp:1.0
post:1.0
host:1.0
repli:1.0
dmm:1.6931471805599454
head:2.09861228866811
cfa:2.09861228866811
harvard:2.09861228866811
edu:2.09861228866811
messag:1.0
2:1.6931471805599454
apr:1.0
93:1.0
21:1.6931471805599454
24:1.0
05:1.0
gmt:1.0
line:1.0
articl:1.0
1993apr2:1.0
212405:1.0
5213:1.0
david:1.0
meleedi:1.0
write:1.0
tri:1.0
patchlevel:1.0
23:1.0
sun:1.0
sparc:1.0
ipx:1.0
use:1.6931471805599454
gcc:1.0
problem:1.6931471805599454
occur:1.0
initi:1.0
make:1.0
world:1.0
get:1.0
standard:1.0
x:1.0
client:1.6931471805599454
seem:1.0
find:1.0
librari:1.0
right:1.0
highli:1.0
suspect:1.0
program:1.0
ld:1.0
updat:1.0
yip:1.0
fix:1.0
found:1.0
link:1.0
static:1.0
btw:1.0
cc:1.0
k:1.0
email:1.0
org:1.0
phone:1.0
34:1.0
336:1.0
7448:1.0
campu:1.0
montegancedo:1.0
n:1.0
u:1.0
p:1.0
boadilla:1.0
del:1.0
mont:1.0
