nenad:2.09861228866811
saturn:1.6931471805599454
sdsu:2.09861228866811
edu:2.386294361119891
marovac:1.6931471805599454
subject:1.0
c:2.386294361119891
o:2.09861228866811
2:2.09861228866811
organ:1.0
internet:1.0
line:1.0
9:1.0
nntp:1.0
post:1.0
host:1.0
enterpoop:1.0
mit:1.6931471805599454
xpert:1.0
expo:1.0
lc:1.0
cc:1.0
hi:1.0
folk:1.0
anybodi:1.0
know:1.0
good:1.0
32:1.0
bit:1.0
compil:1.0
support:1.0
api:1.0
microsoft:1.0
window:1.6931471805599454
mayb:1.0
nt:1.0
thanx:1.0
n:1.0
