mous:2.09861228866811
thunder:1.0
mcrcim:1.6931471805599454
mcgill:2.09861228866811
edu:1.6931471805599454
der:1.0
subject:1.0
creat:2.6094379124341005
8:2.09861228866811
bit:2.6094379124341005
window:2.791759469228055
24:2.09861228866811
display:1.0
organ:1.0
research:1.0
centr:1.0
intellig:1.0
machin:1.0
line:1.0
59:1.0
articl:1.0
1993apr16:1.0
093209:1.0
25719:1.0
fwi:1.6931471805599454
uva:1.6931471805599454
nl:1.6931471805599454
stolk:1.0
bram:1.0
write:1.0
use:2.386294361119891
x:1.0
server:1.0
provid:2.09861228866811
3:1.0
visual:3.0794415416798357
pseudocolor:1.0
truecolor:1.0
directcolor:1.0
lucki:1.0
dog:1.0
problem:2.09861228866811
occur:1.6931471805599454
tri:1.0
differ:1.0
parent:2.09861228866811
default:2.386294361119891
tc24:1.0
xlib:2.386294361119891
refer:1.6931471805599454
guid:1.6931471805599454
reilli:1.0
one:1.0
read:1.6931471805599454
section:1.0
xcteatewindow:1.0
someth:1.0
like:1.0
current:1.0
implement:2.09861228866811
x11:1.0
sure:1.0
find:1.6931471805599454
suitabl:1.6931471805599454
colourmap:1.6931471805599454
attribut:1.6931471805599454
el:1.0
badmatch:1.6931471805599454
warn:1.6931471805599454
strang:1.0
enough:1.6931471805599454
mention:1.6931471805599454
newer:1.0
edit:1.0
x11r5:1.0
appli:1.0
equal:1.0
forc:1.0
earlier:1.0
version:1.0
presum:1.0
recent:1.0
author:1.0
decid:1.0
import:1.0
necess:1.0
alway:1.0
implicit:1.0
way:1.0
createwindow:1.0
request:1.0
new:1.0
howev:1.0
even:1.0
pas:1.0
along:1.0
still:1.0
get:1.0
non:1.0
attr:1.6931471805599454
colormap:1.6931471805599454
cmap:1.0
win:1.0
xcreatewindow:1.6931471805599454
copyfrompar:2.386294361119891
border:2.9459101490553135
width:2.09861228866811
depth:2.09861228866811
inputoutput:1.0
class:1.0
vinfo:1.0
cwcolormap:1.0
incomplet:1.0
also:1.0
valid:1.0
match:1.0
specifi:1.0
pixmap:1.0
correct:1.0
pixel:1.0
go:1.0
away:1.0
anoth:1.0
anyth:1.0
indic:1.0
make:1.0
sen:1.0
paramet:1.0
probabl:1.0
defin:1.0
zero:1.6931471805599454
simplifi:1.0
convers:1.0
wire:1.0
format:1.0
unwittingli:1.0
ask:1.0
due:1.0
stricter:1.0
type:1.0
check:1.0
fair:1.0
entir:1.0
certain:1.0
possibl:1.0
catch:1.0
tder:1.0
tmous:1.0
