maf:2.386294361119891
dtek:2.386294361119891
chalmer:2.791759469228055
se:2.386294361119891
martin:1.6931471805599454
forssen:1.6931471805599454
subject:1.0
german:1.6931471805599454
keyboard:1.6931471805599454
x11r5:1.6931471805599454
sparc:1.6931471805599454
nntp:1.0
post:1.0
host:1.0
hacket:1.0
organ:1.0
univers:1.0
technolog:1.6931471805599454
gothenburg:1.0
sweden:1.0
line:1.0
11:1.0
clae:1.6931471805599454
polari:1.0
heinz:1.0
josef:1.0
write:1.0
12:1.0
type:1.0
4:1.0
anybodi:1.0
patch:1.0
export:1.0
lc:1.0
mit:1.0
edu:1.0
pub:1.0
sunkbd:1.0
930314:1.0
tar:1.0
z:1.0
math:1.6931471805599454
system:1.0
administr:1.0
univ:1.0
