mous:2.09861228866811
thunder:1.0
mcrcim:1.6931471805599454
mcgill:2.09861228866811
edu:2.386294361119891
der:1.0
subject:1.0
question:1.0
window:3.302585092994046
id:1.6931471805599454
keyword:1.0
organ:1.0
research:1.0
centr:1.0
intellig:1.0
machin:1.0
line:1.0
23:1.0
articl:1.0
wnk:1.6931471805599454
734824081:1.0
aquif:1.6931471805599454
geolog:1.6931471805599454
uiuc:1.6931471805599454
walter:1.0
kreil:1.0
write:1.0
given:1.0
program:1.0
run:1.6931471805599454
workstat:1.0
x:1.6931471805599454
base:1.0
system:1.0
one:1.6931471805599454
pop:1.6931471805599454
top:1.6931471805599454
mean:1.0
termin:2.386294361119891
invok:1.0
applic:1.0
may:2.9459101490553135
start:1.0
emul:2.09861228866811
still:1.0
exist:1.0
condit:1.0
ped:1.0
eg:1.0
iconifi:1.0
even:1.6931471805599454
want:1.6931471805599454
consid:1.0
virtual:1.6931471805599454
root:1.0
manag:1.0
like:1.0
tvtwm:1.0
relev:1.0
portion:1.0
desktop:1.6931471805599454
outsid:1.0
real:1.0
provid:1.0
environ:1.6931471805599454
variabl:1.0
give:1.0
thing:1.0
present:1.0
correspond:1.0
differ:1.0
server:1.0
exampl:1.0
tder:1.0
tmous:1.0
