shite:1.6931471805599454
sinkhol:1.6931471805599454
unf:1.6931471805599454
edu:1.6931471805599454
stephen:1.0
hite:1.6931471805599454
subject:1.0
search:1.0
xgolf:1.6931471805599454
organ:1.0
univers:1.0
north:1.0
florida:1.0
jacksonvil:1.0
line:1.0
4:1.0
program:1.0
april:1.0
fool:1.0
joke:1.0
sigh:1.0
steve:1.0
