dick:2.09861228866811
ahold:2.386294361119891
nl:1.6931471805599454
heijn:1.6931471805599454
subject:1.0
xterm:2.6094379124341005
build:2.09861228866811
problem:1.6931471805599454
solaris2:1.0
1:1.6931471805599454
organ:1.0
nv:1.6931471805599454
zaandam:1.6931471805599454
netherland:1.6931471805599454
eec:1.6931471805599454
line:1.0
24:1.0
dla:1.0
se05:1.0
wg2:1.0
waii:1.0
com:1.0
doug:1.0
acker:1.0
write:1.0
continu:1.0
got:1.0
stuck:1.0
gcc:1.0
fpcc:1.0
struct:1.0
return:1.0
main:1.0
input:1.0
charproc:1.0
cursor:1.0
util:1.0
tab:1.0
screen:1.0
scrollbar:1.0
button:1.0
tekproc:1.0
misc:1.0
vtprstbl:1.0
tekprstbl:1.0
data:1.0
menu:1.0
o2:1.0
r:1.0
usr:2.386294361119891
wgep:1.6931471805599454
x11r5:1.6931471805599454
sos5:1.6931471805599454
lib:2.9459101490553135
ld:2.09861228866811
run:1.6931471805599454
path:1.6931471805599454
l:2.791759469228055
xaw:1.0
lxaw:1.0
xmu:1.0
lxmu:1.0
xt:1.0
lxt:1.0
extens:1.0
lxext:1.0
x:1.0
lx11:1.0
lsocket:1.0
lnsl:1.0
ltermcap:1.0
undefin:1.0
first:1.0
referenc:1.6931471805599454
symbol:1.6931471805599454
file:1.0
index:1.6931471805599454
ucblib:1.6931471805599454
libtermcap:1.6931471805599454
termcap:1.6931471805599454
rindex:1.6931471805599454
fatal:1.6931471805599454
error:2.09861228866811
output:1.0
written:1.0
code:1.0
make:1.0
command:1.0
fail:1.0
target:1.0
clue:1.0
help:1.0
either:1.0
add:1.0
lucb:1.0
lelf:1.0
list:1.0
defin:1.0
strchr:1.0
strrchr:1.0
respect:1.0
use:1.0
arg:1.0
former:1.0
bsd:1.0
latter:1.0
sysv:1.0
room:1.0
146:1.0
ankersmidplein:1.0
2:1.0
1506:1.0
ck:1.0
ccsd:1.0
tel:1.0
31:1.6931471805599454
75:1.6931471805599454
592151:1.0
fax:1.0
313030:1.0
