rlm:1.6931471805599454
helen:1.6931471805599454
surfcti:1.6931471805599454
com:1.6931471805599454
robert:1.6931471805599454
l:1.6931471805599454
mcmillin:1.6931471805599454
subject:1.0
newsgroup:1.0
dead:1.0
organ:1.0
surf:1.6931471805599454
citi:1.6931471805599454
softwar:1.6931471805599454
tbfw:1.0
project:1.0
line:1.0
8:1.0
gotten:1.0
post:1.0
group:1.6931471805599454
last:1.0
coupl:1.0
day:1.0
recent:1.0
ad:1.0
feed:1.0
list:1.0
near:1.0
death:1.0
dude:1.0
includ:1.0
std:1.0
disclaim:1.0
h:1.0
