dick:2.386294361119891
ahold:2.386294361119891
nl:1.6931471805599454
heijn:1.6931471805599454
subject:1.0
tek:1.6931471805599454
quit:1.6931471805599454
xterm:1.0
activ:1.6931471805599454
organ:1.0
nv:1.6931471805599454
zaandam:1.6931471805599454
netherland:1.6931471805599454
eec:1.6931471805599454
line:1.0
13:1.0
caught:1.0
mailmessag:1.0
ncd:1.6931471805599454
guy:1.0
state:1.0
might:1.6931471805599454
x:1.0
termin:1.0
would:1.0
look:1.0
interest:1.0
buyer:1.0
sinc:1.0
sourc:1.0
messag:1.0
nasti:1.0
gossip:1.0
anyon:1.0
say:1.0
room:1.0
146:1.0
ankersmidplein:1.0
2:1.0
1506:1.0
ck:1.0
ccsd:1.0
tel:1.0
31:1.6931471805599454
75:1.6931471805599454
592151:1.0
fax:1.0
313030:1.0
