dla:2.09861228866811
se05:2.6094379124341005
wg2:2.791759469228055
waii:2.791759469228055
com:2.791759469228055
doug:1.6931471805599454
acker:2.386294361119891
subject:1.0
xterm:2.09861228866811
build:2.386294361119891
problem:2.09861228866811
solaris2:1.0
1:1.0
organ:1.0
western:2.09861228866811
geophys:1.6931471805599454
explor:1.6931471805599454
product:1.6931471805599454
line:1.0
22:1.0
nntp:1.6931471805599454
post:1.6931471805599454
host:1.6931471805599454
repli:1.0
messag:1.0
16:1.6931471805599454
apr:1.6931471805599454
1993:1.6931471805599454
23:1.6931471805599454
58:1.6931471805599454
27:1.6931471805599454
gmt:1.6931471805599454
said:1.0
tdoug:2.9459101490553135
continu:1.0
got:1.0
stuck:1.0
undefin:1.0
first:1.0
referenc:1.6931471805599454
symbol:1.6931471805599454
file:1.0
index:1.0
usr:1.6931471805599454
ucblib:1.6931471805599454
libtermcap:1.6931471805599454
termcap:1.6931471805599454
rindex:1.0
ld:2.09861228866811
fatal:1.0
error:1.0
output:1.0
written:1.0
actual:1.0
librari:1.0
path:1.6931471805599454
unset:1.0
well:1.0
run:1.0
dougla:1.0
l:1.0
divis:1.0
atla:1.0
intern:1.0
inc:1.0
litton:1.0
dresser:1.0
compani:1.0
internet:1.0
voic:1.0
713:1.0
964:1.0
6128:1.0
