davewood:2.09861228866811
bruno:1.6931471805599454
c:2.386294361119891
colorado:2.6094379124341005
edu:2.09861228866811
david:1.6931471805599454
rex:1.6931471805599454
wood:1.6931471805599454
subject:1.6931471805599454
creat:2.09861228866811
applic:1.0
context:1.0
multipl:2.09861228866811
time:2.791759469228055
nntp:1.0
post:1.0
host:1.0
organ:1.0
univers:1.6931471805599454
boulder:1.6931471805599454
line:1.6931471805599454
94:1.0
describ:1.0
problem:2.386294361119891
well:1.0
plea:1.6931471805599454
read:1.6931471805599454
tri:1.0
write:1.0
function:2.386294361119891
xtappcontext:2.09861228866811
widget:2.791759469228055
display:1.6931471805599454
destroy:1.0
everyth:1.0
return:1.6931471805599454
call:2.791759469228055
caus:1.0
varieti:1.0
includ:2.386294361119891
depend:1.0
make:1.0
get:2.09861228866811
rid:1.0
thing:1.0
core:1.6931471805599454
dump:1.6931471805599454
badpixmap:1.6931471805599454
x:2.09861228866811
error:2.09861228866811
unmap:1.0
simpl:1.0
program:1.6931471805599454
wrote:1.0
show:1.0
x11:1.0
xlib:1.0
h:2.09861228866811
xm:2.09861228866811
pushb:1.0
void:1.0
bla:2.09861228866811
app:2.386294361119891
di:1.6931471805599454
xopendisplay:1.0
int:2.09861228866811
junk:1.6931471805599454
0:2.6094379124341005
top:2.791759469228055
xtappiniti:1.6931471805599454
test:1.0
null:2.6094379124341005
box:1.0
xtvacreatemanagedwidget:1.0
blaaa:1.0
xmpushbuttonwidgetclass:1.0
xmnheight:1.0
50:1.6931471805599454
xmnwidth:1.0
xtrealizewidget:1.0
xtappmainloop:1.6931471805599454
10:2.09861228866811
xevent:2.09861228866811
event:2.09861228866811
xtappnextev:1.0
xtdispatchev:1.0
put:1.0
xtunrealizewidget:1.6931471805599454
xtdestroywidget:1.0
xtdestroyapplicationcontext:1.0
xclosedisplay:1.0
main:1.6931471805599454
20:1.0
note:1.0
rewrot:1.0
given:1.0
exampl:1.6931471805599454
exit:1.0
follow:1.0
consist:1.0
5th:1.0
fail:2.386294361119891
request:2.386294361119891
invalid:1.0
pixmap:1.0
paramet:1.0
major:1.0
opcod:1.0
55:1.0
creategc:1.0
resourc:1.6931471805599454
id:1.0
0xe0000d:1.0
serial:1.6931471805599454
number:1.6931471805599454
71:1.0
current:1.0
output:1.0
stream:1.0
86:1.0
take:1.0
second:1.0
furthermor:1.0
everi:1.0
1st:1.0
warn:1.6931471805599454
initi:1.6931471805599454
list:1.0
twice:1.6931471805599454
translat:1.0
manag:1.0
final:1.0
question:1.0
need:1.0
done:1.0
order:1.0
abl:1.0
help:1.0
would:1.0
greatli:1.0
appreci:1.0
respond:1.0
via:1.0
email:1.0
dont:1.0
usual:1.0
group:1.0
thank:1.0
much:1.0
