win:1.0
athen:1.0
sto:2.386294361119891
mchp:1.6931471805599454
sni:2.386294361119891
de:1.6931471805599454
andrea:2.386294361119891
winkler:2.386294361119891
subject:1.0
x:3.1972245773362196
secur:2.09861228866811
technic:1.6931471805599454
confer:1.6931471805599454
organ:1.0
ag:1.0
muenchen:1.6931471805599454
line:1.0
31:1.0
possibl:1.0
join:1.0
7th:1.0
annual:1.0
januari:1.0
18:1.0
20:1.0
1993:1.0
boston:1.0
nevertheless:1.0
interest:1.0
inform:2.09861228866811
tutori:2.09861228866811
exspeci:1.0
id:1.6931471805599454
titl:1.6931471805599454
survey:1.0
f:1.6931471805599454
admin:1.0
administr:1.0
anybodi:1.6931471805599454
know:1.0
get:1.0
paper:1.0
mail:1.0
kerbero:1.0
escpeci:1.0
connect:1.0
display:1.0
manag:1.0
xdm:1.0
thank:1.0
siemen:1.0
nixdorf:1.0
germani:1.0
e:1.6931471805599454
n:1.6931471805599454
internet:1.0
322:1.0
otto:1.0
hahn:1.0
ring:1.0
6:1.0
8000:1.0
munich:1.0
83:1.0
r:1.0
phone:1.0
089:1.6931471805599454
636:1.6931471805599454
41449:1.0
fax:1.0
42833:1.0
