huub:2.6094379124341005
cwi:2.6094379124341005
nl:2.09861228866811
bakker:2.09861228866811
subject:1.0
wait:2.09861228866811
specif:1.0
event:1.6931471805599454
callback:1.6931471805599454
keyword:1.0
handl:1.0
repli:1.0
organ:1.0
centr:1.0
mathemat:1.0
comput:1.0
scienc:1.0
line:1.0
30:1.0
hello:1.0
world:1.0
want:1.0
write:1.0
xt:1.6931471805599454
applic:2.09861228866811
code:1.6931471805599454
like:1.0
work:2.6094379124341005
need:1.0
user:2.09861228866811
input:2.386294361119891
xmcreatedialog:1.0
ok:1.0
el:1.0
function:1.0
simpli:1.0
answer:1.0
question:1.0
motif:1.0
thank:1.0
much:1.0
advanc:1.0
greet:1.0
p:1.0
box:1.0
4079:1.0
thuub:1.0
1009:1.0
ab:1.0
amsterdam:1.0
netherland:1.0
tel:1.0
31:1.0
20:1.0
5924080:1.0
