howardi:1.0
freud:1.0
nia:1.0
nih:1.0
gov:1.0
howard:1.6931471805599454
wai:1.0
chun:1.0
yeung:1.0
subject:1.0
need:1.6931471805599454
shade:1.6931471805599454
program:2.09861228866811
exampl:1.6931471805599454
x:1.0
organ:1.0
natl:1.0
institut:1.0
health:1.0
bethesda:1.0
md:1.0
line:1.0
7:1.0
anyon:1.0
know:1.0
base:1.0
xlib:1.0
public:1.0
domain:1.0
alloc:1.0
correct:1.0
colormap:1.0
appreci:1.0
help:1.0
