gerard:2.09861228866811
dp:1.6931471805599454
co:1.6931471805599454
uk:1.6931471805599454
driscol:1.6931471805599454
subject:1.0
creat:1.6931471805599454
8:2.09861228866811
bit:1.6931471805599454
window:2.386294361119891
24:1.0
display:1.0
organ:1.0
internet:1.0
line:1.0
58:1.0
nntp:1.0
post:1.0
host:1.0
enterpoop:1.0
mit:1.6931471805599454
edu:1.6931471805599454
xpert:1.0
expo:1.0
lc:1.0
stolk:1.0
fwi:1.0
uva:1.0
nl:1.0
write:1.0
problem:1.0
occur:1.0
tri:1.0
visual:2.9459101490553135
differ:1.0
parent:1.0
use:2.09861228866811
default:1.6931471805599454
tc24:1.0
got:1.0
set:1.6931471805599454
border:3.0794415416798357
pixel:2.386294361119891
attribut:1.0
copyfrompar:2.386294361119891
give:1.0
badmatch:1.0
unsign:1.6931471805599454
long:1.0
valuemask:2.386294361119891
width:3.0794415416798357
non:1.0
zero:1.6931471805599454
better:1.0
alloc:1.0
colour:1.0
cmap:1.6931471805599454
rather:1.0
old:1.0
valu:1.0
also:1.0
make:1.6931471805599454
code:1.6931471805599454
obviou:1.0
attr:2.386294361119891
colormap:1.0
0:1.6931471805599454
cwcolormap:1.6931471805599454
cwborderpixel:1.0
win:1.6931471805599454
xcreatewindow:1.6931471805599454
dpi:2.386294361119891
defaultrootwindow:1.6931471805599454
10:2.386294361119891
height:1.6931471805599454
see:1.0
comment:1.0
depth:1.6931471805599454
inputoutput:1.6931471805599454
class:1.6931471805599454
vinfo:1.6931471805599454
note:1.0
look:1.6931471805599454
like:1.0
work:1.0
sen:1.0
int:1.0
get:1.6931471805599454
away:1.0
defin:1.6931471805599454
ed:1.0
x:1.0
h:1.0
happen:1.0
1:1.0
interest:1.0
tgerard:1.0
odriscol:1.0
tdu:1.0
pont:1.0
system:1.0
ltd:1.0
