glb6j:2.09861228866811
smarin:2.09861228866811
uucp:2.09861228866811
guy:2.09861228866811
babineau:1.6931471805599454
subject:1.0
find:2.09861228866811
window:1.6931471805599454
id:1.6931471805599454
given:1.0
name:2.09861228866811
keyword:1.0
xlib:1.6931471805599454
xwininfo:1.6931471805599454
repli:1.0
virginia:1.6931471805599454
edu:1.6931471805599454
organ:1.0
sperri:1.6931471805599454
marin:1.6931471805599454
inc:1.6931471805599454
line:1.0
15:1.0
want:1.0
equival:1.0
via:1.0
call:1.6931471805599454
set:1.0
need:1.0
map:1.0
probabl:1.0
easi:1.0
program:1.0
x:1.0
littl:1.0
look:1.0
reilli:1.0
book:1.0
also:1.0
check:1.0
faq:1.0
email:1.0
one:1.0
follow:1.0
address:1.0
post:1.0
respons:1.0
seem:1.0
reason:1.0
l:1.0
t72147:1.0
2474:1.0
compuserv:1.0
com:1.0
