smike:1.0
topgun:1.0
steven:1.6931471805599454
mike:1.6931471805599454
subject:1.0
xlib:2.386294361119891
m:2.09861228866811
window:2.386294361119891
xserver:1.0
organ:1.0
un:1.0
x:2.386294361119891
technolog:1.0
line:1.0
15:1.0
anoth:1.0
compani:1.0
congruent:1.0
corpor:1.0
new:1.0
york:1.0
citi:1.0
also:1.0
port:1.6931471805599454
xt:1.0
motif:1.0
1:1.6931471805599454
nt:1.6931471805599454
provid:1.0
full:1.0
client:1.0
develop:1.0
applic:1.0
environ:1.0
interview:1.6931471805599454
thought:1.0
c:1.6931471805599454
toolkit:1.0
class:1.6931471805599454
built:1.0
unless:1.0
call:1.0
function:1.0
steve:1.0
editor:1.0
journal:1.0
1097:1.0
eastbrook:1.0
rd:1.0
martinsvil:1.0
nj:1.0
08836:1.0
offic:1.0
908:1.6931471805599454
563:1.0
9033:1.0
fax:1.0
560:1.0
8635:1.0
serv:1.0
system:1.0
commun:1.0
