beck:2.6094379124341005
irzr17:1.6931471805599454
inf:2.386294361119891
tu:2.6094379124341005
dresden:2.6094379124341005
de:2.791759469228055
andr:2.386294361119891
subject:1.0
titl:2.09861228866811
xterm:3.0794415416798357
organ:1.0
dept:1.0
comput:1.0
scienc:1.0
germani:1.0
line:1.0
32:1.0
distribut:1.0
world:1.0
repli:1.0
ir:1.6931471805599454
nntp:1.0
post:1.0
host:2.6094379124341005
keyword:1.0
articl:1.0
c5ol74:1.0
3b1:1.0
aeon:1.6931471805599454
berlin:1.6931471805599454
thoma:1.6931471805599454
wolfram:1.0
write:1.0
hey:1.0
guy:1.0
work:2.09861228866811
mani:1.0
station:1.0
would:1.6931471805599454
like:1.0
name:1.6931471805599454
current:1.0
lognam:2.09861228866811
open:1.6931471805599454
machin:1.0
close:1.6931471805599454
word:1.0
want:1.0
appear:1.0
almost:1.0
window:1.6931471805599454
manag:1.6931471805599454
twm:1.0
mwm:1.0
olwm:1.0
deriv:1.0
support:1.0
escap:1.0
sequenc:2.6094379124341005
purpos:1.0
put:1.0
follow:1.0
login:1.0
use:1.0
csh:1.0
tcsh:1.0
sh:1.0
modifi:1.0
term:1.0
techo:1.0
2:1.6931471805599454
g:1.6931471805599454
1:1.6931471805599454
endif:1.0
featur:1.0
ansi:1.6931471805599454
compat:2.09861228866811
anyon:1.0
know:1.0
think:1.0
dc:1.0
devic:1.0
control:1.0
introduc:1.0
may:1.6931471805599454
csi:1.0
exist:1.0
must:1.0
dxterm:1.0
vt:1.0
brain:1.0
insid:1.0
abpsoft:1.0
mehl:1.0
