beck:2.6094379124341005
irzr17:1.6931471805599454
inf:2.386294361119891
tu:2.6094379124341005
dresden:2.6094379124341005
de:2.386294361119891
andr:2.386294361119891
subject:1.0
system:1.6931471805599454
file:1.6931471805599454
tmp:1.6931471805599454
organ:1.0
dept:1.0
comput:1.0
scienc:1.0
germani:1.0
line:1.0
17:1.0
distribut:1.0
world:1.0
repli:1.0
ir:1.6931471805599454
nntp:1.0
post:1.0
host:1.0
articl:1.0
c5jjig:1.0
doy:1.0
acsu:1.0
buffalo:1.6931471805599454
edu:1.6931471805599454
lusardi:1.6931471805599454
c:1.0
christoph:1.0
write:1.0
directori:1.6931471805599454
x11:1.0
unix:1.6931471805599454
start:1.0
x:1.0
creat:1.6931471805599454
root:1.0
contain:1.0
empti:1.0
x0:1.0
own:1.0
domain:1.0
socket:1.0
local:1.0
connect:1.0
xserver:1.0
tri:1.0
rm:1.0
brain:1.0
insid:1.0
abpsoft:1.0
mehl:1.0
