support:2.9459101490553135
qdeck:2.791759469228055
com:3.0794415416798357
technic:1.6931471805599454
subject:1.0
desqview:2.6094379124341005
x:3.1972245773362196
pc:2.6094379124341005
organ:1.0
quarterdeck:2.6094379124341005
offic:1.6931471805599454
system:2.09861228866811
santa:1.0
monica:1.0
ca:2.09861228866811
line:1.0
61:1.0
articl:1.6931471805599454
1qtk84:1.0
rn5:1.0
picasso:1.0
cssc:1.0
syd:1.0
tansu:1.6931471805599454
au:1.6931471805599454
gpatapi:1.0
boyd:1.0
write:2.09861228866811
14595639:1.0
wl:1.6931471805599454
aecl:1.6931471805599454
harrisp:1.0
use:1.6931471805599454
think:1.0
great:1.0
realli:2.09861228866811
shine:1.0
imho:1.0
let:1.0
unix:1.6931471805599454
user:1.6931471805599454
log:1.6931471805599454
run:3.302585092994046
do:2.09861228866811
window:1.0
applic:1.6931471805599454
display:1.0
go:2.386294361119891
screen:1.0
need:1.0
get:1.6931471805599454
v:2.09861228866811
1:2.791759469228055
275:1.0
suggest:1.6931471805599454
retail:1.6931471805599454
200:1.0
also:2.09861228866811
must:1.6931471805599454
network:3.0794415416798357
ftp:1.0
softwar:1.6931471805599454
pctcp:1.0
novel:2.09861228866811
lan:1.6931471805599454
workplac:1.0
sun:1.0
microsystem:1.0
nf:1.0
beam:1.0
whitesid:1.0
wollongong:1.0
pathway:1.0
tcpip:1.6931471805599454
hp:1.0
microsoft:1.0
manag:1.6931471805599454
stuff:1.0
give:2.386294361119891
copi:1.0
transprot:1.0
info:2.386294361119891
send:1.0
email:1.0
appropri:1.0
actual:1.0
custom:1.0
servic:1.0
depart:1.0
question:1.6931471805599454
opinion:1.0
want:2.09861228866811
peopl:2.6094379124341005
486:2.09861228866811
33:1.6931471805599454
16:1.0
meg:1.0
ram:1.6931471805599454
xwindow:1.0
desqviewx:1.0
seem:1.0
like:1.0
et:1.0
4000:1.0
tseng:1.0
lab:1.0
chipset:1.0
base:1.0
graphic:1.0
card:1.6931471805599454
person:1.0
found:1.0
thing:2.09861228866811
ran:1.0
better:1.0
scsi:1.0
drive:1.6931471805599454
esdi:1.0
experi:1.0
sort:1.6931471805599454
traffic:1.0
gener:1.0
call:1.6931471805599454
curiou:1.0
find:1.0
requir:1.6931471805599454
bandwidth:2.09861228866811
link:1.0
one:1.0
machin:2.386294361119891
dv:1.0
multipl:1.0
client:1.0
adequ:1.0
respons:1.0
time:2.386294361119891
anyon:1.0
idea:1.0
expect:1.0
limit:1.0
factor:1.0
server:1.6931471805599454
real:1.0
world:1.0
exampl:1.0
roughli:1.0
100:1.0
dvx:1.6931471805599454
talk:1.0
bunch:1.0
box:1.0
file:1.0
much:1.0
load:1.6931471805599454
ethernet:1.0
mayb:1.0
4:1.0
concentr:1.0
20:1.6931471805599454
30:1.0
segment:1.0
badli:1.0
net:1.0
app:1.6931471805599454
intens:1.0
could:1.6931471805599454
slowdown:2.386294361119891
biggest:1.0
problem:1.0
would:1.0
say:1.0
plenti:1.0
fast:1.0
hard:1.0
disk:1.0
10:1.6931471805599454
program:2.386294361119891
see:2.386294361119891
effect:1.0
3:1.6931471805599454
mhz:1.0
cours:1.0
attempt:1.0
task:1.0
idl:1.6931471805599454
make:1.0
sure:1.0
slice:1.6931471805599454
work:1.0
know:1.0
said:1.0
tweak:1.0
ad:1.0
probabl:1.0
15:1.0
given:1.0
start:1.0
depend:1.0
ie:1.0
lot:1.0
sooner:1.0
internet:1.0
tom:1.0
bortel:1.0
price:1.0
order:1.0
tech:1.0
bb:1.0
310:2.09861228866811
314:2.09861228866811
3227:1.0
fax:1.6931471805599454
3217:1.0
compuserv:1.0
q:1.0
3214:1.0
touch:1.0
tone:1.0
phone:1.0
technot:1.0
demand:1.0
