yang:2.386294361119891
c:2.386294361119891
uma:2.386294361119891
edu:2.386294361119891
hong:1.0
subject:1.0
colormap:3.772588722239781
question:1.6931471805599454
organ:1.0
univers:1.0
massachusett:1.0
amherst:1.0
line:1.6931471805599454
139:1.0
nntp:1.0
post:1.0
host:1.0
freya:1.0
hi:1.0
expert:1.0
kind:1.0
new:1.0
x:1.0
follow:2.09861228866811
strang:1.0
tri:2.386294361119891
modifi:1.6931471805599454
content:2.09861228866811
fail:1.0
without:1.0
reason:1.0
use:2.09861228866811
piec:1.0
code:1.0
toplevel:1.6931471805599454
xtiniti:1.0
argv:1.6931471805599454
0:3.9444389791664403
testcolor:1.0
null:1.6931471805599454
argc:1.0
dpi:2.791759469228055
xtdisplay:1.0
scr:1.6931471805599454
defaultscreen:1.0
def:2.386294361119891
defaultcolormap:1.0
xalloccolorcel:1.0
true:1.0
cell:2.386294361119891
5:2.09861228866811
color:4.295836866004329
pixel:2.9459101490553135
red:3.0794415416798357
250:1.6931471805599454
green:3.0794415416798357
125:1.6931471805599454
blue:3.0794415416798357
flag:1.0
dore:1.0
dogreen:1.0
doblu:1.0
xstorecolor:1.6931471805599454
printf:2.09861228866811
alloc:2.6094379124341005
xquerycolor:1.6931471805599454
el:1.0
error:1.6931471805599454
run:1.0
output:1.6931471805599454
7:1.6931471805599454
return:1.0
origin:1.0
valu:1.0
failur:1.0
display:1.0
obviou:1.0
unchang:1.0
also:1.0
draw:1.0
turn:1.0
unmodifi:1.0
problem:1.0
help:1.0
inform:1.0
appreci:1.0
plea:1.0
send:1.0
mail:1.0
william:1.0
email:1.0
way:1.0
environ:1.0
xdpyinfo:1.0
show:1.0
default:2.6094379124341005
visual:3.8903717578961645
pseudocolor:1.6931471805599454
version:1.0
number:3.3978952727983707
11:1.0
vendor:1.6931471805599454
string:1.0
decwindow:1.0
digitalequipmentcorpor:1.0
uws4:1.0
2:2.09861228866811
releas:1.0
1:3.0794415416798357
maximum:2.09861228866811
request:1.0
size:2.9459101490553135
16384:1.0
longword:1.0
65536:1.0
byte:1.6931471805599454
motion:1.0
buffer:2.9459101490553135
100:1.0
bitmap:1.0
unit:1.0
bit:3.5649493574615367
order:1.6931471805599454
pad:2.09861228866811
32:2.386294361119891
lsbfirst:1.6931471805599454
imag:1.0
support:1.6931471805599454
pixmap:1.6931471805599454
format:1.6931471805599454
depth:3.6390573296152584
per:2.09861228866811
scanlin:1.6931471805599454
8:4.044522437723423
keycod:1.0
rang:1.0
minimum:1.6931471805599454
86:1.0
251:1.0
extens:1.6931471805599454
adob:1.0
dp:1.0
dpsextens:1.0
shape:1.0
mit:1.6931471805599454
shm:1.0
multi:1.0
xinputextens:1.0
sundri:1.0
nonstandard:1.0
dec:1.0
xtrap:1.0
screen:2.09861228866811
dimens:1.0
1024x864:1.0
333x281:1.0
millimet:1.0
resolut:1.0
78x78:1.0
dot:1.0
inch:1.0
root:1.6931471805599454
window:1.6931471805599454
id:3.4849066497880004
0x29:1.0
plane:2.791759469228055
0x27:1.0
256:2.6094379124341005
prealloc:1.0
black:1.0
white:1.0
option:1.0
back:1.0
store:1.0
ye:1.6931471805599454
save:1.0
under:1.0
current:1.0
input:1.0
event:1.0
mask:2.791759469228055
0xd0001d:1.0
keypressmask:1.0
buttonpressmask:1.0
buttonreleasemask:1.0
enterwindowmask:1.0
substructureredirectmask:1.0
propertychangemask:1.0
colormapchangemask:1.0
0x21:2.09861228866811
class:2.6094379124341005
entri:2.6094379124341005
0x0:3.1972245773362196
signific:2.6094379124341005
specif:2.6094379124341005
0x22:1.6931471805599454
grayscal:1.0
0x23:1.6931471805599454
staticgray:1.0
0x24:1.6931471805599454
staticcolor:1.0
0x7:1.6931471805599454
0x38:1.6931471805599454
0xc0:1.6931471805599454
0x25:1.6931471805599454
truecolor:1.0
mono:1.0
multibuff:1.6931471805599454
type:1.6931471805599454
max:2.6094379124341005
stereo:1.0
