adrian:2.386294361119891
os:1.6931471805599454
com:1.6931471805599454
nye:1.6931471805599454
subject:1.0
xwininfo:2.386294361119891
organ:1.0
reilli:1.6931471805599454
associ:1.6931471805599454
inc:1.0
line:1.0
11:1.0
repli:1.0
nntp:1.0
post:1.0
host:1.0
enterpoop:1.0
mit:2.09861228866811
edu:1.6931471805599454
xpert:1.0
expo:1.0
lc:1.0
want:1.0
equival:1.0
name:1.6931471805599454
via:1.0
call:1.6931471805599454
set:1.0
xlib:1.0
need:1.0
map:1.0
window:1.0
id:1.0
probabl:1.0
easi:1.0
program:1.0
x:1.6931471805599454
littl:1.0
sourc:1.0
code:1.0
simpli:1.0
look:1.0
client:1.0
c:1.0
find:1.0
exactli:1.0
