nanci:2.386294361119891
neko:1.6931471805599454
cs:1.6931471805599454
gov:1.6931471805599454
p:1.6931471805599454
marin:1.6931471805599454
subject:1.0
xcopyplan:2.09861228866811
question:1.6931471805599454
organ:1.0
internet:1.0
line:1.0
36:1.0
nntp:1.0
post:1.0
host:1.0
enterpoop:1.0
mit:1.6931471805599454
edu:1.6931471805599454
xpert:1.0
expo:2.791759469228055
lc:1.0
articl:1.6931471805599454
buzz:2.09861228866811
93apr19101538:1.0
lion:1.0
bear:1.6931471805599454
com:2.386294361119891
moschetti:1.0
write:1.6931471805599454
whaley:2.09861228866811
93apr15103931:1.0
sigma:1.6931471805599454
kpc:1.6931471805599454
ken:1.0
actual:1.0
must:1.0
also:1.0
ask:1.0
faq:1.0
1:1.0
popular:1.0
reason:1.0
graphic:1.6931471805599454
show:1.0
wait:1.0
event:2.6094379124341005
draw:1.6931471805599454
rectangl:1.0
suppos:1.0
idl:1.0
app:1.0
realiz:1.0
map:2.09861228866811
window:2.6094379124341005
contain:1.0
xlib:1.0
button:1.0
widget:1.0
press:1.0
caus:1.0
new:2.09861228866811
item:2.09861228866811
drawn:1.0
action:1.0
clearli:1.0
call:1.0
xcopyarea:1.6931471805599454
equiv:1.0
directli:1.0
instead:1.0
regist:1.0
exist:1.0
memori:1.0
structur:1.0
let:1.0
handler:1.6931471805599454
take:1.0
care:1.0
render:1.0
imag:1.6931471805599454
time:1.0
guarante:1.0
problem:1.6931471805599454
cours:1.0
gener:1.0
visibl:1.0
know:1.0
best:1.0
way:1.0
tickl:1.0
invok:1.0
origin:1.0
previous:1.0
state:1.0
depth:1.0
8:1.0
pixmap:1.0
screen:1.0
make:1.0
sure:1.0
data:1.0
work:1.6931471805599454
anyon:1.0
code:1.0
fragment:1.0
could:1.0
send:1.0
demonstr:1.0
would:1.0
help:1.0
thank:1.0
net:1.0
ensco:1.0
inc:1.0
mail:1.0
445:1.0
pineda:1.0
ct:1.0
melbourn:1.0
fl:1.0
32940:1.0
407:1.6931471805599454
254:1.6931471805599454
4122:1.0
fax:1.0
3293:1.0
