masc0442:1.6931471805599454
ucsnew:1.0
sdsu:2.09861228866811
edu:2.09861228866811
todd:1.6931471805599454
green:1.6931471805599454
subject:1.0
find:1.0
appcontext:1.0
organ:1.0
san:1.0
diego:1.0
state:1.0
univers:1.0
colleg:1.0
scienc:1.0
line:1.0
14:1.0
nntp:1.0
post:1.0
host:1.0
ucssun1:1.6931471805599454
keyword:1.0
context:2.09861228866811
xt:1.6931471805599454
motif:1.6931471805599454
applic:1.6931471805599454
x:1.6931471805599454
newsread:1.0
tin:1.0
version:1.0
1:1.6931471805599454
pl8:1.0
call:1.6931471805599454
give:1.6931471805599454
fix:1.0
program:1.0
tri:1.0
use:1.6931471805599454
xtappaddtimeout:1.0
whose:1.0
first:1.0
argument:1.0
app:1.0
valu:1.0
thank:1.0
