rainer:2.6094379124341005
sun3:1.6931471805599454
eeam:1.6931471805599454
elin:2.6094379124341005
co:2.09861228866811
hochreit:1.6931471805599454
subject:1.0
multi:1.0
screen:1.0
app:1.0
window:1.0
manag:1.0
organ:1.0
energeanwendung:1.0
ge:1.0
b:1.0
h:1.0
line:1.0
20:1.0
nntp:1.0
post:1.0
host:1.0
x:1.0
newsread:1.0
tin:1.0
version:1.0
1:2.386294361119891
pl9:1.0
jo:1.6931471805599454
pelkey:1.6931471805599454
phone:1.0
509:1.6931471805599454
375:1.6931471805599454
6947:1.0
battel:1.0
pacif:1.0
northwest:1.0
lab:1.0
fax:1.0
3641:1.0
mail:1.6931471805599454
stop:1.0
k7:1.0
22:1.0
email:1.6931471805599454
je:1.0
pnl:1.0
gov:1.0
p:1.0
box:1.0
999:1.0
richland:1.0
wa:1.0
99352:1.0
hi:1.0
also:1.0
interest:1.0
question:1.0
get:1.0
answer:1.0
via:1.6931471805599454
repost:1.0
plea:1.0
let:1.0
know:1.0
thank:1.0
telephon:1.0
43:1.6931471805599454
89100:1.6931471805599454
3961:1.0
energieanwendung:1.0
gesmbh:1.0
telefax:1.0
3387:1.0
penzingerstr:1.0
76:1.0
1141:1.0
wien:1.0
austria:1.0
europ:1.0
e:1.0
