alf:2.9459101490553135
st:2.09861228866811
nepean:2.6094379124341005
uw:2.09861228866811
edu:2.09861228866811
au:2.09861228866811
andrew:2.09861228866811
leahi:2.09861228866811
subject:1.0
run:2.6094379124341005
dxterm:2.6094379124341005
onto:1.0
apollo:2.6094379124341005
dec:2.6094379124341005
5000:1.6931471805599454
240:1.6931471805599454
organ:1.0
univers:1.0
western:1.6931471805599454
sydney:2.09861228866811
x:3.1972245773362196
newsread:1.0
tin:1.0
1:2.386294361119891
pl4:1.0
line:1.0
36:1.0
help:1.0
tri:1.0
xterm:1.6931471805599454
decstat:1.6931471805599454
ultrix:1.0
4:1.0
3:2.09861228866811
x11r4:1.6931471805599454
motif:2.386294361119891
display:1.6931471805599454
variabl:1.0
set:1.0
dn2500:1.0
domain:1.0
o:1.0
10:1.0
get:1.0
error:1.0
appear:1.0
toolkit:3.0794415416798357
warn:3.0794415416798357
convert:3.0794415416798357
string:3.0794415416798357
key:3.0794415416798357
apchardel:1.0
type:3.0794415416798357
virtualbind:3.0794415416798357
apcopi:1.0
apcut:1.0
appast:1.0
apupbox:1.0
apdownbox:1.0
aprightbar:1.0
apleftbar:1.0
segment:1.0
fault:1.0
idea:1.0
problem:1.0
version:1.0
incompat:1.0
someth:1.0
xkeysymdb:1.0
fine:1.0
arggh:1.0
need:1.0
packag:1.0
use:1.6931471805599454
oracl:1.6931471805599454
case:1.0
default:1.0
lab:1.0
workstat:1.0
would:1.0
like:1.0
phone:1.0
047:1.0
360771:1.0
w:1.0
irc:1.0
pepsi:1.0
uni:1.0
remot:1.0
email:1.6931471805599454
australia:1.0
local:1.0
