dnh:2.09861228866811
mfltd:2.09861228866811
co:2.09861228866811
uk:2.09861228866811
de:1.6931471805599454
herriott:1.6931471805599454
subject:1.0
xdm:2.09861228866811
xsession:2.386294361119891
woe:1.0
keyword:1.0
xterm:2.386294361119891
line:1.6931471805599454
22:1.0
repli:1.0
organ:1.0
micro:1.6931471805599454
focu:1.6931471805599454
ltd:1.0
x:1.0
newsread:1.0
mxrn:1.0
6:1.0
18:1.0
3:1.0
manag:2.09861228866811
get:1.0
run:1.6931471805599454
ncr:1.0
3000:1.0
svr4:1.0
486:1.0
box:1.0
xfree86:1.0
1:1.6931471805599454
2:1.6931471805599454
ncd:1.0
xdisplay:1.0
pretti:1.0
much:1.0
work:2.09861228866811
encount:1.6931471805599454
weird:1.0
error:2.09861228866811
attempt:1.0
start:2.09861228866811
file:1.6931471805599454
noth:1.0
happen:1.0
redirect:1.0
stderr:1.0
use:1.0
exec:1.0
home:1.0
xerror:1.0
reveal:1.0
messag:1.0
14:1.0
errno:1.0
owner:1.0
window:1.6931471805599454
command:1.0
fine:1.0
client:1.0
like:1.0
mwm:1.0
clock:1.0
also:1.0
anyon:1.0
suggest:1.0
atdhvaannkcs:1.0
wise:1.0
man:1.0
said:1.0
newburi:1.0
44:1.0
0635:1.0
565354:1.0
take:1.6931471805599454
lot:1.0
brain:1.0
smart:1.0
neck:1.0
giraff:1.0
