aruit:2.09861228866811
idca:1.6931471805599454
td:1.6931471805599454
philip:1.6931471805599454
nl:1.6931471805599454
anton:2.09861228866811
de:2.09861228866811
ruiter:2.386294361119891
subject:1.0
top:1.6931471805599454
30:1.6931471805599454
motif:1.6931471805599454
applic:1.6931471805599454
organ:1.0
digit:1.6931471805599454
equip:1.6931471805599454
enterpris:1.0
bv:1.0
apeldoorn:2.09861228866811
netherland:2.09861228866811
line:1.0
35:1.0
hello:1.0
everybodi:1.0
search:1.0
busi:1.6931471805599454
inform:1.6931471805599454
creat:1.0
use:1.0
wordprocessor:1.0
spreadsheet:1.0
draw:1.0
program:1.6931471805599454
schedul:1.0
fax:1.6931471805599454
etc:1.0
plea:1.0
mail:1.6931471805599454
refer:1.0
summari:1.0
result:1.0
medium:1.0
thank:1.0
advanc:1.0
corpor:1.0
workgroup:1.0
product:1.6931471805599454
wgp:1.0
objectwork:1.0
obw:1.0
ing:1.0
mba:1.0
softwar:1.0
manag:1.0
post:1.0
offic:1.0
box:1.0
245:1.0
7300:1.0
ae:1.0
oud:1.0
apeldoornseweg:1.0
41:1.0
45:1.0
7333:1.0
nr:1.0
hlde01:1.0
dtn:1.0
829:1.0
4359:1.0
locat:1.0
apd:1.0
f1:1.0
a22:1.0
internet:1.0
uucp:1.0
mcsun:1.0
philapd:1.0
phone:1.6931471805599454
31:2.09861228866811
55:1.6931471805599454
434359:1.0
5486:1.0
18199:1.0
privat:1.0
432199:1.0
