deali:2.791759469228055
narya:2.09861228866811
gsfc:2.386294361119891
nasa:2.6094379124341005
gov:2.386294361119891
brian:2.09861228866811
csc:1.0
subject:1.0
2:1.0
get:1.0
fontnam:1.0
fonstruct:1.0
organ:1.0
goddard:1.0
space:1.0
flight:1.0
center:1.0
line:1.0
11:1.0
distribut:1.0
world:1.0
nntp:1.0
post:1.0
host:1.0
origin:1.0
anyon:1.6931471805599454
know:2.386294361119891
applic:1.6931471805599454
retriev:1.0
name:1.6931471805599454
font:1.6931471805599454
given:1.0
xfontstruct:1.0
would:1.0
xgetfontproperti:1.0
work:1.0
pas:1.0
xa:1.0
detail:1.0
thank:1.0
advanc:1.0
301:1.0
572:1.0
8267:1.0
kong:1.6931471805599454
import:1.0
uunet:1.0
dftsrv:1.0
b:1.0
dylan:1.0
