scotth:1.6931471805599454
oniboshi:1.6931471805599454
corp:1.6931471805599454
sgi:2.386294361119891
com:2.09861228866811
scott:1.6931471805599454
henri:1.6931471805599454
subject:1.0
xlock:2.791759469228055
organ:1.0
silicon:1.6931471805599454
graphic:1.6931471805599454
inc:1.6931471805599454
mountain:1.0
view:1.0
ca:1.0
line:1.0
21:1.0
repli:1.0
dale:3.1972245773362196
went:1.6931471805599454
llnl:2.09861228866811
gov:2.09861228866811
messag:1.0
20:1.0
apr:1.0
93:1.0
01:1.0
15:1.0
13:1.0
gmt:1.0
nntp:1.0
post:1.0
host:1.0
articl:1.0
1qvir1:1.0
idi:1.0
lll:1.0
winken:1.0
slone:1.0
write:1.0
found:1.0
odditi:1.0
indigo:1.0
mip:1.0
r3000:1.0
chip:1.0
nolock:1.0
run:2.6094379124341005
work:1.0
remot:1.6931471805599454
batch:1.0
mode:1.6931471805599454
runtim:1.6931471805599454
program:1.0
time:1.6931471805599454
use:1.0
clock:1.0
code:1.6931471805599454
25:1.0
slower:1.0
process:1.0
seem:1.0
affect:1.0
yet:1.0
consist:1.0
unless:1.0
blank:1.0
consum:1.0
cpu:1.6931471805599454
gener:1.0
nice:1.0
anim:1.0
display:1.0
compet:1.0
top:1.0
via:1.0
login:1.0
realli:1.6931471805599454
see:1.0
go:1.0
help:1.0
disclaim:1.0
miss:1.0
network:1.0
servic:1.0
gigo:1.0
mean:1.0
garbag:1.0
gospel:1.0
