barr:1.6931471805599454
pop:1.6931471805599454
psu:1.6931471805599454
edu:1.6931471805599454
david:1.0
subject:1.0
tvtwm:2.6094379124341005
xsetroot:1.0
x11r5:1.6931471805599454
sparc:2.09861228866811
10:2.386294361119891
keyboard:2.386294361119891
organ:1.0
penn:1.6931471805599454
state:1.6931471805599454
popul:1.6931471805599454
research:1.6931471805599454
institut:1.6931471805599454
line:1.0
32:1.0
nntp:1.0
post:1.0
host:1.0
darwin:1.0
articl:1.0
mailqueu:1.0
101:1.0
930420145015:1.0
384:1.0
oak:1.0
shu:1.0
ac:1.6931471805599454
uk:1.6931471805599454
haywood:1.0
sheffield:1.0
hallam:1.0
write:1.0
hi:1.0
environ:1.0
sun:1.0
suno:1.0
4:1.0
1:1.0
3:1.0
path:1.0
level:1.0
23:1.0
x:1.0
process:1.0
start:2.09861228866811
xdm:1.0
okay:1.0
good:1.0
type:1.0
exactli:1.0
setup:1.6931471805599454
u:1.0
unix:1.0
layout:1.0
instal:1.6931471805599454
sunkbd:1.6931471805599454
patch:1.6931471805599454
though:1.6931471805599454
want:1.6931471805599454
backgroud:1.0
root:1.6931471805599454
window:1.6931471805599454
display:1.6931471805599454
escherknot:1.0
etc:1.0
grey:1.6931471805599454
bore:1.0
colour:1.0
work:1.6931471805599454
make:1.0
sure:1.0
use:2.09861228866811
ssetroot:2.09861228866811
come:1.0
nuke:1.0
exist:1.0
could:1.0
spawn:1.0
sleep:1.0
also:1.0
virtualdesktopbackgroundpixmap:1.0
filenam:1.0
virtualdesktopbackground:1.0
anoth:1.0
color:1.0
besid:1.0
ii:1.0
open:1.0
xterm:1.6931471805599454
key:2.6094379124341005
recognis:1.0
send:1.6931471805599454
correct:1.0
charact:1.6931471805599454
contrib:1.0
directori:1.0
export:1.0
event:1.0
properli:1.0
except:1.0
follow:1.0
end:1.0
pageup:1.0
pagedown:1.0
6:1.0
cluster:1.0
recogn:1.0
even:1.0
compos:1.6931471805599454
seem:1.0
get:1.6931471805599454
pas:1.0
anyon:1.0
fix:1.0
last:1.0
two:1.0
dave:1.0
system:1.0
administr:1.0
dog:1.0
dianet:1.0
woof:2.09861228866811
page:1.0
725:1.0
kibo:1.0
