arana:2.09861228866811
labein:1.6931471805599454
e:1.6931471805599454
jose:1.0
lui:1.0
subject:1.0
x:1.0
graphic:2.09861228866811
acceler:1.0
organ:1.0
internet:1.0
line:1.0
7:1.0
xpert:1.0
expo:1.0
lc:1.0
mit:1.0
edu:1.0
obtain:1.0
public:1.0
inform:1.0
document:1.0
sourc:1.0
xserver:1.6931471805599454
implement:1.0
processor:1.6931471805599454
special:1.0
interest:1.0
develop:1.0
tms34020:1.0
texa:1.0
instrument:1.0
plea:1.0
send:1.0
answer:1.0
