suresh:2.386294361119891
i:2.09861228866811
nu:2.386294361119891
sg:2.09861228866811
thennarangam:1.6931471805599454
research:1.6931471805599454
scholar:1.6931471805599454
subject:1.0
x:1.6931471805599454
devic:1.6931471805599454
driver:1.6931471805599454
bird:1.6931471805599454
nntp:1.0
post:1.0
host:1.0
titan:1.0
organ:1.0
institut:1.6931471805599454
system:1.6931471805599454
scienc:1.6931471805599454
newsread:1.0
tin:1.0
1:1.6931471805599454
pl4:1.0
line:1.0
19:1.0
anyon:1.0
written:1.0
use:1.0
ascens:1.0
xwindow:1.0
email:1.0
internet:1.0
issst:1.0
nusvm:1.0
bitnet:1.0
tel:1.0
065:1.6931471805599454
772:1.0
2588:1.0
nation:1.0
univers:1.0
singapor:1.6931471805599454
fac:1.0
778:1.0
2571:1.0
heng:1.0
mui:1.0
keng:1.0
terrac:1.0
telex:1.0
issnu:1.0
r:1.0
39988:1.0
0511:1.0
