thor:2.09861228866811
surt:1.0
atd:1.6931471805599454
ucar:1.6931471805599454
edu:1.6931471805599454
richard:1.6931471805599454
e:1.0
neitzel:1.6931471805599454
subject:1.0
xquerybestcursor:2.09861228866811
semi:1.6931471805599454
broken:1.6931471805599454
organ:1.0
nation:1.6931471805599454
center:1.6931471805599454
atmospher:1.6931471805599454
research:1.6931471805599454
line:1.0
18:1.0
one:1.0
ask:1.0
recent:1.0
use:1.0
see:1.6931471805599454
could:1.6931471805599454
creat:1.6931471805599454
given:1.0
size:2.9459101490553135
seem:1.0
impli:1.0
server:2.09861228866811
cursor:2.09861228866811
investig:1.0
show:1.0
x:2.09861228866811
happili:1.0
return:2.09861228866811
root:2.09861228866811
window:1.6931471805599454
other:1.0
fix:1.0
limit:1.0
reason:1.0
interest:1.0
thing:1.0
binari:1.0
act:1.0
differ:1.6931471805599454
hardwar:1.0
sun4:1.6931471805599454
cg2:1.0
claim:1.0
ok:1.6931471805599454
cg6:1.0
stop:1.0
32x32:1.0
far:1.0
also:1.6931471805599454
seen:1.0
behavior:1.6931471805599454
ncd:1.6931471805599454
phase:1.0
termin:1.0
told:1.0
occur:1.0
hp:1.0
actual:1.0
even:1.0
liber:1.0
much:1.0
larger:1.0
winodw:1.0
gladli:1.0
correct:1.0
realli:1.0
like:1.0
2000x2000:1.0
torren:1.0
med:1.6931471805599454
sitt:1.6931471805599454
skjegg:1.0
lokkar:1.0
borni:1.6931471805599454
sole:1.0
vegg:1.0
box:1.0
3000:1.6931471805599454
boulder:1.0
co:1.0
80307:1.0
gjo:1.0
shinn:1.0
303:1.0
497:1.0
2057:1.0
jagar:1.0
inn:1.0
