mbell:2.09861228866811
techbook:2.791759469228055
com:2.09861228866811
max:1.6931471805599454
bell:1.6931471805599454
subject:1.0
want:1.0
info:1.0
dedic:1.6931471805599454
x:2.09861228866811
server:2.09861228866811
kernel:2.09861228866811
sun3:2.09861228866811
100:1.0
seri:1.0
organ:1.0
public:1.0
access:1.0
line:1.0
9:1.0
distribut:1.0
na:1.0
nntp:1.0
post:1.0
host:1.0
summari:1.0
know:1.0
find:1.0
plea:1.6931471805599454
send:1.6931471805599454
email:1.6931471805599454
keyword:1.0
sun:1.0
anyon:1.0
inform:1.0
exist:1.0
locat:1.0
tri:1.0
put:1.0
neglect:1.0
good:1.0
use:1.6931471805599454
enough:1.0
memori:1.0
suno:1.0
4:1.0
1:1.6931471805599454
thank:1.0
advanc:1.0
help:1.0
think:1.6931471805599454
emmigr:1.0
escap:1.0
tyrant:1.0
stay:1.0
cie:1.0
uoregon:1.0
edu:1.0
make:1.0
leav:1.0
instead:1.0
