bade:2.09861228866811
c:2.386294361119891
tu:2.09861228866811
berlin:2.6094379124341005
de:2.09861228866811
tobia:1.6931471805599454
dope:1.0
subject:1.0
forc:1.0
window:3.3978952727983707
manag:2.6094379124341005
accept:1.6931471805599454
specif:1.0
coordin:1.0
organ:1.0
technic:1.0
univers:1.0
germani:1.0
line:1.0
30:1.0
nntp:1.0
post:1.0
host:1.0
athen:1.0
mime:1.0
version:1.0
1:1.6931471805599454
0:1.0
content:1.6931471805599454
type:1.0
text:1.0
plain:1.0
charset:1.0
iso:1.0
8859:1.0
transfer:1.0
encod:1.0
8bit:1.0
repli:1.0
ethan:1.0
columbia:1.0
edu:1.0
messag:1.0
mon:1.0
19:1.0
apr:1.0
1993:1.0
21:1.0
25:1.0
08:1.0
gmt:1.0
tri:1.0
xcreatewindow:1.0
includ:1.0
x11:1.0
xutil:1.0
h:1.0
display:2.09861228866811
xsizehint:3.302585092994046
xallocsizehint:1.0
flag:1.6931471805599454
usposit:1.0
ussiz:1.0
pposit:1.6931471805599454
psize:1.6931471805599454
x:1.0
42:1.6931471805599454
width:1.0
100:1.6931471805599454
height:1.0
xsetwmnormalhint:1.0
xfree:1.0
hint:1.0
tell:1.6931471805599454
posit:1.6931471805599454
size:1.6931471805599454
specifi:1.6931471805599454
user:1.6931471805599454
valu:2.09861228866811
use:1.0
prefer:1.6931471805599454
program:1.0
know:1.0
place:1.0
like:1.6931471805599454
greet:1.0
