mleisher:1.6931471805599454
nmsu:3.5649493574615367
edu:3.5649493574615367
mark:1.6931471805599454
leisher:1.6931471805599454
subject:1.0
crl:2.386294361119891
archiv:2.9459101490553135
chang:1.6931471805599454
announc:1.6931471805599454
organ:1.0
comput:2.09861228866811
research:2.6094379124341005
lab:2.09861228866811
line:1.0
46:1.0
distribut:1.0
world:1.0
nntp:1.0
post:1.0
host:1.0
pylo:1.0
x:1.0
md4:1.0
signatur:1.0
6a869a6491f9d34c90b1e79dcbce325b:1.0
multi:2.09861228866811
lingual:2.09861228866811
new:2.6094379124341005
mexico:1.6931471805599454
state:1.6931471805599454
univers:1.6931471805599454
move:2.386294361119891
ftp:2.6094379124341005
address:2.09861228866811
soon:1.0
put:1.6931471805599454
control:1.0
consortium:1.6931471805599454
lexic:2.386294361119891
clr:2.6094379124341005
current:1.6931471805599454
ip:1.0
128:1.0
123:1.0
1:1.0
12:1.0
may:1.0
use:1.0
whenev:1.0
possibl:1.0
plea:2.386294361119891
note:1.6931471805599454
differ:1.6931471805599454
site:2.09861228866811
item:2.09861228866811
relat:1.0
arab:1.0
chine:1.0
french:1.0
italian:1.0
indian:1.0
japanes:1.0
korean:1.0
tibetan:1.0
vietnames:1.0
locat:1.0
relev:1.0
directori:1.6931471805599454
patient:1.0
discov:1.0
miss:1.0
either:1.0
take:1.0
day:1.0
everyth:1.0
familiar:1.0
slowli:1.0
collect:1.0
variou:1.0
softwar:1.6931471805599454
font:1.0
text:1.0
languag:1.0
past:1.0
2:1.0
year:1.0
unix:1.0
orient:1.0
would:1.0
also:1.0
like:1.0
encourag:1.0
peopl:1.0
continu:1.0
contribut:2.09861228866811
help:1.0
improv:1.0
qualiti:1.0
quantiti:1.0
tool:1.0
incom:1.0
send:1.6931471805599454
tell:1.0
question:1.0
comment:1.0
eleg:1.0
option:1.0
attribut:1.0
richard:1.0
keef:1.0
box:1.0
3crl:1.0
la:1.0
cruce:1.0
nm:1.0
88003:1.0
