davewood:1.6931471805599454
bruno:1.6931471805599454
c:2.09861228866811
colorado:2.6094379124341005
edu:2.09861228866811
david:1.6931471805599454
rex:1.6931471805599454
wood:1.6931471805599454
subject:1.0
call:3.0794415416798357
librari:2.791759469228055
creat:1.6931471805599454
widget:3.0794415416798357
multipl:1.6931471805599454
time:2.386294361119891
nntp:1.0
post:1.6931471805599454
host:1.0
organ:1.0
univers:1.6931471805599454
boulder:1.6931471805599454
line:1.0
91:1.0
day:1.0
ago:1.0
question:1.0
tri:1.0
function:2.386294361119891
set:1.0
x:1.0
app:3.0794415416798357
point:1.6931471805599454
xtappiniti:1.6931471805599454
never:1.0
help:1.0
howev:1.0
still:2.386294361119891
problem:1.6931471805599454
new:1.6931471805599454
littl:1.0
test:1.6931471805599454
program:2.791759469228055
close:1.0
model:1.0
real:2.09861228866811
actual:1.0
write:1.0
callabl:1.6931471805599454
mean:1.0
first:1.0
lib:1.0
must:1.0
initi:1.0
thing:1.0
use:1.6931471805599454
old:1.0
stuff:1.0
around:1.0
static:2.386294361119891
variabl:1.0
demo:1.0
main:2.6094379124341005
repres:1.6931471805599454
doit:2.386294361119891
interfac:1.0
includ:2.6094379124341005
x11:1.0
xlib:1.0
h:2.6094379124341005
xm:2.09861228866811
pushb:1.0
stdio:1.0
stdlib:1.0
void:2.09861228866811
bla:1.6931471805599454
xtappcontext:2.386294361119891
top:2.9459101490553135
topon:2.09861228866811
prog:2.09861228866811
member:1.0
var:1.0
theapp:2.09861228866811
class:1.0
int:2.6094379124341005
junk:2.386294361119891
0:3.0794415416798357
display:1.0
di:1.6931471805599454
xtopendisplay:1.0
null:3.302585092994046
box:1.6931471805599454
xtvacreatemanagedwidget:1.0
blaaa:1.0
xmpushbuttonwidgetclass:1.0
xmnheight:1.0
50:1.6931471805599454
xmnwidth:1.0
xtrealizewidget:1.0
25:1.0
return:1.0
exit:1.0
button:1.0
click:1.0
xevent:1.0
event:2.09861228866811
xtappnextev:1.0
xtdispatchev:1.0
xtdestroywidget:1.6931471805599454
xtclosedisplay:1.0
setitup:2.09861228866811
outsid:1.0
everi:1.0
setup:2.09861228866811
1:1.0
link:1.0
20:1.0
printf:1.0
sleep:2.09861228866811
screen:1.6931471805599454
5:1.0
go:1.0
away:1.0
one:1.0
unusu:1.0
despit:1.0
anyon:1.0
see:1.0
someth:1.0
miss:1.0
thank:1.0
much:1.0
plea:1.0
respond:1.0
via:1.0
email:1.0
