robert:2.791759469228055
cpuserv:2.09861228866811
acsc:2.386294361119891
com:2.386294361119891
grant:1.6931471805599454
subject:1.0
anim:1.6931471805599454
xputimag:1.0
organ:1.0
uscacsc:1.0
lo:1.0
angel:1.0
line:1.0
11:1.0
distribut:1.0
world:1.0
repli:1.0
nntp:1.0
post:1.0
host:1.0
hi:1.0
everyon:1.0
anyon:1.0
know:1.0
good:1.0
way:1.0
adjust:1.0
colourmap:1.0
fli:1.0
say:1.0
prevent:1.0
current:1.0
set:1.0
colour:1.0
flicker:1.0
thank:1.0
