mppa3:2.09861228866811
syma:2.09861228866811
sussex:2.6094379124341005
ac:2.09861228866811
uk:2.386294361119891
alan:1.6931471805599454
richardson:1.6931471805599454
subject:1.0
2:1.0
get:1.0
fontnam:1.0
fonstruct:1.0
organ:1.0
univers:1.0
line:1.0
30:1.0
articl:1.0
1993apr20:1.0
105725:1.0
narya:1.6931471805599454
gsfc:2.09861228866811
nasa:2.09861228866811
gov:2.09861228866811
deali:2.6094379124341005
brian:2.09861228866811
csc:1.0
write:1.0
anyon:1.6931471805599454
know:2.386294361119891
applic:1.6931471805599454
retriev:1.0
name:2.386294361119891
font:2.6094379124341005
given:1.0
xfontstruct:1.6931471805599454
would:1.0
xgetfontproperti:1.6931471805599454
work:1.0
pas:1.0
xa:1.6931471805599454
detail:1.0
thank:1.0
advanc:1.0
301:1.0
572:1.0
8267:1.0
kong:1.6931471805599454
import:1.0
uunet:1.0
dftsrv:1.0
b:1.0
dylan:1.0
tri:1.0
char:1.0
null:1.0
unsign:1.0
long:1.0
valu:2.09861228866811
xgetatomnam:1.0
dpi:1.6931471805599454
display:1.0
connect:1.0
pointer:1.0
school:1.0
math:1.0
physic:1.0
scienc:1.0
old:1.0
wise:1.0
univ:1.0
brighton:1.0
bn1:1.0
9qh:1.0
england:1.0
juda:1.0
priest:1.0
elsewher:1.0
