skelley:1.0
umiac:2.386294361119891
umd:1.6931471805599454
edu:1.6931471805599454
stephen:1.0
kelley:1.6931471805599454
subject:1.0
expo:2.9459101490553135
configur:2.386294361119891
event:3.302585092994046
handl:2.09861228866811
r4:2.09861228866811
v:1.0
r5:2.386294361119891
organ:1.0
univers:1.0
maryland:1.0
colleg:1.0
park:1.0
md:1.0
20742:1.0
line:1.0
29:1.0
two:1.0
question:1.0
well:1.6931471805599454
probabl:1.0
appl:2.09861228866811
use:1.0
1:1.6931471805599454
window:2.09861228866811
draw:1.6931471805599454
sinc:1.0
give:1.0
user:1.0
capabl:1.0
scale:1.0
zoom:1.0
allow:1.0
resiz:1.0
made:1.0
translat:1.6931471805599454
tabl:1.6931471805599454
call:2.09861228866811
redraw:2.09861228866811
method:2.09861228866811
rescal:1.6931471805599454
invok:1.0
fake:1.0
actual:1.0
w:2.09861228866811
appropri:1.0
struct:1.0
data:1.0
quest:1.6931471805599454
compil:1.6931471805599454
link:1.6931471805599454
run:1.0
either:1.0
env:1.0
get:2.386294361119891
multipl:1.0
4:1.0
uncov:1.0
size:1.0
chang:1.0
assum:1.0
cascad:1.0
right:1.0
suggest:1.0
trap:1.0
better:1.0
way:1.0
2:1.0
whatsoev:1.0
act:1.0
differ:1.0
thank:1.0
advanc:1.0
steve:1.6931471805599454
tumcp:1.0
c:1.0
tcaptain:1.0
protest:1.0
internet:1.0
tskelley:1.0
ti:1.0
merri:1.0
man:1.0
worf:1.0
