rlm:1.6931471805599454
helen:1.6931471805599454
surfcti:1.6931471805599454
com:1.6931471805599454
robert:1.6931471805599454
l:1.6931471805599454
mcmillin:1.6931471805599454
subject:1.0
find:1.0
appcontext:1.0
organ:1.0
surf:1.6931471805599454
citi:1.6931471805599454
softwar:1.6931471805599454
tbfw:1.0
project:1.0
repli:1.0
masc0442:1.6931471805599454
ucsnew:1.6931471805599454
sdsu:1.6931471805599454
edu:1.6931471805599454
messag:1.0
19:1.6931471805599454
apr:1.6931471805599454
1993:1.6931471805599454
23:1.6931471805599454
00:1.6931471805599454
15:1.6931471805599454
gmt:1.6931471805599454
line:1.0
14:1.0
todd:1.0
green:1.0
said:1.0
xt:1.0
call:1.6931471805599454
give:1.6931471805599454
applic:1.0
context:1.6931471805599454
fix:1.0
x:1.0
motif:1.0
program:1.0
tri:1.0
use:1.6931471805599454
xtappaddtimeout:1.0
whose:1.0
first:1.0
argument:1.0
app:1.0
valu:1.0
believ:1.0
xtvaappiniti:1.0
someth:1.0
like:1.0
dude:1.0
includ:1.0
std:1.0
disclaim:1.0
h:1.0
