ramakri:1.6931471805599454
csgrad:1.6931471805599454
c:2.386294361119891
vt:2.09861228866811
edu:2.791759469228055
ramakrishnan:2.09861228866811
subject:1.0
mwm:1.0
titl:1.0
drag:1.0
crash:1.6931471805599454
x:2.386294361119891
server:2.386294361119891
sigpip:1.6931471805599454
organ:1.0
vpi:1.0
su:1.0
comput:1.6931471805599454
scienc:1.0
depart:1.0
blacksburg:1.0
va:1.0
line:1.0
33:1.0
articl:1.6931471805599454
1993apr20:1.0
144415:1.0
2153:1.0
ncar:1.6931471805599454
ucar:2.09861228866811
boot:2.386294361119891
eureka:1.0
scd:1.0
jeff:2.386294361119891
w:1.6931471805599454
write:1.6931471805599454
4378:1.0
creatur:1.0
environ:1.0
mach:1.0
arch:1.0
sparc:1.0
sun4:1.0
ipx:1.6931471805599454
o:1.0
suno:1.0
4:1.0
1:2.09861228866811
3:1.0
x11:1.6931471805599454
x11r5:1.0
patchlevel:1.0
22:1.0
motif:1.0
2:1.6931471805599454
bring:1.0
use:1.6931471805599454
startx:1.0
usr:1.0
bin:1.0
xsun:1.0
follow:1.0
sequenc:1.0
action:1.0
errno:1.0
32:1.0
xinit:1.0
report:1.0
connexion:1.0
lost:1.0
problem:2.09861228866811
well:1.0
cg6:1.0
graphic:1.0
card:1.0
come:1.0
fix:1.0
appli:1.6931471805599454
sungx:1.0
uu:1.0
part:1.0
patch:2.386294361119891
7:2.09861228866811
also:1.0
file:1.0
perhap:1.0
one:1.0
came:1.6931471805599454
scientif:1.0
divis:1.0
noth:1.0
good:1.0
bad:1.0
nation:1.0
center:1.0
atmospher:1.0
research:1.0
think:1.0
make:1.0
boulder:1.0
hamlet:1.0
thanx:1.6931471805599454
lifesav:1.0
import:1.0
new:1.0
sun:1.0
gx:1.0
emul:1.0
sinc:1.0
disappear:1.0
der:1.0
schoen:1.0
mous:1.0
help:1.0
dept:1.0
mcbryde:1.0
hall:1.0
vatech:1.0
