bill:2.6094379124341005
west:1.0
msi:2.09861228866811
com:2.386294361119891
poitra:1.6931471805599454
subject:1.6931471805599454
autom:1.6931471805599454
x:3.0794415416798357
test:2.386294361119891
repli:1.0
organ:1.0
molecular:1.6931471805599454
simul:1.6931471805599454
inc:1.6931471805599454
newsread:1.0
tin:1.0
version:1.0
1:1.6931471805599454
pl8:1.0
line:1.0
27:1.0
mark:1.6931471805599454
collier:1.0
trident:1.0
datasi:1.0
swri:1.0
edu:1.6931471805599454
wrote:1.0
anyon:1.6931471805599454
know:2.09861228866811
avail:1.0
term:1.0
motif:1.0
applic:1.0
think:1.0
system:1.0
could:1.6931471805599454
program:1.6931471805599454
record:2.09861228866811
event:1.0
output:1.0
verif:1.0
procedur:1.0
run:1.0
rerun:1.0
time:1.0
regress:1.0
interest:1.0
product:1.0
like:1.6931471805599454
unix:1.0
project:1.6931471805599454
separ:1.0
use:1.0
openvm:1.0
question:1.0
answer:1.6931471805599454
faq:1.0
share:1.0
window:1.0
one:1.0
xtrap:1.6931471805599454
playback:1.6931471805599454
extenst:1.0
find:1.0
export:1.0
lc:1.0
mit:1.6931471805599454
contrib:1.0
xtrapv33:1.0
x11r5:1.0
tar:1.0
z:1.0
requir:1.0
extens:1.6931471805599454
server:1.0
work:1.0
vendor:1.0
modifi:1.6931471805599454
help:2.09861228866811
conferenc:1.0
softwar:1.0
easi:1.0
would:1.6931471805599454
appreci:1.0
tel:1.0
408:1.6931471805599454
522:1.0
9229:1.0
sunnyval:1.0
ca:1.0
94086:1.0
3522:1.0
fax:1.0
732:1.0
0831:1.0
ftp:1.6931471805599454
mail:1.6931471805599454
ftpmail:1.0
decwrl:1.0
dec:1.0
offer:1.0
via:1.0
email:1.0
cr:1.6931471805599454
quit:1.0
