jlong:2.09861228866811
b4pps40:1.6931471805599454
berkeley:1.6931471805599454
edu:1.6931471805599454
john:2.09861228866811
long:2.09861228866811
subject:1.0
xman:2.09861228866811
sourc:2.09861228866811
repli:1.0
organ:1.0
bnr:2.09861228866811
line:1.0
8:1.0
get:1.6931471805599454
would:1.6931471805599454
like:1.0
binari:1.0
hp:1.0
9000:1.0
700:1.0
settl:1.0
f:1.0
inc:1.0
god:1.0
pop:1.0
ca:1.0
next:1.0
kleenex:1.0
includ:1.0
standard:1.0
disclaim:1.0
h:1.0
art:1.0
hopp:1.0
