toml:1.6931471805599454
boulder:2.09861228866811
parcplac:2.09861228866811
com:1.6931471805599454
tom:1.6931471805599454
lastrang:1.6931471805599454
subject:1.0
forc:1.6931471805599454
window:3.0794415416798357
manag:2.6094379124341005
accept:1.6931471805599454
specif:1.0
coordin:1.0
organ:1.0
line:1.0
23:1.0
articl:1.0
c5r25i:1.0
hfz:1.0
c:1.6931471805599454
columbia:1.6931471805599454
edu:1.6931471805599454
ethan:1.6931471805599454
solomita:1.0
write:1.0
thi:1.0
tri:1.0
figur:1.0
make:1.0
place:1.0
creat:1.0
command:1.0
tell:1.0
regardless:1.0
may:2.09861228866811
think:1.6931471805599454
right:1.6931471805599454
applic:2.09861228866811
reason:1.6931471805599454
know:1.6931471805599454
better:1.6931471805599454
ti:1.0
want:2.6094379124341005
set:1.0
overrid:1.0
redirect:1.0
embellish:1.0
give:1.0
wm:1.0
choic:1.0
locat:1.0
exactli:1.0
user:1.0
assum:1.0
imho:1.0
anti:1.0
social:1.0
start:1.0
geometri:1.0
option:1.0
go:1.6931471805599454
ignor:1.0
well:1.0
realli:1.0
way:1.0
much:1.0
anyth:1.0
ask:1.0
hint:1.0
guarante:1.0
get:1.0
