sharma:2.386294361119891
tiger:1.6931471805599454
vill:2.09861228866811
edu:2.09861228866811
sanjeev:1.6931471805599454
subject:1.0
posit:1.0
window:2.9459101490553135
openlook:1.6931471805599454
keyword:1.0
organ:1.0
villanova:1.6931471805599454
univers:1.6931471805599454
line:1.0
20:1.0
origin:1.0
hi:1.0
netter:1.0
requir:1.6931471805599454
appear:1.6931471805599454
co:1.0
ordin:1.0
0:1.6931471805599454
top:1.6931471805599454
left:1.6931471805599454
corner:1.6931471805599454
screen:1.0
root:1.0
could:1.0
guru:1.0
help:1.0
go:1.0
write:1.0
whole:1.0
program:1.0
creat:1.0
imag:1.6931471805599454
display:1.0
grab:1.0
record:1.0
video:1.0
use:1.0
miniva:1.0
control:1.0
expect:1.0
spot:1.0
everi:1.0
time:1.0
thank:1.0
advanc:1.0
sincer:1.0
offic:1.0
e:1.0
mail:1.0
deptt:1.0
comput:1.0
scienc:1.0
tsharma:1.0
monet:1.0
215:1.0
645:1.0
6463:1.0
