dla:2.386294361119891
se05:2.9459101490553135
wg2:3.0794415416798357
waii:3.0794415416798357
com:3.0794415416798357
doug:2.09861228866811
acker:2.6094379124341005
subject:1.0
build:2.09861228866811
x11r5:2.09861228866811
xlc:1.6931471805599454
1:2.386294361119891
2:2.386294361119891
aix:1.6931471805599454
3:1.6931471805599454
3e:1.6931471805599454
organ:1.0
western:2.09861228866811
geophys:1.6931471805599454
explor:1.6931471805599454
product:1.6931471805599454
line:1.0
50:1.0
nntp:2.09861228866811
post:2.09861228866811
host:2.09861228866811
repli:1.0
messag:1.0
22:1.6931471805599454
apr:2.09861228866811
1993:2.09861228866811
01:1.6931471805599454
02:1.6931471805599454
41:1.6931471805599454
gmt:2.09861228866811
said:1.6931471805599454
tdoug:4.218875824868201
21:1.0
03:1.0
49:1.0
16:1.0
big:1.0
problem:1.6931471805599454
tri:1.0
mit:1.0
one:1.0
bundl:1.0
almost:1.0
linker:1.0
work:1.0
properli:1.0
share:1.0
librari:1.6931471805599454
built:1.0
headach:1.0
exampl:1.0
xset:1.6931471805599454
client:1.0
complain:1.0
libxmu:3.6390573296152584
doesnt:1.0
bunch:1.0
xt:1.0
routin:1.0
shr:1.6931471805599454
miss:1.0
someth:1.0
like:1.0
link:1.0
libxt:1.0
realli:1.0
perplex:1.0
go:1.0
follow:1.0
specif:1.0
error:2.09861228866811
get:1.0
could:1.6931471805599454
load:1.6931471805599454
program:1.0
symbol:3.3978952727983707
xtvasetvalu:1.0
lib:3.3978952727983707
xmu:3.3978952727983707
undefin:3.3978952727983707
xtname:1.0
xtwindowofobject:1.0
xtgetconstraintresourcelist:1.0
xtdisplaytoapplicationcontext:1.0
xtappsettypeconvert:1.0
xtscreendatabas:1.0
xtresolvepathnam:1.0
xtcvtstringtofont:1.0
xtcallconvert:1.0
xtdisplaystringconversionwarn:1.0
exec:1.0
format:1.0
search:1.0
ibmlink:1.0
reveal:1.0
similar:1.0
ix33890:1.0
howervr:1.0
close:1.0
use:1.0
dougla:1.0
l:1.0
divis:1.0
atla:1.0
intern:1.0
inc:1.0
litton:1.0
dresser:1.0
compani:1.0
internet:1.0
voic:1.0
713:1.0
964:1.0
6128:1.0
