dcr:2.791759469228055
mail:3.302585092994046
ast:3.0794415416798357
cam:3.1972245773362196
ac:3.1972245773362196
uk:3.302585092994046
derek:2.791759469228055
c:2.386294361119891
richardson:2.386294361119891
subject:2.09861228866811
anim:2.386294361119891
organ:1.6931471805599454
internet:1.0
line:1.0
81:1.0
xpert:2.6094379124341005
expo:3.0794415416798357
lc:3.0794415416798357
mit:3.302585092994046
edu:3.302585092994046
think:1.0
tri:1.0
send:1.0
messag:2.6094379124341005
queri:1.0
post:1.0
comp:1.0
window:1.6931471805599454
x:2.6094379124341005
append:1.0
receiv:3.1972245773362196
rememb:1.0
type:1.0
appreci:1.6931471805599454
anoth:1.0
attempt:1.0
tel:1.6931471805599454
0223:2.386294361119891
337548:1.6931471805599454
37501:1.6931471805599454
institut:2.09861228866811
astronomi:2.09861228866811
fax:1.6931471805599454
337523:1.6931471805599454
cambridg:2.09861228866811
u:1.6931471805599454
k:1.6931471805599454
cb3:1.6931471805599454
0ha:1.6931471805599454
e:1.6931471805599454
begin:1.0
includ:1.6931471805599454
aol:2.791759469228055
com:2.6094379124341005
postmast:1.6931471805599454
thu:1.6931471805599454
apr:3.3978952727983707
22:1.6931471805599454
04:1.6931471805599454
47:1.6931471805599454
31:1.0
1993:2.09861228866811
cast0:1.6931471805599454
smail:1.0
3:1.0
1:2.386294361119891
25:1.0
2:2.386294361119891
id:2.9459101490553135
m0nlsg0:1.0
0001mpc:1.0
93:3.0794415416798357
bst:1.0
sco1:1.0
prod:1.6931471805599454
net:1.6931471805599454
hp81:1.0
smtp:1.6931471805599454
37:1.0
109:1.0
4:2.09861228866811
16:1.6931471805599454
aa19251:1.0
wed:3.1972245773362196
21:3.1972245773362196
23:2.386294361119891
49:1.0
0400:2.6094379124341005
mailer:2.09861228866811
america:1.0
onlin:1.0
return:1.0
unknown:1.6931471805599454
member:1.0
date:1.6931471805599454
46:2.09861228866811
36:1.0
edt:1.6931471805599454
9304212346:1.0
tn60988:1.0
statu:1.0
r:1.0
sent:1.6931471805599454
could:1.0
deliv:1.0
address:1.0
user:1.0
text:1.0
follow:1.0
hi:1.0
new:1.0
group:1.0
plea:1.0
bear:1.0
two:1.0
year:1.0
ago:1.0
wrote:1.0
sunview:2.09861228866811
applic:1.0
fast:1.0
raster:1.0
file:1.0
becom:1.0
rapidli:1.0
obselet:1.0
final:1.0
decid:1.0
rewrit:1.0
everyth:1.0
scratch:1.0
xview:1.0
put:1.0
togeth:1.0
quick:1.0
test:1.0
found:1.0
xputimag:2.386294361119891
consider:1.0
slower:1.0
factor:1.0
averag:1.0
command:1.0
pw:1.0
rop:1.0
move:1.0
imag:1.6931471805599454
data:1.6931471805599454
memori:1.0
pixrect:1.0
canva:1.0
sparc:1.0
ipx:1.0
seem:1.0
protocol:1.0
commun:1.0
slow:1.0
thing:1.0
ineffici:1.0
question:1.6931471805599454
fastest:1.0
way:1.0
x11r5:1.0
dump:1.0
8:1.0
plane:1.0
take:1.0
advantag:1.0
fact:1.0
client:1.0
run:1.0
machin:1.0
server:1.0
stuck:1.0
case:1.0
might:1.0
well:1.0
give:1.0
help:1.0
thank:1.0
header:1.0
uupsi7:1.6931471805599454
29:1.0
remot:1.0
aolsi:1.6931471805599454
aa23625:1.0
39:1.0
41:1.0
uu7:1.0
psi:1.6931471805599454
5:1.6931471805599454
65b:1.0
0:1.0
071791:1.0
psinet:1.0
via:1.0
aa16562:1.0
19:1.0
44:1.0
00:1.0
13:2.09861228866811
58:1.6931471805599454
06:1.0
enterpoop:2.386294361119891
05:1.0
57:1.6931471805599454
7:1.0
aa15705:1.0
34:1.0
usenet:1.6931471805599454
netnewsfor:1.0
contact:1.0
15:1.0
20:1.0
gmt:1.0
1993apr21:1.0
154620:1.0
16330:1.0
infodev:1.0
repli:1.0
end:1.0
