marca:1.6931471805599454
ncsa:3.1972245773362196
uiuc:2.386294361119891
edu:2.6094379124341005
marc:2.09861228866811
andreessen:1.6931471805599454
subject:1.0
mosaic:2.791759469228055
x:2.791759469228055
1:3.0794415416798357
0:2.9459101490553135
avail:1.6931471805599454
md4:1.0
signatur:1.0
b912a4b59c6065f2e86a15751149a3f2:1.0
organ:1.0
nat:1.0
l:1.0
center:1.6931471805599454
supercomput:1.6931471805599454
applic:1.6931471805599454
line:2.09861228866811
79:1.0
version:1.0
window:2.6094379124341005
system:1.6931471805599454
network:1.6931471805599454
inform:1.6931471805599454
world:1.6931471805599454
wide:2.09861228866811
web:1.6931471805599454
browser:1.0
herebi:1.0
releas:1.6931471805599454
file:2.09861228866811
ftp:1.6931471805599454
xmosaic:3.6390573296152584
sourc:1.6931471805599454
tar:1.6931471805599454
z:2.9459101490553135
binari:2.6094379124341005
sun:2.386294361119891
sgi:2.09861228866811
ibm:1.6931471805599454
dec:2.09861228866811
alpha:1.6931471805599454
diff:1.6931471805599454
13:1.6931471805599454
provid:1.6931471805599454
consist:1.0
easi:1.0
use:1.6931471805599454
hypermedia:1.0
base:1.0
interfac:1.0
varieti:1.0
includ:1.6931471805599454
gopher:1.0
wai:1.0
nntp:1.0
usenet:1.0
news:1.0
techinfo:1.0
local:1.0
filesystem:1.0
archi:1.0
finger:1.0
hyper:1.0
g:1.0
hytelnet:1.0
texinfo:1.0
telnet:1.0
tn3270:1.0
known:1.0
compil:1.0
follow:1.0
platform:1.0
irix:1.0
4:2.09861228866811
2:1.6931471805599454
aix:1.0
3:1.6931471805599454
suno:1.0
stock:1.0
x11r4:1.0
motif:1.0
gcc:1.0
ultrix:1.0
axp:1.0
osf:1.0
document:2.09861228866811
onlin:1.0
chang:1.0
sinc:1.0
ad:2.09861228866811
new:2.6094379124341005
resourc:2.09861228866811
gethostbynameisevil:1.0
coredump:2.09861228866811
gethostbynam:1.0
call:1.0
tri:1.0
find:1.0
name:1.0
command:1.6931471805599454
flag:1.6931471805599454
ghbnie:1.0
explicitli:1.0
pop:1.0
dialog:1.0
box:1.6931471805599454
view:1.6931471805599454
close:1.0
manag:1.6931471805599454
dull:1.0
better:2.09861228866811
visit:1.0
anchor:1.0
color:1.0
non:1.0
hqx:1.0
uu:1.0
list:1.0
extens:1.0
handl:1.6931471805599454
like:2.09861228866811
clear:1.0
button:1.0
open:1.0
allow:1.0
conveni:1.0
cut:1.0
n:1.0
past:1.0
entri:1.0
url:2.09861228866811
autoplacewindow:1.0
set:1.0
fals:1.0
automat:1.0
posit:1.0
program:1.0
still:1.0
place:1.0
icon:1.0
desir:1.0
effect:1.0
initialwindowicon:1.0
also:1.0
gif:1.0
read:1.6931471805599454
code:1.0
littl:1.0
bulletproof:1.0
obscur:1.6931471805599454
infinit:1.0
loop:1.0
trigger:1.0
extra:1.0
space:1.0
img:1.0
tag:1.0
fix:2.9459101490553135
elimin:1.0
nonintuit:1.0
error:1.0
messag:1.0
imag:1.6931471805599454
inlin:1.0
bitmap:1.0
indic:1.0
enough:1.0
someth:1.0
right:1.0
author:1.0
reader:1.0
anyth:1.0
bad:1.0
case:1.0
par:1.0
bug:2.09861228866811
construct:1.0
address:1.6931471805599454
href:1.0
text:1.0
mysteri:1.0
stupid:1.6931471805599454
hit:1.0
cbl:1.0
leed:1.0
ac:1.6931471805599454
uk:1.6931471805599454
buglet:1.0
rlogin:1.0
support:2.09861228866811
solari:1.0
sysvr4:1.0
courtesi:2.386294361119891
dana:1.0
thumper:1.0
bellcor:1.0
com:1.6931471805599454
hp:1.6931471805599454
ux:1.0
8:1.0
9:1.0
john:1.0
hpwarf:1.0
wal:1.0
next:1.0
scott:1.0
shrug:1.0
dur:1.0
miscellan:1.6931471805599454
portabl:1.0
bingl:1.0
c:1.0
purdu:1.0
cleanup:1.0
comment:1.0
question:1.0
report:1.0
sent:1.0
thank:1.0
advanc:1.0
feedback:1.0
cheer:1.0
softwar:1.0
develop:1.0
group:1.0
nation:1.0
