earl:2.791759469228055
isolar:2.6094379124341005
tujunga:2.386294361119891
ca:2.386294361119891
u:2.386294361119891
greg:1.6931471805599454
subject:1.0
tvtwm:1.0
xsetroot:1.0
x11r5:1.6931471805599454
sparcstat:1.0
10:2.386294361119891
keyboard:2.791759469228055
organ:1.0
person:1.0
usenet:1.0
site:1.0
usa:1.0
line:1.0
89:1.0
distribut:1.0
world:1.0
nntp:1.0
post:1.0
host:1.0
articl:1.6931471805599454
1r1q5g:1.0
cv4:1.0
genesi:1.0
ait:1.0
psu:1.6931471805599454
edu:1.6931471805599454
barr:1.6931471805599454
pop:1.0
david:1.0
write:1.6931471805599454
mailqueu:1.0
101:1.0
930420145015:1.0
384:1.0
oak:1.0
shu:1.0
ac:1.6931471805599454
uk:1.6931471805599454
haywood:1.0
sheffield:1.0
hallam:1.0
environ:1.0
sun:1.6931471805599454
sparc:1.6931471805599454
suno:1.0
4:1.6931471805599454
1:1.0
3:1.0
patch:2.386294361119891
level:1.0
23:1.0
x:1.0
process:1.0
start:1.0
xdm:1.0
okay:1.0
good:1.0
type:2.09861228866811
exactli:1.0
setup:1.0
unix:2.09861228866811
layout:1.0
instal:1.6931471805599454
sunkbd:2.09861228866811
though:1.6931471805599454
ii:1.0
open:2.09861228866811
xterm:1.6931471805599454
key:4.258096538021482
recognis:1.0
send:1.6931471805599454
correct:1.0
charact:1.6931471805599454
contrib:1.0
directori:1.0
export:1.0
event:1.0
properli:1.6931471805599454
except:1.0
follow:1.6931471805599454
end:1.6931471805599454
pageup:1.6931471805599454
pagedown:1.6931471805599454
6:1.6931471805599454
cluster:1.0
recogn:1.0
even:1.0
compos:1.6931471805599454
work:1.6931471805599454
seem:1.0
get:1.6931471805599454
pas:1.0
anyon:1.0
fix:1.0
last:1.0
two:1.0
know:1.0
anyth:1.0
use:1.0
xmodmap:2.09861228866811
file:1.0
run:1.0
xinitrc:1.0
via:1.0
home:1.6931471805599454
cours:1.0
5:1.6931471805599454
bit:1.0
brute:1.0
forc:1.0
howev:1.0
remap:1.6931471805599454
arrow:2.09861228866811
default:1.6931471805599454
keypad:1.0
shift:2.386294361119891
8:1.6931471805599454
left:1.6931471805599454
right:1.6931471805599454
2:1.0
assign:1.0
keysym:2.09861228866811
keycod:4.044522437723423
27:1.0
31:1.0
34:1.0
35:1.0
want:1.0
back:1.0
space:1.0
emit:1.0
delet:1.6931471805599454
50:1.0
random:1.0
map:1.0
sysrq:1.0
print:1.6931471805599454
screen:1.0
29:1.0
sunsi:1.0
req:1.0
break:1.6931471805599454
paus:1.6931471805599454
28:1.0
alt:1.0
graph:1.0
20:1.0
mode:1.0
switch:1.0
103:1.0
prior:1.0
130:1.0
next:1.0
insert:1.6931471805599454
51:1.0
look:1.0
function:1.0
stop:1.0
sunstop:1.6931471805599454
cancel:1.0
sunagain:1.6931471805599454
redo:1.0
prop:1.0
32:1.0
sunprop:1.0
undo:1.6931471805599454
sunundo:1.6931471805599454
33:1.0
front:1.0
56:1.0
sunfront:1.0
copi:1.0
58:1.0
suncopi:1.0
79:1.0
sunopen:1.0
past:1.0
80:1.0
sunpast:1.0
find:1.6931471805599454
sunfind:1.6931471805599454
102:1.0
cut:1.0
104:1.0
suncut:1.0
phone:1.0
818:1.6931471805599454
353:1.6931471805599454
8695:1.0
tfax:1.0
1877:1.0
internet:1.0
uucp:1.0
elroy:1.6931471805599454
jpl:1.0
nasa:1.0
gov:1.0
k:1.0
