sp1henhj:1.0
edit:1.0
henrik:2.09861228866811
balthazar:1.0
hjort:2.09861228866811
subject:1.0
postscript:2.6094379124341005
x:2.386294361119891
termin:2.09861228866811
line:1.0
15:1.0
newsread:1.0
tin:1.0
1:1.6931471805599454
pl3:1.0
problem:1.0
use:1.0
work:2.386294361119891
local:1.0
sun:1.6931471805599454
sparcstaton:1.0
ipc:1.0
good:1.0
connect:1.6931471805599454
get:1.0
error:1.0
messag:1.0
news:1.0
display:1.0
way:1.0
make:1.0
