ek:1.0
daimi:1.6931471805599454
aau:1.0
dk:1.0
eigil:1.6931471805599454
krogh:1.6931471805599454
rensen:1.0
subject:1.0
x:1.6931471805599454
window:2.09861228866811
pc:1.6931471805599454
organ:1.0
comput:1.0
scienc:1.0
depart:1.0
aarhu:1.0
univers:1.0
denmark:1.0
line:1.0
7:1.0
packag:1.0
exist:1.0
run:1.0
om:1.0
do:1.0
mayb:1.0
m:1.0
would:1.0
happi:1.0
hear:1.0
thanx:1.0
advanc:1.0
sorensen:1.0
