pramodmm:1.0
deforest:1.6931471805599454
ee:1.6931471805599454
washington:2.09861228866811
edu:1.6931471805599454
pramod:1.6931471805599454
mahadev:1.0
subject:1.0
help:1.0
xlib:1.6931471805599454
includ:2.09861228866811
file:2.6094379124341005
articl:1.0
shelley:1.0
1r6om2inn3tf:1.0
distribut:1.0
world:1.0
organ:1.0
univers:1.0
seattl:1.0
line:1.0
28:1.0
nntp:1.0
post:1.0
host:1.0
hi:1.0
xpert:1.0
sparc:1.0
1:2.09861228866811
limit:1.0
disk:2.386294361119891
space:2.09861228866811
usr:2.791759469228055
partit:1.0
previous:1.0
abl:1.0
run:2.6094379124341005
x:2.791759469228055
window:2.6094379124341005
applic:1.0
upgrad:1.0
system:1.6931471805599454
sun:1.0
4:1.0
3:1.0
realiz:1.0
hard:1.0
enough:1.6931471805599454
load:2.9459101490553135
openwindow:2.09861228866811
immedi:1.0
altern:1.0
neccessari:1.0
boot:1.0
result:1.6931471805599454
none:1.0
librari:1.6931471805599454
got:1.0
tri:1.0
bin:1.6931471805599454
x11:2.6094379124341005
requir:1.0
compil:1.0
program:1.0
written:1.0
xaw:1.0
desper:1.0
effort:1.0
regain:1.0
retriev:1.0
lib:2.09861228866811
libx:1.0
tape:1.0
get:1.6931471805599454
font:1.6931471805599454
sub:1.0
directori:1.6931471805599454
mainli:1.0
100dpi:1.6931471805599454
75dpi:1.0
misc:1.0
xinit:1.0
error:1.0
messag:1.0
say:1.0
etc:1.0
default:1.0
path:1.0
problem:1.0
temporari:1.0
suggest:1.0
5:1.0
gb:1.0
thank:1.0
