gnohmon:2.09861228866811
ssini:2.09861228866811
uucp:1.0
ralph:1.6931471805599454
betza:1.6931471805599454
subject:1.0
dynam:1.0
squeezetitl:1.0
configur:1.6931471805599454
twm:2.791759469228055
keyword:1.0
vtwm:2.09861228866811
tvtwm:1.6931471805599454
ctwm:1.6931471805599454
organ:1.0
system:1.0
strategi:1.0
inc:1.0
ny:1.6931471805599454
line:1.6931471805599454
123:1.0
consid:1.0
style:2.09861228866811
squeez:3.0794415416798357
titl:3.772588722239781
indispens:1.0
window:4.091042453358316
manag:2.09861228866811
like:1.6931471805599454
two:1.6931471805599454
tall:1.0
xterm:1.6931471805599454
visibl:1.0
time:1.6931471805599454
overlap:1.0
sinc:2.09861228866811
enough:1.0
underneath:1.0
exactli:1.0
posit:1.0
case:1.6931471805599454
familiar:1.0
crude:1.0
pictur:1.6931471805599454
figur:2.09861228866811
1:2.09861228866811
b:2.6094379124341005
c:2.9459101490553135
hide:1.6931471805599454
bodi:2.386294361119891
still:1.0
see:1.0
right:2.09861228866811
allow:1.0
5:1.0
stack:1.6931471805599454
easi:1.0
access:1.0
3:1.0
per:1.0
usual:1.0
realli:1.0
need:1.0
also:1.6931471805599454
insist:1.0
virtual:1.0
wm:1.0
problem:1.0
locat:1.0
static:1.0
twmrc:1.6931471805599454
order:1.6931471805599454
chang:1.6931471805599454
edit:1.0
file:1.6931471805599454
restart:1.0
cumbersom:1.0
consum:1.0
therefor:1.0
implement:1.6931471805599454
f:2.9459101490553135
left:2.386294361119891
center:1.6931471805599454
function:1.6931471805599454
copi:1.6931471805599454
idea:1.0
one:1.6931471805599454
click:1.0
button:1.0
okay:1.0
far:1.0
good:2.09861228866811
heck:1.0
get:1.6931471805599454
put:1.0
next:2.6094379124341005
offici:1.0
xyztwm:1.0
never:1.0
heard:1.0
way:1.0
would:1.6931471805599454
post:2.386294361119891
comp:1.6931471805599454
x:1.6931471805599454
descript:1.0
enhanc:1.6931471805599454
togeth:1.0
explan:1.0
think:2.6094379124341005
thing:1.6931471805599454
hope:1.0
someon:1.0
read:1.0
alreadi:1.0
clear:1.0
look:1.0
back:1.0
move:1.0
top:1.6931471805599454
hit:1.0
squeezecent:1.6931471805599454
result:1.0
rest:1.0
explain:1.0
base:1.0
x11r4:1.0
vtvwm:1.0
shar:1.0
sketch:1.0
full:1.0
diff:1.0
long:1.0
key:1.0
add:2.09861228866811
follow:1.6931471805599454
executefunct:1.0
routin:1.0
menu:1.0
ifdef:1.0
shape:1.0
tcase:1.0
squeezeleft:2.386294361119891
tstatic:1.0
squeezeinfo:1.0
j:2.09861228866811
0:1.6931471805599454
tif:1.0
deferexecut:1.0
context:1.0
func:1.0
scr:1.0
selectcursor:1.0
return:1.0
true:1.0
ttmp:1.0
win:1.6931471805599454
info:1.0
tsetframeshap:1.0
tmp:1.0
tbreak:1.0
similarli:1.0
squeezeright:1.0
tsqueezecent:1.0
endif:1.0
cours:1.0
defin:1.0
par:1.6931471805599454
h:1.0
fkeyword:1.0
forth:1.0
use:1.6931471805599454
someth:1.0
button2:1.0
w:1.0
v:1.0
r:1.0
door:1.0
year:1.0
ago:1.0
news:1.0
broken:1.0
blast:1.6931471805599454
appear:1.0
sourc:1.0
volum:1.0
19:1.0
issu:1.0
41:1.0
could:1.0
achiev:1.0
similar:1.0
effect:1.0
chisel:1.0
away:1.0
mwm:1.0
wide:1.0
better:1.0
fm:1.0
uunet:1.0
com:1.0
question:1.6931471805599454
whether:1.6931471805599454
comput:1.0
swim:1.0
interest:1.0
submarin:1.0
lenni:1.0
dykstra:1.0
