hoang1:1.0
litwin:1.6931471805599454
com:1.0
ted:1.0
hoang:1.0
subject:1.0
wcl:2.09861228866811
2:2.791759469228055
02:1.6931471805599454
organ:1.0
process:1.0
autom:1.0
line:1.0
17:1.0
hi:1.0
problem:1.6931471805599454
compil:1.0
sco:2.386294361119891
odt:2.09861228866811
0:2.09861228866811
cc:1.0
c:2.386294361119891
ox:1.0
usr:1.0
includ:1.0
xt4getresl:2.09861228866811
47:1.0
error:1.6931471805599454
c2065:1.0
xtconstraintbit:2.09861228866811
undefin:1.0
code:1.0
1:1.6931471805599454
although:1.0
follow:1.0
instruct:1.0
file:1.0
readm:1.0
build:1.6931471805599454
platform:1.0
resolv:1.0
question:1.0
relat:1.0
matter:1.0
exist:1.0
use:1.6931471805599454
x11r3:1.6931471805599454
x11r4:1.6931471805599454
releas:1.0
someon:1.0
know:1.0
work:1.0
around:1.0
