mike:1.6931471805599454
ase:1.0
co:1.0
uk:1.0
schofield:1.0
00000315:1.0
subject:1.0
xterm:1.6931471805599454
statu:1.6931471805599454
line:2.09861228866811
color:1.6931471805599454
organ:1.0
internet:1.0
6:1.0
xpert:1.0
expo:1.0
lc:1.0
mit:1.0
edu:1.0
look:1.0
version:1.0
handl:1.0
vt220:1.0
style:1.0
anyon:1.0
help:1.0
thank:1.0
