dwex:1.6931471805599454
cbnewsj:1.0
cb:1.0
att:1.6931471805599454
com:2.6094379124341005
david:1.6931471805599454
e:1.0
wexelblat:1.6931471805599454
subject:1.0
dell:1.6931471805599454
2:2.6094379124341005
eisa:2.6094379124341005
video:1.6931471805599454
card:2.09861228866811
organ:1.0
line:1.0
25:1.0
belong:1.0
comp:1.0
window:1.0
x:1.0
i386unix:1.0
redirect:1.0
followup:1.0
articl:1.0
c5sshu:1.0
cbi:1.0
gator:2.09861228866811
rn:2.09861228866811
larri:2.386294361119891
snyder:1.6931471805599454
write:1.0
xfree86:2.386294361119891
support:2.386294361119891
know:1.0
fact:1.0
version:1.0
orchid:1.0
prodesign:1.0
ii:1.0
work:1.0
howev:1.0
svga:1.0
like:2.09861228866811
wast:1.0
money:1.0
0:1.0
come:1.0
acceler:1.0
chipset:1.6931471805599454
isa:1.0
vlb:1.0
import:1.0
question:1.0
bu:1.0
basic:1.0
irrelev:1.0
compat:1.0
issu:1.0
mtgzfs3:1.0
908:1.6931471805599454
957:1.6931471805599454
5871:1.0
fax:1.0
5627:1.0
bell:1.0
laboratori:1.0
200:1.0
laurel:1.0
ave:1.0
3f:1.0
428:1.0
middletown:1.0
nj:1.0
07748:1.0
request:1.0
address:1.0
physic:1.0
su:1.0
oz:1.0
au:1.0
love:1.6931471805599454
oxygen:1.6931471805599454
get:1.6931471805599454
much:1.0
high:1.0
enough:1.0
gon:1.0
na:1.0
die:1.0
sweet:1.0
