kris:1.0
frec:1.6931471805599454
bull:2.6094379124341005
fr:2.09861228866811
christian:2.09861228866811
mollard:2.386294361119891
subject:1.0
look:1.0
david:1.6931471805599454
e:1.0
smyth:1.6931471805599454
repli:1.0
ec:1.0
organ:1.0
echirol:1.6931471805599454
line:1.0
23:1.0
articl:1.0
1993apr9:1.0
144859:1.0
10535:1.0
nynexst:1.6931471805599454
com:2.09861228866811
zvi:1.6931471805599454
guter:1.0
write:1.0
author:1.0
wcl:1.0
current:1.0
care:1.0
taker:1.0
name:1.6931471805599454
found:1.0
dist:1.0
tree:1.0
tri:1.6931471805599454
mail:1.6931471805599454
ap:1.0
mchp:1.0
sni:1.0
de:1.0
bounc:1.0
back:1.0
help:1.0
find:1.0
greatli:1.0
appreci:1.0
tdavid:1.6931471805599454
ap542:1.6931471805599454
uucp:1.0
ztivax:1.0
siemen:1.0
xtian:1.0
email:1.0
c:1.0
phone:1.0
33:1.6931471805599454
76:2.09861228866811
39:1.6931471805599454
78:1.6931471805599454
92:1.6931471805599454
229:1.0
fax:1.0
00:1.0
address:1.0
tbull:1.0
b:1.0
p:1.0
208:1.0
38432:1.0
cedex:1.0
franc:1.0
