queloz:1.6931471805599454
bernina:1.0
ethz:1.0
ch:1.6931471805599454
ronald:1.0
subject:1.0
hypercard:1.6931471805599454
unix:1.6931471805599454
organ:1.0
swiss:1.0
feder:1.0
institut:1.0
technolog:1.0
eth:1.0
zurich:1.0
line:1.0
10:1.0
hi:1.0
netland:1.0
anybodi:1.0
know:1.0
someth:1.0
like:1.0
macintosh:1.0
platform:1.0
thank:1.0
advanc:1.0
ron:1.0
