cverond:1.0
nyx:1.0
c:1.0
du:1.0
edu:1.0
cristiano:1.0
verondini:1.0
subject:1.0
imag:1.6931471805599454
plot:1.0
sourc:1.6931471805599454
code:1.0
need:1.0
organ:1.0
univers:1.0
denver:1.0
dept:1.0
math:1.0
comp:1.0
sci:1.0
line:1.0
7:1.0
hi:1.0
ti:1.0
look:1.0
sampl:1.0
creat:1.0
window:1.0
actual:1.0
2dim:1.0
matrix:1.0
unsign:1.0
char:1.0
help:1.0
appreci:1.0
