curtis:1.6931471805599454
c:1.0
und:1.6931471805599454
nodak:1.6931471805599454
edu:1.6931471805599454
chuck:1.0
x3289:1.0
subject:1.0
athena:1.6931471805599454
widget:1.6931471805599454
organ:1.0
univers:1.0
north:1.0
dakota:1.0
grand:1.0
fork:1.0
nd:1.0
line:1.0
5:1.0
nntp:1.0
post:1.0
host:1.0
agassiz:1.0
ca:1.0
x:1.0
newsread:1.0
tin:1.0
version:1.0
1:1.6931471805599454
pl8:1.0
find:1.0
need:1.0
xtdm:1.0
2:1.0
4:1.0
8:1.0
thank:1.0
advanc:1.0
