traci:2.09861228866811
c:1.0
ucf:1.0
edu:1.0
rene:1.0
tolley:1.6931471805599454
subject:1.0
help:1.6931471805599454
xdm:2.386294361119891
solaris2:2.386294361119891
1:2.386294361119891
summari:1.0
keyword:1.0
organ:1.0
univers:1.6931471805599454
central:1.6931471805599454
florida:1.6931471805599454
distribut:1.0
comp:1.0
line:1.0
7:1.0
recent:1.0
read:1.0
sun:1.0
patch:1.6931471805599454
wonder:1.0
anyon:1.0
could:1.0
give:1.0
number:1.0
thank:1.0
advanc:1.0
technic:1.0
support:1.0
