ziegenf:2.09861228866811
moravian:1.6931471805599454
edu:2.09861228866811
eric:1.0
w:1.0
ziegenfu:1.0
subject:1.0
problem:2.09861228866811
run:2.09861228866811
aix:2.09861228866811
info:2.09861228866811
sun:2.09861228866811
rlogin:1.6931471805599454
shell:1.6931471805599454
line:1.0
36:1.0
nntp:1.0
post:1.0
host:1.0
batman:1.6931471805599454
1r74bcinn6ei:1.0
ome:1.0
sp:2.09861228866811
mot:2.09861228866811
com:2.09861228866811
wcl:2.09861228866811
risc:2.09861228866811
wayn:1.6931471805599454
long:1.6931471805599454
write:1.0
rs6000:1.0
util:1.0
remot:1.6931471805599454
login:1.0
sparc:1.0
1:1.0
longer:1.0
type:1.6931471805599454
lower:1.6931471805599454
case:1.6931471805599454
window:2.09861228866811
prompt:1.0
thought:1.0
prob:1.0
may:1.0
due:1.0
mgr:1.0
openlook:1.6931471805599454
incompat:1.0
motif:1.6931471805599454
applic:1.0
tri:1.0
tvtwm:1.0
also:1.0
result:1.0
presum:1.0
x11:1.0
key:1.0
definit:1.0
workstat:1.0
system:1.0
admin:1.0
feign:1.0
ignor:1.0
need:1.0
abl:1.0
app:1.0
within:1.0
local:1.0
manag:1.0
oe215:1.0
internet:1.6931471805599454
6501:1.0
william:1.0
cannon:1.0
drive:1.0
west:1.0
uucp:1.6931471805599454
c:1.0
texa:1.6931471805599454
oakhil:1.0
austin:1.0
78735:1.0
8598:1.0
phone:1.0
512:1.0
891:1.6931471805599454
4649:1.0
fax:1.0
3818:1.0
exact:1.0
figur:1.0
solut:1.6931471805599454
pc:1.0
linux:1.0
free:1.0
unix:1.0
x11r5:1.0
openwindow:1.0
3:1.0
0:1.0
would:1.0
appreci:1.0
ewz:1.0
rutger:1.0
lafcol:1.0
