cjh:1.6931471805599454
minster:2.09861228866811
york:2.386294361119891
ac:2.09861228866811
uk:2.09861228866811
subject:1.0
xt:1.0
intrins:1.0
slow:1.6931471805599454
popup:2.9459101490553135
organ:1.0
depart:1.0
comput:1.0
scienc:1.0
univers:1.0
england:1.0
line:1.0
36:1.0
bryan:1.6931471805599454
boreham:1.0
alex:1.0
com:1.0
wrote:1.0
articl:1.0
735259869:1.0
13021:1.0
write:1.0
applic:1.0
creat:1.0
window:2.6094379124341005
button:1.6931471805599454
quit:1.0
press:1.6931471805599454
pop:2.386294361119891
dialog:1.6931471805599454
box:1.6931471805599454
strang:1.0
featur:1.0
program:1.0
alway:1.0
much:1.6931471805599454
faster:1.0
first:1.6931471805599454
time:2.09861228866811
tri:2.09861228866811
2nd:1.0
3rd:1.0
4th:1.0
slower:1.0
shell:1.0
wait:1.0
manag:1.6931471805599454
respond:1.6931471805599454
posit:1.0
request:1.0
think:1.0
alreadi:1.0
right:1.0
place:1.0
exactli:1.0
two:1.0
compon:1.0
get:1.0
sulk:1.0
unclear:1.0
inform:1.0
greatli:1.0
receiv:1.0
thank:2.09861228866811
clue:1.0
derek:1.6931471805599454
ho:2.09861228866811
also:1.6931471805599454
pointer:1.0
direct:1.0
one:1.0
solut:1.6931471805599454
due:1.0
setvalu:2.09861228866811
locat:2.6094379124341005
repeat:1.0
unchang:1.0
previou:1.0
respons:1.0
avoid:1.6931471805599454
call:1.0
getvalu:1.0
use:2.09861228866811
requir:1.0
differ:1.0
problem:1.6931471805599454
make:1.0
tini:1.0
alter:1.0
realli:1.0
chang:1.6931471805599454
doubl:1.0
check:1.0
sourc:1.0
success:1.0
follow:1.0
1:1.0
twm:1.0
mwm:1.0
rather:1.0
olwm:1.6931471805599454
2:1.0
resourc:1.0
wmtimeout:1.0
10:1.0
3:1.0
reset:1.0
trueli:1.0
obvious:1.0
work:1.0
around:1.0
bug:1.0
somewher:1.0
chri:1.0
stuart:1.0
