min:2.09861228866811
stella:1.6931471805599454
skku:1.6931471805599454
ac:1.6931471805599454
kr:1.6931471805599454
hyoung:1.0
bok:1.0
subject:1.0
subscrib:1.6931471805599454
organ:1.0
internet:1.0
line:1.0
3:1.0
expert:1.0
expo:1.0
lc:1.0
mit:1.0
edu:1.0
