ge:2.6094379124341005
severi:2.791759469228055
uunet:2.386294361119891
uu:1.6931471805599454
net:1.6931471805599454
subject:1.0
overrid:2.09861228866811
window:4.13549421592915
manag:2.6094379124341005
focu:2.386294361119891
process:2.09861228866811
organ:1.0
inform:1.6931471805599454
servic:1.6931471805599454
rockvil:1.6931471805599454
md:1.6931471805599454
line:1.0
44:1.0
nntp:1.0
post:1.6931471805599454
host:1.0
c:1.0
utexa:1.0
edu:1.0
keyword:1.0
motif:2.6094379124341005
work:2.09861228866811
x:1.6931471805599454
base:1.0
applic:1.6931471805599454
need:2.09861228866811
use:1.0
x11r4:1.0
1:2.09861228866811
current:1.6931471805599454
although:1.0
also:1.0
open:1.0
look:1.6931471805599454
futur:1.0
certain:1.6931471805599454
circumst:1.6931471805599454
prevent:1.6931471805599454
user:2.09861228866811
switch:2.9459101490553135
one:1.0
anoth:1.0
let:1.0
say:1.0
exampl:1.0
top:2.791759469228055
b:2.386294361119891
hierarchi:1.6931471805599454
normal:1.0
click:1.6931471805599454
mous:1.6931471805599454
brought:1.0
place:2.09861228866811
beep:1.6931471805599454
rais:1.0
research:1.0
test:1.0
done:1.0
far:1.0
appear:1.0
order:1.6931471805599454
handl:1.0
case:1.6931471805599454
found:1.0
way:1.6931471805599454
default:1.0
standard:1.0
function:2.09861228866811
tell:2.09861228866811
occur:1.0
chang:1.0
map:1.0
notifi:1.0
event:1.0
find:1.0
make:1.0
temporari:1.0
solut:1.0
come:1.0
kludgi:1.0
partial:1.0
detect:1.0
allow:1.0
manual:1.0
forc:1.0
formerli:1.0
back:1.0
xraisewindow:1.0
call:1.0
xbell:1.0
provid:1.0
necessari:1.0
ugli:1.0
twice:1.0
anyon:1.0
know:1.0
prefer:1.0
want:1.0
actual:1.0
take:1.0
respond:1.0
either:1.0
e:1.0
mail:1.0
newsgroup:1.0
cheer:1.0
randal:1.6931471805599454
internet:1.0
401:1.0
n:1.0
washington:1.0
st:1.0
mc05a:1.0
geni:1.0
rseveri:1.0
20850:1.0
usa:1.0
phone:1.0
301:1.0
340:1.0
4543:1.0
