skip:2.6094379124341005
eco:2.386294361119891
twg:2.386294361119891
com:2.386294361119891
koppenhav:1.6931471805599454
subject:1.0
pulldown:2.386294361119891
menu:2.791759469228055
period:1.6931471805599454
hang:2.6094379124341005
applic:2.9459101490553135
openwindow:2.6094379124341005
3:2.386294361119891
0:2.09861228866811
nntp:1.0
post:1.0
host:1.0
repli:1.0
organ:1.0
wollongong:1.0
group:1.0
east:1.0
coast:1.0
oper:1.0
line:1.0
47:1.0
anyon:1.0
found:1.0
fix:1.0
follow:1.6931471805599454
problem:2.386294361119891
client:1.0
softwar:1.6931471805599454
tsuno:1.6931471805599454
4:1.6931471805599454
1:2.9459101490553135
x11r5:1.6931471805599454
server:2.791759469228055
hardwar:1.0
tsun:1.0
ipc:1.0
open:1.0
window:1.6931471805599454
w:1.0
patch:2.09861228866811
100444:1.6931471805599454
37:1.6931471805599454
motif:2.09861228866811
2:2.6094379124341005
run:1.6931471805599454
xnew:1.0
display:1.6931471805599454
button:1.0
action:1.0
effect:1.6931471805599454
sometim:1.0
press:1.0
return:1.0
unstick:1.0
usual:1.0
look:1.0
like:1.0
grab:1.0
focu:1.0
never:1.0
let:1.0
go:1.0
continu:1.0
get:2.09861228866811
updat:1.0
log:1.0
anoth:1.0
termin:1.6931471805599454
kill:1.0
everyth:1.0
back:1.0
normal:1.0
x:1.6931471805599454
includ:1.0
mit:1.0
xsun:1.0
decwindow:1.0
tektronix:1.0
obvious:1.0
need:1.0
work:1.0
around:1.0
sinc:1.0
custom:1.0
user:1.0
tri:1.6931471805599454
thing:1.0
instal:1.0
latest:1.0
version:1.6931471805599454
use:1.0
mwm:1.0
instead:1.0
olwm:1.0
appli:1.0
specifi:1.0
faq:1.0
question:1.0
110:1.0
disabl:1.0
point:1.0
click:2.386294361119891
method:1.6931471805599454
interact:1.0
oppos:1.0
drag:1.0
screw:1.0
mnemon:1.0
key:1.0
seem:1.0
help:1.6931471805599454
still:1.0
abl:1.0
repeat:1.6931471805599454
intermitt:1.0
sever:1.0
time:1.0
releas:1.6931471805599454
head:1.0
pop:1.0
item:1.0
would:1.0
appreci:1.0
thank:1.0
advanc:1.0
