jigang:2.386294361119891
dale:2.09861228866811
ssc:2.386294361119891
gov:2.09861228866811
yang:1.6931471805599454
subject:1.0
internation:1.0
menu:1.0
icon:2.6094379124341005
label:1.0
keyword:1.0
motif:2.791759469228055
openlook:1.0
nntp:1.0
post:1.0
host:1.0
organ:1.0
lab:1.0
line:1.0
15:1.0
problem:1.6931471805599454
pixmap:2.09861228866811
applic:1.0
run:1.6931471805599454
openwindow:1.6931471805599454
wrote:1.0
program:1.0
fine:1.0
window:1.0
manag:1.0
x11r5:2.09861228866811
mwm:1.0
show:1.0
openwin:1.0
olwm:1.6931471805599454
anybodi:1.0
got:1.0
kind:1.0
need:1.0
clue:1.0
exampl:1.0
work:1.0
great:1.0
jyang:1.0
sscvx1:1.0
bitnet:1.0
2550:1.0
beckleymead:1.0
ave:1.0
m:1.0
4011:1.0
tel:1.0
214:1.6931471805599454
708:1.6931471805599454
3498:1.0
dalla:1.0
tx:1.0
75237:1.0
fax:1.0
4898:1.0
