ma201r:2.09861228866811
prism:2.09861228866811
gatech:2.386294361119891
edu:2.09861228866811
shonkwil:1.6931471805599454
r:1.6931471805599454
w:1.6931471805599454
subject:1.0
screen:1.0
problem:1.0
unix:2.09861228866811
xwindow:1.6931471805599454
solari:2.09861228866811
keyword:1.0
organ:1.0
georgia:2.09861228866811
institut:1.6931471805599454
technolog:1.6931471805599454
line:2.386294361119891
23:1.0
experi:1.0
sun:1.0
openwindow:1.0
4:1.0
1:1.6931471805599454
3:1.6931471805599454
xterm:1.0
window:1.0
log:1.6931471805599454
2:1.6931471805599454
x:1.0
machin:1.0
use:1.6931471805599454
rlogin:1.6931471805599454
l:1.0
get:1.0
first:1.0
charact:1.0
display:2.09861228866811
last:1.0
column:1.0
rest:1.0
wrap:1.0
next:1.0
condit:1.0
persist:1.0
check:1.0
stti:1.0
tri:1.6931471805599454
reset:1.6931471805599454
effect:1.0
telnet:1.0
instead:1.0
occur:1.6931471805599454
consol:1.0
caus:1.0
avoid:1.0
termin:1.0
characterist:1.0
plea:1.0
send:1.0
repli:1.0
shenk:1.0
math:1.0
atlanta:1.0
30332:1.0
uucp:1.0
allegra:1.0
amd:1.0
hplab:1.0
seismo:1.0
ut:1.0
ngp:1.0
arpa:1.0
