egan:2.6094379124341005
phony25:2.09861228866811
cc:2.09861228866811
utah:2.6094379124341005
edu:2.6094379124341005
f:1.6931471805599454
ford:1.6931471805599454
subject:1.0
color:2.09861228866811
xterm:2.09861228866811
keyword:1.0
repli:1.0
hellgat:1.6931471805599454
organ:1.0
call:1.0
busi:1.0
system:1.0
line:1.0
9:1.0
look:1.0
current:1.0
patch:1.0
x11r5:1.0
pl19:1.0
ro:1.0
higher:1.0
could:1.0
someon:1.0
plea:1.0
tell:1.0
get:1.0
e:1.0
mail:1.0
thank:1.0
