thor:2.09861228866811
surt:1.0
atd:1.6931471805599454
ucar:1.6931471805599454
edu:2.09861228866811
richard:1.6931471805599454
e:1.0
neitzel:1.6931471805599454
subject:1.0
xcursor4:1.6931471805599454
1:2.09861228866811
organ:1.0
nation:1.6931471805599454
center:1.6931471805599454
atmospher:1.6931471805599454
research:1.6931471805599454
line:1.0
9:1.0
xannounc:1.0
expo:1.0
lc:1.0
mit:1.0
xcursor:1.0
version:1.0
4:1.0
export:1.0
tar:1.0
z:1.0
ad:1.0
new:1.0
option:1.0
determin:1.0
request:1.0
cursor:1.0
size:1.0
ok:1.0
cours:1.0
server:1.0
may:1.0
lie:1.0
torren:1.0
med:1.6931471805599454
sitt:1.6931471805599454
skjegg:1.0
lokkar:1.0
borni:1.6931471805599454
sole:1.0
vegg:1.0
box:1.0
3000:1.6931471805599454
boulder:1.0
co:1.0
80307:1.0
gjo:1.0
shinn:1.0
303:1.0
497:1.0
2057:1.0
jagar:1.0
inn:1.0
