tim:2.6094379124341005
kimba:1.6931471805599454
catt:2.09861228866811
citri:2.386294361119891
edu:1.6931471805599454
au:1.6931471805599454
liddelow:1.6931471805599454
subject:1.0
instal:1.0
mit:1.6931471805599454
x11r5:1.6931471805599454
apollo:1.6931471805599454
organ:1.0
centr:1.6931471805599454
melbourn:1.6931471805599454
australia:1.6931471805599454
line:1.0
14:1.0
guru:1.0
let:1.0
know:1.0
experi:1.0
build:1.0
without:1.0
gcc:1.0
2:1.0
3:2.386294361119891
particular:1.0
anyth:1.0
watch:1.0
thank:1.0
advanc:1.6931471805599454
fork:1.0
system:1.0
programm:1.0
technolog:1.0
telecommun:1.0
brain:1.0
bad:1.0
day:1.0
internet:1.0
phone:1.0
61:1.6931471805599454
282:1.6931471805599454
2455:1.0
fax:1.0
2444:1.0
