organ:1.0
ministri:1.0
educ:1.0
comput:1.0
center:1.0
netnew:1.0
system:1.0
v2:1.0
3:1.0
chlbs079:1.0
twnmoe10:1.0
bitnet:1.0
subject:1.0
chang:1.0
default:2.09861228866811
visual:2.09861228866811
line:1.0
5:1.0
hp720:1.0
workstat:1.0
use:1.0
pseudocolor:1.0
id:1.0
0x21:1.0
255:1.0
color:1.0
start:1.0
x:1.0
differ:1.0
