humesdg1:1.6931471805599454
netnew:1.0
jhuapl:1.6931471805599454
edu:1.6931471805599454
dave:1.6931471805599454
hume:1.6931471805599454
subject:1.0
xwd:2.6094379124341005
segment:1.6931471805599454
fault:1.6931471805599454
keyword:1.0
x11:1.6931471805599454
organ:1.0
jhu:1.0
appli:1.6931471805599454
physic:1.6931471805599454
laboratori:1.6931471805599454
line:1.0
22:1.0
plan:1.0
use:1.6931471805599454
follow:1.0
pipe:1.6931471805599454
move:1.0
display:1.6931471805599454
data:1.0
system:1.0
color:1.0
hardcopi:1.0
unit:1.0
txwd:1.0
xwud:2.386294361119891
hostnam:1.0
0:2.09861228866811
test:1.0
simpl:1.0
window:1.0
like:1.6931471805599454
openwindow:1.6931471805599454
file:2.386294361119891
manag:1.0
work:1.0
fine:1.0
tri:1.6931471805599454
complex:1.0
larger:1.0
imag:1.0
part:1.0
blew:1.0
without:1.0
redirect:1.0
output:1.0
input:1.0
got:1.0
error:1.0
guess:1.0
seem:1.0
run:1.0
memori:1.0
happen:1.0
sparc:1.0
10:1.0
64:1.0
meg:1.6931471805599454
128:1.0
swap:1.0
space:1.0
one:1.0
user:1.0
minim:1.0
activ:1.0
3:1.6931471805599454
mb:1.0
verion:1.0
suppli:1.0
sun:1.0
distribut:1.0
believ:1.0
correspond:1.0
r4:1.0
idea:1.0
thank:1.0
advanc:1.0
john:1.0
hopkin:1.0
univers:1.0
410:1.0
792:1.0
6651:1.0
aplcomm:1.0
