inou:2.09861228866811
crd:1.6931471805599454
yokogawa:2.09861228866811
co:1.6931471805599454
jp:1.6931471805599454
takeshi:1.0
subject:1.0
see:1.0
characterset:1.0
wchar:3.5649493574615367
nntp:1.0
post:1.0
host:1.0
emu:1.0
distribut:1.0
comp:1.0
organ:1.0
electr:1.6931471805599454
corpor:1.6931471805599454
tokyo:1.0
japan:1.0
line:1.0
137:1.0
develop:1.0
toolkit:2.9459101490553135
run:1.0
x:1.0
window:1.0
system:2.09861228866811
cope:1.0
languag:1.0
base:2.386294361119891
x11r5:2.9459101490553135
i18n:3.302585092994046
facil:1.0
know:2.386294361119891
2:1.0
kind:1.0
implement:2.9459101490553135
mit:2.6094379124341005
releas:2.09861228866811
xsi:3.1972245773362196
ximp:2.791759469228055
origin:1.0
use:3.1972245773362196
manag:1.6931471805599454
charact:3.302585092994046
size:1.0
font:1.6931471805599454
order:1.6931471805599454
type:2.386294361119891
string:2.6094379124341005
must:2.386294361119891
decompos:1.0
set:2.791759469228055
mean:1.0
one:1.6931471805599454
compound:1.0
ascii:1.0
kanji:1.0
mix:1.0
exampl:1.0
given:1.0
element:1.6931471805599454
array:1.0
check:2.09861228866811
correspond:1.0
bit:1.0
layout:1.0
applic:2.386294361119891
environ:1.0
local:2.09861228866811
case:1.0
japanes:1.0
classifi:1.0
either:1.0
iso8859:1.0
1:2.6094379124341005
jisx0208:1.0
need:1.0
function:3.6390573296152584
mani:1.0
top:1.0
could:1.0
find:2.09861228866811
public:1.6931471805599454
inevit:1.0
intern:2.6094379124341005
construct:1.6931471805599454
follow:1.6931471805599454
sourc:1.6931471805599454
code:2.791759469228055
decomposecharacterset:2.386294361119891
h:3.5649493574615367
may:1.0
look:1.0
like:1.6931471805599454
c:2.386294361119891
realli:1.0
id:1.6931471805599454
v:1.6931471805599454
1992:1.6931471805599454
01:2.09861228866811
21:1.6931471805599454
12:1.6931471805599454
05:2.09861228866811
24:1.0
iima:2.09861228866811
exp:1.6931471805599454
ifndef:1.0
defin:2.386294361119891
includ:3.0794415416798357
x11:2.09861228866811
xlib:1.0
extern:2.9459101490553135
int:3.70805020110221
const:2.6094379124341005
wc:3.0794415416798357
str:2.386294361119891
len:3.0794415416798357
char:2.6094379124341005
buf:2.6094379124341005
buflen:1.0
scan:2.09861228866811
charset:2.791759469228055
xmstring:1.0
wchartoxmstr:1.0
xmstringcharset:1.0
charsetofwchar:1.0
endif:1.0
cc:1.6931471805599454
stdlib:1.0
xlibint:1.0
xm:1.6931471805599454
xwcdecomposeglyphcharset:2.791759469228055
xxx:2.09861228866811
xmbfsc:2.791759469228055
xmbctidtocsid:2.791759469228055
xlocaleint:1.6931471805599454
undef:2.09861228866811
xlocal:3.0794415416798357
csid:2.09861228866811
xfallbackconvert:1.6931471805599454
ctid:2.09861228866811
statu:2.386294361119891
xcharset:2.09861228866811
success:1.6931471805599454
txcharset:1.0
name:1.0
null:1.6931471805599454
el:1.0
return:1.0
file:2.09861228866811
also:1.6931471805599454
copi:1.0
directori:1.0
compil:1.6931471805599454
seriou:1.0
issu:1.0
occur:1.6931471805599454
tri:1.6931471805599454
hp:3.3978952727983707
machin:1.0
o:1.6931471805599454
version:2.386294361119891
ux9:1.0
link:1.6931471805599454
error:1.0
say:1.0
miss:1.0
up9:1.0
0:1.6931471805599454
ran:1.0
reason:1.0
9:1.0
way:1.6931471805599454
r5:1.6931471805599454
would:1.6931471805599454
hope:1.0
popular:1.0
linker:1.0
complain:1.0
observ:1.0
libx11:1.0
sure:1.0
vanilla:1.0
therefor:1.0
counter:1.0
part:1.0
seem:1.0
lead:1.0
u:1.0
solut:1.0
question:1.0
goal:1.6931471805599454
list:1.0
depend:1.0
perfect:1.0
even:1.6931471805599454
want:1.6931471805599454
render:1.0
machineri:1.0
judg:1.0
proper:1.0
select:1.0
without:1.0
help:1.0
comment:1.0
highli:1.0
appreci:1.6931471805599454
anyon:1.0
tell:1.0
treat:1.0
around:1.0
area:1.0
thank:1.0
ttakeshi:1.0
tinou:1.0
tyokogawa:1.0
topen:1.0
laboratori:1.0
t0422:1.0
52:1.0
5557:1.0
