usun:1.0
mcl:1.0
ucsb:1.0
edu:1.0
sonni:1.0
subject:1.0
x:2.09861228866811
bitmap:1.6931471805599454
postscript:1.6931471805599454
line:1.0
10:1.0
hey:1.0
folk:1.0
cours:1.0
develop:1.0
window:1.6931471805599454
applic:1.0
encount:1.0
problem:1.0
could:1.0
transform:1.0
file:1.0
librari:1.0
routin:1.0
sourc:1.0
code:1.0
call:1.0
job:1.0
thank:1.0
advanc:1.0
p:1.0
email:1.0
repli:1.0
plea:1.0
seldom:1.0
read:1.0
newsgroup:1.0
