rao:2.386294361119891
cse:2.09861228866811
uta:2.09861228866811
edu:2.09861228866811
venkatesh:1.0
simha:1.0
subject:1.0
xrn:1.6931471805599454
xarchi:1.6931471805599454
hp:1.6931471805599454
9000:1.6931471805599454
730:1.6931471805599454
asap:1.0
nntp:1.0
post:1.0
host:1.0
organ:1.0
comput:1.0
scienc:1.0
engin:1.0
univers:1.0
texa:1.0
arlington:1.0
line:1.0
10:1.0
thi:1.0
ti:1.0
need:1.0
version:1.0
8:1.0
o:1.0
either:1.0
sourc:1.0
form:1.6931471805599454
prefer:1.0
execut:1.0
plea:1.0
suggest:1.0
find:1.0
tsend:1.0
e:1.0
mail:1.0
thank:1.0
advanc:1.0
ssc:1.0
