dick:1.6931471805599454
bart:1.0
starnet:2.6094379124341005
com:1.6931471805599454
montgomeri:1.0
subject:1.0
x:2.791759469228055
window:1.0
pc:2.791759469228055
organ:1.0
commun:2.09861228866811
corp:1.0
line:1.0
23:1.0
briefli:1.0
four:1.0
server:1.0
packag:1.0
tmicro:2.386294361119891
lite:1.0
75:1.0
00:2.386294361119891
tinclud:2.386294361119891
integr:2.09861228866811
tcp:3.0794415416798357
ip:2.791759469228055
run:2.09861228866811
640kb:1.0
arc:1.0
enlit:1.0
150:1.0
do:2.09861228866811
shape:1.6931471805599454
extens:1.6931471805599454
interfac:2.09861228866811
novel:1.6931471805599454
345:1.0
225:1.0
ea:1.6931471805599454
5:1.6931471805599454
pack:1.6931471805599454
ftp:1.6931471805599454
nf:1.6931471805599454
win:1.0
425:1.0
300:1.0
lanera:1.0
tcpopen:1.0
stack:1.0
util:1.0
sun:1.0
winsock:1.0
inform:1.0
contact:1.0
tfax:1.0
1:1.6931471805599454
408:1.6931471805599454
739:1.6931471805599454
0936:1.0
3073:1.0
lawrenc:1.0
expressway:1.0
tvoic:1.0
0881:1.0
santa:1.0
clara:1.0
ca:1.0
95051:1.0
te:1.0
mail:1.0
microx:1.0
