mike:1.6931471805599454
hopper:1.6931471805599454
virginia:1.6931471805599454
edu:1.6931471805599454
michael:1.0
chapman:1.0
subject:1.0
tektronix:1.6931471805599454
organ:1.0
itc:1.0
uva:1.0
commun:1.0
access:1.0
unix:1.0
internet:1.0
project:1.0
line:1.0
6:1.0
rememb:1.0
see:1.0
someth:1.0
x:1.6931471805599454
distribut:1.0
mention:1.0
support:1.0
termin:1.0
server:1.0
accur:1.0
ac:1.0
rais:1.0
tax:1.0
middl:1.0
class:1.0
unknown:1.0
