dcr:2.09861228866811
mail:2.386294361119891
ast:2.386294361119891
cam:2.386294361119891
ac:2.386294361119891
uk:2.386294361119891
derek:2.09861228866811
c:1.6931471805599454
richardson:1.6931471805599454
subject:1.0
alloc:2.386294361119891
color:2.09861228866811
nntp:1.0
post:1.0
host:1.0
ioas09:1.0
repli:1.0
organ:1.0
institut:1.6931471805599454
astronomi:1.6931471805599454
cambridg:1.6931471805599454
line:1.0
20:1.0
anyon:1.0
tell:1.0
get:1.0
total:1.0
number:2.386294361119891
cell:2.09861228866811
default:1.0
colormap:1.6931471805599454
e:1.6931471805599454
g:1.0
defaultcolormap:1.0
mydisplay:1.6931471805599454
myscreen:1.6931471805599454
maximum:1.0
given:1.0
defaultcel:1.0
gener:1.0
actual:1.0
much:1.0
le:1.0
depend:1.0
requir:1.0
window:1.0
current:1.0
place:1.0
like:1.0
way:1.0
determin:1.0
thank:1.0
advanc:1.0
tel:1.0
0223:1.6931471805599454
337548:1.0
x:1.0
37501:1.0
fax:1.0
337523:1.0
u:1.0
k:1.0
cb3:1.0
0ha:1.0
