iri:1.0
smith:1.0
cup:1.0
portal:1.6931471805599454
com:1.0
subject:1.0
draw:1.0
line:1.6931471805599454
invers:1.0
xor:1.6931471805599454
organ:1.0
system:1.0
tm:1.0
1993apr21:1.0
111919:1.0
5281:1.0
alf:1.0
uib:1.0
drand:1.0
93apr21114830:1.0
spinner:1.0
osf:1.0
org:1.0
3:1.0
also:1.0
set:1.0
foreground:1.6931471805599454
background:1.0
color:1.0
xsetforeground:1.0
fg:1.0
bg:1.0
work:1.0
great:1.0
least:1.0
truecolor:1.0
visual:1.0
