megan:2.6094379124341005
c:2.09861228866811
uq:2.09861228866811
oz:2.09861228866811
au:2.09861228866811
greneng:1.6931471805599454
subject:1.0
regress:2.09861228866811
test:2.386294361119891
x:2.791759469228055
summari:1.0
info:1.0
requir:1.0
captur:1.6931471805599454
playback:1.6931471805599454
tool:2.09861228866811
client:2.09861228866811
keyword:1.0
repli:1.0
line:1.0
10:1.0
appreci:1.0
feedback:1.0
use:1.0
pull:1.0
xtm:1.6931471805599454
public:1.0
domain:1.0
appear:1.0
set:1.0
server:1.0
comparison:1.0
comment:1.0
would:1.0
great:1.0
particularli:1.0
xrunner:1.0
autotest:1.0
sri:1.0
capbak:1.0
smart:1.0
exdiff:1.0
