mknewman:1.6931471805599454
blkbox:2.09861228866811
com:2.09861228866811
marc:1.6931471805599454
kraker:1.0
newman:1.6931471805599454
subject:1.0
unsubscrib:1.6931471805599454
pancamo:1.6931471805599454
comm:1.0
organ:1.0
internet:1.0
line:1.0
5:1.0
nntp:1.0
post:1.0
host:1.0
enterpoop:1.0
mit:1.6931471805599454
edu:1.6931471805599454
xpert:1.0
expo:1.0
lc:1.0
plea:1.0
user:1.0
becom:1.0
inact:1.0
wish:1.0
discontinu:1.0
particip:1.0
mail:1.0
list:1.0
lkbox:1.0
