yuri:2.386294361119891
physic:1.0
heriot:1.0
watt:1.0
ac:1.6931471805599454
uk:1.6931471805599454
rzhanov:1.0
subject:1.0
repost:1.6931471805599454
xview:2.791759469228055
slider:2.791759469228055
organ:1.0
internet:1.0
line:1.0
37:1.0
nntp:1.0
post:1.0
host:1.0
enterpoop:1.0
mit:1.6931471805599454
edu:1.6931471805599454
xpert:2.09861228866811
expo:1.0
lc:1.0
hi:1.0
one:1.0
respond:1.0
desper:1.0
yell:1.0
8:1.6931471805599454
believ:1.0
wizard:1.0
use:1.6931471805599454
app:1.6931471805599454
usual:1.0
edit:1.0
numer:1.6931471805599454
field:2.09861228866811
seem:1.0
control:1.6931471805599454
length:2.09861228866811
appear:1.0
long:1.0
enough:1.0
keep:1.6931471805599454
sever:1.0
charact:1.6931471805599454
even:1.0
maximum:1.0
valu:2.6094379124341005
set:1.6931471805599454
panel:3.1972245773362196
max:1.0
understand:1.0
display:2.09861228866811
number:1.0
text:2.6094379124341005
item:2.6094379124341005
work:1.0
case:1.0
despit:1.0
fact:1.0
h:1.0
contain:1.0
follow:1.0
bit:1.0
multilin:1.0
attribut:2.6094379124341005
tpanel:1.6931471805599454
notifi:1.0
level:1.0
attr:2.386294361119891
enum:1.0
152:1.0
int:1.0
182:1.0
give:2.386294361119891
hint:1.0
1:1.0
noth:1.0
2:1.0
xv:1.0
get:1.0
ting:1.0
warn:1.0
bad:1.0
return:1.0
0:1.0
strang:1.0
thing:1.0
dec:1.0
port:1.0
plenti:1.0
space:1.0
sun:1.0
someon:1.0
share:1.0
experi:1.0
manag:1.0
clear:1.0
problem:1.0
help:1.0
much:1.0
appreci:1.0
hw:1.0
phi:1.0
