roeber:2.791759469228055
vxcrna:1.0
cern:2.791759469228055
ch:2.09861228866811
frederick:1.6931471805599454
subject:1.0
24:2.09861228866811
bit:2.09861228866811
static:2.386294361119891
color:1.6931471805599454
client:2.386294361119891
like:1.6931471805599454
repli:1.0
organ:1.6931471805599454
european:1.6931471805599454
nuclear:1.6931471805599454
research:1.6931471805599454
line:1.0
write:1.6931471805599454
x:2.6094379124341005
server:2.386294361119891
video:1.0
gener:1.0
equip:1.0
hardwar:1.6931471805599454
truecolor:1.0
yuv:2.09861228866811
space:1.6931471805599454
term:1.0
visual:2.09861228866811
would:1.6931471805599454
realli:1.0
present:1.6931471805599454
sure:1.0
accept:1.6931471805599454
three:1.0
problem:1.0
see:1.0
1:1.0
colormap:1.0
though:1.0
huge:1.0
2:1.0
pixel:1.0
3:1.6931471805599454
byte:1.0
wide:1.0
actual:1.0
live:1.0
translat:1.0
rgb:1.0
introduc:1.0
round:1.0
error:1.0
guy:1.6931471805599454
ask:1.0
limit:1.0
thwart:1.0
mani:1.0
stuff:1.0
float:1.0
around:1.0
blith:1.0
given:1.0
could:1.0
also:1.0
pseudocolor:1.0
e:1.6931471805599454
g:1.6931471805599454
8:1.0
rather:1.0
avoid:1.0
necessari:1.0
know:1.0
absolut:1.0
appreci:1.0
hear:1.0
peopl:1.0
opinion:1.0
suggest:1.0
thank:1.0
center:1.0
mail:1.6931471805599454
caltech:1.0
edu:1.0
work:1.0
41:1.0
22:1.0
767:1.0
31:1.0
80:1.0
r:1.0
ppe:1.0
1211:1.0
geneva:1.0
23:1.0
switzerland:1.0
home:1.0
33:1.0
50:1.0
20:1.0
82:1.0
99:1.0
