r0506048:2.09861228866811
cml3:1.6931471805599454
chun:1.6931471805599454
hung:1.6931471805599454
lin:1.6931471805599454
subject:1.0
xman:2.09861228866811
sourc:2.09861228866811
nntp:1.0
post:1.0
host:1.0
csie:2.09861228866811
ntu:2.386294361119891
edu:2.6094379124341005
tw:2.09861228866811
repli:1.0
organ:1.0
commun:1.6931471805599454
multimedia:1.6931471805599454
lab:1.6931471805599454
taiwan:2.09861228866811
x:1.0
newsread:1.0
tin:1.0
1:1.6931471805599454
pl3:1.0
line:1.0
15:1.0
jlong:1.0
b4pps40:1.0
berkeley:1.0
john:1.0
long:1.0
write:1.0
get:1.6931471805599454
would:1.6931471805599454
like:1.0
binari:1.0
hp:1.0
9000:1.0
700:1.0
settl:1.0
tri:1.0
xport:1.0
lc:1.0
mit:1.0
direcotri:1.0
contrib:1.0
lt:1.0
dept:1.0
comp:1.0
sci:1.0
info:1.0
eng:1.0
nation:1.0
univers:1.0
taipei:1.0
r:1.0
c:1.0
