eei:1.6931471805599454
eeiihi:1.6931471805599454
memo:1.0
ericsson:1.0
se:1.0
353:1.6931471805599454
1:1.6931471805599454
2800455:1.6931471805599454
subject:1.0
help:1.6931471805599454
organ:1.0
internet:1.6931471805599454
line:1.0
5:1.0
nntp:1.0
post:1.0
host:1.0
enterpoop:1.0
mit:2.09861228866811
edu:2.09861228866811
xpert:1.6931471805599454
expo:1.6931471805599454
lc:1.6931471805599454
receiv:1.0
93:1.0
04:1.0
26:1.0
12:1.0
28:1.0
vax:1.6931471805599454
inet:1.0
mail:1.0
user:1.0
