rchui:2.09861228866811
nswc:2.6094379124341005
wo:1.0
navi:2.09861228866811
mil:2.09861228866811
raymond:1.6931471805599454
chui:1.6931471805599454
subject:1.0
question:1.6931471805599454
found:1.0
faq:1.0
repli:1.0
opal:1.6931471805599454
organ:1.0
navswc:1.0
dd:1.0
white:1.0
oak:1.0
det:1.0
line:2.09861228866811
52:1.0
creat:2.09861228866811
pixmap:2.09861228866811
drawabl:1.6931471805599454
window:1.6931471805599454
use:1.0
xdrawlin:2.09861228866811
function:1.6931471805599454
draw:1.6931471805599454
fingur:1.0
twidth:1.0
300:2.386294361119891
tp1:1.0
height:1.0
p3:1.6931471805599454
p2:1.6931471805599454
ti:1.0
size:1.0
300x300:1.0
p1:1.0
x1:1.0
270:1.6931471805599454
y1:1.0
100:2.386294361119891
x2:1.0
500:1.6931471805599454
y2:1.0
800:1.6931471805599454
dose:1.0
finger:1.0
correct:1.0
x3:2.6094379124341005
y3:2.386294361119891
calcul:1.0
art:1.0
tan:2.09861228866811
71:1.6931471805599454
81:1.6931471805599454
degre:1.0
198:1.0
58:1.0
integ:1.0
199:1.0
prove:1.0
give:1.0
right:1.0
plea:1.0
ask:1.0
900x900:1.0
wan:1.0
thank:1.0
advanc:1.0
h:1.0
n62:1.0
10901:1.0
new:1.0
hampshir:1.0
ave:1.0
silver:1.0
spring:1.0
md:1.0
20903:1.0
5000:1.0
u:1.0
voic:1.0
1:1.6931471805599454
301:1.6931471805599454
394:1.6931471805599454
3807:1.0
ext:1.0
45:1.0
fax:1.0
4483:1.0
email:1.0
