beck:2.6094379124341005
irzr17:1.6931471805599454
inf:2.386294361119891
tu:2.6094379124341005
dresden:2.6094379124341005
de:2.386294361119891
andr:2.386294361119891
subject:1.0
titl:1.0
xterm:1.0
organ:1.0
dept:1.0
comput:1.0
scienc:1.0
germani:1.0
line:1.0
14:1.0
distribut:1.0
world:1.0
repli:1.0
ir:1.6931471805599454
nntp:1.0
post:1.0
host:1.0
yet:1.0
escap:1.0
sequenc:2.09861228866811
speak:1.0
non:1.0
standard:1.0
danger:1.0
fact:1.0
ansi:1.0
compliant:1.0
parser:1.0
hang:1.0
strang:1.0
esc:1.0
instead:1.0
compat:1.0
dsc:1.0
brain:1.0
insid:1.0
abpsoft:1.0
mehl:1.0
