lehor:1.6931471805599454
koala:2.09861228866811
inria:2.09861228866811
fr:2.09861228866811
arnaud:1.6931471805599454
le:1.6931471805599454
hor:1.6931471805599454
subject:1.0
xpm:2.6094379124341005
3:2.6094379124341005
2g:2.386294361119891
avail:1.0
keyword:1.0
organ:1.0
project:1.6931471805599454
bull:2.09861228866811
research:1.6931471805599454
franc:1.6931471805599454
line:1.0
44:1.0
export:1.0
lc:1.0
mit:1.0
edu:2.386294361119891
directori:1.6931471805599454
contrib:1.0
avahi:1.0
pub:1.0
2f:1.0
patch:1.0
z:2.09861228866811
tar:1.0
copyright:1.6931471805599454
1990:1.0
93:1.6931471805599454
group:1.0
see:1.0
licens:1.0
condit:1.0
file:1.6931471805599454
thistori:1.0
user:1.0
visibl:1.0
chang:1.0
04:1.0
26:1.0
enhanc:1.0
much:1.0
faster:1.0
close:1.6931471805599454
color:2.9459101490553135
pipe:1.0
compress:1.0
handl:1.0
gnu:1.0
gzip:1.0
format:1.0
ad:1.6931471805599454
xpmcolorkey:1.6931471805599454
attribut:2.09861228866811
abil:1.0
specifi:1.6931471805599454
visual:1.6931471805599454
use:1.6931471805599454
ie:1.0
possibl:1.0
read:1.6931471805599454
pixmap:1.0
monochrom:1.0
mono:1.0
grey4:1.0
grey:1.0
option:1.0
sxpm:1.6931471805599454
demonstr:1.0
jason:1.6931471805599454
patterson:1.6931471805599454
jasonp:1.6931471805599454
fitmail:1.6931471805599454
qut:1.6931471805599454
au:1.6931471805599454
bug:2.386294361119891
correct:1.0
fix:2.386294361119891
redefin:1.0
none:1.0
pixel:1.6931471805599454
stop:1.0
mask:1.0
gener:1.0
minor:1.6931471805599454
svr4:1.0
defin:1.6931471805599454
string:1.0
h:1.6931471805599454
annoy:1.0
closecolor:1.0
relat:1.0
write:1.0
cell:1.0
valu:1.0
overload:1.0
manual:1.0
updat:1.0
includ:1.0
new:1.0
red:1.0
green:1.0
blue:1.0
top:1.0
imakefil:2.09861228866811
miss:1.0
depend:1.0
target:1.0
l:1.0
lib:2.09861228866811
set:1.0
standard:1.0
librari:1.0
locat:1.0
vivek:1.0
khera:1.6931471805599454
c:1.0
duke:1.0
xpmp:1.0
bcopi:1.0
memcpi:1.0
vm:1.6931471805599454
requir:1.0
recent:1.0
version:1.0
j:1.0
daniel:1.0
smith:1.0
dsmith:1.0
ann:1.0
arbor:1.0
applicon:1.0
slb:1.0
com:1.0
work:1.0
x11r4:1.0
sophia:1.0
