gari:2.386294361119891
ioc:2.09861228866811
co:2.386294361119891
uk:3.0794415416798357
phillip:1.6931471805599454
subject:1.0
xt:1.0
intrins:1.0
slow:1.0
popup:1.0
nntp:1.0
post:1.0
host:1.0
ocelot:1.0
organ:1.0
intellig:1.0
offic:1.0
compani:1.0
ltd:1.0
line:1.0
26:1.0
articl:1.6931471805599454
735525194:1.0
9026:1.0
minster:2.386294361119891
york:2.386294361119891
ac:2.386294361119891
cjh:1.6931471805599454
write:1.6931471805599454
bryan:1.6931471805599454
boreham:1.0
alex:1.0
com:1.0
wrote:1.0
735259869:1.0
13021:1.0
applic:1.6931471805599454
creat:1.0
window:2.386294361119891
button:1.6931471805599454
quit:1.0
press:1.6931471805599454
pop:2.09861228866811
dialog:1.6931471805599454
box:1.6931471805599454
strang:1.0
featur:1.0
program:1.0
alway:1.0
much:1.6931471805599454
faster:1.0
first:1.0
time:2.6094379124341005
tri:1.0
2nd:1.0
3rd:1.0
4th:1.0
slower:1.0
shell:2.09861228866811
wait:1.6931471805599454
manag:1.6931471805599454
respond:1.6931471805599454
posit:1.0
request:1.0
think:1.0
alreadi:1.0
right:1.6931471805599454
place:1.0
exactli:1.0
two:1.0
compon:1.0
get:1.0
sulk:1.0
unclear:1.0
inform:1.0
greatli:1.0
receiv:1.0
seen:1.0
similar:1.0
behaviour:1.0
x:1.6931471805599454
fork:1.0
child:1.6931471805599454
without:1.0
set:1.0
close:1.0
exec:1.0
display:1.0
connect:1.0
file:1.0
descriptor:1.0
configurenotifi:1.6931471805599454
event:1.0
never:1.0
arriv:1.0
got:1.6931471805599454
pick:1.0
sometim:1.0
correctli:1.0
email:1.0
phone:1.6931471805599454
44:1.6931471805599454
81:1.6931471805599454
528:1.6931471805599454
9864:1.0
cix:1.0
compulink:1.0
fax:1.0
9878:1.0
