whaley:2.386294361119891
sigma:1.0
kpc:1.6931471805599454
com:1.6931471805599454
ken:1.0
subject:1.0
24:1.6931471805599454
bit:2.386294361119891
static:1.0
color:1.6931471805599454
client:2.09861228866811
like:1.0
repli:1.0
beck:1.0
irzr17:1.0
inf:1.0
tu:1.0
dresden:1.0
de:1.0
messag:1.0
26:1.0
apr:1.0
1993:1.0
17:1.0
54:1.0
12:1.0
gmt:1.0
organ:1.0
kubota:1.6931471805599454
pacif:1.6931471805599454
comput:1.6931471805599454
inc:1.6931471805599454
line:1.0
21:1.0
even:1.0
24bit:1.0
truecolor:1.6931471805599454
machin:1.0
case:1.0
run:1.6931471805599454
emul:1.6931471805599454
8:1.0
pseudocolor:1.0
visual:1.0
get:1.0
standard:1.0
x:1.6931471805599454
motif:1.0
app:1.0
thelik:1.0
strongli:1.0
suppos:1.0
least:1.0
problem:1.0
translat:1.0
round:2.09861228866811
make:1.0
big:1.0
misfit:1.0
depend:1.0
natur:1.0
allow:1.0
user:1.0
arithmet:1.0
pixel:1.6931471805599454
valu:1.6931471805599454
e:1.0
xor:1.0
foreground:2.09861228866811
backgroun:1.0
togeth:1.0
calcul:1.6931471805599454
use:1.6931471805599454
function:1.0
gxxor:1.0
fill:1.0
chang:1.0
background:1.0
vice:1.0
versa:1.0
preserv:1.0
type:1.0
break:1.0
tken:1.0
kenneth:1.0
408:1.0
748:1.0
6347:1.0
email:1.0
2630:1.0
walsh:1.0
avenu:1.0
santa:1.0
clara:1.0
ca:1.0
95051:1.0
