tomk:1.0
skywalk:1.0
bocaraton:1.0
ibm:2.09861228866811
com:2.386294361119891
thoma:1.0
chun:1.0
hong:1.0
kok:1.0
subject:1.0
moolit:2.6094379124341005
olit:2.09861228866811
organ:1.0
austin:1.0
line:1.0
12:1.0
articl:1.0
stevedavc5y2jz:1.0
3d7:1.0
netcom:1.6931471805599454
stevedav:1.0
steve:1.0
davidson:1.0
write:1.0
anyon:1.0
know:1.0
differ:1.0
sun:1.0
support:1.0
avail:1.0
sparcstat:1.0
motif:1.6931471805599454
open:2.09861228866811
look:2.09861228866811
intrins:1.0
toolkit:1.0
allow:1.0
develop:1.0
build:1.0
applic:1.0
switch:1.0
run:1.0
time:1.0
give:1.0
internet:1.0
chunhong:1.0
vnet:1.0
