klute:2.09861228866811
tommi:1.6931471805599454
informatik:1.6931471805599454
uni:1.6931471805599454
dortmund:2.9459101490553135
de:1.6931471805599454
rainer:1.6931471805599454
subject:1.0
imak:2.9459101490553135
help:1.0
need:1.0
organ:1.0
c:1.0
depart:1.0
univers:1.0
germani:1.6931471805599454
line:1.0
18:1.0
distribut:1.0
world:1.0
nntp:1.0
post:1.0
host:1.0
articl:1.0
1993apr20:1.0
101306:1.0
21536:1.0
def:1.6931471805599454
bae:1.6931471805599454
co:1.6931471805599454
uk:1.6931471805599454
paul:1.6931471805599454
byrn:1.0
write:1.0
someon:1.0
plea:1.0
give:1.0
pointer:1.0
set:1.0
sun:1.6931471805599454
openwindow:1.6931471805599454
enviorn:1.0
check:1.0
document:1.0
find:1.0
clue:1.0
broken:1.0
suggest:1.0
instal:1.0
pure:1.6931471805599454
mit:1.0
x11r5:1.0
get:1.0
ftp:1.0
eu:1.0
net:1.0
file:1.0
pub:1.0
x11:1.0
misc:1.0
tar:1.0
z:1.0
117807:1.0
byte:1.0
dipl:1.0
inform:1.0
r:1.0
b:1.0
immer:1.0
richtig:1.0
beraten:1.0
univ:1.6931471805599454
irb:1.0
postfach:1.0
500500:1.0
tel:1.0
49:1.6931471805599454
231:1.6931471805599454
755:1.6931471805599454
4663:1.0
w4600:1.0
50:1.0
fax:1.0
2386:1.0
new:1.0
address:1.0
june:1.0
30th:1.0
44221:1.0
