pmartz:1.6931471805599454
dsd:2.09861228866811
e:2.09861228866811
com:2.09861228866811
paul:2.09861228866811
martz:1.6931471805599454
subject:1.0
24:1.6931471805599454
bit:1.6931471805599454
static:2.6094379124341005
color:1.6931471805599454
client:3.302585092994046
like:2.09861228866811
nntp:1.0
post:1.0
host:1.0
bambam:1.0
repli:1.0
organ:1.0
evan:1.0
sutherland:1.6931471805599454
comput:1.0
corp:1.0
salt:1.0
lake:1.0
citi:1.0
ut:1.0
line:1.0
38:1.0
articl:1.0
1993apr26:1.0
123918:1.0
1:2.09861228866811
vxcrna:1.6931471805599454
cern:1.6931471805599454
ch:1.6931471805599454
roeber:1.6931471805599454
frederick:1.0
write:1.6931471805599454
x:2.386294361119891
server:2.09861228866811
video:1.0
gener:1.0
equip:1.0
hardwar:1.6931471805599454
truecolor:2.09861228866811
yuv:2.09861228866811
space:1.6931471805599454
term:1.0
visual:2.9459101490553135
would:2.09861228866811
realli:1.0
present:1.0
sure:1.0
accept:1.0
three:1.0
problem:1.6931471805599454
see:1.0
colormap:1.6931471805599454
though:1.6931471805599454
huge:1.0
2:1.0
pixel:1.0
3:1.6931471805599454
byte:1.0
wide:1.0
actual:1.0
live:1.0
translat:1.0
rgb:1.0
introduc:1.0
round:1.0
error:1.6931471805599454
tri:1.0
ship:1.0
support:1.0
24bit:1.0
main:1.0
encount:1.0
t1:1.0
written:1.0
logic:1.0
follow:1.0
defaultdepth:1.0
assum:1.6931471805599454
default:1.6931471805599454
depth:1.0
8bit:2.09861228866811
need:1.0
deep:1.0
root:1.6931471805599454
window:1.6931471805599454
run:1.0
correctli:1.0
t2:1.0
even:1.0
bother:1.6931471805599454
much:1.0
outright:1.0
dynam:1.6931471805599454
class:1.6931471805599454
xstorecolor:1.6931471805599454
work:1.0
cmap:1.0
associ:1.0
mani:1.6931471805599454
check:1.0
start:1.0
throw:1.0
call:1.0
clearli:1.0
case:1.0
easier:1.0
expo:1.0
pseudocolor:1.0
ever:1.0
writer:1.0
chang:1.0
right:1.0
thing:1.0
tpmartz:1.0
tevan:1.0
