steerr:1.0
h01:1.0
uucp:1.0
r:1.0
william:1.0
steer:1.6931471805599454
subject:1.0
x:1.6931471805599454
server:1.6931471805599454
nt:1.6931471805599454
organ:1.0
internet:1.0
line:1.0
5:1.0
nntp:1.0
post:1.0
host:1.0
enterpoop:1.0
mit:1.6931471805599454
edu:1.6931471805599454
cognac:1.0
sunpitt:1.6931471805599454
expo:1.0
lc:1.0
xpert:1.0
east:1.0
sun:1.0
com:1.0
anybodi:1.0
will:1.0
share:1.0
file:1.0
experi:1.0
bill:1.0
westinghous:1.0
