vidya:1.0
v:1.0
acsu:1.0
buffalo:1.6931471805599454
edu:1.6931471805599454
vidyaranya:1.6931471805599454
subject:1.0
red:1.6931471805599454
color:1.0
button:2.09861228866811
enter:1.0
window:1.6931471805599454
distribut:1.0
usa:1.0
organ:1.0
ub:1.0
line:1.0
7:1.0
nntp:1.0
post:1.0
host:1.0
beatrix:1.0
eng:1.0
may:1.0
faq:1.6931471805599454
dont:1.0
know:1.0
get:1.6931471805599454
list:1.0
openlook:1.0
applic:1.6931471805599454
first:1.0
turn:1.0
highlight:1.0
soon:1.0
sprite:1.0
mous:1.0
move:1.0
suppress:1.0
