mwchiu:1.6931471805599454
tigr:1.6931471805599454
org:1.6931471805599454
man:1.0
wai:1.0
chiu:1.6931471805599454
subject:1.0
xm1:1.0
2:2.09861228866811
1:2.09861228866811
ow:1.6931471805599454
server:2.9459101490553135
organ:1.0
utexa:1.6931471805599454
mail:1.0
news:1.0
gateway:1.0
line:1.6931471805599454
43:1.0
distribut:1.0
inet:1.0
nntp:1.0
post:1.0
host:1.0
c:1.0
edu:1.0
program:2.6094379124341005
written:1.0
x11r5:1.6931471805599454
motif:1.0
run:2.09861228866811
fine:1.0
sun:1.0
macx:1.0
sparc:1.0
crash:2.09861228866811
along:1.0
first:1.0
window:2.09861228866811
show:1.0
got:1.0
follow:1.0
error:1.6931471805599454
x:1.6931471805599454
xio:1.0
fatal:1.0
io:1.0
32:1.0
broken:1.6931471805599454
pipe:1.0
perot:1.0
0:2.09861228866811
62:1.0
request:2.6094379124341005
59:1.0
known:1.0
process:1.0
event:1.0
remain:1.0
connect:1.0
probabl:1.0
shutdown:1.0
killclient:1.0
xmon:1.6931471805599454
last:1.0
twenti:1.0
getproperti:1.6931471805599454
delet:1.0
fals:1.0
win:2.09861228866811
00900001:1.6931471805599454
properti:1.6931471805599454
atm:2.386294361119891
00000074:2.386294361119891
type:2.09861228866811
long:1.0
offset:1.0
00000000:1.6931471805599454
repli:1.6931471805599454
format:1.6931471805599454
00:3.5649493574615367
none:1.0
byte:1.0
getinputfocu:2.09861228866811
revert:1.0
parent:1.0
focu:1.0
0040000d:1.0
changeproperti:1.0
mode:1.0
replac:1.0
08:1.0
data:1.0
42:1.0
01:1.0
10:1.0
75:1.0
plea:1.0
email:1.0
idea:1.0
problem:1.0
thank:1.0
advanc:1.0
mw:1.0
