moor:1.6931471805599454
halley:1.0
est:1.0
3m:2.09861228866811
com:1.0
richard:1.0
subject:1.0
use:2.09861228866811
messag:1.6931471805599454
pas:1.6931471805599454
xtaddinput:1.6931471805599454
organ:1.0
compani:1.0
center:1.0
minnesota:1.0
usa:1.0
distribut:1.0
comp:1.0
window:1.0
x:1.0
line:1.0
7:1.0
past:1.0
name:1.0
pipe:1.0
commun:1.0
process:1.0
function:1.0
set:1.0
event:1.0
handl:1.0
motif:1.0
anybodi:1.0
know:1.0
way:1.0
ipc:1.0
tri:1.0
luck:1.0
far:1.0
thank:1.0
