matt:2.386294361119891
centerlin:2.09861228866811
com:1.6931471805599454
landau:1.6931471805599454
subject:1.0
look:1.0
updat:1.0
xview:2.386294361119891
textedit:3.1972245773362196
sourc:3.1972245773362196
w:1.0
n:1.0
support:2.09861228866811
articl:1.0
armori:1.0
1ri2o2:1.0
3hm:1.0
organ:1.0
softwar:1.0
inc:1.0
line:1.0
28:1.0
nntp:1.0
post:1.6931471805599454
host:1.0
140:1.0
239:1.0
1:2.09861228866811
32:1.0
version:2.386294361119891
3:2.386294361119891
distribut:1.0
includ:2.386294361119891
contrib:2.09861228866811
section:1.0
x11r5:1.0
program:1.0
like:2.09861228866811
take:1.0
modifi:1.0
add:1.0
tooltalk:2.386294361119891
messag:1.0
server:1.0
mayb:1.0
sinc:1.0
sun:2.6094379124341005
suppli:1.0
binari:1.6931471805599454
seem:1.6931471805599454
speak:1.0
howev:1.0
r5:1.0
area:1.6931471805599454
older:1.0
ship:1.0
openwindow:1.0
exampl:1.0
0:1.6931471805599454
drag:1.6931471805599454
drop:1.6931471805599454
dropsit:1.0
main:1.0
control:1.0
know:1.6931471805599454
noth:1.0
c:2.6094379124341005
say:1.6931471805599454
15:1.0
50:1.0
date:1.0
5:1.0
22:1.0
90:1.0
2:1.6931471805599454
62:1.0
91:2.6094379124341005
09:2.386294361119891
14:2.6094379124341005
copyr:2.386294361119891
1990:2.386294361119891
micro:2.386294361119891
dragdrop:1.0
26:1.0
16:1.0
d:1.0
relnam:1.0
7:1.0
anyon:1.0
9:1.0
avail:1.0
realli:1.0
work:1.0
latest:1.0
possibl:1.0
plea:1.0
repli:1.0
email:1.0
summari:1.0
enough:1.0
interest:1.0
twait:1.0
flash:1.0
enlighten:1.0
blood:1.0
thunder:1.0
