tom:2.6094379124341005
capmgtsci:2.09861228866811
com:2.6094379124341005
thoma:1.0
tulinski:1.6931471805599454
subject:1.0
manual:1.0
unsubscrib:1.0
request:1.0
organ:1.0
internet:1.0
line:1.0
13:1.0
nntp:1.0
post:1.0
host:1.0
enterpoop:1.0
mit:1.6931471805599454
edu:1.6931471805599454
xpert:1.0
expo:1.0
lc:1.0
list:1.0
two:1.0
address:1.0
think:1.0
ttom:1.0
tzuma:1.6931471805599454
netcomsv:1.6931471805599454
netcom:1.6931471805599454
plea:1.0
delet:1.0
second:1.0
one:1.0
thank:1.0
sorri:1.0
screw:1.0
tcapit:1.0
manag:1.0
scienc:1.0
west:1.0
lo:1.0
angel:1.0
310:1.0
479:1.0
9715:1.0
