barmar:2.09861228866811
think:2.791759469228055
com:2.6094379124341005
barri:1.6931471805599454
margolin:1.6931471805599454
subject:1.0
pulldown:1.0
menu:1.0
period:2.09861228866811
hang:2.09861228866811
applic:1.6931471805599454
openwindow:1.6931471805599454
3:2.6094379124341005
0:1.0
organ:1.0
machin:1.6931471805599454
corpor:1.0
cambridg:1.0
usa:1.0
line:1.6931471805599454
22:1.0
distribut:1.0
inet:1.0
nntp:1.0
post:1.0
host:1.0
gandalf:1.0
articl:1.0
1rgt23innonv:1.0
ssdc:2.386294361119891
sterl:1.6931471805599454
rlee:1.0
richard:1.0
lee:1.0
write:1.0
motif:1.0
1:2.9459101490553135
2:2.386294361119891
run:1.0
server:1.0
xnew:1.0
seen:1.0
problem:1.6931471805599454
use:1.0
sparcstat:1.0
10:1.0
solari:2.09861228866811
ow:2.09861228866811
case:1.0
happen:1.0
far:1.0
often:1.0
know:1.0
correspond:1.0
patch:2.386294361119891
sound:1.0
like:1.0
follow:1.0
bug:1.0
supposedli:1.0
fix:1.0
100492:1.0
06:1.6931471805599454
x:1.6931471805599454
olwm:1.6931471805599454
jumbo:1.0
t1108642:1.0
window:1.0
system:1.6931471805599454
errant:1.0
pointer:1.0
grab:1.0
actual:1.0
suspect:1.0
may:1.0
differ:1.0
sinc:1.0
readm:1.0
file:1.0
say:1.0
suno:1.0
4:1.0
version:2.09861228866811
mayb:1.0
came:1.0
earlier:1.0
forgot:1.0
take:1.0
manag:1.0
corp:1.0
uunet:1.0
harvard:1.0
