jgealow:1.0
mtl:1.6931471805599454
mit:2.9459101490553135
edu:1.6931471805599454
jeffrey:1.0
c:2.6094379124341005
gealow:1.0
subject:1.0
standard:3.1972245773362196
colormap:3.5649493574615367
organ:1.0
microsystem:1.0
technolog:1.0
laboratori:1.0
line:1.0
49:1.0
distribut:1.0
world:1.0
nntp:1.0
post:1.0
host:1.0
work:1.0
x11r5:2.386294361119891
applic:2.09861228866811
concern:1.0
regard:1.0
document:2.09861228866811
say:1.0
usual:1.0
window:1.6931471805599454
manag:1.6931471805599454
creat:2.386294361119891
wonder:1.6931471805599454
writer:1.0
mind:1.0
neither:1.0
twm:1.0
mwm:1.0
seem:2.6094379124341005
cours:1.0
one:2.09861228866811
use:2.9459101490553135
xstdcmap:2.09861228866811
howev:1.0
tri:1.0
hard:1.0
avoid:1.6931471805599454
conflict:1.0
default:1.0
rest:1.0
display:1.0
goe:1.0
black:1.0
caus:1.0
problem:1.0
intend:1.0
perhap:1.0
everi:1.0
thing:1.0
would:2.386294361119891
mani:1.0
final:1.0
oper:1.0
function:1.0
xmugetcolormapalloc:2.386294361119891
xmustandardcolormap:2.09861228866811
xmucreatecolormap:1.6931471805599454
inconsist:1.0
section:2.6094379124341005
14:2.6094379124341005
3:2.6094379124341005
xlib:1.6931471805599454
accord:1.0
p:1.0
436:1.0
grayscal:1.6931471805599454
red:3.302585092994046
max:3.4849066497880004
mult:3.302585092994046
base:1.6931471805599454
pixel:2.09861228866811
member:1.6931471805599454
defin:2.6094379124341005
ignor:1.6931471805599454
comput:1.0
valu:2.386294361119891
follow:1.0
express:1.0
gray:3.0794415416798357
0xffffffff:1.0
lib:2.386294361119891
xmu:2.386294361119891
cmapalloc:1.0
xmulookupstandardcolormap:1.0
lookupcmap:1.0
select:1.0
green:2.791759469228055
blue:2.791759469228055
call:1.0
rgb:1.6931471805599454
map:2.09861228866811
properti:1.6931471805599454
specifi:1.6931471805599454
set:2.6094379124341005
30:1.0
total:2.386294361119891
number:2.386294361119891
cell:1.6931471805599454
scale:1.6931471805599454
59:1.0
ot:1.0
11:1.0
refer:2.09861228866811
expect:2.09861228866811
stdcmap:1.0
equal:1.6931471805599454
1:1.6931471805599454
crcmap:1.0
construct:1.0
sum:1.0
give:1.6931471805599454
maximum:1.6931471805599454
