pmartz:1.6931471805599454
dsd:2.09861228866811
e:2.09861228866811
com:2.09861228866811
paul:2.09861228866811
martz:1.6931471805599454
subject:1.0
standard:3.70805020110221
colormap:4.13549421592915
nntp:1.0
post:1.0
host:1.0
bambam:1.0
repli:1.0
organ:1.0
evan:1.0
sutherland:1.6931471805599454
comput:1.0
corp:1.0
salt:1.0
lake:1.0
citi:1.0
ut:1.0
line:1.6931471805599454
50:1.0
articl:1.0
1rjdk8inncnh:1.0
senat:1.0
bedfellow:1.0
mit:1.6931471805599454
edu:1.6931471805599454
jgealow:1.0
mtl:1.0
jeffrey:1.0
c:1.0
gealow:1.0
write:1.0
work:1.0
x11r5:2.09861228866811
applic:2.09861228866811
concern:1.0
regard:1.0
document:1.0
say:1.0
usual:1.0
window:2.9459101490553135
manag:2.9459101490553135
creat:2.386294361119891
wonder:1.6931471805599454
writer:1.0
mind:1.0
neither:1.0
twm:1.0
mwm:1.0
seem:2.386294361119891
spec:1.0
intent:1.0
would:2.386294361119891
make:1.6931471805599454
avail:1.6931471805599454
mean:1.0
everi:1.6931471805599454
author:1.0
world:1.0
immedi:1.0
drop:1.0
everyth:1.0
implement:1.0
top:1.0
prioriti:1.0
esg:1.0
server:1.0
ship:1.0
xa:1.6931471805599454
rgb:1.6931471805599454
best:2.09861228866811
map:1.6931471805599454
startup:1.0
wait:1.0
cours:1.0
one:2.386294361119891
use:3.302585092994046
xstdcmap:2.09861228866811
howev:1.0
tri:2.09861228866811
hard:1.0
avoid:2.791759469228055
conflict:1.0
default:2.386294361119891
rest:1.0
display:1.0
goe:1.0
black:1.0
caus:1.0
problem:1.0
intend:1.6931471805599454
perhap:1.6931471805599454
thing:1.0
mani:1.0
hardwar:1.6931471805599454
clut:2.09861228866811
sinc:1.0
typic:1.0
devour:1.0
256:1.0
entri:1.0
way:1.0
displac:1.0
entir:1.0
believ:1.0
aboid:1.0
possibl:1.0
flash:2.6094379124341005
client:2.386294361119891
coilormap:1.0
rather:1.0
two:1.6931471805599454
exampl:1.0
need:1.0
full:1.0
color:1.6931471805599454
rang:1.0
whatev:1.0
call:1.0
bet:1.0
load:1.0
get:1.0
hw:1.0
framebuff:1.0
could:1.0
also:1.0
command:1.0
option:1.0
select:1.0
tpmartz:1.0
tevan:1.0
