gcw:2.09861228866811
met:2.09861228866811
ed:2.386294361119891
ac:2.386294361119891
uk:2.386294361119891
gordon:2.09861228866811
watson:2.09861228866811
subject:1.0
get:1.6931471805599454
pixel:2.09861228866811
valu:1.6931471805599454
drawabl:1.6931471805599454
keyword:1.0
lot:1.6931471805599454
repli:1.0
distribut:1.0
world:1.0
organ:1.0
meteorolog:1.6931471805599454
depart:1.6931471805599454
edinburgh:1.6931471805599454
univers:1.6931471805599454
scotland:1.6931471805599454
line:1.0
21:1.0
without:1.6931471805599454
copi:1.6931471805599454
client:1.6931471805599454
ximag:1.0
use:1.0
xgetpixel:1.0
want:1.0
select:1.0
anim:1.0
window:1.0
server:1.0
whole:1.0
back:1.0
x11r5:1.0
pointer:1.0
appreci:1.0
c:1.6931471805599454
janet:1.0
g:1.0
internet:1.0
