neal:2.386294361119891
grover:2.09861228866811
stat:2.09861228866811
washington:2.6094379124341005
edu:2.09861228866811
phil:2.09861228866811
subject:1.0
wierd:1.0
xdm:2.6094379124341005
behavior:1.0
organ:1.0
u:1.0
dept:1.0
statist:1.6931471805599454
line:1.0
48:1.0
distribut:1.0
world:1.0
nntp:1.0
post:1.0
host:2.386294361119891
origin:1.0
dear:1.0
sun:1.6931471805599454
window:1.0
peopl:1.0
run:1.0
workstat:1.6931471805599454
suno:1.0
4:1.0
1:1.6931471805599454
vanilla:1.0
x11:1.0
r5:1.0
bunch:1.0
xtermin:1.6931471805599454
well:1.0
today:1.0
fail:1.0
9:1.0
30:1.0
imposs:1.0
login:2.386294361119891
messag:1.0
mani:1.0
retransmiss:1.0
error:3.0794415416798357
file:1.0
follow:1.0
entri:1.0
pid:2.9459101490553135
7423:2.386294361119891
server:2.386294361119891
display:2.9459101490553135
0:2.9459101490553135
termin:2.386294361119891
unexpectedli:2.386294361119891
256:2.09861228866811
7927:1.0
warn:2.09861228866811
keyboard:2.09861228866811
could:2.6094379124341005
secur:2.09861228866811
also:1.6931471805599454
7457:1.0
7462:1.0
consol:1.6931471805599454
box:1.0
would:2.386294361119891
come:1.0
2:1.0
second:1.0
go:1.0
away:1.0
continu:1.0
anoth:1.6931471805599454
question:1.0
howev:1.0
tri:1.0
kill:1.0
restart:1.0
help:1.6931471805599454
final:1.0
reboot:1.0
hurt:1.0
done:1.0
middl:1.0
day:1.0
appreci:1.0
thank:1.0
system:1.0
programm:1.0
depart:1.0
gn:1.0
22:1.0
univers:1.0
seattl:1.0
wa:1.0
98195:1.0
usa:1.0
206:1.0
685:1.0
1627:1.0
look:1.0
bit:1.0
repo:1.0
man:1.0
movi:1.0
