herlock:2.386294361119891
lclark:2.09861228866811
edu:1.6931471805599454
jon:1.6931471805599454
subject:1.0
access:1.6931471805599454
24:2.791759469228055
bit:2.6094379124341005
color:2.09861228866811
cg8:2.09861228866811
articl:1.0
1993apr28:1.0
000956:1.0
12004:1.0
organ:1.0
lewi:1.6931471805599454
clark:1.6931471805599454
colleg:1.6931471805599454
portland:1.6931471805599454
line:1.0
15:1.0
x:1.0
newsread:1.0
tin:1.0
version:1.0
1:1.6931471805599454
pl8:1.0
sun:1.0
3:1.0
80:1.0
acquir:1.0
frame:1.0
buffer:1.0
card:1.0
suppos:1.0
support:1.0
visual:2.791759469228055
monochrom:2.09861228866811
default:1.0
xnew:1.0
server:1.6931471805599454
unabl:1.0
chang:1.0
tri:1.0
use:1.0
xgetvisualinfo:1.0
get:1.0
depth:1.0
success:1.0
xdpyinfo:1.0
give:1.0
inform:1.0
deep:1.0
two:1.0
possibl:1.0
solut:1.0
tif:1.0
someon:1.6931471805599454
patch:1.0
x11r5:1.0
xsun:1.0
could:1.6931471805599454
forward:1.0
u:1.6931471805599454
totherwis:1.0
instruct:1.0
openwindow:1.0
temail:1.0
97219:1.0
