jeffcop:2.09861228866811
i88:2.386294361119891
isc:2.386294361119891
com:2.386294361119891
jeff:2.09861228866811
copeland:2.09861228866811
subject:1.0
hp:1.6931471805599454
interfac:1.6931471805599454
architect:1.6931471805599454
nntp:1.0
post:1.0
host:1.0
laila:1.0
organ:1.0
interact:1.6931471805599454
system:1.6931471805599454
corpor:1.0
napervil:1.0
il:1.0
distribut:1.0
usa:1.0
line:1.0
15:1.0
hey:1.0
gui:1.6931471805599454
folk:1.0
anyon:1.0
experi:1.0
dev:1.0
tool:1.0
call:1.6931471805599454
ask:1.0
coupl:1.0
quick:1.0
question:1.6931471805599454
promis:1.0
brief:1.0
simpl:1.0
cours:1.0
nickel:1.0
708:1.6931471805599454
505:1.6931471805599454
9100:1.6931471805599454
x330:1.6931471805599454
corp:1.0
systemhous:1.0
co:1.0
