fabian:2.6094379124341005
vivian:2.09861228866811
w:2.09861228866811
open:1.6931471805599454
de:1.6931471805599454
hopp:1.6931471805599454
subject:1.0
search:1.0
cad:1.6931471805599454
softwar:1.6931471805599454
nntp:1.0
post:1.0
host:1.0
organ:1.0
subnet:1.0
next:1.0
gener:1.0
line:1.0
13:1.0
hi:1.0
look:1.0
mechan:1.0
construct:1.0
either:1.0
pd:1.0
sourc:1.6931471805599454
sun:1.0
3:1.0
binari:1.0
respect:1.0
licenc:1.0
know:1.0
packag:1.0
site:1.0
get:1.0
thx:1.0
tphone:1.0
49:1.6931471805599454
2332:1.6931471805599454
12580:1.0
elsternstr:1.0
57:1.0
tfax:1.0
83741:1.0
5820:1.0
gevelsberg:1.0
temail:1.0
germani:1.0
