gnu:1.0
gdb:2.386294361119891
bug:1.0
gatech:1.0
edu:1.6931471805599454
distribut:1.0
world:1.0
deepak:2.6094379124341005
expert:1.0
cc:1.0
purdu:1.0
mulchandani:1.6931471805599454
subject:1.0
help:1.6931471805599454
develop:1.6931471805599454
x:2.9459101490553135
window:1.6931471805599454
interfac:1.6931471805599454
organ:1.0
motorola:1.6931471805599454
semiconductor:1.6931471805599454
product:2.09861228866811
sector:1.6931471805599454
line:1.0
39:1.0
hi:1.0
tri:1.6931471805599454
write:1.0
base:1.0
run:1.0
top:1.0
could:1.0
anyon:1.0
understand:1.0
way:1.6931471805599454
suppos:1.0
fork:1.0
subprocess:1.0
current:1.0
use:1.6931471805599454
pipe:1.6931471805599454
debug:1.0
program:2.09861228866811
follow:1.0
happen:1.0
tmain:1.0
int:1.0
printf:2.386294361119891
enter:1.0
scanf:1.0
output:2.09861228866811
tthe:1.0
hang:1.0
without:1.0
return:1.0
statement:1.0
type:1.0
valu:1.0
like:1.6931471805599454
5:1.0
come:1.0
one:1.0
time:1.0
besid:1.0
e:1.0
ioctl:1.0
someth:1.0
el:1.0
thank:1.0
advanc:1.0
research:1.0
laboratori:1.0
austin:1.0
tx:1.0
512:1.0
928:1.0
7642:1.0
inx:1.0
sp:1.0
mot:1.0
com:1.0
