jyoung:1.0
cadenc:1.6931471805599454
com:1.0
john:1.0
young:1.0
subject:1.0
ffl:1.0
gunsmith:1.6931471805599454
question:1.6931471805599454
organ:1.0
design:1.0
system:1.0
inc:1.0
line:1.0
8:1.0
like:1.0
ask:1.0
first:1.0
would:1.6931471805599454
someon:1.0
abl:1.0
get:1.0
dealer:1.0
licens:1.0
second:1.0
besid:1.0
dear:1.0
old:1.0
depart:1.0
gramp:1.0
find:1.0
good:1.0
place:1.0
learn:1.0
tall:1.0
repli:1.0
appreci:1.0
tjohn:1.0
