lvc:1.6931471805599454
cbnew:2.09861228866811
cb:2.09861228866811
att:2.386294361119891
com:2.386294361119891
larri:2.386294361119891
cipriani:2.386294361119891
subject:1.0
believ:1.6931471805599454
gun:1.0
control:1.0
organ:1.0
ideolog:1.0
buster:1.0
inc:1.0
line:1.0
22:1.0
articl:1.6931471805599454
1993apr3:1.0
221837:1.0
2324:1.0
news:1.0
duc:1.0
auburn:1.6931471805599454
edu:1.6931471805599454
bixledn:1.0
eng:1.0
write:1.6931471805599454
16193:1.0
read:1.0
close:1.0
say:1.0
may:1.0
answer:1.0
civil:2.09861228866811
right:2.386294361119891
restor:2.386294361119891
done:1.0
either:1.0
fed:1.6931471805599454
state:2.386294361119891
think:1.0
stop:1.0
convict:1.0
violent:1.0
feloni:1.6931471805599454
least:1.0
dozen:1.0
still:1.6931471805599454
felon:2.09861228866811
immedi:1.0
upon:1.0
releas:1.0
wait:1.0
period:1.0
post:1.0
list:1.0
later:1.0
quick:1.0
question:2.09861228866811
person:1.6931471805599454
consid:1.6931471805599454
good:1.0
know:1.0
law:1.0
imo:1.0
make:1.0
sen:1.0
record:1.0
everyth:1.0
el:1.0
purg:1.0
longer:1.0
happen:1.0
l:1.0
v:1.0
