fcrari:1.0
ucsu:1.6931471805599454
colorado:2.09861228866811
edu:1.6931471805599454
frank:1.6931471805599454
crari:1.6931471805599454
subject:1.0
gun:3.0794415416798357
control:2.386294361119891
mad:1.0
hell:1.0
tv:1.0
news:1.0
nntp:1.0
post:1.0
host:1.0
organ:1.0
univers:1.0
boulder:1.6931471805599454
distribut:1.0
na:1.0
line:1.0
59:1.0
articl:1.0
c4u3x5:1.0
fw7:1.0
magpi:1.6931471805599454
linknet:1.6931471805599454
com:1.6931471805599454
mane:1.6931471805599454
steve:1.0
write:1.0
know:1.0
anyon:1.6931471805599454
state:1.0
could:1.6931471805599454
effect:2.6094379124341005
homicid:2.6094379124341005
rate:1.6931471805599454
think:1.0
argu:1.0
would:2.9459101490553135
net:2.09861228866811
posit:1.0
also:1.0
consid:1.0
neg:1.0
side:1.0
law:2.6094379124341005
abid:1.6931471805599454
citizen:1.6931471805599454
arm:2.09861228866811
fireamr:1.0
pistol:1.0
part:1.0
prevent:1.0
80:1.0
000:2.9459101490553135
nation:1.0
crime:2.09861228866811
survey:1.0
1:1.6931471805599454
dr:1.0
kleck:1.0
year:2.386294361119891
extrem:1.0
studi:1.0
find:1.0
number:2.09861228866811
500:1.0
600:1.0
privat:1.0
ownership:1.6931471805599454
firearm:1.0
save:1.0
approxim:1.0
5:1.0
live:1.0
roughli:1.0
12:1.0
crimin:2.386294361119891
fatal:1.0
accid:1.6931471805599454
involv:1.0
benefit:2.09861228866811
show:1.0
measur:1.0
disarm:1.0
40:1.0
current:1.0
use:1.0
hard:1.0
accord:1.0
feder:1.0
batf:1.0
8:1.0
buy:1.0
counter:1.0
sinc:2.09861228866811
natur:1.0
legal:1.0
sale:1.0
remov:1.0
minim:1.0
larg:1.0
get:1.0
illeg:1.0
sound:1.0
like:2.09861228866811
250:1.6931471805599454
accident:2.386294361119891
handgun:2.09861228866811
america:1.0
1990:1.0
licens:2.09861228866811
weapon:1.6931471805599454
assum:1.6931471805599454
support:1.6931471805599454
reason:1.0
e:1.0
wait:1.0
period:1.0
background:1.0
check:1.0
etc:1.0
complet:1.6931471805599454
ban:1.6931471805599454
alter:1.0
statist:1.6931471805599454
refer:1.6931471805599454
way:1.0
1135:1.0
peopl:1.6931471805599454
die:1.6931471805599454
1986:1.0
fall:1.6931471805599454
stair:1.0
death:1.6931471805599454
signific:1.0
next:1.0
household:1.6931471805599454
american:1.0
child:2.386294361119891
shot:1.0
last:1.0
15:1.0
great:1.0
britain:1.0
1080:1.0
age:1.0
10:1.0
drown:1.0
69:1.0
drink:1.0
poison:1.0
chemic:1.0
drano:1.0
139:1.0
real:1.0
goal:1.0
reduc:1.0
tragic:1.0
drain:1.0
cleaner:1.0
better:1.0
palc:1.0
start:1.0
perhap:1.0
restrict:1.0
profession:1.0
plumber:1.0
plea:1.0
dictionari:1.0
argument:1.0
v:1.0
total:1.0
okay:1.0
offer:1.0
emphasi:1.6931471805599454
comparison:1.6931471805599454
might:1.0
call:1.6931471805599454
two:1.0
sentenc:1.0
impli:1.0
valid:1.0
put:1.0
togeth:1.0
convinc:1.0
right:1.0
kindest:1.0
thing:1.0
propaganda:1.0
cu:1.0
