mane:3.0794415416798357
magpi:2.09861228866811
linknet:2.09861228866811
com:2.386294361119891
steve:1.6931471805599454
subject:1.0
gun:1.0
control:1.0
mad:1.0
hell:1.0
tv:1.0
news:1.0
organ:1.0
associ:1.6931471805599454
nyc:1.0
x:1.0
newsread:1.0
tin:1.0
version:1.0
1:2.09861228866811
pl9:1.0
line:1.0
24:1.0
j:1.6931471805599454
spencer:1.6931471805599454
newcastl:1.0
ac:1.0
uk:2.386294361119891
wrote:1.6931471805599454
write:1.0
jim:1.0
de:1.0
arra:1.0
jmd:1.0
cube:1.0
handheld:1.0
last:1.0
year:1.6931471805599454
u:2.09861228866811
suffer:1.6931471805599454
almost:1.0
10:1.6931471805599454
000:1.6931471805599454
wrong:1.0
accident:1.0
death:2.791759469228055
handgun:1.6931471805599454
alon:1.0
fbi:1.0
statist:1.6931471805599454
35:1.6931471805599454
scotland:1.0
yard:1.0
popul:1.6931471805599454
5:1.6931471805599454
weight:1.0
57x:1.6931471805599454
mani:2.09861228866811
relat:1.0
brit:1.0
make:1.0
murder:1.0
peopl:2.09861228866811
basebal:1.0
bat:1.0
snip:1.0
examin:1.0
figur:1.0
stab:1.0
favourit:1.0
close:1.0
follow:1.0
strike:1.0
punch:1.0
kick:1.0
burnt:1.0
britain:1.6931471805599454
shot:1.6931471805599454
take:1.0
look:1.0
see:1.0
mean:1.0
great:1.0
stephen:1.0
new:1.0
york:1.0
ny:1.0
usa:1.0
