kennej:2.09861228866811
c:2.6094379124341005
okstat:2.386294361119891
edu:3.302585092994046
kennedi:2.09861228866811
jame:1.6931471805599454
scot:1.6931471805599454
subject:1.0
univers:1.6931471805599454
right:1.0
bear:1.0
arm:1.0
organ:1.0
oklahoma:1.6931471805599454
state:1.0
comput:1.0
scienc:1.0
stillwat:1.0
line:1.0
73:1.0
nathan:2.9459101490553135
laplac:2.09861228866811
biolog:2.09861228866811
yale:2.386294361119891
f:1.6931471805599454
janett:2.386294361119891
write:2.791759469228055
articl:2.09861228866811
1993apr2:1.0
080842:1.0
3554:1.0
gari:2.09861228866811
ke4zv:1.0
uucp:1.0
coffman:1.0
1993apr1:1.0
173759:1.0
4636:1.0
c4sk5w:1.0
lsr:1.0
m:1.6931471805599454
uki:1.6931471805599454
mile:1.0
stephen:1.0
grant:1.0
suppos:1.0
true:1.0
maintain:1.0
ak:2.09861228866811
47:2.09861228866811
ar:2.386294361119891
15:2.386294361119891
hunt:3.6390573296152584
weapon:2.09861228866811
think:2.386294361119891
fun:1.0
plink:1.0
can:1.0
target:1.0
random:1.0
vc:1.0
suitabl:2.09861228866811
real:1.6931471805599454
wrong:1.0
legal:1.6931471805599454
kentucki:1.0
pictur:1.0
friend:1.6931471805599454
nice:1.0
8:1.0
point:1.6931471805599454
buck:1.0
shot:2.386294361119891
rifl:2.9459101490553135
mani:1.6931471805599454
deer:3.302585092994046
hunter:2.6094379124341005
would:2.386294361119891
condon:1.6931471805599454
choic:1.0
must:1.0
agre:1.6931471805599454
find:1.0
inhuman:1.0
use:2.791759469228055
underpow:1.0
kill:1.0
cleanli:1.0
littl:1.6931471805599454
223:2.6094379124341005
requir:1.0
extrem:1.0
good:1.0
marksmanship:1.0
situat:1.0
allow:1.0
perfect:1.0
suffici:1.0
power:2.09861228866811
drop:1.0
singl:1.0
hit:1.0
chest:1.0
7:1.0
62x39:1.0
sk:1.0
adequ:1.0
task:1.0
similar:1.0
ballist:1.0
familiar:1.0
30:1.6931471805599454
margin:1.0
hand:1.0
expert:1.0
lucki:1.0
realli:1.0
respect:1.0
quarri:1.0
popular:1.0
55:1.0
gr:2.09861228866811
load:2.6094379124341005
rem:1.6931471805599454
small:1.0
size:1.0
game:1.6931471805599454
howev:1.6931471805599454
70:1.0
semi:2.09861228866811
spritzer:1.0
sierra:1.0
63:1.0
bullet:1.0
like:2.09861228866811
round:1.6931471805599454
keep:1.0
within:1.0
reason:1.0
rang:1.0
still:1.0
lower:1.0
end:1.0
consid:1.0
accept:1.0
perform:1.0
especi:1.0
long:1.0
distanc:1.0
west:1.0
monster:1.0
mule:1.0
declar:1.0
excel:1.0
varmit:1.0
pest:1.0
control:1.0
particular:1.0
well:1.0
suit:1.0
given:1.0
heavi:1.0
barrel:1.0
heat:1.0
shield:1.0
foregrip:1.0
add:1.0
high:1.0
scope:1.0
dog:1.0
heaven:1.0
refer:2.09861228866811
specif:1.0
chamber:1.0
question:1.6931471805599454
mayb:1.0
self:2.09861228866811
place:1.0
may:1.6931471805599454
opinion:1.0
sportsman:1.0
shotgun:1.0
wrongo:1.0
nra:2.09861228866811
man:2.6094379124341005
definit:1.0
auto:1.0
aspect:1.0
problem:1.6931471805599454
respons:1.0
includ:1.0
machin:1.0
gun:1.0
chopper:1.0
fine:1.0
uncl:1.0
bag:1.0
sever:1.0
12:1.0
gaug:1.0
slug:1.0
prefer:1.0
much:1.0
catch:1.0
possibl:1.0
sport:1.0
imho:1.0
cours:1.0
two:1.0
1:1.0
assert:1.0
say:1.0
smaller:1.0
2:1.0
get:1.6931471805599454
nicknam:1.0
notic:1.0
never:1.0
seem:1.0
super:1.0
spider:1.0
powder:1.0
toast:1.0
scott:1.0
brewer:1.0
patriot:1.0
defend:1.0
truth:1.0
justic:1.0
2nd:1.0
amend:1.0
