bu008:1.6931471805599454
cleveland:2.09861228866811
freenet:1.6931471805599454
edu:2.09861228866811
brandon:1.6931471805599454
ray:1.6931471805599454
subject:1.0
statement:2.09861228866811
sarah:2.09861228866811
bradi:2.09861228866811
regard:2.09861228866811
texa:2.6094379124341005
state:2.9459101490553135
carri:2.386294361119891
conceal:2.791759469228055
legisl:2.386294361119891
articl:1.6931471805599454
usenet:1.0
1psstg:1.0
bbe:1.0
repli:1.0
organ:1.0
case:1.6931471805599454
western:1.6931471805599454
reserv:1.6931471805599454
univers:2.09861228866811
ohio:1.0
usa:1.0
line:2.6094379124341005
83:1.0
nntp:1.0
post:1.0
host:1.0
hela:1.0
in:1.0
cwru:1.0
previou:1.0
nigel:2.386294361119891
allen:2.386294361119891
canrem:1.6931471805599454
com:1.6931471805599454
say:1.0
press:1.0
releas:1.0
handgun:2.6094379124341005
control:2.386294361119891
inc:2.09861228866811
desk:1.0
contact:1.0
susan:1.0
whitmor:1.0
202:1.0
898:1.0
0792:1.0
washington:1.0
march:1.0
25:1.0
follow:1.0
hand:2.09861228866811
lawmak:2.09861228866811
austin:1.0
today:2.09861228866811
told:1.0
public:2.09861228866811
safeti:1.0
le:1.6931471805599454
import:1.6931471805599454
interest:1.6931471805599454
nation:1.0
rifl:1.0
associ:1.0
action:1.6931471805599454
come:1.6931471805599454
local:1.6931471805599454
feder:2.09861228866811
law:3.302585092994046
enforc:2.6094379124341005
offici:2.9459101490553135
continu:1.6931471805599454
stand:1.0
religi:1.0
cult:1.0
highlight:1.6931471805599454
need:2.09861228866811
tougher:1.0
gun:2.09861228866811
weaker:1.0
one:1.6931471805599454
like:1.0
bill:2.6094379124341005
anti:1.0
zealot:1.0
tell:1.0
right:1.0
self:1.0
defens:1.0
assault:2.386294361119891
branch:1.0
davidian:1.0
compound:1.0
alreadi:1.0
result:1.6931471805599454
death:1.0
two:1.0
year:1.0
old:1.0
child:1.6931471805599454
agent:1.0
citizen:2.09861228866811
abl:1.0
defend:1.0
excess:1.0
govern:1.0
suggest:1.6931471805599454
propon:1.0
help:1.0
reduc:1.6931471805599454
crime:2.6094379124341005
distort:1.6931471805599454
fact:1.6931471805599454
best:1.6931471805599454
call:1.0
fight:1.0
16:1.0
percent:1.6931471805599454
increas:1.6931471805599454
violent:1.0
florida:1.6931471805599454
never:1.0
heard:1.0
brag:1.0
street:1.0
way:1.0
oppon:1.0
aggress:1.0
outreach:1.0
central:1.0
train:1.0
arm:1.6931471805599454
woman:1.0
led:1.0
dramat:1.0
drop:1.0
level:1.0
rape:1.0
area:1.0
cours:1.0
program:1.0
rare:1.0
gem:1.0
mani:1.0
appar:1.0
believ:1.0
unarm:1.0
citizenri:1.0
easier:1.0
thu:1.0
favor:1.0
tighter:1.0
restrict:1.0
vote:2.386294361119891
insult:1.0
put:1.6931471805599454
live:1.6931471805599454
everi:1.6931471805599454
day:1.6931471805599454
end:1.0
standoff:1.0
waco:1.0
entir:1.6931471805599454
countri:1.6931471805599454
know:1.6931471805599454
easi:1.0
individu:1.0
bent:1.0
destruct:1.0
amass:1.0
arsen:1.0
weapon:1.0
shown:1.6931471805599454
total:1.6931471805599454
disregard:1.0
front:1.6931471805599454
famili:1.6931471805599454
fallen:1.6931471805599454
tribut:1.0
good:1.0
sen:1.0
larg:1.0
go:1.0
affair:1.0
vulner:1.0
averag:1.0
attack:1.0
crimin:1.0
polic:1.0
understand:1.0
innoc:1.0
abid:1.0
urg:1.6931471805599454
hous:1.6931471805599454
repres:1.6931471805599454
listen:1.0
70:1.0
texan:1.0
oppos:1.0
measur:1.0
reject:1.0
ill:1.6931471805599454
conceiv:1.6931471805599454
pay:1.0
attent:1.0
constitu:1.0
stamped:1.0
argument:1.0
ideolog:1.0
fanat:1.0
30:1.0
toronto:1.6931471805599454
ontario:1.6931471805599454
canada:1.0
remot:1.0
system:1.0
416:1.0
629:1.6931471805599454
7000:1.0
7044:1.0
propaganda:1.0
fun:1.0
opinion:1.0
express:1.0
author:1.0
insight:1.0
intellig:1.0
care:1.0
thought:1.0
therefor:1.0
unlik:1.0
share:1.0
iowa:1.0
