hambidg:1.6931471805599454
bm:1.6931471805599454
com:2.386294361119891
subject:1.0
believ:2.386294361119891
gun:2.791759469228055
control:2.791759469228055
repli:1.0
organ:1.0
bristol:1.0
myer:1.0
squibb:1.0
line:1.6931471805599454
17:1.0
articl:1.0
c4vg3f:1.0
kx3:1.0
apollo:1.6931471805599454
hp:1.6931471805599454
nelson:1.6931471805599454
p:1.0
peter:1.6931471805599454
write:1.6931471805599454
cj195:1.0
cleveland:1.0
freenet:1.0
edu:1.0
john:1.0
w:1.0
redelf:1.0
assum:1.0
mean:1.0
alway:1.0
abl:1.0
hit:1.0
target:1.0
clint:1.0
eastwood:1.0
pink:1.0
cadillac:1.0
around:1.0
wan:1.0
na:1.0
one:1.0
al:1.0
standard:1.0
disclaim:1.0
