0005111312:1.0
mcimail:1.6931471805599454
com:1.6931471805599454
peter:1.6931471805599454
nesbitt:1.6931471805599454
subject:1.0
newspap:2.791759469228055
censor:2.09861228866811
gun:3.302585092994046
advertis:1.6931471805599454
line:1.0
88:1.0
recent:1.0
look:1.0
around:1.0
trader:2.386294361119891
sport:2.09861228866811
good:2.09861228866811
store:1.6931471805599454
well:1.0
stock:1.0
firearm:2.6094379124341005
discov:1.0
print:1.0
document:1.6931471805599454
distribut:1.0
folk:1.0
work:1.0
btw:1.0
locat:1.0
san:2.386294361119891
leandro:2.386294361119891
ca:3.4849066497880004
grant:1.0
may:1.0
ask:1.0
help:2.386294361119891
big:1.6931471805599454
scope:1.0
thing:1.0
feel:1.6931471805599454
would:1.0
owner:1.0
favor:1.0
caus:1.6931471805599454
anyway:1.0
ad:2.9459101490553135
censorship:2.09861228866811
let:1.6931471805599454
tell:1.0
live:1.0
life:1.0
exercis:1.0
blatant:1.0
read:1.6931471805599454
decid:1.0
longer:1.0
see:1.0
run:2.386294361119891
mani:1.6931471805599454
year:1.0
law:2.386294361119891
abid:1.0
honest:1.0
citizen:1.0
use:2.09861228866811
self:1.0
protect:1.0
certainli:1.0
right:1.6931471805599454
second:1.0
amend:1.0
bear:1.0
arm:1.0
tire:1.0
sex:1.0
liquor:1.0
galor:1.0
yet:1.0
refus:1.0
legitim:1.0
plea:1.0
send:1.6931471805599454
letter:1.0
editor:1.0
indic:1.0
displeasur:1.0
doctrin:1.0
follow:1.0
list:1.0
bay:1.6931471805599454
area:1.0
perhap:1.0
like:1.6931471805599454
thought:1.0
issu:1.0
oakland:2.09861228866811
tribun:1.0
tdaili:1.0
review:1.0
talameda:1.6931471805599454
time:2.386294361119891
star:1.0
pob:1.6931471805599454
28883:1.0
tpob:2.09861228866811
5050:1.0
t1516:1.0
oak:1.0
st:2.09861228866811
94604:1.0
thayward:1.0
94540:1.0
94501:1.0
argu:1.0
ttri:1.0
valley:1.0
herald:1.0
tsan:3.302585092994046
3850:1.0
decoto:1.0
rd:1.0
10367:1.0
t161:1.0
w:1.6931471805599454
juana:1.0
ave:1.6931471805599454
fremont:1.0
94555:1.0
tpleasanton:1.0
94588:1.0
94577:1.0
contra:1.0
costa:1.0
mateo:1.6931471805599454
francisco:1.6931471805599454
chronicl:1.0
5088:1.0
5400:1.0
t901:1.0
mission:1.0
walnut:1.0
creek:1.0
94596:1.0
94402:1.0
94103:1.6931471805599454
fran:2.386294361119891
independ:1.0
examin:1.0
jose:1.6931471805599454
mercuri:1.0
news:1.0
1201:1.0
evan:1.0
t110:1.0
5th:1.0
t750:1.0
ridder:1.0
park:1.0
dr:1.0
94124:1.0
95190:1.0
six:1.6931471805599454
page:1.6931471805599454
fact:1.6931471805599454
valid:1.0
sourc:1.0
sound:1.0
true:1.0
topic:1.0
headlin:1.0
medium:1.6931471805599454
snow:1.0
job:1.0
blame:1.6931471805599454
murder:1.0
hospit:1.6931471805599454
death:1.6931471805599454
could:1.0
nazi:2.09861228866811
journalist:1.6931471805599454
techniqu:1.0
cb:1.6931471805599454
abc:1.6931471805599454
prove:1.0
nbc:1.0
scam:1.0
american:2.09861228866811
peopl:1.0
control:1.6931471805599454
tv:2.09861228866811
journal:1.6931471805599454
base:1.6931471805599454
lie:1.0
govern:1.6931471805599454
network:1.0
succeed:1.0
play:1.0
one:1.0
group:1.0
unconstitut:1.0
tri:2.09861228866811
devid:1.0
conquer:1.0
cia:1.0
want:1.0
put:1.0
dealer:1.0
busi:1.0
limit:1.0
exposur:1.0
potenti:1.0
custom:1.6931471805599454
prevent:1.0
sale:1.0
ammunit:1.0
hunt:1.0
recreat:1.0
know:1.0
write:1.0
bozo:1.0
air:1.0
traffic:1.0
pnesbitt:1.0
tracon:1.0
cbr600f2:1.0
pilot:1.0
nra:1.0
member:1.0
ccx1380f:1.0
41:1.0
magnum:1.0
carrier:1.0
