andi:2.09861228866811
sail:1.0
stanford:1.6931471805599454
edu:2.09861228866811
freeman:1.0
subject:1.0
gun:2.09861228866811
control:1.0
organ:1.0
comput:1.0
scienc:1.0
depart:1.0
univers:1.0
line:1.0
42:1.0
articl:1.6931471805599454
1993apr14:1.0
232806:1.0
18970:1.0
beaver:1.0
c:2.09861228866811
washington:1.6931471805599454
graham:1.6931471805599454
stephen:1.0
write:1.6931471805599454
1qhpcn:1.0
b12:1.0
transfer:1.0
stratu:1.6931471805599454
com:1.6931471805599454
cdt:1.0
sw:1.0
tavar:1.0
consid:1.0
similar:1.0
structur:1.0
well:1.0
educ:1.6931471805599454
elector:1.6931471805599454
necessari:1.0
secur:1.0
free:1.0
state:1.6931471805599454
right:2.09861228866811
peopl:1.0
keep:2.6094379124341005
read:2.6094379124341005
book:2.791759469228055
shall:1.0
infring:1.0
mean:2.09861228866811
regist:1.0
voter:1.0
vote:1.0
impli:1.6931471805599454
restrict:1.0
would:1.6931471805599454
regul:1.6931471805599454
enforc:1.0
nice:1.0
answer:1.0
question:1.6931471805599454
differ:1.0
fed:1.6931471805599454
mandat:1.0
literaci:1.6931471805599454
interfer:1.0
posse:1.6931471805599454
far:1.6931471805599454
john:1.0
q:1.0
public:1.0
suprem:1.0
court:2.6094379124341005
alreadi:1.0
rule:1.0
case:2.386294361119891
u:2.6094379124341005
v:2.386294361119891
miller:2.9459101490553135
307:1.0
175:1.0
1939:1.0
verdugo:1.0
urquidez:1.0
110:1.0
ct:1.0
1839:1.0
1990:1.0
exactli:1.0
amend:1.0
protect:1.0
interpret:1.0
found:1.0
back:1.6931471805599454
dred:1.0
scott:1.0
1857:1.0
worth:1.0
note:1.6931471805599454
sustain:1.0
convict:1.0
illeg:1.0
firearm:1.6931471805599454
saw:1.0
shotgun:1.0
proper:1.0
militia:2.09861228866811
weapon:2.386294361119891
therefor:1.0
support:1.0
limit:1.0
govern:1.0
actual:1.0
noth:1.0
kind:1.0
remand:1.0
trial:1.0
know:1.6931471805599454
bother:1.0
anyon:1.0
major:1.0
constitut:1.0
issu:1.0
taken:1.0
defens:1.0
releas:1.0
appeal:1.0
disappear:1.0
govt:1.0
repres:1.0
happen:1.0
reason:1.0
argument:1.0
