bressler:1.6931471805599454
iftccu:1.6931471805599454
ca:1.0
boe:1.6931471805599454
com:1.0
rick:1.6931471805599454
subject:1.0
gun:3.1972245773362196
lover:1.0
like:2.09861228866811
american:1.0
express:1.0
card:1.0
organ:1.0
commerci:1.0
airplan:1.0
group:1.0
line:1.0
104:1.0
talk:1.0
polit:1.0
vincent:1.6931471805599454
cad:1.0
gatech:1.0
edu:1.0
fox:1.0
10:1.0
34:1.0
apr:1.0
14:1.0
1993:1.0
rec:1.6931471805599454
mayb:1.0
get:2.09861228866811
bet:1.0
technic:1.0
resist:1.0
revolv:3.772588722239781
also:1.0
advantag:1.0
misfir:2.6094379124341005
pull:2.09861228866811
trigger:2.09861228866811
sometim:1.0
depend:1.6931471805599454
doubl:2.386294361119891
action:2.9459101490553135
almost:1.6931471805599454
hand:2.09861228866811
cock:2.386294361119891
first:2.6094379124341005
fire:1.6931471805599454
mere:1.6931471805599454
imagin:1.0
much:1.6931471805599454
combat:1.0
type:1.0
shoot:1.0
singl:1.6931471805599454
mean:1.0
must:2.09861228866811
rotat:1.6931471805599454
next:1.0
round:2.09861228866811
assum:1.0
cylind:1.6931471805599454
carri:2.386294361119891
6th:1.0
chamber:2.09861228866811
empti:1.0
hammer:2.6094379124341005
maximum:1.0
safeti:2.6094379124341005
still:1.0
drawn:1.0
easi:1.0
motion:1.0
even:1.0
one:2.09861228866811
never:1.0
hurt:1.0
err:1.0
side:1.0
got:1.0
new:1.0
fangl:1.0
block:1.0
transfer:1.0
bar:1.0
unnecessarili:1.0
redund:1.0
rather:1.6931471805599454
extra:1.0
speedload:1.0
allow:1.0
reload:1.0
fast:1.0
magazin:1.6931471805599454
semi:3.4849066497880004
auto:3.5649493574615367
faster:1.0
user:1.0
quit:1.6931471805599454
true:2.09861228866811
speed:1.6931471805599454
loader:1.0
littl:1.0
le:1.6931471805599454
conveni:1.0
pack:1.0
around:1.0
though:1.0
requir:2.09861228866811
clear:2.6094379124341005
jam:1.6931471805599454
shell:1.0
time:2.386294361119891
spent:1.0
fatal:1.0
vital:1.0
second:2.09861228866811
often:1.6931471805599454
lost:1.0
realiz:1.0
hey:1.0
start:1.6931471805599454
anyth:1.0
train:2.791759469228055
function:1.0
slide:1.6931471805599454
work:1.0
polic:1.6931471805599454
load:1.0
engag:1.0
consid:1.0
safe:1.6931471805599454
howev:1.0
trade:1.0
employ:1.0
lock:1.0
mode:1.0
make:1.6931471805599454
sen:1.0
80:1.0
seri:1.0
colt:2.09861228866811
exampl:1.6931471805599454
way:1.6931471805599454
complex:1.0
oper:1.0
mani:2.386294361119891
agre:1.6931471805599454
shot:1.0
mouth:1.0
bit:1.0
let:1.0
back:1.0
simpl:1.0
cost:1.0
sort:2.09861228866811
interest:1.0
thing:1.6931471805599454
happen:1.6931471805599454
year:1.0
factori:1.0
ammunit:1.0
high:1.6931471805599454
primer:1.6931471805599454
tie:1.0
somewher:1.0
minut:1.0
tri:1.0
pound:1.0
open:1.0
problem:1.6931471805599454
jack:1.0
continu:1.0
bullet:1.0
come:1.0
case:1.0
keep:1.0
turn:1.0
see:1.0
paragraph:1.0
worst:1.0
feed:1.0
fragil:1.0
close:1.0
toler:1.0
part:1.0
fit:1.6931471805599454
involv:1.0
drop:1.0
blow:1.0
take:2.386294361119891
cure:1.0
spot:1.0
qualiti:1.0
smith:1.6931471805599454
short:1.0
may:1.0
malfunct:1.6931471805599454
rule:1.0
fight:1.0
major:1.0
occur:1.0
fall:1.0
categori:1.0
vincint:1.0
good:1.6931471805599454
point:1.0
post:1.6931471805599454
leav:1.0
oppos:1.0
view:1.0
real:1.0
place:1.0
ayoob:1.0
pistol:1.0
self:2.09861228866811
defens:2.386294361119891
gener:1.0
excel:1.0
weapon:1.0
somebodi:1.0
inclin:1.6931471805599454
necessari:1.0
practic:1.0
need:1.0
use:1.6931471805599454
effect:1.6931471805599454
arm:1.6931471805599454
cop:1.6931471805599454
notori:1.0
indiffer:1.0
firearm:1.0
depart:1.0
go:1.6931471805599454
doubt:1.0
issu:1.0
amount:1.0
probabl:1.0
sever:1.0
bother:1.0
hate:1.0
limit:1.0
pick:1.0
better:1.0
person:1.0
wear:1.0
day:1.0
moder:1.0
say:1.0
buy:1.6931471805599454
em:1.0
said:1.0
admit:1.0
advic:1.0
peopl:1.0
think:1.0
right:1.0
class:1.0
ruger:1.0
sorri:1.0
fan:1.0
ok:1.0
gone:1.0
argu:1.0
