kkopp:1.0
uxh:1.0
cso:1.0
uiuc:1.0
edu:2.386294361119891
koppenhoef:1.0
kyle:1.0
cramm:1.0
subject:1.0
2:1.0
undertax:1.0
poll:1.0
organ:1.0
univers:1.0
illinoi:1.0
urbana:1.0
line:1.0
39:1.0
kennej:1.0
c:1.0
okstat:1.0
kennedi:1.0
jame:1.0
scot:1.0
write:2.09861228866811
articl:1.6931471805599454
1993apr16:1.0
190829:1.0
17141:1.0
cunew:1.0
carleton:1.6931471805599454
ca:1.6931471805599454
akasac:1.0
alfr:1.0
alexand:1.0
kasac:1.0
veal:2.09861228866811
729:1.0
734979393:1.0
utkvm1:1.6931471805599454
utk:1.6931471805599454
david:1.0
said:1.0
spent:1.0
money:2.386294361119891
gun:3.1972245773362196
rather:1.0
peopl:2.6094379124341005
canada:2.791759469228055
ridicul:1.0
estim:1.0
gener:1.0
level:1.0
intelleg:1.0
averag:1.0
reader:1.0
rush:1.0
limbaugh:1.0
per:2.9459101490553135
caput:2.9459101490553135
spend:3.0794415416798357
u:3.0794415416798357
exactli:1.0
mean:1.0
say:2.09861228866811
talk:1.6931471805599454
govern:2.09861228866811
purchas:1.0
privat:1.6931471805599454
citizen:1.6931471805599454
refer:1.0
point:1.6931471805599454
irrevel:1.0
individu:1.0
essenti:1.0
busi:1.6931471805599454
hand:1.0
meant:1.6931471805599454
relev:1.0
true:1.6931471805599454
need:1.0
get:1.0
prioriti:1.0
straight:1.0
import:1.6931471805599454
someth:1.0
awri:1.0
realli:1.0
surpris:1.0
protect:1.0
western:1.0
world:1.0
ussr:1.0
countri:1.0
could:1.0
slack:1.0
defens:1.0
would:1.0
like:1.0
see:1.0
appl:2.09861228866811
comparison:1.0
previou:1.0
post:1.0
orang:1.0
