organ:1.0
univers:1.0
illinoi:2.09861228866811
chicago:1.0
academ:1.0
comput:1.0
center:1.0
jason:1.6931471805599454
kratz:1.0
u28037:1.6931471805599454
uicvm:1.6931471805599454
uic:1.6931471805599454
edu:2.6094379124341005
subject:1.0
gun:2.386294361119891
like:2.386294361119891
american:1.0
express:1.0
card:1.0
distribut:1.0
usa:1.0
1qm7qoinnqnv:1.0
clem:1.0
handheld:1.0
com:1.0
1993apr17:1.6931471805599454
235338:1.6931471805599454
2819:1.6931471805599454
ucsu:2.09861228866811
colorado:2.09861228866811
line:1.0
31:1.0
articl:1.0
fcrari:1.0
frank:1.6931471805599454
crari:1.6931471805599454
say:1.6931471805599454
never:1.0
seen:1.0
anyon:1.0
el:1.0
practic:2.9459101490553135
marksmanship:1.0
take:1.0
coat:1.0
fast:1.0
possibl:1.0
start:1.0
shoot:2.386294361119891
recommend:1.0
way:1.6931471805599454
ccw:1.0
aim:1.0
alon:1.0
goo:1.0
defens:1.6931471805599454
get:1.0
rapidli:1.0
true:1.0
done:1.0
littl:1.0
unusu:1.0
look:1.0
someon:1.6931471805599454
point:1.0
forgot:1.0
bring:1.0
noth:1.0
gang:1.0
member:1.0
illeg:1.0
carri:2.09861228866811
conceal:2.09861228866811
weapon:2.09861228866811
area:1.0
state:1.0
matter:1.0
peopl:1.6931471805599454
illegali:1.0
around:1.0
bright:1.0
idea:1.0
necessarili:1.0
conflict:1.0
self:2.09861228866811
defenc:1.6931471805599454
arm:1.0
occasion:1.0
involv:1.0
attack:1.0
cu:1.0
boulder:1.0
agre:1.0
would:1.0
big:1.0
troubl:1.0
situat:1.0
aris:1.0
cc:1.0
