seth:1.6931471805599454
adam:1.0
eliot:2.09861228866811
se08:2.09861228866811
andrew:2.386294361119891
cmu:2.386294361119891
edu:2.791759469228055
subject:1.0
2nd:1.6931471805599454
amend:1.6931471805599454
dead:1.6931471805599454
good:1.6931471805599454
organ:1.0
doctor:1.0
student:1.0
materi:1.6931471805599454
scienc:1.6931471805599454
engin:1.6931471805599454
carnegi:1.6931471805599454
mellon:1.6931471805599454
pittsburgh:1.6931471805599454
pa:1.6931471805599454
line:1.0
58:1.0
nntp:1.0
post:1.0
host:1.0
po3:1.0
repli:1.0
1993apr18:1.0
001319:1.0
2340:1.0
gnv:1.6931471805599454
ifa:1.6931471805599454
ufl:1.6931471805599454
excerpt:1.6931471805599454
netnew:1.0
talk:1.0
polit:1.0
gun:2.791759469228055
18:1.0
apr:1.0
93:1.0
jrm:1.0
yea:1.0
million:1.0
case:1.6931471805599454
yoy:1.0
say:1.0
firearm:1.6931471805599454
deter:1.0
crimin:2.09861228866811
ala:1.0
provabl:1.0
think:1.0
actual:1.0
letter:1.0
wrote:1.0
ago:1.0
although:1.0
le:1.0
appar:1.0
research:1.6931471805599454
fact:1.0
person:1.0
protect:1.0
legitim:1.0
reason:1.0
sport:1.0
privat:1.6931471805599454
citizen:1.6931471805599454
recent:1.6931471805599454
dr:1.0
gari:1.0
kleck:1.6931471805599454
florida:1.6931471805599454
state:1.6931471805599454
univers:1.0
school:1.0
criminolog:1.0
1:1.6931471805599454
found:1.6931471805599454
handgun:1.6931471805599454
often:1.0
use:1.0
victim:2.09861228866811
defeat:1.0
crime:2.6094379124341005
commit:1.0
645:1.0
000:2.09861228866811
v:1.0
580:1.0
respect:1.0
studi:2.09861228866811
figur:1.6931471805599454
even:1.0
encourag:1.6931471805599454
consid:1.6931471805599454
number:1.6931471805599454
never:1.6931471805599454
occur:1.0
presenc:1.0
hand:1.0
law:1.0
abid:1.0
nation:1.0
institut:1.0
justic:1.6931471805599454
ten:1.0
prison:1.0
across:1.0
countri:2.09861228866811
39:1.0
felon:1.6931471805599454
survey:1.6931471805599454
abort:1.0
least:1.0
one:1.6931471805599454
believ:1.0
intend:1.0
arm:2.09861228866811
57:1.0
agre:1.0
worri:1.0
meet:1.0
run:1.0
polic:1.0
2:1.6931471805599454
heinou:1.0
woman:2.386294361119891
observ:1.0
purchas:1.0
defens:1.0
respons:1.0
present:1.0
danger:1.6931471805599454
assault:1.6931471805599454
taken:1.0
news:1.0
event:1.0
orlando:1.0
indic:1.0
late:1.0
1960:1.0
femal:1.0
populac:1.0
plagu:1.0
seri:1.0
brutal:1.0
public:1.0
record:1.0
buy:1.0
obtain:1.0
train:1.0
result:1.0
88:1.0
decreas:1.6931471805599454
rape:2.09861228866811
area:1.0
citi:1.0
size:1.0
experi:1.0
year:1.0
addit:1.0
1979:1.0
u:1.0
depart:1.0
32:1.0
attempt:1.6931471805599454
show:1.0
overal:1.0
complet:1.6931471805599454
rate:1.6931471805599454
36:1.0
defend:1.0
drop:1.0
3:1.0
g:1.0
point:1.0
blank:1.0
violenc:1.0
america:1.0
aldin:1.6931471805599454
de:1.6931471805599454
gruyter:1.6931471805599454
ny:1.6931471805599454
1991:1.0
jd:1.0
wright:1.0
ph:1.0
rossi:1.0
1986:1.0
unlik:1.0
cat:1.0
dog:1.0
scratch:1.0
wash:1.0
becom:1.0
sad:1.0
tri:1.0
wrong:1.0
dave:1.0
barri:1.0
dept:1.0
univer:1.0
arpa:1.0
bitnet:1.0
cmccvb:1.0
