tnyurkiw:1.0
descart:1.0
uwaterloo:1.0
ca:1.0
tn:1.0
subject:1.6931471805599454
definit:1.0
2nd:1.6931471805599454
organ:1.0
univers:1.0
waterloo:1.0
line:1.0
9:1.0
tthe:1.0
debat:1.0
second:1.0
amend:1.6931471805599454
rage:1.0
argument:1.0
continu:1.0
well:1.0
regul:1.0
militia:1.0
trkba:1.0
mean:1.6931471805599454
practic:1.0
term:1.0
howev:1.0
author:1.0
area:1.6931471805599454
bind:1.0
court:2.09861228866811
decis:2.09861228866811
matter:1.0
even:1.0
overturn:1.0
higher:1.0
anyon:1.0
fact:1.0
legal:1.0
preced:1.0
prefer:1.0
suprem:1.0
specif:1.0
