sylvain:2.791759469228055
netcom:2.386294361119891
com:2.6094379124341005
nichola:2.09861228866811
subject:1.0
proper:1.6931471805599454
gun:2.09861228866811
control:1.6931471805599454
like:1.0
american:1.0
express:1.0
card:1.0
organ:1.0
onlin:1.0
commun:1.0
servic:1.0
408:1.0
241:1.0
9760:1.0
login:1.0
guest:1.0
line:1.0
17:1.0
articl:1.0
dlb:1.6931471805599454
93apr15130411:1.0
fanni:1.6931471805599454
wash:1.6931471805599454
inmet:1.6931471805599454
david:1.0
barton:1.0
write:1.0
worth:1.0
firearm:1.6931471805599454
sort:1.0
long:1.6931471805599454
time:1.6931471805599454
reader:1.6931471805599454
group:1.0
know:1.0
dedic:1.0
rkba:1.6931471805599454
p:1.0
g:1.0
also:1.0
staunch:1.0
support:1.0
yet:1.0
toy:1.0
freedom:1.0
amen:1.0
brother:1.0
nra:1.6931471805599454
