bb:2.09861228866811
billand:1.6931471805599454
tsoft:2.09861228866811
net:1.6931471805599454
bill:2.09861228866811
anderson:1.6931471805599454
subject:1.0
handgun:1.6931471805599454
restrict:1.6931471805599454
organ:1.0
public:1.0
access:1.0
unix:1.0
1:1.0
415:1.0
969:1.0
8238:1.0
line:1.0
7:1.0
would:1.0
like:1.0
know:1.0
purchas:1.0
ie:1.0
wait:1.0
period:1.0
background:1.0
check:1.0
etc:1.0
state:1.0
nevada:1.0
oregon:1.0
thank:1.0
