awesley:2.09861228866811
vela:1.6931471805599454
ac:1.6931471805599454
oakland:2.09861228866811
edu:2.09861228866811
subject:1.0
silli:1.0
outdat:1.0
bill:1.0
koresh:1.0
miranda:1.0
organ:1.0
univers:1.0
rochest:1.0
michigan:1.0
u:1.6931471805599454
line:1.0
115:1.0
nntp:1.0
post:2.09861228866811
host:1.0
scottj:1.0
magic:1.0
dml:1.0
georgetown:1.0
john:2.09861228866811
l:2.09861228866811
scott:1.6931471805599454
write:1.0
issu:1.0
never:2.09861228866811
whether:2.09861228866811
tank:3.5649493574615367
use:3.302585092994046
detroit:3.0794415416798357
1967:1.0
fire:3.772588722239781
main:3.0794415416798357
gun:3.1972245773362196
incorrect:1.0
either:1.0
read:2.6094379124341005
well:2.791759469228055
resort:1.0
falsehood:1.6931471805599454
attempt:1.0
make:1.6931471805599454
point:2.386294361119891
risk:1.0
bore:2.09861228866811
belabor:1.0
claim:3.5649493574615367
chain:1.0
regard:1.0
last:1.0
48:2.09861228866811
text:1.0
follow:1.0
mere:1.0
suppress:1.0
sniper:1.6931471805599454
quit:2.09861228866811
effect:1.6931471805599454
inde:1.0
coffman:1.6931471805599454
apc:1.0
say:2.09861228866811
told:1.0
continu:1.0
back:1.0
away:1.0
defend:1.0
someth:1.0
el:1.6931471805599454
nobodi:2.09861228866811
disput:2.09861228866811
poster:1.0
respond:1.6931471805599454
rude:1.0
call:1.0
gari:1.0
gee:1.0
entir:2.09861228866811
go:1.0
admit:1.0
wrong:1.6931471805599454
exactli:1.0
heard:2.386294361119891
eye:1.6931471805599454
wit:1.0
descript:1.6931471805599454
pay:1.0
attent:1.0
mention:1.6931471805599454
saw:1.6931471805599454
account:1.6931471805599454
help:1.6931471805599454
peopl:2.386294361119891
judg:1.0
kick:1.0
word:1.0
bullshit:1.0
filter:1.0
state:1.0
fact:1.0
black:2.09861228866811
ghetto:1.0
sinc:2.386294361119891
1948:1.0
correct:1.0
know:2.791759469228055
1968:1.0
em:1.0
cover:2.386294361119891
news:1.6931471805599454
time:1.0
gordon:1.0
lightfoot:1.0
song:1.0
day:1.0
juli:1.0
mean:1.0
right:1.0
67:1.0
riot:2.09861228866811
simpli:1.0
way:1.0
event:1.0
could:1.0
taken:1.0
place:1.0
without:1.0
common:1.0
knowledg:1.6931471805599454
even:1.6931471805599454
26:1.6931471805599454
year:1.6931471805599454
later:1.0
american:1.6931471805599454
militari:1.0
shell:1.6931471805599454
citi:1.0
would:2.9459101490553135
big:1.0
one:1.0
suppos:1.0
folk:1.0
think:1.0
happen:1.6931471805599454
goe:1.0
also:2.09861228866811
troop:1.6931471805599454
grenad:2.09861228866811
launcher:1.0
fragmentari:1.0
doubt:1.0
concuss:1.0
perhap:1.0
tear:1.0
ga:1.0
certainli:1.0
perfectli:1.0
will:1.6931471805599454
let:1.6931471805599454
believ:2.791759469228055
frag:1.0
seem:1.6931471805599454
plausibl:1.0
strawman:1.0
techniqu:1.0
feel:1.0
lose:1.0
stretch:1.0
said:2.09861228866811
knock:1.0
noth:1.6931471805599454
put:1.0
need:1.0
take:1.6931471805599454
side:1.0
score:1.0
scream:1.6931471805599454
past:1.0
two:1.6931471805599454
half:1.0
decad:1.0
glad:1.0
expert:1.0
nice:1.0
hear:1.0
author:1.6931471805599454
especi:1.0
appreci:1.0
basi:1.0
probabl:1.0
alleg:1.0
massiv:1.0
number:1.6931471805599454
kill:1.0
100:1.0
dead:1.0
other:1.0
300:1.0
offic:1.0
43:1.0
concis:1.0
columbia:1.0
encyclopedia:1.0
sever:1.0
thing:1.0
dare:1.0
repeat:1.0
assert:1.0
truth:1.0
unless:1.0
nation:1.0
guard:1.6931471805599454
manag:1.6931471805599454
tour:1.0
pretti:1.0
easi:1.0
tell:1.0
differ:1.0
armi:2.09861228866811
recal:1.6931471805599454
ago:1.0
run:1.0
anoth:1.0
part:1.0
memori:1.0
damag:1.0
build:1.0
burnt:1.0
rubbl:1.0
base:1.0
rememb:1.0
inclin:1.0
old:1.0
sarg:1.0
mind:1.0
open:1.0
enough:1.0
good:1.0
prefer:1.0
live:1.0
realiti:1.6931471805599454
find:1.0
hard:1.0
much:1.0
le:1.0
given:1.0
level:1.0
destruct:1.0
shit:1.0
anyon:1.0
whose:1.0
bother:1.0
far:1.0
cite:1.0
we:1.0
