lvc:1.0
cbnew:1.0
cb:1.0
att:1.6931471805599454
com:1.6931471805599454
larri:1.6931471805599454
cipriani:2.09861228866811
subject:1.0
crimestrik:1.0
alert:1.0
texa:3.1972245773362196
organ:1.0
ideolog:1.0
buster:1.0
inc:1.0
distribut:1.0
usa:1.0
keyword:1.0
crime:2.386294361119891
strike:2.386294361119891
line:1.0
69:1.0
fellow:1.0
texan:1.0
member:1.0
loo:1.0
knit:1.0
coalit:1.6931471805599454
victim:2.09861228866811
right:1.0
group:1.0
ask:1.0
write:1.0
letter:2.791759469228055
protest:2.6094379124341005
releas:2.09861228866811
follow:1.0
murder:1.6931471805599454
written:1.6931471805599454
raven:1.6931471805599454
kazen:1.6931471805599454
servic:1.6931471805599454
board:1.6931471805599454
pardon:1.6931471805599454
parol:2.791759469228055
p:1.6931471805599454
box:1.6931471805599454
13401:1.6931471805599454
capit:1.6931471805599454
station:1.6931471805599454
austin:1.6931471805599454
78711:1.6931471805599454
possibl:1.0
red:1.0
paper:1.0
agre:1.0
one:2.09861228866811
first:1.0
meet:1.0
repres:1.0
part:1.0
well:1.0
heart:1.0
ach:1.0
left:1.0
behind:1.0
blood:1.0
spill:1.0
crimin:2.09861228866811
name:1.0
file:1.0
folder:1.0
wait:1.0
next:1.6931471805599454
tri:1.0
list:1.0
today:1.0
octob:1.0
4:1.6931471805599454
1990:1.0
mark:3.0794415416798357
steven:2.791759469228055
hugh:2.791759469228055
render:1.0
numer:1.0
blow:1.0
head:1.0
jame:2.09861228866811
allen:1.0
pompa:2.09861228866811
ten:1.6931471805599454
month:1.6931471805599454
old:1.0
went:1.0
coma:1.0
die:1.0
two:1.0
day:1.0
later:1.0
juli:1.0
8:1.0
1992:1.6931471805599454
pled:1.0
guilti:1.0
injuri:1.0
child:1.0
receiv:1.0
year:1.0
sentenc:2.386294361119891
accord:1.0
law:1.0
becam:1.0
elig:1.0
januari:1.0
six:1.0
even:1.0
would:1.0
join:1.0
u:1.0
strongli:1.0
prison:1.6931471805599454
beat:1.6931471805599454
babi:1.6931471805599454
death:1.6931471805599454
boy:1.0
russel:1.6931471805599454
refer:1.0
tdc:1.6931471805599454
633546:1.6931471805599454
envelop:1.0
front:1.0
back:1.0
typic:1.0
indic:1.0
page:1.0
thank:1.0
much:1.0
irvin:1.6931471805599454
wilson:1.6931471805599454
volunt:1.0
date:1.0
april:1.0
13:1.0
1993:1.0
son:1.0
kept:1.0
full:1.6931471805599454
time:1.0
prior:1.0
reason:1.0
houston:1.0
l:1.0
v:1.0
