lvc:1.0
cbnew:1.0
cb:1.0
att:1.6931471805599454
com:1.6931471805599454
larri:1.6931471805599454
cipriani:2.09861228866811
subject:1.0
ohio:1.6931471805599454
legisl:1.0
alert:1.0
h:2.09861228866811
b:2.09861228866811
278:2.09861228866811
organ:1.0
ideolog:1.0
buster:1.0
inc:1.0
distribut:1.0
usa:1.0
keyword:1.0
otto:1.0
beatti:1.6931471805599454
goe:1.6931471805599454
gun:1.0
ban:1.0
line:1.0
21:1.0
hous:1.0
repres:1.6931471805599454
tueday:1.0
april:1.6931471805599454
6:1.0
1993:1.6931471805599454
ammend:1.0
section:1.0
2923:2.386294361119891
11:1.0
17:1.0
20:1.0
enact:1.0
n:1.0
181:1.0
revis:1.0
code:1.0
expand:1.0
defint:1.0
danger:1.6931471805599454
ordin:1.6931471805599454
includ:1.0
militari:2.386294361119891
weapon:2.386294361119891
use:1.0
bolt:1.0
action:1.0
increas:1.0
penalti:1.0
violat:1.0
prohibt:1.0
posse:1.0
prohibit:1.6931471805599454
person:1.6931471805599454
acquir:1.6931471805599454
act:1.6931471805599454
seffect:1.0
date:1.6931471805599454
requir:1.6931471805599454
licensur:1.0
proper:1.0
purpos:1.0
prior:1.0
effect:2.09861228866811
import:1.0
manufactur:1.0
sell:1.0
declar:1.0
emerg:1.6931471805599454
monday:1.0
12:1.0
assign:1.0
committe:1.0
introduc:1.0
measur:1.0
pas:1.0
chanc:1.0
reforendum:1.0
would:1.0
go:1.0
immedi:1.0
oppos:1.0
state:1.0
90:1.0
day:1.0
law:1.0
l:1.0
v:1.0
