kevin:2.386294361119891
axon:1.6931471805599454
usa:1.0
vanhorn:1.6931471805599454
subject:1.0
batf:1.6931471805599454
fbi:1.6931471805599454
murder:1.0
almost:1.0
everyon:1.0
waco:1.0
today:1.0
4:1.0
19:1.0
organ:1.6931471805599454
usr:1.0
user:1.0
line:1.0
15:1.0
nntp:1.0
post:1.0
host:1.0
c:1.6931471805599454
byu:1.6931471805599454
edu:2.6094379124341005
repli:1.0
robi:2.09861228866811
chopin:1.6931471805599454
udel:2.09861228866811
messag:1.0
tue:1.0
20:1.0
apr:1.0
1993:1.0
05:1.0
53:1.0
07:1.0
gmt:1.0
articl:1.0
c5rpoj:1.0
ijv:1.0
news:1.0
scott:1.0
w:1.0
write:1.0
two:1.6931471805599454
nine:1.6931471805599454
escap:1.6931471805599454
compound:1.0
said:1.6931471805599454
fire:1.6931471805599454
deliber:1.6931471805599454
set:1.6931471805599454
cult:1.6931471805599454
member:1.6931471805599454
correct:1.0
say:1.0
sinc:1.0
press:1.0
kept:1.0
mile:1.0
away:1.0
absolut:1.0
independ:1.0
verif:1.0
govern:1.0
claim:1.0
matter:1.0
van:1.0
horn:1.0
religion:1.0
approv:1.0
bert:1.0
