jon:2.791759469228055
atla:2.09861228866811
mitr:2.6094379124341005
org:2.791759469228055
j:1.0
e:2.09861228866811
shum:2.09861228866811
subject:1.0
chang:1.0
name:1.0
origin:1.0
nntp:1.0
post:2.09861228866811
host:1.0
organ:1.0
corp:1.0
mclean:1.0
va:1.0
line:1.0
33:1.0
articl:1.0
cmm:1.0
0:1.0
90:1.0
2:1.0
735315429:1.0
thomasp:2.09861228866811
holmenkollen:1.0
ifi:2.09861228866811
uio:2.09861228866811
thoma:2.09861228866811
parsli:2.09861228866811
write:1.0
t1:1.0
make:1.0
new:1.0
newsgroup:1.6931471805599454
call:1.6931471805599454
talk:1.6931471805599454
polit:1.6931471805599454
gun:1.6931471805599454
paranoid:1.0
ttalk:1.0
r:1.0
take:1.0
away:1.0
t2:1.0
move:1.0
waco:1.0
burn:1.0
guess:1.0
t3:1.0
stop:1.0
twe:1.0
glad:1.0
tri:1.0
save:1.0
u:1.0
evil:1.6931471805599454
tgover:1.0
would:1.0
mail:2.386294361119891
regular:1.0
tlet:1.0
say:1.0
1000:1.0
peopl:1.0
tthi:1.0
signatur:1.0
tit:1.0
mere:1.0
computergener:1.0
text:1.0
wast:1.0
bandwith:1.0
tand:1.0
bring:1.0
internet:1.0
group:1.0
approv:1.0
clinton:1.6931471805599454
administr:1.6931471805599454
address:1.6931471805599454
clintonhq:1.6931471805599454
campaign92:1.6931471805599454
mcimail:1.6931471805599454
provid:1.6931471805599454
public:1.6931471805599454
servic:1.6931471805599454
75300:1.6931471805599454
3115:1.6931471805599454
compuserv:2.386294361119891
com:2.386294361119891
edward:1.6931471805599454
clintonpz:1.6931471805599454
aol:1.6931471805599454
america:1.6931471805599454
onlin:1.6931471805599454
