bjone:1.0
convex:2.6094379124341005
com:2.09861228866811
brad:1.6931471805599454
jone:1.0
subject:1.0
letter:1.0
presid:1.0
nntp:1.0
post:1.0
host:1.0
neptun:1.0
organ:1.0
engin:1.0
comput:1.6931471805599454
corp:1.6931471805599454
richardson:1.0
tx:1.0
usa:1.0
x:1.0
disclaim:1.0
messag:1.0
written:1.0
user:1.6931471805599454
opinion:1.0
express:1.0
necessarili:1.0
line:1.0
8:1.0
kdw:1.0
icd:1.0
ab:1.0
kenneth:1.0
whitehead:1.0
write:1.0
dismiss:1.0
resign:1.0
lloyd:1.0
bensen:1.6931471805599454
secretari:1.0
treasuri:1.0
case:1.0
sent:1.0
yet:1.0
bentsen:1.0
