dduff:1.0
col:1.0
hp:2.09861228866811
com:1.6931471805599454
dave:1.0
duff:1.0
subject:1.0
atf:1.0
burn:1.0
dividian:1.0
ranch:1.0
survivor:1.0
organ:1.0
colorado:1.0
spring:1.0
divis:1.0
line:1.0
1:1.0
nntp:1.0
post:1.0
host:1.0
fajita19:1.0
c:1.0
itc:1.0
nut:1.0
case:1.0
panic:1.0
jump:1.0
gun:1.0
net:1.0
get:1.0
fact:1.0
straight:1.0
