kde:1.6931471805599454
boi:1.6931471805599454
hp:1.6931471805599454
com:1.6931471805599454
keith:1.6931471805599454
emmen:1.6931471805599454
subject:1.0
cnn:1.0
sale:1.0
distribut:1.0
usa:1.0
organ:1.0
hewlett:1.0
packard:1.0
bois:1.0
idaho:1.0
x:1.0
newsread:1.0
tin:1.0
1:1.0
1scd1:1.0
pl4:1.0
line:1.0
5:1.0
anyon:1.0
keep:1.0
list:1.0
potenti:1.0
contributor:1.0
put:1.0
1000:1.0
00:1.0
condit:1.0
