robi:1.6931471805599454
chopin:1.6931471805599454
udel:1.6931471805599454
edu:2.386294361119891
scott:1.0
w:1.0
subject:1.0
blast:1.0
next:1.0
time:1.0
nntp:1.0
post:1.0
host:1.0
organ:1.0
univers:1.0
delawar:1.0
distribut:1.0
usa:1.0
line:1.0
9:1.0
articl:1.0
1r19l9:1.0
7dv:1.0
usenet:1.0
in:1.0
cwru:1.6931471805599454
oldham:1.6931471805599454
ce:1.0
daniel:1.0
write:1.0
flame:1.0
bait:1.0
pure:1.0
simpl:1.0
