erni:1.6931471805599454
ferri:2.09861228866811
ernest:1.0
smith:1.6931471805599454
subject:1.6931471805599454
handgun:2.09861228866811
restrict:2.09861228866811
origin:1.0
line:1.0
24:1.0
nntp:1.0
post:1.0
host:1.0
cray:2.386294361119891
com:1.6931471805599454
organ:1.6931471805599454
research:1.6931471805599454
superserv:1.0
inc:1.6931471805599454
distribut:1.0
usa:1.0
bb:1.6931471805599454
billand:1.6931471805599454
tsoft:2.386294361119891
net:2.386294361119891
newsgroup:1.0
talk:1.0
polit:1.0
gun:1.0
repli:1.0
ow522b2w165w:1.6931471805599454
cc:1.0
bcc:1.0
articl:1.0
write:1.0
would:1.0
like:1.0
know:1.0
purchas:1.0
ie:1.6931471805599454
wait:1.6931471805599454
period:1.6931471805599454
background:1.6931471805599454
check:1.6931471805599454
etc:1.0
state:1.0
nevada:1.0
oregon:2.09861228866811
thank:1.0
bill:1.6931471805599454
anderson:1.0
must:1.0
get:1.0
fingerprint:1.0
full:1.0
slap:1.0
15:1.0
day:1.0
unless:1.0
ccw:1.0
requir:1.0
meet:1.0
terni:1.6931471805599454
