clay:2.09861228866811
rsd:1.6931471805599454
dl:1.6931471805599454
nec:2.09861228866811
com:2.386294361119891
finley:1.0
subject:1.0
carri:2.791759469228055
arm:1.6931471805599454
nntp:1.0
post:1.0
host:1.0
rsd21:1.0
organ:1.0
america:1.0
radio:1.0
softwar:1.0
dept:1.0
distribut:1.0
usa:1.0
line:1.6931471805599454
22:1.0
articl:1.0
1993apr5:1.0
220457:1.0
6800:1.0
spdc:1.6931471805599454
ti:1.6931471805599454
dwhite:1.0
epcot:1.0
dan:1.0
white:1.0
write:1.0
howev:1.0
alreadi:1.0
lost:1.0
right:1.0
bear:1.6931471805599454
tit:1.0
seem:1.0
state:1.6931471805599454
like:1.0
texa:2.6094379124341005
citizen:1.6931471805599454
may:1.0
gun:2.09861228866811
home:1.6931471805599454
busi:1.0
sever:1.0
restrict:2.09861228866811
outsid:1.6931471805599454
area:1.0
car:1.0
except:1.0
travel:2.09861228866811
usual:1.0
defin:1.0
across:1.0
counti:1.0
come:1.0
court:1.0
rule:1.0
legal:2.09861228866811
weapon:1.0
handgun:1.0
also:1.0
sport:1.0
activ:1.0
chapter:1.0
46:1.0
penal:1.0
code:1.0
long:1.6931471805599454
therefor:1.0
transport:1.0
place:1.0
regard:1.0
