dduff:1.0
col:1.0
hp:2.09861228866811
com:1.6931471805599454
dave:1.0
duff:1.0
subject:1.0
atf:1.0
burn:1.0
dividian:1.0
ranch:1.0
updat:1.0
organ:1.0
colorado:1.0
spring:1.0
divis:1.0
line:1.0
3:1.0
distribut:1.0
usa:1.0
nntp:1.0
post:1.0
host:1.0
fajita19:1.0
c:1.0
itc:1.0
nut:1.0
case:1.0
panic:1.0
realiz:1.0
made:1.0
complet:1.0
fool:1.0
front:1.0
thousand:1.0
netter:1.0
back:1.0
away:1.0
earlier:1.0
rash:1.0
statement:1.0
god:1.0
merci:1.0
