syck5280:1.6931471805599454
miller:1.6931471805599454
c:1.6931471805599454
uwm:1.6931471805599454
edu:1.6931471805599454
steven:1.0
b:1.0
syck:1.6931471805599454
subject:1.0
wi:1.0
il:2.386294361119891
firearm:2.386294361119891
law:2.386294361119891
question:2.386294361119891
organ:1.0
univers:1.0
wisconsin:1.6931471805599454
milwauke:1.0
line:1.0
39:1.0
nntp:1.0
post:1.0
host:1.0
129:1.0
89:1.0
9:1.0
13:1.0
coupl:1.0
expert:1.0
1:1.0
accord:1.0
nra:1.0
ila:1.0
state:1.6931471805599454
lawbook:1.0
unlaw:1.0
person:1.6931471805599454
except:1.0
peac:1.0
offic:1.0
go:1.6931471805599454
arm:1.6931471805599454
conceal:2.386294361119891
danger:1.0
weapon:2.386294361119891
statutori:1.0
provis:1.6931471805599454
obtain:1.0
lixens:1.0
permit:1.6931471805599454
carri:2.09861228866811
juri:1.0
instruct:1.0
indic:1.0
one:2.386294361119891
must:1.0
within:1.0
immedi:1.0
control:1.0
avail:1.6931471805599454
use:1.6931471805599454
mean:1.0
open:1.6931471805599454
allow:2.09861228866811
would:2.386294361119891
pant:1.0
holster:1.0
consid:1.0
jacket:1.0
partial:1.0
cover:1.0
also:1.6931471805599454
way:1.6931471805599454
period:1.0
2:1.0
understand:1.0
evanston:1.0
ordin:1.0
ban:1.0
handgun:2.09861228866811
get:1.6931471805599454
around:1.6931471805599454
penalti:1.0
found:1.0
said:1.0
defens:1.0
shoot:1.6931471805599454
apart:1.0
citi:1.0
appli:1.0
impend:1.0
trial:1.0
concern:1.0
short:1.6931471805599454
barrel:1.6931471805599454
shotgun:1.0
interest:1.0
either:1.0
shorten:1.0
9mm:1.0
carbin:1.0
ie:1.0
colt:1.0
marlin:1.0
thing:1.6931471805599454
chanc:1.0
ccw:1.0
without:1.0
rich:1.0
famou:1.0
relat:1.0
mayor:1.0
plea:1.0
send:1.0
repli:1.0
via:1.0
e:1.0
mail:1.0
seem:1.0
pile:1.0
p:1.0
g:1.0
littl:1.0
faster:1.0
handl:1.0
thank:1.0
steve:1.0
