ndallen:1.0
r:1.6931471805599454
node:1.6931471805599454
hub:1.0
org:1.0
nigel:1.0
allen:1.0
subject:1.0
waco:1.6931471805599454
clinton:2.09861228866811
press:2.386294361119891
confer:1.0
part:2.09861228866811
2:2.09861228866811
organ:1.0
public:1.6931471805599454
access:1.0
unix:1.0
1:1.0
416:1.0
249:1.0
5366:1.0
line:1.0
99:1.0
releas:1.6931471805599454
white:1.6931471805599454
hous:1.6931471805599454
presid:3.1972245773362196
remark:1.6931471805599454
q:2.791759469228055
nation:1.0
desk:1.0
contact:1.0
offic:1.0
secretari:1.0
202:1.0
456:1.0
2100:1.0
washington:1.0
april:1.0
20:1.0
u:1.6931471805599454
newswir:1.0
follow:1.0
question:2.6094379124341005
answer:2.09861228866811
session:1.0
go:2.6094379124341005
ahead:1.0
sarah:1.6931471805599454
two:1.0
want:2.09861228866811
ask:2.386294361119891
first:1.6931471805599454
think:2.386294361119891
knew:1.6931471805599454
well:2.09861228866811
child:3.0794415416798357
ga:3.3978952727983707
mask:2.791759469228055
adult:1.6931471805599454
chanc:1.0
said:2.386294361119891
lethal:1.0
danger:1.0
could:2.791759469228055
surviv:1.0
without:1.0
februari:1.0
28th:1.0
let:1.6931471805599454
back:1.6931471805599454
peopl:2.09861228866811
right:1.6931471805599454
practic:1.6931471805599454
religion:1.6931471805599454
treasuri:1.0
depart:1.0
believ:1.0
violat:1.0
feder:1.6931471805599454
law:1.6931471805599454
number:1.0
except:1.0
tell:1.6931471805599454
whole:1.6931471805599454
purpos:1.0
use:1.0
tear:1.0
test:1.0
convinc:1.0
kill:1.0
either:1.0
would:2.6094379124341005
forc:1.6931471805599454
anybodi:1.0
breath:1.0
run:1.0
outsid:1.6931471805599454
one:1.6931471805599454
thing:2.6094379124341005
heard:1.0
get:1.0
detail:1.6931471805599454
know:2.09861228866811
specul:1.0
today:1.0
wind:1.0
blow:1.0
fast:1.0
window:1.0
might:2.09861228866811
open:1.0
escap:1.6931471805599454
may:1.0
desir:1.0
effect:1.0
also:1.0
underground:1.6931471805599454
compound:1.6931471805599454
bu:1.0
buri:1.0
sent:1.6931471805599454
hope:1.0
much:1.0
immedi:1.6931471805599454
human:1.0
done:1.0
someplac:1.0
protect:1.0
term:1.0
learn:1.6931471805599454
yesterday:1.0
fact:1.0
suppos:1.0
stay:1.0
activ:1.0
longer:1.0
work:1.0
thought:1.0
even:1.0
eventu:1.0
nonviol:1.0
nonshoot:1.0
circumst:1.0
m:1.0
myer:1.0
last:1.6931471805599454
mr:1.6931471805599454
still:1.6931471805599454
say:2.09861228866811
whether:2.6094379124341005
ever:1.0
janet:2.09861228866811
reno:2.09861228866811
possibl:1.0
mass:1.0
suicid:1.6931471805599454
actual:1.0
fire:1.6931471805599454
explos:1.0
went:1.0
mind:1.6931471805599454
horrend:1.0
moment:1.0
consid:1.0
wors:1.0
happen:1.6931471805599454
cours:1.6931471805599454
issu:1.6931471805599454
rais:1.0
debat:1.0
anyway:1.0
knowledg:1.0
kind:1.0
conclud:1.0
greater:1.0
risk:1.0
tomorrow:1.6931471805599454
next:1.0
day:1.6931471805599454
anytim:1.0
futur:1.0
judgment:1.0
made:1.6931471805599454
wrong:1.0
never:1.0
saw:1.6931471805599454
build:1.0
burn:1.6931471805599454
sick:1.0
felt:1.0
terribl:1.0
concern:1.0
gotten:1.0
insid:1.0
tri:1.0
thank:1.6931471805599454
decis:2.6094379124341005
end:1.0
four:1.0
five:1.0
hour:1.0
brief:1.0
fbi:1.0
everi:1.0
strateg:1.0
take:1.0
respons:1.6931471805599454
unit:1.0
state:1.0
sign:1.0
gener:1.0
give:1.0
author:1.0
make:1.0
call:1.0
talk:1.0
sunday:1.0
time:1.0
elaps:1.0
chang:1.0
decid:1.0
forward:1.0
support:1.6931471805599454
ultim:1.0
american:1.0
conduct:1.0
duti:1.0
appropri:1.0
fashion:1.0
dealt:1.0
situat:1.0
applaus:1.0
30:1.0
