feustel:2.386294361119891
netcom:1.6931471805599454
com:1.6931471805599454
david:1.0
subject:1.0
knew:1.0
would:1.0
happen:1.0
organ:1.0
dafco:1.0
o:1.0
2:1.0
softwar:1.0
support:1.0
consult:1.0
line:1.0
8:1.0
god:1.0
forgiv:1.0
american:1.0
pay:1.6931471805599454
tax:1.6931471805599454
govern:1.6931471805599454
commit:1.0
atroc:1.0
like:1.0
waco:1.0
massacr:1.0
1993:1.0
dave:1.0
n9myi:1.0
begin:1.0
look:1.0
forward:1.0
reach:1.0
100:1.0
alloc:1.0
interest:1.0
nation:1.0
debt:1.0
point:1.0
feder:1.0
go:1.0
busi:1.0
lack:1.0
fund:1.0
