tz:1.0
stein:1.6931471805599454
u:1.6931471805599454
washington:2.09861228866811
edu:1.6931471805599454
tim:1.6931471805599454
smith:1.6931471805599454
subject:1.0
fbi:2.09861228866811
director:1.0
statement:1.0
waco:1.0
standoff:1.0
articl:1.0
shelley:1.0
1r2ko0innqe5:1.0
organ:1.0
univers:1.0
school:1.0
law:1.0
class:1.0
95:1.0
line:1.0
9:1.0
nntp:1.0
post:1.0
host:1.0
feustel:1.6931471805599454
netcom:1.0
com:1.0
david:1.0
write:1.0
evid:1.0
batf:1.6931471805599454
would:1.6931471805599454
start:1.6931471805599454
shoot:1.6931471805599454
peopl:1.6931471805599454
come:1.0
burn:1.6931471805599454
build:1.6931471805599454
oh:1.0
press:1.6931471805599454
go:1.0
leav:1.0
think:1.0
get:1.0
rid:1.0
first:1.0
