strnlght:1.0
netcom:1.0
com:1.0
david:2.09861228866811
sternlight:1.6931471805599454
subject:1.0
text:1.0
white:1.0
hous:1.0
announc:1.0
q:1.0
clipper:1.0
chip:1.0
encrypt:1.0
organ:1.0
dsi:1.0
uscrpac:1.0
distribut:1.0
na:1.0
line:1.0
11:1.0
though:1.0
agre:1.0
place:1.0
discus:1.0
gun:1.6931471805599454
note:1.0
pas:1.0
number:1.0
apologist:1.0
seem:1.0
ignor:1.0
word:1.0
well:1.0
regul:1.0
distort:1.0
interpret:1.0
second:1.0
amend:1.0
great:1.0
care:1.0
taken:1.0
ensur:1.0
accuraci:1.0
inform:1.0
error:1.0
omiss:1.0
except:1.0
