cwwhite:1.0
vax2:1.6931471805599454
concordia:2.09861228866811
ca:1.6931471805599454
stephen:1.6931471805599454
white:1.6931471805599454
subject:1.0
gritz:2.09861228866811
jb:1.0
liberti:1.0
lobbi:1.0
larouch:1.0
christic:1.0
insitut:1.0
libertarian:1.0
news:1.0
softwar:1.0
vax:1.0
vm:1.0
vnew:1.0
1:1.6931471805599454
41:1.0
nntp:1.0
post:1.0
host:1.0
organ:1.0
univers:1.0
line:1.0
25:1.0
articl:1.6931471805599454
c5l2bc:1.0
c2x:1.0
c:1.6931471805599454
cmu:1.6931471805599454
edu:2.386294361119891
rubinoff:1.6931471805599454
robert:1.6931471805599454
write:1.6931471805599454
93105:1.0
230230u23590:1.0
uicvm:1.6931471805599454
uic:1.6931471805599454
u23590:1.0
note:1.0
bo:1.0
populist:1.6931471805599454
parti:2.09861228866811
ticket:2.09861228866811
david:1.6931471805599454
duke:2.791759469228055
veep:1.0
1988:1.0
found:1.0
lead:1.0
withdrew:1.0
candidaci:1.0
gave:1.0
chanc:2.09861228866811
vice:2.09861228866811
presid:2.09861228866811
u:2.09861228866811
aviod:1.0
support:1.0
hardli:1.0
call:1.0
give:1.0
win:1.0
essenti:1.0
nil:1.0
still:1.0
impli:1.0
want:1.6931471805599454
associ:1.6931471805599454
exactli:1.0
probabl:1.0
bad:1.0
press:1.0
directli:1.0
would:1.6931471805599454
bring:1.0
convers:1.0
disdain:1.0
suppos:1.0
make:1.0
ideol:1.0
mean:1.0
stand:1.0
neo:1.0
nazism:1.0
whoa:1.0
progress:1.0
come:1.0
certainli:1.0
know:1.0
refus:1.0
openli:1.0
denounc:1.0
meant:1.0
put:1.0
control:1.0
live:1.6931471805599454
simpli:1.6931471805599454
other:1.0
may:1.0
mohanda:1.0
k:1.0
gandhi:1.0
