cathyf:1.6931471805599454
rice:2.386294361119891
edu:1.6931471805599454
catherin:1.0
ann:1.0
foulston:1.6931471805599454
subject:1.0
waco:1.0
clinton:1.0
press:1.0
confer:1.0
part:1.0
1:1.0
organ:1.0
univers:1.6931471805599454
line:1.0
6:1.0
could:1.0
plea:1.0
stop:1.0
post:1.0
stuff:1.6931471805599454
tx:1.6931471805599454
gener:1.0
polit:1.0
suffici:1.0
belong:1.0
thank:1.0
tcathi:1.0
cathi:1.0
network:1.0
system:1.0
support:1.0
